0.499139 -0.300096 0.340153 0.500119 -0.299986 0.339978
0.498161 -0.300204 0.340327 0.500119 -0.299986 0.339978
0.497182 -0.300313 0.340501 0.500119 -0.299986 0.339978
0.496203 -0.300422 0.340675 0.500119 -0.299986 0.339978
0.495225 -0.300531 0.340849 0.500117 -0.299986 0.339979
0.494246 -0.300639 0.341023 0.500108 -0.299987 0.33998
0.493267 -0.300748 0.341197 0.5001 -0.299988 0.339982
0.492288 -0.300857 0.341371 0.500043 -0.299994 0.339992
0.49131 -0.300966 0.341545 0.50002 -0.299997 0.339996
0.490331 -0.301074 0.341719 0.49996 -0.300004 0.340007
0.489352 -0.301183 0.341893 0.499877 -0.300013 0.340022
0.488374 -0.301292 0.342067 0.49971 -0.300032 0.340052
0.487395 -0.301401 0.342241 0.499641 -0.30004 0.340065
0.486416 -0.301509 0.342415 0.499566 -0.300049 0.340079
0.485437 -0.301618 0.342589 0.499201 -0.300091 0.340146
0.484459 -0.301727 0.342763 0.498731 -0.300146 0.340232
0.48348 -0.301836 0.342937 0.498326 -0.300193 0.340306
0.482501 -0.301944 0.343111 0.498183 -0.300209 0.340333
0.481522 -0.302053 0.343285 0.497732 -0.300262 0.340415
0.480544 -0.302162 0.343459 0.497405 -0.3003 0.340476
0.479565 -0.302271 0.343633 0.497232 -0.30032 0.340507
0.478586 -0.302379 0.343807 0.496868 -0.300362 0.340574
0.477608 -0.302488 0.343981 0.496479 -0.300408 0.340646
0.476629 -0.302597 0.344155 0.496066 -0.300456 0.340722
0.47565 -0.302706 0.344329 0.495401 -0.300534 0.340845
0.474671 -0.302814 0.344503 0.494928 -0.300589 0.340932
0.473693 -0.302923 0.344677 0.494683 -0.300618 0.340978
0.472714 -0.303032 0.344851 0.494432 -0.300648 0.341024
0.471735 -0.303141 0.345025 0.493374 -0.300772 0.34122
0.470757 -0.303249 0.345199 0.492815 -0.300837 0.341323
0.469778 -0.303358 0.345373 0.492239 -0.300905 0.341429
0.468799 -0.303467 0.345547 0.491642 -0.300975 0.34154
0.46782 -0.303576 0.345721 0.491025 -0.301047 0.341654
0.466842 -0.303684 0.345895 0.490387 -0.301122 0.341771
0.465863 -0.303793 0.346069 0.48973 -0.301199 0.341893
0.464884 -0.303902 0.346243 0.489054 -0.301278 0.342017
0.463905 -0.304011 0.346417 0.488361 -0.301359 0.342145
0.462927 -0.304119 0.346591 0.48765 -0.301442 0.342276
0.461948 -0.304228 0.346765 0.486923 -0.301527 0.34241
0.460969 -0.304337 0.346939 0.48618 -0.301614 0.342547
0.459991 -0.304445 0.347113 0.485423 -0.301702 0.342686
0.459012 -0.304554 0.347287 0.485039 -0.301747 0.342757
0.458033 -0.304663 0.347461 0.483866 -0.301884 0.342972
0.457054 -0.304772 0.347635 0.483068 -0.301976 0.343118
0.456076 -0.30488 0.347809 0.482258 -0.30207 0.343267
0.455097 -0.304989 0.347983 0.481436 -0.302166 0.343417
0.454118 -0.305098 0.348157 0.480603 -0.302262 0.343569
0.453139 -0.305207 0.348331 0.47976 -0.30236 0.343723
0.452161 -0.305315 0.348505 0.478907 -0.302458 0.343879
0.451182 -0.305424 0.348679 0.478045 -0.302558 0.344036
0.450203 -0.305533 0.348853 0.477174 -0.302658 0.344194
0.449225 -0.305642 0.349027 0.476295 -0.302759 0.344354
0.448246 -0.30575 0.349201 0.475408 -0.302861 0.344515
0.447267 -0.305859 0.349375 0.474514 -0.302963 0.344677
0.446288 -0.305968 0.349549 0.473614 -0.303066 0.344841
0.44531 -0.306077 0.349723 0.472707 -0.30317 0.345005
0.444331 -0.306185 0.349897 0.471793 -0.303274 0.34517
0.443352 -0.306294 0.350071 0.470875 -0.303379 0.345336
0.442374 -0.306403 0.350245 0.469951 -0.303484 0.345503
0.441395 -0.306512 0.350419 0.469022 -0.30359 0.34567
0.440416 -0.30662 0.350593 0.468089 -0.303695 0.345838
0.439437 -0.306729 0.350767 0.467151 -0.303802 0.346007
0.438459 -0.306838 0.350941 0.46621 -0.303908 0.346176
0.43748 -0.306947 0.351115 0.465264 -0.304015 0.346346
0.436501 -0.307055 0.351289 0.464316 -0.304122 0.346516
0.435522 -0.307164 0.351463 0.463364 -0.30423 0.346687
0.434544 -0.307273 0.351637 0.46241 -0.304337 0.346858
0.433565 -0.307382 0.351811 0.461453 -0.304445 0.347029
0.432586 -0.30749 0.351985 0.460493 -0.304553 0.347201
0.431608 -0.307599 0.352159 0.459531 -0.304661 0.347373
0.430629 -0.307708 0.352333 0.458567 -0.30477 0.347545
0.42965 -0.307817 0.352507 0.457601 -0.304878 0.347717
0.428671 -0.307925 0.352681 0.456634 -0.304987 0.34789
0.427693 -0.308034 0.352855 0.455665 -0.305095 0.348063
0.426714 -0.308143 0.353029 0.454694 -0.305204 0.348236
0.425735 -0.308252 0.353203 0.453722 -0.305313 0.348409
0.424757 -0.30836 0.353377 0.452749 -0.305421 0.348582
0.423778 -0.308469 0.353551 0.451774 -0.30553 0.348756
0.422799 -0.308578 0.353725 0.450799 -0.305639 0.348929
0.42182 -0.308687 0.353899 0.450311 -0.305694 0.349016
0.420842 -0.308795 0.354073 0.448846 -0.305857 0.349276
0.419863 -0.308904 0.354247 0.447868 -0.305966 0.34945
0.418884 -0.309013 0.354421 0.44689 -0.306075 0.349624
0.417905 -0.309122 0.354595 0.445911 -0.306185 0.349798
0.416927 -0.30923 0.354769 0.444932 -0.306294 0.349972
0.415948 -0.309339 0.354943 0.443952 -0.306403 0.350146
0.414969 -0.309448 0.355117 0.442972 -0.306512 0.35032
0.413991 -0.309557 0.355291 0.441991 -0.306621 0.350494
0.413012 -0.309665 0.355465 0.44101 -0.30673 0.350668
0.412033 -0.309774 0.355639 0.440029 -0.306839 0.350842
0.411054 -0.309883 0.355813 0.439048 -0.306949 0.351016
0.410076 -0.309992 0.355987 0.438066 -0.307058 0.35119
0.409097 -0.3101 0.356161 0.437085 -0.307167 0.351364
0.408118 -0.310209 0.356335 0.436103 -0.307276 0.351538
0.407139 -0.310318 0.356509 0.435121 -0.307385 0.351712
0.406161 -0.310427 0.356683 0.434139 -0.307495 0.351886
0.405182 -0.310535 0.356857 0.433157 -0.307604 0.35206
0.404203 -0.310644 0.357031 0.432176 -0.307713 0.352234
0.403225 -0.310753 0.357205 0.431194 -0.307822 0.352408
0.402246 -0.310862 0.357379 0.430213 -0.307931 0.352582
0.401267 -0.31097 0.357553 0.429232 -0.30804 0.352756
0.400288 -0.311079 0.357727 0.42825 -0.308149 0.35293
0.39931 -0.311188 0.3579 0.427269 -0.308258 0.353104
0.398331 -0.311297 0.358074 0.426287 -0.308367 0.353278
0.397352 -0.311405 0.358248 0.425306 -0.308476 0.353451
0.396374 -0.311514 0.358422 0.424325 -0.308585 0.353625
0.395395 -0.311623 0.358596 0.423344 -0.308695 0.353799
0.394416 -0.311732 0.35877 0.422363 -0.308804 0.353973
0.393437 -0.31184 0.358944 0.421382 -0.308913 0.354147
0.392459 -0.311949 0.359118 0.420401 -0.309022 0.354321
0.39148 -0.312058 0.359292 0.41942 -0.309131 0.354495
0.390501 -0.312167 0.359466 0.418439 -0.30924 0.354668
0.389522 -0.312275 0.35964 0.417458 -0.309349 0.354842
0.388544 -0.312384 0.359814 0.416477 -0.309458 0.355016
0.387565 -0.312493 0.359988 0.415496 -0.309568 0.35519
0.386586 -0.312602 0.360162 0.414515 -0.309677 0.355364
0.385608 -0.31271 0.360336 0.413535 -0.309786 0.355538
0.384629 -0.312819 0.36051 0.413044 -0.30984 0.355625
0.38365 -0.312928 0.360684 0.411573 -0.310004 0.355886
0.382671 -0.313037 0.360858 0.410592 -0.310113 0.35606
0.381693 -0.313145 0.361032 0.409612 -0.310222 0.356233
0.380714 -0.313254 0.361206 0.408631 -0.310331 0.356407
0.379735 -0.313363 0.36138 0.407651 -0.310441 0.356581
0.378757 -0.313471 0.361554 0.40667 -0.31055 0.356755
0.377778 -0.31358 0.361728 0.40569 -0.310659 0.356929
0.376799 -0.313689 0.361902 0.404709 -0.310768 0.357103
0.37582 -0.313798 0.362076 0.403729 -0.310877 0.357277
0.374842 -0.313906 0.36225 0.402749 -0.310986 0.35745
0.373863 -0.314015 0.362424 0.401769 -0.311095 0.357624
0.372884 -0.314124 0.362598 0.400789 -0.311205 0.357798
0.371905 -0.314233 0.362772 0.399809 -0.311314 0.357972
0.370927 -0.314341 0.362946 0.398829 -0.311423 0.358146
0.369948 -0.31445 0.36312 0.397849 -0.311532 0.35832
0.368969 -0.314559 0.363294 0.396869 -0.311641 0.358493
0.367991 -0.314668 0.363468 0.395889 -0.31175 0.358667
0.367012 -0.314776 0.363642 0.394909 -0.311859 0.358841
0.366033 -0.314885 0.363816 0.39393 -0.311969 0.359015
0.365054 -0.314994 0.36399 0.39295 -0.312078 0.359189
0.364076 -0.315103 0.364164 0.39197 -0.312187 0.359362
0.363097 -0.315211 0.364338 0.390991 -0.312296 0.359536
0.362118 -0.31532 0.364512 0.389521 -0.31246 0.359797
0.361139 -0.315429 0.364686 0.389031 -0.312514 0.359884
0.360161 -0.315538 0.36486 0.388052 -0.312623 0.360058
0.359182 -0.315646 0.365034 0.387072 -0.312733 0.360231
0.358203 -0.315755 0.365208 0.386093 -0.312842 0.360405
0.357225 -0.315864 0.365382 0.385114 -0.312951 0.360579
0.356246 -0.315973 0.365556 0.384135 -0.31306 0.360752
0.355267 -0.316081 0.36573 0.383156 -0.313169 0.360926
0.354288 -0.31619 0.365904 0.381688 -0.313333 0.361187
0.35331 -0.316299 0.366078 0.380709 -0.313442 0.36136
0.352331 -0.316408 0.366252 0.37973 -0.313551 0.361534
0.351352 -0.316516 0.366426 0.379241 -0.313605 0.361621
0.350374 -0.316625 0.3666 0.377774 -0.313769 0.361881
0.349395 -0.316734 0.366774 0.376797 -0.313878 0.362054
0.348416 -0.316843 0.366948 0.37582 -0.313987 0.362227
0.347437 -0.316951 0.367122 0.374843 -0.314095 0.362401
0.346459 -0.31706 0.367296 0.373867 -0.314204 0.362574
0.34548 -0.317169 0.36747 0.372892 -0.314313 0.362747
0.344501 -0.317278 0.367644 0.371917 -0.314421 0.36292
0.343522 -0.317386 0.367818 0.370942 -0.31453 0.363092
0.342544 -0.317495 0.367992 0.369968 -0.314639 0.363265
0.341565 -0.317604 0.368166 0.368994 -0.314747 0.363438
0.340586 -0.317713 0.36834 0.36802 -0.314855 0.363611
0.339608 -0.317821 0.368514 0.367047 -0.314964 0.363783
0.338629 -0.31793 0.368688 0.366074 -0.315072 0.363956
0.33765 -0.318039 0.368862 0.365101 -0.315181 0.364128
0.336671 -0.318148 0.369036 0.364128 -0.315289 0.364301
0.335693 -0.318256 0.36921 0.363156 -0.315397 0.364473
0.334714 -0.318365 0.369384 0.362184 -0.315506 0.364646
0.333735 -0.318474 0.369558 0.361212 -0.315614 0.364818
0.332757 -0.318583 0.369732 0.36024 -0.315722 0.36499
0.331778 -0.318691 0.369906 0.359268 -0.315831 0.365163
0.330799 -0.3188 0.37008 0.358296 -0.315939 0.365335
0.32982 -0.318909 0.370254 0.357324 -0.316047 0.365507
0.328842 -0.319018 0.370428 0.356352 -0.316156 0.36568
0.327863 -0.319126 0.370602 0.35538 -0.316264 0.365852
0.326884 -0.319235 0.370776 0.354407 -0.316373 0.366025
0.325905 -0.319344 0.37095 0.353921 -0.316427 0.366111
0.324927 -0.319453 0.371124 0.352462 -0.31659 0.36637
0.323948 -0.319561 0.371298 0.351489 -0.316698 0.366542
0.322969 -0.31967 0.371472 0.350517 -0.316806 0.366715
0.321991 -0.319779 0.371646 0.349548 -0.316914 0.366886
0.321012 -0.319888 0.37182 0.348581 -0.317022 0.367058
0.320033 -0.319996 0.371994 0.347616 -0.317129 0.367229
0.319054 -0.320105 0.372168 0.346652 -0.317237 0.3674
0.318076 -0.320214 0.372342 0.34569 -0.317344 0.36757
0.317097 -0.320323 0.372516 0.34521 -0.317397 0.367655
0.316118 -0.320431 0.37269 0.343291 -0.31761 0.367995
0.315139 -0.32054 0.372864 0.342334 -0.317717 0.368164
0.314161 -0.320649 0.373038 0.341378 -0.317823 0.368334
0.313182 -0.320758 0.373212 0.340423 -0.317929 0.368503
0.312203 -0.320866 0.373386 0.339468 -0.318035 0.368672
0.311225 -0.320975 0.37356 0.338513 -0.318141 0.368841
0.310246 -0.321084 0.373734 0.337558 -0.318247 0.36901
0.309267 -0.321193 0.373908 0.336603 -0.318353 0.369179
0.308288 -0.321301 0.374082 0.335648 -0.31846 0.369348
0.30731 -0.32141 0.374256 0.334692 -0.318566 0.369518
0.306331 -0.321519 0.37443 0.333736 -0.318673 0.369687
0.305352 -0.321628 0.374604 0.332779 -0.318779 0.369857
0.304374 -0.321736 0.374778 0.331822 -0.318886 0.370026
0.303395 -0.321845 0.374952 0.330865 -0.318993 0.370196
0.302416 -0.321954 0.375126 0.329906 -0.3191 0.370366
0.301437 -0.322063 0.3753 0.328947 -0.319207 0.370536
0.300459 -0.322171 0.375474 0.327988 -0.319314 0.370706
0.29948 -0.32228 0.375648 0.327027 -0.319421 0.370877
0.298501 -0.322389 0.375822 0.326065 -0.319529 0.371048
0.297522 -0.322498 0.375996 0.325102 -0.319636 0.371219
0.296544 -0.322606 0.37617 0.324139 -0.319744 0.371389
0.295565 -0.322715 0.376344 0.323175 -0.319852 0.371561
0.294586 -0.322824 0.376518 0.32221 -0.31996 0.371732
0.293608 -0.322932 0.376692 0.321245 -0.320068 0.371903
0.292629 -0.323041 0.376866 0.320279 -0.320176 0.372074
0.29165 -0.32315 0.37704 0.319313 -0.320284 0.372246
0.290671 -0.323259 0.377214 0.318346 -0.320392 0.372418
0.289693 -0.323367 0.377388 0.317378 -0.3205 0.372589
0.288714 -0.323476 0.377562 0.31641 -0.320609 0.372761
0.287735 -0.323585 0.377736 0.315926 -0.320663 0.372847
0.286756 -0.323694 0.37791 0.314473 -0.320825 0.373105
0.285778 -0.323802 0.378084 0.313504 -0.320934 0.373277
0.284799 -0.323911 0.378258 0.312534 -0.321042 0.373449
0.28382 -0.32402 0.378432 0.311564 -0.321151 0.373621
0.282842 -0.324129 0.378606 0.310593 -0.32126 0.373794
0.281863 -0.324237 0.37878 0.309622 -0.321368 0.373966
0.280884 -0.324346 0.378954 0.308651 -0.321477 0.374138
0.279905 -0.324455 0.379128 0.308165 -0.321531 0.374225
0.278927 -0.324564 0.379302 0.307193 -0.32164 0.374397
0.277948 -0.324672 0.379476 0.305737 -0.321803 0.374655
0.276969 -0.324781 0.37965 0.304767 -0.321911 0.374827
0.275991 -0.32489 0.379824 0.303797 -0.322019 0.374999
0.275012 -0.324999 0.379998 0.302826 -0.322128 0.375171
0.274033 -0.325107 0.380172 0.302341 -0.322182 0.375258
0.273054 -0.325216 0.380346 0.300883 -0.322345 0.375516
0.272076 -0.325325 0.38052 0.29991 -0.322454 0.375689
0.271097 -0.325434 0.380694 0.298937 -0.322563 0.375861
0.270118 -0.325542 0.380868 0.297963 -0.322672 0.376034
0.269139 -0.325651 0.381042 0.296989 -0.322781 0.376207
0.268161 -0.32576 0.381216 0.296014 -0.32289 0.37638
0.267182 -0.325869 0.38139 0.295039 -0.322999 0.376553
0.266203 -0.325977 0.381564 0.294064 -0.323108 0.376726
0.265225 -0.326086 0.381738 0.293576 -0.323163 0.376812
0.264246 -0.326195 0.381912 0.291624 -0.323381 0.377159
0.263267 -0.326304 0.382086 0.290648 -0.32349 0.377332
0.262288 -0.326412 0.38226 0.289674 -0.323599 0.377504
0.26131 -0.326521 0.382434 0.288702 -0.323707 0.377677
0.260331 -0.32663 0.382608 0.287734 -0.323815 0.377848
0.259352 -0.326739 0.382782 0.286769 -0.323922 0.378019
0.258374 -0.326847 0.382956 0.285806 -0.324029 0.378189
0.257395 -0.326956 0.38313 0.284844 -0.324136 0.37836
0.256416 -0.327065 0.383304 0.283882 -0.324243 0.37853
0.255437 -0.327174 0.383478 0.28244 -0.324403 0.378785
0.254459 -0.327282 0.383652 0.281961 -0.324457 0.37887
0.25348 -0.327391 0.383826 0.281003 -0.324563 0.37904
0.252501 -0.3275 0.384 0.280046 -0.324669 0.379209
0.251522 -0.327609 0.384174 0.27909 -0.324776 0.379378
0.250544 -0.327717 0.384348 0.278135 -0.324882 0.379547
0.249565 -0.327826 0.384522 0.277181 -0.324988 0.379716
0.248586 -0.327935 0.384696 0.276225 -0.325094 0.379885
0.247608 -0.328044 0.38487 0.27527 -0.3252 0.380054
0.246629 -0.328152 0.385044 0.274315 -0.325306 0.380223
0.24565 -0.328261 0.385218 0.27336 -0.325412 0.380392
0.244671 -0.32837 0.385392 0.272406 -0.325519 0.380561
0.243693 -0.328479 0.385566 0.271451 -0.325625 0.38073
0.242714 -0.328587 0.38574 0.270497 -0.325731 0.380899
0.241735 -0.328696 0.385914 0.269542 -0.325838 0.381069
0.240756 -0.328805 0.386088 0.268587 -0.325944 0.381238
0.239778 -0.328914 0.386262 0.267632 -0.32605 0.381407
0.238799 -0.329022 0.386436 0.266676 -0.326157 0.381576
0.23782 -0.329131 0.38661 0.265719 -0.326264 0.381746
0.236842 -0.32924 0.386784 0.264762 -0.326371 0.381915
0.235863 -0.329349 0.386958 0.264284 -0.326424 0.382
0.234884 -0.329457 0.387132 0.262367 -0.326638 0.38234
0.233905 -0.329566 0.387306 0.261408 -0.326745 0.38251
0.232927 -0.329675 0.38748 0.260928 -0.326799 0.382595
0.231948 -0.329784 0.387654 0.259488 -0.32696 0.38285
0.230969 -0.329892 0.387828 0.258527 -0.327067 0.383021
0.229991 -0.330001 0.388002 0.257566 -0.327175 0.383191
0.229012 -0.33011 0.388176 0.256603 -0.327283 0.383362
0.228033 -0.330219 0.38835 0.256122 -0.327337 0.383447
0.227054 -0.330327 0.388524 0.255158 -0.327444 0.383618
0.226076 -0.330436 0.388698 0.254194 -0.327552 0.383789
0.225097 -0.330545 0.388872 0.253228 -0.327661 0.38396
0.224118 -0.330654 0.389046 0.25226 -0.327769 0.384132
0.223139 -0.330762 0.38922 0.251293 -0.327877 0.384303
0.222161 -0.330871 0.389394 0.250325 -0.327986 0.384475
0.221182 -0.33098 0.389568 0.249357 -0.328094 0.384647
0.220203 -0.331089 0.389742 0.248388 -0.328203 0.384818
0.219225 -0.331197 0.389916 0.247419 -0.328312 0.38499
0.218246 -0.331306 0.39009 0.246449 -0.32842 0.385162
0.217267 -0.331415 0.390264 0.245479 -0.328529 0.385334
0.216288 -0.331524 0.390438 0.244509 -0.328637 0.385506
0.21531 -0.331632 0.390612 0.243538 -0.328746 0.385678
0.214331 -0.331741 0.390786 0.242567 -0.328855 0.38585
0.213352 -0.33185 0.39096 0.241596 -0.328964 0.386023
0.212374 -0.331958 0.391134 0.240624 -0.329073 0.386195
0.211395 -0.332067 0.391308 0.239652 -0.329181 0.386367
0.210416 -0.332176 0.391482 0.238679 -0.32929 0.38654
0.209437 -0.332285 0.391656 0.237706 -0.329399 0.386712
0.208459 -0.332393 0.39183 0.236732 -0.329508 0.386885
0.20748 -0.332502 0.392004 0.235758 -0.329617 0.387057
0.206501 -0.332611 0.392178 0.234783 -0.329727 0.38723
0.205522 -0.33272 0.392352 0.234295 -0.329781 0.387317
0.204544 -0.332828 0.392526 0.232827 -0.329946 0.387577
0.203565 -0.332937 0.3927 0.231848 -0.330056 0.387751
0.202586 -0.333046 0.392874 0.23087 -0.330165 0.387924
0.201608 -0.333155 0.393048 0.229892 -0.330275 0.388098
0.200629 -0.333263 0.393222 0.228914 -0.330384 0.388271
0.19965 -0.333372 0.393396 0.227936 -0.330494 0.388444
0.198671 -0.333481 0.39357 0.226958 -0.330603 0.388618
0.197693 -0.33359 0.393744 0.22598 -0.330712 0.388791
0.196714 -0.333698 0.393918 0.225003 -0.330822 0.388964
0.195735 -0.333807 0.394092 0.224025 -0.330931 0.389137
0.194756 -0.333916 0.394266 0.223048 -0.33104 0.389311
0.193778 -0.334025 0.39444 0.22207 -0.33115 0.389484
0.192799 -0.334133 0.394614 0.221092 -0.331259 0.389657
0.19182 -0.334242 0.394787 0.220114 -0.331368 0.38983
0.190842 -0.334351 0.394961 0.219136 -0.331477 0.390004
0.189863 -0.33446 0.395135 0.218159 -0.331587 0.390177
0.188884 -0.334568 0.395309 0.217181 -0.331696 0.39035
0.187905 -0.334677 0.395483 0.216204 -0.331805 0.390523
0.186927 -0.334786 0.395657 0.215226 -0.331914 0.390696
0.185948 -0.334895 0.395831 0.214248 -0.332023 0.39087
0.184969 -0.335003 0.396005 0.213271 -0.332132 0.391043
0.183991 -0.335112 0.396179 0.212293 -0.332242 0.391216
0.183012 -0.335221 0.396353 0.211314 -0.332351 0.391389
0.182033 -0.33533 0.396527 0.210333 -0.332461 0.391563
0.181054 -0.335438 0.396701 0.209352 -0.33257 0.391737
0.180076 -0.335547 0.396875 0.208371 -0.33268 0.391911
0.179097 -0.335656 0.397049 0.20739 -0.33279 0.392085
0.178118 -0.335765 0.397223 0.20641 -0.332899 0.392258
0.177139 -0.335873 0.397397 0.20543 -0.333009 0.392432
0.176161 -0.335982 0.397571 0.20445 -0.333118 0.392606
0.175182 -0.336091 0.397745 0.20347 -0.333227 0.392779
0.174203 -0.3362 0.397919 0.202487 -0.333337 0.392953
0.173225 -0.336308 0.398093 0.201503 -0.333448 0.393128
0.172246 -0.336417 0.398267 0.200516 -0.333558 0.393303
0.171267 -0.336526 0.398441 0.199528 -0.333669 0.393478
0.170288 -0.336635 0.398615 0.198538 -0.33378 0.393653
0.16931 -0.336743 0.398789 0.197548 -0.333891 0.393829
0.168331 -0.336852 0.398963 0.196556 -0.334002 0.394005
0.167352 -0.336961 0.399137 0.195566 -0.334113 0.39418
0.166374 -0.33707 0.399311 0.194577 -0.334224 0.394355
0.165395 -0.337178 0.399485 0.193589 -0.334334 0.394531
0.164416 -0.337287 0.399659 0.192602 -0.334445 0.394705
0.163437 -0.337396 0.399833 0.191615 -0.334555 0.39488
0.162459 -0.337505 0.400007 0.190631 -0.334665 0.395055
0.16148 -0.337613 0.400181 0.189648 -0.334774 0.395229
0.160501 -0.337722 0.400355 0.188666 -0.334883 0.395403
0.159522 -0.337831 0.400529 0.187686 -0.334993 0.395576
0.158544 -0.33794 0.400703 0.186706 -0.335102 0.39575
0.157565 -0.338048 0.400877 0.185726 -0.335211 0.395923
0.156586 -0.338157 0.401051 0.184744 -0.33532 0.396097
0.155608 -0.338266 0.401225 0.183761 -0.33543 0.396271
0.154629 -0.338375 0.401399 0.182777 -0.33554 0.396446
0.15365 -0.338483 0.401573 0.181791 -0.33565 0.39662
0.152671 -0.338592 0.401747 0.180804 -0.33576 0.396795
0.151693 -0.338701 0.401921 0.179816 -0.33587 0.39697
0.150714 -0.33881 0.402095 0.178826 -0.335981 0.397146
0.149735 -0.338918 0.402269 0.177837 -0.336092 0.397321
0.148756 -0.339027 0.402443 0.17685 -0.336202 0.397496
0.147778 -0.339136 0.402617 0.175864 -0.336312 0.397671
0.146799 -0.339245 0.402791 0.174877 -0.336422 0.397845
0.14582 -0.339353 0.402965 0.173889 -0.336532 0.39802
0.144842 -0.339462 0.403139 0.172902 -0.336643 0.398196
0.143863 -0.339571 0.403313 0.171914 -0.336753 0.39837
0.142884 -0.33968 0.403487 0.170929 -0.336863 0.398545
0.141905 -0.339788 0.403661 0.169945 -0.336972 0.398719
0.140927 -0.339897 0.403835 0.168963 -0.337082 0.398893
0.139948 -0.340006 0.404009 0.167982 -0.337191 0.399067
0.138969 -0.340115 0.404183 0.167 -0.3373 0.399241
0.137991 -0.340223 0.404357 0.166508 -0.337355 0.399328
0.137012 -0.340332 0.404531 0.165033 -0.337519 0.39959
0.136033 -0.340441 0.404705 0.164049 -0.337629 0.399764
0.135054 -0.34055 0.404879 0.163064 -0.337739 0.399938
0.134076 -0.340658 0.405053 0.162079 -0.337849 0.400113
0.133097 -0.340767 0.405227 0.161093 -0.337959 0.400288
0.132118 -0.340876 0.405401 0.160599 -0.338014 0.400375
0.131139 -0.340985 0.405575 0.159119 -0.338179 0.400638
0.130161 -0.341093 0.405749 0.158624 -0.338234 0.400725
0.129182 -0.341202 0.405923 0.157635 -0.338345 0.400901
0.128203 -0.341311 0.406097 0.156647 -0.338455 0.401076
0.127225 -0.341419 0.406271 0.155664 -0.338565 0.40125
0.126246 -0.341528 0.406445 0.154686 -0.338673 0.401423
0.125267 -0.341637 0.406619 0.153224 -0.338835 0.401682
0.124288 -0.341746 0.406793 0.152251 -0.338943 0.401855
0.12331 -0.341854 0.406967 0.151279 -0.339051 0.402027
0.122331 -0.341963 0.407141 0.150306 -0.339158 0.402199
0.121352 -0.342072 0.407315 0.149331 -0.339267 0.402372
0.120374 -0.342181 0.407489 0.148354 -0.339375 0.402545
0.119395 -0.342289 0.407663 0.147377 -0.339484 0.402718
0.118416 -0.342398 0.407837 0.146401 -0.339592 0.402891
0.117437 -0.342507 0.408011 0.145426 -0.339701 0.403064
0.116459 -0.342616 0.408185 0.144452 -0.339809 0.403237
0.11548 -0.342724 0.408359 0.143479 -0.339917 0.403409
0.114501 -0.342833 0.408533 0.142992 -0.339971 0.403495
0.113522 -0.342942 0.408707 0.141531 -0.340134 0.403754
0.112544 -0.343051 0.408881 0.140558 -0.340242 0.403927
0.111565 -0.343159 0.409055 0.139585 -0.34035 0.404099
0.110586 -0.343268 0.409229 0.138614 -0.340458 0.404271
0.109608 -0.343377 0.409403 0.137643 -0.340565 0.404444
0.108629 -0.343486 0.409577 0.136673 -0.340673 0.404616
0.10765 -0.343594 0.409751 0.135703 -0.340781 0.404787
0.106671 -0.343703 0.409925 0.134734 -0.340888 0.404959
0.105693 -0.343812 0.410099 0.133764 -0.340996 0.405131
0.104714 -0.343921 0.410273 0.132795 -0.341104 0.405303
0.103735 -0.344029 0.410447 0.131827 -0.341211 0.405475
0.102756 -0.344138 0.410621 0.130858 -0.341319 0.405646
0.101778 -0.344247 0.410795 0.129889 -0.341427 0.405818
0.100799 -0.344356 0.410969 0.128921 -0.341534 0.40599
0.0998203 -0.344464 0.411143 0.127952 -0.341642 0.406162
0.0988416 -0.344573 0.411317 0.126983 -0.34175 0.406333
0.0978629 -0.344682 0.411491 0.126014 -0.341857 0.406505
0.0968841 -0.344791 0.411665 0.125045 -0.341965 0.406677
0.0959054 -0.344899 0.411839 0.124076 -0.342073 0.406849
0.0949267 -0.345008 0.412013 0.123107 -0.342181 0.407021
0.093948 -0.345117 0.412187 0.122137 -0.342289 0.407193
0.0929692 -0.345226 0.412361 0.121168 -0.342397 0.407365
0.0919905 -0.345334 0.412535 0.120198 -0.342505 0.407537
0.0910118 -0.345443 0.412709 0.119227 -0.342613 0.407709
0.0900331 -0.345552 0.412883 0.118257 -0.342721 0.407881
0.0890543 -0.345661 0.413057 0.117286 -0.342829 0.408053
0.0880756 -0.345769 0.413231 0.116315 -0.342937 0.408226
0.0870969 -0.345878 0.413405 0.115344 -0.343045 0.408398
0.0861182 -0.345987 0.413579 0.114373 -0.343154 0.40857
0.0851395 -0.346096 0.413753 0.113401 -0.343262 0.408743
0.0841607 -0.346204 0.413927 0.112429 -0.34337 0.408915
0.083182 -0.346313 0.414101 0.111456 -0.343479 0.409088
0.0822033 -0.346422 0.414275 0.110483 -0.343587 0.40926
0.0812246 -0.346531 0.414449 0.109509 -0.343696 0.409433
0.0802458 -0.346639 0.414623 0.108534 -0.343805 0.409606
0.0792671 -0.346748 0.414797 0.10756 -0.343913 0.409779
0.0782884 -0.346857 0.414971 0.106585 -0.344022 0.409952
0.0773097 -0.346966 0.415145 0.10561 -0.344131 0.410125
0.0763309 -0.347074 0.415319 0.104635 -0.344239 0.410298
0.0753522 -0.347183 0.415493 0.10366 -0.344348 0.410471
0.0743735 -0.347292 0.415667 0.102684 -0.344457 0.410644
0.0733948 -0.347401 0.415841 0.101707 -0.344566 0.410818
0.072416 -0.347509 0.416015 0.100731 -0.344675 0.410991
0.0714373 -0.347618 0.416189 0.099754 -0.344784 0.411164
0.0704586 -0.347727 0.416363 0.0987775 -0.344893 0.411338
0.0694799 -0.347836 0.416537 0.097801 -0.345001 0.411511
0.0685012 -0.347944 0.416711 0.0968242 -0.34511 0.411684
0.0675224 -0.348053 0.416885 0.095846 -0.345219 0.411858
0.0665437 -0.348162 0.417059 0.0948655 -0.345329 0.412032
0.065565 -0.348271 0.417233 0.093884 -0.345438 0.412206
0.0645863 -0.348379 0.417407 0.092903 -0.345548 0.412381
0.0636075 -0.348488 0.417581 0.0914326 -0.345712 0.412642
0.0626288 -0.348597 0.417755 0.0904531 -0.345821 0.412816
0.0616501 -0.348706 0.417929 0.089474 -0.34593 0.412989
0.0606714 -0.348814 0.418103 0.0884976 -0.346038 0.413163
0.0596926 -0.348923 0.418277 0.0875282 -0.346146 0.413335
0.0587139 -0.349032 0.418451 0.0865649 -0.346252 0.413506
0.0577352 -0.349141 0.418625 0.0856023 -0.346358 0.413677
0.0567565 -0.349249 0.418799 0.0846383 -0.346465 0.413848
0.0557777 -0.349358 0.418973 0.0836728 -0.346571 0.414019
0.054799 -0.349467 0.419147 0.0827061 -0.346678 0.414191
0.0538203 -0.349576 0.419321 0.081738 -0.346786 0.414363
0.0528416 -0.349684 0.419495 0.0807689 -0.346893 0.414535
0.0518629 -0.349793 0.419669 0.079799 -0.347001 0.414707
0.0508841 -0.349902 0.419843 0.0788286 -0.347109 0.41488
0.0499054 -0.350011 0.420017 0.0778574 -0.347217 0.415052
0.0489267 -0.350119 0.420191 0.0768855 -0.347325 0.415225
0.047948 -0.350228 0.420365 0.075913 -0.347433 0.415398
0.0469692 -0.350337 0.420539 0.07494 -0.347541 0.41557
0.0459905 -0.350445 0.420713 0.0739664 -0.34765 0.415743
0.0450118 -0.350554 0.420887 0.0729923 -0.347758 0.415916
0.0440331 -0.350663 0.421061 0.0720174 -0.347867 0.41609
0.0430543 -0.350772 0.421235 0.0710419 -0.347975 0.416263
0.0420756 -0.35088 0.421409 0.0700658 -0.348084 0.416436
0.0410969 -0.350989 0.421583 0.0690893 -0.348193 0.41661
0.0401182 -0.351098 0.421757 0.0681122 -0.348301 0.416783
0.0391394 -0.351207 0.421931 0.0671346 -0.34841 0.416957
0.0381607 -0.351315 0.422105 0.0661566 -0.348519 0.417131
0.037182 -0.351424 0.422279 0.0651783 -0.348628 0.417305
0.0362033 -0.351533 0.422453 0.0641997 -0.348737 0.417479
0.0352246 -0.351642 0.422627 0.0637103 -0.348792 0.417566
0.0342458 -0.35175 0.422801 0.0627313 -0.348901 0.41774
0.0332671 -0.351859 0.422975 0.0612635 -0.349064 0.418
0.0322884 -0.351968 0.423149 0.0602885 -0.349173 0.418174
0.0313097 -0.352077 0.423323 0.0593162 -0.34928 0.418347
0.0303309 -0.352185 0.423497 0.0583439 -0.349388 0.418519
0.0293522 -0.352294 0.423671 0.0573706 -0.349496 0.418692
0.0283735 -0.352403 0.423845 0.0563963 -0.349604 0.418866
0.0273948 -0.352512 0.424019 0.0559088 -0.349658 0.418952
0.026416 -0.35262 0.424193 0.0539569 -0.349875 0.419299
0.0254373 -0.352729 0.424367 0.0534684 -0.34993 0.419386
0.0244586 -0.352838 0.424541 0.0524911 -0.350038 0.41956
0.0234799 -0.352947 0.424715 0.0515131 -0.350147 0.419734
0.0225011 -0.353055 0.424889 0.0505348 -0.350256 0.419908
0.0215224 -0.353164 0.425063 0.0495561 -0.350365 0.420082
0.0205437 -0.353273 0.425237 0.0485773 -0.350474 0.420256
0.019565 -0.353382 0.425411 0.0475984 -0.350582 0.42043
0.0185863 -0.35349 0.425585 0.0461297 -0.350746 0.420691
0.0176075 -0.353599 0.425759 0.0456402 -0.3508 0.420778
0.0166288 -0.353708 0.425933 0.0446613 -0.350909 0.420952
0.0156501 -0.353817 0.426107 0.0436825 -0.351018 0.421126
0.0146714 -0.353925 0.426281 0.0427038 -0.351127 0.4213
0.0136926 -0.354034 0.426455 0.0417251 -0.351235 0.421474
0.0127139 -0.354143 0.426629 0.0407464 -0.351344 0.421648
0.0117352 -0.354252 0.426803 0.0397676 -0.351453 0.421822
0.0107565 -0.35436 0.426977 0.0387889 -0.351561 0.421997
0.00977774 -0.354469 0.427151 0.0378101 -0.35167 0.422171
0.00879902 -0.354578 0.427325 0.0368312 -0.351779 0.422345
0.0078203 -0.354687 0.427499 0.0358522 -0.351888 0.422519
0.00684157 -0.354795 0.427673 0.0348732 -0.351996 0.422693
0.00586285 -0.354904 0.427847 0.033894 -0.352105 0.422867
0.00488413 -0.355013 0.428021 0.0329147 -0.352214 0.423042
0.0039054 -0.355122 0.428195 0.0319353 -0.352323 0.423216
0.00292668 -0.35523 0.428369 0.0309556 -0.352431 0.42339
0.00194795 -0.355339 0.428543 0.0299757 -0.35254 0.423564
0.000969231 -0.355448 0.428717 0.0289958 -0.352649 0.423739
-9.49216e-06 -0.355557 0.428891 0.0280157 -0.352758 0.423913
-0.000988216 -0.355665 0.429065 0.0270356 -0.352867 0.424088
-0.00196694 -0.355774 0.429239 0.0260554 -0.352976 0.424262
-0.00294566 -0.355883 0.429413 0.0250752 -0.353084 0.424437
-0.00392439 -0.355992 0.429587 0.0245851 -0.353139 0.424524
-0.00490311 -0.3561 0.429761 0.0231147 -0.353302 0.424786
-0.00588183 -0.356209 0.429935 0.0216447 -0.353465 0.425047
-0.00686056 -0.356318 0.430109 0.021155 -0.35352 0.425134
-0.00783928 -0.356427 0.430283 0.0201759 -0.353628 0.425309
-0.008818 -0.356535 0.430457 0.019197 -0.353737 0.425483
-0.00979673 -0.356644 0.430631 0.0182183 -0.353845 0.425657
-0.0107755 -0.356753 0.430805 0.0172396 -0.353954 0.425831
-0.0117542 -0.356862 0.430979 0.016261 -0.354062 0.426005
-0.0127329 -0.35697 0.431153 0.0152824 -0.354171 0.42618
-0.0137116 -0.357079 0.431327 0.014304 -0.354279 0.426354
-0.0146903 -0.357188 0.431501 0.0133257 -0.354388 0.426528
-0.0156691 -0.357297 0.431675 0.0123475 -0.354496 0.426702
-0.0166478 -0.357405 0.431848 0.0113694 -0.354605 0.426876
-0.0176265 -0.357514 0.432022 0.0103914 -0.354713 0.427051
-0.0186052 -0.357623 0.432196 0.00941341 -0.354822 0.427225
-0.019584 -0.357732 0.43237 0.00892436 -0.354876 0.427312
-0.0205627 -0.35784 0.432544 0.00745607 -0.355039 0.427573
-0.0215414 -0.357949 0.432718 0.00647621 -0.355148 0.427748
-0.0225201 -0.358058 0.432892 0.00549625 -0.355256 0.427922
-0.0234989 -0.358167 0.433066 0.00451645 -0.355365 0.428097
-0.0244776 -0.358275 0.43324 0.00353673 -0.355474 0.428271
-0.0254563 -0.358384 0.433414 0.00255704 -0.355583 0.428446
-0.026435 -0.358493 0.433588 0.00108752 -0.355746 0.428707
-0.0274138 -0.358602 0.433762 0.000107843 -0.355854 0.428882
-0.0283925 -0.35871 0.433936 -0.00087177 -0.355963 0.429056
-0.0293712 -0.358819 0.43411 -0.00185077 -0.356072 0.429231
-0.0303499 -0.358928 0.434284 -0.00233987 -0.356126 0.429318
-0.0313286 -0.359037 0.434458 -0.00380557 -0.356288 0.429579
-0.0323074 -0.359145 0.434632 -0.00478138 -0.356396 0.429753
-0.0332861 -0.359254 0.434806 -0.00526856 -0.35645 0.42984
-0.0342648 -0.359363 0.43498 -0.0062408 -0.356558 0.430013
-0.0352435 -0.359472 0.435154 -0.00769603 -0.356718 0.430272
-0.0362223 -0.35958 0.435328 -0.0086667 -0.356826 0.430445
-0.037201 -0.359689 0.435502 -0.00963661 -0.356933 0.430618
-0.0381797 -0.359798 0.435676 -0.0106043 -0.35704 0.43079
-0.0391584 -0.359906 0.43585 -0.0115694 -0.357146 0.430962
-0.0401372 -0.360015 0.436024 -0.0125323 -0.357252 0.431133
-0.0411159 -0.360124 0.436198 -0.0134946 -0.357358 0.431305
-0.0420946 -0.360233 0.436372 -0.0144577 -0.357464 0.431476
-0.0430733 -0.360341 0.436546 -0.0154202 -0.35757 0.431648
-0.0440521 -0.36045 0.43672 -0.016381 -0.357676 0.431819
-0.0450308 -0.360559 0.436894 -0.0173401 -0.357782 0.43199
-0.0460095 -0.360668 0.437068 -0.0182979 -0.357887 0.432161
-0.0469882 -0.360776 0.437242 -0.0192545 -0.357993 0.432331
-0.0479669 -0.360885 0.437416 -0.0202102 -0.358098 0.432501
-0.0489457 -0.360994 0.43759 -0.0211652 -0.358203 0.432671
-0.0499244 -0.361103 0.437764 -0.0221199 -0.358308 0.432841
-0.0509031 -0.361211 0.437938 -0.023076 -0.358414 0.433012
-0.0518818 -0.36132 0.438112 -0.0240346 -0.35852 0.433183
-0.0528606 -0.361429 0.438286 -0.0249944 -0.358626 0.433354
-0.0538393 -0.361538 0.43846 -0.0259538 -0.358733 0.433525
-0.054818 -0.361646 0.438634 -0.026914 -0.358839 0.433696
-0.0557967 -0.361755 0.438808 -0.0278757 -0.358946 0.433867
-0.0567755 -0.361864 0.438982 -0.0283569 -0.358999 0.433953
-0.0577542 -0.361973 0.439156 -0.0298 -0.359159 0.43421
-0.0587329 -0.362081 0.43933 -0.0307615 -0.359266 0.434382
-0.0597116 -0.36219 0.439504 -0.031723 -0.359373 0.434553
-0.0606904 -0.362299 0.439678 -0.0326844 -0.359479 0.434725
-0.0616691 -0.362408 0.439852 -0.0336456 -0.359586 0.434896
-0.0626478 -0.362516 0.440026 -0.0346068 -0.359693 0.435067
-0.0636265 -0.362625 0.4402 -0.0355682 -0.359799 0.435239
-0.0646052 -0.362734 0.440374 -0.0365297 -0.359906 0.43541
-0.065584 -0.362843 0.440548 -0.0374912 -0.360013 0.435581
-0.0665627 -0.362951 0.440722 -0.0384528 -0.360119 0.435753
-0.0675414 -0.36306 0.440896 -0.0394146 -0.360226 0.435924
-0.0685201 -0.363169 0.44107 -0.0403766 -0.360333 0.436096
-0.0694989 -0.363278 0.441244 -0.0413389 -0.36044 0.436268
-0.0704776 -0.363386 0.441418 -0.0423015 -0.360547 0.436439
-0.0714563 -0.363495 0.441592 -0.0427829 -0.3606 0.436525
-0.072435 -0.363604 0.441766 -0.0442287 -0.360761 0.436783
-0.0734138 -0.363713 0.44194 -0.0451947 -0.360869 0.436955
-0.0743925 -0.363821 0.442114 -0.0461619 -0.360976 0.437128
-0.0753712 -0.36393 0.442288 -0.0471294 -0.361084 0.4373
-0.0763499 -0.364039 0.442462 -0.0480972 -0.361192 0.437473
-0.0773286 -0.364148 0.442636 -0.049065 -0.361299 0.437645
-0.0783074 -0.364256 0.44281 -0.0500332 -0.361407 0.437818
-0.0792861 -0.364365 0.442984 -0.0510018 -0.361515 0.437991
-0.0802648 -0.364474 0.443158 -0.0519709 -0.361623 0.438164
-0.0812435 -0.364583 0.443332 -0.0529406 -0.361731 0.438337
-0.0822223 -0.364691 0.443506 -0.053911 -0.361839 0.43851
-0.083201 -0.3648 0.44368 -0.0548824 -0.361947 0.438683
-0.0841797 -0.364909 0.443854 -0.0558542 -0.362055 0.438856
-0.0851584 -0.365018 0.444028 -0.056826 -0.362163 0.43903
-0.0861372 -0.365126 0.444202 -0.0577983 -0.362272 0.439203
-0.0871159 -0.365235 0.444376 -0.0587713 -0.36238 0.439377
-0.0880946 -0.365344 0.44455 -0.0597446 -0.362488 0.43955
-0.0890733 -0.365453 0.444724 -0.060718 -0.362597 0.439724
-0.0900521 -0.365561 0.444898 -0.061692 -0.362705 0.439898
-0.0910308 -0.36567 0.445072 -0.0626675 -0.362814 0.440072
-0.0920095 -0.365779 0.445246 -0.0636453 -0.362923 0.440246
-0.0929882 -0.365888 0.44542 -0.064626 -0.363032 0.440421
-0.0939669 -0.365996 0.445594 -0.0656092 -0.363142 0.440597
-0.0949457 -0.366105 0.445768 -0.0665946 -0.363252 0.440773
-0.0959244 -0.366214 0.445942 -0.0675819 -0.363363 0.440949
-0.0969031 -0.366323 0.446116 -0.0685709 -0.363474 0.441125
-0.0978818 -0.366431 0.44629 -0.0695613 -0.363584 0.441302
-0.0988606 -0.36654 0.446464 -0.0705527 -0.363695 0.441479
-0.0998393 -0.366649 0.446638 -0.0715451 -0.363806 0.441656
-0.100818 -0.366758 0.446812 -0.0725383 -0.363918 0.441834
-0.101797 -0.366866 0.446986 -0.0735322 -0.364029 0.442011
-0.102775 -0.366975 0.44716 -0.0745264 -0.36414 0.442189
-0.103754 -0.367084 0.447334 -0.0755206 -0.364251 0.442366
-0.104733 -0.367193 0.447508 -0.0765143 -0.364362 0.442544
-0.105712 -0.367301 0.447682 -0.0775076 -0.364472 0.442721
-0.10669 -0.36741 0.447856 -0.0785009 -0.364583 0.442898
-0.107669 -0.367519 0.44803 -0.0794943 -0.364694 0.443075
-0.108648 -0.367628 0.448204 -0.0804877 -0.364804 0.443253
-0.109627 -0.367736 0.448378 -0.081481 -0.364915 0.44343
-0.110605 -0.367845 0.448552 -0.082474 -0.365025 0.443607
-0.111584 -0.367954 0.448726 -0.0834668 -0.365136 0.443784
-0.112563 -0.368063 0.4489 -0.0844595 -0.365246 0.443961
-0.113541 -0.368171 0.449074 -0.0854519 -0.365356 0.444138
-0.11452 -0.36828 0.449248 -0.0864439 -0.365466 0.444315
-0.115499 -0.368389 0.449422 -0.0874356 -0.365576 0.444492
-0.116478 -0.368498 0.449596 -0.0884273 -0.365687 0.444669
-0.117456 -0.368606 0.44977 -0.0894187 -0.365797 0.444846
-0.118435 -0.368715 0.449944 -0.09041 -0.365906 0.445023
-0.119414 -0.368824 0.450118 -0.0914013 -0.366016 0.4452
-0.120392 -0.368932 0.450292 -0.0923926 -0.366126 0.445377
-0.121371 -0.369041 0.450466 -0.0933836 -0.366236 0.445553
-0.12235 -0.36915 0.45064 -0.0943742 -0.366346 0.44573
-0.123329 -0.369259 0.450814 -0.0953642 -0.366456 0.445907
-0.124307 -0.369367 0.450988 -0.0963535 -0.366565 0.446083
-0.125286 -0.369476 0.451162 -0.0973407 -0.366675 0.446259
-0.126265 -0.369585 0.451336 -0.0983246 -0.366783 0.446435
-0.127244 -0.369694 0.45151 -0.0993067 -0.366892 0.44661
-0.128222 -0.369802 0.451684 -0.100289 -0.367 0.446785
-0.129201 -0.369911 0.451858 -0.101271 -0.367109 0.44696
-0.13018 -0.37002 0.452032 -0.102253 -0.367217 0.447135
-0.131158 -0.370129 0.452206 -0.102744 -0.367271 0.447223
-0.132137 -0.370237 0.45238 -0.104218 -0.367434 0.447485
-0.133116 -0.370346 0.452554 -0.104709 -0.367489 0.447573
-0.134095 -0.370455 0.452728 -0.105688 -0.367597 0.447747
-0.135073 -0.370564 0.452902 -0.106666 -0.367705 0.447922
-0.136052 -0.370672 0.453076 -0.107644 -0.367813 0.448096
-0.137031 -0.370781 0.45325 -0.108623 -0.367921 0.448271
-0.13801 -0.37089 0.453424 -0.109604 -0.368029 0.448446
-0.138988 -0.370999 0.453598 -0.110586 -0.368138 0.448621
-0.139967 -0.371107 0.453772 -0.111569 -0.368247 0.448796
-0.140946 -0.371216 0.453946 -0.112553 -0.368356 0.448972
-0.141924 -0.371325 0.45412 -0.113538 -0.368466 0.449148
-0.142903 -0.371434 0.454294 -0.114523 -0.368575 0.449323
-0.143882 -0.371542 0.454468 -0.115509 -0.368685 0.449499
-0.144861 -0.371651 0.454642 -0.116495 -0.368794 0.449675
-0.145839 -0.37176 0.454816 -0.117482 -0.368904 0.449851
-0.146818 -0.371869 0.45499 -0.118469 -0.369014 0.450027
-0.147797 -0.371977 0.455164 -0.119456 -0.369123 0.450204
-0.148775 -0.372086 0.455338 -0.120443 -0.369233 0.45038
-0.149754 -0.372195 0.455512 -0.121431 -0.369343 0.450556
-0.150733 -0.372304 0.455686 -0.122418 -0.369452 0.450732
-0.151712 -0.372412 0.45586 -0.123406 -0.369562 0.450908
-0.15269 -0.372521 0.456034 -0.124393 -0.369672 0.451085
-0.153669 -0.37263 0.456208 -0.125381 -0.369782 0.451261
-0.154648 -0.372739 0.456382 -0.126368 -0.369891 0.451437
-0.155627 -0.372847 0.456556 -0.126862 -0.369946 0.451525
-0.156605 -0.372956 0.45673 -0.128342 -0.37011 0.451789
-0.157584 -0.373065 0.456904 -0.129819 -0.370274 0.452053
-0.158563 -0.373174 0.457078 -0.130802 -0.370383 0.452228
-0.159541 -0.373282 0.457252 -0.131783 -0.370492 0.452403
-0.16052 -0.373391 0.457426 -0.132273 -0.370546 0.45249
-0.161499 -0.3735 0.4576 -0.132762 -0.3706 0.452577
-0.162478 -0.373609 0.457774 -0.134708 -0.370814 0.452924
-0.163456 -0.373717 0.457948 -0.135677 -0.370921 0.453096
-0.164435 -0.373826 0.458122 -0.137126 -0.37108 0.453354
-0.165414 -0.373935 0.458296 -0.137608 -0.371133 0.45344
-0.166392 -0.374044 0.45847 -0.138571 -0.371239 0.453612
-0.167371 -0.374152 0.458644 -0.139532 -0.371345 0.453783
-0.16835 -0.374261 0.458818 -0.140012 -0.371397 0.453868
-0.169329 -0.37437 0.458992 -0.14193 -0.371608 0.45421
-0.170307 -0.374479 0.459166 -0.14241 -0.371661 0.454295
-0.171286 -0.374587 0.45934 -0.143369 -0.371766 0.454466
-0.172265 -0.374696 0.459514 -0.144328 -0.371872 0.454637
-0.173244 -0.374805 0.459688 -0.145286 -0.371978 0.454807
-0.174222 -0.374914 0.459862 -0.146723 -0.372136 0.455063
-0.175201 -0.375022 0.460036 -0.147202 -0.372189 0.455149
-0.17618 -0.375131 0.46021 -0.14816 -0.372295 0.455319
-0.177158 -0.37524 0.460384 -0.149597 -0.372454 0.455575
-0.178137 -0.375349 0.460558 -0.150554 -0.372559 0.455746
-0.179116 -0.375457 0.460732 -0.151512 -0.372665 0.455917
-0.180095 -0.375566 0.460906 -0.152471 -0.372771 0.456088
-0.181073 -0.375675 0.46108 -0.15343 -0.372878 0.456258
-0.182052 -0.375784 0.461254 -0.15439 -0.372984 0.45643
-0.183031 -0.375892 0.461428 -0.15535 -0.373091 0.456601
-0.18401 -0.376001 0.461602 -0.15583 -0.373144 0.456686
-0.184988 -0.37611 0.461776 -0.157273 -0.373304 0.456944
-0.185967 -0.376219 0.46195 -0.158236 -0.373411 0.457115
-0.186946 -0.376327 0.462124 -0.158717 -0.373464 0.457201
-0.187924 -0.376436 0.462298 -0.160162 -0.373625 0.457459
-0.188903 -0.376545 0.462472 -0.161127 -0.373732 0.457631
-0.189882 -0.376654 0.462646 -0.162091 -0.37384 0.457803
-0.190861 -0.376762 0.46282 -0.162574 -0.373893 0.457889
-0.191839 -0.376871 0.462994 -0.164022 -0.374054 0.458148
-0.192818 -0.37698 0.463168 -0.164989 -0.374162 0.45832
-0.193797 -0.377089 0.463342 -0.165955 -0.37427 0.458493
-0.194775 -0.377197 0.463516 -0.166923 -0.374377 0.458665
-0.195754 -0.377306 0.46369 -0.167891 -0.374485 0.458838
-0.196733 -0.377415 0.463864 -0.168375 -0.374539 0.458924
-0.197712 -0.377524 0.464038 -0.169828 -0.374701 0.459184
-0.19869 -0.377632 0.464212 -0.170797 -0.374809 0.459357
-0.199669 -0.377741 0.464386 -0.171768 -0.374917 0.45953
-0.200648 -0.37785 0.46456 -0.172741 -0.375026 0.459704
-0.201627 -0.377959 0.464734 -0.173715 -0.375134 0.459877
-0.202605 -0.378067 0.464908 -0.174688 -0.375243 0.460051
-0.203584 -0.378176 0.465082 -0.175662 -0.375351 0.460225
-0.204563 -0.378285 0.465256 -0.176635 -0.37546 0.460399
-0.205541 -0.378393 0.46543 -0.177608 -0.375568 0.460572
-0.20652 -0.378502 0.465604 -0.178581 -0.375676 0.460746
-0.207499 -0.378611 0.465778 -0.179554 -0.375785 0.460919
-0.208478 -0.37872 0.465952 -0.180528 -0.375893 0.461093
-0.209456 -0.378828 0.466126 -0.181501 -0.376001 0.461267
-0.210435 -0.378937 0.4663 -0.182474 -0.376109 0.46144
-0.211414 -0.379046 0.466474 -0.183448 -0.376218 0.461614
-0.212392 -0.379155 0.466648 -0.183934 -0.376272 0.461701
-0.213371 -0.379263 0.466822 -0.185395 -0.376434 0.461961
-0.21435 -0.379372 0.466996 -0.186369 -0.376542 0.462135
-0.215329 -0.379481 0.46717 -0.187342 -0.376651 0.462308
-0.216307 -0.37959 0.467344 -0.188316 -0.376759 0.462482
-0.217286 -0.379698 0.467518 -0.189291 -0.376867 0.462656
-0.218265 -0.379807 0.467692 -0.190265 -0.376976 0.46283
-0.219244 -0.379916 0.467866 -0.191239 -0.377084 0.463003
-0.220222 -0.380025 0.46804 -0.192214 -0.377192 0.463177
-0.221201 -0.380133 0.468214 -0.193189 -0.3773 0.463351
-0.22218 -0.380242 0.468388 -0.194164 -0.377409 0.463525
-0.223158 -0.380351 0.468562 -0.195139 -0.377517 0.463699
-0.224137 -0.38046 0.468735 -0.196114 -0.377626 0.463873
-0.225116 -0.380568 0.468909 -0.197089 -0.377734 0.464046
-0.226095 -0.380677 0.469083 -0.198065 -0.377842 0.46422
-0.227073 -0.380786 0.469257 -0.198553 -0.377896 0.464307
-0.228052 -0.380895 0.469431 -0.200017 -0.378059 0.464568
-0.229031 -0.381003 0.469605 -0.200993 -0.378167 0.464742
-0.23001 -0.381112 0.469779 -0.201969 -0.378276 0.464917
-0.230988 -0.381221 0.469953 -0.202946 -0.378384 0.465091
-0.231967 -0.38133 0.470127 -0.203923 -0.378493 0.465265
-0.232946 -0.381438 0.470301 -0.2049 -0.378602 0.465439
-0.233924 -0.381547 0.470475 -0.205878 -0.37871 0.465613
-0.234903 -0.381656 0.470649 -0.206856 -0.378819 0.465788
-0.235882 -0.381765 0.470823 -0.207834 -0.378928 0.465962
-0.236861 -0.381873 0.470997 -0.208814 -0.379037 0.466137
-0.237839 -0.381982 0.471171 -0.209793 -0.379146 0.466312
-0.238818 -0.382091 0.471345 -0.210773 -0.379254 0.466486
-0.239797 -0.3822 0.471519 -0.211752 -0.379363 0.466661
-0.240775 -0.382308 0.471693 -0.212731 -0.379472 0.466835
-0.241754 -0.382417 0.471867 -0.21322 -0.379526 0.466923
-0.242733 -0.382526 0.472041 -0.214689 -0.379689 0.467184
-0.243712 -0.382635 0.472215 -0.215668 -0.379798 0.467359
-0.24469 -0.382743 0.472389 -0.216648 -0.379907 0.467534
-0.245669 -0.382852 0.472563 -0.21763 -0.380016 0.467709
-0.246648 -0.382961 0.472737 -0.218612 -0.380126 0.467884
-0.247627 -0.38307 0.472911 -0.219593 -0.380235 0.468059
-0.248605 -0.383178 0.473085 -0.220574 -0.380344 0.468234
-0.249584 -0.383287 0.473259 -0.221555 -0.380453 0.468408
-0.250563 -0.383396 0.473433 -0.222045 -0.380507 0.468496
-0.251541 -0.383505 0.473607 -0.223514 -0.38067 0.468758
-0.25252 -0.383613 0.473781 -0.224494 -0.380779 0.468932
-0.253499 -0.383722 0.473955 -0.225473 -0.380887 0.469107
-0.254478 -0.383831 0.474129 -0.226452 -0.380996 0.469281
-0.255456 -0.38394 0.474303 -0.22743 -0.381105 0.469455
-0.256435 -0.384048 0.474477 -0.228409 -0.381213 0.46963
-0.257414 -0.384157 0.474651 -0.229387 -0.381322 0.469804
-0.258392 -0.384266 0.474825 -0.230365 -0.38143 0.469978
-0.259371 -0.384375 0.474999 -0.231343 -0.381539 0.470152
-0.26035 -0.384483 0.475173 -0.232321 -0.381647 0.470327
-0.261329 -0.384592 0.475347 -0.233299 -0.381755 0.470501
-0.262307 -0.384701 0.475521 -0.234277 -0.381864 0.470675
-0.263286 -0.38481 0.475695 -0.235254 -0.381972 0.470849
-0.264265 -0.384918 0.475869 -0.235743 -0.382026 0.470936
-0.265244 -0.385027 0.476043 -0.236721 -0.382135 0.47111
-0.266222 -0.385136 0.476217 -0.238187 -0.382298 0.471371
-0.267201 -0.385245 0.476391 -0.239165 -0.382406 0.471546
-0.26818 -0.385353 0.476565 -0.240142 -0.382514 0.47172
-0.269158 -0.385462 0.476739 -0.24112 -0.382623 0.471894
-0.270137 -0.385571 0.476913 -0.242097 -0.382731 0.472068
-0.271116 -0.38568 0.477087 -0.243075 -0.38284 0.472242
-0.272095 -0.385788 0.477261 -0.244052 -0.382948 0.472416
-0.273073 -0.385897 0.477435 -0.24503 -0.383057 0.47259
-0.274052 -0.386006 0.477609 -0.246008 -0.383165 0.472764
-0.275031 -0.386115 0.477783 -0.246985 -0.383274 0.472939
-0.27601 -0.386223 0.477957 -0.247963 -0.383382 0.473113
-0.276988 -0.386332 0.478131 -0.248941 -0.383491 0.473287
-0.277967 -0.386441 0.478305 -0.249919 -0.383599 0.473461
-0.278946 -0.38655 0.478479 -0.250896 -0.383708 0.473635
-0.279924 -0.386658 0.478653 -0.251874 -0.383816 0.473809
-0.280903 -0.386767 0.478827 -0.252852 -0.383925 0.473984
-0.281882 -0.386876 0.479001 -0.25383 -0.384033 0.474158
-0.282861 -0.386985 0.479175 -0.254808 -0.384142 0.474332
-0.283839 -0.387093 0.479349 -0.255786 -0.38425 0.474506
-0.284818 -0.387202 0.479523 -0.256764 -0.384359 0.47468
-0.285797 -0.387311 0.479697 -0.257742 -0.384467 0.474855
-0.286775 -0.387419 0.479871 -0.25872 -0.384576 0.475029
-0.287754 -0.387528 0.480045 -0.259698 -0.384684 0.475203
-0.288733 -0.387637 0.480219 -0.260676 -0.384793 0.475377
-0.289712 -0.387746 0.480393 -0.261655 -0.384902 0.475552
-0.29069 -0.387854 0.480567 -0.262633 -0.38501 0.475726
-0.291669 -0.387963 0.480741 -0.263611 -0.385119 0.4759
-0.292648 -0.388072 0.480915 -0.26459 -0.385227 0.476074
-0.293627 -0.388181 0.481089 -0.265568 -0.385336 0.476249
-0.294605 -0.388289 0.481263 -0.266546 -0.385445 0.476423
-0.295584 -0.388398 0.481437 -0.267525 -0.385553 0.476597
-0.296563 -0.388507 0.481611 -0.268503 -0.385662 0.476772
-0.297541 -0.388616 0.481785 -0.269482 -0.385771 0.476946
-0.29852 -0.388724 0.481959 -0.27046 -0.385879 0.47712
-0.299499 -0.388833 0.482133 -0.271439 -0.385988 0.477295
-0.300478 -0.388942 0.482307 -0.272417 -0.386097 0.477469
-0.301456 -0.389051 0.482481 -0.273396 -0.386205 0.477643
-0.302435 -0.389159 0.482655 -0.274375 -0.386314 0.477817
-0.303414 -0.389268 0.482829 -0.275353 -0.386422 0.477992
-0.304393 -0.389377 0.483003 -0.276332 -0.386531 0.478166
-0.305371 -0.389486 0.483177 -0.27731 -0.38664 0.47834
-0.30635 -0.389594 0.483351 -0.278289 -0.386748 0.478515
-0.307329 -0.389703 0.483525 -0.279268 -0.386857 0.478689
-0.308307 -0.389812 0.483699 -0.280247 -0.386966 0.478863
-0.309286 -0.389921 0.483873 -0.281225 -0.387074 0.479038
-0.310265 -0.390029 0.484047 -0.281715 -0.387129 0.479125
-0.311244 -0.390138 0.484221 -0.283672 -0.387346 0.479473
-0.312222 -0.390247 0.484395 -0.284651 -0.387455 0.479648
-0.313201 -0.390356 0.484569 -0.28563 -0.387563 0.479822
-0.31418 -0.390464 0.484743 -0.286119 -0.387618 0.479909
-0.315158 -0.390573 0.484917 -0.287587 -0.387781 0.480171
-0.316137 -0.390682 0.485091 -0.288564 -0.387889 0.480345
-0.317116 -0.390791 0.485265 -0.289053 -0.387943 0.480432
-0.318095 -0.390899 0.485439 -0.290518 -0.388106 0.480692
-0.319073 -0.391008 0.485613 -0.291494 -0.388214 0.480866
-0.320052 -0.391117 0.485787 -0.29247 -0.388322 0.48104
-0.321031 -0.391226 0.485961 -0.293445 -0.38843 0.481213
-0.32201 -0.391334 0.486135 -0.29442 -0.388538 0.481387
-0.322988 -0.391443 0.486309 -0.295395 -0.388646 0.48156
-0.323967 -0.391552 0.486483 -0.296369 -0.388754 0.481734
-0.324946 -0.391661 0.486657 -0.29783 -0.388916 0.481994
-0.325924 -0.391769 0.486831 -0.298804 -0.389024 0.482167
-0.326903 -0.391878 0.487005 -0.299777 -0.389132 0.48234
-0.327882 -0.391987 0.487179 -0.300748 -0.38924 0.482513
-0.328861 -0.392096 0.487353 -0.301718 -0.389347 0.482686
-0.329839 -0.392204 0.487527 -0.302684 -0.389454 0.482857
-0.330818 -0.392313 0.487701 -0.303648 -0.38956 0.483029
-0.331797 -0.392422 0.487875 -0.30461 -0.389666 0.4832
-0.332775 -0.392531 0.488049 -0.30557 -0.389772 0.48337
-0.333754 -0.392639 0.488223 -0.30653 -0.389878 0.48354
-0.334733 -0.392748 0.488397 -0.307488 -0.389983 0.483711
-0.335712 -0.392857 0.488571 -0.308445 -0.390089 0.483881
-0.33669 -0.392966 0.488745 -0.309401 -0.390194 0.48405
-0.337669 -0.393074 0.488919 -0.310357 -0.3903 0.48422
-0.338648 -0.393183 0.489093 -0.311311 -0.390405 0.48439
-0.339627 -0.393292 0.489267 -0.311788 -0.390458 0.484474
-0.340605 -0.393401 0.489441 -0.31322 -0.390616 0.484729
-0.341584 -0.393509 0.489615 -0.314174 -0.390721 0.484898
-0.342563 -0.393618 0.489789 -0.315127 -0.390827 0.485068
-0.343541 -0.393727 0.489963 -0.316081 -0.390932 0.485237
-0.34452 -0.393836 0.490137 -0.317036 -0.391038 0.485407
-0.345499 -0.393944 0.490311 -0.31799 -0.391143 0.485577
-0.346478 -0.394053 0.490485 -0.318945 -0.391249 0.485747
-0.347456 -0.394162 0.490659 -0.319901 -0.391355 0.485917
-0.348435 -0.394271 0.490833 -0.320856 -0.391461 0.486087
-0.349414 -0.394379 0.491007 -0.321813 -0.391567 0.486257
-0.350393 -0.394488 0.491181 -0.32277 -0.391673 0.486427
-0.351371 -0.394597 0.491355 -0.323728 -0.39178 0.486598
-0.35235 -0.394706 0.491529 -0.324686 -0.391886 0.486769
-0.353329 -0.394814 0.491703 -0.325645 -0.391993 0.486939
-0.354307 -0.394923 0.491877 -0.326604 -0.392099 0.48711
-0.355286 -0.395032 0.492051 -0.327565 -0.392206 0.487281
-0.356265 -0.395141 0.492225 -0.328526 -0.392313 0.487453
-0.357244 -0.395249 0.492399 -0.329488 -0.39242 0.487624
-0.358222 -0.395358 0.492573 -0.33045 -0.392527 0.487796
-0.359201 -0.395467 0.492747 -0.331413 -0.392635 0.487967
-0.36018 -0.395576 0.492921 -0.332377 -0.392742 0.488139
-0.361158 -0.395684 0.493095 -0.333342 -0.392849 0.488311
-0.362137 -0.395793 0.493269 -0.334307 -0.392957 0.488483
-0.363116 -0.395902 0.493443 -0.335273 -0.393065 0.488655
-0.364095 -0.396011 0.493617 -0.336239 -0.393172 0.488827
-0.365073 -0.396119 0.493791 -0.337687 -0.393333 0.489085
-0.366052 -0.396228 0.493965 -0.338653 -0.393441 0.489257
-0.367031 -0.396337 0.494139 -0.339619 -0.393548 0.489429
-0.36801 -0.396446 0.494313 -0.340585 -0.393656 0.489602
-0.368988 -0.396554 0.494487 -0.34155 -0.393763 0.489774
-0.369967 -0.396663 0.494661 -0.342516 -0.393871 0.489946
-0.370946 -0.396772 0.494835 -0.343482 -0.393978 0.490118
-0.371924 -0.39688 0.495009 -0.344448 -0.394086 0.49029
-0.372903 -0.396989 0.495183 -0.345415 -0.394194 0.490462
-0.373882 -0.397098 0.495357 -0.346382 -0.394301 0.490634
-0.374861 -0.397207 0.495531 -0.347349 -0.394409 0.490807
-0.375839 -0.397315 0.495705 -0.348317 -0.394517 0.490979
-0.376818 -0.397424 0.495879 -0.349286 -0.394624 0.491152
-0.377797 -0.397533 0.496053 -0.350255 -0.394732 0.491325
-0.378775 -0.397642 0.496227 -0.351224 -0.39484 0.491497
-0.379754 -0.39775 0.496401 -0.352192 -0.394948 0.49167
-0.380733 -0.397859 0.496575 -0.353158 -0.395055 0.491842
-0.381712 -0.397968 0.496749 -0.354123 -0.395162 0.492013
-0.38269 -0.398077 0.496923 -0.355088 -0.39527 0.492185
-0.383669 -0.398185 0.497097 -0.356055 -0.395377 0.492358
-0.384648 -0.398294 0.497271 -0.356539 -0.395431 0.492444
-0.385627 -0.398403 0.497445 -0.358963 -0.395701 0.492876
-0.386605 -0.398512 0.497619 -0.359932 -0.395808 0.493048
-0.387584 -0.39862 0.497793 -0.360899 -0.395916 0.49322
-0.388563 -0.398729 0.497967 -0.36186 -0.396022 0.493391
-0.389541 -0.398838 0.498141 -0.362816 -0.396128 0.493561
-0.39052 -0.398947 0.498315 -0.363767 -0.396233 0.49373
-0.391499 -0.399055 0.498489 -0.36424 -0.396285 0.493814
-0.392478 -0.399164 0.498663 -0.366125 -0.396492 0.494148
-0.393456 -0.399273 0.498837 -0.367063 -0.396595 0.494314
-0.394435 -0.399382 0.499011 -0.367532 -0.396646 0.494397
-0.395414 -0.39949 0.499185 -0.368466 -0.396749 0.494562
-0.396393 -0.399599 0.499359 -0.369399 -0.396851 0.494728
-0.397371 -0.399708 0.499533 -0.37033 -0.396953 0.494892
-0.39835 -0.399817 0.499707 -0.37126 -0.397055 0.495057
-0.399329 -0.399925 0.499881 -0.37219 -0.397157 0.495222
-0.400307 -0.400034 0.500055 -0.373119 -0.397259 0.495387
-0.399329 -0.399925 0.499881 -0.374048 -0.397362 0.495551
-0.400307 -0.400034 0.500055 -0.374977 -0.397464 0.495716
-0.399329 -0.399925 0.499881 -0.375908 -0.397567 0.495881
-0.400307 -0.400034 0.500055 -0.376838 -0.397669 0.496047
-0.399329 -0.399925 0.499881 -0.377769 -0.397772 0.496212
-0.400307 -0.400034 0.500055 -0.378696 -0.397874 0.496377
-0.399329 -0.399925 0.499881 -0.379616 -0.397976 0.496539
-0.400307 -0.400034 0.500055 -0.380524 -0.398075 0.4967
-0.399329 -0.399925 0.499881 -0.381419 -0.398172 0.496858
-0.400307 -0.400034 0.500055 -0.382297 -0.398267 0.497013
-0.399329 -0.399925 0.499881 -0.383157 -0.398359 0.497163
-0.400307 -0.400034 0.500055 -0.383997 -0.398448 0.49731
-0.399329 -0.399925 0.499881 -0.384815 -0.398534 0.497452
-0.400307 -0.400034 0.500055 -0.38561 -0.398617 0.49759
-0.399329 -0.399925 0.499881 -0.386381 -0.398697 0.497723
-0.400307 -0.400034 0.500055 -0.387126 -0.398773 0.497851
-0.399329 -0.399925 0.499881 -0.387843 -0.398846 0.497974
-0.400307 -0.400034 0.500055 -0.388534 -0.398915 0.498092
-0.399329 -0.399925 0.499881 -0.3892 -0.398982 0.498205
-0.400307 -0.400034 0.500055 -0.38984 -0.399045 0.498314
-0.399329 -0.399925 0.499881 -0.390454 -0.399105 0.498417
-0.400307 -0.400034 0.500055 -0.391043 -0.399162 0.498517
-0.399329 -0.399925 0.499881 -0.391606 -0.399216 0.498611
-0.400307 -0.400034 0.500055 -0.392145 -0.399268 0.498701
-0.399329 -0.399925 0.499881 -0.392658 -0.399317 0.498787
-0.400307 -0.400034 0.500055 -0.393148 -0.399363 0.498869
-0.399329 -0.399925 0.499881 -0.393614 -0.399407 0.498946
-0.400307 -0.400034 0.500055 -0.394057 -0.399448 0.499019
-0.399329 -0.399925 0.499881 -0.394478 -0.399487 0.499089
-0.400307 -0.400034 0.500055 -0.394877 -0.399524 0.499155
-0.399329 -0.399925 0.499881 -0.395255 -0.399559 0.499217
-0.400307 -0.400034 0.500055 -0.395613 -0.399592 0.499276
-0.399329 -0.399925 0.499881 -0.39595 -0.399623 0.499332
-0.400307 -0.400034 0.500055 -0.396269 -0.399652 0.499384
-0.399329 -0.399925 0.499881 -0.39657 -0.399679 0.499433
-0.400307 -0.400034 0.500055 -0.396853 -0.399705 0.49948
-0.399329 -0.399925 0.499881 -0.397119 -0.399729 0.499523
-0.400307 -0.400034 0.500055 -0.397369 -0.399752 0.499564
-0.399329 -0.399925 0.499881 -0.397603 -0.399773 0.499602
-0.400307 -0.400034 0.500055 -0.397823 -0.399793 0.499638
-0.399329 -0.399925 0.499881 -0.398028 -0.399811 0.499672
-0.400307 -0.400034 0.500055 -0.39822 -0.399829 0.499703
-0.399329 -0.399925 0.499881 -0.3984 -0.399845 0.499733
-0.400307 -0.400034 0.500055 -0.398485 -0.399853 0.499747
-0.399329 -0.399925 0.499881 -0.398723 -0.399874 0.499786
-0.400307 -0.400034 0.500055 -0.398868 -0.399887 0.499809
-0.399329 -0.399925 0.499881 -0.399003 -0.3999 0.499832
-0.400307 -0.400034 0.500055 -0.399128 -0.399911 0.499852
