0.498161 -0.300204 0.340327 0.499139 -0.300096 0.340154
0.497182 -0.300313 0.340501 0.499139 -0.300096 0.340154
0.496203 -0.300422 0.340675 0.499139 -0.300096 0.340154
0.495225 -0.300531 0.340849 0.499139 -0.300096 0.340154
0.494246 -0.300639 0.341023 0.499138 -0.300096 0.340154
0.493267 -0.300748 0.341197 0.499132 -0.300096 0.340155
0.492288 -0.300857 0.341371 0.499116 -0.300098 0.340158
0.49131 -0.300966 0.341545 0.499087 -0.300101 0.340163
0.490331 -0.301074 0.341719 0.499066 -0.300104 0.340167
0.489352 -0.301183 0.341893 0.49901 -0.30011 0.340177
0.488374 -0.301292 0.342067 0.498836 -0.30013 0.340208
0.487395 -0.301401 0.342241 0.498718 -0.300144 0.34023
0.486416 -0.301509 0.342415 0.498579 -0.300159 0.340255
0.485437 -0.301618 0.342589 0.498419 -0.300178 0.340284
0.484459 -0.301727 0.342763 0.498235 -0.300199 0.340318
0.48348 -0.301836 0.342937 0.498027 -0.300223 0.340356
0.482501 -0.301944 0.343111 0.497793 -0.30025 0.340399
0.481522 -0.302053 0.343285 0.497532 -0.300281 0.340447
0.480544 -0.302162 0.343459 0.497243 -0.300314 0.3405
0.479565 -0.302271 0.343633 0.496925 -0.300352 0.340559
0.478586 -0.302379 0.343807 0.496579 -0.300392 0.340623
0.477608 -0.302488 0.343981 0.496204 -0.300436 0.340692
0.476629 -0.302597 0.344155 0.495802 -0.300484 0.340767
0.47565 -0.302706 0.344329 0.495372 -0.300534 0.340847
0.474671 -0.302814 0.344503 0.494915 -0.300588 0.340931
0.473693 -0.302923 0.344677 0.494677 -0.300616 0.340975
0.472714 -0.303032 0.344851 0.494182 -0.300675 0.341067
0.471735 -0.303141 0.345025 0.493661 -0.300736 0.341164
0.470757 -0.303249 0.345199 0.493117 -0.3008 0.341265
0.469778 -0.303358 0.345373 0.492549 -0.300867 0.341371
0.468799 -0.303467 0.345547 0.491957 -0.300937 0.34148
0.46782 -0.303576 0.345721 0.491343 -0.30101 0.341594
0.466842 -0.303684 0.345895 0.490706 -0.301085 0.341712
0.465863 -0.303793 0.346069 0.490049 -0.301162 0.341834
0.464884 -0.303902 0.346243 0.489372 -0.301242 0.34196
0.463905 -0.304011 0.346417 0.488675 -0.301324 0.342089
0.462927 -0.304119 0.346591 0.48796 -0.301408 0.342221
0.461948 -0.304228 0.346765 0.487228 -0.301494 0.342356
0.460969 -0.304337 0.346939 0.48648 -0.301582 0.342494
0.459991 -0.304445 0.347113 0.485716 -0.301671 0.342635
0.459012 -0.304554 0.347287 0.484937 -0.301762 0.342778
0.458033 -0.304663 0.347461 0.484144 -0.301855 0.342924
0.457054 -0.304772 0.347635 0.483338 -0.301949 0.343072
0.456076 -0.30488 0.347809 0.48252 -0.302044 0.343223
0.455097 -0.304989 0.347983 0.481689 -0.302141 0.343375
0.454118 -0.305098 0.348157 0.480848 -0.302238 0.343529
0.453139 -0.305207 0.348331 0.479995 -0.302337 0.343685
0.452161 -0.305315 0.348505 0.479133 -0.302437 0.343842
0.451182 -0.305424 0.348679 0.478261 -0.302537 0.344001
0.450203 -0.305533 0.348853 0.477381 -0.302639 0.344162
0.449225 -0.305642 0.349027 0.476493 -0.302741 0.344323
0.448246 -0.30575 0.349201 0.475597 -0.302844 0.344486
0.447267 -0.305859 0.349375 0.474694 -0.302948 0.34465
0.446288 -0.305968 0.349549 0.473785 -0.303052 0.344815
0.44531 -0.306077 0.349723 0.472869 -0.303156 0.34498
0.444331 -0.306185 0.349897 0.471948 -0.303261 0.345147
0.443352 -0.306294 0.350071 0.471021 -0.303367 0.345314
0.442374 -0.306403 0.350245 0.470089 -0.303473 0.345483
0.441395 -0.306512 0.350419 0.469153 -0.303579 0.345651
0.440416 -0.30662 0.350593 0.468213 -0.303686 0.345821
0.439437 -0.306729 0.350767 0.467268 -0.303793 0.34599
0.438459 -0.306838 0.350941 0.46632 -0.3039 0.346161
0.43748 -0.306947 0.351115 0.465368 -0.304008 0.346332
0.436501 -0.307055 0.351289 0.464414 -0.304116 0.346503
0.435522 -0.307164 0.351463 0.463456 -0.304224 0.346674
0.434544 -0.307273 0.351637 0.462495 -0.304332 0.346846
0.433565 -0.307382 0.351811 0.461532 -0.30444 0.347019
0.432586 -0.30749 0.351985 0.460567 -0.304549 0.347191
0.431608 -0.307599 0.352159 0.4596 -0.304657 0.347364
0.430629 -0.307708 0.352333 0.458631 -0.304766 0.347537
0.42965 -0.307817 0.352507 0.45766 -0.304875 0.34771
0.428671 -0.307925 0.352681 0.456688 -0.304984 0.347884
0.427693 -0.308034 0.352855 0.455714 -0.305093 0.348057
0.426714 -0.308143 0.353029 0.454739 -0.305202 0.348231
0.425735 -0.308252 0.353203 0.453763 -0.305311 0.348405
0.424757 -0.30836 0.353377 0.452785 -0.30542 0.348579
0.423778 -0.308469 0.353551 0.451808 -0.305529 0.348752
0.422799 -0.308578 0.353725 0.450829 -0.305639 0.348926
0.42182 -0.308687 0.353899 0.449849 -0.305748 0.349101
0.420842 -0.308795 0.354073 0.448869 -0.305857 0.349275
0.419863 -0.308904 0.354247 0.447889 -0.305966 0.349449
0.418884 -0.309013 0.354421 0.446907 -0.306076 0.349623
0.417905 -0.309122 0.354595 0.445926 -0.306185 0.349797
0.416927 -0.30923 0.354769 0.444944 -0.306294 0.349971
0.415948 -0.309339 0.354943 0.443962 -0.306403 0.350146
0.414969 -0.309448 0.355117 0.44298 -0.306513 0.35032
0.413991 -0.309557 0.355291 0.441998 -0.306622 0.350494
0.413012 -0.309665 0.355465 0.441015 -0.306731 0.350668
0.412033 -0.309774 0.355639 0.440032 -0.30684 0.350843
0.411054 -0.309883 0.355813 0.439049 -0.30695 0.351017
0.410076 -0.309992 0.355987 0.438067 -0.307059 0.351191
0.409097 -0.3101 0.356161 0.437084 -0.307168 0.351365
0.408118 -0.310209 0.356335 0.436101 -0.307277 0.351539
0.407139 -0.310318 0.356509 0.435118 -0.307387 0.351713
0.406161 -0.310427 0.356683 0.434135 -0.307496 0.351888
0.405182 -0.310535 0.356857 0.433153 -0.307605 0.352062
0.404203 -0.310644 0.357031 0.43217 -0.307714 0.352236
0.403225 -0.310753 0.357205 0.431186 -0.307823 0.35241
0.402246 -0.310862 0.357379 0.430203 -0.307933 0.352584
0.401267 -0.31097 0.357553 0.42922 -0.308042 0.352758
0.400288 -0.311079 0.357727 0.428728 -0.308097 0.352846
0.39931 -0.311188 0.3579 0.427745 -0.308206 0.35302
0.398331 -0.311297 0.358074 0.42627 -0.30837 0.353281
0.397352 -0.311405 0.358248 0.425288 -0.308479 0.353455
0.396374 -0.311514 0.358422 0.424305 -0.308588 0.353629
0.395395 -0.311623 0.358596 0.423814 -0.308643 0.353716
0.394416 -0.311732 0.35877 0.422831 -0.308752 0.353891
0.393437 -0.31184 0.358944 0.421849 -0.308861 0.354065
0.392459 -0.311949 0.359118 0.420867 -0.30897 0.354239
0.39148 -0.312058 0.359292 0.419885 -0.309079 0.354413
0.390501 -0.312167 0.359466 0.418413 -0.309243 0.354673
0.389522 -0.312275 0.35964 0.417432 -0.309352 0.354847
0.388544 -0.312384 0.359814 0.41645 -0.309461 0.355021
0.387565 -0.312493 0.359988 0.415959 -0.309516 0.355108
0.386586 -0.312602 0.360162 0.414978 -0.309625 0.355282
0.385608 -0.31271 0.360336 0.413997 -0.309734 0.355456
0.384629 -0.312819 0.36051 0.413016 -0.309843 0.35563
0.38365 -0.312928 0.360684 0.412035 -0.309952 0.355804
0.382671 -0.313037 0.360858 0.411055 -0.310061 0.355978
0.381693 -0.313145 0.361032 0.410074 -0.31017 0.356151
0.380714 -0.313254 0.361206 0.409094 -0.31028 0.356325
0.379735 -0.313363 0.36138 0.408114 -0.310389 0.356499
0.378757 -0.313471 0.361554 0.407134 -0.310498 0.356673
0.377778 -0.31358 0.361728 0.406154 -0.310607 0.356846
0.376799 -0.313689 0.361902 0.405174 -0.310716 0.35702
0.37582 -0.313798 0.362076 0.404194 -0.310825 0.357194
0.374842 -0.313906 0.36225 0.403215 -0.310934 0.357368
0.373863 -0.314015 0.362424 0.402235 -0.311043 0.357541
0.372884 -0.314124 0.362598 0.401256 -0.311152 0.357715
0.371905 -0.314233 0.362772 0.400276 -0.311261 0.357889
0.370927 -0.314341 0.362946 0.399297 -0.31137 0.358062
0.369948 -0.31445 0.36312 0.398318 -0.311479 0.358236
0.368969 -0.314559 0.363294 0.397339 -0.311588 0.35841
0.367991 -0.314668 0.363468 0.396359 -0.311697 0.358583
0.367012 -0.314776 0.363642 0.39538 -0.311806 0.358757
0.366033 -0.314885 0.363816 0.394399 -0.311916 0.358931
0.365054 -0.314994 0.36399 0.393419 -0.312025 0.359105
0.364076 -0.315103 0.364164 0.392438 -0.312134 0.359279
0.363097 -0.315211 0.364338 0.391458 -0.312244 0.359453
0.362118 -0.31532 0.364512 0.390478 -0.312353 0.359627
0.361139 -0.315429 0.364686 0.389498 -0.312462 0.359801
0.360161 -0.315538 0.36486 0.388518 -0.312571 0.359975
0.359182 -0.315646 0.365034 0.387539 -0.31268 0.360148
0.358203 -0.315755 0.365208 0.386559 -0.31279 0.360322
0.357225 -0.315864 0.365382 0.38558 -0.312899 0.360496
0.356246 -0.315973 0.365556 0.3846 -0.313008 0.36067
0.355267 -0.316081 0.36573 0.383621 -0.313117 0.360843
0.354288 -0.31619 0.365904 0.382642 -0.313226 0.361017
0.35331 -0.316299 0.366078 0.382152 -0.313281 0.361104
0.352331 -0.316408 0.366252 0.380196 -0.313499 0.361451
0.351352 -0.316516 0.366426 0.379221 -0.313607 0.361624
0.350374 -0.316625 0.3666 0.37825 -0.313715 0.361796
0.349395 -0.316734 0.366774 0.377278 -0.313823 0.361968
0.348416 -0.316843 0.366948 0.376306 -0.313932 0.362141
0.347437 -0.316951 0.367122 0.375333 -0.31404 0.362313
0.346459 -0.31706 0.367296 0.374359 -0.314148 0.362486
0.34548 -0.317169 0.36747 0.373385 -0.314257 0.362659
0.344501 -0.317278 0.367644 0.372409 -0.314366 0.362832
0.343522 -0.317386 0.367818 0.371434 -0.314474 0.363005
0.342544 -0.317495 0.367992 0.370458 -0.314583 0.363178
0.341565 -0.317604 0.368166 0.369481 -0.314692 0.363351
0.340586 -0.317713 0.36834 0.368504 -0.314801 0.363525
0.339608 -0.317821 0.368514 0.367526 -0.31491 0.363698
0.338629 -0.31793 0.368688 0.366548 -0.31502 0.363872
0.33765 -0.318039 0.368862 0.36557 -0.315129 0.364045
0.336671 -0.318148 0.369036 0.364591 -0.315238 0.364219
0.335693 -0.318256 0.36921 0.363612 -0.315347 0.364393
0.334714 -0.318365 0.369384 0.362632 -0.315457 0.364567
0.333735 -0.318474 0.369558 0.361652 -0.315566 0.364741
0.332757 -0.318583 0.369732 0.360671 -0.315676 0.364915
0.331778 -0.318691 0.369906 0.359691 -0.315785 0.365089
0.330799 -0.3188 0.37008 0.35871 -0.315895 0.365263
0.32982 -0.318909 0.370254 0.357729 -0.316005 0.365437
0.328842 -0.319018 0.370428 0.356748 -0.316114 0.365611
0.327863 -0.319126 0.370602 0.355767 -0.316224 0.365785
0.326884 -0.319235 0.370776 0.354786 -0.316333 0.365959
0.325905 -0.319344 0.37095 0.353806 -0.316443 0.366133
0.324927 -0.319453 0.371124 0.352824 -0.316552 0.366308
0.323948 -0.319561 0.371298 0.351843 -0.316662 0.366482
0.322969 -0.31967 0.371472 0.350862 -0.316771 0.366656
0.321991 -0.319779 0.371646 0.349881 -0.316881 0.36683
0.321012 -0.319888 0.37182 0.3489 -0.31699 0.367004
0.320033 -0.319996 0.371994 0.34792 -0.3171 0.367178
0.319054 -0.320105 0.372168 0.346939 -0.317209 0.367352
0.318076 -0.320214 0.372342 0.345959 -0.317319 0.367526
0.317097 -0.320323 0.372516 0.344978 -0.317428 0.3677
0.316118 -0.320431 0.37269 0.343998 -0.317537 0.367874
0.315139 -0.32054 0.372864 0.343018 -0.317647 0.368047
0.314161 -0.320649 0.373038 0.342038 -0.317756 0.368221
0.313182 -0.320758 0.373212 0.341058 -0.317866 0.368395
0.312203 -0.320866 0.373386 0.340078 -0.317975 0.368569
0.311225 -0.320975 0.37356 0.339098 -0.318084 0.368743
0.310246 -0.321084 0.373734 0.338118 -0.318193 0.368916
0.309267 -0.321193 0.373908 0.337139 -0.318303 0.36909
0.308288 -0.321301 0.374082 0.336159 -0.318412 0.369264
0.30731 -0.32141 0.374256 0.335178 -0.318522 0.369438
0.306331 -0.321519 0.37443 0.334197 -0.318631 0.369612
0.305352 -0.321628 0.374604 0.333217 -0.318741 0.369786
0.304374 -0.321736 0.374778 0.332236 -0.31885 0.36996
0.303395 -0.321845 0.374952 0.331255 -0.31896 0.370134
0.302416 -0.321954 0.375126 0.330274 -0.319069 0.370308
0.301437 -0.322063 0.3753 0.329294 -0.319178 0.370482
0.300459 -0.322171 0.375474 0.328313 -0.319288 0.370655
0.29948 -0.32228 0.375648 0.327332 -0.319397 0.370829
0.298501 -0.322389 0.375822 0.326352 -0.319507 0.371003
0.297522 -0.322498 0.375996 0.325371 -0.319616 0.371177
0.296544 -0.322606 0.37617 0.32439 -0.319726 0.371351
0.295565 -0.322715 0.376344 0.32341 -0.319835 0.371525
0.294586 -0.322824 0.376518 0.32243 -0.319944 0.371699
0.293608 -0.322932 0.376692 0.321451 -0.320054 0.371872
0.292629 -0.323041 0.376866 0.320471 -0.320163 0.372046
0.29165 -0.32315 0.37704 0.31998 -0.320218 0.372133
0.290671 -0.323259 0.377214 0.319 -0.320327 0.372307
0.289693 -0.323367 0.377388 0.31802 -0.320437 0.37248
0.288714 -0.323476 0.377562 0.317041 -0.320546 0.372654
0.287735 -0.323585 0.377736 0.316061 -0.320655 0.372828
0.286756 -0.323694 0.37791 0.314593 -0.320819 0.373088
0.285778 -0.323802 0.378084 0.314103 -0.320874 0.373175
0.284799 -0.323911 0.378258 0.312634 -0.321038 0.373435
0.28382 -0.32402 0.378432 0.312145 -0.321092 0.373522
0.282842 -0.324129 0.378606 0.311166 -0.321202 0.373696
0.281863 -0.324237 0.37878 0.310187 -0.321311 0.373869
0.280884 -0.324346 0.378954 0.309208 -0.32142 0.374043
0.279905 -0.324455 0.379128 0.308229 -0.321529 0.374216
0.278927 -0.324564 0.379302 0.306762 -0.321693 0.374476
0.277948 -0.324672 0.379476 0.305783 -0.321802 0.37465
0.276969 -0.324781 0.37965 0.304805 -0.321911 0.374823
0.275991 -0.32489 0.379824 0.304316 -0.321966 0.37491
0.275012 -0.324999 0.379998 0.303338 -0.322075 0.375083
0.274033 -0.325107 0.380172 0.30236 -0.322184 0.375257
0.273054 -0.325216 0.380346 0.301382 -0.322293 0.37543
0.272076 -0.325325 0.38052 0.300404 -0.322402 0.375603
0.271097 -0.325434 0.380694 0.299426 -0.322512 0.375777
0.270118 -0.325542 0.380868 0.298447 -0.322621 0.37595
0.269139 -0.325651 0.381042 0.297469 -0.32273 0.376123
0.268161 -0.32576 0.381216 0.296491 -0.322839 0.376297
0.267182 -0.325869 0.38139 0.295512 -0.322948 0.37647
0.266203 -0.325977 0.381564 0.294532 -0.323058 0.376644
0.265225 -0.326086 0.381738 0.293553 -0.323167 0.376818
0.264246 -0.326195 0.381912 0.292574 -0.323277 0.376991
0.263267 -0.326304 0.382086 0.291594 -0.323386 0.377165
0.262288 -0.326412 0.38226 0.290615 -0.323495 0.377338
0.26131 -0.326521 0.382434 0.289635 -0.323605 0.377512
0.260331 -0.32663 0.382608 0.288655 -0.323714 0.377686
0.259352 -0.326739 0.382782 0.287674 -0.323824 0.37786
0.258374 -0.326847 0.382956 0.286694 -0.323933 0.378034
0.257395 -0.326956 0.38313 0.285713 -0.324043 0.378207
0.256416 -0.327065 0.383304 0.284733 -0.324153 0.378381
0.255437 -0.327174 0.383478 0.283753 -0.324262 0.378555
0.254459 -0.327282 0.383652 0.282773 -0.324372 0.378729
0.25348 -0.327391 0.383826 0.2813 -0.324536 0.37899
0.252501 -0.3275 0.384 0.280809 -0.324591 0.379077
0.251522 -0.327609 0.384174 0.279825 -0.324701 0.379251
0.250544 -0.327717 0.384348 0.278843 -0.324811 0.379425
0.249565 -0.327826 0.384522 0.278352 -0.324866 0.379512
0.248586 -0.327935 0.384696 0.276388 -0.325085 0.37986
0.247608 -0.328044 0.38487 0.275897 -0.32514 0.379947
0.246629 -0.328152 0.385044 0.274917 -0.32525 0.380121
0.24565 -0.328261 0.385218 0.273937 -0.325359 0.380295
0.244671 -0.32837 0.385392 0.272956 -0.325468 0.380469
0.243693 -0.328479 0.385566 0.271486 -0.325632 0.380729
0.242714 -0.328587 0.38574 0.270507 -0.325742 0.380903
0.241735 -0.328696 0.385914 0.270018 -0.325796 0.380989
0.240756 -0.328805 0.386088 0.269039 -0.325906 0.381163
0.239778 -0.328914 0.386262 0.26806 -0.326015 0.381336
0.238799 -0.329022 0.386436 0.266591 -0.326179 0.381596
0.23782 -0.329131 0.38661 0.266102 -0.326233 0.381683
0.236842 -0.32924 0.386784 0.265123 -0.326343 0.381856
0.235863 -0.329349 0.386958 0.264145 -0.326452 0.38203
0.234884 -0.329457 0.387132 0.263166 -0.326561 0.382203
0.233905 -0.329566 0.387306 0.262188 -0.32667 0.382376
0.232927 -0.329675 0.38748 0.26121 -0.326779 0.38255
0.231948 -0.329784 0.387654 0.260231 -0.326888 0.382723
0.230969 -0.329892 0.387828 0.259253 -0.326998 0.382896
0.229991 -0.330001 0.388002 0.258273 -0.327107 0.38307
0.229012 -0.33011 0.388176 0.257293 -0.327217 0.383244
0.228033 -0.330219 0.38835 0.256313 -0.327326 0.383417
0.227054 -0.330327 0.388524 0.255332 -0.327436 0.383591
0.226076 -0.330436 0.388698 0.254351 -0.327545 0.383765
0.225097 -0.330545 0.388872 0.25337 -0.327655 0.383939
0.224118 -0.330654 0.389046 0.25239 -0.327764 0.384113
0.223139 -0.330762 0.38922 0.251409 -0.327874 0.384286
0.222161 -0.330871 0.389394 0.250429 -0.327984 0.38446
0.221182 -0.33098 0.389568 0.249448 -0.328093 0.384634
0.220203 -0.331089 0.389742 0.248468 -0.328203 0.384807
0.219225 -0.331197 0.389916 0.247487 -0.328312 0.384981
0.218246 -0.331306 0.39009 0.246507 -0.328422 0.385155
0.217267 -0.331415 0.390264 0.245527 -0.328531 0.385328
0.216288 -0.331524 0.390438 0.244548 -0.32864 0.385502
0.21531 -0.331632 0.390612 0.243569 -0.32875 0.385675
0.214331 -0.331741 0.390786 0.24259 -0.328859 0.385849
0.213352 -0.33185 0.39096 0.241612 -0.328968 0.386022
0.212374 -0.331958 0.391134 0.240634 -0.329077 0.386195
0.211395 -0.332067 0.391308 0.239656 -0.329186 0.386368
0.210416 -0.332176 0.391482 0.238679 -0.329295 0.386542
0.209437 -0.332285 0.391656 0.237702 -0.329404 0.386715
0.208459 -0.332393 0.39183 0.236727 -0.329513 0.386887
0.20748 -0.332502 0.392004 0.235755 -0.329621 0.387059
0.206501 -0.332611 0.392178 0.234784 -0.329729 0.387231
0.205522 -0.33272 0.392352 0.233813 -0.329837 0.387403
0.204544 -0.332828 0.392526 0.23284 -0.329945 0.387575
0.203565 -0.332937 0.3927 0.231867 -0.330054 0.387748
0.202586 -0.333046 0.392874 0.230893 -0.330162 0.38792
0.201608 -0.333155 0.393048 0.229919 -0.330271 0.388093
0.200629 -0.333263 0.393222 0.228945 -0.33038 0.388265
0.19965 -0.333372 0.393396 0.227483 -0.330543 0.388524
0.198671 -0.333481 0.39357 0.226507 -0.330652 0.388697
0.197693 -0.33359 0.393744 0.22602 -0.330706 0.388783
0.196714 -0.333698 0.393918 0.225044 -0.330815 0.388956
0.195735 -0.333807 0.394092 0.22358 -0.330979 0.389216
0.194756 -0.333916 0.394266 0.223092 -0.331033 0.389302
0.193778 -0.334025 0.39444 0.222115 -0.331142 0.389475
0.192799 -0.334133 0.394614 0.221138 -0.331252 0.389648
0.19182 -0.334242 0.394787 0.220161 -0.331361 0.389821
0.190842 -0.334351 0.394961 0.219184 -0.33147 0.389995
0.189863 -0.33446 0.395135 0.217718 -0.331634 0.390254
0.188884 -0.334568 0.395309 0.217229 -0.331688 0.390341
0.187905 -0.334677 0.395483 0.21674 -0.331743 0.390428
0.186927 -0.334786 0.395657 0.214783 -0.331962 0.390774
0.185948 -0.334895 0.395831 0.213804 -0.332071 0.390948
0.184969 -0.335003 0.396005 0.213313 -0.332126 0.391035
0.183991 -0.335112 0.396179 0.212332 -0.332236 0.391209
0.183012 -0.335221 0.396353 0.211351 -0.332346 0.391382
0.182033 -0.33533 0.396527 0.20988 -0.33251 0.391643
0.181054 -0.335438 0.396701 0.208899 -0.33262 0.391817
0.180076 -0.335547 0.396875 0.207919 -0.33273 0.391991
0.179097 -0.335656 0.397049 0.206939 -0.332839 0.392164
0.178118 -0.335765 0.397223 0.205959 -0.332949 0.392338
0.177139 -0.335873 0.397397 0.204979 -0.333058 0.392512
0.176161 -0.335982 0.397571 0.203999 -0.333168 0.392685
0.175182 -0.336091 0.397745 0.203019 -0.333277 0.392859
0.174203 -0.3362 0.397919 0.202039 -0.333387 0.393033
0.173225 -0.336308 0.398093 0.201059 -0.333496 0.393206
0.172246 -0.336417 0.398267 0.200079 -0.333605 0.39338
0.171267 -0.336526 0.398441 0.1991 -0.333715 0.393553
0.170288 -0.336635 0.398615 0.19812 -0.333824 0.393727
0.16931 -0.336743 0.398789 0.197142 -0.333933 0.3939
0.168331 -0.336852 0.398963 0.196163 -0.334042 0.394073
0.167352 -0.336961 0.399137 0.195673 -0.334097 0.39416
0.166374 -0.33707 0.399311 0.195184 -0.334152 0.394247
0.165395 -0.337178 0.399485 0.193227 -0.33437 0.394593
0.164416 -0.337287 0.399659 0.19225 -0.334479 0.394767
0.163437 -0.337396 0.399833 0.191275 -0.334587 0.394939
0.162459 -0.337505 0.400007 0.190301 -0.334696 0.395112
0.16148 -0.337613 0.400181 0.189328 -0.334804 0.395284
0.160501 -0.337722 0.400355 0.188841 -0.334858 0.39537
0.159522 -0.337831 0.400529 0.187379 -0.335021 0.395629
0.158544 -0.33794 0.400703 0.186403 -0.33513 0.395802
0.157565 -0.338048 0.400877 0.185427 -0.335239 0.395975
0.156586 -0.338157 0.401051 0.184451 -0.335348 0.396148
0.155608 -0.338266 0.401225 0.183474 -0.335457 0.396321
0.154629 -0.338375 0.401399 0.182497 -0.335566 0.396494
0.15365 -0.338483 0.401573 0.18152 -0.335675 0.396667
0.152671 -0.338592 0.401747 0.180543 -0.335784 0.396841
0.151693 -0.338701 0.401921 0.180054 -0.335838 0.396927
0.150714 -0.33881 0.402095 0.178586 -0.336002 0.397187
0.149735 -0.338918 0.402269 0.178097 -0.336057 0.397274
0.148756 -0.339027 0.402443 0.176629 -0.336221 0.397534
0.147778 -0.339136 0.402617 0.17565 -0.33633 0.397708
0.146799 -0.339245 0.402791 0.17467 -0.33644 0.397881
0.14582 -0.339353 0.402965 0.17369 -0.336549 0.398055
0.144842 -0.339462 0.403139 0.1732 -0.336604 0.398142
0.143863 -0.339571 0.403313 0.17271 -0.336659 0.398229
0.142884 -0.33968 0.403487 0.17124 -0.336823 0.398489
0.141905 -0.339788 0.403661 0.169769 -0.336987 0.39875
0.140927 -0.339897 0.403835 0.169279 -0.337042 0.398837
0.139948 -0.340006 0.404009 0.167807 -0.337206 0.399097
0.138969 -0.340115 0.404183 0.166827 -0.337316 0.399271
0.137991 -0.340223 0.404357 0.166337 -0.33737 0.399358
0.137012 -0.340332 0.404531 0.165356 -0.33748 0.399532
0.136033 -0.340441 0.404705 0.163886 -0.337644 0.399792
0.135054 -0.34055 0.404879 0.162907 -0.337753 0.399966
0.134076 -0.340658 0.405053 0.161927 -0.337862 0.400139
0.133097 -0.340767 0.405227 0.161438 -0.337917 0.400226
0.132118 -0.340876 0.405401 0.159969 -0.338081 0.400487
0.131139 -0.340985 0.405575 0.158989 -0.33819 0.40066
0.130161 -0.341093 0.405749 0.15801 -0.338299 0.400834
0.129182 -0.341202 0.405923 0.15752 -0.338353 0.40092
0.128203 -0.341311 0.406097 0.155563 -0.338572 0.401267
0.127225 -0.341419 0.406271 0.154584 -0.338681 0.401441
0.126246 -0.341528 0.406445 0.153606 -0.33879 0.401614
0.125267 -0.341637 0.406619 0.152628 -0.338899 0.401788
0.124288 -0.341746 0.406793 0.151651 -0.339007 0.401961
0.12331 -0.341854 0.406967 0.150675 -0.339116 0.402134
0.122331 -0.341963 0.407141 0.149701 -0.339224 0.402306
0.121352 -0.342072 0.407315 0.148728 -0.339332 0.402479
0.120374 -0.342181 0.407489 0.147755 -0.33944 0.402651
0.119395 -0.342289 0.407663 0.146783 -0.339548 0.402823
0.118416 -0.342398 0.407837 0.145812 -0.339656 0.402995
0.117437 -0.342507 0.408011 0.144843 -0.339764 0.403167
0.116459 -0.342616 0.408185 0.143877 -0.339871 0.403338
0.11548 -0.342724 0.408359 0.142912 -0.339978 0.403509
0.114501 -0.342833 0.408533 0.141947 -0.340084 0.40368
0.113522 -0.342942 0.408707 0.140982 -0.340191 0.403851
0.112544 -0.343051 0.408881 0.140017 -0.340298 0.404022
0.111565 -0.343159 0.409055 0.139054 -0.340405 0.404193
0.110586 -0.343268 0.409229 0.138092 -0.340512 0.404364
0.109608 -0.343377 0.409403 0.137131 -0.340618 0.404534
0.108629 -0.343486 0.409577 0.136172 -0.340724 0.404704
0.10765 -0.343594 0.409751 0.135214 -0.34083 0.404874
0.106671 -0.343703 0.409925 0.134258 -0.340936 0.405043
0.105693 -0.343812 0.410099 0.133302 -0.341042 0.405213
0.104714 -0.343921 0.410273 0.132348 -0.341147 0.405382
0.103735 -0.344029 0.410447 0.131394 -0.341253 0.405551
0.102756 -0.344138 0.410621 0.13044 -0.341358 0.40572
0.101778 -0.344247 0.410795 0.129486 -0.341464 0.405889
0.100799 -0.344356 0.410969 0.128533 -0.34157 0.406058
0.0998203 -0.344464 0.411143 0.12758 -0.341675 0.406227
0.0988416 -0.344573 0.411317 0.126626 -0.341781 0.406396
0.0978629 -0.344682 0.411491 0.125672 -0.341887 0.406566
0.0968841 -0.344791 0.411665 0.124717 -0.341993 0.406735
0.0959054 -0.344899 0.411839 0.123761 -0.342099 0.406904
0.0949267 -0.345008 0.412013 0.122804 -0.342206 0.407074
0.093948 -0.345117 0.412187 0.121846 -0.342312 0.407244
0.0929692 -0.345226 0.412361 0.120888 -0.342419 0.407414
0.0919905 -0.345334 0.412535 0.119929 -0.342526 0.407584
0.0910118 -0.345443 0.412709 0.11897 -0.342633 0.407754
0.0900331 -0.345552 0.412883 0.118011 -0.34274 0.407925
0.0890543 -0.345661 0.413057 0.117051 -0.342847 0.408095
0.0880756 -0.345769 0.413231 0.11609 -0.342954 0.408265
0.0870969 -0.345878 0.413405 0.115128 -0.343061 0.408436
0.0861182 -0.345987 0.413579 0.114166 -0.343169 0.408607
0.0851395 -0.346096 0.413753 0.113203 -0.343276 0.408777
0.0841607 -0.346204 0.413927 0.112239 -0.343384 0.408948
0.083182 -0.346313 0.414101 0.111275 -0.343492 0.40912
0.0822033 -0.346422 0.414275 0.110311 -0.343599 0.409291
0.0812246 -0.346531 0.414449 0.109346 -0.343707 0.409462
0.0802458 -0.346639 0.414623 0.108381 -0.343815 0.409633
0.0792671 -0.346748 0.414797 0.107415 -0.343923 0.409805
0.0782884 -0.346857 0.414971 0.106449 -0.34403 0.409976
0.0773097 -0.346966 0.415145 0.105483 -0.344138 0.410148
0.0763309 -0.347074 0.415319 0.104999 -0.344192 0.410233
0.0753522 -0.347183 0.415493 0.103063 -0.344409 0.410577
0.0743735 -0.347292 0.415667 0.10209 -0.344518 0.41075
0.0733948 -0.347401 0.415841 0.101114 -0.344627 0.410923
0.072416 -0.347509 0.416015 0.100137 -0.344737 0.411096
0.0714373 -0.347618 0.416189 0.0991603 -0.344846 0.41127
0.0704586 -0.347727 0.416363 0.0986721 -0.344901 0.411356
0.0694799 -0.347836 0.416537 0.0976958 -0.34501 0.41153
0.0685012 -0.347944 0.416711 0.095746 -0.345228 0.411876
0.0675224 -0.348053 0.416885 0.0947726 -0.345336 0.412049
0.0665437 -0.348162 0.417059 0.0937994 -0.345445 0.412221
0.065565 -0.348271 0.417233 0.093313 -0.345499 0.412308
0.0645863 -0.348379 0.417407 0.0923409 -0.345607 0.41248
0.0636075 -0.348488 0.417581 0.0913695 -0.345715 0.412653
0.0626288 -0.348597 0.417755 0.0899135 -0.345877 0.412911
0.0616501 -0.348706 0.417929 0.0889433 -0.345985 0.413084
0.0606714 -0.348814 0.418103 0.0879733 -0.346093 0.413256
0.0596926 -0.348923 0.418277 0.0870035 -0.346201 0.413428
0.0587139 -0.349032 0.418451 0.0860338 -0.346309 0.4136
0.0577352 -0.349141 0.418625 0.085549 -0.346362 0.413686
0.0567565 -0.349249 0.418799 0.0840946 -0.346524 0.413945
0.0557777 -0.349358 0.418973 0.0836098 -0.346578 0.414031
0.054799 -0.349467 0.419147 0.0821555 -0.346739 0.414289
0.0538203 -0.349576 0.419321 0.0811858 -0.346847 0.414461
0.0528416 -0.349684 0.419495 0.0807008 -0.346901 0.414547
0.0518629 -0.349793 0.419669 0.0792456 -0.347063 0.414806
0.0508841 -0.349902 0.419843 0.0787604 -0.347117 0.414892
0.0499054 -0.350011 0.420017 0.0773046 -0.347278 0.41515
0.0489267 -0.350119 0.420191 0.0763337 -0.347386 0.415323
0.047948 -0.350228 0.420365 0.0753626 -0.347494 0.415495
0.0469692 -0.350337 0.420539 0.0743913 -0.347602 0.415668
0.0459905 -0.350445 0.420713 0.0734197 -0.34771 0.415841
0.0450118 -0.350554 0.420887 0.0729338 -0.347764 0.415927
0.0440331 -0.350663 0.421061 0.0714755 -0.347927 0.416186
0.0430543 -0.350772 0.421235 0.070503 -0.348035 0.416359
0.0420756 -0.35088 0.421409 0.0700167 -0.348089 0.416445
0.0410969 -0.350989 0.421583 0.0690441 -0.348197 0.416618
0.0401182 -0.351098 0.421757 0.0680714 -0.348305 0.416791
0.0391394 -0.351207 0.421931 0.0666118 -0.348467 0.41705
0.0381607 -0.351315 0.422105 0.0661251 -0.348522 0.417137
0.037182 -0.351424 0.422279 0.0646641 -0.348684 0.417396
0.0362033 -0.351533 0.422453 0.0641768 -0.348738 0.417483
0.0352246 -0.351642 0.422627 0.0627146 -0.348901 0.417743
0.0342458 -0.35175 0.422801 0.0617394 -0.34901 0.417916
0.0332671 -0.351859 0.422975 0.0612518 -0.349064 0.418003
0.0322884 -0.351968 0.423149 0.0597887 -0.349227 0.418263
0.0313097 -0.352077 0.423323 0.0588131 -0.349335 0.418436
0.0303309 -0.352185 0.423497 0.0578373 -0.349444 0.41861
0.0293522 -0.352294 0.423671 0.0568616 -0.349552 0.418783
0.0283735 -0.352403 0.423845 0.0558862 -0.349661 0.418956
0.0273948 -0.352512 0.424019 0.0549117 -0.349769 0.41913
0.026416 -0.35262 0.424193 0.053938 -0.349877 0.419303
0.0254373 -0.352729 0.424367 0.0529649 -0.349985 0.419476
0.0244586 -0.352838 0.424541 0.0519924 -0.350093 0.419649
0.0234799 -0.352947 0.424715 0.0510206 -0.350201 0.419821
0.0225011 -0.353055 0.424889 0.0500488 -0.350308 0.419994
0.0215224 -0.353164 0.425063 0.0490767 -0.350416 0.420167
0.0205437 -0.353273 0.425237 0.0481057 -0.350524 0.42034
0.019565 -0.353382 0.425411 0.0471366 -0.350631 0.420512
0.0185863 -0.35349 0.425585 0.0461698 -0.350738 0.420684
0.0176075 -0.353599 0.425759 0.0456873 -0.350791 0.42077
0.0166288 -0.353708 0.425933 0.0452053 -0.350845 0.420855
0.0156501 -0.353817 0.426107 0.0442426 -0.350951 0.421027
0.0146714 -0.353925 0.426281 0.0432813 -0.351057 0.421198
0.0136926 -0.354034 0.426455 0.0423213 -0.351163 0.421368
0.0127139 -0.354143 0.426629 0.0413624 -0.351268 0.421539
0.0117352 -0.354252 0.426803 0.0404021 -0.351374 0.42171
0.0107565 -0.35436 0.426977 0.0394381 -0.351481 0.421881
0.00977774 -0.354469 0.427151 0.0384707 -0.351589 0.422053
0.00879902 -0.354578 0.427325 0.0375002 -0.351697 0.422226
0.0078203 -0.354687 0.427499 0.0365271 -0.351805 0.422399
0.00684157 -0.354795 0.427673 0.0355521 -0.351914 0.422572
0.00586285 -0.354904 0.427847 0.034575 -0.352023 0.422746
0.00488413 -0.355013 0.428021 0.0335956 -0.352132 0.42292
0.0039054 -0.355122 0.428195 0.0326143 -0.352242 0.423095
0.00292668 -0.35523 0.428369 0.032123 -0.352297 0.423182
0.00194795 -0.355339 0.428543 0.0306459 -0.352462 0.423445
0.000969231 -0.355448 0.428717 0.0296578 -0.352573 0.423621
-9.49216e-06 -0.355557 0.428891 0.0286674 -0.352684 0.423797
-0.000988216 -0.355665 0.429065 0.0281715 -0.35274 0.423886
-0.00196694 -0.355774 0.429239 0.0266817 -0.352907 0.424151
-0.00294566 -0.355883 0.429413 0.0256876 -0.353018 0.424328
-0.00392439 -0.355992 0.429587 0.0246937 -0.35313 0.424505
-0.00490311 -0.3561 0.429761 0.0237004 -0.353241 0.424681
-0.00588183 -0.356209 0.429935 0.0227064 -0.353352 0.424858
-0.00686056 -0.356318 0.430109 0.0217107 -0.353463 0.425036
-0.00783928 -0.356427 0.430283 0.0207147 -0.353575 0.425213
-0.008818 -0.356535 0.430457 0.0197198 -0.353686 0.42539
-0.00979673 -0.356644 0.430631 0.0187261 -0.353797 0.425567
-0.0107755 -0.356753 0.430805 0.0177336 -0.353907 0.425744
-0.0117542 -0.356862 0.430979 0.0167423 -0.354017 0.42592
-0.0127329 -0.35697 0.431153 0.0157522 -0.354127 0.426096
-0.0137116 -0.357079 0.431327 0.0147633 -0.354237 0.426272
-0.0146903 -0.357188 0.431501 0.0137754 -0.354347 0.426448
-0.0156691 -0.357297 0.431675 0.0127886 -0.354456 0.426624
-0.0166478 -0.357405 0.431848 0.0118027 -0.354565 0.426799
-0.0176265 -0.357514 0.432022 0.0108174 -0.354674 0.426975
-0.0186052 -0.357623 0.432196 0.00983264 -0.354783 0.42715
-0.019584 -0.357732 0.43237 0.00884815 -0.354892 0.427325
-0.0205627 -0.35784 0.432544 0.00786379 -0.355001 0.427501
-0.0215414 -0.357949 0.432718 0.00687977 -0.35511 0.427676
-0.0225201 -0.358058 0.432892 0.00589617 -0.355219 0.427851
-0.0234989 -0.358167 0.433066 0.00491232 -0.355328 0.428026
-0.0244776 -0.358275 0.43324 0.00392765 -0.355437 0.428202
-0.0254563 -0.358384 0.433414 0.00294268 -0.355546 0.428377
-0.026435 -0.358493 0.433588 0.00195797 -0.355655 0.428552
-0.0274138 -0.358602 0.433762 0.000973926 -0.355764 0.428728
-0.0283925 -0.35871 0.433936 0.000482261 -0.355818 0.428815
-0.0293712 -0.358819 0.43411 -0.000500361 -0.355927 0.42899
-0.0303499 -0.358928 0.434284 -0.00197269 -0.35609 0.429253
-0.0313286 -0.359037 0.434458 -0.00344333 -0.356252 0.429515
-0.0323074 -0.359145 0.434632 -0.00442296 -0.356361 0.429689
-0.0332861 -0.359254 0.434806 -0.00540207 -0.356469 0.429863
-0.0342648 -0.359363 0.43498 -0.00589145 -0.356523 0.429951
-0.0352435 -0.359472 0.435154 -0.00735889 -0.356685 0.430212
-0.0362223 -0.35958 0.435328 -0.00784782 -0.356739 0.430299
-0.037201 -0.359689 0.435502 -0.00931404 -0.356901 0.43056
-0.0381797 -0.359798 0.435676 -0.0102911 -0.357009 0.430734
-0.0391584 -0.359906 0.43585 -0.0112679 -0.357117 0.430908
-0.0401372 -0.360015 0.436024 -0.0122445 -0.357225 0.431082
-0.0411159 -0.360124 0.436198 -0.0132212 -0.357333 0.431256
-0.0420946 -0.360233 0.436372 -0.0141979 -0.357441 0.43143
-0.0430733 -0.360341 0.436546 -0.0151744 -0.357549 0.431604
-0.0440521 -0.36045 0.43672 -0.0156626 -0.357604 0.431691
-0.0450308 -0.360559 0.436894 -0.0171271 -0.357766 0.431952
-0.0460095 -0.360668 0.437068 -0.0181032 -0.357874 0.432126
-0.0469882 -0.360776 0.437242 -0.0190793 -0.357982 0.4323
-0.0479669 -0.360885 0.437416 -0.0195673 -0.358036 0.432387
-0.0489457 -0.360994 0.43759 -0.0205433 -0.358144 0.432561
-0.0499244 -0.361103 0.437764 -0.0215193 -0.358252 0.432735
-0.0509031 -0.361211 0.437938 -0.022983 -0.358414 0.432996
-0.0518818 -0.36132 0.438112 -0.0239588 -0.358522 0.43317
-0.0528606 -0.361429 0.438286 -0.0249345 -0.35863 0.433344
-0.0538393 -0.361538 0.43846 -0.0259102 -0.358738 0.433518
-0.054818 -0.361646 0.438634 -0.0263981 -0.358792 0.433605
-0.0557967 -0.361755 0.438808 -0.0273738 -0.358901 0.433779
-0.0567755 -0.361864 0.438982 -0.0283495 -0.359009 0.433953
-0.0577542 -0.361973 0.439156 -0.0293253 -0.359117 0.434127
-0.0587329 -0.362081 0.43933 -0.0303011 -0.359225 0.4343
-0.0597116 -0.36219 0.439504 -0.031765 -0.359387 0.434561
-0.0606904 -0.362299 0.439678 -0.032253 -0.359442 0.434648
-0.0616691 -0.362408 0.439852 -0.0332293 -0.35955 0.434822
-0.0626478 -0.362516 0.440026 -0.0342057 -0.359658 0.434997
-0.0636265 -0.362625 0.4402 -0.0351821 -0.359767 0.435171
-0.0646052 -0.362734 0.440374 -0.0361585 -0.359875 0.435345
-0.065584 -0.362843 0.440548 -0.0371349 -0.359983 0.435519
-0.0665627 -0.362951 0.440722 -0.0381114 -0.360092 0.435693
-0.0675414 -0.36306 0.440896 -0.0390879 -0.3602 0.435867
-0.0685201 -0.363169 0.44107 -0.0400648 -0.360308 0.436041
-0.0694989 -0.363278 0.441244 -0.0410421 -0.360417 0.436215
-0.0704776 -0.363386 0.441418 -0.0420197 -0.360525 0.43639
-0.0714563 -0.363495 0.441592 -0.0429971 -0.360634 0.436564
-0.072435 -0.363604 0.441766 -0.0439745 -0.360742 0.436738
-0.0734138 -0.363713 0.44194 -0.0449518 -0.360851 0.436913
-0.0743925 -0.363821 0.442114 -0.0459291 -0.360959 0.437087
-0.0753712 -0.36393 0.442288 -0.0469063 -0.361068 0.437261
-0.0763499 -0.364039 0.442462 -0.0478839 -0.361176 0.437436
-0.0773286 -0.364148 0.442636 -0.0488621 -0.361285 0.43761
-0.0783074 -0.364256 0.44281 -0.0498405 -0.361394 0.437784
-0.0792861 -0.364365 0.442984 -0.0508189 -0.361502 0.437959
-0.0802648 -0.364474 0.443158 -0.051797 -0.361611 0.438133
-0.0812435 -0.364583 0.443332 -0.052775 -0.36172 0.438308
-0.0822223 -0.364691 0.443506 -0.0537529 -0.361828 0.438482
-0.083201 -0.3648 0.44368 -0.0547306 -0.361937 0.438657
-0.0841797 -0.364909 0.443854 -0.0557083 -0.362045 0.438831
-0.0851584 -0.365018 0.444028 -0.0566859 -0.362153 0.439005
-0.0861372 -0.365126 0.444202 -0.0576635 -0.362262 0.43918
-0.0871159 -0.365235 0.444376 -0.058641 -0.36237 0.439354
-0.0880946 -0.365344 0.44455 -0.0596185 -0.362479 0.439528
-0.0890733 -0.365453 0.444724 -0.060596 -0.362587 0.439703
-0.0900521 -0.365561 0.444898 -0.0615735 -0.362696 0.439877
-0.0910308 -0.36567 0.445072 -0.0625511 -0.362804 0.440051
-0.0920095 -0.365779 0.445246 -0.0635286 -0.362912 0.440226
-0.0929882 -0.365888 0.44542 -0.064506 -0.363021 0.4404
-0.0939669 -0.365996 0.445594 -0.0654834 -0.363129 0.440574
-0.0949457 -0.366105 0.445768 -0.0664607 -0.363238 0.440749
-0.0959244 -0.366214 0.445942 -0.067438 -0.363346 0.440923
-0.0969031 -0.366323 0.446116 -0.0684152 -0.363455 0.441097
-0.0978818 -0.366431 0.44629 -0.0693925 -0.363563 0.441272
-0.0988606 -0.36654 0.446464 -0.0703698 -0.363671 0.441446
-0.0998393 -0.366649 0.446638 -0.0713472 -0.36378 0.44162
-0.100818 -0.366758 0.446812 -0.0723245 -0.363888 0.441795
-0.101797 -0.366866 0.446986 -0.0733019 -0.363997 0.441969
-0.102775 -0.366975 0.44716 -0.0742792 -0.364105 0.442143
-0.103754 -0.367084 0.447334 -0.0752565 -0.364214 0.442318
-0.104733 -0.367193 0.447508 -0.0762339 -0.364322 0.442492
-0.105712 -0.367301 0.447682 -0.0772113 -0.364431 0.442666
-0.10669 -0.36741 0.447856 -0.0781888 -0.364539 0.442841
-0.107669 -0.367519 0.44803 -0.0791663 -0.364647 0.443015
-0.108648 -0.367628 0.448204 -0.0801439 -0.364756 0.443189
-0.109627 -0.367736 0.448378 -0.0811215 -0.364864 0.443364
-0.110605 -0.367845 0.448552 -0.0820994 -0.364973 0.443538
-0.111584 -0.367954 0.448726 -0.0830773 -0.365082 0.443713
-0.112563 -0.368063 0.4489 -0.0840553 -0.36519 0.443887
-0.113541 -0.368171 0.449074 -0.0850333 -0.365299 0.444062
-0.11452 -0.36828 0.449248 -0.0860114 -0.365407 0.444236
-0.115499 -0.368389 0.449422 -0.0869894 -0.365516 0.444411
-0.116478 -0.368498 0.449596 -0.0874785 -0.36557 0.444498
-0.117456 -0.368606 0.44977 -0.0889454 -0.365733 0.44476
-0.118435 -0.368715 0.449944 -0.0899233 -0.365841 0.444934
-0.119414 -0.368824 0.450118 -0.0909012 -0.36595 0.445109
-0.120392 -0.368932 0.450292 -0.0918791 -0.366059 0.445283
-0.121371 -0.369041 0.450466 -0.0928571 -0.366167 0.445457
-0.12235 -0.36915 0.45064 -0.0938354 -0.366276 0.445632
-0.123329 -0.369259 0.450814 -0.0948137 -0.366384 0.445807
-0.124307 -0.369367 0.450988 -0.0957919 -0.366493 0.445981
-0.125286 -0.369476 0.451162 -0.0967701 -0.366601 0.446156
-0.126265 -0.369585 0.451336 -0.0977483 -0.36671 0.44633
-0.127244 -0.369694 0.45151 -0.0987265 -0.366819 0.446505
-0.128222 -0.369802 0.451684 -0.0997046 -0.366927 0.446679
-0.129201 -0.369911 0.451858 -0.100683 -0.367036 0.446854
-0.13018 -0.37002 0.452032 -0.101661 -0.367144 0.447028
-0.131158 -0.370129 0.452206 -0.102639 -0.367253 0.447203
-0.132137 -0.370237 0.45238 -0.103618 -0.367361 0.447377
-0.133116 -0.370346 0.452554 -0.104596 -0.36747 0.447552
-0.134095 -0.370455 0.452728 -0.105574 -0.367579 0.447726
-0.135073 -0.370564 0.452902 -0.106552 -0.367687 0.447901
-0.136052 -0.370672 0.453076 -0.10753 -0.367796 0.448075
-0.137031 -0.370781 0.45325 -0.108508 -0.367904 0.44825
-0.13801 -0.37089 0.453424 -0.109486 -0.368013 0.448424
-0.138988 -0.370999 0.453598 -0.110464 -0.368121 0.448599
-0.139967 -0.371107 0.453772 -0.111442 -0.36823 0.448773
-0.140946 -0.371216 0.453946 -0.11242 -0.368338 0.448948
-0.141924 -0.371325 0.45412 -0.112909 -0.368393 0.449035
-0.142903 -0.371434 0.454294 -0.113888 -0.368501 0.449209
-0.143882 -0.371542 0.454468 -0.114866 -0.36861 0.449384
-0.144861 -0.371651 0.454642 -0.116335 -0.368773 0.449646
-0.145839 -0.37176 0.454816 -0.117314 -0.368882 0.449821
-0.146818 -0.371869 0.45499 -0.118295 -0.368991 0.449996
-0.147797 -0.371977 0.455164 -0.119277 -0.3691 0.450171
-0.148775 -0.372086 0.455338 -0.120261 -0.369209 0.450346
-0.149754 -0.372195 0.455512 -0.121245 -0.369319 0.450522
-0.150733 -0.372304 0.455686 -0.12223 -0.369429 0.450698
-0.151712 -0.372412 0.45586 -0.123217 -0.369539 0.450874
-0.15269 -0.372521 0.456034 -0.124203 -0.369649 0.45105
-0.153669 -0.37263 0.456208 -0.125189 -0.369758 0.451226
-0.154648 -0.372739 0.456382 -0.126173 -0.369868 0.451402
-0.155627 -0.372847 0.456556 -0.127157 -0.369977 0.451577
-0.156605 -0.372956 0.45673 -0.128139 -0.370086 0.451752
-0.157584 -0.373065 0.456904 -0.129121 -0.370195 0.451928
-0.158563 -0.373174 0.457078 -0.130102 -0.370304 0.452103
-0.159541 -0.373282 0.457252 -0.131083 -0.370412 0.452277
-0.16052 -0.373391 0.457426 -0.132062 -0.370521 0.452452
-0.161499 -0.3735 0.4576 -0.133041 -0.37063 0.452627
-0.162478 -0.373609 0.457774 -0.13402 -0.370738 0.452801
-0.163456 -0.373717 0.457948 -0.134998 -0.370846 0.452976
-0.164435 -0.373826 0.458122 -0.135976 -0.370955 0.45315
-0.165414 -0.373935 0.458296 -0.136953 -0.371063 0.453324
-0.166392 -0.374044 0.45847 -0.137931 -0.371171 0.453498
-0.167371 -0.374152 0.458644 -0.138908 -0.371279 0.453673
-0.16835 -0.374261 0.458818 -0.139885 -0.371388 0.453847
-0.169329 -0.37437 0.458992 -0.140863 -0.371496 0.454021
-0.170307 -0.374479 0.459166 -0.141839 -0.371604 0.454195
-0.171286 -0.374587 0.45934 -0.142816 -0.371712 0.45437
-0.172265 -0.374696 0.459514 -0.143793 -0.37182 0.454544
-0.173244 -0.374805 0.459688 -0.144769 -0.371929 0.454718
-0.174222 -0.374914 0.459862 -0.145746 -0.372037 0.454892
-0.175201 -0.375022 0.460036 -0.146722 -0.372145 0.455066
-0.17618 -0.375131 0.46021 -0.147698 -0.372253 0.45524
-0.177158 -0.37524 0.460384 -0.148674 -0.372362 0.455414
-0.178137 -0.375349 0.460558 -0.149652 -0.37247 0.455588
-0.179116 -0.375457 0.460732 -0.150631 -0.372579 0.455763
-0.180095 -0.375566 0.460906 -0.151612 -0.372688 0.455938
-0.181073 -0.375675 0.46108 -0.152592 -0.372797 0.456113
-0.182052 -0.375784 0.461254 -0.153571 -0.372905 0.456288
-0.183031 -0.375892 0.461428 -0.15455 -0.373014 0.456462
-0.18401 -0.376001 0.461602 -0.155529 -0.373123 0.456637
-0.184988 -0.37611 0.461776 -0.156507 -0.373231 0.456811
-0.185967 -0.376219 0.46195 -0.157485 -0.37334 0.456986
-0.186946 -0.376327 0.462124 -0.158463 -0.373448 0.45716
-0.187924 -0.376436 0.462298 -0.15944 -0.373557 0.457334
-0.188903 -0.376545 0.462472 -0.160418 -0.373665 0.457509
-0.189882 -0.376654 0.462646 -0.161395 -0.373774 0.457683
-0.190861 -0.376762 0.46282 -0.162371 -0.373882 0.457857
-0.191839 -0.376871 0.462994 -0.163348 -0.37399 0.458031
-0.192818 -0.37698 0.463168 -0.164325 -0.374099 0.458205
-0.193797 -0.377089 0.463342 -0.165301 -0.374207 0.458379
-0.194775 -0.377197 0.463516 -0.166278 -0.374315 0.458553
-0.195754 -0.377306 0.46369 -0.167254 -0.374423 0.458728
-0.196733 -0.377415 0.463864 -0.168231 -0.374532 0.458902
-0.197712 -0.377524 0.464038 -0.169207 -0.37464 0.459076
-0.19869 -0.377632 0.464212 -0.170183 -0.374748 0.45925
-0.199669 -0.377741 0.464386 -0.17116 -0.374857 0.459424
-0.200648 -0.37785 0.46456 -0.172136 -0.374965 0.459598
-0.201627 -0.377959 0.464734 -0.173113 -0.375073 0.459772
-0.202605 -0.378067 0.464908 -0.174089 -0.375182 0.459946
-0.203584 -0.378176 0.465082 -0.175066 -0.37529 0.46012
-0.204563 -0.378285 0.465256 -0.176042 -0.375398 0.460294
-0.205541 -0.378393 0.46543 -0.177019 -0.375507 0.460468
-0.20652 -0.378502 0.465604 -0.177995 -0.375615 0.460643
-0.207499 -0.378611 0.465778 -0.178972 -0.375724 0.460817
-0.208478 -0.37872 0.465952 -0.179949 -0.375832 0.460991
-0.209456 -0.378828 0.466126 -0.180926 -0.37594 0.461165
-0.210435 -0.378937 0.4663 -0.181904 -0.376049 0.461339
-0.211414 -0.379046 0.466474 -0.182882 -0.376158 0.461514
-0.212392 -0.379155 0.466648 -0.18386 -0.376266 0.461688
-0.213371 -0.379263 0.466822 -0.184839 -0.376375 0.461863
-0.21435 -0.379372 0.466996 -0.185817 -0.376484 0.462037
-0.215329 -0.379481 0.46717 -0.186796 -0.376592 0.462212
-0.216307 -0.37959 0.467344 -0.187774 -0.376701 0.462386
-0.217286 -0.379698 0.467518 -0.188753 -0.37681 0.462561
-0.218265 -0.379807 0.467692 -0.189731 -0.376919 0.462735
-0.219244 -0.379916 0.467866 -0.19071 -0.377027 0.46291
-0.220222 -0.380025 0.46804 -0.191688 -0.377136 0.463084
-0.221201 -0.380133 0.468214 -0.192666 -0.377244 0.463258
-0.22218 -0.380242 0.468388 -0.193155 -0.377299 0.463346
-0.223158 -0.380351 0.468562 -0.195603 -0.377571 0.463782
-0.224137 -0.38046 0.468735 -0.197073 -0.377734 0.464044
-0.225116 -0.380568 0.468909 -0.197563 -0.377788 0.464132
-0.226095 -0.380677 0.469083 -0.199027 -0.377951 0.464392
-0.227073 -0.380786 0.469257 -0.199998 -0.378058 0.464565
-0.228052 -0.380895 0.469431 -0.200966 -0.378165 0.464738
-0.229031 -0.381003 0.469605 -0.20193 -0.378271 0.464909
-0.23001 -0.381112 0.469779 -0.202892 -0.378377 0.46508
-0.230988 -0.381221 0.469953 -0.203851 -0.378482 0.465251
-0.231967 -0.38133 0.470127 -0.204808 -0.378588 0.465421
-0.232946 -0.381438 0.470301 -0.205764 -0.378693 0.465591
-0.233924 -0.381547 0.470475 -0.206718 -0.378798 0.46576
-0.234903 -0.381656 0.470649 -0.207671 -0.378902 0.46593
-0.235882 -0.381765 0.470823 -0.208623 -0.379007 0.466099
-0.236861 -0.381873 0.470997 -0.209099 -0.379059 0.466183
-0.237839 -0.381982 0.471171 -0.210526 -0.379216 0.466437
-0.238818 -0.382091 0.471345 -0.211477 -0.379321 0.466606
-0.239797 -0.3822 0.471519 -0.212428 -0.379426 0.466775
-0.240775 -0.382308 0.471693 -0.213378 -0.379531 0.466944
-0.241754 -0.382417 0.471867 -0.214329 -0.379636 0.467114
-0.242733 -0.382526 0.472041 -0.21528 -0.379741 0.467283
-0.243712 -0.382635 0.472215 -0.216232 -0.379846 0.467452
-0.24469 -0.382743 0.472389 -0.217184 -0.379951 0.467622
-0.245669 -0.382852 0.472563 -0.218136 -0.380057 0.467791
-0.246648 -0.382961 0.472737 -0.219089 -0.380162 0.467961
-0.247627 -0.38307 0.472911 -0.220043 -0.380268 0.468131
-0.248605 -0.383178 0.473085 -0.220997 -0.380374 0.468301
-0.249584 -0.383287 0.473259 -0.221952 -0.38048 0.468471
-0.250563 -0.383396 0.473433 -0.222908 -0.380586 0.468641
-0.251541 -0.383505 0.473607 -0.223386 -0.380639 0.468727
-0.25252 -0.383613 0.473781 -0.224343 -0.380745 0.468897
-0.253499 -0.383722 0.473955 -0.224821 -0.380798 0.468982
-0.254478 -0.383831 0.474129 -0.229135 -0.381278 0.469752
-0.255456 -0.38394 0.474303 -0.229613 -0.381331 0.469837
-0.256435 -0.384048 0.474477 -0.23009 -0.381384 0.469922
-0.257414 -0.384157 0.474651 -0.232438 -0.381643 0.470339
-0.258392 -0.384266 0.474825 -0.233358 -0.381743 0.470502
-0.259371 -0.384375 0.474999 -0.234267 -0.381841 0.470663
-0.26035 -0.384483 0.475173 -0.23517 -0.381939 0.470822
-0.261329 -0.384592 0.475347 -0.236068 -0.382036 0.470981
-0.262307 -0.384701 0.475521 -0.236963 -0.382133 0.471139
-0.263286 -0.38481 0.475695 -0.237855 -0.38223 0.471297
-0.264265 -0.384918 0.475869 -0.238746 -0.382326 0.471454
-0.265244 -0.385027 0.476043 -0.239634 -0.382423 0.471611
-0.266222 -0.385136 0.476217 -0.240522 -0.382519 0.471769
-0.267201 -0.385245 0.476391 -0.24141 -0.382616 0.471926
-0.26818 -0.385353 0.476565 -0.242297 -0.382713 0.472083
-0.269158 -0.385462 0.476739 -0.243185 -0.38281 0.47224
-0.270137 -0.385571 0.476913 -0.244074 -0.382907 0.472398
-0.271116 -0.38568 0.477087 -0.244964 -0.383004 0.472556
-0.272095 -0.385788 0.477261 -0.245855 -0.383103 0.472714
-0.273073 -0.385897 0.477435 -0.246748 -0.383201 0.472873
-0.274052 -0.386006 0.477609 -0.247643 -0.3833 0.473032
-0.275031 -0.386115 0.477783 -0.248539 -0.383399 0.473191
-0.27601 -0.386223 0.477957 -0.249438 -0.383498 0.473351
-0.276988 -0.386332 0.478131 -0.250339 -0.383598 0.473512
-0.277967 -0.386441 0.478305 -0.251243 -0.383699 0.473673
-0.278946 -0.38655 0.478479 -0.252149 -0.3838 0.473835
-0.279924 -0.386658 0.478653 -0.253057 -0.383901 0.473997
-0.280903 -0.386767 0.478827 -0.253969 -0.384003 0.474159
-0.281882 -0.386876 0.479001 -0.254883 -0.384105 0.474322
-0.282861 -0.386985 0.479175 -0.255799 -0.384208 0.474486
-0.283839 -0.387093 0.479349 -0.256718 -0.384311 0.47465
-0.284818 -0.387202 0.479523 -0.25764 -0.384414 0.474815
-0.285797 -0.387311 0.479697 -0.258564 -0.384518 0.47498
-0.286775 -0.387419 0.479871 -0.259491 -0.384622 0.475146
-0.287754 -0.387528 0.480045 -0.26042 -0.384726 0.475312
-0.288733 -0.387637 0.480219 -0.261352 -0.384831 0.475479
-0.289712 -0.387746 0.480393 -0.262286 -0.384936 0.475646
-0.29069 -0.387854 0.480567 -0.263222 -0.385041 0.475813
-0.291669 -0.387963 0.480741 -0.26416 -0.385147 0.475981
-0.292648 -0.388072 0.480915 -0.265101 -0.385253 0.476149
-0.293627 -0.388181 0.481089 -0.265572 -0.385306 0.476234
-0.294605 -0.388289 0.481263 -0.266988 -0.385465 0.476487
-0.295584 -0.388398 0.481437 -0.267933 -0.385571 0.476656
-0.296563 -0.388507 0.481611 -0.268879 -0.385678 0.476825
-0.297541 -0.388616 0.481785 -0.269827 -0.385784 0.476995
-0.29852 -0.388724 0.481959 -0.270777 -0.385891 0.477164
-0.299499 -0.388833 0.482133 -0.271729 -0.385998 0.477335
-0.300478 -0.388942 0.482307 -0.272682 -0.386105 0.477505
-0.301456 -0.389051 0.482481 -0.27316 -0.386159 0.477591
-0.302435 -0.389159 0.482655 -0.274595 -0.38632 0.477847
-0.303414 -0.389268 0.482829 -0.275554 -0.386428 0.478019
-0.304393 -0.389377 0.483003 -0.276514 -0.386536 0.47819
-0.305371 -0.389486 0.483177 -0.277476 -0.386644 0.478362
-0.30635 -0.389594 0.483351 -0.27844 -0.386752 0.478534
-0.307329 -0.389703 0.483525 -0.279404 -0.38686 0.478707
-0.308307 -0.389812 0.483699 -0.279887 -0.386914 0.478793
-0.309286 -0.389921 0.483873 -0.281336 -0.387077 0.479052
-0.310265 -0.390029 0.484047 -0.282304 -0.387185 0.479225
-0.311244 -0.390138 0.484221 -0.283273 -0.387294 0.479398
-0.312222 -0.390247 0.484395 -0.284242 -0.387402 0.479571
-0.313201 -0.390356 0.484569 -0.285213 -0.387511 0.479744
-0.31418 -0.390464 0.484743 -0.286184 -0.387619 0.479918
-0.315158 -0.390573 0.484917 -0.287155 -0.387728 0.480091
-0.316137 -0.390682 0.485091 -0.288128 -0.387836 0.480265
-0.317116 -0.390791 0.485265 -0.289101 -0.387945 0.480438
-0.318095 -0.390899 0.485439 -0.290076 -0.388054 0.480612
-0.319073 -0.391008 0.485613 -0.291052 -0.388163 0.480786
-0.320052 -0.391117 0.485787 -0.29154 -0.388218 0.480874
-0.321031 -0.391226 0.485961 -0.293004 -0.388381 0.481135
-0.32201 -0.391334 0.486135 -0.29398 -0.38849 0.481309
-0.322988 -0.391443 0.486309 -0.294468 -0.388544 0.481396
-0.323967 -0.391552 0.486483 -0.295933 -0.388708 0.481657
-0.324946 -0.391661 0.486657 -0.296421 -0.388762 0.481744
-0.325924 -0.391769 0.486831 -0.297398 -0.388871 0.481918
-0.326903 -0.391878 0.487005 -0.298375 -0.38898 0.482092
-0.327882 -0.391987 0.487179 -0.299353 -0.389088 0.482267
-0.328861 -0.392096 0.487353 -0.30033 -0.389197 0.482441
-0.329839 -0.392204 0.487527 -0.301308 -0.389306 0.482615
-0.330818 -0.392313 0.487701 -0.302286 -0.389415 0.482789
-0.331797 -0.392422 0.487875 -0.303264 -0.389523 0.482963
-0.332775 -0.392531 0.488049 -0.304731 -0.389686 0.483225
-0.333754 -0.392639 0.488223 -0.30522 -0.389741 0.483312
-0.334733 -0.392748 0.488397 -0.306199 -0.38985 0.483486
-0.335712 -0.392857 0.488571 -0.307177 -0.389958 0.483661
-0.33669 -0.392966 0.488745 -0.308156 -0.390067 0.483835
-0.337669 -0.393074 0.488919 -0.309135 -0.390176 0.484009
-0.338648 -0.393183 0.489093 -0.310113 -0.390284 0.484184
-0.339627 -0.393292 0.489267 -0.311093 -0.390393 0.484358
-0.340605 -0.393401 0.489441 -0.312072 -0.390502 0.484532
-0.341584 -0.393509 0.489615 -0.313051 -0.390611 0.484707
-0.342563 -0.393618 0.489789 -0.31403 -0.390719 0.484881
-0.343541 -0.393727 0.489963 -0.315009 -0.390828 0.485055
-0.34452 -0.393836 0.490137 -0.315989 -0.390937 0.48523
-0.345499 -0.393944 0.490311 -0.316968 -0.391045 0.485404
-0.346478 -0.394053 0.490485 -0.317947 -0.391154 0.485578
-0.347456 -0.394162 0.490659 -0.318926 -0.391263 0.485753
-0.348435 -0.394271 0.490833 -0.319906 -0.391371 0.485927
-0.349414 -0.394379 0.491007 -0.320885 -0.39148 0.486101
-0.350393 -0.394488 0.491181 -0.321865 -0.391589 0.486276
-0.351371 -0.394597 0.491355 -0.322844 -0.391698 0.48645
-0.35235 -0.394706 0.491529 -0.323823 -0.391806 0.486624
-0.353329 -0.394814 0.491703 -0.324803 -0.391915 0.486799
-0.354307 -0.394923 0.491877 -0.325782 -0.392024 0.486973
-0.355286 -0.395032 0.492051 -0.326761 -0.392132 0.487147
-0.356265 -0.395141 0.492225 -0.327741 -0.392241 0.487322
-0.357244 -0.395249 0.492399 -0.328721 -0.39235 0.487496
-0.358222 -0.395358 0.492573 -0.329701 -0.392459 0.487671
-0.359201 -0.395467 0.492747 -0.330682 -0.392567 0.487845
-0.36018 -0.395576 0.492921 -0.331662 -0.392676 0.48802
-0.361158 -0.395684 0.493095 -0.332642 -0.392785 0.488194
-0.362137 -0.395793 0.493269 -0.333622 -0.392894 0.488369
-0.363116 -0.395902 0.493443 -0.334602 -0.393003 0.488543
-0.364095 -0.396011 0.493617 -0.335581 -0.393111 0.488718
-0.365073 -0.396119 0.493791 -0.336561 -0.39322 0.488892
-0.366052 -0.396228 0.493965 -0.33754 -0.393329 0.489066
-0.367031 -0.396337 0.494139 -0.33852 -0.393437 0.489241
-0.36801 -0.396446 0.494313 -0.339499 -0.393546 0.489415
-0.368988 -0.396554 0.494487 -0.339988 -0.3936 0.489502
-0.369967 -0.396663 0.494661 -0.341458 -0.393763 0.489764
-0.370946 -0.396772 0.494835 -0.342438 -0.393872 0.489938
-0.371924 -0.39688 0.495009 -0.343419 -0.393981 0.490113
-0.372903 -0.396989 0.495183 -0.344399 -0.39409 0.490288
-0.373882 -0.397098 0.495357 -0.34538 -0.394199 0.490462
-0.374861 -0.397207 0.495531 -0.34636 -0.394308 0.490637
-0.375839 -0.397315 0.495705 -0.34734 -0.394417 0.490811
-0.376818 -0.397424 0.495879 -0.348319 -0.394525 0.490985
-0.377797 -0.397533 0.496053 -0.349299 -0.394634 0.49116
-0.378775 -0.397642 0.496227 -0.350278 -0.394743 0.491334
-0.379754 -0.39775 0.496401 -0.351258 -0.394852 0.491509
-0.380733 -0.397859 0.496575 -0.352238 -0.39496 0.491683
-0.381712 -0.397968 0.496749 -0.353218 -0.395069 0.491857
-0.38269 -0.398077 0.496923 -0.354197 -0.395178 0.492032
-0.383669 -0.398185 0.497097 -0.354687 -0.395232 0.492119
-0.384648 -0.398294 0.497271 -0.356645 -0.39545 0.492467
-0.385627 -0.398403 0.497445 -0.35762 -0.395558 0.492641
-0.386605 -0.398512 0.497619 -0.358592 -0.395665 0.492814
-0.387584 -0.39862 0.497793 -0.359563 -0.395773 0.492986
-0.388563 -0.398729 0.497967 -0.360536 -0.39588 0.493159
-0.389541 -0.398838 0.498141 -0.361509 -0.395988 0.493332
-0.39052 -0.398947 0.498315 -0.362483 -0.396096 0.493506
-0.391499 -0.399055 0.498489 -0.362971 -0.39615 0.493592
-0.392478 -0.399164 0.498663 -0.364433 -0.396313 0.493853
-0.393456 -0.399273 0.498837 -0.365409 -0.396421 0.494026
-0.394435 -0.399382 0.499011 -0.366386 -0.39653 0.4942
-0.395414 -0.39949 0.499185 -0.367363 -0.396638 0.494374
-0.396393 -0.399599 0.499359 -0.368341 -0.396747 0.494548
-0.397371 -0.399708 0.499533 -0.369319 -0.396856 0.494723
-0.39835 -0.399817 0.499707 -0.370297 -0.396964 0.494897
-0.399329 -0.399925 0.499881 -0.371276 -0.397073 0.495071
-0.400307 -0.400034 0.500055 -0.372254 -0.397182 0.495246
-0.399329 -0.399925 0.499881 -0.373233 -0.397291 0.49542
-0.400307 -0.400034 0.500055 -0.374213 -0.3974 0.495594
-0.399329 -0.399925 0.499881 -0.375192 -0.397509 0.495769
-0.400307 -0.400034 0.500055 -0.376169 -0.397617 0.495943
-0.399329 -0.399925 0.499881 -0.37714 -0.397725 0.496115
-0.400307 -0.400034 0.500055 -0.378101 -0.397831 0.496286
-0.399329 -0.399925 0.499881 -0.379049 -0.397935 0.496454
-0.400307 -0.400034 0.500055 -0.379981 -0.398036 0.496618
-0.399329 -0.399925 0.499881 -0.380894 -0.398134 0.496778
-0.400307 -0.400034 0.500055 -0.381787 -0.398229 0.496935
-0.399329 -0.399925 0.499881 -0.382658 -0.398322 0.497086
-0.400307 -0.400034 0.500055 -0.383505 -0.39841 0.497233
-0.399329 -0.399925 0.499881 -0.384327 -0.398496 0.497376
-0.400307 -0.400034 0.500055 -0.385123 -0.398577 0.497513
-0.399329 -0.399925 0.499881 -0.385893 -0.398656 0.497645
-0.400307 -0.400034 0.500055 -0.386636 -0.39873 0.497772
-0.399329 -0.399925 0.499881 -0.387352 -0.398802 0.497894
-0.400307 -0.400034 0.500055 -0.388041 -0.39887 0.49801
-0.399329 -0.399925 0.499881 -0.388702 -0.398934 0.498122
-0.400307 -0.400034 0.500055 -0.389336 -0.398996 0.498229
-0.399329 -0.399925 0.499881 -0.389643 -0.399025 0.49828
-0.400307 -0.400034 0.500055 -0.390523 -0.39911 0.498427
-0.399329 -0.399925 0.499881 -0.391079 -0.399162 0.49852
-0.400307 -0.400034 0.500055 -0.391608 -0.399212 0.498608
-0.399329 -0.399925 0.499881 -0.392107 -0.399258 0.498691
-0.400307 -0.400034 0.500055 -0.392576 -0.399301 0.498768
-0.399329 -0.399925 0.499881 -0.39302 -0.399342 0.498841
-0.400307 -0.400034 0.500055 -0.393441 -0.39938 0.49891
-0.399329 -0.399925 0.499881 -0.393841 -0.399417 0.498975
-0.400307 -0.400034 0.500055 -0.394221 -0.399451 0.499037
-0.399329 -0.399925 0.499881 -0.394579 -0.399483 0.499096
-0.400307 -0.400034 0.500055 -0.394919 -0.399514 0.499151
-0.399329 -0.399925 0.499881 -0.395239 -0.399542 0.499204
-0.400307 -0.400034 0.500055 -0.395541 -0.399569 0.499253
-0.399329 -0.399925 0.499881 -0.395826 -0.399595 0.499299
-0.400307 -0.400034 0.500055 -0.396094 -0.399618 0.499343
-0.399329 -0.399925 0.499881 -0.396346 -0.399641 0.499384
-0.400307 -0.400034 0.500055 -0.396582 -0.399662 0.499422
-0.399329 -0.399925 0.499881 -0.396804 -0.399682 0.499458
-0.400307 -0.400034 0.500055 -0.397012 -0.3997 0.499492
-0.399329 -0.399925 0.499881 -0.397206 -0.399718 0.499524
-0.400307 -0.400034 0.500055 -0.397388 -0.399734 0.499553
-0.399329 -0.399925 0.499881 -0.397557 -0.399749 0.499581
-0.400307 -0.400034 0.500055 -0.397715 -0.399763 0.499607
-0.399329 -0.399925 0.499881 -0.397862 -0.399776 0.499631
-0.400307 -0.400034 0.500055 -0.397999 -0.399789 0.499653
-0.399329 -0.399925 0.499881 -0.398127 -0.3998 0.499674
-0.400307 -0.400034 0.500055 -0.398245 -0.399811 0.499693
-0.399329 -0.399925 0.499881 -0.398354 -0.399821 0.499711
-0.400307 -0.400034 0.500055 -0.398455 -0.39983 0.499728
-0.399329 -0.399925 0.499881 -0.398549 -0.399838 0.499743
-0.400307 -0.400034 0.500055 -0.398635 -0.399846 0.499757
-0.399329 -0.399925 0.499881 -0.398714 -0.399854 0.49977
-0.400307 -0.400034 0.500055 -0.398787 -0.399861 0.499782
-0.399329 -0.399925 0.499881 -0.398854 -0.399867 0.499793
-0.400307 -0.400034 0.500055 -0.398916 -0.399873 0.499804
-0.399329 -0.399925 0.499881 -0.398973 -0.399878 0.499813
-0.400307 -0.400034 0.500055 -0.399025 -0.399883 0.499822
