0.499139 -0.300096 0.340153 0.500118 -0.299986 0.339979
0.498161 -0.300204 0.340327 0.500118 -0.299986 0.339979
0.497182 -0.300313 0.340501 0.500118 -0.299986 0.339979
0.496203 -0.300422 0.340675 0.500118 -0.299986 0.339979
0.495225 -0.300531 0.340849 0.500115 -0.299986 0.339979
0.494246 -0.300639 0.341023 0.500101 -0.299988 0.339982
0.493267 -0.300748 0.341197 0.500092 -0.299989 0.339983
0.492288 -0.300857 0.341371 0.500064 -0.299992 0.339988
0.49131 -0.300966 0.341545 0.500022 -0.299997 0.339996
0.490331 -0.301074 0.341719 0.499925 -0.300008 0.340013
0.489352 -0.301183 0.341893 0.499883 -0.300012 0.340021
0.488374 -0.301292 0.342067 0.499722 -0.300031 0.34005
0.487395 -0.301401 0.342241 0.499657 -0.300038 0.340062
0.486416 -0.301509 0.342415 0.499509 -0.300055 0.340089
0.485437 -0.301618 0.342589 0.499335 -0.300075 0.340121
0.484459 -0.301727 0.342763 0.499135 -0.300099 0.340158
0.48348 -0.301836 0.342937 0.498908 -0.300125 0.340199
0.482501 -0.301944 0.343111 0.498516 -0.300171 0.340271
0.481522 -0.302053 0.343285 0.498221 -0.300205 0.340326
0.480544 -0.302162 0.343459 0.498063 -0.300224 0.340355
0.479565 -0.302271 0.343633 0.497727 -0.300263 0.340417
0.478586 -0.302379 0.343807 0.497364 -0.300306 0.340485
0.477608 -0.302488 0.343981 0.496973 -0.300352 0.340557
0.476629 -0.302597 0.344155 0.496556 -0.300401 0.340634
0.47565 -0.302706 0.344329 0.496113 -0.300453 0.340716
0.474671 -0.302814 0.344503 0.495881 -0.30048 0.340759
0.473693 -0.302923 0.344677 0.495642 -0.300509 0.340804
0.472714 -0.303032 0.344851 0.494888 -0.300598 0.340944
0.471735 -0.303141 0.345025 0.494079 -0.300693 0.341094
0.470757 -0.303249 0.345199 0.493512 -0.30076 0.341199
0.469778 -0.303358 0.345373 0.492922 -0.300829 0.341308
0.468799 -0.303467 0.345547 0.49231 -0.300902 0.341422
0.46782 -0.303576 0.345721 0.491677 -0.300976 0.341539
0.466842 -0.303684 0.345895 0.491025 -0.301053 0.34166
0.465863 -0.303793 0.346069 0.490354 -0.301132 0.341784
0.464884 -0.303902 0.346243 0.489666 -0.301213 0.341912
0.463905 -0.304011 0.346417 0.48896 -0.301296 0.342042
0.462927 -0.304119 0.346591 0.487869 -0.301423 0.342243
0.461948 -0.304228 0.346765 0.487498 -0.301467 0.342312
0.460969 -0.304337 0.346939 0.486744 -0.301555 0.342451
0.459991 -0.304445 0.347113 0.485976 -0.301645 0.342592
0.459012 -0.304554 0.347287 0.484799 -0.301782 0.342808
0.458033 -0.304663 0.347461 0.483998 -0.301875 0.342955
0.457054 -0.304772 0.347635 0.483186 -0.301969 0.343104
0.456076 -0.30488 0.347809 0.482361 -0.302065 0.343255
0.455097 -0.304989 0.347983 0.481945 -0.302113 0.343331
0.454118 -0.305098 0.348157 0.480681 -0.302259 0.343562
0.453139 -0.305207 0.348331 0.479827 -0.302358 0.343718
0.452161 -0.305315 0.348505 0.478964 -0.302457 0.343875
0.451182 -0.305424 0.348679 0.478092 -0.302558 0.344034
0.450203 -0.305533 0.348853 0.477212 -0.302659 0.344194
0.449225 -0.305642 0.349027 0.476326 -0.30276 0.344355
0.448246 -0.30575 0.349201 0.475432 -0.302863 0.344517
0.447267 -0.305859 0.349375 0.474982 -0.302914 0.344598
0.446288 -0.305968 0.349549 0.474079 -0.303017 0.344762
0.44531 -0.306077 0.349723 0.473169 -0.303121 0.344926
0.444331 -0.306185 0.349897 0.471333 -0.30333 0.345257
0.443352 -0.306294 0.350071 0.470407 -0.303435 0.345424
0.442374 -0.306403 0.350245 0.469478 -0.303541 0.345592
0.441395 -0.306512 0.350419 0.468546 -0.303646 0.345759
0.440416 -0.30662 0.350593 0.467616 -0.303751 0.345926
0.439437 -0.306729 0.350767 0.466685 -0.303856 0.346093
0.438459 -0.306838 0.350941 0.465755 -0.303961 0.346259
0.43748 -0.306947 0.351115 0.464823 -0.304066 0.346426
0.436501 -0.307055 0.351289 0.463891 -0.30417 0.346592
0.435522 -0.307164 0.351463 0.462958 -0.304275 0.346759
0.434544 -0.307273 0.351637 0.462023 -0.304379 0.346925
0.433565 -0.307382 0.351811 0.461087 -0.304484 0.347092
0.432586 -0.30749 0.351985 0.46015 -0.304589 0.347259
0.431608 -0.307599 0.352159 0.459211 -0.304694 0.347426
0.430629 -0.307708 0.352333 0.45827 -0.304799 0.347594
0.42965 -0.307817 0.352507 0.457328 -0.304904 0.347761
0.428671 -0.307925 0.352681 0.456384 -0.305009 0.347929
0.427693 -0.308034 0.352855 0.455439 -0.305115 0.348097
0.426714 -0.308143 0.353029 0.454492 -0.30522 0.348265
0.425735 -0.308252 0.353203 0.453543 -0.305326 0.348434
0.424757 -0.30836 0.353377 0.452592 -0.305432 0.348603
0.423778 -0.308469 0.353551 0.45164 -0.305538 0.348772
0.422799 -0.308578 0.353725 0.450687 -0.305645 0.348941
0.42182 -0.308687 0.353899 0.449732 -0.305751 0.349111
0.420842 -0.308795 0.354073 0.448777 -0.305857 0.349281
0.419863 -0.308904 0.354247 0.44782 -0.305964 0.349451
0.418884 -0.309013 0.354421 0.446862 -0.306071 0.349621
0.417905 -0.309122 0.354595 0.445903 -0.306177 0.349791
0.416927 -0.30923 0.354769 0.444944 -0.306284 0.349961
0.415948 -0.309339 0.354943 0.443984 -0.306391 0.350132
0.414969 -0.309448 0.355117 0.443023 -0.306498 0.350302
0.413991 -0.309557 0.355291 0.442061 -0.306605 0.350473
0.413012 -0.309665 0.355465 0.441098 -0.306712 0.350644
0.412033 -0.309774 0.355639 0.440134 -0.30682 0.350815
0.411054 -0.309883 0.355813 0.439167 -0.306928 0.350987
0.410076 -0.309992 0.355987 0.438198 -0.307036 0.351159
0.409097 -0.3101 0.356161 0.437229 -0.307144 0.351331
0.408118 -0.310209 0.356335 0.436259 -0.307252 0.351503
0.407139 -0.310318 0.356509 0.43529 -0.30736 0.351675
0.406161 -0.310427 0.356683 0.434319 -0.307468 0.351847
0.405182 -0.310535 0.356857 0.433348 -0.307576 0.35202
0.404203 -0.310644 0.357031 0.432377 -0.307684 0.352192
0.403225 -0.310753 0.357205 0.431406 -0.307793 0.352364
0.402246 -0.310862 0.357379 0.430434 -0.307901 0.352537
0.401267 -0.31097 0.357553 0.429463 -0.308009 0.352709
0.400288 -0.311079 0.357727 0.428491 -0.308117 0.352882
0.39931 -0.311188 0.3579 0.427519 -0.308225 0.353054
0.398331 -0.311297 0.358074 0.426546 -0.308334 0.353227
0.397352 -0.311405 0.358248 0.425572 -0.308442 0.3534
0.396374 -0.311514 0.358422 0.424597 -0.308551 0.353573
0.395395 -0.311623 0.358596 0.423622 -0.308659 0.353746
0.394416 -0.311732 0.35877 0.422647 -0.308768 0.353919
0.393437 -0.31184 0.358944 0.421672 -0.308877 0.354092
0.392459 -0.311949 0.359118 0.421184 -0.308931 0.354178
0.39148 -0.312058 0.359292 0.419721 -0.309094 0.354438
0.390501 -0.312167 0.359466 0.419234 -0.309148 0.354524
0.389522 -0.312275 0.35964 0.417771 -0.309311 0.354784
0.388544 -0.312384 0.359814 0.416794 -0.30942 0.354957
0.387565 -0.312493 0.359988 0.415815 -0.309529 0.355131
0.386586 -0.312602 0.360162 0.414835 -0.309639 0.355305
0.385608 -0.31271 0.360336 0.413856 -0.309748 0.355479
0.384629 -0.312819 0.36051 0.412876 -0.309857 0.355653
0.38365 -0.312928 0.360684 0.411897 -0.309966 0.355827
0.382671 -0.313037 0.360858 0.410919 -0.310075 0.356
0.381693 -0.313145 0.361032 0.409941 -0.310184 0.356174
0.380714 -0.313254 0.361206 0.408963 -0.310293 0.356347
0.379735 -0.313363 0.36138 0.407985 -0.310402 0.356521
0.378757 -0.313471 0.361554 0.407007 -0.310511 0.356694
0.377778 -0.31358 0.361728 0.406029 -0.31062 0.356868
0.376799 -0.313689 0.361902 0.405051 -0.310729 0.357041
0.37582 -0.313798 0.362076 0.404073 -0.310838 0.357215
0.374842 -0.313906 0.36225 0.403094 -0.310947 0.357388
0.373863 -0.314015 0.362424 0.402116 -0.311056 0.357562
0.372884 -0.314124 0.362598 0.401139 -0.311165 0.357735
0.371905 -0.314233 0.362772 0.400161 -0.311274 0.357909
0.370927 -0.314341 0.362946 0.399184 -0.311383 0.358082
0.369948 -0.31445 0.36312 0.398206 -0.311491 0.358256
0.368969 -0.314559 0.363294 0.397229 -0.3116 0.358429
0.367991 -0.314668 0.363468 0.396251 -0.311709 0.358603
0.367012 -0.314776 0.363642 0.395273 -0.311818 0.358776
0.366033 -0.314885 0.363816 0.394295 -0.311927 0.35895
0.365054 -0.314994 0.36399 0.393317 -0.312036 0.359123
0.364076 -0.315103 0.364164 0.392828 -0.312091 0.35921
0.363097 -0.315211 0.364338 0.391361 -0.312254 0.35947
0.362118 -0.31532 0.364512 0.390872 -0.312309 0.359557
0.361139 -0.315429 0.364686 0.389404 -0.312472 0.359817
0.360161 -0.315538 0.36486 0.388915 -0.312527 0.359904
0.359182 -0.315646 0.365034 0.387449 -0.31269 0.360164
0.358203 -0.315755 0.365208 0.385983 -0.312854 0.360424
0.357225 -0.315864 0.365382 0.385007 -0.312962 0.360598
0.356246 -0.315973 0.365556 0.38403 -0.313071 0.360771
0.355267 -0.316081 0.36573 0.383054 -0.31318 0.360944
0.354288 -0.31619 0.365904 0.382078 -0.313289 0.361117
0.35331 -0.316299 0.366078 0.381101 -0.313398 0.36129
0.352331 -0.316408 0.366252 0.380125 -0.313506 0.361463
0.351352 -0.316516 0.366426 0.37915 -0.313615 0.361636
0.350374 -0.316625 0.3666 0.378174 -0.313724 0.36181
0.349395 -0.316734 0.366774 0.377198 -0.313833 0.361983
0.348416 -0.316843 0.366948 0.376222 -0.313941 0.362156
0.347437 -0.316951 0.367122 0.375246 -0.31405 0.362329
0.346459 -0.31706 0.367296 0.37427 -0.314159 0.362502
0.34548 -0.317169 0.36747 0.373294 -0.314268 0.362675
0.344501 -0.317278 0.367644 0.372318 -0.314376 0.362848
0.343522 -0.317386 0.367818 0.371342 -0.314485 0.363021
0.342544 -0.317495 0.367992 0.370366 -0.314594 0.363195
0.341565 -0.317604 0.368166 0.36939 -0.314703 0.363368
0.340586 -0.317713 0.36834 0.368414 -0.314812 0.363541
0.339608 -0.317821 0.368514 0.367926 -0.314866 0.363628
0.338629 -0.31793 0.368688 0.367437 -0.314921 0.363714
0.33765 -0.318039 0.368862 0.365485 -0.315139 0.364061
0.336671 -0.318148 0.369036 0.364508 -0.315247 0.364234
0.335693 -0.318256 0.36921 0.363531 -0.315356 0.364407
0.334714 -0.318365 0.369384 0.362555 -0.315465 0.36458
0.333735 -0.318474 0.369558 0.361578 -0.315574 0.364754
0.332757 -0.318583 0.369732 0.360601 -0.315683 0.364927
0.331778 -0.318691 0.369906 0.359624 -0.315792 0.3651
0.330799 -0.3188 0.37008 0.358647 -0.315901 0.365274
0.32982 -0.318909 0.370254 0.35767 -0.31601 0.365447
0.328842 -0.319018 0.370428 0.356693 -0.316119 0.365621
0.327863 -0.319126 0.370602 0.355716 -0.316228 0.365794
0.326884 -0.319235 0.370776 0.354739 -0.316337 0.365967
0.325905 -0.319344 0.37095 0.353762 -0.316446 0.36614
0.324927 -0.319453 0.371124 0.352785 -0.316555 0.366314
0.323948 -0.319561 0.371298 0.351808 -0.316664 0.366487
0.322969 -0.31967 0.371472 0.350831 -0.316773 0.36666
0.321991 -0.319779 0.371646 0.349854 -0.316883 0.366834
0.321012 -0.319888 0.37182 0.348877 -0.316992 0.367007
0.320033 -0.319996 0.371994 0.3479 -0.3171 0.36718
0.319054 -0.320105 0.372168 0.346924 -0.317209 0.367354
0.318076 -0.320214 0.372342 0.345947 -0.317318 0.367527
0.317097 -0.320323 0.372516 0.344971 -0.317427 0.3677
0.316118 -0.320431 0.37269 0.343994 -0.317536 0.367873
0.315139 -0.32054 0.372864 0.343017 -0.317645 0.368047
0.314161 -0.320649 0.373038 0.342039 -0.317754 0.36822
0.313182 -0.320758 0.373212 0.341062 -0.317864 0.368393
0.312203 -0.320866 0.373386 0.340084 -0.317973 0.368567
0.311225 -0.320975 0.37356 0.339106 -0.318082 0.36874
0.310246 -0.321084 0.373734 0.338128 -0.318191 0.368914
0.309267 -0.321193 0.373908 0.33715 -0.3183 0.369087
0.308288 -0.321301 0.374082 0.336171 -0.31841 0.369261
0.30731 -0.32141 0.374256 0.335193 -0.318519 0.369434
0.306331 -0.321519 0.37443 0.334214 -0.318628 0.369608
0.305352 -0.321628 0.374604 0.333236 -0.318737 0.369782
0.304374 -0.321736 0.374778 0.332257 -0.318847 0.369955
0.303395 -0.321845 0.374952 0.331278 -0.318956 0.370129
0.302416 -0.321954 0.375126 0.330299 -0.319065 0.370302
0.301437 -0.322063 0.3753 0.32932 -0.319174 0.370476
0.300459 -0.322171 0.375474 0.328341 -0.319284 0.37065
0.29948 -0.32228 0.375648 0.327362 -0.319393 0.370823
0.298501 -0.322389 0.375822 0.326383 -0.319502 0.370997
0.297522 -0.322498 0.375996 0.325403 -0.319612 0.371171
0.296544 -0.322606 0.37617 0.324424 -0.319721 0.371344
0.295565 -0.322715 0.376344 0.323445 -0.31983 0.371518
0.294586 -0.322824 0.376518 0.322466 -0.31994 0.371692
0.293608 -0.322932 0.376692 0.321486 -0.320049 0.371865
0.292629 -0.323041 0.376866 0.320507 -0.320158 0.372039
0.29165 -0.32315 0.37704 0.319528 -0.320268 0.372213
0.290671 -0.323259 0.377214 0.318548 -0.320377 0.372386
0.289693 -0.323367 0.377388 0.317569 -0.320486 0.37256
0.288714 -0.323476 0.377562 0.31659 -0.320596 0.372734
0.287735 -0.323585 0.377736 0.315611 -0.320705 0.372907
0.286756 -0.323694 0.37791 0.314632 -0.320814 0.373081
0.285778 -0.323802 0.378084 0.313652 -0.320924 0.373255
0.284799 -0.323911 0.378258 0.312673 -0.321033 0.373428
0.28382 -0.32402 0.378432 0.311694 -0.321142 0.373602
0.282842 -0.324129 0.378606 0.310715 -0.321252 0.373775
0.281863 -0.324237 0.37878 0.309736 -0.321361 0.373949
0.280884 -0.324346 0.378954 0.308757 -0.32147 0.374123
0.279905 -0.324455 0.379128 0.307777 -0.32158 0.374296
0.278927 -0.324564 0.379302 0.307288 -0.321634 0.374383
0.277948 -0.324672 0.379476 0.30533 -0.321853 0.37473
0.276969 -0.324781 0.37965 0.304351 -0.321962 0.374904
0.275991 -0.32489 0.379824 0.303372 -0.322071 0.375077
0.275012 -0.324999 0.379998 0.302395 -0.32218 0.37525
0.274033 -0.325107 0.380172 0.301419 -0.322289 0.375423
0.273054 -0.325216 0.380346 0.300443 -0.322398 0.375596
0.272076 -0.325325 0.38052 0.299469 -0.322506 0.375769
0.271097 -0.325434 0.380694 0.298983 -0.322561 0.375855
0.270118 -0.325542 0.380868 0.297526 -0.322723 0.376113
0.269139 -0.325651 0.381042 0.297042 -0.322776 0.376198
0.268161 -0.32576 0.381216 0.296076 -0.322884 0.37637
0.267182 -0.325869 0.38139 0.294626 -0.323045 0.376626
0.266203 -0.325977 0.381564 0.294142 -0.323099 0.376712
0.265225 -0.326086 0.381738 0.293173 -0.323207 0.376883
0.264246 -0.326195 0.381912 0.292203 -0.323315 0.377055
0.263267 -0.326304 0.382086 0.291232 -0.323423 0.377227
0.262288 -0.326412 0.38226 0.290259 -0.323532 0.3774
0.26131 -0.326521 0.382434 0.289286 -0.323641 0.377572
0.260331 -0.32663 0.382608 0.288311 -0.323749 0.377745
0.259352 -0.326739 0.382782 0.287335 -0.323859 0.377918
0.258374 -0.326847 0.382956 0.286359 -0.323968 0.378091
0.257395 -0.326956 0.38313 0.285382 -0.324077 0.378265
0.256416 -0.327065 0.383304 0.284404 -0.324187 0.378438
0.255437 -0.327174 0.383478 0.283425 -0.324296 0.378612
0.254459 -0.327282 0.383652 0.282446 -0.324406 0.378785
0.25348 -0.327391 0.383826 0.281466 -0.324515 0.378959
0.252501 -0.3275 0.384 0.280487 -0.324625 0.379133
0.251522 -0.327609 0.384174 0.279506 -0.324735 0.379307
0.250544 -0.327717 0.384348 0.278526 -0.324844 0.37948
0.249565 -0.327826 0.384522 0.277545 -0.324954 0.379654
0.248586 -0.327935 0.384696 0.276564 -0.325064 0.379828
0.247608 -0.328044 0.38487 0.275583 -0.325174 0.380002
0.246629 -0.328152 0.385044 0.274602 -0.325283 0.380176
0.24565 -0.328261 0.385218 0.27362 -0.325393 0.38035
0.244671 -0.32837 0.385392 0.272638 -0.325503 0.380525
0.243693 -0.328479 0.385566 0.271656 -0.325613 0.380699
0.242714 -0.328587 0.38574 0.270674 -0.325723 0.380873
0.241735 -0.328696 0.385914 0.269201 -0.325888 0.381134
0.240756 -0.328805 0.386088 0.268219 -0.325997 0.381308
0.239778 -0.328914 0.386262 0.267236 -0.326107 0.381482
0.238799 -0.329022 0.386436 0.266255 -0.326217 0.381656
0.23782 -0.329131 0.38661 0.265275 -0.326326 0.38183
0.236842 -0.32924 0.386784 0.264295 -0.326436 0.382003
0.235863 -0.329349 0.386958 0.263316 -0.326545 0.382177
0.234884 -0.329457 0.387132 0.262338 -0.326654 0.38235
0.233905 -0.329566 0.387306 0.26136 -0.326763 0.382523
0.232927 -0.329675 0.38748 0.260382 -0.326872 0.382697
0.231948 -0.329784 0.387654 0.259405 -0.326981 0.38287
0.230969 -0.329892 0.387828 0.258428 -0.32709 0.383043
0.229991 -0.330001 0.388002 0.257939 -0.327145 0.383129
0.229012 -0.33011 0.388176 0.256962 -0.327254 0.383302
0.228033 -0.330219 0.38835 0.255985 -0.327363 0.383475
0.227054 -0.330327 0.388524 0.255008 -0.327472 0.383649
0.226076 -0.330436 0.388698 0.253541 -0.327635 0.383908
0.225097 -0.330545 0.388872 0.252563 -0.327745 0.384082
0.224118 -0.330654 0.389046 0.251585 -0.327854 0.384255
0.223139 -0.330762 0.38922 0.250606 -0.327963 0.384428
0.222161 -0.330871 0.389394 0.249628 -0.328072 0.384602
0.221182 -0.33098 0.389568 0.248651 -0.328181 0.384775
0.220203 -0.331089 0.389742 0.247674 -0.32829 0.384948
0.219225 -0.331197 0.389916 0.247185 -0.328345 0.385034
0.218246 -0.331306 0.39009 0.245719 -0.328508 0.385294
0.217267 -0.331415 0.390264 0.244742 -0.328617 0.385467
0.216288 -0.331524 0.390438 0.243765 -0.328727 0.38564
0.21531 -0.331632 0.390612 0.242788 -0.328836 0.385813
0.214331 -0.331741 0.390786 0.241811 -0.328945 0.385986
0.213352 -0.33185 0.39096 0.240835 -0.329054 0.386159
0.212374 -0.331958 0.391134 0.240346 -0.329108 0.386246
0.211395 -0.332067 0.391308 0.239858 -0.329163 0.386333
0.210416 -0.332176 0.391482 0.237903 -0.329381 0.386679
0.209437 -0.332285 0.391656 0.236926 -0.32949 0.386852
0.208459 -0.332393 0.39183 0.235947 -0.329599 0.387025
0.20748 -0.332502 0.392004 0.234969 -0.329709 0.387198
0.206501 -0.332611 0.392178 0.233992 -0.329818 0.387372
0.205522 -0.33272 0.392352 0.233014 -0.329927 0.387545
0.204544 -0.332828 0.392526 0.232037 -0.330036 0.387718
0.203565 -0.332937 0.3927 0.23106 -0.330145 0.387891
0.202586 -0.333046 0.392874 0.230083 -0.330254 0.388064
0.201608 -0.333155 0.393048 0.229106 -0.330363 0.388237
0.200629 -0.333263 0.393222 0.22813 -0.330472 0.38841
0.19965 -0.333372 0.393396 0.227153 -0.330581 0.388583
0.198671 -0.333481 0.39357 0.226177 -0.33069 0.388756
0.197693 -0.33359 0.393744 0.2252 -0.330799 0.388929
0.196714 -0.333698 0.393918 0.224224 -0.330908 0.389102
0.195735 -0.333807 0.394092 0.223247 -0.331017 0.389275
0.194756 -0.333916 0.394266 0.222271 -0.331126 0.389448
0.193778 -0.334025 0.39444 0.221295 -0.331235 0.389621
0.192799 -0.334133 0.394614 0.220319 -0.331344 0.389793
0.19182 -0.334242 0.394787 0.219344 -0.331453 0.389966
0.190842 -0.334351 0.394961 0.218368 -0.331562 0.390139
0.189863 -0.33446 0.395135 0.217392 -0.33167 0.390312
0.188884 -0.334568 0.395309 0.216416 -0.331779 0.390485
0.187905 -0.334677 0.395483 0.21544 -0.331888 0.390658
0.186927 -0.334786 0.395657 0.214464 -0.331997 0.390831
0.185948 -0.334895 0.395831 0.213488 -0.332106 0.391004
0.184969 -0.335003 0.396005 0.212512 -0.332215 0.391177
0.183991 -0.335112 0.396179 0.211536 -0.332324 0.391349
0.183012 -0.335221 0.396353 0.21056 -0.332433 0.391522
0.182033 -0.33533 0.396527 0.210072 -0.332488 0.391609
0.181054 -0.335438 0.396701 0.208606 -0.332651 0.391868
0.180076 -0.335547 0.396875 0.207629 -0.33276 0.392042
0.179097 -0.335656 0.397049 0.206651 -0.33287 0.392215
0.178118 -0.335765 0.397223 0.206161 -0.332925 0.392302
0.177139 -0.335873 0.397397 0.205182 -0.333034 0.392475
0.176161 -0.335982 0.397571 0.203714 -0.333198 0.392735
0.175182 -0.336091 0.397745 0.203224 -0.333253 0.392822
0.174203 -0.3362 0.397919 0.202244 -0.333362 0.392996
0.173225 -0.336308 0.398093 0.201264 -0.333472 0.39317
0.172246 -0.336417 0.398267 0.200283 -0.333582 0.393343
0.171267 -0.336526 0.398441 0.198812 -0.333746 0.393604
0.170288 -0.336635 0.398615 0.197831 -0.333856 0.393778
0.16931 -0.336743 0.398789 0.19734 -0.333911 0.393865
0.168331 -0.336852 0.398963 0.196359 -0.33402 0.394039
0.167352 -0.336961 0.399137 0.195868 -0.334075 0.394126
0.166374 -0.33707 0.399311 0.194395 -0.33424 0.394387
0.165395 -0.337178 0.399485 0.193414 -0.33435 0.394561
0.164416 -0.337287 0.399659 0.192433 -0.334459 0.394734
0.163437 -0.337396 0.399833 0.191455 -0.334568 0.394908
0.162459 -0.337505 0.400007 0.19048 -0.334677 0.39508
0.16148 -0.337613 0.400181 0.189505 -0.334785 0.395253
0.160501 -0.337722 0.400355 0.188529 -0.334894 0.395426
0.159522 -0.337831 0.400529 0.187552 -0.335003 0.395599
0.158544 -0.33794 0.400703 0.186574 -0.335112 0.395772
0.157565 -0.338048 0.400877 0.185595 -0.335221 0.395946
0.156586 -0.338157 0.401051 0.184616 -0.335331 0.396119
0.155608 -0.338266 0.401225 0.183636 -0.33544 0.396293
0.154629 -0.338375 0.401399 0.182656 -0.335549 0.396466
0.15365 -0.338483 0.401573 0.181675 -0.335659 0.39664
0.152671 -0.338592 0.401747 0.181185 -0.335714 0.396727
0.151693 -0.338701 0.401921 0.180694 -0.335769 0.396814
0.150714 -0.33881 0.402095 0.178731 -0.335988 0.397162
0.149735 -0.338918 0.402269 0.177749 -0.336098 0.397336
0.148756 -0.339027 0.402443 0.176768 -0.336207 0.39751
0.147778 -0.339136 0.402617 0.175786 -0.336317 0.397684
0.146799 -0.339245 0.402791 0.175295 -0.336372 0.397771
0.14582 -0.339353 0.402965 0.173331 -0.336591 0.398119
0.144842 -0.339462 0.403139 0.17284 -0.336646 0.398206
0.143863 -0.339571 0.403313 0.171366 -0.33681 0.398467
0.142884 -0.33968 0.403487 0.170384 -0.33692 0.398641
0.141905 -0.339788 0.403661 0.169403 -0.33703 0.398815
0.140927 -0.339897 0.403835 0.168422 -0.337139 0.398989
0.139948 -0.340006 0.404009 0.167442 -0.337248 0.399162
0.138969 -0.340115 0.404183 0.166463 -0.337357 0.399336
0.137991 -0.340223 0.404357 0.165484 -0.337466 0.399509
0.137012 -0.340332 0.404531 0.164506 -0.337575 0.399683
0.136033 -0.340441 0.404705 0.163528 -0.337684 0.399856
0.135054 -0.34055 0.404879 0.16255 -0.337793 0.400029
0.134076 -0.340658 0.405053 0.161573 -0.337902 0.400202
0.133097 -0.340767 0.405227 0.161085 -0.337956 0.400289
0.132118 -0.340876 0.405401 0.160108 -0.338065 0.400462
0.131139 -0.340985 0.405575 0.159131 -0.338174 0.400635
0.130161 -0.341093 0.405749 0.158154 -0.338282 0.400808
0.129182 -0.341202 0.405923 0.157177 -0.338391 0.400981
0.128203 -0.341311 0.406097 0.155711 -0.338554 0.401241
0.127225 -0.341419 0.406271 0.154733 -0.338663 0.401414
0.126246 -0.341528 0.406445 0.154245 -0.338718 0.401501
0.125267 -0.341637 0.406619 0.152779 -0.338881 0.401761
0.124288 -0.341746 0.406793 0.151802 -0.33899 0.401934
0.12331 -0.341854 0.406967 0.151313 -0.339044 0.40202
0.122331 -0.341963 0.407141 0.150335 -0.339153 0.402194
0.121352 -0.342072 0.407315 0.149357 -0.339262 0.402367
0.120374 -0.342181 0.407489 0.148379 -0.339371 0.402541
0.119395 -0.342289 0.407663 0.1474 -0.339481 0.402714
0.118416 -0.342398 0.407837 0.146421 -0.33959 0.402888
0.117437 -0.342507 0.408011 0.145441 -0.339699 0.403061
0.116459 -0.342616 0.408185 0.144462 -0.339808 0.403235
0.11548 -0.342724 0.408359 0.143482 -0.339917 0.403409
0.114501 -0.342833 0.408533 0.142501 -0.340027 0.403582
0.113522 -0.342942 0.408707 0.141521 -0.340136 0.403756
0.112544 -0.343051 0.408881 0.14054 -0.340246 0.40393
0.111565 -0.343159 0.409055 0.139558 -0.340355 0.404104
0.110586 -0.343268 0.409229 0.138577 -0.340465 0.404278
0.109608 -0.343377 0.409403 0.137595 -0.340574 0.404452
0.108629 -0.343486 0.409577 0.136613 -0.340684 0.404626
0.10765 -0.343594 0.409751 0.135631 -0.340793 0.404801
0.106671 -0.343703 0.409925 0.134649 -0.340903 0.404975
0.105693 -0.343812 0.410099 0.133667 -0.341012 0.405149
0.104714 -0.343921 0.410273 0.132685 -0.341122 0.405323
0.103735 -0.344029 0.410447 0.131703 -0.341232 0.405497
0.102756 -0.344138 0.410621 0.131212 -0.341286 0.405584
0.101778 -0.344247 0.410795 0.12974 -0.34145 0.405845
0.100799 -0.344356 0.410969 0.124874 -0.34199 0.406708
0.0998203 -0.344464 0.411143 0.123916 -0.342095 0.406878
0.0988416 -0.344573 0.411317 0.122972 -0.342198 0.407045
0.0978629 -0.344682 0.411491 0.122505 -0.342249 0.407128
0.0968841 -0.344791 0.411665 0.12158 -0.342349 0.407292
0.0959054 -0.344899 0.411839 0.120666 -0.342447 0.407454
0.0949267 -0.345008 0.412013 0.119761 -0.342544 0.407614
0.093948 -0.345117 0.412187 0.118864 -0.34264 0.407773
0.0929692 -0.345226 0.412361 0.117974 -0.342735 0.407931
0.0919905 -0.345334 0.412535 0.11709 -0.342829 0.408087
0.0910118 -0.345443 0.412709 0.116209 -0.342923 0.408243
0.0900331 -0.345552 0.412883 0.115332 -0.343017 0.408399
0.0890543 -0.345661 0.413057 0.114458 -0.343111 0.408554
0.0880756 -0.345769 0.413231 0.113585 -0.343205 0.408709
0.0870969 -0.345878 0.413405 0.112713 -0.343298 0.408863
0.0861182 -0.345987 0.413579 0.111842 -0.343392 0.409018
0.0851395 -0.346096 0.413753 0.11097 -0.343487 0.409172
0.0841607 -0.346204 0.413927 0.110098 -0.343581 0.409327
0.083182 -0.346313 0.414101 0.109225 -0.343676 0.409482
0.0822033 -0.346422 0.414275 0.108351 -0.343772 0.409637
0.0812246 -0.346531 0.414449 0.107475 -0.343868 0.409792
0.0802458 -0.346639 0.414623 0.106596 -0.343964 0.409948
0.0792671 -0.346748 0.414797 0.105716 -0.344061 0.410104
0.0782884 -0.346857 0.414971 0.104833 -0.344159 0.410261
0.0773097 -0.346966 0.415145 0.103948 -0.344257 0.410418
0.0763309 -0.347074 0.415319 0.103059 -0.344356 0.410576
0.0753522 -0.347183 0.415493 0.102168 -0.344455 0.410734
0.0743735 -0.347292 0.415667 0.101273 -0.344555 0.410893
0.0733948 -0.347401 0.415841 0.100376 -0.344655 0.411052
0.072416 -0.347509 0.416015 0.0994761 -0.344756 0.411212
0.0714373 -0.347618 0.416189 0.098573 -0.344857 0.411372
0.0704586 -0.347727 0.416363 0.0976669 -0.344959 0.411533
0.0694799 -0.347836 0.416537 0.0967579 -0.345062 0.411695
0.0685012 -0.347944 0.416711 0.0958458 -0.345164 0.411857
0.0675224 -0.348053 0.416885 0.0949309 -0.345267 0.412019
0.0665437 -0.348162 0.417059 0.094013 -0.345371 0.412182
0.065565 -0.348271 0.417233 0.0930924 -0.345475 0.412346
0.0645863 -0.348379 0.417407 0.092169 -0.345579 0.41251
0.0636075 -0.348488 0.417581 0.0912429 -0.345684 0.412674
0.0626288 -0.348597 0.417755 0.0903142 -0.345789 0.412839
0.0616501 -0.348706 0.417929 0.0893828 -0.345895 0.413004
0.0606714 -0.348814 0.418103 0.0884489 -0.346 0.41317
0.0596926 -0.348923 0.418277 0.0875125 -0.346106 0.413337
0.0587139 -0.349032 0.418451 0.0870434 -0.346159 0.41342
0.0577352 -0.349141 0.418625 0.0861037 -0.346266 0.413587
0.0567565 -0.349249 0.418799 0.0856331 -0.346319 0.413671
0.0557777 -0.349358 0.418973 0.0846902 -0.346426 0.413838
0.054799 -0.349467 0.419147 0.0832722 -0.346586 0.41409
0.0538203 -0.349576 0.419321 0.0818502 -0.346747 0.414343
0.0528416 -0.349684 0.419495 0.0809004 -0.346854 0.414511
0.0518629 -0.349793 0.419669 0.0799489 -0.346962 0.41468
0.0508841 -0.349902 0.419843 0.0789953 -0.347069 0.41485
0.0499054 -0.350011 0.420017 0.0780398 -0.347177 0.41502
0.0489267 -0.350119 0.420191 0.0770826 -0.347285 0.41519
0.047948 -0.350228 0.420365 0.0761237 -0.347394 0.41536
0.0469692 -0.350337 0.420539 0.0751634 -0.347502 0.415531
0.0459905 -0.350445 0.420713 0.0742017 -0.34761 0.415702
0.0450118 -0.350554 0.420887 0.0732389 -0.347719 0.415873
0.0440331 -0.350663 0.421061 0.0722749 -0.347827 0.416044
0.0430543 -0.350772 0.421235 0.0713097 -0.347936 0.416215
0.0420756 -0.35088 0.421409 0.0703436 -0.348044 0.416387
0.0410969 -0.350989 0.421583 0.0693766 -0.348153 0.416559
0.0401182 -0.351098 0.421757 0.0684088 -0.348262 0.416731
0.0391394 -0.351207 0.421931 0.0674403 -0.34837 0.416903
0.0381607 -0.351315 0.422105 0.0664712 -0.348479 0.417075
0.037182 -0.351424 0.422279 0.0655013 -0.348588 0.417247
0.0362033 -0.351533 0.422453 0.0645305 -0.348696 0.41742
0.0352246 -0.351642 0.422627 0.0635586 -0.348805 0.417593
0.0342458 -0.35175 0.422801 0.0625855 -0.348914 0.417766
0.0332671 -0.351859 0.422975 0.0616114 -0.349023 0.417939
0.0322884 -0.351968 0.423149 0.0606366 -0.349132 0.418112
0.0313097 -0.352077 0.423323 0.0596616 -0.349241 0.418285
0.0303309 -0.352185 0.423497 0.0586862 -0.34935 0.418459
0.0293522 -0.352294 0.423671 0.0577101 -0.349459 0.418632
0.0283735 -0.352403 0.423845 0.0567334 -0.349568 0.418806
0.0273948 -0.352512 0.424019 0.055756 -0.349678 0.41898
0.026416 -0.35262 0.424193 0.0547784 -0.349787 0.419153
0.0254373 -0.352729 0.424367 0.0538008 -0.349896 0.419327
0.0244586 -0.352838 0.424541 0.0528227 -0.350005 0.419501
0.0234799 -0.352947 0.424715 0.0518438 -0.350114 0.419675
0.0225011 -0.353055 0.424889 0.0508644 -0.350223 0.419849
0.0215224 -0.353164 0.425063 0.049885 -0.350332 0.420023
0.0205437 -0.353273 0.425237 0.0493952 -0.350387 0.42011
0.019565 -0.353382 0.425411 0.0484155 -0.350496 0.420285
0.0185863 -0.35349 0.425585 0.0469445 -0.35066 0.420546
0.0176075 -0.353599 0.425759 0.0459625 -0.350769 0.420721
0.0166288 -0.353708 0.425933 0.04498 -0.350878 0.420895
0.0156501 -0.353817 0.426107 0.0439979 -0.350988 0.42107
0.0146714 -0.353925 0.426281 0.0430163 -0.351097 0.421245
0.0136926 -0.354034 0.426455 0.0420352 -0.351206 0.421419
0.0127139 -0.354143 0.426629 0.0410547 -0.351315 0.421594
0.0117352 -0.354252 0.426803 0.0400746 -0.351423 0.421768
0.0107565 -0.35436 0.426977 0.0390937 -0.351532 0.421942
0.00977774 -0.354469 0.427151 0.0381109 -0.351642 0.422117
0.00879902 -0.354578 0.427325 0.0371276 -0.351751 0.422292
0.0078203 -0.354687 0.427499 0.0361452 -0.35186 0.422467
0.00684157 -0.354795 0.427673 0.0351637 -0.351969 0.422641
0.00586285 -0.354904 0.427847 0.0341829 -0.352078 0.422816
0.00488413 -0.355013 0.428021 0.0332016 -0.352187 0.42299
0.0039054 -0.355122 0.428195 0.0322189 -0.352296 0.423165
0.00292668 -0.35523 0.428369 0.031236 -0.352405 0.42334
0.00194795 -0.355339 0.428543 0.030254 -0.352514 0.423515
0.000969231 -0.355448 0.428717 0.0292731 -0.352623 0.423689
-9.49217e-06 -0.355557 0.428891 0.0282928 -0.352731 0.423864
-0.000988216 -0.355665 0.429065 0.0273117 -0.35284 0.424038
-0.00196694 -0.355774 0.429239 0.0263288 -0.352949 0.424213
-0.00294566 -0.355883 0.429413 0.0253443 -0.353058 0.424389
-0.00392439 -0.355992 0.429587 0.0243583 -0.353168 0.424564
-0.00490311 -0.3561 0.429761 0.0233711 -0.353278 0.42474
-0.00588183 -0.356209 0.429935 0.0223827 -0.353388 0.424916
-0.00686056 -0.356318 0.430109 0.0213932 -0.353498 0.425092
-0.00783928 -0.356427 0.430283 0.0204031 -0.353608 0.425268
-0.008818 -0.356535 0.430457 0.0194123 -0.353719 0.425444
-0.00979673 -0.356644 0.430631 0.018421 -0.353829 0.425621
-0.0107755 -0.356753 0.430805 0.0174293 -0.353939 0.425798
-0.0117542 -0.356862 0.430979 0.0164375 -0.35405 0.425974
-0.0127329 -0.35697 0.431153 0.015447 -0.35416 0.42615
-0.0137116 -0.357079 0.431327 0.0144587 -0.35427 0.426326
-0.0146903 -0.357188 0.431501 0.0134713 -0.354379 0.426502
-0.0156691 -0.357297 0.431675 0.0124837 -0.354489 0.426678
-0.0166478 -0.357405 0.431848 0.011497 -0.354598 0.426854
-0.0176265 -0.357514 0.432022 0.0105122 -0.354707 0.427029
-0.0186052 -0.357623 0.432196 0.00952772 -0.354816 0.427204
-0.019584 -0.357732 0.43237 0.00854208 -0.354925 0.42738
-0.0205627 -0.35784 0.432544 0.00755544 -0.355035 0.427556
-0.0215414 -0.357949 0.432718 0.00656818 -0.355144 0.427731
-0.0225201 -0.358058 0.432892 0.00558048 -0.355254 0.427907
-0.0234989 -0.358167 0.433066 0.00459245 -0.355363 0.428083
-0.0244776 -0.358275 0.43324 0.00360415 -0.355473 0.428259
-0.0254563 -0.358384 0.433414 0.00261561 -0.355583 0.428435
-0.026435 -0.358493 0.433588 0.00162671 -0.355693 0.428612
-0.0274138 -0.358602 0.433762 0.000637372 -0.355802 0.428788
-0.0283925 -0.35871 0.433936 -0.000352343 -0.355912 0.428964
-0.0293712 -0.358819 0.43411 -0.00134232 -0.356022 0.42914
-0.0303499 -0.358928 0.434284 -0.00233228 -0.356132 0.429317
-0.0313286 -0.359037 0.434458 -0.00332203 -0.356242 0.429493
-0.0323074 -0.359145 0.434632 -0.00431175 -0.356352 0.429669
-0.0332861 -0.359254 0.434806 -0.00530158 -0.356462 0.429846
-0.0342648 -0.359363 0.43498 -0.00629137 -0.356572 0.430022
-0.0352435 -0.359472 0.435154 -0.00728096 -0.356681 0.430198
-0.0362223 -0.35958 0.435328 -0.00827026 -0.356791 0.430375
-0.037201 -0.359689 0.435502 -0.00925924 -0.356901 0.430551
-0.0381797 -0.359798 0.435676 -0.010248 -0.35701 0.430727
-0.0391584 -0.359906 0.43585 -0.0112365 -0.35712 0.430903
-0.0401372 -0.360015 0.436024 -0.0122248 -0.35723 0.431079
-0.0411159 -0.360124 0.436198 -0.0132128 -0.357339 0.431255
-0.0420946 -0.360233 0.436372 -0.0137067 -0.357394 0.431343
-0.0430733 -0.360341 0.436546 -0.0151876 -0.357558 0.431607
-0.0440521 -0.36045 0.43672 -0.0161744 -0.357667 0.431783
-0.0450308 -0.360559 0.436894 -0.0171605 -0.357776 0.431959
-0.0460095 -0.360668 0.437068 -0.0176529 -0.357831 0.432047
-0.0469882 -0.360776 0.437242 -0.0181446 -0.357885 0.432134
-0.0479669 -0.360885 0.437416 -0.0196158 -0.358048 0.432396
-0.0489457 -0.360994 0.43759 -0.0210867 -0.35821 0.432658
-0.0499244 -0.361103 0.437764 -0.0220643 -0.358318 0.432833
-0.0509031 -0.361211 0.437938 -0.0230356 -0.358425 0.433006
-0.0518818 -0.36132 0.438112 -0.0240039 -0.358531 0.433178
-0.0528606 -0.361429 0.438286 -0.0249724 -0.358637 0.433351
-0.0538393 -0.361538 0.43846 -0.025941 -0.358744 0.433523
-0.054818 -0.361646 0.438634 -0.0269092 -0.358851 0.433696
-0.0557967 -0.361755 0.438808 -0.0278773 -0.358957 0.433868
-0.0567755 -0.361864 0.438982 -0.0288456 -0.359064 0.434041
-0.0577542 -0.361973 0.439156 -0.0298135 -0.359171 0.434213
-0.0587329 -0.362081 0.43933 -0.0307802 -0.359277 0.434386
-0.0597116 -0.36219 0.439504 -0.0317458 -0.359384 0.434558
-0.0606904 -0.362299 0.439678 -0.0327106 -0.35949 0.43473
-0.0616691 -0.362408 0.439852 -0.0336746 -0.359596 0.434901
-0.0626478 -0.362516 0.440026 -0.0341564 -0.359649 0.434987
-0.0636265 -0.362625 0.4402 -0.0346382 -0.359702 0.435073
-0.0646052 -0.362734 0.440374 -0.0365667 -0.359915 0.435417
-0.065584 -0.362843 0.440548 -0.0375333 -0.360022 0.435589
-0.0665627 -0.362951 0.440722 -0.0385022 -0.36013 0.435762
-0.0675414 -0.36306 0.440896 -0.0394717 -0.360237 0.435935
-0.0685201 -0.363169 0.44107 -0.0404406 -0.360345 0.436108
-0.0694989 -0.363278 0.441244 -0.0414086 -0.360452 0.43628
-0.0704776 -0.363386 0.441418 -0.0418923 -0.360505 0.436366
-0.0714563 -0.363495 0.441592 -0.0438266 -0.36072 0.436711
-0.072435 -0.363604 0.441766 -0.0443102 -0.360773 0.436798
-0.0734138 -0.363713 0.44194 -0.0457606 -0.360934 0.437056
-0.0743925 -0.363821 0.442114 -0.0467271 -0.361041 0.437229
-0.0753712 -0.36393 0.442288 -0.0476934 -0.361148 0.437401
-0.0763499 -0.364039 0.442462 -0.0486596 -0.361256 0.437573
-0.0773286 -0.364148 0.442636 -0.0491427 -0.361309 0.437659
-0.0783074 -0.364256 0.44281 -0.0501088 -0.361416 0.437832
-0.0792861 -0.364365 0.442984 -0.0510749 -0.361523 0.438004
-0.0802648 -0.364474 0.443158 -0.0520411 -0.36163 0.438176
-0.0812435 -0.364583 0.443332 -0.0530074 -0.361738 0.438348
-0.0822223 -0.364691 0.443506 -0.0544572 -0.361898 0.438607
-0.083201 -0.3648 0.44368 -0.0549406 -0.361952 0.438693
-0.0841797 -0.364909 0.443854 -0.0563909 -0.362113 0.438952
-0.0851584 -0.365018 0.444028 -0.0573581 -0.36222 0.439124
-0.0861372 -0.365126 0.444202 -0.058326 -0.362328 0.439297
-0.0871159 -0.365235 0.444376 -0.0592955 -0.362436 0.43947
-0.0880946 -0.365344 0.44455 -0.0602663 -0.362544 0.439643
-0.0890733 -0.365453 0.444724 -0.060752 -0.362598 0.43973
-0.0900521 -0.365561 0.444898 -0.0617234 -0.362706 0.439903
-0.0910308 -0.36567 0.445072 -0.0626949 -0.362814 0.440076
-0.0920095 -0.365779 0.445246 -0.0636664 -0.362922 0.44025
-0.0929882 -0.365888 0.44542 -0.0646378 -0.36303 0.440423
-0.0939669 -0.365996 0.445594 -0.0656095 -0.363138 0.440596
-0.0949457 -0.366105 0.445768 -0.0665827 -0.363246 0.44077
-0.0959244 -0.366214 0.445942 -0.0675583 -0.363355 0.440944
-0.0969031 -0.366323 0.446116 -0.0685361 -0.363464 0.441118
-0.0978818 -0.366431 0.44629 -0.0695155 -0.363573 0.441293
-0.0988606 -0.36654 0.446464 -0.0704952 -0.363683 0.441468
-0.0998393 -0.366649 0.446638 -0.0714742 -0.363792 0.441643
-0.100818 -0.366758 0.446812 -0.0724524 -0.363901 0.441817
-0.101797 -0.366866 0.446986 -0.0734299 -0.36401 0.441992
-0.102775 -0.366975 0.44716 -0.0744068 -0.364118 0.442166
-0.103754 -0.367084 0.447334 -0.0753832 -0.364227 0.44234
-0.104733 -0.367193 0.447508 -0.0763591 -0.364335 0.442514
-0.105712 -0.367301 0.447682 -0.0773346 -0.364444 0.442688
-0.10669 -0.36741 0.447856 -0.0783101 -0.364552 0.442862
-0.107669 -0.367519 0.44803 -0.0792857 -0.36466 0.443036
-0.108648 -0.367628 0.448204 -0.0802614 -0.364769 0.44321
-0.109627 -0.367736 0.448378 -0.0812368 -0.364877 0.443384
-0.110605 -0.367845 0.448552 -0.082212 -0.364985 0.443558
-0.111584 -0.367954 0.448726 -0.0831874 -0.365093 0.443732
-0.112563 -0.368063 0.4489 -0.0841626 -0.365202 0.443906
-0.113541 -0.368171 0.449074 -0.0851377 -0.36531 0.44408
-0.11452 -0.36828 0.449248 -0.0861129 -0.365418 0.444254
-0.115499 -0.368389 0.449422 -0.0870887 -0.365526 0.444428
-0.116478 -0.368498 0.449596 -0.0880646 -0.365635 0.444602
-0.117456 -0.368606 0.44977 -0.0890403 -0.365743 0.444776
-0.118435 -0.368715 0.449944 -0.0900158 -0.365851 0.44495
-0.119414 -0.368824 0.450118 -0.0909913 -0.365959 0.445124
-0.120392 -0.368932 0.450292 -0.0919666 -0.366068 0.445298
-0.121371 -0.369041 0.450466 -0.0929419 -0.366176 0.445472
-0.12235 -0.36915 0.45064 -0.093917 -0.366284 0.445646
-0.123329 -0.369259 0.450814 -0.0944045 -0.366338 0.445733
-0.124307 -0.369367 0.450988 -0.095867 -0.3665 0.445994
-0.125286 -0.369476 0.451162 -0.0968419 -0.366608 0.446168
-0.126265 -0.369585 0.451336 -0.0978168 -0.366717 0.446342
-0.127244 -0.369694 0.45151 -0.0987916 -0.366825 0.446516
-0.128222 -0.369802 0.451684 -0.0997665 -0.366933 0.44669
-0.129201 -0.369911 0.451858 -0.100741 -0.367041 0.446864
-0.13018 -0.37002 0.452032 -0.101716 -0.367149 0.447038
-0.131158 -0.370129 0.452206 -0.102691 -0.367257 0.447212
-0.132137 -0.370237 0.45238 -0.103667 -0.367366 0.447386
-0.133116 -0.370346 0.452554 -0.104642 -0.367474 0.44756
-0.134095 -0.370455 0.452728 -0.105617 -0.367582 0.447734
-0.135073 -0.370564 0.452902 -0.106593 -0.36769 0.447908
-0.136052 -0.370672 0.453076 -0.107569 -0.367799 0.448082
-0.137031 -0.370781 0.45325 -0.108545 -0.367907 0.448256
-0.13801 -0.37089 0.453424 -0.109521 -0.368015 0.44843
-0.138988 -0.370999 0.453598 -0.110497 -0.368124 0.448604
-0.139967 -0.371107 0.453772 -0.111474 -0.368232 0.448778
-0.140946 -0.371216 0.453946 -0.11245 -0.368341 0.448953
-0.141924 -0.371325 0.45412 -0.113427 -0.368449 0.449127
-0.142903 -0.371434 0.454294 -0.114405 -0.368558 0.449301
-0.143882 -0.371542 0.454468 -0.115383 -0.368666 0.449476
-0.144861 -0.371651 0.454642 -0.116362 -0.368775 0.44965
-0.145839 -0.37176 0.454816 -0.117341 -0.368884 0.449825
-0.146818 -0.371869 0.45499 -0.118321 -0.368993 0.45
-0.147797 -0.371977 0.455164 -0.119301 -0.369102 0.450175
-0.148775 -0.372086 0.455338 -0.120281 -0.369211 0.45035
-0.149754 -0.372195 0.455512 -0.12126 -0.36932 0.450525
-0.150733 -0.372304 0.455686 -0.122241 -0.369429 0.450699
-0.151712 -0.372412 0.45586 -0.123221 -0.369538 0.450874
-0.15269 -0.372521 0.456034 -0.124201 -0.369647 0.451049
-0.153669 -0.37263 0.456208 -0.125182 -0.369756 0.451224
-0.154648 -0.372739 0.456382 -0.126163 -0.369865 0.451399
-0.155627 -0.372847 0.456556 -0.127143 -0.369974 0.451574
-0.156605 -0.372956 0.45673 -0.128124 -0.370082 0.451749
-0.157584 -0.373065 0.456904 -0.129594 -0.370246 0.452011
-0.158563 -0.373174 0.457078 -0.130573 -0.370354 0.452186
-0.159541 -0.373282 0.457252 -0.131063 -0.370409 0.452273
-0.16052 -0.373391 0.457426 -0.132042 -0.370517 0.452448
-0.161499 -0.3735 0.4576 -0.13351 -0.37068 0.45271
-0.162478 -0.373609 0.457774 -0.134489 -0.370789 0.452885
-0.163456 -0.373717 0.457948 -0.134979 -0.370843 0.452972
-0.164435 -0.373826 0.458122 -0.135957 -0.370952 0.453146
-0.165414 -0.373935 0.458296 -0.136935 -0.37106 0.453321
-0.166392 -0.374044 0.45847 -0.137913 -0.371169 0.453495
-0.167371 -0.374152 0.458644 -0.138891 -0.371277 0.45367
-0.16835 -0.374261 0.458818 -0.139869 -0.371385 0.453844
-0.169329 -0.37437 0.458992 -0.140847 -0.371494 0.454018
-0.170307 -0.374479 0.459166 -0.141825 -0.371602 0.454193
-0.171286 -0.374587 0.45934 -0.142803 -0.371711 0.454367
-0.172265 -0.374696 0.459514 -0.14378 -0.371819 0.454542
-0.173244 -0.374805 0.459688 -0.144758 -0.371928 0.454716
-0.174222 -0.374914 0.459862 -0.145735 -0.372036 0.45489
-0.175201 -0.375022 0.460036 -0.146713 -0.372145 0.455065
-0.17618 -0.375131 0.46021 -0.147691 -0.372253 0.455239
-0.177158 -0.37524 0.460384 -0.148671 -0.372362 0.455414
-0.178137 -0.375349 0.460558 -0.149651 -0.372471 0.455589
-0.179116 -0.375457 0.460732 -0.150632 -0.37258 0.455764
-0.180095 -0.375566 0.460906 -0.151614 -0.372689 0.455939
-0.181073 -0.375675 0.46108 -0.152597 -0.372798 0.456114
-0.182052 -0.375784 0.461254 -0.153579 -0.372908 0.45629
-0.183031 -0.375892 0.461428 -0.154561 -0.373017 0.456465
-0.18401 -0.376001 0.461602 -0.156033 -0.37318 0.456727
-0.184988 -0.37611 0.461776 -0.156523 -0.373235 0.456815
-0.185967 -0.376219 0.46195 -0.157503 -0.373343 0.456989
-0.186946 -0.376327 0.462124 -0.158483 -0.373452 0.457164
-0.187924 -0.376436 0.462298 -0.159462 -0.373561 0.457339
-0.188903 -0.376545 0.462472 -0.160442 -0.373669 0.457513
-0.189882 -0.376654 0.462646 -0.161422 -0.373778 0.457688
-0.190861 -0.376762 0.46282 -0.162403 -0.373887 0.457863
-0.191839 -0.376871 0.462994 -0.163383 -0.373996 0.458038
-0.192818 -0.37698 0.463168 -0.164363 -0.374105 0.458213
-0.193797 -0.377089 0.463342 -0.165344 -0.374214 0.458388
-0.194775 -0.377197 0.463516 -0.166324 -0.374322 0.458562
-0.195754 -0.377306 0.46369 -0.167305 -0.374431 0.458737
-0.196733 -0.377415 0.463864 -0.168285 -0.37454 0.458912
-0.197712 -0.377524 0.464038 -0.169755 -0.374703 0.459174
-0.19869 -0.377632 0.464212 -0.170245 -0.374758 0.459262
-0.199669 -0.377741 0.464386 -0.171224 -0.374866 0.459436
-0.200648 -0.37785 0.46456 -0.172202 -0.374975 0.45961
-0.201627 -0.377959 0.464734 -0.17318 -0.375083 0.459785
-0.202605 -0.378067 0.464908 -0.174158 -0.375191 0.459959
-0.203584 -0.378176 0.465082 -0.175135 -0.3753 0.460133
-0.204563 -0.378285 0.465256 -0.176113 -0.375408 0.460308
-0.205541 -0.378393 0.46543 -0.177091 -0.375517 0.460482
-0.20652 -0.378502 0.465604 -0.178069 -0.375625 0.460656
-0.207499 -0.378611 0.465778 -0.179046 -0.375733 0.46083
-0.208478 -0.37872 0.465952 -0.180024 -0.375842 0.461005
-0.209456 -0.378828 0.466126 -0.181002 -0.37595 0.461179
-0.210435 -0.378937 0.4663 -0.181981 -0.376059 0.461354
-0.211414 -0.379046 0.466474 -0.18296 -0.376168 0.461528
-0.212392 -0.379155 0.466648 -0.18394 -0.376276 0.461703
-0.213371 -0.379263 0.466822 -0.18443 -0.376331 0.46179
-0.21435 -0.379372 0.466996 -0.1859 -0.376494 0.462052
-0.215329 -0.379481 0.46717 -0.186879 -0.376603 0.462227
-0.216307 -0.37959 0.467344 -0.187858 -0.376712 0.462402
-0.217286 -0.379698 0.467518 -0.188837 -0.37682 0.462576
-0.218265 -0.379807 0.467692 -0.189816 -0.376929 0.462751
-0.219244 -0.379916 0.467866 -0.190795 -0.377037 0.462925
-0.220222 -0.380025 0.46804 -0.191773 -0.377146 0.463099
-0.221201 -0.380133 0.468214 -0.192751 -0.377254 0.463274
-0.22218 -0.380242 0.468388 -0.19373 -0.377363 0.463448
-0.223158 -0.380351 0.468562 -0.194709 -0.377472 0.463623
-0.224137 -0.38046 0.468735 -0.195687 -0.37758 0.463797
-0.225116 -0.380568 0.468909 -0.196666 -0.377689 0.463972
-0.226095 -0.380677 0.469083 -0.197644 -0.377797 0.464146
-0.227073 -0.380786 0.469257 -0.198622 -0.377906 0.46432
-0.228052 -0.380895 0.469431 -0.1996 -0.378014 0.464495
-0.229031 -0.381003 0.469605 -0.200577 -0.378123 0.464669
-0.23001 -0.381112 0.469779 -0.201554 -0.378231 0.464843
-0.230988 -0.381221 0.469953 -0.202532 -0.37834 0.465017
-0.231967 -0.38133 0.470127 -0.203508 -0.378448 0.465191
-0.232946 -0.381438 0.470301 -0.204485 -0.378556 0.465365
-0.233924 -0.381547 0.470475 -0.205462 -0.378664 0.465539
-0.234903 -0.381656 0.470649 -0.206438 -0.378773 0.465713
-0.235882 -0.381765 0.470823 -0.207415 -0.378881 0.465887
-0.236861 -0.381873 0.470997 -0.208393 -0.37899 0.466061
-0.237839 -0.381982 0.471171 -0.20937 -0.379098 0.466236
-0.238818 -0.382091 0.471345 -0.210348 -0.379207 0.46641
-0.239797 -0.3822 0.471519 -0.211325 -0.379315 0.466584
-0.240775 -0.382308 0.471693 -0.212303 -0.379424 0.466758
-0.241754 -0.382417 0.471867 -0.213282 -0.379532 0.466933
-0.242733 -0.382526 0.472041 -0.21426 -0.379641 0.467107
-0.243712 -0.382635 0.472215 -0.215239 -0.37975 0.467282
-0.24469 -0.382743 0.472389 -0.216218 -0.379858 0.467456
-0.245669 -0.382852 0.472563 -0.217198 -0.379967 0.467631
-0.246648 -0.382961 0.472737 -0.218177 -0.380076 0.467806
-0.247627 -0.38307 0.472911 -0.219157 -0.380185 0.46798
-0.248605 -0.383178 0.473085 -0.220136 -0.380294 0.468155
-0.249584 -0.383287 0.473259 -0.221115 -0.380402 0.468329
-0.250563 -0.383396 0.473433 -0.222095 -0.380511 0.468504
-0.251541 -0.383505 0.473607 -0.223074 -0.38062 0.468678
-0.25252 -0.383613 0.473781 -0.224055 -0.380729 0.468853
-0.253499 -0.383722 0.473955 -0.225035 -0.380838 0.469028
-0.254478 -0.383831 0.474129 -0.226016 -0.380947 0.469203
-0.255456 -0.38394 0.474303 -0.226996 -0.381056 0.469377
-0.256435 -0.384048 0.474477 -0.227976 -0.381165 0.469552
-0.257414 -0.384157 0.474651 -0.228956 -0.381273 0.469727
-0.258392 -0.384266 0.474825 -0.229935 -0.381382 0.469901
-0.259371 -0.384375 0.474999 -0.230914 -0.381491 0.470076
-0.26035 -0.384483 0.475173 -0.231894 -0.381599 0.47025
-0.261329 -0.384592 0.475347 -0.232873 -0.381708 0.470425
-0.262307 -0.384701 0.475521 -0.233852 -0.381817 0.470599
-0.263286 -0.38481 0.475695 -0.23483 -0.381925 0.470773
-0.264265 -0.384918 0.475869 -0.235808 -0.382034 0.470948
-0.265244 -0.385027 0.476043 -0.236786 -0.382142 0.471122
-0.266222 -0.385136 0.476217 -0.237763 -0.38225 0.471296
-0.267201 -0.385245 0.476391 -0.23874 -0.382359 0.47147
-0.26818 -0.385353 0.476565 -0.239717 -0.382467 0.471644
-0.269158 -0.385462 0.476739 -0.240695 -0.382576 0.471818
-0.270137 -0.385571 0.476913 -0.241673 -0.382684 0.471992
-0.271116 -0.38568 0.477087 -0.242651 -0.382793 0.472166
-0.272095 -0.385788 0.477261 -0.243629 -0.382901 0.472341
-0.273073 -0.385897 0.477435 -0.244607 -0.38301 0.472515
-0.274052 -0.386006 0.477609 -0.245584 -0.383118 0.472689
-0.275031 -0.386115 0.477783 -0.246562 -0.383227 0.472863
-0.27601 -0.386223 0.477957 -0.247542 -0.383335 0.473038
-0.276988 -0.386332 0.478131 -0.248522 -0.383444 0.473212
-0.277967 -0.386441 0.478305 -0.249502 -0.383553 0.473387
-0.278946 -0.38655 0.478479 -0.250481 -0.383662 0.473561
-0.279924 -0.386658 0.478653 -0.25146 -0.383771 0.473736
-0.280903 -0.386767 0.478827 -0.25195 -0.383825 0.473823
-0.281882 -0.386876 0.479001 -0.253418 -0.383988 0.474085
-0.282861 -0.386985 0.479175 -0.254399 -0.384097 0.474259
-0.283839 -0.387093 0.479349 -0.255382 -0.384206 0.474435
-0.284818 -0.387202 0.479523 -0.256368 -0.384316 0.474611
-0.285797 -0.387311 0.479697 -0.257353 -0.384426 0.474786
-0.286775 -0.387419 0.479871 -0.258338 -0.384535 0.474962
-0.287754 -0.387528 0.480045 -0.25883 -0.38459 0.47505
-0.288733 -0.387637 0.480219 -0.260305 -0.384754 0.475312
-0.289712 -0.387746 0.480393 -0.261288 -0.384863 0.475488
-0.29069 -0.387854 0.480567 -0.262271 -0.384973 0.475663
-0.291669 -0.387963 0.480741 -0.263255 -0.385082 0.475838
-0.292648 -0.388072 0.480915 -0.264239 -0.385191 0.476013
-0.293627 -0.388181 0.481089 -0.265222 -0.3853 0.476189
-0.294605 -0.388289 0.481263 -0.266204 -0.38541 0.476364
-0.295584 -0.388398 0.481437 -0.267187 -0.385519 0.476539
-0.296563 -0.388507 0.481611 -0.26817 -0.385628 0.476714
-0.297541 -0.388616 0.481785 -0.269153 -0.385737 0.476889
-0.29852 -0.388724 0.481959 -0.270136 -0.385846 0.477064
-0.299499 -0.388833 0.482133 -0.271117 -0.385955 0.477239
-0.300478 -0.388942 0.482307 -0.272098 -0.386064 0.477413
-0.301456 -0.389051 0.482481 -0.273078 -0.386172 0.477588
-0.302435 -0.389159 0.482655 -0.273568 -0.386227 0.477675
-0.303414 -0.389268 0.482829 -0.274058 -0.386281 0.477762
-0.304393 -0.389377 0.483003 -0.276017 -0.386498 0.478111
-0.305371 -0.389486 0.483177 -0.276996 -0.386607 0.478285
-0.30635 -0.389594 0.483351 -0.277974 -0.386715 0.478459
-0.307329 -0.389703 0.483525 -0.278953 -0.386824 0.478634
-0.308307 -0.389812 0.483699 -0.279932 -0.386932 0.478808
-0.309286 -0.389921 0.483873 -0.280421 -0.386986 0.478895
-0.310265 -0.390029 0.484047 -0.282377 -0.387203 0.479243
-0.311244 -0.390138 0.484221 -0.283355 -0.387312 0.479417
-0.312222 -0.390247 0.484395 -0.284334 -0.38742 0.479592
-0.313201 -0.390356 0.484569 -0.285312 -0.387529 0.479766
-0.31418 -0.390464 0.484743 -0.285801 -0.387583 0.479853
-0.315158 -0.390573 0.484917 -0.287267 -0.387745 0.480114
-0.316137 -0.390682 0.485091 -0.288244 -0.387854 0.480288
-0.317116 -0.390791 0.485265 -0.288732 -0.387908 0.480375
-0.318095 -0.390899 0.485439 -0.290197 -0.38807 0.480635
-0.319073 -0.391008 0.485613 -0.291173 -0.388178 0.480809
-0.320052 -0.391117 0.485787 -0.292149 -0.388286 0.480983
-0.321031 -0.391226 0.485961 -0.293125 -0.388395 0.481156
-0.32201 -0.391334 0.486135 -0.2941 -0.388503 0.48133
-0.322988 -0.391443 0.486309 -0.295076 -0.388611 0.481504
-0.323967 -0.391552 0.486483 -0.296051 -0.388719 0.481677
-0.324946 -0.391661 0.486657 -0.297026 -0.388827 0.481851
-0.325924 -0.391769 0.486831 -0.298002 -0.388935 0.482025
-0.326903 -0.391878 0.487005 -0.298978 -0.389044 0.482198
-0.327882 -0.391987 0.487179 -0.299953 -0.389152 0.482372
-0.328861 -0.392096 0.487353 -0.300929 -0.38926 0.482546
-0.329839 -0.392204 0.487527 -0.301904 -0.389368 0.482719
-0.330818 -0.392313 0.487701 -0.30288 -0.389477 0.482893
-0.331797 -0.392422 0.487875 -0.303856 -0.389585 0.483067
-0.332775 -0.392531 0.488049 -0.304832 -0.389693 0.483241
-0.333754 -0.392639 0.488223 -0.30532 -0.389747 0.483327
-0.334733 -0.392748 0.488397 -0.306784 -0.38991 0.483588
-0.335712 -0.392857 0.488571 -0.307272 -0.389964 0.483675
-0.33669 -0.392966 0.488745 -0.308248 -0.390072 0.483849
-0.337669 -0.393074 0.488919 -0.309712 -0.390235 0.484109
-0.338648 -0.393183 0.489093 -0.310688 -0.390343 0.484283
-0.339627 -0.393292 0.489267 -0.311664 -0.390452 0.484457
-0.340605 -0.393401 0.489441 -0.31264 -0.39056 0.484631
-0.341584 -0.393509 0.489615 -0.313128 -0.390614 0.484718
-0.342563 -0.393618 0.489789 -0.314593 -0.390777 0.484979
-0.343541 -0.393727 0.489963 -0.315571 -0.390886 0.485153
-0.34452 -0.393836 0.490137 -0.316548 -0.390994 0.485327
-0.345499 -0.393944 0.490311 -0.317526 -0.391103 0.485501
-0.346478 -0.394053 0.490485 -0.318504 -0.391212 0.485675
-0.347456 -0.394162 0.490659 -0.319482 -0.39132 0.485849
-0.348435 -0.394271 0.490833 -0.320459 -0.391429 0.486023
-0.349414 -0.394379 0.491007 -0.321437 -0.391538 0.486198
-0.350393 -0.394488 0.491181 -0.322415 -0.391646 0.486372
-0.351371 -0.394597 0.491355 -0.323394 -0.391755 0.486546
-0.35235 -0.394706 0.491529 -0.324372 -0.391864 0.48672
-0.353329 -0.394814 0.491703 -0.325351 -0.391972 0.486895
-0.354307 -0.394923 0.491877 -0.32633 -0.392081 0.487069
-0.355286 -0.395032 0.492051 -0.327309 -0.39219 0.487243
-0.356265 -0.395141 0.492225 -0.328287 -0.392299 0.487418
-0.357244 -0.395249 0.492399 -0.329266 -0.392408 0.487592
-0.358222 -0.395358 0.492573 -0.330244 -0.392516 0.487766
-0.359201 -0.395467 0.492747 -0.331223 -0.392625 0.48794
-0.36018 -0.395576 0.492921 -0.332201 -0.392734 0.488115
-0.361158 -0.395684 0.493095 -0.333179 -0.392842 0.488289
-0.362137 -0.395793 0.493269 -0.334156 -0.392951 0.488463
-0.363116 -0.395902 0.493443 -0.334645 -0.393005 0.48855
-0.364095 -0.396011 0.493617 -0.336112 -0.393168 0.488811
-0.365073 -0.396119 0.493791 -0.337089 -0.393276 0.488985
-0.366052 -0.396228 0.493965 -0.338066 -0.393385 0.489159
-0.367031 -0.396337 0.494139 -0.339043 -0.393493 0.489333
-0.36801 -0.396446 0.494313 -0.34002 -0.393602 0.489507
-0.368988 -0.396554 0.494487 -0.340997 -0.39371 0.489681
-0.369967 -0.396663 0.494661 -0.341974 -0.393819 0.489855
-0.370946 -0.396772 0.494835 -0.342951 -0.393927 0.490028
-0.371924 -0.39688 0.495009 -0.343928 -0.394036 0.490202
-0.372903 -0.396989 0.495183 -0.344905 -0.394144 0.490376
-0.373882 -0.397098 0.495357 -0.345882 -0.394253 0.49055
-0.374861 -0.397207 0.495531 -0.34686 -0.394361 0.490724
-0.375839 -0.397315 0.495705 -0.347837 -0.39447 0.490898
-0.376818 -0.397424 0.495879 -0.348815 -0.394578 0.491072
-0.377797 -0.397533 0.496053 -0.349792 -0.394687 0.491247
-0.378775 -0.397642 0.496227 -0.35077 -0.394796 0.491421
-0.379754 -0.39775 0.496401 -0.351748 -0.394904 0.491595
-0.380733 -0.397859 0.496575 -0.352725 -0.395013 0.491769
-0.381712 -0.397968 0.496749 -0.353703 -0.395122 0.491943
-0.38269 -0.398077 0.496923 -0.354681 -0.39523 0.492117
-0.383669 -0.398185 0.497097 -0.355659 -0.395339 0.492291
-0.384648 -0.398294 0.497271 -0.356637 -0.395448 0.492465
-0.385627 -0.398403 0.497445 -0.357616 -0.395556 0.49264
-0.386605 -0.398512 0.497619 -0.358594 -0.395665 0.492814
-0.387584 -0.39862 0.497793 -0.359572 -0.395774 0.492988
-0.388563 -0.398729 0.497967 -0.36055 -0.395882 0.493162
-0.389541 -0.398838 0.498141 -0.361529 -0.395991 0.493336
-0.39052 -0.398947 0.498315 -0.362508 -0.3961 0.493511
-0.391499 -0.399055 0.498489 -0.363486 -0.396209 0.493685
-0.392478 -0.399164 0.498663 -0.364465 -0.396317 0.493859
-0.393456 -0.399273 0.498837 -0.365443 -0.396426 0.494033
-0.394435 -0.399382 0.499011 -0.366422 -0.396535 0.494208
-0.395414 -0.39949 0.499185 -0.367401 -0.396644 0.494382
-0.396393 -0.399599 0.499359 -0.368379 -0.396752 0.494556
-0.397371 -0.399708 0.499533 -0.369358 -0.396861 0.49473
-0.39835 -0.399817 0.499707 -0.370336 -0.39697 0.494905
-0.399329 -0.399925 0.499881 -0.371315 -0.397079 0.495079
-0.400307 -0.400034 0.500055 -0.372293 -0.397187 0.495253
-0.399329 -0.399925 0.499881 -0.373272 -0.397296 0.495427
-0.400307 -0.400034 0.500055 -0.374251 -0.397405 0.495602
-0.399329 -0.399925 0.499881 -0.375229 -0.397514 0.495776
-0.400307 -0.400034 0.500055 -0.376208 -0.397622 0.49595
-0.399329 -0.399925 0.499881 -0.377185 -0.397731 0.496124
-0.400307 -0.400034 0.500055 -0.378155 -0.397838 0.496296
-0.399329 -0.399925 0.499881 -0.379115 -0.397944 0.496467
-0.400307 -0.400034 0.500055 -0.380062 -0.398047 0.496634
-0.399329 -0.399925 0.499881 -0.380992 -0.398148 0.496798
-0.400307 -0.400034 0.500055 -0.381905 -0.398247 0.496958
-0.399329 -0.399925 0.499881 -0.382797 -0.398342 0.497114
-0.400307 -0.400034 0.500055 -0.383666 -0.398434 0.497266
-0.399329 -0.399925 0.499881 -0.384512 -0.398522 0.497413
-0.400307 -0.400034 0.500055 -0.385333 -0.398607 0.497555
-0.399329 -0.399925 0.499881 -0.386128 -0.398689 0.497692
-0.400307 -0.400034 0.500055 -0.386897 -0.398767 0.497823
-0.399329 -0.399925 0.499881 -0.387639 -0.398842 0.49795
-0.400307 -0.400034 0.500055 -0.388353 -0.398913 0.498072
-0.399329 -0.399925 0.499881 -0.389041 -0.398981 0.498188
-0.400307 -0.400034 0.500055 -0.389701 -0.399045 0.498299
-0.399329 -0.399925 0.499881 -0.390333 -0.399106 0.498406
-0.400307 -0.400034 0.500055 -0.390938 -0.399165 0.498507
-0.399329 -0.399925 0.499881 -0.391231 -0.399192 0.498556
-0.400307 -0.400034 0.500055 -0.39207 -0.399272 0.498696
-0.399329 -0.399925 0.499881 -0.392596 -0.399321 0.498784
-0.400307 -0.400034 0.500055 -0.393097 -0.399368 0.498867
-0.399329 -0.399925 0.499881 -0.393574 -0.399412 0.498945
-0.400307 -0.400034 0.500055 -0.394027 -0.399454 0.49902
-0.399329 -0.399925 0.499881 -0.394456 -0.399493 0.499091
-0.400307 -0.400034 0.500055 -0.394862 -0.39953 0.499157
-0.399329 -0.399925 0.499881 -0.395247 -0.399565 0.49922
-0.400307 -0.400034 0.500055 -0.39561 -0.399598 0.49928
-0.399329 -0.399925 0.499881 -0.395953 -0.399629 0.499336
-0.400307 -0.400034 0.500055 -0.396277 -0.399658 0.499389
-0.399329 -0.399925 0.499881 -0.396581 -0.399685 0.499438
-0.400307 -0.400034 0.500055 -0.396868 -0.399711 0.499485
-0.399329 -0.399925 0.499881 -0.397137 -0.399735 0.499529
-0.400307 -0.400034 0.500055 -0.39739 -0.399757 0.49957
-0.399329 -0.399925 0.499881 -0.397627 -0.399778 0.499609
-0.400307 -0.400034 0.500055 -0.397849 -0.399798 0.499645
-0.399329 -0.399925 0.499881 -0.397954 -0.399807 0.499662
-0.400307 -0.400034 0.500055 -0.398056 -0.399816 0.499678
-0.399329 -0.399925 0.499881 -0.398431 -0.39985 0.499739
-0.400307 -0.400034 0.500055 -0.398517 -0.399858 0.499753
-0.399329 -0.399925 0.499881 -0.398756 -0.399879 0.499792
-0.400307 -0.400034 0.500055 -0.398831 -0.399886 0.499804
-0.399329 -0.399925 0.499881 -0.399038 -0.399904 0.499838
