0.499139 -0.300096 0.340153 0.500119 -0.299986 0.339978
0.498161 -0.300204 0.340327 0.500119 -0.299986 0.339978
0.497182 -0.300313 0.340501 0.500119 -0.299986 0.339979
0.496203 -0.300422 0.340675 0.500117 -0.299986 0.339979
0.495225 -0.300531 0.340849 0.500115 -0.299986 0.339979
0.494246 -0.300639 0.341023 0.5001 -0.299988 0.339982
0.493267 -0.300748 0.341197 0.50009 -0.299989 0.339984
0.492288 -0.300857 0.341371 0.500043 -0.299994 0.339992
0.49131 -0.300966 0.341545 0.499992 -0.3 0.340001
0.490331 -0.301074 0.341719 0.499922 -0.300008 0.340014
0.489352 -0.301183 0.341893 0.499832 -0.300018 0.34003
0.488374 -0.301292 0.342067 0.499778 -0.300024 0.34004
0.487395 -0.301401 0.342241 0.499654 -0.300039 0.340063
0.486416 -0.301509 0.342415 0.499505 -0.300056 0.34009
0.485437 -0.301618 0.342589 0.499331 -0.300076 0.340122
0.484459 -0.301727 0.342763 0.499131 -0.300099 0.340159
0.48348 -0.301836 0.342937 0.49878 -0.30014 0.340223
0.482501 -0.301944 0.343111 0.498512 -0.300171 0.340272
0.481522 -0.302053 0.343285 0.498217 -0.300206 0.340327
0.480544 -0.302162 0.343459 0.498059 -0.300224 0.340356
0.479565 -0.302271 0.343633 0.497545 -0.300285 0.340451
0.478586 -0.302379 0.343807 0.49717 -0.300329 0.340521
0.477608 -0.302488 0.343981 0.496768 -0.300376 0.340595
0.476629 -0.302597 0.344155 0.49634 -0.300426 0.340674
0.47565 -0.302706 0.344329 0.495886 -0.30048 0.340759
0.474671 -0.302814 0.344503 0.495406 -0.300536 0.340847
0.473693 -0.302923 0.344677 0.495157 -0.300566 0.340894
0.472714 -0.303032 0.344851 0.494373 -0.300658 0.341039
0.471735 -0.303141 0.345025 0.493821 -0.300723 0.341142
0.470757 -0.303249 0.345199 0.493246 -0.300791 0.341248
0.469778 -0.303358 0.345373 0.49265 -0.300861 0.341359
0.468799 -0.303467 0.345547 0.492032 -0.300934 0.341473
0.46782 -0.303576 0.345721 0.491394 -0.301009 0.341591
0.466842 -0.303684 0.345895 0.490737 -0.301086 0.341713
0.465863 -0.303793 0.346069 0.49006 -0.301166 0.341838
0.464884 -0.303902 0.346243 0.489715 -0.301206 0.341902
0.463905 -0.304011 0.346417 0.488654 -0.301331 0.342098
0.462927 -0.304119 0.346591 0.487927 -0.301416 0.342232
0.461948 -0.304228 0.346765 0.487183 -0.301503 0.342369
0.460969 -0.304337 0.346939 0.486425 -0.301592 0.342509
0.459991 -0.304445 0.347113 0.485652 -0.301682 0.342651
0.459012 -0.304554 0.347287 0.484866 -0.301773 0.342795
0.458033 -0.304663 0.347461 0.484067 -0.301866 0.342942
0.457054 -0.304772 0.347635 0.483256 -0.301961 0.343091
0.456076 -0.30488 0.347809 0.482433 -0.302056 0.343241
0.455097 -0.304989 0.347983 0.4816 -0.302153 0.343394
0.454118 -0.305098 0.348157 0.480756 -0.30225 0.343548
0.453139 -0.305207 0.348331 0.479902 -0.302349 0.343704
0.452161 -0.305315 0.348505 0.479039 -0.302448 0.343861
0.451182 -0.305424 0.348679 0.478167 -0.302549 0.34402
0.450203 -0.305533 0.348853 0.477288 -0.30265 0.34418
0.449225 -0.305642 0.349027 0.4764 -0.302752 0.344341
0.448246 -0.30575 0.349201 0.475506 -0.302854 0.344503
0.447267 -0.305859 0.349375 0.474604 -0.302957 0.344666
0.446288 -0.305968 0.349549 0.473696 -0.303061 0.344831
0.44531 -0.306077 0.349723 0.472782 -0.303165 0.344996
0.444331 -0.306185 0.349897 0.471863 -0.30327 0.345162
0.443352 -0.306294 0.350071 0.470938 -0.303375 0.345329
0.442374 -0.306403 0.350245 0.470009 -0.303481 0.345496
0.441395 -0.306512 0.350419 0.469075 -0.303587 0.345664
0.440416 -0.30662 0.350593 0.468137 -0.303693 0.345833
0.439437 -0.306729 0.350767 0.467195 -0.3038 0.346002
0.438459 -0.306838 0.350941 0.466249 -0.303907 0.346172
0.43748 -0.306947 0.351115 0.4653 -0.304014 0.346342
0.436501 -0.307055 0.351289 0.464348 -0.304121 0.346513
0.435522 -0.307164 0.351463 0.463393 -0.304229 0.346684
0.434544 -0.307273 0.351637 0.462436 -0.304337 0.346856
0.433565 -0.307382 0.351811 0.461476 -0.304445 0.347027
0.432586 -0.30749 0.351985 0.460513 -0.304553 0.347199
0.431608 -0.307599 0.352159 0.459549 -0.304661 0.347371
0.430629 -0.307708 0.352333 0.458583 -0.30477 0.347544
0.42965 -0.307817 0.352507 0.457615 -0.304878 0.347717
0.428671 -0.307925 0.352681 0.456645 -0.304987 0.347889
0.427693 -0.308034 0.352855 0.45616 -0.305041 0.347976
0.426714 -0.308143 0.353029 0.455188 -0.30515 0.348149
0.425735 -0.308252 0.353203 0.454215 -0.305259 0.348322
0.424757 -0.30836 0.353377 0.45324 -0.305368 0.348496
0.423778 -0.308469 0.353551 0.452264 -0.305477 0.34867
0.422799 -0.308578 0.353725 0.451287 -0.305586 0.348843
0.42182 -0.308687 0.353899 0.450309 -0.305695 0.349017
0.420842 -0.308795 0.354073 0.449331 -0.305804 0.349191
0.419863 -0.308904 0.354247 0.448352 -0.305913 0.349365
0.418884 -0.309013 0.354421 0.447372 -0.306022 0.349539
0.417905 -0.309122 0.354595 0.446393 -0.306132 0.349713
0.416927 -0.30923 0.354769 0.445412 -0.306241 0.349887
0.415948 -0.309339 0.354943 0.444432 -0.30635 0.350061
0.414969 -0.309448 0.355117 0.443451 -0.306459 0.350235
0.413991 -0.309557 0.355291 0.44247 -0.306568 0.350409
0.413012 -0.309665 0.355465 0.441489 -0.306677 0.350583
0.412033 -0.309774 0.355639 0.440507 -0.306786 0.350757
0.411054 -0.309883 0.355813 0.439525 -0.306896 0.350931
0.410076 -0.309992 0.355987 0.439034 -0.30695 0.351018
0.409097 -0.3101 0.356161 0.43756 -0.307114 0.35128
0.408118 -0.310209 0.356335 0.437068 -0.307169 0.351367
0.407139 -0.310318 0.356509 0.435594 -0.307333 0.351628
0.406161 -0.310427 0.356683 0.435101 -0.307388 0.351716
0.405182 -0.310535 0.356857 0.434608 -0.307443 0.351803
0.404203 -0.310644 0.357031 0.433123 -0.307608 0.352067
0.403225 -0.310753 0.357205 0.432626 -0.307664 0.352155
0.402246 -0.310862 0.357379 0.432129 -0.307719 0.352243
0.401267 -0.31097 0.357553 0.430134 -0.307942 0.352598
0.400288 -0.311079 0.357727 0.429136 -0.308053 0.352775
0.39931 -0.311188 0.3579 0.427635 -0.308221 0.353042
0.398331 -0.311297 0.358074 0.427133 -0.308277 0.353131
0.397352 -0.311405 0.358248 0.42613 -0.308389 0.353309
0.396374 -0.311514 0.358422 0.425125 -0.308501 0.353488
0.395395 -0.311623 0.358596 0.423618 -0.30867 0.353756
0.394416 -0.311732 0.35877 0.423115 -0.308726 0.353845
0.393437 -0.31184 0.358944 0.42211 -0.308838 0.354024
0.392459 -0.311949 0.359118 0.421104 -0.30895 0.354202
0.39148 -0.312058 0.359292 0.420099 -0.309063 0.354381
0.390501 -0.312167 0.359466 0.419093 -0.309175 0.354559
0.389522 -0.312275 0.35964 0.418088 -0.309287 0.354738
0.388544 -0.312384 0.359814 0.417083 -0.309399 0.354916
0.387565 -0.312493 0.359988 0.416078 -0.309511 0.355095
0.386586 -0.312602 0.360162 0.415073 -0.309623 0.355273
0.385608 -0.31271 0.360336 0.414069 -0.309735 0.355451
0.384629 -0.312819 0.36051 0.413066 -0.309847 0.355629
0.38365 -0.312928 0.360684 0.412063 -0.309958 0.355807
0.382671 -0.313037 0.360858 0.411061 -0.31007 0.355985
0.381693 -0.313145 0.361032 0.41006 -0.310181 0.356162
0.380714 -0.313254 0.361206 0.409059 -0.310293 0.35634
0.379735 -0.313363 0.36138 0.408059 -0.310404 0.356517
0.378757 -0.313471 0.361554 0.407059 -0.310515 0.356694
0.377778 -0.31358 0.361728 0.40606 -0.310626 0.356871
0.376799 -0.313689 0.361902 0.405062 -0.310737 0.357048
0.37582 -0.313798 0.362076 0.404064 -0.310848 0.357225
0.374842 -0.313906 0.36225 0.403067 -0.310959 0.357402
0.373863 -0.314015 0.362424 0.40207 -0.31107 0.357578
0.372884 -0.314124 0.362598 0.401074 -0.311181 0.357755
0.371905 -0.314233 0.362772 0.400079 -0.311291 0.357931
0.370927 -0.314341 0.362946 0.399084 -0.311402 0.358107
0.369948 -0.31445 0.36312 0.39809 -0.311512 0.358283
0.368969 -0.314559 0.363294 0.397097 -0.311623 0.358459
0.367991 -0.314668 0.363468 0.396104 -0.311733 0.358635
0.367012 -0.314776 0.363642 0.395112 -0.311844 0.358811
0.366033 -0.314885 0.363816 0.39412 -0.311954 0.358987
0.365054 -0.314994 0.36399 0.393129 -0.312064 0.359162
0.364076 -0.315103 0.364164 0.392139 -0.312174 0.359338
0.363097 -0.315211 0.364338 0.391149 -0.312284 0.359513
0.362118 -0.31532 0.364512 0.390159 -0.312394 0.359688
0.361139 -0.315429 0.364686 0.389171 -0.312504 0.359864
0.360161 -0.315538 0.36486 0.388182 -0.312614 0.360039
0.359182 -0.315646 0.365034 0.387194 -0.312724 0.360214
0.358203 -0.315755 0.365208 0.386207 -0.312834 0.360389
0.357225 -0.315864 0.365382 0.38522 -0.312943 0.360564
0.356246 -0.315973 0.365556 0.384233 -0.313053 0.360739
0.355267 -0.316081 0.36573 0.383247 -0.313163 0.360913
0.354288 -0.31619 0.365904 0.382261 -0.313273 0.361088
0.35331 -0.316299 0.366078 0.381276 -0.313382 0.361263
0.352331 -0.316408 0.366252 0.380291 -0.313492 0.361437
0.351352 -0.316516 0.366426 0.379306 -0.313601 0.361612
0.350374 -0.316625 0.3666 0.378321 -0.313711 0.361786
0.349395 -0.316734 0.366774 0.377829 -0.313766 0.361874
0.348416 -0.316843 0.366948 0.376354 -0.31393 0.362135
0.347437 -0.316951 0.367122 0.375862 -0.313985 0.362222
0.346459 -0.31706 0.367296 0.374878 -0.314094 0.362397
0.34548 -0.317169 0.36747 0.373895 -0.314204 0.362571
0.344501 -0.317278 0.367644 0.372913 -0.314313 0.362745
0.343522 -0.317386 0.367818 0.37193 -0.314423 0.362919
0.342544 -0.317495 0.367992 0.370948 -0.314532 0.363093
0.341565 -0.317604 0.368166 0.369966 -0.314641 0.363268
0.340586 -0.317713 0.36834 0.368984 -0.314751 0.363442
0.339608 -0.317821 0.368514 0.368003 -0.31486 0.363616
0.338629 -0.31793 0.368688 0.367021 -0.314969 0.36379
0.33765 -0.318039 0.368862 0.36604 -0.315079 0.363964
0.336671 -0.318148 0.369036 0.365059 -0.315188 0.364138
0.335693 -0.318256 0.36921 0.364077 -0.315297 0.364312
0.334714 -0.318365 0.369384 0.363096 -0.315407 0.364486
0.333735 -0.318474 0.369558 0.362115 -0.315516 0.36466
0.332757 -0.318583 0.369732 0.361134 -0.315626 0.364834
0.331778 -0.318691 0.369906 0.360153 -0.315735 0.365008
0.330799 -0.3188 0.37008 0.359172 -0.315844 0.365182
0.32982 -0.318909 0.370254 0.358192 -0.315954 0.365356
0.328842 -0.319018 0.370428 0.357211 -0.316063 0.365529
0.327863 -0.319126 0.370602 0.356231 -0.316172 0.365703
0.326884 -0.319235 0.370776 0.355251 -0.316281 0.365877
0.325905 -0.319344 0.37095 0.354271 -0.316391 0.366051
0.324927 -0.319453 0.371124 0.353291 -0.3165 0.366225
0.323948 -0.319561 0.371298 0.352311 -0.316609 0.366398
0.322969 -0.31967 0.371472 0.351332 -0.316718 0.366572
0.321991 -0.319779 0.371646 0.350352 -0.316828 0.366746
0.321012 -0.319888 0.37182 0.349372 -0.316937 0.36692
0.320033 -0.319996 0.371994 0.348391 -0.317047 0.367094
0.319054 -0.320105 0.372168 0.34741 -0.317156 0.367268
0.318076 -0.320214 0.372342 0.346429 -0.317266 0.367442
0.317097 -0.320323 0.372516 0.345448 -0.317375 0.367616
0.316118 -0.320431 0.37269 0.344468 -0.317484 0.36779
0.315139 -0.32054 0.372864 0.343488 -0.317594 0.367964
0.314161 -0.320649 0.373038 0.342507 -0.317703 0.368137
0.313182 -0.320758 0.373212 0.341527 -0.317812 0.368311
0.312203 -0.320866 0.373386 0.340547 -0.317922 0.368485
0.311225 -0.320975 0.37356 0.339566 -0.318031 0.368659
0.310246 -0.321084 0.373734 0.338582 -0.318141 0.368834
0.309267 -0.321193 0.373908 0.337596 -0.318252 0.369009
0.308288 -0.321301 0.374082 0.336608 -0.318362 0.369184
0.30731 -0.32141 0.374256 0.335619 -0.318473 0.36936
0.306331 -0.321519 0.37443 0.334628 -0.318584 0.369536
0.305352 -0.321628 0.374604 0.333635 -0.318695 0.369712
0.304374 -0.321736 0.374778 0.332642 -0.318807 0.369889
0.303395 -0.321845 0.374952 0.331647 -0.318918 0.370065
0.302416 -0.321954 0.375126 0.330653 -0.31903 0.370242
0.301437 -0.322063 0.3753 0.32966 -0.319141 0.370419
0.300459 -0.322171 0.375474 0.328668 -0.319252 0.370594
0.29948 -0.32228 0.375648 0.327679 -0.319362 0.37077
0.298501 -0.322389 0.375822 0.326691 -0.319473 0.370945
0.297522 -0.322498 0.375996 0.325705 -0.319583 0.37112
0.296544 -0.322606 0.37617 0.324721 -0.319692 0.371294
0.295565 -0.322715 0.376344 0.323738 -0.319802 0.371469
0.294586 -0.322824 0.376518 0.322757 -0.319911 0.371642
0.293608 -0.322932 0.376692 0.321776 -0.32002 0.371816
0.292629 -0.323041 0.376866 0.320797 -0.320129 0.37199
0.29165 -0.32315 0.37704 0.319818 -0.320238 0.372163
0.290671 -0.323259 0.377214 0.318841 -0.320347 0.372336
0.289693 -0.323367 0.377388 0.317863 -0.320456 0.372509
0.288714 -0.323476 0.377562 0.316885 -0.320565 0.372683
0.287735 -0.323585 0.377736 0.315907 -0.320674 0.372856
0.286756 -0.323694 0.37791 0.314929 -0.320782 0.373029
0.285778 -0.323802 0.378084 0.313952 -0.320891 0.373202
0.284799 -0.323911 0.378258 0.312976 -0.321 0.373375
0.28382 -0.32402 0.378432 0.312001 -0.321108 0.373548
0.282842 -0.324129 0.378606 0.311025 -0.321217 0.37372
0.281863 -0.324237 0.37878 0.310051 -0.321326 0.373893
0.280884 -0.324346 0.378954 0.309076 -0.321434 0.374066
0.279905 -0.324455 0.379128 0.308102 -0.321543 0.374238
0.278927 -0.324564 0.379302 0.307128 -0.321651 0.374411
0.277948 -0.324672 0.379476 0.306641 -0.321705 0.374497
0.276969 -0.324781 0.37965 0.304693 -0.321922 0.374842
0.275991 -0.32489 0.379824 0.30372 -0.322031 0.375015
0.275012 -0.324999 0.379998 0.302746 -0.322139 0.375187
0.274033 -0.325107 0.380172 0.301772 -0.322248 0.37536
0.273054 -0.325216 0.380346 0.300798 -0.322356 0.375532
0.272076 -0.325325 0.38052 0.299824 -0.322465 0.375705
0.271097 -0.325434 0.380694 0.29885 -0.322574 0.375878
0.270118 -0.325542 0.380868 0.297875 -0.322683 0.37605
0.269139 -0.325651 0.381042 0.296901 -0.322791 0.376223
0.268161 -0.32576 0.381216 0.295926 -0.3229 0.376396
0.267182 -0.325869 0.38139 0.294951 -0.323009 0.376569
0.266203 -0.325977 0.381564 0.293976 -0.323118 0.376741
0.265225 -0.326086 0.381738 0.293001 -0.323227 0.376914
0.264246 -0.326195 0.381912 0.292026 -0.323335 0.377087
0.263267 -0.326304 0.382086 0.291538 -0.32339 0.377174
0.262288 -0.326412 0.38226 0.290075 -0.323553 0.377433
0.26131 -0.326521 0.382434 0.289099 -0.323662 0.377606
0.260331 -0.32663 0.382608 0.288123 -0.323771 0.377779
0.259352 -0.326739 0.382782 0.287147 -0.32388 0.377952
0.258374 -0.326847 0.382956 0.286171 -0.323989 0.378125
0.257395 -0.326956 0.38313 0.285195 -0.324098 0.378298
0.256416 -0.327065 0.383304 0.284219 -0.324208 0.378471
0.255437 -0.327174 0.383478 0.283242 -0.324317 0.378644
0.254459 -0.327282 0.383652 0.282265 -0.324426 0.378817
0.25348 -0.327391 0.383826 0.281286 -0.324535 0.378991
0.252501 -0.3275 0.384 0.280308 -0.324645 0.379164
0.251522 -0.327609 0.384174 0.279329 -0.324754 0.379338
0.250544 -0.327717 0.384348 0.278351 -0.324864 0.379511
0.249565 -0.327826 0.384522 0.277373 -0.324973 0.379685
0.248586 -0.327935 0.384696 0.276883 -0.325028 0.379771
0.247608 -0.328044 0.38487 0.275416 -0.325192 0.380032
0.246629 -0.328152 0.385044 0.274437 -0.325301 0.380205
0.24565 -0.328261 0.385218 0.273459 -0.32541 0.380379
0.244671 -0.32837 0.385392 0.272479 -0.32552 0.380552
0.243693 -0.328479 0.385566 0.2715 -0.325629 0.380726
0.242714 -0.328587 0.38574 0.27052 -0.325739 0.3809
0.241735 -0.328696 0.385914 0.26954 -0.325848 0.381073
0.240756 -0.328805 0.386088 0.26856 -0.325958 0.381247
0.239778 -0.328914 0.386262 0.26758 -0.326068 0.381421
0.238799 -0.329022 0.386436 0.26709 -0.326122 0.381507
0.23782 -0.329131 0.38661 0.26611 -0.326232 0.381681
0.236842 -0.32924 0.386784 0.26513 -0.326341 0.381855
0.235863 -0.329349 0.386958 0.264148 -0.326451 0.382029
0.234884 -0.329457 0.387132 0.263167 -0.326561 0.382203
0.233905 -0.329566 0.387306 0.262676 -0.326616 0.38229
0.232927 -0.329675 0.38748 0.262184 -0.326671 0.382377
0.231948 -0.329784 0.387654 0.260712 -0.326835 0.382638
0.230969 -0.329892 0.387828 0.259729 -0.326945 0.382812
0.229991 -0.330001 0.388002 0.258743 -0.327056 0.382987
0.229012 -0.33011 0.388176 0.257754 -0.327167 0.383163
0.228033 -0.330219 0.38835 0.256762 -0.327278 0.383339
0.227054 -0.330327 0.388524 0.255767 -0.32739 0.383515
0.226076 -0.330436 0.388698 0.25477 -0.327502 0.383692
0.225097 -0.330545 0.388872 0.25377 -0.327615 0.383869
0.224118 -0.330654 0.389046 0.25277 -0.327727 0.384047
0.223139 -0.330762 0.38922 0.251767 -0.32784 0.384225
0.222161 -0.330871 0.389394 0.250764 -0.327953 0.384403
0.221182 -0.33098 0.389568 0.24976 -0.328066 0.384581
0.220203 -0.331089 0.389742 0.248755 -0.328179 0.38476
0.219225 -0.331197 0.389916 0.247751 -0.328292 0.384938
0.218246 -0.331306 0.39009 0.246746 -0.328405 0.385116
0.217267 -0.331415 0.390264 0.245741 -0.328517 0.385294
0.216288 -0.331524 0.390438 0.244735 -0.32863 0.385473
0.21531 -0.331632 0.390612 0.243731 -0.328743 0.385651
0.214331 -0.331741 0.390786 0.242726 -0.328856 0.385829
0.213352 -0.33185 0.39096 0.241722 -0.328968 0.386007
0.212374 -0.331958 0.391134 0.240718 -0.329081 0.386185
0.211395 -0.332067 0.391308 0.239714 -0.329193 0.386363
0.210416 -0.332176 0.391482 0.239213 -0.329249 0.386452
0.209437 -0.332285 0.391656 0.238711 -0.329305 0.386541
0.208459 -0.332393 0.39183 0.237208 -0.329473 0.386807
0.20748 -0.332502 0.392004 0.236206 -0.329585 0.386984
0.206501 -0.332611 0.392178 0.235205 -0.329697 0.387162
0.205522 -0.33272 0.392352 0.234204 -0.329809 0.387339
0.204544 -0.332828 0.392526 0.233204 -0.32992 0.387516
0.203565 -0.332937 0.3927 0.232204 -0.330032 0.387693
0.202586 -0.333046 0.392874 0.231204 -0.330143 0.38787
0.201608 -0.333155 0.393048 0.229706 -0.330311 0.388136
0.200629 -0.333263 0.393222 0.229207 -0.330366 0.388224
0.19965 -0.333372 0.393396 0.228211 -0.330477 0.3884
0.198671 -0.333481 0.39357 0.227214 -0.330588 0.388577
0.197693 -0.33359 0.393744 0.226219 -0.330699 0.388753
0.196714 -0.333698 0.393918 0.225224 -0.33081 0.388929
0.195735 -0.333807 0.394092 0.22423 -0.33092 0.389105
0.194756 -0.333916 0.394266 0.223734 -0.330976 0.389193
0.193778 -0.334025 0.39444 0.222246 -0.331141 0.389456
0.192799 -0.334133 0.394614 0.221254 -0.331251 0.389632
0.19182 -0.334242 0.394787 0.220261 -0.331362 0.389808
0.190842 -0.334351 0.394961 0.219268 -0.331473 0.389983
0.189863 -0.33446 0.395135 0.218277 -0.331583 0.390159
0.188884 -0.334568 0.395309 0.217286 -0.331693 0.390334
0.187905 -0.334677 0.395483 0.216296 -0.331803 0.39051
0.186927 -0.334786 0.395657 0.215307 -0.331913 0.390685
0.185948 -0.334895 0.395831 0.21432 -0.332023 0.390859
0.184969 -0.335003 0.396005 0.213332 -0.332133 0.391034
0.183991 -0.335112 0.396179 0.212345 -0.332243 0.391209
0.183012 -0.335221 0.396353 0.211358 -0.332353 0.391384
0.182033 -0.33533 0.396527 0.210372 -0.332462 0.391558
0.181054 -0.335438 0.396701 0.209385 -0.332572 0.391733
0.180076 -0.335547 0.396875 0.208397 -0.332682 0.391908
0.179097 -0.335656 0.397049 0.207409 -0.332793 0.392083
0.178118 -0.335765 0.397223 0.206422 -0.332902 0.392258
0.177139 -0.335873 0.397397 0.205435 -0.333012 0.392432
0.176161 -0.335982 0.397571 0.20445 -0.333122 0.392607
0.175182 -0.336091 0.397745 0.203465 -0.333232 0.392781
0.174203 -0.3362 0.397919 0.202482 -0.333341 0.392955
0.173225 -0.336308 0.398093 0.201499 -0.33345 0.393129
0.172246 -0.336417 0.398267 0.200517 -0.33356 0.393303
0.171267 -0.336526 0.398441 0.199535 -0.333669 0.393477
0.170288 -0.336635 0.398615 0.198551 -0.333779 0.393651
0.16931 -0.336743 0.398789 0.197566 -0.333889 0.393826
0.168331 -0.336852 0.398963 0.196579 -0.333999 0.394
0.167352 -0.336961 0.399137 0.195592 -0.334109 0.394175
0.166374 -0.33707 0.399311 0.194606 -0.334219 0.39435
0.165395 -0.337178 0.399485 0.193621 -0.334329 0.394524
0.164416 -0.337287 0.399659 0.192638 -0.334438 0.394698
0.163437 -0.337396 0.399833 0.191656 -0.334548 0.394872
0.162459 -0.337505 0.400007 0.190675 -0.334657 0.395046
0.16148 -0.337613 0.400181 0.189695 -0.334766 0.39522
0.160501 -0.337722 0.400355 0.188716 -0.334875 0.395393
0.159522 -0.337831 0.400529 0.187738 -0.334984 0.395566
0.158544 -0.33794 0.400703 0.18676 -0.335092 0.395739
0.157565 -0.338048 0.400877 0.185782 -0.335201 0.395913
0.156586 -0.338157 0.401051 0.184805 -0.33531 0.396086
0.155608 -0.338266 0.401225 0.183827 -0.335419 0.396259
0.154629 -0.338375 0.401399 0.182847 -0.335528 0.396432
0.15365 -0.338483 0.401573 0.181867 -0.335637 0.396606
0.152671 -0.338592 0.401747 0.180888 -0.335746 0.396779
0.151693 -0.338701 0.401921 0.17991 -0.335855 0.396953
0.150714 -0.33881 0.402095 0.178932 -0.335964 0.397126
0.149735 -0.338918 0.402269 0.177954 -0.336073 0.397299
0.148756 -0.339027 0.402443 0.176977 -0.336182 0.397472
0.147778 -0.339136 0.402617 0.176001 -0.336291 0.397645
0.146799 -0.339245 0.402791 0.175024 -0.3364 0.397818
0.14582 -0.339353 0.402965 0.174048 -0.336508 0.397991
0.144842 -0.339462 0.403139 0.173072 -0.336617 0.398164
0.143863 -0.339571 0.403313 0.172584 -0.336671 0.398251
0.142884 -0.33968 0.403487 0.171121 -0.336834 0.39851
0.141905 -0.339788 0.403661 0.170145 -0.336943 0.398683
0.140927 -0.339897 0.403835 0.16917 -0.337052 0.398855
0.139948 -0.340006 0.404009 0.168195 -0.33716 0.399028
0.138969 -0.340115 0.404183 0.16722 -0.337269 0.399201
0.137991 -0.340223 0.404357 0.166246 -0.337377 0.399374
0.137012 -0.340332 0.404531 0.165271 -0.337486 0.399546
0.136033 -0.340441 0.404705 0.164296 -0.337595 0.399719
0.135054 -0.34055 0.404879 0.163321 -0.337703 0.399892
0.134076 -0.340658 0.405053 0.162346 -0.337812 0.400065
0.133097 -0.340767 0.405227 0.161372 -0.33792 0.400237
0.132118 -0.340876 0.405401 0.160397 -0.338029 0.40041
0.131139 -0.340985 0.405575 0.159422 -0.338138 0.400583
0.130161 -0.341093 0.405749 0.158447 -0.338246 0.400756
0.129182 -0.341202 0.405923 0.157471 -0.338355 0.400929
0.128203 -0.341311 0.406097 0.156496 -0.338464 0.401101
0.127225 -0.341419 0.406271 0.155521 -0.338573 0.401274
0.126246 -0.341528 0.406445 0.154545 -0.338682 0.401447
0.125267 -0.341637 0.406619 0.153568 -0.338791 0.40162
0.124288 -0.341746 0.406793 0.152591 -0.3389 0.401794
0.12331 -0.341854 0.406967 0.151614 -0.339009 0.401967
0.122331 -0.341963 0.407141 0.150637 -0.339118 0.40214
0.121352 -0.342072 0.407315 0.14966 -0.339227 0.402313
0.120374 -0.342181 0.407489 0.148683 -0.339336 0.402486
0.119395 -0.342289 0.407663 0.147706 -0.339445 0.40266
0.118416 -0.342398 0.407837 0.146729 -0.339554 0.402833
0.117437 -0.342507 0.408011 0.145752 -0.339663 0.403006
0.116459 -0.342616 0.408185 0.144775 -0.339772 0.403179
0.11548 -0.342724 0.408359 0.143799 -0.33988 0.403352
0.114501 -0.342833 0.408533 0.142822 -0.339989 0.403525
0.113522 -0.342942 0.408707 0.141845 -0.340098 0.403698
0.112544 -0.343051 0.408881 0.140868 -0.340207 0.403872
0.111565 -0.343159 0.409055 0.139892 -0.340316 0.404045
0.110586 -0.343268 0.409229 0.138915 -0.340425 0.404218
0.109608 -0.343377 0.409403 0.137938 -0.340534 0.404391
0.108629 -0.343486 0.409577 0.136961 -0.340643 0.404564
0.10765 -0.343594 0.409751 0.135984 -0.340752 0.404738
0.106671 -0.343703 0.409925 0.135007 -0.34086 0.404911
0.105693 -0.343812 0.410099 0.13403 -0.340969 0.405084
0.104714 -0.343921 0.410273 0.133052 -0.341078 0.405258
0.103735 -0.344029 0.410447 0.132074 -0.341187 0.405431
0.102756 -0.344138 0.410621 0.131097 -0.341296 0.405604
0.101778 -0.344247 0.410795 0.130119 -0.341405 0.405778
0.100799 -0.344356 0.410969 0.129142 -0.341514 0.405951
0.0998203 -0.344464 0.411143 0.128164 -0.341623 0.406124
0.0988416 -0.344573 0.411317 0.127675 -0.341678 0.406211
0.0978629 -0.344682 0.411491 0.126209 -0.341841 0.406471
0.0968841 -0.344791 0.411665 0.125231 -0.34195 0.406644
0.0959054 -0.344899 0.411839 0.124253 -0.342059 0.406818
0.0949267 -0.345008 0.412013 0.123276 -0.342168 0.406991
0.093948 -0.345117 0.412187 0.122298 -0.342277 0.407165
0.0929692 -0.345226 0.412361 0.121321 -0.342385 0.407338
0.0919905 -0.345334 0.412535 0.120343 -0.342494 0.407511
0.0910118 -0.345443 0.412709 0.119365 -0.342603 0.407685
0.0900331 -0.345552 0.412883 0.118388 -0.342712 0.407858
0.0890543 -0.345661 0.413057 0.11741 -0.342821 0.408032
0.0880756 -0.345769 0.413231 0.116432 -0.34293 0.408205
0.0870969 -0.345878 0.413405 0.115455 -0.343039 0.408379
0.0861182 -0.345987 0.413579 0.114477 -0.343148 0.408552
0.0851395 -0.346096 0.413753 0.113499 -0.343256 0.408726
0.0841607 -0.346204 0.413927 0.112521 -0.343365 0.408899
0.083182 -0.346313 0.414101 0.111543 -0.343474 0.409072
0.0822033 -0.346422 0.414275 0.110565 -0.343583 0.409246
0.0812246 -0.346531 0.414449 0.109587 -0.343692 0.40942
0.0802458 -0.346639 0.414623 0.108608 -0.343801 0.409593
0.0792671 -0.346748 0.414797 0.107629 -0.34391 0.409767
0.0782884 -0.346857 0.414971 0.10665 -0.344019 0.409941
0.0773097 -0.346966 0.415145 0.105671 -0.344128 0.410114
0.0763309 -0.347074 0.415319 0.104692 -0.344237 0.410288
0.0753522 -0.347183 0.415493 0.103713 -0.344346 0.410462
0.0743735 -0.347292 0.415667 0.102734 -0.344455 0.410636
0.0733948 -0.347401 0.415841 0.101756 -0.344564 0.410809
0.072416 -0.347509 0.416015 0.100777 -0.344673 0.410983
0.0714373 -0.347618 0.416189 0.0997981 -0.344782 0.411157
0.0704586 -0.347727 0.416363 0.0988186 -0.344891 0.41133
0.0694799 -0.347836 0.416537 0.0978389 -0.345 0.411504
0.0685012 -0.347944 0.416711 0.0968594 -0.345109 0.411678
0.0675224 -0.348053 0.416885 0.09588 -0.345218 0.411852
0.0665437 -0.348162 0.417059 0.0949008 -0.345327 0.412026
0.065565 -0.348271 0.417233 0.0939218 -0.345436 0.4122
0.0645863 -0.348379 0.417407 0.092943 -0.345545 0.412373
0.0636075 -0.348488 0.417581 0.0919643 -0.345653 0.412547
0.0626288 -0.348597 0.417755 0.0909858 -0.345762 0.412721
0.0616501 -0.348706 0.417929 0.0900073 -0.345871 0.412895
0.0606714 -0.348814 0.418103 0.0890291 -0.34598 0.413068
0.0596926 -0.348923 0.418277 0.0880508 -0.346088 0.413242
0.0587139 -0.349032 0.418451 0.0870726 -0.346197 0.413416
0.0577352 -0.349141 0.418625 0.0860943 -0.346306 0.413589
0.0567565 -0.349249 0.418799 0.085116 -0.346415 0.413763
0.0557777 -0.349358 0.418973 0.0841378 -0.346523 0.413937
0.054799 -0.349467 0.419147 0.0831596 -0.346632 0.41411
0.0538203 -0.349576 0.419321 0.0826705 -0.346687 0.414197
0.0528416 -0.349684 0.419495 0.0812028 -0.34685 0.414458
0.0518629 -0.349793 0.419669 0.0802242 -0.346958 0.414632
0.0508841 -0.349902 0.419843 0.0792456 -0.347067 0.414806
0.0499054 -0.350011 0.420017 0.078267 -0.347176 0.414979
0.0489267 -0.350119 0.420191 0.0772883 -0.347285 0.415153
0.047948 -0.350228 0.420365 0.0763096 -0.347394 0.415327
0.0469692 -0.350337 0.420539 0.0753311 -0.347502 0.415501
0.0459905 -0.350445 0.420713 0.0743526 -0.347611 0.415675
0.0450118 -0.350554 0.420887 0.0733742 -0.34772 0.415848
0.0440331 -0.350663 0.421061 0.0723958 -0.347829 0.416022
0.0430543 -0.350772 0.421235 0.0714176 -0.347937 0.416196
0.0420756 -0.35088 0.421409 0.0704395 -0.348046 0.41637
0.0410969 -0.350989 0.421583 0.0694616 -0.348154 0.416544
0.0401182 -0.351098 0.421757 0.0684837 -0.348263 0.416717
0.0391394 -0.351207 0.421931 0.0675059 -0.348372 0.416891
0.0381607 -0.351315 0.422105 0.0665282 -0.34848 0.417065
0.037182 -0.351424 0.422279 0.0655505 -0.348589 0.417239
0.0362033 -0.351533 0.422453 0.0645723 -0.348698 0.417412
0.0352246 -0.351642 0.422627 0.0635931 -0.348806 0.417586
0.0342458 -0.35175 0.422801 0.0626134 -0.348915 0.41776
0.0332671 -0.351859 0.422975 0.0616336 -0.349024 0.417935
0.0322884 -0.351968 0.423149 0.0606539 -0.349133 0.418109
0.0313097 -0.352077 0.423323 0.0596746 -0.349242 0.418283
0.0303309 -0.352185 0.423497 0.0586955 -0.349351 0.418457
0.0293522 -0.352294 0.423671 0.0577168 -0.34946 0.418631
0.0283735 -0.352403 0.423845 0.0567383 -0.349568 0.418805
0.0273948 -0.352512 0.424019 0.05576 -0.349677 0.418979
0.026416 -0.35262 0.424193 0.0547816 -0.349785 0.419153
0.0254373 -0.352729 0.424367 0.053803 -0.349894 0.419326
0.0244586 -0.352838 0.424541 0.0528245 -0.350003 0.4195
0.0234799 -0.352947 0.424715 0.0518461 -0.350111 0.419674
0.0225011 -0.353055 0.424889 0.050868 -0.35022 0.419848
0.0215224 -0.353164 0.425063 0.0498901 -0.350329 0.420022
0.0205437 -0.353273 0.425237 0.0489124 -0.350437 0.420196
0.019565 -0.353382 0.425411 0.0479348 -0.350546 0.42037
0.0185863 -0.35349 0.425585 0.0469569 -0.350654 0.420544
0.0176075 -0.353599 0.425759 0.0459785 -0.350763 0.420718
0.0166288 -0.353708 0.425933 0.0449999 -0.350871 0.420892
0.0156501 -0.353817 0.426107 0.0440215 -0.35098 0.421066
0.0146714 -0.353925 0.426281 0.0430432 -0.351089 0.42124
0.0136926 -0.354034 0.426455 0.0420651 -0.351197 0.421414
0.0127139 -0.354143 0.426629 0.0410872 -0.351306 0.421588
0.0117352 -0.354252 0.426803 0.0401094 -0.351414 0.421762
0.0107565 -0.35436 0.426977 0.0391317 -0.351523 0.421935
0.00977774 -0.354469 0.427151 0.0381541 -0.351631 0.422109
0.00879902 -0.354578 0.427325 0.0371766 -0.35174 0.422283
0.0078203 -0.354687 0.427499 0.0366878 -0.351794 0.42237
0.00684157 -0.354795 0.427673 0.0352217 -0.351957 0.422631
0.00586285 -0.354904 0.427847 0.034733 -0.352011 0.422718
0.00488413 -0.355013 0.428021 0.032289 -0.352282 0.423153
0.0039054 -0.355122 0.428195 0.0313114 -0.352391 0.423327
0.00292668 -0.35523 0.428369 0.0308226 -0.352445 0.423414
0.00194795 -0.355339 0.428543 0.0303341 -0.352499 0.423501
0.000969231 -0.355448 0.428717 0.0283887 -0.352714 0.423847
-9.49216e-06 -0.355557 0.428891 0.0274239 -0.352821 0.424018
-0.000988216 -0.355665 0.429065 0.0264654 -0.352926 0.424189
-0.00196694 -0.355774 0.429239 0.0255111 -0.35303 0.424359
-0.00294566 -0.355883 0.429413 0.0245586 -0.353135 0.424528
-0.00392439 -0.355992 0.429587 0.0236074 -0.353239 0.424697
-0.00490311 -0.3561 0.429761 0.0231321 -0.353291 0.424782
-0.00588183 -0.356209 0.429935 0.0217075 -0.353447 0.425035
-0.00686056 -0.356318 0.430109 0.0207584 -0.353551 0.425204
-0.00783928 -0.356427 0.430283 0.0198087 -0.353656 0.425373
-0.008818 -0.356535 0.430457 0.0188581 -0.35376 0.425543
-0.00979673 -0.356644 0.430631 0.017907 -0.353865 0.425712
-0.0107755 -0.356753 0.430805 0.0169561 -0.35397 0.425881
-0.0117542 -0.356862 0.430979 0.0160053 -0.354075 0.42605
-0.0127329 -0.35697 0.431153 0.0150545 -0.35418 0.42622
-0.0137116 -0.357079 0.431327 0.0141035 -0.354285 0.426389
-0.0146903 -0.357188 0.431501 0.0131523 -0.35439 0.426558
-0.0156691 -0.357297 0.431675 0.0122008 -0.354495 0.426728
-0.0166478 -0.357405 0.431848 0.0112488 -0.3546 0.426897
-0.0176265 -0.357514 0.432022 0.0102963 -0.354706 0.427067
-0.0186052 -0.357623 0.432196 0.00934309 -0.354812 0.427236
-0.019584 -0.357732 0.43237 0.00838919 -0.354917 0.427406
-0.0205627 -0.35784 0.432544 0.00743449 -0.355023 0.427576
-0.0215414 -0.357949 0.432718 0.00647904 -0.355129 0.427747
-0.0225201 -0.358058 0.432892 0.00552284 -0.355236 0.427917
-0.0234989 -0.358167 0.433066 0.00456557 -0.355342 0.428087
-0.0244776 -0.358275 0.43324 0.00360697 -0.355449 0.428258
-0.0254563 -0.358384 0.433414 0.00312728 -0.355502 0.428343
-0.026435 -0.358493 0.433588 0.00168715 -0.355662 0.4286
-0.0274138 -0.358602 0.433762 0.000725444 -0.35577 0.428771
-0.0283925 -0.35871 0.433936 -0.000238299 -0.355877 0.428943
-0.0293712 -0.358819 0.43411 -0.00120322 -0.355985 0.429115
-0.0303499 -0.358928 0.434284 -0.00265113 -0.356146 0.429373
-0.0313286 -0.359037 0.434458 -0.00361668 -0.356254 0.429545
-0.0323074 -0.359145 0.434632 -0.00458261 -0.356362 0.429717
-0.0332861 -0.359254 0.434806 -0.00554912 -0.356469 0.429889
-0.0342648 -0.359363 0.43498 -0.00651621 -0.356577 0.430061
-0.0352435 -0.359472 0.435154 -0.00748364 -0.356685 0.430234
-0.0362223 -0.35958 0.435328 -0.00845135 -0.356793 0.430406
-0.037201 -0.359689 0.435502 -0.00941941 -0.356901 0.430579
-0.0381797 -0.359798 0.435676 -0.0103878 -0.357009 0.430751
-0.0391584 -0.359906 0.43585 -0.0113565 -0.357116 0.430924
-0.0401372 -0.360015 0.436024 -0.0123255 -0.357224 0.431097
-0.0411159 -0.360124 0.436198 -0.0132947 -0.357332 0.431269
-0.0420946 -0.360233 0.436372 -0.0142643 -0.35744 0.431442
-0.0430733 -0.360341 0.436546 -0.0152341 -0.357548 0.431615
-0.0440521 -0.36045 0.43672 -0.0162043 -0.357656 0.431788
-0.0450308 -0.360559 0.436894 -0.0171747 -0.357764 0.431961
-0.0460095 -0.360668 0.437068 -0.0181455 -0.357872 0.432134
-0.0469882 -0.360776 0.437242 -0.0191165 -0.35798 0.432307
-0.0479669 -0.360885 0.437416 -0.0200879 -0.358088 0.43248
-0.0489457 -0.360994 0.43759 -0.0210597 -0.358197 0.432653
-0.0499244 -0.361103 0.437764 -0.022032 -0.358305 0.432826
-0.0509031 -0.361211 0.437938 -0.0230048 -0.358413 0.433
-0.0518818 -0.36132 0.438112 -0.023978 -0.358521 0.433173
-0.0528606 -0.361429 0.438286 -0.0249517 -0.35863 0.433347
-0.0538393 -0.361538 0.43846 -0.0254388 -0.358684 0.433434
-0.054818 -0.361646 0.438634 -0.0264131 -0.358792 0.433607
-0.0557967 -0.361755 0.438808 -0.027875 -0.358955 0.433868
-0.0567755 -0.361864 0.438982 -0.0288497 -0.359063 0.434042
-0.0577542 -0.361973 0.439156 -0.0298245 -0.359172 0.434216
-0.0587329 -0.362081 0.43933 -0.0303119 -0.359226 0.434302
-0.0597116 -0.36219 0.439504 -0.0322618 -0.359442 0.43465
-0.0606904 -0.362299 0.439678 -0.0332368 -0.359551 0.434824
-0.0616691 -0.362408 0.439852 -0.0342113 -0.359659 0.434998
-0.0626478 -0.362516 0.440026 -0.0351846 -0.359767 0.435171
-0.0636265 -0.362625 0.4402 -0.0361569 -0.359875 0.435344
-0.0646052 -0.362734 0.440374 -0.0371281 -0.359982 0.435518
-0.065584 -0.362843 0.440548 -0.0380984 -0.36009 0.435691
-0.0665627 -0.362951 0.440722 -0.0390679 -0.360197 0.435863
-0.0675414 -0.36306 0.440896 -0.0400366 -0.360304 0.436036
-0.0685201 -0.363169 0.44107 -0.0410042 -0.360411 0.436209
-0.0694989 -0.363278 0.441244 -0.0419713 -0.360518 0.436381
-0.0704776 -0.363386 0.441418 -0.0429381 -0.360625 0.436553
-0.0714563 -0.363495 0.441592 -0.0439046 -0.360732 0.436726
-0.072435 -0.363604 0.441766 -0.044871 -0.360839 0.436898
-0.0734138 -0.363713 0.44194 -0.0458372 -0.360946 0.43707
-0.0743925 -0.363821 0.442114 -0.0468034 -0.361053 0.437242
-0.0753712 -0.36393 0.442288 -0.0477694 -0.36116 0.437415
-0.0763499 -0.364039 0.442462 -0.0487354 -0.361267 0.437587
-0.0773286 -0.364148 0.442636 -0.0497013 -0.361374 0.437759
-0.0783074 -0.364256 0.44281 -0.0506675 -0.361481 0.437931
-0.0792861 -0.364365 0.442984 -0.0516338 -0.361588 0.438104
-0.0802648 -0.364474 0.443158 -0.0526005 -0.361695 0.438276
-0.0812435 -0.364583 0.443332 -0.0535675 -0.361802 0.438448
-0.0822223 -0.364691 0.443506 -0.0545351 -0.361909 0.438621
-0.083201 -0.3648 0.44368 -0.0555034 -0.362017 0.438794
-0.0841797 -0.364909 0.443854 -0.0564725 -0.362124 0.438967
-0.0851584 -0.365018 0.444028 -0.0574423 -0.362232 0.43914
-0.0861372 -0.365126 0.444202 -0.0584125 -0.36234 0.439313
-0.0871159 -0.365235 0.444376 -0.0593831 -0.362448 0.439486
-0.0880946 -0.365344 0.44455 -0.0603542 -0.362556 0.439659
-0.0890733 -0.365453 0.444724 -0.0613259 -0.362664 0.439832
-0.0900521 -0.365561 0.444898 -0.0622984 -0.362772 0.440006
-0.0910308 -0.36567 0.445072 -0.0632713 -0.36288 0.440179
-0.0920095 -0.365779 0.445246 -0.0642443 -0.362988 0.440353
-0.0929882 -0.365888 0.44542 -0.0652174 -0.363096 0.440527
-0.0939669 -0.365996 0.445594 -0.0661909 -0.363204 0.4407
-0.0949457 -0.366105 0.445768 -0.0671648 -0.363313 0.440874
-0.0959244 -0.366214 0.445942 -0.0681388 -0.363421 0.441048
-0.0969031 -0.366323 0.446116 -0.069113 -0.363529 0.441222
-0.0978818 -0.366431 0.44629 -0.0700875 -0.363638 0.441395
-0.0988606 -0.36654 0.446464 -0.0710622 -0.363746 0.441569
-0.0998393 -0.366649 0.446638 -0.0720373 -0.363854 0.441743
-0.100818 -0.366758 0.446812 -0.0730128 -0.363963 0.441917
-0.101797 -0.366866 0.446986 -0.0739885 -0.364071 0.442091
-0.102775 -0.366975 0.44716 -0.0749646 -0.36418 0.442266
-0.103754 -0.367084 0.447334 -0.0759409 -0.364288 0.44244
-0.104733 -0.367193 0.447508 -0.0769172 -0.364397 0.442614
-0.105712 -0.367301 0.447682 -0.0778933 -0.364505 0.442788
-0.10669 -0.36741 0.447856 -0.0788696 -0.364614 0.442962
-0.107669 -0.367519 0.44803 -0.0798463 -0.364722 0.443136
-0.108648 -0.367628 0.448204 -0.0808234 -0.364831 0.443311
-0.109627 -0.367736 0.448378 -0.0818009 -0.36494 0.443485
-0.110605 -0.367845 0.448552 -0.0827786 -0.365048 0.44366
-0.111584 -0.367954 0.448726 -0.0837564 -0.365157 0.443834
-0.112563 -0.368063 0.4489 -0.0847345 -0.365266 0.444009
-0.113541 -0.368171 0.449074 -0.0857127 -0.365374 0.444183
-0.11452 -0.36828 0.449248 -0.0866913 -0.365483 0.444358
-0.115499 -0.368389 0.449422 -0.0876701 -0.365592 0.444532
-0.116478 -0.368498 0.449596 -0.0886491 -0.365701 0.444707
-0.117456 -0.368606 0.44977 -0.0896283 -0.36581 0.444882
-0.118435 -0.368715 0.449944 -0.0901179 -0.365864 0.444969
-0.119414 -0.368824 0.450118 -0.0915867 -0.366027 0.445231
-0.120392 -0.368932 0.450292 -0.0925642 -0.366136 0.445406
-0.121371 -0.369041 0.450466 -0.0935391 -0.366244 0.445579
-0.12235 -0.36915 0.45064 -0.0945128 -0.366351 0.445753
-0.123329 -0.369259 0.450814 -0.0954871 -0.366459 0.445927
-0.124307 -0.369367 0.450988 -0.096462 -0.366567 0.446101
-0.125286 -0.369476 0.451162 -0.0974376 -0.366676 0.446275
-0.126265 -0.369585 0.451336 -0.0984137 -0.366784 0.446449
-0.127244 -0.369694 0.45151 -0.0993904 -0.366892 0.446623
-0.128222 -0.369802 0.451684 -0.100367 -0.367001 0.446797
-0.129201 -0.369911 0.451858 -0.101345 -0.367109 0.446972
-0.13018 -0.37002 0.452032 -0.102322 -0.367218 0.447146
-0.131158 -0.370129 0.452206 -0.1033 -0.367326 0.447321
-0.132137 -0.370237 0.45238 -0.104278 -0.367435 0.447495
-0.133116 -0.370346 0.452554 -0.105256 -0.367543 0.44767
-0.134095 -0.370455 0.452728 -0.106234 -0.367652 0.447844
-0.135073 -0.370564 0.452902 -0.107213 -0.367761 0.448019
-0.136052 -0.370672 0.453076 -0.108191 -0.367869 0.448193
-0.137031 -0.370781 0.45325 -0.10917 -0.367978 0.448368
-0.13801 -0.37089 0.453424 -0.110148 -0.368087 0.448542
-0.138988 -0.370999 0.453598 -0.111127 -0.368195 0.448717
-0.139967 -0.371107 0.453772 -0.111616 -0.36825 0.448804
-0.140946 -0.371216 0.453946 -0.113083 -0.368412 0.449066
-0.141924 -0.371325 0.45412 -0.11406 -0.368521 0.44924
-0.142903 -0.371434 0.454294 -0.115036 -0.368629 0.449414
-0.143882 -0.371542 0.454468 -0.116012 -0.368737 0.449588
-0.144861 -0.371651 0.454642 -0.116989 -0.368845 0.449762
-0.145839 -0.37176 0.454816 -0.117965 -0.368954 0.449937
-0.146818 -0.371869 0.45499 -0.118942 -0.369062 0.450111
-0.147797 -0.371977 0.455164 -0.119918 -0.36917 0.450285
-0.148775 -0.372086 0.455338 -0.120895 -0.369279 0.450459
-0.149754 -0.372195 0.455512 -0.121872 -0.369387 0.450634
-0.150733 -0.372304 0.455686 -0.12285 -0.369496 0.450808
-0.151712 -0.372412 0.45586 -0.123828 -0.369604 0.450983
-0.15269 -0.372521 0.456034 -0.124807 -0.369713 0.451157
-0.153669 -0.37263 0.456208 -0.125785 -0.369822 0.451332
-0.154648 -0.372739 0.456382 -0.126762 -0.36993 0.451506
-0.155627 -0.372847 0.456556 -0.12774 -0.370039 0.45168
-0.156605 -0.372956 0.45673 -0.128718 -0.370147 0.451855
-0.157584 -0.373065 0.456904 -0.129693 -0.370255 0.452029
-0.158563 -0.373174 0.457078 -0.130667 -0.370363 0.452202
-0.159541 -0.373282 0.457252 -0.131638 -0.37047 0.452375
-0.16052 -0.373391 0.457426 -0.132607 -0.370577 0.452548
-0.161499 -0.3735 0.4576 -0.133574 -0.370684 0.45272
-0.162478 -0.373609 0.457774 -0.134539 -0.370791 0.452892
-0.163456 -0.373717 0.457948 -0.135504 -0.370897 0.453064
-0.164435 -0.373826 0.458122 -0.136467 -0.371003 0.453236
-0.165414 -0.373935 0.458296 -0.13743 -0.37111 0.453407
-0.166392 -0.374044 0.45847 -0.138394 -0.371216 0.453579
-0.167371 -0.374152 0.458644 -0.139357 -0.371322 0.453751
-0.16835 -0.374261 0.458818 -0.14032 -0.371429 0.453922
-0.169329 -0.37437 0.458992 -0.141283 -0.371535 0.454094
-0.170307 -0.374479 0.459166 -0.142245 -0.371641 0.454265
-0.171286 -0.374587 0.45934 -0.143206 -0.371748 0.454437
-0.172265 -0.374696 0.459514 -0.144168 -0.371854 0.454608
-0.173244 -0.374805 0.459688 -0.145129 -0.37196 0.454779
-0.174222 -0.374914 0.459862 -0.146091 -0.372067 0.454951
-0.175201 -0.375022 0.460036 -0.147053 -0.372173 0.455122
-0.17618 -0.375131 0.46021 -0.148015 -0.37228 0.455294
-0.177158 -0.37524 0.460384 -0.148977 -0.372386 0.455465
-0.178137 -0.375349 0.460558 -0.149939 -0.372493 0.455637
-0.179116 -0.375457 0.460732 -0.150902 -0.3726 0.455809
-0.180095 -0.375566 0.460906 -0.151866 -0.372707 0.455981
-0.181073 -0.375675 0.46108 -0.152831 -0.372814 0.456153
-0.182052 -0.375784 0.461254 -0.153797 -0.372921 0.456325
-0.183031 -0.375892 0.461428 -0.154763 -0.373028 0.456497
-0.18401 -0.376001 0.461602 -0.155728 -0.373136 0.456669
-0.184988 -0.37611 0.461776 -0.156695 -0.373243 0.456842
-0.185967 -0.376219 0.46195 -0.157661 -0.37335 0.457014
-0.186946 -0.376327 0.462124 -0.158628 -0.373458 0.457187
-0.187924 -0.376436 0.462298 -0.159595 -0.373565 0.457359
-0.188903 -0.376545 0.462472 -0.160563 -0.373673 0.457532
-0.189882 -0.376654 0.462646 -0.16153 -0.373781 0.457704
-0.190861 -0.376762 0.46282 -0.162498 -0.373888 0.457877
-0.191839 -0.376871 0.462994 -0.163467 -0.373996 0.45805
-0.192818 -0.37698 0.463168 -0.164435 -0.374104 0.458223
-0.193797 -0.377089 0.463342 -0.165404 -0.374211 0.458395
-0.194775 -0.377197 0.463516 -0.166374 -0.374319 0.458568
-0.195754 -0.377306 0.46369 -0.167343 -0.374427 0.458741
-0.196733 -0.377415 0.463864 -0.168313 -0.374535 0.458914
-0.197712 -0.377524 0.464038 -0.169284 -0.374643 0.459087
-0.19869 -0.377632 0.464212 -0.170254 -0.374751 0.459261
-0.199669 -0.377741 0.464386 -0.171225 -0.374859 0.459434
-0.200648 -0.37785 0.46456 -0.172197 -0.374967 0.459607
-0.201627 -0.377959 0.464734 -0.173168 -0.375075 0.45978
-0.202605 -0.378067 0.464908 -0.17414 -0.375183 0.459954
-0.203584 -0.378176 0.465082 -0.175113 -0.375291 0.460127
-0.204563 -0.378285 0.465256 -0.176086 -0.3754 0.460301
-0.205541 -0.378393 0.46543 -0.177058 -0.375508 0.460474
-0.20652 -0.378502 0.465604 -0.178032 -0.375616 0.460648
-0.207499 -0.378611 0.465778 -0.179005 -0.375724 0.460822
-0.208478 -0.37872 0.465952 -0.179979 -0.375833 0.460995
-0.209456 -0.378828 0.466126 -0.180953 -0.375941 0.461169
-0.210435 -0.378937 0.4663 -0.181927 -0.376049 0.461343
-0.211414 -0.379046 0.466474 -0.182903 -0.376158 0.461517
-0.212392 -0.379155 0.466648 -0.183878 -0.376266 0.461691
-0.213371 -0.379263 0.466822 -0.184853 -0.376375 0.461865
-0.21435 -0.379372 0.466996 -0.185829 -0.376483 0.462039
-0.215329 -0.379481 0.46717 -0.186317 -0.376538 0.462126
-0.216307 -0.37959 0.467344 -0.187781 -0.3767 0.462387
-0.217286 -0.379698 0.467518 -0.189246 -0.376863 0.462648
-0.218265 -0.379807 0.467692 -0.190224 -0.376972 0.462823
-0.219244 -0.379916 0.467866 -0.190713 -0.377027 0.46291
-0.220222 -0.380025 0.46804 -0.191693 -0.377136 0.463085
-0.221201 -0.380133 0.468214 -0.192672 -0.377245 0.463259
-0.22218 -0.380242 0.468388 -0.193651 -0.377354 0.463434
-0.223158 -0.380351 0.468562 -0.19463 -0.377462 0.463609
-0.224137 -0.38046 0.468735 -0.195609 -0.377571 0.463783
-0.225116 -0.380568 0.468909 -0.196588 -0.37768 0.463958
-0.226095 -0.380677 0.469083 -0.197567 -0.377789 0.464132
-0.227073 -0.380786 0.469257 -0.198546 -0.377898 0.464307
-0.228052 -0.380895 0.469431 -0.199526 -0.378007 0.464482
-0.229031 -0.381003 0.469605 -0.200995 -0.37817 0.464743
-0.23001 -0.381112 0.469779 -0.201973 -0.378279 0.464918
-0.230988 -0.381221 0.469953 -0.202952 -0.378387 0.465092
-0.231967 -0.38133 0.470127 -0.203931 -0.378496 0.465267
-0.232946 -0.381438 0.470301 -0.204909 -0.378604 0.465441
-0.233924 -0.381547 0.470475 -0.205887 -0.378713 0.465616
-0.234903 -0.381656 0.470649 -0.206866 -0.378822 0.46579
-0.235882 -0.381765 0.470823 -0.207844 -0.37893 0.465964
-0.236861 -0.381873 0.470997 -0.208822 -0.379039 0.466139
-0.237839 -0.381982 0.471171 -0.209801 -0.379147 0.466313
-0.238818 -0.382091 0.471345 -0.210779 -0.379256 0.466487
-0.239797 -0.3822 0.471519 -0.211758 -0.379365 0.466662
-0.240775 -0.382308 0.471693 -0.212736 -0.379473 0.466836
-0.241754 -0.382417 0.471867 -0.213714 -0.379582 0.46701
-0.242733 -0.382526 0.472041 -0.214693 -0.37969 0.467185
-0.243712 -0.382635 0.472215 -0.215671 -0.379799 0.467359
-0.24469 -0.382743 0.472389 -0.216649 -0.379907 0.467534
-0.245669 -0.382852 0.472563 -0.217627 -0.380016 0.467708
-0.246648 -0.382961 0.472737 -0.218606 -0.380124 0.467882
-0.247627 -0.38307 0.472911 -0.219584 -0.380233 0.468056
-0.248605 -0.383178 0.473085 -0.220561 -0.380341 0.468231
-0.249584 -0.383287 0.473259 -0.221539 -0.38045 0.468405
-0.250563 -0.383396 0.473433 -0.222517 -0.380558 0.468579
-0.251541 -0.383505 0.473607 -0.223495 -0.380667 0.468753
-0.25252 -0.383613 0.473781 -0.224473 -0.380775 0.468928
-0.253499 -0.383722 0.473955 -0.225451 -0.380884 0.469102
-0.254478 -0.383831 0.474129 -0.226428 -0.380992 0.469276
-0.255456 -0.38394 0.474303 -0.227406 -0.381101 0.46945
-0.256435 -0.384048 0.474477 -0.228384 -0.381209 0.469624
-0.257414 -0.384157 0.474651 -0.229362 -0.381318 0.469799
-0.258392 -0.384266 0.474825 -0.229851 -0.381372 0.469886
-0.259371 -0.384375 0.474999 -0.231318 -0.381535 0.470147
-0.26035 -0.384483 0.475173 -0.232295 -0.381643 0.470321
-0.261329 -0.384592 0.475347 -0.233273 -0.381752 0.470496
-0.262307 -0.384701 0.475521 -0.234251 -0.38186 0.47067
-0.263286 -0.38481 0.475695 -0.235229 -0.381969 0.470844
-0.264265 -0.384918 0.475869 -0.236207 -0.382077 0.471018
-0.265244 -0.385027 0.476043 -0.237185 -0.382186 0.471193
-0.266222 -0.385136 0.476217 -0.238163 -0.382294 0.471367
-0.267201 -0.385245 0.476391 -0.239141 -0.382403 0.471541
-0.26818 -0.385353 0.476565 -0.240119 -0.382512 0.471715
-0.269158 -0.385462 0.476739 -0.241098 -0.38262 0.47189
-0.270137 -0.385571 0.476913 -0.241587 -0.382674 0.471977
-0.271116 -0.38568 0.477087 -0.243054 -0.382837 0.472238
-0.272095 -0.385788 0.477261 -0.244032 -0.382946 0.472412
-0.273073 -0.385897 0.477435 -0.24501 -0.383054 0.472587
-0.274052 -0.386006 0.477609 -0.245989 -0.383163 0.472761
-0.275031 -0.386115 0.477783 -0.246967 -0.383272 0.472935
-0.27601 -0.386223 0.477957 -0.247945 -0.38338 0.47311
-0.276988 -0.386332 0.478131 -0.248924 -0.383489 0.473284
-0.277967 -0.386441 0.478305 -0.249902 -0.383597 0.473458
-0.278946 -0.38655 0.478479 -0.250881 -0.383706 0.473633
-0.279924 -0.386658 0.478653 -0.251859 -0.383815 0.473807
-0.280903 -0.386767 0.478827 -0.252349 -0.383869 0.473894
-0.281882 -0.386876 0.479001 -0.253816 -0.384032 0.474156
-0.282861 -0.386985 0.479175 -0.254306 -0.384086 0.474243
-0.283839 -0.387093 0.479349 -0.254795 -0.384141 0.47433
-0.284818 -0.387202 0.479523 -0.256752 -0.384358 0.474679
-0.285797 -0.387311 0.479697 -0.257241 -0.384412 0.474766
-0.286775 -0.387419 0.479871 -0.258709 -0.384575 0.475027
-0.287754 -0.387528 0.480045 -0.259687 -0.384684 0.475201
-0.288733 -0.387637 0.480219 -0.260661 -0.384791 0.475375
-0.289712 -0.387746 0.480393 -0.261633 -0.384899 0.475548
-0.29069 -0.387854 0.480567 -0.262605 -0.385006 0.47572
-0.291669 -0.387963 0.480741 -0.264063 -0.385168 0.47598
-0.292648 -0.388072 0.480915 -0.26455 -0.385222 0.476067
-0.293627 -0.388181 0.481089 -0.265523 -0.38533 0.47624
-0.294605 -0.388289 0.481263 -0.266497 -0.385438 0.476413
-0.295584 -0.388398 0.481437 -0.267471 -0.385546 0.476587
-0.296563 -0.388507 0.481611 -0.268446 -0.385654 0.47676
-0.297541 -0.388616 0.481785 -0.269421 -0.385762 0.476934
-0.29852 -0.388724 0.481959 -0.270397 -0.38587 0.477108
-0.299499 -0.388833 0.482133 -0.271373 -0.385979 0.477282
-0.300478 -0.388942 0.482307 -0.272348 -0.386087 0.477456
-0.301456 -0.389051 0.482481 -0.273324 -0.386195 0.477629
-0.302435 -0.389159 0.482655 -0.274301 -0.386304 0.477803
-0.303414 -0.389268 0.482829 -0.275277 -0.386412 0.477977
-0.304393 -0.389377 0.483003 -0.276253 -0.386521 0.478151
-0.305371 -0.389486 0.483177 -0.27723 -0.386629 0.478325
-0.30635 -0.389594 0.483351 -0.278208 -0.386738 0.478499
-0.307329 -0.389703 0.483525 -0.279185 -0.386846 0.478673
-0.308307 -0.389812 0.483699 -0.280164 -0.386955 0.478848
-0.309286 -0.389921 0.483873 -0.281142 -0.387064 0.479022
-0.310265 -0.390029 0.484047 -0.28261 -0.387227 0.479284
-0.311244 -0.390138 0.484221 -0.2831 -0.387281 0.479371
-0.312222 -0.390247 0.484395 -0.284079 -0.38739 0.479545
-0.313201 -0.390356 0.484569 -0.285058 -0.387499 0.47972
-0.31418 -0.390464 0.484743 -0.286038 -0.387608 0.479895
-0.315158 -0.390573 0.484917 -0.287018 -0.387717 0.480069
-0.316137 -0.390682 0.485091 -0.287998 -0.387826 0.480244
-0.317116 -0.390791 0.485265 -0.288977 -0.387935 0.480418
-0.318095 -0.390899 0.485439 -0.289957 -0.388044 0.480593
-0.319073 -0.391008 0.485613 -0.290447 -0.388098 0.48068
-0.320052 -0.391117 0.485787 -0.290937 -0.388153 0.480767
-0.321031 -0.391226 0.485961 -0.292896 -0.38837 0.481116
-0.32201 -0.391334 0.486135 -0.293875 -0.388479 0.481291
-0.322988 -0.391443 0.486309 -0.294856 -0.388588 0.481465
-0.323967 -0.391552 0.486483 -0.295837 -0.388697 0.48164
-0.324946 -0.391661 0.486657 -0.296818 -0.388806 0.481815
-0.325924 -0.391769 0.486831 -0.297798 -0.388915 0.48199
-0.326903 -0.391878 0.487005 -0.298779 -0.389024 0.482164
-0.327882 -0.391987 0.487179 -0.29976 -0.389133 0.482339
-0.328861 -0.392096 0.487353 -0.300741 -0.389242 0.482514
-0.329839 -0.392204 0.487527 -0.301723 -0.389351 0.482689
-0.330818 -0.392313 0.487701 -0.302704 -0.38946 0.482863
-0.331797 -0.392422 0.487875 -0.303685 -0.389569 0.483038
-0.332775 -0.392531 0.488049 -0.304666 -0.389678 0.483213
-0.333754 -0.392639 0.488223 -0.305648 -0.389787 0.483388
-0.334733 -0.392748 0.488397 -0.306629 -0.389896 0.483562
-0.335712 -0.392857 0.488571 -0.30761 -0.390005 0.483737
-0.33669 -0.392966 0.488745 -0.308591 -0.390114 0.483912
-0.337669 -0.393074 0.488919 -0.309572 -0.390223 0.484087
-0.338648 -0.393183 0.489093 -0.310553 -0.390332 0.484261
-0.339627 -0.393292 0.489267 -0.311534 -0.390441 0.484436
-0.340605 -0.393401 0.489441 -0.312513 -0.390549 0.48461
-0.341584 -0.393509 0.489615 -0.313493 -0.390658 0.484785
-0.342563 -0.393618 0.489789 -0.314472 -0.390767 0.484959
-0.343541 -0.393727 0.489963 -0.315452 -0.390875 0.485133
-0.34452 -0.393836 0.490137 -0.316432 -0.390984 0.485308
-0.345499 -0.393944 0.490311 -0.317412 -0.391093 0.485482
-0.346478 -0.394053 0.490485 -0.318392 -0.391202 0.485657
-0.347456 -0.394162 0.490659 -0.319372 -0.391311 0.485831
-0.348435 -0.394271 0.490833 -0.320352 -0.391419 0.486006
-0.349414 -0.394379 0.491007 -0.320842 -0.391474 0.486093
-0.350393 -0.394488 0.491181 -0.321332 -0.391528 0.48618
-0.351371 -0.394597 0.491355 -0.325253 -0.391963 0.486878
-0.35235 -0.394706 0.491529 -0.326231 -0.392072 0.487052
-0.353329 -0.394814 0.491703 -0.327202 -0.392179 0.487225
-0.354307 -0.394923 0.491877 -0.328645 -0.392338 0.487481
-0.355286 -0.395032 0.492051 -0.329122 -0.39239 0.487565
-0.356265 -0.395141 0.492225 -0.330543 -0.392546 0.487817
-0.357244 -0.395249 0.492399 -0.331483 -0.392648 0.487983
-0.358222 -0.395358 0.492573 -0.332417 -0.39275 0.488148
-0.359201 -0.395467 0.492747 -0.333344 -0.39285 0.488311
-0.36018 -0.395576 0.492921 -0.334723 -0.393 0.488555
-0.361158 -0.395684 0.493095 -0.335636 -0.393099 0.488716
-0.362137 -0.395793 0.493269 -0.336092 -0.393148 0.488796
-0.363116 -0.395902 0.493443 -0.336999 -0.393246 0.488956
-0.364095 -0.396011 0.493617 -0.337905 -0.393344 0.489115
-0.365073 -0.396119 0.493791 -0.339259 -0.393491 0.489354
-0.366052 -0.396228 0.493965 -0.33971 -0.39354 0.489434
-0.367031 -0.396337 0.494139 -0.340611 -0.393638 0.489593
-0.36801 -0.396446 0.494313 -0.341512 -0.393736 0.489752
-0.368988 -0.396554 0.494487 -0.342412 -0.393835 0.489911
-0.369967 -0.396663 0.494661 -0.343313 -0.393933 0.490071
-0.370946 -0.396772 0.494835 -0.344214 -0.394032 0.49023
-0.371924 -0.39688 0.495009 -0.345116 -0.394131 0.49039
-0.372903 -0.396989 0.495183 -0.346019 -0.39423 0.49055
-0.373882 -0.397098 0.495357 -0.346923 -0.39433 0.490711
-0.374861 -0.397207 0.495531 -0.347829 -0.39443 0.490872
-0.375839 -0.397315 0.495705 -0.348736 -0.39453 0.491033
-0.376818 -0.397424 0.495879 -0.349645 -0.394631 0.491195
-0.377797 -0.397533 0.496053 -0.350557 -0.394732 0.491357
-0.378775 -0.397642 0.496227 -0.351471 -0.394833 0.49152
-0.379754 -0.39775 0.496401 -0.352387 -0.394935 0.491683
-0.380733 -0.397859 0.496575 -0.353306 -0.395038 0.491847
-0.381712 -0.397968 0.496749 -0.354226 -0.395141 0.492011
-0.38269 -0.398077 0.496923 -0.355149 -0.395244 0.492175
-0.383669 -0.398185 0.497097 -0.355611 -0.395295 0.492258
-0.384648 -0.398294 0.497271 -0.356073 -0.395347 0.49234
-0.385627 -0.398403 0.497445 -0.35793 -0.395555 0.492672
-0.386605 -0.398512 0.497619 -0.358396 -0.395607 0.492755
-0.387584 -0.39862 0.497793 -0.3598 -0.395765 0.493006
-0.388563 -0.398729 0.497967 -0.360269 -0.395818 0.49309
-0.389541 -0.398838 0.498141 -0.361681 -0.395976 0.493343
-0.39052 -0.398947 0.498315 -0.362624 -0.396082 0.493512
-0.391499 -0.399055 0.498489 -0.363569 -0.396189 0.493681
-0.392478 -0.399164 0.498663 -0.364515 -0.396295 0.49385
-0.393456 -0.399273 0.498837 -0.365463 -0.396402 0.49402
-0.394435 -0.399382 0.499011 -0.366413 -0.396508 0.494189
-0.395414 -0.39949 0.499185 -0.367364 -0.396615 0.494359
-0.396393 -0.399599 0.499359 -0.368316 -0.396722 0.49453
-0.397371 -0.399708 0.499533 -0.369269 -0.396829 0.4947
-0.39835 -0.399817 0.499707 -0.370223 -0.396937 0.494871
-0.399329 -0.399925 0.499881 -0.371179 -0.397044 0.495042
-0.400307 -0.400034 0.500055 -0.372136 -0.397151 0.495213
-0.399329 -0.399925 0.499881 -0.373095 -0.397259 0.495384
-0.400307 -0.400034 0.500055 -0.374055 -0.397367 0.495556
-0.399329 -0.399925 0.499881 -0.375015 -0.397474 0.495727
-0.400307 -0.400034 0.500055 -0.375976 -0.397582 0.495899
-0.399329 -0.399925 0.499881 -0.376933 -0.397689 0.49607
-0.400307 -0.400034 0.500055 -0.377883 -0.397795 0.496239
-0.399329 -0.399925 0.499881 -0.378354 -0.397847 0.496323
-0.400307 -0.400034 0.500055 -0.379747 -0.398 0.49657
-0.399329 -0.399925 0.499881 -0.380657 -0.3981 0.496731
-0.400307 -0.400034 0.500055 -0.381551 -0.398196 0.496888
-0.399329 -0.399925 0.499881 -0.382425 -0.39829 0.497041
-0.400307 -0.400034 0.500055 -0.383277 -0.39838 0.49719
-0.399329 -0.399925 0.499881 -0.384104 -0.398467 0.497334
-0.400307 -0.400034 0.500055 -0.384508 -0.39851 0.497404
-0.399329 -0.399925 0.499881 -0.385681 -0.398631 0.497606
-0.400307 -0.400034 0.500055 -0.386431 -0.398707 0.497735
-0.399329 -0.399925 0.499881 -0.387153 -0.39878 0.497858
-0.400307 -0.400034 0.500055 -0.387848 -0.398849 0.497976
-0.399329 -0.399925 0.499881 -0.388516 -0.398915 0.49809
-0.400307 -0.400034 0.500055 -0.389156 -0.398978 0.498198
-0.399329 -0.399925 0.499881 -0.38977 -0.399037 0.498301
-0.400307 -0.400034 0.500055 -0.390357 -0.399094 0.498399
-0.399329 -0.399925 0.499881 -0.390917 -0.399147 0.498493
-0.400307 -0.400034 0.500055 -0.391452 -0.399198 0.498582
-0.399329 -0.399925 0.499881 -0.391961 -0.399246 0.498667
-0.400307 -0.400034 0.500055 -0.392446 -0.399291 0.498747
-0.399329 -0.399925 0.499881 -0.392907 -0.399334 0.498823
-0.400307 -0.400034 0.500055 -0.393344 -0.399374 0.498896
-0.399329 -0.399925 0.499881 -0.393759 -0.399412 0.498964
-0.400307 -0.400034 0.500055 -0.394152 -0.399448 0.499028
-0.399329 -0.399925 0.499881 -0.394524 -0.399482 0.499089
-0.400307 -0.400034 0.500055 -0.394877 -0.399514 0.499147
-0.399329 -0.399925 0.499881 -0.39521 -0.399544 0.499202
-0.400307 -0.400034 0.500055 -0.395525 -0.399572 0.499253
-0.399329 -0.399925 0.499881 -0.395821 -0.399599 0.499302
-0.400307 -0.400034 0.500055 -0.3961 -0.399624 0.499347
-0.399329 -0.399925 0.499881 -0.396362 -0.399647 0.49939
-0.400307 -0.400034 0.500055 -0.396487 -0.399658 0.49941
-0.399329 -0.399925 0.499881 -0.396948 -0.3997 0.499485
-0.400307 -0.400034 0.500055 -0.397054 -0.399709 0.499503
-0.399329 -0.399925 0.499881 -0.397256 -0.399727 0.499536
-0.400307 -0.400034 0.500055 -0.397444 -0.399744 0.499566
-0.399329 -0.399925 0.499881 -0.397619 -0.39976 0.499595
-0.400307 -0.400034 0.500055 -0.397782 -0.399774 0.499621
-0.399329 -0.399925 0.499881 -0.397933 -0.399788 0.499646
-0.400307 -0.400034 0.500055 -0.398073 -0.3998 0.499669
-0.399329 -0.399925 0.499881 -0.398204 -0.399812 0.49969
-0.400307 -0.400034 0.500055 -0.398325 -0.399823 0.49971
-0.399329 -0.399925 0.499881 -0.398438 -0.399833 0.499728
-0.400307 -0.400034 0.500055 -0.398541 -0.399842 0.499745
-0.399329 -0.399925 0.499881 -0.398636 -0.399851 0.49976
-0.400307 -0.400034 0.500055 -0.398764 -0.399862 0.499781
-0.399329 -0.399925 0.499881 -0.398803 -0.399866 0.499788
-0.400307 -0.400034 0.500055 -0.398911 -0.399876 0.499805
-0.399329 -0.399925 0.499881 -0.398943 -0.399879 0.499811
-0.400307 -0.400034 0.500055 -0.399004 -0.399884 0.499821
-0.399329 -0.399925 0.499881 -0.399059 -0.39989 0.49983
