0.498161 -0.300204 0.340327 0.499138 -0.300096 0.340154
0.497182 -0.300313 0.340501 0.499138 -0.300096 0.340154
0.496203 -0.300422 0.340675 0.499138 -0.300096 0.340154
0.495225 -0.300531 0.340849 0.499138 -0.300096 0.340154
0.494246 -0.300639 0.341023 0.499135 -0.300096 0.340154
0.493267 -0.300748 0.341197 0.499133 -0.300096 0.340155
0.492288 -0.300857 0.341371 0.499101 -0.3001 0.34016
0.49131 -0.300966 0.341545 0.499086 -0.300102 0.340163
0.490331 -0.301074 0.341719 0.499016 -0.300109 0.340176
0.489352 -0.301183 0.341893 0.498947 -0.300117 0.340188
0.488374 -0.301292 0.342067 0.498857 -0.300127 0.340204
0.487395 -0.301401 0.342241 0.498745 -0.30014 0.340225
0.486416 -0.301509 0.342415 0.49868 -0.300148 0.340237
0.485437 -0.301618 0.342589 0.498448 -0.300174 0.340279
0.484459 -0.301727 0.342763 0.498262 -0.300196 0.340313
0.48348 -0.301836 0.342937 0.49805 -0.300221 0.340352
0.482501 -0.301944 0.343111 0.497811 -0.300248 0.340396
0.481522 -0.302053 0.343285 0.497544 -0.30028 0.340445
0.480544 -0.302162 0.343459 0.49725 -0.300314 0.340499
0.479565 -0.302271 0.343633 0.496929 -0.300352 0.340559
0.478586 -0.302379 0.343807 0.49658 -0.300392 0.340623
0.477608 -0.302488 0.343981 0.496203 -0.300437 0.340693
0.476629 -0.302597 0.344155 0.495801 -0.300484 0.340767
0.47565 -0.302706 0.344329 0.495371 -0.300534 0.340847
0.474671 -0.302814 0.344503 0.494916 -0.300588 0.340931
0.473693 -0.302923 0.344677 0.494436 -0.300645 0.34102
0.472714 -0.303032 0.344851 0.493931 -0.300704 0.341114
0.471735 -0.303141 0.345025 0.493402 -0.300766 0.341212
0.470757 -0.303249 0.345199 0.49285 -0.300832 0.341314
0.469778 -0.303358 0.345373 0.492275 -0.300899 0.341421
0.468799 -0.303467 0.345547 0.491679 -0.30097 0.341532
0.46782 -0.303576 0.345721 0.491062 -0.301042 0.341646
0.466842 -0.303684 0.345895 0.490426 -0.301117 0.341764
0.465863 -0.303793 0.346069 0.489771 -0.301194 0.341885
0.464884 -0.303902 0.346243 0.489097 -0.301273 0.342009
0.463905 -0.304011 0.346417 0.488406 -0.301354 0.342137
0.462927 -0.304119 0.346591 0.487697 -0.301437 0.342268
0.461948 -0.304228 0.346765 0.486971 -0.301522 0.342402
0.460969 -0.304337 0.346939 0.48623 -0.301609 0.342538
0.459991 -0.304445 0.347113 0.485473 -0.301697 0.342677
0.459012 -0.304554 0.347287 0.484702 -0.301787 0.342819
0.458033 -0.304663 0.347461 0.483917 -0.301879 0.342963
0.457054 -0.304772 0.347635 0.48312 -0.301972 0.34311
0.456076 -0.30488 0.347809 0.482309 -0.302066 0.343258
0.455097 -0.304989 0.347983 0.481488 -0.302161 0.343409
0.454118 -0.305098 0.348157 0.480655 -0.302258 0.343561
0.453139 -0.305207 0.348331 0.479811 -0.302355 0.343715
0.452161 -0.305315 0.348505 0.478958 -0.302454 0.343871
0.451182 -0.305424 0.348679 0.478095 -0.302553 0.344028
0.450203 -0.305533 0.348853 0.477223 -0.302654 0.344187
0.449225 -0.305642 0.349027 0.476343 -0.302755 0.344347
0.448246 -0.30575 0.349201 0.475456 -0.302857 0.344508
0.447267 -0.305859 0.349375 0.47456 -0.302959 0.344671
0.446288 -0.305968 0.349549 0.473658 -0.303063 0.344834
0.44531 -0.306077 0.349723 0.47275 -0.303166 0.344999
0.444331 -0.306185 0.349897 0.471835 -0.303271 0.345164
0.443352 -0.306294 0.350071 0.470915 -0.303376 0.34533
0.442374 -0.306403 0.350245 0.46999 -0.303481 0.345497
0.441395 -0.306512 0.350419 0.46906 -0.303587 0.345665
0.440416 -0.30662 0.350593 0.468125 -0.303693 0.345833
0.439437 -0.306729 0.350767 0.467186 -0.303799 0.346002
0.438459 -0.306838 0.350941 0.466243 -0.303906 0.346172
0.43748 -0.306947 0.351115 0.465297 -0.304013 0.346342
0.436501 -0.307055 0.351289 0.464347 -0.30412 0.346512
0.435522 -0.307164 0.351463 0.463394 -0.304228 0.346683
0.434544 -0.307273 0.351637 0.462438 -0.304336 0.346854
0.433565 -0.307382 0.351811 0.461479 -0.304444 0.347026
0.432586 -0.30749 0.351985 0.460519 -0.304552 0.347197
0.431608 -0.307599 0.352159 0.459555 -0.30466 0.34737
0.430629 -0.307708 0.352333 0.45859 -0.304768 0.347542
0.42965 -0.307817 0.352507 0.457623 -0.304877 0.347715
0.428671 -0.307925 0.352681 0.456654 -0.304985 0.347887
0.427693 -0.308034 0.352855 0.455684 -0.305094 0.34806
0.426714 -0.308143 0.353029 0.454712 -0.305203 0.348234
0.425735 -0.308252 0.353203 0.453739 -0.305312 0.348407
0.424757 -0.30836 0.353377 0.452765 -0.305421 0.34858
0.423778 -0.308469 0.353551 0.45179 -0.30553 0.348754
0.422799 -0.308578 0.353725 0.450814 -0.305639 0.348927
0.42182 -0.308687 0.353899 0.449839 -0.305747 0.349101
0.420842 -0.308795 0.354073 0.448865 -0.305856 0.349274
0.419863 -0.308904 0.354247 0.44789 -0.305964 0.349447
0.418884 -0.309013 0.354421 0.446914 -0.306073 0.34962
0.417905 -0.309122 0.354595 0.445937 -0.306182 0.349793
0.416927 -0.30923 0.354769 0.444959 -0.306291 0.349967
0.415948 -0.309339 0.354943 0.44398 -0.3064 0.350141
0.414969 -0.309448 0.355117 0.443001 -0.306509 0.350314
0.413991 -0.309557 0.355291 0.442021 -0.306618 0.350488
0.413012 -0.309665 0.355465 0.441041 -0.306727 0.350662
0.412033 -0.309774 0.355639 0.44006 -0.306836 0.350836
0.411054 -0.309883 0.355813 0.439079 -0.306945 0.35101
0.410076 -0.309992 0.355987 0.438098 -0.307054 0.351184
0.409097 -0.3101 0.356161 0.437116 -0.307164 0.351358
0.408118 -0.310209 0.356335 0.436134 -0.307273 0.351532
0.407139 -0.310318 0.356509 0.435151 -0.307382 0.351707
0.406161 -0.310427 0.356683 0.434169 -0.307491 0.351881
0.405182 -0.310535 0.356857 0.433186 -0.307601 0.352055
0.404203 -0.310644 0.357031 0.432204 -0.30771 0.352229
0.403225 -0.310753 0.357205 0.431221 -0.307819 0.352403
0.402246 -0.310862 0.357379 0.430238 -0.307928 0.352578
0.401267 -0.31097 0.357553 0.429256 -0.308038 0.352752
0.400288 -0.311079 0.357727 0.428273 -0.308147 0.352926
0.39931 -0.311188 0.3579 0.42729 -0.308256 0.3531
0.398331 -0.311297 0.358074 0.426308 -0.308365 0.353274
0.397352 -0.311405 0.358248 0.425325 -0.308475 0.353448
0.396374 -0.311514 0.358422 0.424342 -0.308584 0.353623
0.395395 -0.311623 0.358596 0.42336 -0.308693 0.353797
0.394416 -0.311732 0.35877 0.422377 -0.308802 0.353971
0.393437 -0.31184 0.358944 0.421395 -0.308912 0.354145
0.392459 -0.311949 0.359118 0.420413 -0.309021 0.354319
0.39148 -0.312058 0.359292 0.419431 -0.30913 0.354493
0.390501 -0.312167 0.359466 0.418449 -0.309239 0.354667
0.389522 -0.312275 0.35964 0.417467 -0.309348 0.354841
0.388544 -0.312384 0.359814 0.416485 -0.309458 0.355015
0.387565 -0.312493 0.359988 0.415503 -0.309567 0.355189
0.386586 -0.312602 0.360162 0.414521 -0.309676 0.355363
0.385608 -0.31271 0.360336 0.41354 -0.309785 0.355537
0.384629 -0.312819 0.36051 0.412558 -0.309894 0.355711
0.38365 -0.312928 0.360684 0.411577 -0.310004 0.355885
0.382671 -0.313037 0.360858 0.410596 -0.310113 0.356059
0.381693 -0.313145 0.361032 0.409614 -0.310222 0.356233
0.380714 -0.313254 0.361206 0.409124 -0.310277 0.35632
0.379735 -0.313363 0.36138 0.407653 -0.31044 0.356581
0.378757 -0.313471 0.361554 0.406672 -0.31055 0.356755
0.377778 -0.31358 0.361728 0.405691 -0.310659 0.356929
0.376799 -0.313689 0.361902 0.40471 -0.310768 0.357103
0.37582 -0.313798 0.362076 0.40373 -0.310877 0.357277
0.374842 -0.313906 0.36225 0.402749 -0.310986 0.357451
0.373863 -0.314015 0.362424 0.401769 -0.311095 0.357625
0.372884 -0.314124 0.362598 0.400788 -0.311204 0.357798
0.371905 -0.314233 0.362772 0.399808 -0.311314 0.357972
0.370927 -0.314341 0.362946 0.398828 -0.311423 0.358146
0.369948 -0.31445 0.36312 0.397848 -0.311532 0.35832
0.368969 -0.314559 0.363294 0.396868 -0.311641 0.358494
0.367991 -0.314668 0.363468 0.395888 -0.31175 0.358668
0.367012 -0.314776 0.363642 0.394908 -0.311859 0.358841
0.366033 -0.314885 0.363816 0.393928 -0.311969 0.359015
0.365054 -0.314994 0.36399 0.393438 -0.312023 0.359102
0.364076 -0.315103 0.364164 0.391969 -0.312187 0.359363
0.363097 -0.315211 0.364338 0.390989 -0.312296 0.359537
0.362118 -0.31532 0.364512 0.390009 -0.312405 0.35971
0.361139 -0.315429 0.364686 0.38903 -0.312514 0.359884
0.360161 -0.315538 0.36486 0.38805 -0.312624 0.360058
0.359182 -0.315646 0.365034 0.387071 -0.312733 0.360232
0.358203 -0.315755 0.365208 0.386091 -0.312842 0.360405
0.357225 -0.315864 0.365382 0.385112 -0.312951 0.360579
0.356246 -0.315973 0.365556 0.384132 -0.31306 0.360753
0.355267 -0.316081 0.36573 0.383153 -0.313169 0.360927
0.354288 -0.31619 0.365904 0.382174 -0.313279 0.3611
0.35331 -0.316299 0.366078 0.381194 -0.313388 0.361274
0.352331 -0.316408 0.366252 0.380215 -0.313497 0.361448
0.351352 -0.316516 0.366426 0.379236 -0.313606 0.361622
0.350374 -0.316625 0.3666 0.378257 -0.313715 0.361795
0.349395 -0.316734 0.366774 0.377277 -0.313824 0.361969
0.348416 -0.316843 0.366948 0.376298 -0.313934 0.362143
0.347437 -0.316951 0.367122 0.375319 -0.314043 0.362316
0.346459 -0.31706 0.367296 0.37434 -0.314152 0.36249
0.34548 -0.317169 0.36747 0.373361 -0.314261 0.362664
0.344501 -0.317278 0.367644 0.372382 -0.31437 0.362838
0.343522 -0.317386 0.367818 0.371892 -0.314425 0.362924
0.342544 -0.317495 0.367992 0.370424 -0.314589 0.363185
0.341565 -0.317604 0.368166 0.369445 -0.314698 0.363359
0.340586 -0.317713 0.36834 0.368466 -0.314807 0.363532
0.339608 -0.317821 0.368514 0.367487 -0.314916 0.363706
0.338629 -0.31793 0.368688 0.366508 -0.315025 0.36388
0.33765 -0.318039 0.368862 0.365529 -0.315135 0.364054
0.336671 -0.318148 0.369036 0.364549 -0.315244 0.364227
0.335693 -0.318256 0.36921 0.36357 -0.315353 0.364401
0.334714 -0.318365 0.369384 0.362591 -0.315462 0.364575
0.333735 -0.318474 0.369558 0.361612 -0.315572 0.364748
0.332757 -0.318583 0.369732 0.360633 -0.315681 0.364922
0.331778 -0.318691 0.369906 0.359654 -0.31579 0.365096
0.330799 -0.3188 0.37008 0.358674 -0.315899 0.36527
0.32982 -0.318909 0.370254 0.357695 -0.316008 0.365443
0.328842 -0.319018 0.370428 0.356716 -0.316118 0.365617
0.327863 -0.319126 0.370602 0.355737 -0.316227 0.365791
0.326884 -0.319235 0.370776 0.354758 -0.316336 0.365964
0.325905 -0.319344 0.37095 0.353779 -0.316445 0.366138
0.324927 -0.319453 0.371124 0.3528 -0.316555 0.366312
0.323948 -0.319561 0.371298 0.351822 -0.316664 0.366485
0.322969 -0.31967 0.371472 0.350843 -0.316773 0.366659
0.321991 -0.319779 0.371646 0.349864 -0.316882 0.366833
0.321012 -0.319888 0.37182 0.348885 -0.316991 0.367006
0.320033 -0.319996 0.371994 0.347906 -0.317101 0.36718
0.319054 -0.320105 0.372168 0.346927 -0.31721 0.367353
0.318076 -0.320214 0.372342 0.345948 -0.317319 0.367527
0.317097 -0.320323 0.372516 0.344969 -0.317428 0.367701
0.316118 -0.320431 0.37269 0.34399 -0.317538 0.367874
0.315139 -0.32054 0.372864 0.343011 -0.317647 0.368048
0.314161 -0.320649 0.373038 0.342033 -0.317756 0.368222
0.313182 -0.320758 0.373212 0.341054 -0.317865 0.368395
0.312203 -0.320866 0.373386 0.340075 -0.317974 0.368569
0.311225 -0.320975 0.37356 0.339096 -0.318084 0.368742
0.310246 -0.321084 0.373734 0.338117 -0.318193 0.368916
0.309267 -0.321193 0.373908 0.337138 -0.318302 0.36909
0.308288 -0.321301 0.374082 0.336159 -0.318411 0.369263
0.30731 -0.32141 0.374256 0.335181 -0.318521 0.369437
0.306331 -0.321519 0.37443 0.334202 -0.31863 0.36961
0.305352 -0.321628 0.374604 0.333223 -0.318739 0.369784
0.304374 -0.321736 0.374778 0.332244 -0.318848 0.369958
0.303395 -0.321845 0.374952 0.331265 -0.318958 0.370131
0.302416 -0.321954 0.375126 0.330286 -0.319067 0.370305
0.301437 -0.322063 0.3753 0.329307 -0.319176 0.370478
0.300459 -0.322171 0.375474 0.328329 -0.319285 0.370652
0.29948 -0.32228 0.375648 0.32735 -0.319395 0.370826
0.298501 -0.322389 0.375822 0.326371 -0.319504 0.370999
0.297522 -0.322498 0.375996 0.325392 -0.319613 0.371173
0.296544 -0.322606 0.37617 0.324413 -0.319722 0.371346
0.295565 -0.322715 0.376344 0.323434 -0.319832 0.37152
0.294586 -0.322824 0.376518 0.322455 -0.319941 0.371694
0.293608 -0.322932 0.376692 0.321476 -0.32005 0.371867
0.292629 -0.323041 0.376866 0.320498 -0.320159 0.372041
0.29165 -0.32315 0.37704 0.319519 -0.320269 0.372214
0.290671 -0.323259 0.377214 0.319029 -0.320323 0.372301
0.289693 -0.323367 0.377388 0.317561 -0.320487 0.372561
0.288714 -0.323476 0.377562 0.316582 -0.320596 0.372735
0.287735 -0.323585 0.377736 0.315603 -0.320706 0.372909
0.286756 -0.323694 0.37791 0.314624 -0.320815 0.373082
0.285778 -0.323802 0.378084 0.313645 -0.320924 0.373256
0.284799 -0.323911 0.378258 0.312666 -0.321034 0.373429
0.28382 -0.32402 0.378432 0.312176 -0.321088 0.373516
0.282842 -0.324129 0.378606 0.310707 -0.321252 0.373777
0.281863 -0.324237 0.37878 0.309728 -0.321362 0.37395
0.280884 -0.324346 0.378954 0.308749 -0.321471 0.374124
0.279905 -0.324455 0.379128 0.30777 -0.32158 0.374297
0.278927 -0.324564 0.379302 0.306791 -0.321689 0.374471
0.277948 -0.324672 0.379476 0.305812 -0.321799 0.374644
0.276969 -0.324781 0.37965 0.304834 -0.321908 0.374818
0.275991 -0.32489 0.379824 0.303855 -0.322017 0.374992
0.275012 -0.324999 0.379998 0.302876 -0.322127 0.375165
0.274033 -0.325107 0.380172 0.301897 -0.322236 0.375339
0.273054 -0.325216 0.380346 0.300918 -0.322345 0.375512
0.272076 -0.325325 0.38052 0.299939 -0.322454 0.375686
0.271097 -0.325434 0.380694 0.298961 -0.322564 0.375859
0.270118 -0.325542 0.380868 0.297982 -0.322673 0.376033
0.269139 -0.325651 0.381042 0.297003 -0.322782 0.376206
0.268161 -0.32576 0.381216 0.296024 -0.322891 0.37638
0.267182 -0.325869 0.38139 0.295045 -0.323001 0.376553
0.266203 -0.325977 0.381564 0.294067 -0.32311 0.376727
0.265225 -0.326086 0.381738 0.293088 -0.323219 0.3769
0.264246 -0.326195 0.381912 0.292109 -0.323329 0.377074
0.263267 -0.326304 0.382086 0.29113 -0.323438 0.377247
0.262288 -0.326412 0.38226 0.290152 -0.323547 0.37742
0.26131 -0.326521 0.382434 0.289173 -0.323656 0.377594
0.260331 -0.32663 0.382608 0.288194 -0.323766 0.377767
0.259352 -0.326739 0.382782 0.287215 -0.323875 0.377941
0.258374 -0.326847 0.382956 0.286237 -0.323984 0.378114
0.257395 -0.326956 0.38313 0.285258 -0.324093 0.378288
0.256416 -0.327065 0.383304 0.284279 -0.324203 0.378461
0.255437 -0.327174 0.383478 0.283301 -0.324312 0.378635
0.254459 -0.327282 0.383652 0.282322 -0.324421 0.378808
0.25348 -0.327391 0.383826 0.281343 -0.324531 0.378982
0.252501 -0.3275 0.384 0.280365 -0.32464 0.379155
0.251522 -0.327609 0.384174 0.279386 -0.324749 0.379329
0.250544 -0.327717 0.384348 0.278407 -0.324858 0.379502
0.249565 -0.327826 0.384522 0.277429 -0.324968 0.379675
0.248586 -0.327935 0.384696 0.27645 -0.325077 0.379849
0.247608 -0.328044 0.38487 0.275471 -0.325186 0.380022
0.246629 -0.328152 0.385044 0.274493 -0.325296 0.380196
0.24565 -0.328261 0.385218 0.273514 -0.325405 0.380369
0.244671 -0.32837 0.385392 0.272535 -0.325514 0.380543
0.243693 -0.328479 0.385566 0.271557 -0.325623 0.380716
0.242714 -0.328587 0.38574 0.270578 -0.325733 0.380889
0.241735 -0.328696 0.385914 0.269599 -0.325842 0.381063
0.240756 -0.328805 0.386088 0.268621 -0.325951 0.381236
0.239778 -0.328914 0.386262 0.267642 -0.326061 0.38141
0.238799 -0.329022 0.386436 0.266663 -0.32617 0.381583
0.23782 -0.329131 0.38661 0.265685 -0.326279 0.381757
0.236842 -0.32924 0.386784 0.264706 -0.326388 0.38193
0.235863 -0.329349 0.386958 0.263727 -0.326498 0.382103
0.234884 -0.329457 0.387132 0.262749 -0.326607 0.382277
0.233905 -0.329566 0.387306 0.26177 -0.326716 0.38245
0.232927 -0.329675 0.38748 0.260791 -0.326826 0.382624
0.231948 -0.329784 0.387654 0.259813 -0.326935 0.382797
0.230969 -0.329892 0.387828 0.258834 -0.327044 0.38297
0.229991 -0.330001 0.388002 0.257856 -0.327153 0.383144
0.229012 -0.33011 0.388176 0.256877 -0.327263 0.383317
0.228033 -0.330219 0.38835 0.255898 -0.327372 0.383491
0.227054 -0.330327 0.388524 0.25492 -0.327481 0.383664
0.226076 -0.330436 0.388698 0.253942 -0.32759 0.383837
0.225097 -0.330545 0.388872 0.252964 -0.3277 0.384011
0.224118 -0.330654 0.389046 0.251986 -0.327809 0.384184
0.223139 -0.330762 0.38922 0.251008 -0.327918 0.384357
0.222161 -0.330871 0.389394 0.25003 -0.328027 0.38453
0.221182 -0.33098 0.389568 0.249052 -0.328136 0.384704
0.220203 -0.331089 0.389742 0.248074 -0.328246 0.384877
0.219225 -0.331197 0.389916 0.247096 -0.328355 0.38505
0.218246 -0.331306 0.39009 0.246117 -0.328464 0.385224
0.217267 -0.331415 0.390264 0.245139 -0.328573 0.385397
0.216288 -0.331524 0.390438 0.24416 -0.328683 0.38557
0.21531 -0.331632 0.390612 0.243182 -0.328792 0.385744
0.214331 -0.331741 0.390786 0.242203 -0.328901 0.385917
0.213352 -0.33185 0.39096 0.241224 -0.32901 0.38609
0.212374 -0.331958 0.391134 0.240246 -0.32912 0.386264
0.211395 -0.332067 0.391308 0.239267 -0.329229 0.386437
0.210416 -0.332176 0.391482 0.238289 -0.329338 0.386611
0.209437 -0.332285 0.391656 0.23731 -0.329448 0.386784
0.208459 -0.332393 0.39183 0.236331 -0.329557 0.386957
0.20748 -0.332502 0.392004 0.235352 -0.329666 0.387131
0.206501 -0.332611 0.392178 0.234374 -0.329776 0.387304
0.205522 -0.33272 0.392352 0.233395 -0.329885 0.387478
0.204544 -0.332828 0.392526 0.232416 -0.329994 0.387651
0.203565 -0.332937 0.3927 0.231437 -0.330104 0.387824
0.202586 -0.333046 0.392874 0.230458 -0.330213 0.387998
0.201608 -0.333155 0.393048 0.229479 -0.330322 0.388171
0.200629 -0.333263 0.393222 0.2285 -0.330432 0.388345
0.19965 -0.333372 0.393396 0.227521 -0.330541 0.388518
0.198671 -0.333481 0.39357 0.226542 -0.33065 0.388692
0.197693 -0.33359 0.393744 0.225563 -0.33076 0.388865
0.196714 -0.333698 0.393918 0.224584 -0.330869 0.389038
0.195735 -0.333807 0.394092 0.223605 -0.330978 0.389212
0.194756 -0.333916 0.394266 0.222626 -0.331087 0.389385
0.193778 -0.334025 0.39444 0.221647 -0.331197 0.389559
0.192799 -0.334133 0.394614 0.220668 -0.331306 0.389732
0.19182 -0.334242 0.394787 0.219689 -0.331415 0.389906
0.190842 -0.334351 0.394961 0.21871 -0.331525 0.390079
0.189863 -0.33446 0.395135 0.217732 -0.331634 0.390252
0.188884 -0.334568 0.395309 0.216753 -0.331743 0.390426
0.187905 -0.334677 0.395483 0.215775 -0.331852 0.390599
0.186927 -0.334786 0.395657 0.214797 -0.331961 0.390772
0.185948 -0.334895 0.395831 0.213819 -0.332071 0.390945
0.184969 -0.335003 0.396005 0.212841 -0.33218 0.391119
0.183991 -0.335112 0.396179 0.211863 -0.332289 0.391292
0.183012 -0.335221 0.396353 0.210885 -0.332398 0.391465
0.182033 -0.33533 0.396527 0.209906 -0.332507 0.391639
0.181054 -0.335438 0.396701 0.208928 -0.332617 0.391812
0.180076 -0.335547 0.396875 0.207949 -0.332726 0.391985
0.179097 -0.335656 0.397049 0.20697 -0.332835 0.392158
0.178118 -0.335765 0.397223 0.206481 -0.33289 0.392245
0.177139 -0.335873 0.397397 0.205013 -0.333054 0.392505
0.176161 -0.335982 0.397571 0.204034 -0.333163 0.392679
0.175182 -0.336091 0.397745 0.203055 -0.333272 0.392852
0.174203 -0.3362 0.397919 0.202077 -0.333381 0.393025
0.173225 -0.336308 0.398093 0.201098 -0.333491 0.393199
0.172246 -0.336417 0.398267 0.200119 -0.3336 0.393372
0.171267 -0.336526 0.398441 0.19914 -0.333709 0.393546
0.170288 -0.336635 0.398615 0.198161 -0.333818 0.393719
0.16931 -0.336743 0.398789 0.197182 -0.333928 0.393892
0.168331 -0.336852 0.398963 0.196203 -0.334037 0.394066
0.167352 -0.336961 0.399137 0.195224 -0.334146 0.394239
0.166374 -0.33707 0.399311 0.194245 -0.334256 0.394413
0.165395 -0.337178 0.399485 0.193267 -0.334365 0.394586
0.164416 -0.337287 0.399659 0.192288 -0.334474 0.39476
0.163437 -0.337396 0.399833 0.191309 -0.334583 0.394933
0.162459 -0.337505 0.400007 0.19033 -0.334693 0.395106
0.16148 -0.337613 0.400181 0.189351 -0.334802 0.39528
0.160501 -0.337722 0.400355 0.188372 -0.334911 0.395453
0.159522 -0.337831 0.400529 0.187393 -0.33502 0.395627
0.158544 -0.33794 0.400703 0.186414 -0.33513 0.3958
0.157565 -0.338048 0.400877 0.185435 -0.335239 0.395974
0.156586 -0.338157 0.401051 0.184456 -0.335348 0.396147
0.155608 -0.338266 0.401225 0.183478 -0.335457 0.396321
0.154629 -0.338375 0.401399 0.1825 -0.335566 0.396494
0.15365 -0.338483 0.401573 0.181525 -0.335675 0.396666
0.152671 -0.338592 0.401747 0.180553 -0.335783 0.396839
0.151693 -0.338701 0.401921 0.179582 -0.335891 0.397011
0.150714 -0.33881 0.402095 0.178609 -0.335999 0.397183
0.149735 -0.338918 0.402269 0.177636 -0.336107 0.397355
0.148756 -0.339027 0.402443 0.177149 -0.336162 0.397442
0.147778 -0.339136 0.402617 0.176662 -0.336216 0.397528
0.146799 -0.339245 0.402791 0.175199 -0.336379 0.397787
0.14582 -0.339353 0.402965 0.175199 -0.336379 0.397787
0.144842 -0.339462 0.403139 0.174711 -0.336433 0.397874
0.143863 -0.339571 0.403313 0.171302 -0.336813 0.398478
0.142884 -0.33968 0.403487 0.170333 -0.336921 0.398649
0.141905 -0.339788 0.403661 0.169364 -0.337029 0.398821
0.140927 -0.339897 0.403835 0.168397 -0.337136 0.398992
0.139948 -0.340006 0.404009 0.167914 -0.33719 0.399078
0.138969 -0.340115 0.404183 0.165989 -0.337403 0.399419
0.137991 -0.340223 0.404357 0.16503 -0.337509 0.399589
0.137012 -0.340332 0.404531 0.164072 -0.337615 0.399758
0.136033 -0.340441 0.404705 0.163115 -0.337721 0.399928
0.135054 -0.34055 0.404879 0.162159 -0.337827 0.400097
0.134076 -0.340658 0.405053 0.161204 -0.337933 0.400266
0.133097 -0.340767 0.405227 0.160249 -0.338038 0.400435
0.132118 -0.340876 0.405401 0.159295 -0.338144 0.400604
0.131139 -0.340985 0.405575 0.158341 -0.33825 0.400773
0.130161 -0.341093 0.405749 0.157388 -0.338355 0.400942
0.129182 -0.341202 0.405923 0.156434 -0.338461 0.401111
0.128203 -0.341311 0.406097 0.155481 -0.338567 0.40128
0.127225 -0.341419 0.406271 0.154527 -0.338673 0.401449
0.126246 -0.341528 0.406445 0.153573 -0.338779 0.401618
0.125267 -0.341637 0.406619 0.152619 -0.338885 0.401787
0.124288 -0.341746 0.406793 0.151664 -0.338991 0.401957
0.12331 -0.341854 0.406967 0.150709 -0.339097 0.402126
0.122331 -0.341963 0.407141 0.149753 -0.339203 0.402295
0.121352 -0.342072 0.407315 0.148797 -0.33931 0.402465
0.120374 -0.342181 0.407489 0.14784 -0.339417 0.402634
0.119395 -0.342289 0.407663 0.146883 -0.339523 0.402804
0.118416 -0.342398 0.407837 0.145925 -0.33963 0.402974
0.117437 -0.342507 0.408011 0.144966 -0.339737 0.403144
0.116459 -0.342616 0.408185 0.144006 -0.339844 0.403314
0.11548 -0.342724 0.408359 0.143046 -0.339951 0.403485
0.114501 -0.342833 0.408533 0.142085 -0.340059 0.403655
0.113522 -0.342942 0.408707 0.141123 -0.340166 0.403825
0.112544 -0.343051 0.408881 0.140161 -0.340274 0.403996
0.111565 -0.343159 0.409055 0.139679 -0.340328 0.404082
0.110586 -0.343268 0.409229 0.138232 -0.340489 0.404338
0.109608 -0.343377 0.409403 0.137267 -0.340597 0.404509
0.108629 -0.343486 0.409577 0.136301 -0.340706 0.404681
0.10765 -0.343594 0.409751 0.135334 -0.340814 0.404852
0.106671 -0.343703 0.409925 0.134366 -0.340922 0.405024
0.105693 -0.343812 0.410099 0.133397 -0.341031 0.405196
0.104714 -0.343921 0.410273 0.132427 -0.341139 0.405368
0.103735 -0.344029 0.410447 0.131457 -0.341248 0.40554
0.102756 -0.344138 0.410621 0.130487 -0.341356 0.405712
0.101778 -0.344247 0.410795 0.129516 -0.341465 0.405884
0.100799 -0.344356 0.410969 0.128544 -0.341574 0.406056
0.0998203 -0.344464 0.411143 0.127572 -0.341683 0.406229
0.0988416 -0.344573 0.411317 0.126599 -0.341791 0.406402
0.0978629 -0.344682 0.411491 0.125626 -0.3419 0.406574
0.0968841 -0.344791 0.411665 0.124652 -0.342009 0.406747
0.0959054 -0.344899 0.411839 0.124165 -0.342064 0.406833
0.0949267 -0.345008 0.412013 0.123191 -0.342173 0.407006
0.093948 -0.345117 0.412187 0.121728 -0.342336 0.407266
0.0929692 -0.345226 0.412361 0.120753 -0.342445 0.407439
0.0919905 -0.345334 0.412535 0.120266 -0.3425 0.407525
0.0910118 -0.345443 0.412709 0.118803 -0.342663 0.407785
0.0900331 -0.345552 0.412883 0.117828 -0.342772 0.407958
0.0890543 -0.345661 0.413057 0.116853 -0.342881 0.40813
0.0880756 -0.345769 0.413231 0.115878 -0.342989 0.408303
0.0870969 -0.345878 0.413405 0.114902 -0.343098 0.408477
0.0861182 -0.345987 0.413579 0.113927 -0.343207 0.40865
0.0851395 -0.346096 0.413753 0.112951 -0.343316 0.408823
0.0841607 -0.346204 0.413927 0.111976 -0.343425 0.408996
0.083182 -0.346313 0.414101 0.111 -0.343533 0.409169
0.0822033 -0.346422 0.414275 0.110024 -0.343642 0.409342
0.0812246 -0.346531 0.414449 0.109536 -0.343697 0.409429
0.0802458 -0.346639 0.414623 0.10856 -0.343805 0.409602
0.0792671 -0.346748 0.414797 0.107096 -0.343969 0.409862
0.0782884 -0.346857 0.414971 0.106607 -0.344023 0.409948
0.0773097 -0.346966 0.415145 0.10563 -0.344132 0.410122
0.0763309 -0.347074 0.415319 0.104653 -0.344241 0.410295
0.0753522 -0.347183 0.415493 0.103675 -0.34435 0.410469
0.0743735 -0.347292 0.415667 0.102209 -0.344513 0.410729
0.0733948 -0.347401 0.415841 0.101232 -0.344622 0.410902
0.072416 -0.347509 0.416015 0.100744 -0.344676 0.410989
0.0714373 -0.347618 0.416189 0.0997669 -0.344785 0.411162
0.0704586 -0.347727 0.416363 0.09879 -0.344894 0.411336
0.0694799 -0.347836 0.416537 0.0978132 -0.345002 0.411509
0.0685012 -0.347944 0.416711 0.0963481 -0.345165 0.411769
0.0675224 -0.348053 0.416885 0.0953713 -0.345274 0.411943
0.0665437 -0.348162 0.417059 0.0943946 -0.345383 0.412116
0.065565 -0.348271 0.417233 0.0939062 -0.345437 0.412203
0.0645863 -0.348379 0.417407 0.092441 -0.3456 0.412463
0.0636075 -0.348488 0.417581 0.0914642 -0.345708 0.412636
0.0626288 -0.348597 0.417755 0.0904874 -0.345817 0.41281
0.0616501 -0.348706 0.417929 0.0895105 -0.345926 0.412983
0.0606714 -0.348814 0.418103 0.088533 -0.346034 0.413156
0.0596926 -0.348923 0.418277 0.0875551 -0.346143 0.41333
0.0587139 -0.349032 0.418451 0.086577 -0.346252 0.413504
0.0577352 -0.349141 0.418625 0.0855988 -0.346361 0.413677
0.0567565 -0.349249 0.418799 0.0846206 -0.34647 0.413851
0.0557777 -0.349358 0.418973 0.0836425 -0.346578 0.414025
0.054799 -0.349467 0.419147 0.0826645 -0.346687 0.414199
0.0538203 -0.349576 0.419321 0.0816865 -0.346796 0.414372
0.0528416 -0.349684 0.419495 0.0807081 -0.346905 0.414546
0.0518629 -0.349793 0.419669 0.0797294 -0.347014 0.41472
0.0508841 -0.349902 0.419843 0.0787506 -0.347122 0.414894
0.0499054 -0.350011 0.420017 0.0777717 -0.347231 0.415068
0.0489267 -0.350119 0.420191 0.0767929 -0.34734 0.415241
0.047948 -0.350228 0.420365 0.0758143 -0.347449 0.415415
0.0469692 -0.350337 0.420539 0.0748355 -0.347558 0.415589
0.0459905 -0.350445 0.420713 0.0738565 -0.347667 0.415763
0.0450118 -0.350554 0.420887 0.0728772 -0.347775 0.415937
0.0440331 -0.350663 0.421061 0.0718978 -0.347884 0.416111
0.0430543 -0.350772 0.421235 0.0709182 -0.347993 0.416285
0.0420756 -0.35088 0.421409 0.0699384 -0.348102 0.416459
0.0410969 -0.350989 0.421583 0.0689587 -0.348211 0.416633
0.0401182 -0.351098 0.421757 0.0679792 -0.34832 0.416807
0.0391394 -0.351207 0.421931 0.0670001 -0.348429 0.416981
0.0381607 -0.351315 0.422105 0.0660213 -0.348538 0.417155
0.037182 -0.351424 0.422279 0.0650428 -0.348646 0.417329
0.0362033 -0.351533 0.422453 0.0640646 -0.348755 0.417503
0.0352246 -0.351642 0.422627 0.0630866 -0.348863 0.417677
0.0342458 -0.35175 0.422801 0.0621083 -0.348972 0.41785
0.0332671 -0.351859 0.422975 0.0611287 -0.349081 0.418025
0.0322884 -0.351968 0.423149 0.060148 -0.34919 0.418199
0.0313097 -0.352077 0.423323 0.0591673 -0.349299 0.418373
0.0303309 -0.352185 0.423497 0.0581872 -0.349408 0.418547
0.0293522 -0.352294 0.423671 0.0572076 -0.349517 0.418721
0.0283735 -0.352403 0.423845 0.0562284 -0.349626 0.418896
0.0273948 -0.352512 0.424019 0.0552496 -0.349734 0.419069
0.026416 -0.35262 0.424193 0.0542712 -0.349843 0.419243
0.0254373 -0.352729 0.424367 0.0532932 -0.349951 0.419417
0.0244586 -0.352838 0.424541 0.0523154 -0.35006 0.419591
0.0234799 -0.352947 0.424715 0.0513379 -0.350168 0.419765
0.0225011 -0.353055 0.424889 0.0503605 -0.350277 0.419939
0.0215224 -0.353164 0.425063 0.0493834 -0.350385 0.420112
0.0205437 -0.353273 0.425237 0.0484065 -0.350493 0.420286
0.019565 -0.353382 0.425411 0.0474297 -0.350602 0.42046
0.0185863 -0.35349 0.425585 0.046453 -0.35071 0.420633
0.0176075 -0.353599 0.425759 0.0454765 -0.350818 0.420807
0.0166288 -0.353708 0.425933 0.0445 -0.350927 0.420981
0.0156501 -0.353817 0.426107 0.0435236 -0.351035 0.421154
0.0146714 -0.353925 0.426281 0.0425472 -0.351143 0.421328
0.0136926 -0.354034 0.426455 0.0415709 -0.351251 0.421502
0.0127139 -0.354143 0.426629 0.0405946 -0.35136 0.421675
0.0117352 -0.354252 0.426803 0.0396184 -0.351468 0.421849
0.0107565 -0.35436 0.426977 0.0386421 -0.351576 0.422023
0.00977774 -0.354469 0.427151 0.0376659 -0.351685 0.422196
0.00879902 -0.354578 0.427325 0.0366896 -0.351793 0.42237
0.0078203 -0.354687 0.427499 0.0357133 -0.351901 0.422544
0.00684157 -0.354795 0.427673 0.034737 -0.35201 0.422717
0.00586285 -0.354904 0.427847 0.0342489 -0.352064 0.422804
0.00488413 -0.355013 0.428021 0.0337607 -0.352118 0.422891
0.0039054 -0.355122 0.428195 0.031808 -0.352335 0.423238
0.00292668 -0.35523 0.428369 0.0308316 -0.352443 0.423412
0.00194795 -0.355339 0.428543 0.0298552 -0.352551 0.423586
0.000969231 -0.355448 0.428717 0.0288787 -0.35266 0.42376
-9.49216e-06 -0.355557 0.428891 0.0279022 -0.352768 0.423933
-0.000988216 -0.355665 0.429065 0.0269257 -0.352876 0.424107
-0.00196694 -0.355774 0.429239 0.0259491 -0.352985 0.424281
-0.00294566 -0.355883 0.429413 0.0249725 -0.353093 0.424455
-0.00392439 -0.355992 0.429587 0.0239959 -0.353202 0.424629
-0.00490311 -0.3561 0.429761 0.0230191 -0.35331 0.424802
-0.00588183 -0.356209 0.429935 0.0220424 -0.353418 0.424976
-0.00686056 -0.356318 0.430109 0.0210656 -0.353527 0.42515
-0.00783928 -0.356427 0.430283 0.0200887 -0.353635 0.425324
-0.008818 -0.356535 0.430457 0.0191118 -0.353744 0.425498
-0.00979673 -0.356644 0.430631 0.0181348 -0.353852 0.425672
-0.0107755 -0.356753 0.430805 0.0171578 -0.353961 0.425846
-0.0117542 -0.356862 0.430979 0.0161808 -0.354069 0.42602
-0.0127329 -0.35697 0.431153 0.0152038 -0.354178 0.426194
-0.0137116 -0.357079 0.431327 0.0142267 -0.354286 0.426368
-0.0146903 -0.357188 0.431501 0.0132496 -0.354394 0.426542
-0.0156691 -0.357297 0.431675 0.0127611 -0.354449 0.426629
-0.0166478 -0.357405 0.431848 0.0112954 -0.354611 0.42689
-0.0176265 -0.357514 0.432022 0.0103182 -0.35472 0.427063
-0.0186052 -0.357623 0.432196 0.00934102 -0.354828 0.427238
-0.019584 -0.357732 0.43237 0.00836375 -0.354937 0.427412
-0.0205627 -0.35784 0.432544 0.00738645 -0.355045 0.427586
-0.0215414 -0.357949 0.432718 0.00640911 -0.355154 0.42776
-0.0225201 -0.358058 0.432892 0.00543175 -0.355262 0.427934
-0.0234989 -0.358167 0.433066 0.00445435 -0.355371 0.428108
-0.0244776 -0.358275 0.43324 0.00347693 -0.355479 0.428282
-0.0254563 -0.358384 0.433414 0.00249948 -0.355588 0.428456
-0.026435 -0.358493 0.433588 0.00152199 -0.355696 0.42863
-0.0274138 -0.358602 0.433762 0.000544481 -0.355804 0.428804
-0.0283925 -0.35871 0.433936 -0.000433055 -0.355913 0.428978
-0.0293712 -0.358819 0.43411 -0.00141062 -0.356021 0.429152
-0.0303499 -0.358928 0.434284 -0.0023882 -0.35613 0.429326
-0.0313286 -0.359037 0.434458 -0.0033658 -0.356238 0.429501
-0.0323074 -0.359145 0.434632 -0.00434342 -0.356347 0.429675
-0.0332861 -0.359254 0.434806 -0.00532106 -0.356455 0.429849
-0.0342648 -0.359363 0.43498 -0.00629872 -0.356564 0.430023
-0.0352435 -0.359472 0.435154 -0.00727639 -0.356672 0.430197
-0.0362223 -0.35958 0.435328 -0.00825408 -0.356781 0.430371
-0.037201 -0.359689 0.435502 -0.00923178 -0.356889 0.430546
-0.0381797 -0.359798 0.435676 -0.0102095 -0.356998 0.43072
-0.0391584 -0.359906 0.43585 -0.0111872 -0.357106 0.430894
-0.0401372 -0.360015 0.436024 -0.0121649 -0.357215 0.431068
-0.0411159 -0.360124 0.436198 -0.0131427 -0.357323 0.431242
-0.0420946 -0.360233 0.436372 -0.0141204 -0.357432 0.431417
-0.0430733 -0.360341 0.436546 -0.0150978 -0.35754 0.431591
-0.0440521 -0.36045 0.43672 -0.0160751 -0.357649 0.431765
-0.0450308 -0.360559 0.436894 -0.0170524 -0.357757 0.431939
-0.0460095 -0.360668 0.437068 -0.0180297 -0.357865 0.432113
-0.0469882 -0.360776 0.437242 -0.019007 -0.357974 0.432288
-0.0479669 -0.360885 0.437416 -0.0199844 -0.358082 0.432462
-0.0489457 -0.360994 0.43759 -0.0209619 -0.358191 0.432636
-0.0499244 -0.361103 0.437764 -0.0219392 -0.358299 0.43281
-0.0509031 -0.361211 0.437938 -0.022916 -0.358407 0.432984
-0.0518818 -0.36132 0.438112 -0.0238923 -0.358516 0.433158
-0.0528606 -0.361429 0.438286 -0.0248684 -0.358624 0.433332
-0.0538393 -0.361538 0.43846 -0.0258443 -0.358732 0.433506
-0.054818 -0.361646 0.438634 -0.02682 -0.35884 0.43368
-0.0557967 -0.361755 0.438808 -0.0282831 -0.359002 0.433941
-0.0567755 -0.361864 0.438982 -0.0292583 -0.35911 0.434115
-0.0577542 -0.361973 0.439156 -0.0297457 -0.359164 0.434202
-0.0587329 -0.362081 0.43933 -0.0307196 -0.359272 0.434375
-0.0597116 -0.36219 0.439504 -0.032179 -0.359434 0.434635
-0.0606904 -0.362299 0.439678 -0.0326656 -0.359488 0.434722
-0.0616691 -0.362408 0.439852 -0.0331522 -0.359541 0.434809
-0.0626478 -0.362516 0.440026 -0.0350983 -0.359757 0.435156
-0.0636265 -0.362625 0.4402 -0.0360717 -0.359865 0.435329
-0.0646052 -0.362734 0.440374 -0.0370456 -0.359973 0.435503
-0.065584 -0.362843 0.440548 -0.0380198 -0.360081 0.435676
-0.0665627 -0.362951 0.440722 -0.0389938 -0.360189 0.43585
-0.0675414 -0.36306 0.440896 -0.0394807 -0.360243 0.435937
-0.0685201 -0.363169 0.44107 -0.0404547 -0.360351 0.436111
-0.0694989 -0.363278 0.441244 -0.0419158 -0.360513 0.436371
-0.0704776 -0.363386 0.441418 -0.042403 -0.360567 0.436458
-0.0714563 -0.363495 0.441592 -0.0433773 -0.360675 0.436632
-0.072435 -0.363604 0.441766 -0.0443515 -0.360783 0.436805
-0.0734138 -0.363713 0.44194 -0.0458127 -0.360945 0.437066
-0.0743925 -0.363821 0.442114 -0.0462999 -0.360999 0.437153
-0.0753712 -0.36393 0.442288 -0.0477618 -0.361161 0.437414
-0.0763499 -0.364039 0.442462 -0.0487368 -0.36127 0.437587
-0.0773286 -0.364148 0.442636 -0.0497122 -0.361378 0.437761
-0.0783074 -0.364256 0.44281 -0.0511747 -0.36154 0.438022
-0.0792861 -0.364365 0.442984 -0.0521469 -0.361648 0.438196
-0.0802648 -0.364474 0.443158 -0.0531158 -0.361755 0.438368
-0.0812435 -0.364583 0.443332 -0.0535992 -0.361808 0.438454
-0.0822223 -0.364691 0.443506 -0.0550457 -0.361968 0.438712
-0.083201 -0.3648 0.44368 -0.0555268 -0.362021 0.438798
-0.0841797 -0.364909 0.443854 -0.0569672 -0.36218 0.439055
-0.0851584 -0.365018 0.444028 -0.0574465 -0.362233 0.43914
-0.0861372 -0.365126 0.444202 -0.0584042 -0.362338 0.439311
-0.0871159 -0.365235 0.444376 -0.0593607 -0.362443 0.439481
-0.0880946 -0.365344 0.44455 -0.0603164 -0.362548 0.439652
-0.0890733 -0.365453 0.444724 -0.0612713 -0.362654 0.439822
-0.0900521 -0.365561 0.444898 -0.0622257 -0.362759 0.439992
-0.0910308 -0.36567 0.445072 -0.0631797 -0.362864 0.440162
-0.0920095 -0.365779 0.445246 -0.0641335 -0.362969 0.440332
-0.0929882 -0.365888 0.44542 -0.0650872 -0.363074 0.440502
-0.0939669 -0.365996 0.445594 -0.0660409 -0.36318 0.440672
-0.0949457 -0.366105 0.445768 -0.0669948 -0.363285 0.440842
-0.0959244 -0.366214 0.445942 -0.0679489 -0.36339 0.441012
-0.0969031 -0.366323 0.446116 -0.0689034 -0.363496 0.441182
-0.0978818 -0.366431 0.44629 -0.0698582 -0.363602 0.441353
-0.0988606 -0.36654 0.446464 -0.0708135 -0.363707 0.441523
-0.0998393 -0.366649 0.446638 -0.0717693 -0.363813 0.441693
-0.100818 -0.366758 0.446812 -0.0727256 -0.363919 0.441864
-0.101797 -0.366866 0.446986 -0.0736825 -0.364025 0.442035
-0.102775 -0.366975 0.44716 -0.0746403 -0.364132 0.442205
-0.103754 -0.367084 0.447334 -0.0755994 -0.364238 0.442377
-0.104733 -0.367193 0.447508 -0.0765594 -0.364345 0.442548
-0.105712 -0.367301 0.447682 -0.0775201 -0.364452 0.442719
-0.10669 -0.36741 0.447856 -0.0784815 -0.364559 0.442891
-0.107669 -0.367519 0.44803 -0.0794438 -0.364666 0.443062
-0.108648 -0.367628 0.448204 -0.0804068 -0.364773 0.443234
-0.109627 -0.367736 0.448378 -0.08137 -0.36488 0.443406
-0.110605 -0.367845 0.448552 -0.0823321 -0.364987 0.443578
-0.111584 -0.367954 0.448726 -0.0832919 -0.365094 0.443749
-0.112563 -0.368063 0.4489 -0.0842512 -0.3652 0.44392
-0.113541 -0.368171 0.449074 -0.0852114 -0.365307 0.444091
-0.11452 -0.36828 0.449248 -0.0861729 -0.365414 0.444263
-0.115499 -0.368389 0.449422 -0.0871355 -0.365521 0.444435
-0.116478 -0.368498 0.449596 -0.0880997 -0.365628 0.444607
-0.117456 -0.368606 0.44977 -0.089066 -0.365736 0.444779
-0.118435 -0.368715 0.449944 -0.090035 -0.365844 0.444952
-0.119414 -0.368824 0.450118 -0.091007 -0.365952 0.445126
-0.120392 -0.368932 0.450292 -0.091982 -0.366062 0.4453
-0.121371 -0.369041 0.450466 -0.0929594 -0.366171 0.445475
-0.12235 -0.36915 0.45064 -0.0939382 -0.366281 0.445649
-0.123329 -0.369259 0.450814 -0.0949171 -0.36639 0.445824
-0.124307 -0.369367 0.450988 -0.0958957 -0.3665 0.445999
-0.125286 -0.369476 0.451162 -0.0968737 -0.366609 0.446174
-0.126265 -0.369585 0.451336 -0.0978512 -0.366718 0.446348
-0.127244 -0.369694 0.45151 -0.0988283 -0.366827 0.446522
-0.128222 -0.369802 0.451684 -0.0993167 -0.366881 0.44661
-0.129201 -0.369911 0.451858 -0.100781 -0.367044 0.446871
-0.13018 -0.37002 0.452032 -0.101759 -0.367153 0.447045
-0.131158 -0.370129 0.452206 -0.102737 -0.367262 0.44722
-0.132137 -0.370237 0.45238 -0.103716 -0.367371 0.447395
-0.133116 -0.370346 0.452554 -0.104695 -0.36748 0.447569
-0.134095 -0.370455 0.452728 -0.105674 -0.367589 0.447744
-0.135073 -0.370564 0.452902 -0.106656 -0.367699 0.447919
-0.136052 -0.370672 0.453076 -0.107147 -0.367754 0.448007
-0.137031 -0.370781 0.45325 -0.108623 -0.367918 0.448271
-0.13801 -0.37089 0.453424 -0.109607 -0.368028 0.448446
-0.138988 -0.370999 0.453598 -0.11059 -0.368137 0.448622
-0.139967 -0.371107 0.453772 -0.111573 -0.368247 0.448797
-0.140946 -0.371216 0.453946 -0.112558 -0.368356 0.448973
-0.141924 -0.371325 0.45412 -0.113544 -0.368466 0.449149
-0.142903 -0.371434 0.454294 -0.114532 -0.368576 0.449325
-0.143882 -0.371542 0.454468 -0.115519 -0.368686 0.449502
-0.144861 -0.371651 0.454642 -0.116504 -0.368796 0.449677
-0.145839 -0.37176 0.454816 -0.117488 -0.368905 0.449853
-0.146818 -0.371869 0.45499 -0.11847 -0.369014 0.450028
-0.147797 -0.371977 0.455164 -0.119451 -0.369123 0.450203
-0.148775 -0.372086 0.455338 -0.120431 -0.369232 0.450378
-0.149754 -0.372195 0.455512 -0.121409 -0.36934 0.450552
-0.150733 -0.372304 0.455686 -0.122387 -0.369448 0.450727
-0.151712 -0.372412 0.45586 -0.123364 -0.369556 0.450901
-0.15269 -0.372521 0.456034 -0.123852 -0.36961 0.450988
-0.153669 -0.37263 0.456208 -0.125317 -0.369772 0.451249
-0.154648 -0.372739 0.456382 -0.126292 -0.36988 0.451423
-0.155627 -0.372847 0.456556 -0.127268 -0.369988 0.451597
-0.156605 -0.372956 0.45673 -0.128244 -0.370096 0.451771
-0.157584 -0.373065 0.456904 -0.12922 -0.370204 0.451945
-0.158563 -0.373174 0.457078 -0.129707 -0.370258 0.452032
-0.159541 -0.373282 0.457252 -0.131171 -0.37042 0.452293
-0.16052 -0.373391 0.457426 -0.132147 -0.370528 0.452467
-0.161499 -0.3735 0.4576 -0.133125 -0.370637 0.452642
-0.162478 -0.373609 0.457774 -0.134105 -0.370746 0.452816
-0.163456 -0.373717 0.457948 -0.135084 -0.370854 0.452991
-0.164435 -0.373826 0.458122 -0.136062 -0.370963 0.453165
-0.165414 -0.373935 0.458296 -0.13704 -0.371071 0.45334
-0.166392 -0.374044 0.45847 -0.138017 -0.37118 0.453514
-0.167371 -0.374152 0.458644 -0.138993 -0.371288 0.453688
-0.16835 -0.374261 0.458818 -0.139969 -0.371396 0.453862
-0.169329 -0.37437 0.458992 -0.140944 -0.371504 0.454036
-0.170307 -0.374479 0.459166 -0.141919 -0.371612 0.45421
-0.171286 -0.374587 0.45934 -0.142894 -0.37172 0.454384
-0.172265 -0.374696 0.459514 -0.14387 -0.371828 0.454558
-0.173244 -0.374805 0.459688 -0.144845 -0.371936 0.454732
-0.174222 -0.374914 0.459862 -0.145821 -0.372044 0.454905
-0.175201 -0.375022 0.460036 -0.146796 -0.372152 0.455079
-0.17618 -0.375131 0.46021 -0.147772 -0.372261 0.455253
-0.177158 -0.37524 0.460384 -0.148747 -0.372369 0.455427
-0.178137 -0.375349 0.460558 -0.149723 -0.372477 0.455601
-0.179116 -0.375457 0.460732 -0.1507 -0.372586 0.455776
-0.180095 -0.375566 0.460906 -0.151676 -0.372694 0.45595
-0.181073 -0.375675 0.46108 -0.152652 -0.372802 0.456124
-0.182052 -0.375784 0.461254 -0.153628 -0.37291 0.456298
-0.183031 -0.375892 0.461428 -0.154603 -0.373019 0.456472
-0.18401 -0.376001 0.461602 -0.155579 -0.373127 0.456646
-0.184988 -0.37611 0.461776 -0.156554 -0.373235 0.456819
-0.185967 -0.376219 0.46195 -0.157528 -0.373343 0.456993
-0.186946 -0.376327 0.462124 -0.158503 -0.373451 0.457167
-0.187924 -0.376436 0.462298 -0.15899 -0.373505 0.457254
-0.188903 -0.376545 0.462472 -0.160452 -0.373667 0.457515
-0.189882 -0.376654 0.462646 -0.161915 -0.37383 0.457775
-0.190861 -0.376762 0.46282 -0.162403 -0.373884 0.457862
-0.191839 -0.376871 0.462994 -0.16338 -0.373992 0.458037
-0.192818 -0.37698 0.463168 -0.164357 -0.374101 0.458211
-0.193797 -0.377089 0.463342 -0.165824 -0.374264 0.458472
-0.194775 -0.377197 0.463516 -0.166801 -0.374372 0.458647
-0.195754 -0.377306 0.46369 -0.16729 -0.374427 0.458734
-0.196733 -0.377415 0.463864 -0.168267 -0.374535 0.458908
-0.197712 -0.377524 0.464038 -0.169735 -0.374698 0.45917
-0.19869 -0.377632 0.464212 -0.170714 -0.374807 0.459345
-0.199669 -0.377741 0.464386 -0.171203 -0.374862 0.459432
-0.200648 -0.37785 0.46456 -0.172671 -0.375025 0.459694
-0.201627 -0.377959 0.464734 -0.173649 -0.375133 0.459868
-0.202605 -0.378067 0.464908 -0.174138 -0.375188 0.459955
-0.203584 -0.378176 0.465082 -0.175115 -0.375296 0.46013
-0.204563 -0.378285 0.465256 -0.176092 -0.375405 0.460304
-0.205541 -0.378393 0.46543 -0.177558 -0.375567 0.460565
-0.20652 -0.378502 0.465604 -0.178046 -0.375621 0.460652
-0.207499 -0.378611 0.465778 -0.179023 -0.37573 0.460826
-0.208478 -0.37872 0.465952 -0.180488 -0.375892 0.461087
-0.209456 -0.378828 0.466126 -0.181464 -0.376001 0.461261
-0.210435 -0.378937 0.4663 -0.181952 -0.376055 0.461348
-0.211414 -0.379046 0.466474 -0.183417 -0.376217 0.46161
-0.212392 -0.379155 0.466648 -0.184393 -0.376326 0.461784
-0.213371 -0.379263 0.466822 -0.18537 -0.376434 0.461958
-0.21435 -0.379372 0.466996 -0.185858 -0.376488 0.462045
-0.215329 -0.379481 0.46717 -0.186834 -0.376596 0.462219
-0.216307 -0.37959 0.467344 -0.187811 -0.376705 0.462393
-0.217286 -0.379698 0.467518 -0.188299 -0.376759 0.46248
-0.218265 -0.379807 0.467692 -0.190251 -0.376976 0.462828
-0.219244 -0.379916 0.467866 -0.191228 -0.377084 0.463002
-0.220222 -0.380025 0.46804 -0.191716 -0.377138 0.463089
-0.221201 -0.380133 0.468214 -0.192693 -0.377247 0.463263
-0.22218 -0.380242 0.468388 -0.19367 -0.377355 0.463437
-0.223158 -0.380351 0.468562 -0.194647 -0.377464 0.463611
-0.224137 -0.38046 0.468735 -0.195624 -0.377572 0.463786
-0.225116 -0.380568 0.468909 -0.196601 -0.377681 0.46396
-0.226095 -0.380677 0.469083 -0.198067 -0.377843 0.464221
-0.227073 -0.380786 0.469257 -0.199044 -0.377952 0.464395
-0.228052 -0.380895 0.469431 -0.200021 -0.37806 0.464569
-0.229031 -0.381003 0.469605 -0.200998 -0.378169 0.464743
-0.23001 -0.381112 0.469779 -0.201486 -0.378223 0.46483
-0.230988 -0.381221 0.469953 -0.202463 -0.378331 0.465005
-0.231967 -0.38133 0.470127 -0.203929 -0.378494 0.465266
-0.232946 -0.381438 0.470301 -0.204906 -0.378602 0.46544
-0.233924 -0.381547 0.470475 -0.205883 -0.378711 0.465614
-0.234903 -0.381656 0.470649 -0.206861 -0.378819 0.465788
-0.235882 -0.381765 0.470823 -0.207349 -0.378874 0.465876
-0.236861 -0.381873 0.470997 -0.208327 -0.378982 0.46605
-0.237839 -0.381982 0.471171 -0.209794 -0.379145 0.466311
-0.238818 -0.382091 0.471345 -0.210772 -0.379254 0.466486
-0.239797 -0.3822 0.471519 -0.211261 -0.379308 0.466573
-0.240775 -0.382308 0.471693 -0.212239 -0.379417 0.466747
-0.241754 -0.382417 0.471867 -0.213217 -0.379525 0.466921
-0.242733 -0.382526 0.472041 -0.214195 -0.379634 0.467096
-0.243712 -0.382635 0.472215 -0.215174 -0.379742 0.46727
-0.24469 -0.382743 0.472389 -0.216153 -0.379851 0.467445
-0.245669 -0.382852 0.472563 -0.217132 -0.37996 0.467619
-0.246648 -0.382961 0.472737 -0.218111 -0.380069 0.467794
-0.247627 -0.38307 0.472911 -0.21958 -0.380232 0.468056
-0.248605 -0.383178 0.473085 -0.22007 -0.380286 0.468143
-0.249584 -0.383287 0.473259 -0.221049 -0.380395 0.468318
-0.250563 -0.383396 0.473433 -0.222029 -0.380504 0.468492
-0.251541 -0.383505 0.473607 -0.223009 -0.380613 0.468667
-0.25252 -0.383613 0.473781 -0.223988 -0.380722 0.468841
-0.253499 -0.383722 0.473955 -0.224968 -0.38083 0.469016
-0.254478 -0.383831 0.474129 -0.225947 -0.380939 0.46919
-0.255456 -0.38394 0.474303 -0.226926 -0.381048 0.469365
-0.256435 -0.384048 0.474477 -0.227905 -0.381156 0.469539
-0.257414 -0.384157 0.474651 -0.228884 -0.381265 0.469714
-0.258392 -0.384266 0.474825 -0.229863 -0.381374 0.469888
-0.259371 -0.384375 0.474999 -0.230843 -0.381483 0.470063
-0.26035 -0.384483 0.475173 -0.231822 -0.381591 0.470237
-0.261329 -0.384592 0.475347 -0.232801 -0.3817 0.470412
-0.262307 -0.384701 0.475521 -0.23378 -0.381808 0.470586
-0.263286 -0.38481 0.475695 -0.234758 -0.381917 0.470761
-0.264265 -0.384918 0.475869 -0.235737 -0.382026 0.470935
-0.265244 -0.385027 0.476043 -0.236715 -0.382134 0.471109
-0.266222 -0.385136 0.476217 -0.237693 -0.382243 0.471283
-0.267201 -0.385245 0.476391 -0.238672 -0.382351 0.471458
-0.26818 -0.385353 0.476565 -0.23965 -0.38246 0.471632
-0.269158 -0.385462 0.476739 -0.240628 -0.382568 0.471806
-0.270137 -0.385571 0.476913 -0.241606 -0.382677 0.471981
-0.271116 -0.38568 0.477087 -0.242584 -0.382785 0.472155
-0.272095 -0.385788 0.477261 -0.243562 -0.382894 0.472329
-0.273073 -0.385897 0.477435 -0.24454 -0.383002 0.472503
-0.274052 -0.386006 0.477609 -0.245518 -0.383111 0.472677
-0.275031 -0.386115 0.477783 -0.246496 -0.383219 0.472852
-0.27601 -0.386223 0.477957 -0.247474 -0.383328 0.473026
-0.276988 -0.386332 0.478131 -0.248452 -0.383436 0.4732
-0.277967 -0.386441 0.478305 -0.249431 -0.383545 0.473374
-0.278946 -0.38655 0.478479 -0.250409 -0.383654 0.473549
-0.279924 -0.386658 0.478653 -0.251386 -0.383762 0.473723
-0.280903 -0.386767 0.478827 -0.252362 -0.38387 0.473896
-0.281882 -0.386876 0.479001 -0.253334 -0.383978 0.474069
-0.282861 -0.386985 0.479175 -0.254305 -0.384085 0.474242
-0.283839 -0.387093 0.479349 -0.255276 -0.384192 0.474415
-0.284818 -0.387202 0.479523 -0.256248 -0.3843 0.474588
-0.285797 -0.387311 0.479697 -0.257221 -0.384408 0.474761
-0.286775 -0.387419 0.479871 -0.258195 -0.384516 0.474935
-0.287754 -0.387528 0.480045 -0.25917 -0.384624 0.475108
-0.288733 -0.387637 0.480219 -0.260147 -0.384733 0.475282
-0.289712 -0.387746 0.480393 -0.261127 -0.384842 0.475457
-0.29069 -0.387854 0.480567 -0.262109 -0.384951 0.475632
-0.291669 -0.387963 0.480741 -0.263091 -0.38506 0.475807
-0.292648 -0.388072 0.480915 -0.264072 -0.38517 0.475982
-0.293627 -0.388181 0.481089 -0.264563 -0.385224 0.47607
-0.294605 -0.388289 0.481263 -0.266035 -0.385388 0.476332
-0.295584 -0.388398 0.481437 -0.267016 -0.385497 0.476507
-0.296563 -0.388507 0.481611 -0.267999 -0.385606 0.476682
-0.297541 -0.388616 0.481785 -0.268985 -0.385716 0.476858
-0.29852 -0.388724 0.481959 -0.269972 -0.385826 0.477034
-0.299499 -0.388833 0.482133 -0.270959 -0.385936 0.47721
-0.300478 -0.388942 0.482307 -0.271944 -0.386046 0.477386
-0.301456 -0.389051 0.482481 -0.272929 -0.386156 0.477561
-0.302435 -0.389159 0.482655 -0.273913 -0.386265 0.477737
-0.303414 -0.389268 0.482829 -0.274896 -0.386374 0.477912
-0.304393 -0.389377 0.483003 -0.275879 -0.386483 0.478087
-0.305371 -0.389486 0.483177 -0.276861 -0.386592 0.478262
-0.30635 -0.389594 0.483351 -0.277842 -0.386701 0.478437
-0.307329 -0.389703 0.483525 -0.278823 -0.38681 0.478611
-0.308307 -0.389812 0.483699 -0.279804 -0.386919 0.478786
-0.309286 -0.389921 0.483873 -0.280784 -0.387028 0.47896
-0.310265 -0.390029 0.484047 -0.281764 -0.387136 0.479135
-0.311244 -0.390138 0.484221 -0.282744 -0.387245 0.479309
-0.312222 -0.390247 0.484395 -0.283723 -0.387354 0.479484
-0.313201 -0.390356 0.484569 -0.284703 -0.387462 0.479658
-0.31418 -0.390464 0.484743 -0.285192 -0.387516 0.479745
-0.315158 -0.390573 0.484917 -0.286661 -0.387679 0.480007
-0.316137 -0.390682 0.485091 -0.28764 -0.387788 0.480181
-0.317116 -0.390791 0.485265 -0.28813 -0.387842 0.480268
-0.318095 -0.390899 0.485439 -0.289597 -0.388005 0.480529
-0.319073 -0.391008 0.485613 -0.29057 -0.388112 0.480702
-0.320052 -0.391117 0.485787 -0.291542 -0.38822 0.480875
-0.321031 -0.391226 0.485961 -0.292514 -0.388327 0.481048
-0.32201 -0.391334 0.486135 -0.293487 -0.388435 0.481221
-0.322988 -0.391443 0.486309 -0.294461 -0.388543 0.481394
-0.323967 -0.391552 0.486483 -0.295437 -0.388651 0.481568
-0.324946 -0.391661 0.486657 -0.296412 -0.388759 0.481742
-0.325924 -0.391769 0.486831 -0.297389 -0.388868 0.481915
-0.326903 -0.391878 0.487005 -0.298366 -0.388976 0.482089
-0.327882 -0.391987 0.487179 -0.299344 -0.389085 0.482264
-0.328861 -0.392096 0.487353 -0.300322 -0.389193 0.482438
-0.329839 -0.392204 0.487527 -0.301302 -0.389302 0.482612
-0.330818 -0.392313 0.487701 -0.302282 -0.389411 0.482787
-0.331797 -0.392422 0.487875 -0.303263 -0.38952 0.482962
-0.332775 -0.392531 0.488049 -0.304243 -0.389629 0.483137
-0.333754 -0.392639 0.488223 -0.305224 -0.389738 0.483311
-0.334733 -0.392748 0.488397 -0.306206 -0.389848 0.483486
-0.335712 -0.392857 0.488571 -0.307187 -0.389957 0.483661
-0.33669 -0.392966 0.488745 -0.308168 -0.390066 0.483836
-0.337669 -0.393074 0.488919 -0.309149 -0.390175 0.484011
-0.338648 -0.393183 0.489093 -0.310131 -0.390284 0.484186
-0.339627 -0.393292 0.489267 -0.311114 -0.390393 0.484361
-0.340605 -0.393401 0.489441 -0.312097 -0.390503 0.484536
-0.341584 -0.393509 0.489615 -0.313079 -0.390612 0.484711
-0.342563 -0.393618 0.489789 -0.314062 -0.390721 0.484886
-0.343541 -0.393727 0.489963 -0.315043 -0.39083 0.485061
-0.34452 -0.393836 0.490137 -0.316024 -0.390939 0.485235
-0.345499 -0.393944 0.490311 -0.317006 -0.391048 0.48541
-0.346478 -0.394053 0.490485 -0.317988 -0.391157 0.485585
-0.347456 -0.394162 0.490659 -0.318969 -0.391266 0.48576
-0.348435 -0.394271 0.490833 -0.319951 -0.391375 0.485935
-0.349414 -0.394379 0.491007 -0.320932 -0.391484 0.486109
-0.350393 -0.394488 0.491181 -0.321912 -0.391593 0.486284
-0.351371 -0.394597 0.491355 -0.322892 -0.391702 0.486458
-0.35235 -0.394706 0.491529 -0.323872 -0.391811 0.486633
-0.353329 -0.394814 0.491703 -0.324851 -0.391919 0.486807
-0.354307 -0.394923 0.491877 -0.325831 -0.392028 0.486981
-0.355286 -0.395032 0.492051 -0.32681 -0.392137 0.487156
-0.356265 -0.395141 0.492225 -0.327789 -0.392245 0.48733
-0.357244 -0.395249 0.492399 -0.328768 -0.392354 0.487504
-0.358222 -0.395358 0.492573 -0.329748 -0.392463 0.487679
-0.359201 -0.395467 0.492747 -0.330727 -0.392571 0.487853
-0.36018 -0.395576 0.492921 -0.331706 -0.39268 0.488027
-0.361158 -0.395684 0.493095 -0.332685 -0.392788 0.488201
-0.362137 -0.395793 0.493269 -0.333664 -0.392897 0.488376
-0.363116 -0.395902 0.493443 -0.334644 -0.393006 0.48855
-0.364095 -0.396011 0.493617 -0.335626 -0.393115 0.488725
-0.365073 -0.396119 0.493791 -0.336608 -0.393224 0.4889
-0.366052 -0.396228 0.493965 -0.33759 -0.393334 0.489075
-0.367031 -0.396337 0.494139 -0.338571 -0.393443 0.48925
-0.36801 -0.396446 0.494313 -0.339552 -0.393551 0.489424
-0.368988 -0.396554 0.494487 -0.340532 -0.39366 0.489599
-0.369967 -0.396663 0.494661 -0.341512 -0.393769 0.489773
-0.370946 -0.396772 0.494835 -0.342492 -0.393878 0.489948
-0.371924 -0.39688 0.495009 -0.343471 -0.393987 0.490122
-0.372903 -0.396989 0.495183 -0.344451 -0.394095 0.490296
-0.373882 -0.397098 0.495357 -0.345431 -0.394204 0.490471
-0.374861 -0.397207 0.495531 -0.346411 -0.394313 0.490645
-0.375839 -0.397315 0.495705 -0.347391 -0.394422 0.49082
-0.376818 -0.397424 0.495879 -0.348372 -0.394531 0.490995
-0.377797 -0.397533 0.496053 -0.349353 -0.39464 0.491169
-0.378775 -0.397642 0.496227 -0.350334 -0.394749 0.491344
-0.379754 -0.39775 0.496401 -0.351315 -0.394858 0.491519
-0.380733 -0.397859 0.496575 -0.352295 -0.394967 0.491693
-0.381712 -0.397968 0.496749 -0.353274 -0.395075 0.491867
-0.38269 -0.398077 0.496923 -0.354253 -0.395184 0.492042
-0.383669 -0.398185 0.497097 -0.355232 -0.395293 0.492216
-0.384648 -0.398294 0.497271 -0.35621 -0.395401 0.49239
-0.385627 -0.398403 0.497445 -0.357189 -0.39551 0.492564
-0.386605 -0.398512 0.497619 -0.358167 -0.395618 0.492738
-0.387584 -0.39862 0.497793 -0.359145 -0.395727 0.492912
-0.388563 -0.398729 0.497967 -0.360122 -0.395835 0.493086
-0.389541 -0.398838 0.498141 -0.3611 -0.395944 0.49326
-0.39052 -0.398947 0.498315 -0.362077 -0.396052 0.493434
-0.391499 -0.399055 0.498489 -0.363055 -0.396161 0.493608
-0.392478 -0.399164 0.498663 -0.364033 -0.39627 0.493782
-0.393456 -0.399273 0.498837 -0.36501 -0.396378 0.493956
-0.394435 -0.399382 0.499011 -0.365988 -0.396487 0.49413
-0.395414 -0.39949 0.499185 -0.366965 -0.396595 0.494304
-0.396393 -0.399599 0.499359 -0.367943 -0.396704 0.494478
-0.397371 -0.399708 0.499533 -0.36892 -0.396812 0.494652
-0.39835 -0.399817 0.499707 -0.369897 -0.396921 0.494826
-0.399329 -0.399925 0.499881 -0.370875 -0.397029 0.495
-0.400307 -0.400034 0.500055 -0.371852 -0.397138 0.495174
-0.399329 -0.399925 0.499881 -0.37283 -0.397246 0.495348
-0.400307 -0.400034 0.500055 -0.373807 -0.397355 0.495522
-0.399329 -0.399925 0.499881 -0.374785 -0.397464 0.495696
-0.400307 -0.400034 0.500055 -0.375761 -0.397572 0.49587
-0.399329 -0.399925 0.499881 -0.376734 -0.39768 0.496043
-0.400307 -0.400034 0.500055 -0.3777 -0.397787 0.496215
-0.399329 -0.399925 0.499881 -0.378657 -0.397892 0.496384
-0.400307 -0.400034 0.500055 -0.379601 -0.397995 0.496551
-0.399329 -0.399925 0.499881 -0.38053 -0.398096 0.496715
-0.400307 -0.400034 0.500055 -0.381442 -0.398194 0.496875
-0.399329 -0.399925 0.499881 -0.382333 -0.398289 0.497031
-0.400307 -0.400034 0.500055 -0.383201 -0.398381 0.497182
-0.399329 -0.399925 0.499881 -0.384045 -0.398469 0.497329
-0.400307 -0.400034 0.500055 -0.384863 -0.398554 0.49747
-0.399329 -0.399925 0.499881 -0.385656 -0.398635 0.497607
-0.400307 -0.400034 0.500055 -0.386423 -0.398713 0.497738
-0.399329 -0.399925 0.499881 -0.387165 -0.398788 0.497865
-0.400307 -0.400034 0.500055 -0.387882 -0.398859 0.497987
-0.399329 -0.399925 0.499881 -0.388573 -0.398928 0.498104
-0.400307 -0.400034 0.500055 -0.389239 -0.398993 0.498217
-0.399329 -0.399925 0.499881 -0.389879 -0.399056 0.498325
-0.400307 -0.400034 0.500055 -0.390493 -0.399115 0.498428
-0.399329 -0.399925 0.499881 -0.391081 -0.399171 0.498527
-0.400307 -0.400034 0.500055 -0.391644 -0.399225 0.498621
-0.399329 -0.399925 0.499881 -0.392182 -0.399276 0.49871
-0.400307 -0.400034 0.500055 -0.392693 -0.399324 0.498795
-0.399329 -0.399925 0.499881 -0.393179 -0.399369 0.498876
-0.400307 -0.400034 0.500055 -0.393638 -0.399412 0.498952
-0.399329 -0.399925 0.499881 -0.394073 -0.399452 0.499023
-0.400307 -0.400034 0.500055 -0.394483 -0.399489 0.499091
-0.399329 -0.399925 0.499881 -0.394871 -0.399524 0.499154
-0.400307 -0.400034 0.500055 -0.395237 -0.399557 0.499214
-0.399329 -0.399925 0.499881 -0.395583 -0.399588 0.499271
-0.400307 -0.400034 0.500055 -0.395911 -0.399618 0.499324
-0.399329 -0.399925 0.499881 -0.396221 -0.399646 0.499375
-0.400307 -0.400034 0.500055 -0.396512 -0.399672 0.499422
-0.399329 -0.399925 0.499881 -0.396785 -0.399696 0.499467
-0.400307 -0.400034 0.500055 -0.39704 -0.399719 0.499508
-0.399329 -0.399925 0.499881 -0.397278 -0.39974 0.499547
-0.400307 -0.400034 0.500055 -0.397501 -0.39976 0.499583
-0.399329 -0.399925 0.499881 -0.397711 -0.399779 0.499617
-0.400307 -0.400034 0.500055 -0.397908 -0.399797 0.49965
-0.399329 -0.399925 0.499881 -0.398094 -0.399813 0.49968
-0.400307 -0.400034 0.500055 -0.398269 -0.399829 0.499708
-0.399329 -0.399925 0.499881 -0.398432 -0.399844 0.499735
-0.400307 -0.400034 0.500055 -0.398585 -0.399857 0.49976
-0.399329 -0.399925 0.499881 -0.398728 -0.39987 0.499783
-0.400307 -0.400034 0.500055 -0.39886 -0.399882 0.499805
-0.399329 -0.399925 0.499881 -0.398981 -0.399893 0.499825
-0.400307 -0.400034 0.500055 -0.399092 -0.399903 0.499843
