-0.39835 -0.399817 0.499707 -0.399327 -0.399925 0.499881
-0.397371 -0.399708 0.499533 -0.399327 -0.399925 0.499881
-0.396393 -0.399599 0.499359 -0.399327 -0.399925 0.499881
-0.395414 -0.39949 0.499185 -0.399326 -0.399925 0.499881
-0.394435 -0.399382 0.499011 -0.399321 -0.399925 0.49988
-0.393456 -0.399273 0.498837 -0.399311 -0.399924 0.499878
-0.392478 -0.399164 0.498663 -0.399293 -0.399922 0.499875
-0.391499 -0.399055 0.498489 -0.399263 -0.399918 0.49987
-0.39052 -0.398947 0.498315 -0.399219 -0.399914 0.499862
-0.389541 -0.398838 0.498141 -0.399156 -0.399907 0.499851
-0.388563 -0.398729 0.497967 -0.399072 -0.399898 0.499836
-0.387584 -0.39862 0.497793 -0.398964 -0.399887 0.499818
-0.386605 -0.398512 0.497619 -0.398832 -0.399873 0.499795
-0.385627 -0.398403 0.497445 -0.398757 -0.399865 0.499782
-0.384648 -0.398294 0.497271 -0.398495 -0.399838 0.499737
-0.383669 -0.398185 0.497097 -0.398288 -0.399817 0.499701
-0.38269 -0.398077 0.496923 -0.398055 -0.399793 0.499661
-0.381712 -0.397968 0.496749 -0.397928 -0.39978 0.499639
-0.380733 -0.397859 0.496575 -0.397508 -0.399738 0.499568
-0.379754 -0.39775 0.496401 -0.397195 -0.399706 0.499514
-0.378775 -0.397642 0.496227 -0.396855 -0.399672 0.499456
-0.377797 -0.397533 0.496053 -0.396488 -0.399635 0.499394
-0.376818 -0.397424 0.495879 -0.395887 -0.399575 0.499291
-0.375839 -0.397315 0.495705 -0.395674 -0.399553 0.499255
-0.374861 -0.397207 0.495531 -0.395229 -0.399509 0.499179
-0.373882 -0.397098 0.495357 -0.394997 -0.399486 0.49914
-0.372903 -0.396989 0.495183 -0.394007 -0.399387 0.498972
-0.371924 -0.39688 0.495009 -0.393481 -0.399335 0.498882
-0.370946 -0.396772 0.494835 -0.392934 -0.39928 0.498789
-0.369967 -0.396663 0.494661 -0.392652 -0.399252 0.498741
-0.368988 -0.396554 0.494487 -0.390549 -0.39904 0.498383
-0.36801 -0.396446 0.494313 -0.389942 -0.398978 0.498278
-0.367031 -0.396337 0.494139 -0.389343 -0.398915 0.498175
-0.366052 -0.396228 0.493965 -0.388749 -0.398852 0.498071
-0.365073 -0.396119 0.493791 -0.388163 -0.398789 0.497969
-0.364095 -0.396011 0.493617 -0.387583 -0.398726 0.497866
-0.363116 -0.395902 0.493443 -0.387009 -0.398663 0.497765
-0.362137 -0.395793 0.493269 -0.386442 -0.3986 0.497664
-0.361158 -0.395684 0.493095 -0.385882 -0.398536 0.497564
-0.36018 -0.395576 0.492921 -0.385328 -0.398473 0.497464
-0.359201 -0.395467 0.492747 -0.384781 -0.398409 0.497365
-0.358222 -0.395358 0.492573 -0.38424 -0.398346 0.497266
-0.357244 -0.395249 0.492399 -0.383706 -0.398282 0.497169
-0.356265 -0.395141 0.492225 -0.383178 -0.398219 0.497072
-0.355286 -0.395032 0.492051 -0.382657 -0.398156 0.496976
-0.354307 -0.394923 0.491877 -0.382143 -0.398093 0.49688
-0.353329 -0.394814 0.491703 -0.381634 -0.39803 0.496785
-0.35235 -0.394706 0.491529 -0.381133 -0.397967 0.496691
-0.351371 -0.394597 0.491355 -0.380638 -0.397904 0.496598
-0.350393 -0.394488 0.491181 -0.380149 -0.397842 0.496505
-0.349414 -0.394379 0.491007 -0.379666 -0.39778 0.496414
-0.348435 -0.394271 0.490833 -0.379191 -0.397718 0.496323
-0.347456 -0.394162 0.490659 -0.378721 -0.397656 0.496233
-0.346478 -0.394053 0.490485 -0.378258 -0.397594 0.496144
-0.345499 -0.393944 0.490311 -0.377801 -0.397533 0.496055
-0.34452 -0.393836 0.490137 -0.377351 -0.397473 0.495968
-0.343541 -0.393727 0.489963 -0.376907 -0.397412 0.495881
-0.342563 -0.393618 0.489789 -0.37647 -0.397352 0.495796
-0.341584 -0.393509 0.489615 -0.376039 -0.397293 0.495711
-0.340605 -0.393401 0.489441 -0.375614 -0.397233 0.495627
-0.339627 -0.393292 0.489267 -0.375196 -0.397175 0.495544
-0.338648 -0.393183 0.489093 -0.374784 -0.397116 0.495462
-0.337669 -0.393074 0.488919 -0.374378 -0.397058 0.495381
-0.33669 -0.392966 0.488745 -0.373979 -0.397001 0.495301
-0.335712 -0.392857 0.488571 -0.373586 -0.396944 0.495222
-0.334733 -0.392748 0.488397 -0.373199 -0.396888 0.495144
-0.333754 -0.392639 0.488223 -0.372819 -0.396832 0.495067
-0.332775 -0.392531 0.488049 -0.372444 -0.396777 0.494991
-0.331797 -0.392422 0.487875 -0.372077 -0.396722 0.494916
-0.330818 -0.392313 0.487701 -0.371715 -0.396668 0.494842
-0.329839 -0.392204 0.487527 -0.37136 -0.396615 0.49477
-0.328861 -0.392096 0.487353 -0.371011 -0.396562 0.494698
-0.327882 -0.391987 0.487179 -0.370668 -0.39651 0.494627
-0.326903 -0.391878 0.487005 -0.370332 -0.396458 0.494557
-0.325924 -0.391769 0.486831 -0.370002 -0.396408 0.494489
-0.324946 -0.391661 0.486657 -0.369678 -0.396357 0.494421
-0.323967 -0.391552 0.486483 -0.36936 -0.396308 0.494355
-0.322988 -0.391443 0.486309 -0.369048 -0.396259 0.49429
-0.32201 -0.391334 0.486135 -0.368743 -0.396211 0.494225
-0.321031 -0.391226 0.485961 -0.368444 -0.396164 0.494162
-0.320052 -0.391117 0.485787 -0.368151 -0.396117 0.494101
-0.319073 -0.391008 0.485613 -0.367865 -0.396072 0.49404
-0.318095 -0.390899 0.485439 -0.367584 -0.396027 0.49398
-0.317116 -0.390791 0.485265 -0.36731 -0.395983 0.493922
-0.316137 -0.390682 0.485091 -0.367042 -0.395939 0.493865
-0.315158 -0.390573 0.484917 -0.36678 -0.395897 0.493809
-0.31418 -0.390464 0.484743 -0.366524 -0.395855 0.493754
-0.313201 -0.390356 0.484569 -0.366274 -0.395814 0.4937
-0.312222 -0.390247 0.484395 -0.366031 -0.395774 0.493648
-0.311244 -0.390138 0.484221 -0.365794 -0.395735 0.493597
-0.310265 -0.390029 0.484047 -0.365563 -0.395697 0.493547
-0.309286 -0.389921 0.483873 -0.365338 -0.395659 0.493498
-0.308307 -0.389812 0.483699 -0.365119 -0.395623 0.493451
-0.307329 -0.389703 0.483525 -0.364906 -0.395587 0.493404
-0.30635 -0.389594 0.483351 -0.3647 -0.395553 0.493359
-0.305371 -0.389486 0.483177 -0.364499 -0.395519 0.493316
-0.304393 -0.389377 0.483003 -0.364305 -0.395486 0.493273
-0.303414 -0.389268 0.482829 -0.364117 -0.395454 0.493232
-0.302435 -0.389159 0.482655 -0.363934 -0.395423 0.493192
-0.301456 -0.389051 0.482481 -0.363758 -0.395393 0.493153
-0.300478 -0.388942 0.482307 -0.363589 -0.395364 0.493116
-0.299499 -0.388833 0.482133 -0.363425 -0.395336 0.49308
-0.29852 -0.388724 0.481959 -0.363267 -0.395309 0.493045
-0.297541 -0.388616 0.481785 -0.363115 -0.395283 0.493012
-0.296563 -0.388507 0.481611 -0.36297 -0.395258 0.49298
-0.295584 -0.388398 0.481437 -0.36283 -0.395234 0.492949
-0.294605 -0.388289 0.481263 -0.362697 -0.395211 0.492919
-0.293627 -0.388181 0.481089 -0.36257 -0.395188 0.492891
-0.292648 -0.388072 0.480915 -0.362448 -0.395167 0.492864
-0.291669 -0.387963 0.480741 -0.362333 -0.395147 0.492838
-0.29069 -0.387854 0.480567 -0.362224 -0.395128 0.492814
-0.289712 -0.387746 0.480393 -0.362121 -0.39511 0.492791
-0.288733 -0.387637 0.480219 -0.362024 -0.395093 0.492769
-0.287754 -0.387528 0.480045 -0.361933 -0.395077 0.492749
-0.286775 -0.387419 0.479871 -0.361849 -0.395063 0.49273
-0.285797 -0.387311 0.479697 -0.36177 -0.395049 0.492713
-0.284818 -0.387202 0.479523 -0.361697 -0.395036 0.492696
-0.283839 -0.387093 0.479349 -0.36163 -0.395024 0.492681
-0.282861 -0.386985 0.479175 -0.36157 -0.395013 0.492668
-0.281882 -0.386876 0.479001 -0.361515 -0.395004 0.492656
-0.280903 -0.386767 0.478827 -0.361467 -0.394995 0.492645
-0.279924 -0.386658 0.478653 -0.361424 -0.394988 0.492635
-0.278946 -0.38655 0.478479 -0.361388 -0.394981 0.492627
-0.277967 -0.386441 0.478305 -0.361357 -0.394976 0.49262
-0.276988 -0.386332 0.478131 -0.361333 -0.394972 0.492615
-0.27601 -0.386223 0.477957 -0.361315 -0.394968 0.492611
-0.275031 -0.386115 0.477783 -0.361303 -0.394966 0.492608
-0.274052 -0.386006 0.477609 -0.361296 -0.394965 0.492607
-0.273073 -0.385897 0.477435 -0.361296 -0.394965 0.492606
-0.272095 -0.385788 0.477261 -0.361214 -0.39497 0.4926
-0.271116 -0.38568 0.477087 -0.360856 -0.394978 0.492565
-0.270137 -0.385571 0.476913 -0.36018 -0.394986 0.492494
-0.269158 -0.385462 0.476739 -0.359188 -0.394992 0.492386
-0.26818 -0.385353 0.476565 -0.357889 -0.394995 0.492241
-0.267201 -0.385245 0.476391 -0.356318 -0.394993 0.492064
-0.266222 -0.385136 0.476217 -0.354511 -0.394983 0.491855
-0.265244 -0.385027 0.476043 -0.3525 -0.394963 0.491618
-0.264265 -0.384918 0.475869 -0.350314 -0.394931 0.491355
-0.263286 -0.38481 0.475695 -0.347982 -0.394887 0.491068
-0.262307 -0.384701 0.475521 -0.345527 -0.394827 0.490759
-0.261329 -0.384592 0.475347 -0.342972 -0.394751 0.49043
-0.26035 -0.384483 0.475173 -0.340337 -0.394659 0.490083
-0.259371 -0.384375 0.474999 -0.33764 -0.39455 0.48972
-0.258392 -0.384266 0.474825 -0.336273 -0.394488 0.489532
-0.257414 -0.384157 0.474651 -0.332125 -0.394279 0.48895
-0.256435 -0.384048 0.474477 -0.329334 -0.394119 0.488547
-0.255456 -0.38394 0.474303 -0.326536 -0.393942 0.488134
-0.254478 -0.383831 0.474129 -0.323742 -0.393749 0.487712
-0.253499 -0.383722 0.473955 -0.320961 -0.393543 0.487284
-0.25252 -0.383613 0.473781 -0.3182 -0.393322 0.486849
-0.251541 -0.383505 0.473607 -0.315466 -0.393089 0.486411
-0.250563 -0.383396 0.473433 -0.312764 -0.392845 0.485969
-0.249584 -0.383287 0.473259 -0.3101 -0.392591 0.485525
-0.248605 -0.383178 0.473085 -0.307477 -0.392327 0.48508
-0.247627 -0.38307 0.472911 -0.304898 -0.392056 0.484636
-0.246648 -0.382961 0.472737 -0.302366 -0.391779 0.484193
-0.245669 -0.382852 0.472563 -0.299884 -0.391496 0.483751
-0.24469 -0.382743 0.472389 -0.297452 -0.391208 0.483313
-0.243712 -0.382635 0.472215 -0.295072 -0.390918 0.482878
-0.242733 -0.382526 0.472041 -0.292745 -0.390625 0.482447
-0.241754 -0.382417 0.471867 -0.29047 -0.390331 0.482021
-0.240775 -0.382308 0.471693 -0.288249 -0.390036 0.4816
-0.239797 -0.3822 0.471519 -0.286081 -0.389742 0.481185
-0.238818 -0.382091 0.471345 -0.283964 -0.389449 0.480776
-0.237839 -0.381982 0.471171 -0.281899 -0.389158 0.480374
-0.236861 -0.381873 0.470997 -0.279885 -0.388869 0.479978
-0.235882 -0.381765 0.470823 -0.278897 -0.388725 0.479783
-0.234903 -0.381656 0.470649 -0.275067 -0.38816 0.47902
-0.233924 -0.381547 0.470475 -0.273224 -0.387883 0.478649
-0.232946 -0.381438 0.470301 -0.271429 -0.387611 0.478287
-0.231967 -0.38133 0.470127 -0.269681 -0.387343 0.477932
-0.230988 -0.381221 0.469953 -0.267977 -0.38708 0.477585
-0.23001 -0.381112 0.469779 -0.266314 -0.386823 0.477246
-0.229031 -0.381003 0.469605 -0.264693 -0.38657 0.476914
-0.228052 -0.380895 0.469431 -0.263112 -0.386324 0.476589
-0.227073 -0.380786 0.469257 -0.261569 -0.386082 0.476273
-0.226095 -0.380677 0.469083 -0.260063 -0.385846 0.475963
-0.225116 -0.380568 0.468909 -0.258592 -0.385616 0.475661
-0.224137 -0.38046 0.468735 -0.257154 -0.385391 0.475365
-0.223158 -0.380351 0.468562 -0.256447 -0.385281 0.47522
-0.22218 -0.380242 0.468388 -0.255056 -0.385064 0.474934
-0.221201 -0.380133 0.468214 -0.253023 -0.38475 0.474518
-0.220222 -0.380025 0.46804 -0.252358 -0.384647 0.474382
-0.219244 -0.379916 0.467866 -0.250402 -0.384348 0.473983
-0.218265 -0.379807 0.467692 -0.248497 -0.38406 0.473597
-0.217286 -0.379698 0.467518 -0.247254 -0.383873 0.473346
-0.216307 -0.37959 0.467344 -0.246032 -0.383692 0.4731
-0.215329 -0.379481 0.46717 -0.244829 -0.383515 0.472858
-0.21435 -0.379372 0.466996 -0.243644 -0.383342 0.472622
-0.213371 -0.379263 0.466822 -0.242475 -0.383173 0.472389
-0.212392 -0.379155 0.466648 -0.241323 -0.383008 0.472161
-0.211414 -0.379046 0.466474 -0.240185 -0.382847 0.471937
-0.210435 -0.378937 0.4663 -0.239061 -0.382689 0.471716
-0.209456 -0.378828 0.466126 -0.237949 -0.382535 0.471499
-0.208478 -0.37872 0.465952 -0.23685 -0.382384 0.471285
-0.207499 -0.378611 0.465778 -0.235762 -0.382237 0.471075
-0.20652 -0.378502 0.465604 -0.234684 -0.382092 0.470867
-0.205541 -0.378393 0.46543 -0.233616 -0.38195 0.470662
-0.204563 -0.378285 0.465256 -0.232556 -0.381811 0.47046
-0.203584 -0.378176 0.465082 -0.231504 -0.381674 0.47026
-0.202605 -0.378067 0.464908 -0.23046 -0.381539 0.470062
-0.201627 -0.377959 0.464734 -0.229423 -0.381407 0.469866
-0.200648 -0.37785 0.46456 -0.228393 -0.381277 0.469673
-0.199669 -0.377741 0.464386 -0.227368 -0.381149 0.469481
-0.19869 -0.377632 0.464212 -0.226348 -0.381022 0.469291
-0.197712 -0.377524 0.464038 -0.225333 -0.380898 0.469102
-0.196733 -0.377415 0.463864 -0.224323 -0.380774 0.468916
-0.195754 -0.377306 0.46369 -0.223317 -0.380653 0.46873
-0.194775 -0.377197 0.463516 -0.222816 -0.380593 0.468638
-0.193797 -0.377089 0.463342 -0.221816 -0.380473 0.468454
-0.192818 -0.37698 0.463168 -0.220819 -0.380355 0.468272
-0.191839 -0.376871 0.462994 -0.219826 -0.380238 0.46809
-0.190861 -0.376762 0.46282 -0.21834 -0.380064 0.46782
-0.189882 -0.376654 0.462646 -0.217353 -0.379949 0.467641
-0.188903 -0.376545 0.462472 -0.216368 -0.379835 0.467462
-0.187924 -0.376436 0.462298 -0.215385 -0.379722 0.467285
-0.186946 -0.376327 0.462124 -0.214894 -0.379666 0.467196
-0.185967 -0.376219 0.46195 -0.213914 -0.379554 0.467019
-0.184988 -0.37611 0.461776 -0.212935 -0.379443 0.466843
-0.18401 -0.376001 0.461602 -0.211469 -0.379278 0.46658
-0.183031 -0.375892 0.461428 -0.210492 -0.379168 0.466405
-0.182052 -0.375784 0.461254 -0.209517 -0.379058 0.466231
-0.181073 -0.375675 0.46108 -0.208542 -0.378949 0.466056
-0.180095 -0.375566 0.460906 -0.207569 -0.378841 0.465882
-0.179116 -0.375457 0.460732 -0.206595 -0.378733 0.465709
-0.178137 -0.375349 0.460558 -0.205622 -0.378625 0.465535
-0.177158 -0.37524 0.460384 -0.20465 -0.378517 0.465362
-0.17618 -0.375131 0.46021 -0.203678 -0.37841 0.465189
-0.175201 -0.375022 0.460036 -0.202706 -0.378302 0.465016
-0.174222 -0.374914 0.459862 -0.20222 -0.378249 0.46493
-0.173244 -0.374805 0.459688 -0.201247 -0.378142 0.464757
-0.172265 -0.374696 0.459514 -0.200274 -0.378035 0.464584
-0.171286 -0.374587 0.45934 -0.199301 -0.377928 0.464411
-0.170307 -0.374479 0.459166 -0.198329 -0.377821 0.464239
-0.169329 -0.37437 0.458992 -0.197356 -0.377714 0.464066
-0.16835 -0.374261 0.458818 -0.196384 -0.377608 0.463894
-0.167371 -0.374152 0.458644 -0.195898 -0.377555 0.463808
-0.166392 -0.374044 0.45847 -0.194439 -0.377395 0.463549
-0.165414 -0.373935 0.458296 -0.193467 -0.377288 0.463376
-0.164435 -0.373826 0.458122 -0.192497 -0.377182 0.463204
-0.163456 -0.373717 0.457948 -0.191529 -0.377076 0.463033
-0.162478 -0.373609 0.457774 -0.190562 -0.37697 0.462861
-0.161499 -0.3735 0.4576 -0.189592 -0.376863 0.462689
-0.16052 -0.373391 0.457426 -0.18862 -0.376757 0.462517
-0.159541 -0.373282 0.457252 -0.187647 -0.376651 0.462344
-0.158563 -0.373174 0.457078 -0.186673 -0.376544 0.462172
-0.157584 -0.373065 0.456904 -0.185698 -0.376437 0.461999
-0.156605 -0.372956 0.45673 -0.184722 -0.376331 0.461826
-0.155627 -0.372847 0.456556 -0.183746 -0.376224 0.461653
-0.154648 -0.372739 0.456382 -0.182769 -0.376117 0.461479
-0.153669 -0.37263 0.456208 -0.181791 -0.37601 0.461306
-0.15269 -0.372521 0.456034 -0.180812 -0.375903 0.461132
-0.151712 -0.372412 0.45586 -0.179834 -0.375796 0.460959
-0.150733 -0.372304 0.455686 -0.178856 -0.375689 0.460785
-0.149754 -0.372195 0.455512 -0.177879 -0.375581 0.460612
-0.148775 -0.372086 0.455338 -0.176901 -0.375474 0.460438
-0.147797 -0.371977 0.455164 -0.176413 -0.375421 0.460352
-0.146818 -0.371869 0.45499 -0.174457 -0.375206 0.460004
-0.145839 -0.37176 0.454816 -0.173967 -0.375152 0.459917
-0.144861 -0.371651 0.454642 -0.172988 -0.375044 0.459743
-0.143882 -0.371542 0.454468 -0.172008 -0.374937 0.459569
-0.142903 -0.371434 0.454294 -0.171028 -0.374829 0.459395
-0.141924 -0.371325 0.45412 -0.170048 -0.374721 0.459221
-0.140946 -0.371216 0.453946 -0.169069 -0.374613 0.459047
-0.139967 -0.371107 0.453772 -0.168089 -0.374505 0.458873
-0.138988 -0.370999 0.453598 -0.167109 -0.374397 0.458699
-0.13801 -0.37089 0.453424 -0.16613 -0.374289 0.458524
-0.137031 -0.370781 0.45325 -0.16515 -0.374181 0.45835
-0.136052 -0.370672 0.453076 -0.164171 -0.374073 0.458176
-0.135073 -0.370564 0.452902 -0.163191 -0.373965 0.458002
-0.134095 -0.370455 0.452728 -0.162212 -0.373857 0.457827
-0.133116 -0.370346 0.452554 -0.161232 -0.373749 0.457653
-0.132137 -0.370237 0.45238 -0.160252 -0.373641 0.457479
-0.131158 -0.370129 0.452206 -0.159272 -0.373532 0.457304
-0.13018 -0.37002 0.452032 -0.158292 -0.373424 0.45713
-0.129201 -0.369911 0.451858 -0.157312 -0.373316 0.456955
-0.128222 -0.369802 0.451684 -0.156332 -0.373207 0.456781
-0.127244 -0.369694 0.45151 -0.155351 -0.373099 0.456606
-0.126265 -0.369585 0.451336 -0.154372 -0.37299 0.456431
-0.125286 -0.369476 0.451162 -0.153882 -0.372936 0.456344
-0.124307 -0.369367 0.450988 -0.152412 -0.372773 0.456082
-0.123329 -0.369259 0.450814 -0.151432 -0.372665 0.455908
-0.12235 -0.36915 0.45064 -0.150453 -0.372556 0.455733
-0.121371 -0.369041 0.450466 -0.149475 -0.372448 0.455559
-0.120392 -0.368932 0.450292 -0.148497 -0.37234 0.455385
-0.119414 -0.368824 0.450118 -0.147519 -0.372231 0.45521
-0.118435 -0.368715 0.449944 -0.146541 -0.372123 0.455036
-0.117456 -0.368606 0.44977 -0.145076 -0.37196 0.454775
-0.116478 -0.368498 0.449596 -0.144587 -0.371906 0.454688
-0.115499 -0.368389 0.449422 -0.14361 -0.371797 0.454514
-0.11452 -0.36828 0.449248 -0.142147 -0.371635 0.454253
-0.113541 -0.368171 0.449074 -0.141661 -0.371581 0.454166
-0.112563 -0.368063 0.4489 -0.140208 -0.371419 0.453907
-0.111584 -0.367954 0.448726 -0.139245 -0.371311 0.453735
-0.110605 -0.367845 0.448552 -0.138283 -0.371204 0.453563
-0.109627 -0.367736 0.448378 -0.137321 -0.371096 0.453391
-0.108648 -0.367628 0.448204 -0.136357 -0.370989 0.453219
-0.107669 -0.367519 0.44803 -0.135392 -0.370881 0.453047
-0.10669 -0.36741 0.447856 -0.134425 -0.370773 0.452874
-0.105712 -0.367301 0.447682 -0.133457 -0.370666 0.452702
-0.104733 -0.367193 0.447508 -0.132487 -0.370558 0.452529
-0.103754 -0.367084 0.447334 -0.131516 -0.37045 0.452355
-0.102775 -0.366975 0.44716 -0.130544 -0.370343 0.452182
-0.101797 -0.366866 0.446986 -0.129571 -0.370235 0.452009
-0.100818 -0.366758 0.446812 -0.129084 -0.370181 0.451922
-0.0998393 -0.366649 0.446638 -0.127623 -0.370019 0.451661
-0.0988606 -0.36654 0.446464 -0.126647 -0.369911 0.451487
-0.0978818 -0.366431 0.44629 -0.125183 -0.369749 0.451226
-0.0969031 -0.366323 0.446116 -0.124207 -0.369641 0.451052
-0.0959244 -0.366214 0.445942 -0.12323 -0.369533 0.450878
-0.0949457 -0.366105 0.445768 -0.122254 -0.369425 0.450704
-0.0939669 -0.365996 0.445594 -0.121278 -0.369316 0.45053
-0.0929882 -0.365888 0.44542 -0.120303 -0.369208 0.450356
-0.0920095 -0.365779 0.445246 -0.119327 -0.3691 0.450182
-0.0910308 -0.36567 0.445072 -0.118354 -0.368992 0.450009
-0.0900521 -0.365561 0.444898 -0.117384 -0.368884 0.449835
-0.0890733 -0.365453 0.444724 -0.116416 -0.368777 0.449663
-0.0880946 -0.365344 0.44455 -0.115447 -0.368669 0.44949
-0.0871159 -0.365235 0.444376 -0.114479 -0.368561 0.449317
-0.0861372 -0.365126 0.444202 -0.113509 -0.368453 0.449144
-0.0851584 -0.365018 0.444028 -0.11254 -0.368346 0.448971
-0.0841797 -0.364909 0.443854 -0.111571 -0.368238 0.448798
-0.083201 -0.3648 0.44368 -0.110601 -0.36813 0.448625
-0.0822223 -0.364691 0.443506 -0.10963 -0.368022 0.448452
-0.0812435 -0.364583 0.443332 -0.10866 -0.367915 0.448279
-0.0802648 -0.364474 0.443158 -0.107689 -0.367807 0.448106
-0.0792861 -0.364365 0.442984 -0.106717 -0.367699 0.447932
-0.0783074 -0.364256 0.44281 -0.105745 -0.367591 0.447759
-0.0773286 -0.364148 0.442636 -0.104773 -0.367483 0.447586
-0.0763499 -0.364039 0.442462 -0.103801 -0.367376 0.447412
-0.0753712 -0.36393 0.442288 -0.10283 -0.367268 0.447239
-0.0743925 -0.363821 0.442114 -0.101858 -0.36716 0.447066
-0.0734138 -0.363713 0.44194 -0.100886 -0.367052 0.446892
-0.072435 -0.363604 0.441766 -0.1004 -0.366998 0.446806
-0.0714563 -0.363495 0.441592 -0.098942 -0.366837 0.446546
-0.0704776 -0.363386 0.441418 -0.0979695 -0.366729 0.446372
-0.0694989 -0.363278 0.441244 -0.0969967 -0.366621 0.446199
-0.0685201 -0.363169 0.44107 -0.0960237 -0.366513 0.446025
-0.0675414 -0.36306 0.440896 -0.0950505 -0.366405 0.445851
-0.0665627 -0.362951 0.440722 -0.0940774 -0.366297 0.445678
-0.065584 -0.362843 0.440548 -0.0931043 -0.366189 0.445504
-0.0646052 -0.362734 0.440374 -0.0921313 -0.366081 0.445331
-0.0636265 -0.362625 0.4402 -0.0911595 -0.365974 0.445157
-0.0626478 -0.362516 0.440026 -0.09019 -0.365866 0.444984
-0.0616691 -0.362408 0.439852 -0.0892228 -0.365758 0.444812
-0.0606904 -0.362299 0.439678 -0.0882575 -0.365651 0.44464
-0.0597116 -0.36219 0.439504 -0.0872934 -0.365543 0.444467
-0.0587329 -0.362081 0.43933 -0.0868116 -0.36549 0.444382
-0.0577542 -0.361973 0.439156 -0.08633 -0.365436 0.444296
-0.0567755 -0.361864 0.438982 -0.0844054 -0.365221 0.443952
-0.0557967 -0.361755 0.438808 -0.0834424 -0.365114 0.44378
-0.054818 -0.361646 0.438634 -0.0824772 -0.365007 0.443608
-0.0538393 -0.361538 0.43846 -0.0815114 -0.3649 0.443436
-0.0528606 -0.361429 0.438286 -0.0805466 -0.364792 0.443264
-0.0518818 -0.36132 0.438112 -0.0795829 -0.364685 0.443092
-0.0509031 -0.361211 0.437938 -0.07862 -0.364578 0.44292
-0.0499244 -0.361103 0.437764 -0.0776579 -0.364471 0.442748
-0.0489457 -0.360994 0.43759 -0.0766963 -0.364364 0.442577
-0.0479669 -0.360885 0.437416 -0.0757348 -0.364257 0.442405
-0.0469882 -0.360776 0.437242 -0.0747731 -0.36415 0.442233
-0.0460095 -0.360668 0.437068 -0.0738113 -0.364043 0.442062
-0.0450308 -0.360559 0.436894 -0.0728497 -0.363936 0.44189
-0.0440521 -0.36045 0.43672 -0.0718881 -0.36383 0.441719
-0.0430733 -0.360341 0.436546 -0.0709264 -0.363723 0.441547
-0.0420946 -0.360233 0.436372 -0.0699646 -0.363616 0.441376
-0.0411159 -0.360124 0.436198 -0.0690026 -0.363509 0.441204
-0.0401372 -0.360015 0.436024 -0.0680403 -0.363402 0.441032
-0.0391584 -0.359906 0.43585 -0.0670774 -0.363295 0.440861
-0.0381797 -0.359798 0.435676 -0.0661138 -0.363188 0.440689
-0.037201 -0.359689 0.435502 -0.0651495 -0.363081 0.440517
-0.0362223 -0.35958 0.435328 -0.0641846 -0.362975 0.440345
-0.0352435 -0.359472 0.435154 -0.0632191 -0.362868 0.440172
-0.0342648 -0.359363 0.43498 -0.0622534 -0.362761 0.44
-0.0332861 -0.359254 0.434806 -0.0612873 -0.362654 0.439828
-0.0323074 -0.359145 0.434632 -0.0603205 -0.362546 0.439656
-0.0313286 -0.359037 0.434458 -0.0593525 -0.362439 0.439483
-0.0303499 -0.358928 0.434284 -0.058384 -0.362332 0.43931
-0.0293712 -0.358819 0.43411 -0.0574153 -0.362225 0.439138
-0.0283925 -0.35871 0.433936 -0.0564463 -0.362118 0.438965
-0.0274138 -0.358602 0.433762 -0.0554765 -0.36201 0.438792
-0.026435 -0.358493 0.433588 -0.0545061 -0.361903 0.438619
-0.0254563 -0.358384 0.433414 -0.053535 -0.361796 0.438446
-0.0244776 -0.358275 0.43324 -0.0525635 -0.361688 0.438272
-0.0234989 -0.358167 0.433066 -0.0515921 -0.361581 0.438099
-0.0225201 -0.358058 0.432892 -0.0506206 -0.361473 0.437926
-0.0215414 -0.357949 0.432718 -0.0496489 -0.361366 0.437753
-0.0205627 -0.35784 0.432544 -0.0486772 -0.361258 0.43758
-0.019584 -0.357732 0.43237 -0.0477054 -0.361151 0.437406
-0.0186052 -0.357623 0.432196 -0.0467335 -0.361043 0.437233
-0.0176265 -0.357514 0.432022 -0.0457613 -0.360935 0.43706
-0.0166478 -0.357405 0.431848 -0.0443029 -0.360774 0.4368
-0.0156691 -0.357297 0.431675 -0.0438167 -0.36072 0.436713
-0.0146903 -0.357188 0.431501 -0.0428443 -0.360612 0.43654
-0.0137116 -0.357079 0.431327 -0.0413856 -0.360451 0.43628
-0.0127329 -0.35697 0.431153 -0.0408992 -0.360397 0.436193
-0.0117542 -0.356862 0.430979 -0.0404129 -0.360343 0.436106
-0.0107755 -0.356753 0.430805 -0.0384672 -0.360128 0.435759
-0.00979673 -0.356644 0.430631 -0.0374942 -0.36002 0.435586
-0.008818 -0.356535 0.430457 -0.036521 -0.359912 0.435412
-0.00783928 -0.356427 0.430283 -0.0355476 -0.359804 0.435239
-0.00686056 -0.356318 0.430109 -0.0345741 -0.359696 0.435065
-0.00588183 -0.356209 0.429935 -0.0336004 -0.359588 0.434892
-0.00490311 -0.3561 0.429761 -0.0326266 -0.35948 0.434718
-0.00392439 -0.355992 0.429587 -0.0316526 -0.359372 0.434544
-0.00294566 -0.355883 0.429413 -0.0306785 -0.359264 0.434371
-0.00196694 -0.355774 0.429239 -0.0297043 -0.359157 0.434197
-0.000988216 -0.355665 0.429065 -0.02873 -0.359049 0.434023
-9.49216e-06 -0.355557 0.428891 -0.0277557 -0.358941 0.43385
0.000969231 -0.355448 0.428717 -0.0267813 -0.358833 0.433676
0.00194795 -0.355339 0.428543 -0.0258068 -0.358725 0.433502
0.00292668 -0.35523 0.428369 -0.0248321 -0.358617 0.433329
0.0039054 -0.355122 0.428195 -0.0238573 -0.358508 0.433155
0.00488413 -0.355013 0.428021 -0.0228823 -0.3584 0.432981
0.00586285 -0.354904 0.427847 -0.0219072 -0.358292 0.432807
0.00684157 -0.354795 0.427673 -0.020932 -0.358184 0.432633
0.0078203 -0.354687 0.427499 -0.0199567 -0.358076 0.43246
0.00879902 -0.354578 0.427325 -0.0189813 -0.357968 0.432286
0.00977774 -0.354469 0.427151 -0.0180057 -0.35786 0.432112
0.0107565 -0.35436 0.426977 -0.0170301 -0.357752 0.431938
0.0117352 -0.354252 0.426803 -0.0160543 -0.357644 0.431764
0.0127139 -0.354143 0.426629 -0.0150783 -0.357535 0.43159
0.0136926 -0.354034 0.426455 -0.0141023 -0.357427 0.431416
0.0146714 -0.353925 0.426281 -0.0131262 -0.357319 0.431242
0.0156501 -0.353817 0.426107 -0.0121501 -0.357211 0.431068
0.0166288 -0.353708 0.425933 -0.0111739 -0.357103 0.430894
0.0176075 -0.353599 0.425759 -0.0101976 -0.356994 0.43072
0.0185863 -0.35349 0.425585 -0.00922111 -0.356886 0.430546
0.019565 -0.353382 0.425411 -0.00824453 -0.356778 0.430372
0.0205437 -0.353273 0.425237 -0.00726784 -0.356669 0.430198
0.0215224 -0.353164 0.425063 -0.00629102 -0.356561 0.430024
0.0225011 -0.353055 0.424889 -0.00531409 -0.356453 0.42985
0.0234799 -0.352947 0.424715 -0.00433705 -0.356345 0.429676
0.0244586 -0.352838 0.424541 -0.00335992 -0.356236 0.429502
0.0254373 -0.352729 0.424367 -0.00238269 -0.356128 0.429328
0.026416 -0.35262 0.424193 -0.00189405 -0.356074 0.429241
0.0273948 -0.352512 0.424019 -0.00140539 -0.35602 0.429154
0.0283735 -0.352403 0.423845 0.00103789 -0.355749 0.428719
0.0293522 -0.352294 0.423671 0.00201283 -0.35564 0.428545
0.0303309 -0.352185 0.423497 0.00298384 -0.355532 0.428372
0.0313097 -0.352077 0.423323 0.00395129 -0.355424 0.4282
0.0322884 -0.351968 0.423149 0.00491581 -0.355317 0.428028
0.0332671 -0.351859 0.422975 0.00587792 -0.355209 0.427856
0.0342458 -0.35175 0.422801 0.00683802 -0.355102 0.427685
0.0352246 -0.351642 0.422627 0.0077962 -0.354994 0.427515
0.0362033 -0.351533 0.422453 0.00875254 -0.354887 0.427344
0.037182 -0.351424 0.422279 0.00970734 -0.35478 0.427174
0.0381607 -0.351315 0.422105 0.010661 -0.354673 0.427004
0.0391394 -0.351207 0.421931 0.011615 -0.354567 0.426834
0.0401182 -0.351098 0.421757 0.0125703 -0.35446 0.426664
0.0410969 -0.350989 0.421583 0.0135262 -0.354353 0.426494
0.0420756 -0.35088 0.421409 0.0144817 -0.354247 0.426324
0.0430543 -0.350772 0.421235 0.0154367 -0.35414 0.426154
0.0440331 -0.350663 0.421061 0.0163911 -0.354034 0.425984
0.0450118 -0.350554 0.420887 0.0173451 -0.353927 0.425814
0.0459905 -0.350445 0.420713 0.018299 -0.353821 0.425644
0.0469692 -0.350337 0.420539 0.0192527 -0.353715 0.425474
0.047948 -0.350228 0.420365 0.0202064 -0.353608 0.425304
0.0489267 -0.350119 0.420191 0.0211605 -0.353502 0.425135
0.0499054 -0.350011 0.420017 0.0221152 -0.353396 0.424965
0.0508841 -0.349902 0.419843 0.0230705 -0.35329 0.424795
0.0518629 -0.349793 0.419669 0.0240261 -0.353184 0.424624
0.0528416 -0.349684 0.419495 0.0249821 -0.353077 0.424454
0.0538203 -0.349576 0.419321 0.0259388 -0.352971 0.424284
0.054799 -0.349467 0.419147 0.0268975 -0.352865 0.424113
0.0557777 -0.349358 0.418973 0.0278591 -0.352758 0.423942
0.0567565 -0.349249 0.418799 0.0288234 -0.352652 0.423771
0.0577352 -0.349141 0.418625 0.0297902 -0.352545 0.423599
0.0587139 -0.349032 0.418451 0.0307593 -0.352439 0.423426
0.0596926 -0.348923 0.418277 0.0317306 -0.352332 0.423253
0.0606714 -0.348814 0.418103 0.032704 -0.352224 0.42308
0.0616501 -0.348706 0.417929 0.0336793 -0.352117 0.422906
0.0626288 -0.348597 0.417755 0.0346562 -0.35201 0.422733
0.0636075 -0.348488 0.417581 0.0356345 -0.351902 0.422559
0.0645863 -0.348379 0.417407 0.0366141 -0.351795 0.422384
0.065565 -0.348271 0.417233 0.0375949 -0.351687 0.42221
0.0665437 -0.348162 0.417059 0.0385769 -0.351579 0.422035
0.0675224 -0.348053 0.416885 0.0395597 -0.351471 0.42186
0.0685012 -0.347944 0.416711 0.0405433 -0.351363 0.421685
0.0694799 -0.347836 0.416537 0.0415276 -0.351254 0.42151
0.0704586 -0.347727 0.416363 0.0425126 -0.351146 0.421335
0.0714373 -0.347618 0.416189 0.0434981 -0.351037 0.42116
0.072416 -0.347509 0.416015 0.0444842 -0.350929 0.420984
0.0733948 -0.347401 0.415841 0.0454706 -0.35082 0.420809
0.0743735 -0.347292 0.415667 0.0464574 -0.350711 0.420633
0.0753522 -0.347183 0.415493 0.0474444 -0.350602 0.420458
0.0763309 -0.347074 0.415319 0.0484315 -0.350493 0.420282
0.0773097 -0.346966 0.415145 0.0494189 -0.350384 0.420107
0.0782884 -0.346857 0.414971 0.0504065 -0.350275 0.419931
0.0792671 -0.346748 0.414797 0.0513944 -0.350166 0.419755
0.0802458 -0.346639 0.414623 0.0523824 -0.350057 0.41958
0.0812246 -0.346531 0.414449 0.0533703 -0.349948 0.419404
0.0822033 -0.346422 0.414275 0.0543581 -0.349838 0.419229
0.083182 -0.346313 0.414101 0.0553456 -0.349729 0.419053
0.0841607 -0.346204 0.413927 0.0563331 -0.349619 0.418877
0.0851395 -0.346096 0.413753 0.0573206 -0.34951 0.418702
0.0861182 -0.345987 0.413579 0.0583082 -0.349401 0.418526
0.0870969 -0.345878 0.413405 0.058802 -0.349346 0.418438
0.0880756 -0.345769 0.413231 0.05979 -0.349236 0.418263
0.0890543 -0.345661 0.413057 0.0612721 -0.349072 0.417999
0.0900331 -0.345552 0.412883 0.0617661 -0.349017 0.417912
0.0910118 -0.345443 0.412709 0.0632471 -0.348853 0.417648
0.0919905 -0.345334 0.412535 0.0642321 -0.348743 0.417473
0.0929692 -0.345226 0.412361 0.0652141 -0.348634 0.417299
0.093948 -0.345117 0.412187 0.0661941 -0.348524 0.417124
0.0949267 -0.345008 0.412013 0.0671733 -0.348415 0.41695
0.0959054 -0.344899 0.411839 0.0681521 -0.348306 0.416776
0.0968841 -0.344791 0.411665 0.0691307 -0.348197 0.416603
0.0978629 -0.344682 0.411491 0.0701078 -0.348088 0.416429
0.0988416 -0.344573 0.411317 0.0710827 -0.347979 0.416256
0.0998203 -0.344464 0.411143 0.0720552 -0.34787 0.416083
0.100799 -0.344356 0.410969 0.0730257 -0.347761 0.41591
0.101778 -0.344247 0.410795 0.073995 -0.347653 0.415738
0.102756 -0.344138 0.410621 0.0749639 -0.347544 0.415566
0.103735 -0.344029 0.410447 0.0759318 -0.347436 0.415394
0.104714 -0.343921 0.410273 0.0768986 -0.347328 0.415222
0.105693 -0.343812 0.410099 0.0778655 -0.347219 0.41505
0.106671 -0.343703 0.409925 0.0788338 -0.347111 0.414878
0.10765 -0.343594 0.409751 0.0798036 -0.347003 0.414706
0.108629 -0.343486 0.409577 0.0807745 -0.346895 0.414534
0.109608 -0.343377 0.409403 0.0817453 -0.346786 0.414361
0.110586 -0.343268 0.409229 0.082715 -0.346678 0.414189
0.111565 -0.343159 0.409055 0.0836849 -0.34657 0.414017
0.112544 -0.343051 0.408881 0.0846559 -0.346462 0.413844
0.113522 -0.342942 0.408707 0.0856268 -0.346354 0.413672
0.114501 -0.342833 0.408533 0.0865968 -0.346246 0.413499
0.11548 -0.342724 0.408359 0.0875668 -0.346138 0.413327
0.116459 -0.342616 0.408185 0.0885379 -0.34603 0.413155
0.117437 -0.342507 0.408011 0.0895093 -0.345922 0.412982
0.118416 -0.342398 0.407837 0.0904803 -0.345814 0.41281
0.119395 -0.342289 0.407663 0.0914519 -0.345706 0.412637
0.120374 -0.342181 0.407489 0.0924247 -0.345598 0.412464
0.121352 -0.342072 0.407315 0.0933975 -0.345489 0.412292
0.122331 -0.341963 0.407141 0.0943691 -0.345381 0.412119
0.12331 -0.341854 0.406967 0.0953396 -0.345273 0.411947
0.124288 -0.341746 0.406793 0.0963091 -0.345165 0.411775
0.125267 -0.341637 0.406619 0.0972778 -0.345057 0.411603
0.126246 -0.341528 0.406445 0.0982457 -0.34495 0.411431
0.127225 -0.341419 0.406271 0.099213 -0.344842 0.411259
0.128203 -0.341311 0.406097 0.10018 -0.344734 0.411088
0.129182 -0.341202 0.405923 0.101146 -0.344626 0.410916
0.130161 -0.341093 0.405749 0.102113 -0.344518 0.410744
0.131139 -0.340985 0.405575 0.103079 -0.344411 0.410573
0.132118 -0.340876 0.405401 0.104045 -0.344303 0.410401
0.133097 -0.340767 0.405227 0.105011 -0.344195 0.41023
0.134076 -0.340658 0.405053 0.105978 -0.344088 0.410058
0.135054 -0.34055 0.404879 0.106944 -0.34398 0.409887
0.136033 -0.340441 0.404705 0.107911 -0.343872 0.409715
0.137012 -0.340332 0.404531 0.108877 -0.343765 0.409544
0.137991 -0.340223 0.404357 0.109844 -0.343657 0.409372
0.138969 -0.340115 0.404183 0.110811 -0.34355 0.409201
0.139948 -0.340006 0.404009 0.111778 -0.343442 0.409029
0.140927 -0.339897 0.403835 0.112746 -0.343334 0.408857
0.141905 -0.339788 0.403661 0.113713 -0.343227 0.408685
0.142884 -0.33968 0.403487 0.114682 -0.343119 0.408514
0.143863 -0.339571 0.403313 0.11565 -0.343011 0.408342
0.144842 -0.339462 0.403139 0.116619 -0.342903 0.40817
0.14582 -0.339353 0.402965 0.117588 -0.342796 0.407998
0.146799 -0.339245 0.402791 0.118557 -0.342688 0.407826
0.147778 -0.339136 0.402617 0.119528 -0.34258 0.407654
0.148756 -0.339027 0.402443 0.120498 -0.342472 0.407482
0.149735 -0.338918 0.402269 0.121469 -0.342364 0.407309
0.150714 -0.33881 0.402095 0.122441 -0.342256 0.407137
0.151693 -0.338701 0.401921 0.123412 -0.342149 0.406965
0.152671 -0.338592 0.401747 0.124384 -0.342041 0.406792
0.15365 -0.338483 0.401573 0.125356 -0.341933 0.40662
0.154629 -0.338375 0.401399 0.126329 -0.341825 0.406447
0.155608 -0.338266 0.401225 0.127303 -0.341716 0.406275
0.156586 -0.338157 0.401051 0.128278 -0.341608 0.406102
0.157565 -0.338048 0.400877 0.129253 -0.3415 0.405929
0.158544 -0.33794 0.400703 0.130228 -0.341392 0.405756
0.159522 -0.337831 0.400529 0.131203 -0.341283 0.405583
0.160501 -0.337722 0.400355 0.132665 -0.341121 0.405324
0.16148 -0.337613 0.400181 0.13364 -0.341013 0.405151
0.162459 -0.337505 0.400007 0.134615 -0.340904 0.404978
0.163437 -0.337396 0.399833 0.13559 -0.340796 0.404805
0.164416 -0.337287 0.399659 0.136566 -0.340687 0.404632
0.165395 -0.337178 0.399485 0.137541 -0.340579 0.404459
0.166374 -0.33707 0.399311 0.138517 -0.34047 0.404286
0.167352 -0.336961 0.399137 0.139492 -0.340362 0.404113
0.168331 -0.336852 0.398963 0.140468 -0.340253 0.40394
0.16931 -0.336743 0.398789 0.141444 -0.340145 0.403767
0.170288 -0.336635 0.398615 0.14242 -0.340036 0.403594
0.171267 -0.336526 0.398441 0.143396 -0.339927 0.403421
0.172246 -0.336417 0.398267 0.144372 -0.339819 0.403248
0.173225 -0.336308 0.398093 0.145349 -0.33971 0.403075
0.174203 -0.3362 0.397919 0.146325 -0.339601 0.402902
0.175182 -0.336091 0.397745 0.147302 -0.339493 0.402729
0.176161 -0.335982 0.397571 0.148279 -0.339384 0.402556
0.177139 -0.335873 0.397397 0.149255 -0.339275 0.402382
0.178118 -0.335765 0.397223 0.150232 -0.339166 0.402209
0.179097 -0.335656 0.397049 0.151209 -0.339058 0.402036
0.180076 -0.335547 0.396875 0.152186 -0.338949 0.401863
0.181054 -0.335438 0.396701 0.153163 -0.33884 0.40169
0.182033 -0.33533 0.396527 0.15414 -0.338731 0.401517
0.183012 -0.335221 0.396353 0.155117 -0.338622 0.401343
0.183991 -0.335112 0.396179 0.156094 -0.338513 0.40117
0.184969 -0.335003 0.396005 0.157071 -0.338405 0.400997
0.185948 -0.334895 0.395831 0.158049 -0.338296 0.400824
0.186927 -0.334786 0.395657 0.159026 -0.338187 0.400651
0.187905 -0.334677 0.395483 0.160004 -0.338078 0.400477
0.188884 -0.334568 0.395309 0.160981 -0.337969 0.400304
0.189863 -0.33446 0.395135 0.16147 -0.337914 0.400217
0.190842 -0.334351 0.394961 0.162936 -0.337751 0.399958
0.19182 -0.334242 0.394787 0.163914 -0.337642 0.399784
0.192799 -0.334133 0.394614 0.164892 -0.337533 0.399611
0.193778 -0.334025 0.39444 0.165869 -0.337424 0.399438
0.194756 -0.333916 0.394266 0.166847 -0.337315 0.399264
0.195735 -0.333807 0.394092 0.167825 -0.337206 0.399091
0.196714 -0.333698 0.393918 0.168803 -0.337097 0.398918
0.197693 -0.33359 0.393744 0.169781 -0.336988 0.398745
0.198671 -0.333481 0.39357 0.170759 -0.336879 0.398571
0.19965 -0.333372 0.393396 0.171737 -0.33677 0.398398
0.200629 -0.333263 0.393222 0.172715 -0.336661 0.398225
0.201608 -0.333155 0.393048 0.173693 -0.336552 0.398051
0.202586 -0.333046 0.392874 0.174671 -0.336443 0.397878
0.203565 -0.332937 0.3927 0.175649 -0.336334 0.397705
0.204544 -0.332828 0.392526 0.176628 -0.336224 0.397531
0.205522 -0.33272 0.392352 0.177606 -0.336115 0.397358
0.206501 -0.332611 0.392178 0.178584 -0.336006 0.397185
0.20748 -0.332502 0.392004 0.179562 -0.335897 0.397011
0.208459 -0.332393 0.39183 0.18054 -0.335788 0.396838
0.209437 -0.332285 0.391656 0.181519 -0.335679 0.396665
0.210416 -0.332176 0.391482 0.182497 -0.33557 0.396491
0.211395 -0.332067 0.391308 0.183475 -0.335461 0.396318
0.212374 -0.331958 0.391134 0.184453 -0.335351 0.396145
0.213352 -0.33185 0.39096 0.185432 -0.335242 0.395972
0.214331 -0.331741 0.390786 0.18641 -0.335133 0.395798
0.21531 -0.331632 0.390612 0.187388 -0.335024 0.395625
0.216288 -0.331524 0.390438 0.188367 -0.334915 0.395452
0.217267 -0.331415 0.390264 0.189345 -0.334806 0.395278
0.218246 -0.331306 0.39009 0.190324 -0.334696 0.395105
0.219225 -0.331197 0.389916 0.191302 -0.334587 0.394931
0.220203 -0.331089 0.389742 0.192281 -0.334478 0.394758
0.221182 -0.33098 0.389568 0.193259 -0.334369 0.394585
0.222161 -0.330871 0.389394 0.194237 -0.33426 0.394411
0.223139 -0.330762 0.38922 0.195215 -0.334151 0.394238
0.224118 -0.330654 0.389046 0.196193 -0.334041 0.394065
0.225097 -0.330545 0.388872 0.197171 -0.333932 0.393892
0.226076 -0.330436 0.388698 0.198148 -0.333823 0.393718
0.227054 -0.330327 0.388524 0.199126 -0.333714 0.393545
0.228033 -0.330219 0.38835 0.200104 -0.333605 0.393372
0.229012 -0.33011 0.388176 0.201082 -0.333496 0.393199
0.229991 -0.330001 0.388002 0.202061 -0.333386 0.393025
0.230969 -0.329892 0.387828 0.203039 -0.333277 0.392852
0.231948 -0.329784 0.387654 0.204017 -0.333168 0.392679
0.232927 -0.329675 0.38748 0.204996 -0.333059 0.392505
0.233905 -0.329566 0.387306 0.205974 -0.33295 0.392332
0.234884 -0.329457 0.387132 0.206952 -0.33284 0.392159
0.235863 -0.329349 0.386958 0.207931 -0.332731 0.391985
0.236842 -0.32924 0.386784 0.208909 -0.332622 0.391812
0.23782 -0.329131 0.38661 0.209888 -0.332513 0.391639
0.238799 -0.329022 0.386436 0.210865 -0.332404 0.391466
0.239778 -0.328914 0.386262 0.211841 -0.332294 0.391293
0.240756 -0.328805 0.386088 0.212817 -0.332185 0.39112
0.241735 -0.328696 0.385914 0.213793 -0.332076 0.390947
0.242714 -0.328587 0.38574 0.21477 -0.331967 0.390774
0.243693 -0.328479 0.385566 0.215747 -0.331858 0.390601
0.244671 -0.32837 0.385392 0.216724 -0.331749 0.390428
0.24565 -0.328261 0.385218 0.217702 -0.33164 0.390254
0.246629 -0.328152 0.385044 0.21868 -0.331531 0.390081
0.247608 -0.328044 0.38487 0.219658 -0.331421 0.389908
0.248586 -0.327935 0.384696 0.220636 -0.331312 0.389735
0.249565 -0.327826 0.384522 0.221614 -0.331203 0.389561
0.250544 -0.327717 0.384348 0.222593 -0.331094 0.389388
0.251522 -0.327609 0.384174 0.223572 -0.330985 0.389215
0.252501 -0.3275 0.384 0.224551 -0.330875 0.389041
0.25348 -0.327391 0.383826 0.225529 -0.330766 0.388868
0.254459 -0.327282 0.383652 0.226509 -0.330657 0.388694
0.255437 -0.327174 0.383478 0.227488 -0.330548 0.388521
0.256416 -0.327065 0.383304 0.228467 -0.330438 0.388347
0.257395 -0.326956 0.38313 0.229446 -0.330329 0.388174
0.258374 -0.326847 0.382956 0.230425 -0.33022 0.388001
0.259352 -0.326739 0.382782 0.231405 -0.33011 0.387827
0.260331 -0.32663 0.382608 0.232384 -0.330001 0.387654
0.26131 -0.326521 0.382434 0.233364 -0.329892 0.38748
0.262288 -0.326412 0.38226 0.234343 -0.329783 0.387307
0.263267 -0.326304 0.382086 0.235322 -0.329673 0.387133
0.264246 -0.326195 0.381912 0.236302 -0.329564 0.38696
0.265225 -0.326086 0.381738 0.237281 -0.329455 0.386786
0.266203 -0.325977 0.381564 0.23826 -0.329345 0.386613
0.267182 -0.325869 0.38139 0.23924 -0.329236 0.386439
0.268161 -0.32576 0.381216 0.240219 -0.329126 0.386266
0.269139 -0.325651 0.381042 0.241199 -0.329017 0.386092
0.270118 -0.325542 0.380868 0.242178 -0.328908 0.385919
0.271097 -0.325434 0.380694 0.243157 -0.328798 0.385745
0.272076 -0.325325 0.38052 0.244137 -0.328689 0.385572
0.273054 -0.325216 0.380346 0.245116 -0.32858 0.385398
0.274033 -0.325107 0.380172 0.246096 -0.32847 0.385225
0.275012 -0.324999 0.379998 0.247075 -0.328361 0.385051
0.275991 -0.32489 0.379824 0.248054 -0.328252 0.384878
0.276969 -0.324781 0.37965 0.249034 -0.328142 0.384704
0.277948 -0.324672 0.379476 0.250013 -0.328033 0.384531
0.278927 -0.324564 0.379302 0.250992 -0.327924 0.384357
0.279905 -0.324455 0.379128 0.251972 -0.327814 0.384184
0.280884 -0.324346 0.378954 0.252951 -0.327705 0.38401
0.281863 -0.324237 0.37878 0.25393 -0.327595 0.383837
0.282842 -0.324129 0.378606 0.25491 -0.327486 0.383663
0.28382 -0.32402 0.378432 0.255889 -0.327377 0.38349
0.284799 -0.323911 0.378258 0.256868 -0.327267 0.383316
0.285778 -0.323802 0.378084 0.257847 -0.327158 0.383143
0.286756 -0.323694 0.37791 0.258826 -0.327049 0.382969
0.287735 -0.323585 0.377736 0.259806 -0.326939 0.382796
0.288714 -0.323476 0.377562 0.260785 -0.32683 0.382622
0.289693 -0.323367 0.377388 0.261764 -0.326721 0.382449
0.290671 -0.323259 0.377214 0.262743 -0.326611 0.382275
0.29165 -0.32315 0.37704 0.263722 -0.326502 0.382102
0.292629 -0.323041 0.376866 0.264701 -0.326392 0.381928
0.293608 -0.322932 0.376692 0.26568 -0.326283 0.381755
0.294586 -0.322824 0.376518 0.266659 -0.326174 0.381581
0.295565 -0.322715 0.376344 0.267638 -0.326064 0.381408
0.296544 -0.322606 0.37617 0.268617 -0.325955 0.381234
0.297522 -0.322498 0.375996 0.269596 -0.325846 0.381061
0.298501 -0.322389 0.375822 0.270575 -0.325736 0.380887
0.29948 -0.32228 0.375648 0.271554 -0.325627 0.380714
0.300459 -0.322171 0.375474 0.272533 -0.325518 0.38054
0.301437 -0.322063 0.3753 0.273512 -0.325408 0.380367
0.302416 -0.321954 0.375126 0.274491 -0.325299 0.380193
0.303395 -0.321845 0.374952 0.27547 -0.32519 0.38002
0.304374 -0.321736 0.374778 0.276449 -0.32508 0.379846
0.305352 -0.321628 0.374604 0.277428 -0.324971 0.379673
0.306331 -0.321519 0.37443 0.278407 -0.324862 0.3795
0.30731 -0.32141 0.374256 0.279386 -0.324752 0.379326
0.308288 -0.321301 0.374082 0.280365 -0.324643 0.379153
0.309267 -0.321193 0.373908 0.281344 -0.324534 0.378979
0.310246 -0.321084 0.373734 0.282323 -0.324424 0.378806
0.311225 -0.320975 0.37356 0.283302 -0.324315 0.378632
0.312203 -0.320866 0.373386 0.284281 -0.324206 0.378459
0.313182 -0.320758 0.373212 0.28526 -0.324097 0.378285
0.314161 -0.320649 0.373038 0.286239 -0.323987 0.378112
0.315139 -0.32054 0.372864 0.287217 -0.323878 0.377938
0.316118 -0.320431 0.37269 0.288196 -0.323769 0.377765
0.317097 -0.320323 0.372516 0.289175 -0.32366 0.377592
0.318076 -0.320214 0.372342 0.290154 -0.32355 0.377418
0.319054 -0.320105 0.372168 0.291133 -0.323441 0.377245
0.320033 -0.319996 0.371994 0.292112 -0.323332 0.377071
0.321012 -0.319888 0.37182 0.293091 -0.323222 0.376898
0.321991 -0.319779 0.371646 0.29407 -0.323113 0.376724
0.322969 -0.31967 0.371472 0.295048 -0.323004 0.376551
0.323948 -0.319561 0.371298 0.296027 -0.322894 0.376377
0.324927 -0.319453 0.371124 0.297006 -0.322785 0.376204
0.325905 -0.319344 0.37095 0.297985 -0.322676 0.37603
0.326884 -0.319235 0.370776 0.298964 -0.322567 0.375857
0.327863 -0.319126 0.370602 0.299943 -0.322457 0.375683
0.328842 -0.319018 0.370428 0.300922 -0.322348 0.37551
0.32982 -0.318909 0.370254 0.3019 -0.322239 0.375336
0.330799 -0.3188 0.37008 0.302879 -0.322129 0.375163
0.331778 -0.318691 0.369906 0.303858 -0.32202 0.374989
0.332757 -0.318583 0.369732 0.304837 -0.321911 0.374816
0.333735 -0.318474 0.369558 0.305816 -0.321801 0.374642
0.334714 -0.318365 0.369384 0.306795 -0.321692 0.374468
0.335693 -0.318256 0.36921 0.307774 -0.321583 0.374295
0.336671 -0.318148 0.369036 0.308263 -0.321528 0.374208
0.33765 -0.318039 0.368862 0.309242 -0.321419 0.374035
0.338629 -0.31793 0.368688 0.31071 -0.321255 0.373774
0.339608 -0.317821 0.368514 0.311689 -0.321146 0.373601
0.340586 -0.317713 0.36834 0.312179 -0.321091 0.373514
0.341565 -0.317604 0.368166 0.313647 -0.320927 0.373254
0.342544 -0.317495 0.367992 0.314626 -0.320818 0.37308
0.343522 -0.317386 0.367818 0.315605 -0.320709 0.372907
0.344501 -0.317278 0.367644 0.316583 -0.320599 0.372733
0.34548 -0.317169 0.36747 0.317562 -0.32049 0.372559
0.346459 -0.31706 0.367296 0.318541 -0.320381 0.372386
0.347437 -0.316951 0.367122 0.319031 -0.320326 0.372299
0.348416 -0.316843 0.366948 0.320499 -0.320162 0.372039
0.349395 -0.316734 0.366774 0.321478 -0.320053 0.371865
0.350374 -0.316625 0.3666 0.322457 -0.319944 0.371692
0.351352 -0.316516 0.366426 0.323435 -0.319834 0.371518
0.352331 -0.316408 0.366252 0.324414 -0.319725 0.371344
0.35331 -0.316299 0.366078 0.325393 -0.319616 0.371171
0.354288 -0.31619 0.365904 0.326372 -0.319506 0.370997
0.355267 -0.316081 0.36573 0.327351 -0.319397 0.370824
0.356246 -0.315973 0.365556 0.32833 -0.319288 0.37065
0.357225 -0.315864 0.365382 0.329309 -0.319179 0.370477
0.358203 -0.315755 0.365208 0.330288 -0.319069 0.370303
0.359182 -0.315646 0.365034 0.331266 -0.31896 0.370129
0.360161 -0.315538 0.36486 0.332245 -0.318851 0.369956
0.361139 -0.315429 0.364686 0.333224 -0.318742 0.369782
0.362118 -0.31532 0.364512 0.334203 -0.318632 0.369609
0.363097 -0.315211 0.364338 0.335182 -0.318523 0.369435
0.364076 -0.315103 0.364164 0.33616 -0.318414 0.369261
0.365054 -0.314994 0.36399 0.337139 -0.318305 0.369088
0.366033 -0.314885 0.363816 0.338118 -0.318195 0.368914
0.367012 -0.314776 0.363642 0.339097 -0.318086 0.368741
0.367991 -0.314668 0.363468 0.340076 -0.317977 0.368567
0.368969 -0.314559 0.363294 0.341055 -0.317868 0.368394
0.369948 -0.31445 0.36312 0.342033 -0.317758 0.36822
0.370927 -0.314341 0.362946 0.343012 -0.317649 0.368046
0.371905 -0.314233 0.362772 0.343991 -0.31754 0.367873
0.372884 -0.314124 0.362598 0.34497 -0.317431 0.367699
0.373863 -0.314015 0.362424 0.345949 -0.317322 0.367525
0.374842 -0.313906 0.36225 0.346928 -0.317212 0.367352
0.37582 -0.313798 0.362076 0.347907 -0.317103 0.367178
0.376799 -0.313689 0.361902 0.348886 -0.316994 0.367005
0.377778 -0.31358 0.361728 0.349865 -0.316885 0.366831
0.378757 -0.313471 0.361554 0.350843 -0.316775 0.366657
0.379735 -0.313363 0.36138 0.351822 -0.316666 0.366484
0.380714 -0.313254 0.361206 0.352801 -0.316557 0.36631
0.381693 -0.313145 0.361032 0.35378 -0.316448 0.366136
0.382671 -0.313037 0.360858 0.354759 -0.316338 0.365963
0.38365 -0.312928 0.360684 0.355738 -0.316229 0.365789
0.384629 -0.312819 0.36051 0.356717 -0.31612 0.365615
0.385608 -0.31271 0.360336 0.357696 -0.316011 0.365442
0.386586 -0.312602 0.360162 0.358675 -0.315902 0.365268
0.387565 -0.312493 0.359988 0.359654 -0.315792 0.365094
0.388544 -0.312384 0.359814 0.360633 -0.315683 0.364921
0.389522 -0.312275 0.35964 0.361612 -0.315574 0.364747
0.390501 -0.312167 0.359466 0.362591 -0.315465 0.364573
0.39148 -0.312058 0.359292 0.363569 -0.315355 0.3644
0.392459 -0.311949 0.359118 0.364548 -0.315246 0.364226
0.393437 -0.31184 0.358944 0.365527 -0.315137 0.364052
0.394416 -0.311732 0.35877 0.366505 -0.315028 0.363879
0.395395 -0.311623 0.358596 0.367483 -0.314919 0.363705
0.396374 -0.311514 0.358422 0.368462 -0.31481 0.363532
0.397352 -0.311405 0.358248 0.36944 -0.3147 0.363358
0.398331 -0.311297 0.358074 0.370419 -0.314591 0.363184
0.39931 -0.311188 0.3579 0.371886 -0.314428 0.362924
0.400288 -0.311079 0.357727 0.373354 -0.314264 0.362664
0.401267 -0.31097 0.357553 0.374332 -0.314155 0.36249
0.402246 -0.310862 0.357379 0.375306 -0.314046 0.362317
0.403225 -0.310753 0.357205 0.375792 -0.313992 0.362231
0.404203 -0.310644 0.357031 0.376761 -0.313883 0.362059
0.405182 -0.310535 0.356857 0.378209 -0.313721 0.361801
0.406161 -0.310427 0.356683 0.378691 -0.313667 0.361715
0.407139 -0.310318 0.356509 0.380132 -0.313505 0.361459
0.408118 -0.310209 0.356335 0.38109 -0.313398 0.361288
0.409097 -0.3101 0.356161 0.382045 -0.313291 0.361118
0.410076 -0.309992 0.355987 0.383 -0.313183 0.360948
0.411054 -0.309883 0.355813 0.383954 -0.313076 0.360778
0.412033 -0.309774 0.355639 0.384908 -0.31297 0.360609
0.413012 -0.309665 0.355465 0.385861 -0.312863 0.360439
0.413991 -0.309557 0.355291 0.386337 -0.312809 0.360354
0.414969 -0.309448 0.355117 0.387767 -0.312649 0.3601
0.415948 -0.309339 0.354943 0.38872 -0.312542 0.35993
0.416927 -0.30923 0.354769 0.389673 -0.312436 0.359761
0.417905 -0.309122 0.354595 0.390627 -0.312329 0.359592
0.418884 -0.309013 0.354421 0.39158 -0.312223 0.359422
0.419863 -0.308904 0.354247 0.392534 -0.312116 0.359253
0.420842 -0.308795 0.354073 0.393488 -0.312009 0.359083
0.42182 -0.308687 0.353899 0.394442 -0.311903 0.358914
0.422799 -0.308578 0.353725 0.395396 -0.311796 0.358744
0.423778 -0.308469 0.353551 0.396346 -0.31169 0.358575
0.424757 -0.30836 0.353377 0.397295 -0.311584 0.358407
0.425735 -0.308252 0.353203 0.398244 -0.311478 0.358238
0.426714 -0.308143 0.353029 0.399194 -0.311372 0.358069
0.427693 -0.308034 0.352855 0.400146 -0.311265 0.3579
0.428671 -0.307925 0.352681 0.4011 -0.311159 0.357731
0.42965 -0.307817 0.352507 0.402055 -0.311053 0.357561
0.430629 -0.307708 0.352333 0.403011 -0.310946 0.357392
0.431608 -0.307599 0.352159 0.403968 -0.31084 0.357222
0.432586 -0.30749 0.351985 0.404927 -0.310733 0.357052
0.433565 -0.307382 0.351811 0.405887 -0.310626 0.356882
0.434544 -0.307273 0.351637 0.406849 -0.310519 0.356711
0.435522 -0.307164 0.351463 0.407811 -0.310412 0.356541
0.436501 -0.307055 0.351289 0.408774 -0.310305 0.35637
0.43748 -0.306947 0.351115 0.409257 -0.310252 0.356284
0.438459 -0.306838 0.350941 0.410704 -0.310091 0.356028
0.439437 -0.306729 0.350767 0.411671 -0.309983 0.355857
0.440416 -0.30662 0.350593 0.412638 -0.309876 0.355685
0.441395 -0.306512 0.350419 0.413606 -0.309768 0.355514
0.442374 -0.306403 0.350245 0.414575 -0.309661 0.355342
0.443352 -0.306294 0.350071 0.415544 -0.309553 0.35517
0.444331 -0.306185 0.349897 0.416514 -0.309445 0.354998
0.44531 -0.306077 0.349723 0.417485 -0.309337 0.354826
0.446288 -0.305968 0.349549 0.418457 -0.309229 0.354654
0.447267 -0.305859 0.349375 0.419429 -0.309121 0.354482
0.448246 -0.30575 0.349201 0.420401 -0.309013 0.35431
0.449225 -0.305642 0.349027 0.421374 -0.308905 0.354137
0.450203 -0.305533 0.348853 0.422347 -0.308797 0.353965
0.451182 -0.305424 0.348679 0.423321 -0.308689 0.353792
0.452161 -0.305315 0.348505 0.424295 -0.308581 0.353619
0.453139 -0.305207 0.348331 0.42527 -0.308472 0.353446
0.454118 -0.305098 0.348157 0.426245 -0.308364 0.353274
0.455097 -0.304989 0.347983 0.427221 -0.308255 0.353101
0.456076 -0.30488 0.347809 0.428196 -0.308147 0.352928
0.457054 -0.304772 0.347635 0.429172 -0.308038 0.352754
0.458033 -0.304663 0.347461 0.430149 -0.30793 0.352581
0.459012 -0.304554 0.347287 0.431126 -0.307821 0.352408
0.459991 -0.304445 0.347113 0.432102 -0.307712 0.352235
0.460969 -0.304337 0.346939 0.43308 -0.307604 0.352062
0.461948 -0.304228 0.346765 0.434056 -0.307495 0.351888
0.462927 -0.304119 0.346591 0.435029 -0.307387 0.351715
0.463905 -0.304011 0.346417 0.435999 -0.307278 0.351543
0.464884 -0.303902 0.346243 0.43697 -0.30717 0.351371
0.465863 -0.303793 0.346069 0.437941 -0.307062 0.351198
0.466842 -0.303684 0.345895 0.4394 -0.306899 0.350939
0.46782 -0.303576 0.345721 0.440373 -0.306791 0.350766
0.468799 -0.303467 0.345547 0.441347 -0.306682 0.350593
0.469778 -0.303358 0.345373 0.442321 -0.306574 0.35042
0.470757 -0.303249 0.345199 0.443295 -0.306465 0.350248
0.471735 -0.303141 0.345025 0.444268 -0.306357 0.350075
0.472714 -0.303032 0.344851 0.445241 -0.306249 0.349902
0.473693 -0.302923 0.344677 0.446214 -0.30614 0.349729
0.474671 -0.302814 0.344503 0.447188 -0.306032 0.349556
0.47565 -0.302706 0.344329 0.448161 -0.305923 0.349383
0.476629 -0.302597 0.344155 0.449134 -0.305815 0.34921
0.477608 -0.302488 0.343981 0.450106 -0.305706 0.349038
0.478586 -0.302379 0.343807 0.451075 -0.305598 0.348866
0.479565 -0.302271 0.343633 0.452043 -0.30549 0.348694
0.480544 -0.302162 0.343459 0.452527 -0.305436 0.348607
0.481522 -0.302053 0.343285 0.453979 -0.305274 0.348349
0.482501 -0.301944 0.343111 0.454948 -0.305166 0.348177
0.48348 -0.301836 0.342937 0.455917 -0.305058 0.348005
0.484459 -0.301727 0.342763 0.456887 -0.30495 0.347833
0.485437 -0.301618 0.342589 0.457857 -0.304842 0.34766
0.486416 -0.301509 0.342415 0.458823 -0.304734 0.347488
0.487395 -0.301401 0.342241 0.45979 -0.304626 0.347317
0.488374 -0.301292 0.342067 0.460273 -0.304572 0.347231
0.489352 -0.301183 0.341893 0.460757 -0.304518 0.347145
0.490331 -0.301074 0.341719 0.462695 -0.304302 0.3468
0.49131 -0.300966 0.341545 0.463665 -0.304194 0.346628
0.492288 -0.300857 0.341371 0.464634 -0.304086 0.346456
0.493267 -0.300748 0.341197 0.465602 -0.303978 0.346284
0.494246 -0.300639 0.341023 0.46657 -0.303871 0.346112
0.495225 -0.300531 0.340849 0.467535 -0.303763 0.34594
0.496203 -0.300422 0.340675 0.4685 -0.303655 0.345769
0.497182 -0.300313 0.340501 0.469463 -0.303548 0.345598
0.498161 -0.300204 0.340327 0.470426 -0.30344 0.345426
0.499139 -0.300096 0.340153 0.471388 -0.303333 0.345255
0.500118 -0.299987 0.339979 0.472349 -0.303226 0.345084
0.499139 -0.300096 0.340153 0.47331 -0.303119 0.344913
0.500118 -0.299987 0.339979 0.474271 -0.303011 0.344743
0.499139 -0.300096 0.340153 0.475711 -0.302851 0.344486
0.500118 -0.299987 0.339979 0.476669 -0.302744 0.344316
0.499139 -0.300096 0.340153 0.477146 -0.30269 0.344231
0.500118 -0.299987 0.339979 0.478095 -0.302584 0.344062
0.499139 -0.300096 0.340153 0.479496 -0.302427 0.343811
0.500118 -0.299987 0.339979 0.479955 -0.302375 0.343729
0.499139 -0.300096 0.340153 0.48086 -0.302273 0.343567
0.500118 -0.299987 0.339979 0.481744 -0.302172 0.343407
0.499139 -0.300096 0.340153 0.482178 -0.302123 0.343329
0.500118 -0.299987 0.339979 0.483446 -0.301977 0.343099
0.499139 -0.300096 0.340153 0.48426 -0.301883 0.34295
0.500118 -0.299987 0.339979 0.485049 -0.301792 0.342806
0.499139 -0.300096 0.340153 0.485811 -0.301703 0.342666
0.500118 -0.299987 0.339979 0.486547 -0.301617 0.34253
0.499139 -0.300096 0.340153 0.487256 -0.301533 0.342399
0.500118 -0.299987 0.339979 0.487601 -0.301493 0.342335
0.499139 -0.300096 0.340153 0.488269 -0.301413 0.342211
0.500118 -0.299987 0.339979 0.48922 -0.3013 0.342034
0.499139 -0.300096 0.340153 0.48982 -0.301228 0.341921
0.500118 -0.299987 0.339979 0.490394 -0.301159 0.341813
0.499139 -0.300096 0.340153 0.490943 -0.301093 0.34171
0.500118 -0.299987 0.339979 0.491465 -0.30103 0.341611
0.499139 -0.300096 0.340153 0.491962 -0.300969 0.341517
0.500118 -0.299987 0.339979 0.492435 -0.300912 0.341428
0.499139 -0.300096 0.340153 0.492884 -0.300857 0.341342
0.500118 -0.299987 0.339979 0.49331 -0.300805 0.341261
0.499139 -0.300096 0.340153 0.493713 -0.300756 0.341184
0.500118 -0.299987 0.339979 0.494095 -0.300709 0.341112
0.499139 -0.300096 0.340153 0.494456 -0.300664 0.341043
0.500118 -0.299987 0.339979 0.494796 -0.300622 0.340977
0.499139 -0.300096 0.340153 0.495117 -0.300583 0.340916
0.500118 -0.299987 0.339979 0.49542 -0.300545 0.340858
0.499139 -0.300096 0.340153 0.495706 -0.30051 0.340803
0.500118 -0.299987 0.339979 0.495977 -0.300477 0.340751
0.499139 -0.300096 0.340153 0.496233 -0.300445 0.340702
0.500118 -0.299987 0.339979 0.496473 -0.300415 0.340656
0.499139 -0.300096 0.340153 0.496699 -0.300388 0.340613
0.500118 -0.299987 0.339979 0.496913 -0.300361 0.340572
0.499139 -0.300096 0.340153 0.497113 -0.300337 0.340533
0.500118 -0.299987 0.339979 0.4973 -0.300313 0.340497
0.499139 -0.300096 0.340153 0.497473 -0.300292 0.340464
0.500118 -0.299987 0.339979 0.497635 -0.300272 0.340433
0.499139 -0.300096 0.340153 0.497785 -0.300254 0.340404
0.500118 -0.299987 0.339979 0.497924 -0.300236 0.340377
0.499139 -0.300096 0.340153 0.498055 -0.30022 0.340352
0.500118 -0.299987 0.339979 0.498178 -0.300205 0.340329
0.499139 -0.300096 0.340153 0.498293 -0.300191 0.340307
0.500118 -0.299987 0.339979 0.498398 -0.300178 0.340287
0.499139 -0.300096 0.340153 0.498497 -0.300166 0.340268
0.500118 -0.299987 0.339979 0.49859 -0.300155 0.34025
0.499139 -0.300096 0.340153 0.498676 -0.300144 0.340234
0.500118 -0.299987 0.339979 0.498755 -0.300135 0.340219
0.499139 -0.300096 0.340153 0.498828 -0.300126 0.340205
0.500118 -0.299987 0.339979 0.498897 -0.300118 0.340192
0.499139 -0.300096 0.340153 0.498961 -0.30011 0.34018
0.500118 -0.299987 0.339979 0.499021 -0.300103 0.340169
