-0.39835 -0.399817 0.499707 -0.399329 -0.399926 0.499881
-0.397371 -0.399708 0.499533 -0.399329 -0.399926 0.499881
-0.396392 -0.399599 0.499359 -0.399328 -0.399926 0.499881
-0.395414 -0.399491 0.499185 -0.399328 -0.399926 0.499881
-0.394435 -0.399382 0.499011 -0.399326 -0.399925 0.499881
-0.393456 -0.399273 0.498837 -0.399319 -0.399925 0.49988
-0.392477 -0.399165 0.498663 -0.399304 -0.399923 0.499877
-0.391499 -0.399056 0.498489 -0.399258 -0.399918 0.499869
-0.39052 -0.398947 0.498315 -0.399235 -0.399915 0.499865
-0.389541 -0.398838 0.498141 -0.399138 -0.399905 0.499848
-0.388563 -0.39873 0.497967 -0.398995 -0.39989 0.499823
-0.387584 -0.398621 0.497793 -0.39887 -0.399877 0.499802
-0.386605 -0.398512 0.497619 -0.398722 -0.399862 0.499776
-0.385626 -0.398403 0.497445 -0.398549 -0.399844 0.499746
-0.384648 -0.398295 0.497271 -0.39835 -0.399823 0.499712
-0.383669 -0.398186 0.497097 -0.398125 -0.3998 0.499673
-0.38269 -0.398077 0.496923 -0.398003 -0.399788 0.499652
-0.381711 -0.397968 0.496749 -0.397595 -0.399747 0.499583
-0.380733 -0.39786 0.496575 -0.397289 -0.399716 0.49953
-0.379754 -0.397751 0.496401 -0.396955 -0.399682 0.499474
-0.378775 -0.397642 0.496227 -0.396595 -0.399646 0.499412
-0.377797 -0.397533 0.496054 -0.396208 -0.399607 0.499346
-0.376818 -0.397425 0.49588 -0.395795 -0.399566 0.499276
-0.375839 -0.397316 0.495706 -0.395356 -0.399522 0.499201
-0.37486 -0.397207 0.495532 -0.395128 -0.399499 0.499163
-0.373882 -0.397098 0.495358 -0.394151 -0.399402 0.498997
-0.372903 -0.39699 0.495184 -0.393628 -0.39935 0.498908
-0.371924 -0.396881 0.49501 -0.393082 -0.399295 0.498815
-0.370946 -0.396772 0.494836 -0.392516 -0.399239 0.498719
-0.369967 -0.396663 0.494662 -0.391931 -0.39918 0.498619
-0.368988 -0.396555 0.494488 -0.391328 -0.39912 0.498516
-0.368009 -0.396446 0.494314 -0.390706 -0.399057 0.49841
-0.367031 -0.396337 0.49414 -0.390066 -0.398993 0.498301
-0.366052 -0.396228 0.493966 -0.389408 -0.398926 0.498189
-0.365073 -0.39612 0.493792 -0.388734 -0.398858 0.498073
-0.364094 -0.396011 0.493618 -0.388043 -0.398788 0.497955
-0.363116 -0.395902 0.493444 -0.387337 -0.398716 0.497834
-0.362137 -0.395793 0.49327 -0.386615 -0.398643 0.497711
-0.361158 -0.395685 0.493096 -0.385879 -0.398568 0.497584
-0.36018 -0.395576 0.492922 -0.385128 -0.398491 0.497455
-0.359201 -0.395467 0.492748 -0.384364 -0.398413 0.497324
-0.358222 -0.395358 0.492574 -0.383587 -0.398333 0.49719
-0.357243 -0.39525 0.4924 -0.382798 -0.398252 0.497054
-0.356265 -0.395141 0.492226 -0.381997 -0.398169 0.496916
-0.355286 -0.395032 0.492052 -0.381592 -0.398127 0.496846
-0.354307 -0.394923 0.491878 -0.380361 -0.398 0.496634
-0.353329 -0.394815 0.491704 -0.379946 -0.397957 0.496562
-0.35235 -0.394706 0.49153 -0.379528 -0.397913 0.496489
-0.351371 -0.394597 0.491356 -0.379108 -0.397869 0.496417
-0.350392 -0.394488 0.491182 -0.376538 -0.3976 0.495971
-0.349414 -0.39438 0.491008 -0.375665 -0.397508 0.495819
-0.348435 -0.394271 0.490834 -0.374786 -0.397416 0.495666
-0.347456 -0.394162 0.49066 -0.373904 -0.397322 0.495512
-0.346477 -0.394053 0.490486 -0.373019 -0.397228 0.495357
-0.345499 -0.393945 0.490312 -0.37213 -0.397133 0.495202
-0.34452 -0.393836 0.490138 -0.371237 -0.397037 0.495045
-0.343541 -0.393727 0.489964 -0.370339 -0.39694 0.494887
-0.342563 -0.393618 0.48979 -0.369434 -0.396843 0.494729
-0.341584 -0.39351 0.489616 -0.368524 -0.396745 0.494569
-0.340605 -0.393401 0.489442 -0.367609 -0.396646 0.494408
-0.339626 -0.393292 0.489268 -0.36669 -0.396547 0.494246
-0.338648 -0.393183 0.489094 -0.365768 -0.396447 0.494084
-0.337669 -0.393075 0.48892 -0.364844 -0.396347 0.493921
-0.33669 -0.392966 0.488746 -0.363919 -0.396246 0.493758
-0.335711 -0.392857 0.488572 -0.362993 -0.396145 0.493594
-0.334733 -0.392748 0.488398 -0.362065 -0.396043 0.49343
-0.333754 -0.39264 0.488224 -0.361135 -0.395941 0.493266
-0.332775 -0.392531 0.48805 -0.360203 -0.395839 0.493101
-0.331797 -0.392422 0.487876 -0.35927 -0.395736 0.492935
-0.330818 -0.392313 0.487702 -0.358335 -0.395634 0.492769
-0.329839 -0.392205 0.487528 -0.357398 -0.39553 0.492603
-0.32886 -0.392096 0.487354 -0.35646 -0.395427 0.492437
-0.327882 -0.391987 0.48718 -0.355519 -0.395323 0.49227
-0.326903 -0.391878 0.487006 -0.354577 -0.395219 0.492102
-0.325924 -0.39177 0.486832 -0.353632 -0.395115 0.491935
-0.324946 -0.391661 0.486658 -0.352686 -0.39501 0.491767
-0.323967 -0.391552 0.486484 -0.351739 -0.394905 0.491598
-0.322988 -0.391443 0.48631 -0.35079 -0.3948 0.491429
-0.322009 -0.391335 0.486136 -0.34984 -0.394695 0.49126
-0.321031 -0.391226 0.485962 -0.348888 -0.394589 0.491091
-0.320052 -0.391117 0.485788 -0.347935 -0.394484 0.490922
-0.319073 -0.391008 0.485614 -0.34698 -0.394378 0.490752
-0.318094 -0.3909 0.48544 -0.346024 -0.394272 0.490582
-0.317116 -0.390791 0.485266 -0.345067 -0.394166 0.490411
-0.316137 -0.390682 0.485092 -0.344108 -0.39406 0.490241
-0.315158 -0.390573 0.484918 -0.343147 -0.393953 0.49007
-0.31418 -0.390465 0.484744 -0.342183 -0.393846 0.489898
-0.313201 -0.390356 0.48457 -0.341216 -0.393739 0.489726
-0.312222 -0.390247 0.484396 -0.340249 -0.393632 0.489554
-0.311243 -0.390138 0.484222 -0.339282 -0.393525 0.489382
-0.310265 -0.39003 0.484048 -0.338313 -0.393418 0.48921
-0.309286 -0.389921 0.483874 -0.337343 -0.39331 0.489037
-0.308307 -0.389812 0.4837 -0.336371 -0.393202 0.488864
-0.307329 -0.389703 0.483526 -0.335395 -0.393094 0.488691
-0.30635 -0.389595 0.483352 -0.334416 -0.392986 0.488517
-0.305371 -0.389486 0.483178 -0.333436 -0.392878 0.488343
-0.304392 -0.389377 0.483004 -0.332453 -0.392769 0.488168
-0.303414 -0.389268 0.48283 -0.331469 -0.39266 0.487993
-0.302435 -0.38916 0.482656 -0.330483 -0.392551 0.487818
-0.301456 -0.389051 0.482482 -0.329496 -0.392442 0.487642
-0.300477 -0.388942 0.482308 -0.328508 -0.392333 0.487467
-0.299499 -0.388834 0.482134 -0.327519 -0.392224 0.487291
-0.29852 -0.388725 0.48196 -0.326529 -0.392114 0.487115
-0.297541 -0.388616 0.481786 -0.325538 -0.392005 0.486939
-0.296563 -0.388507 0.481612 -0.324547 -0.391895 0.486762
-0.295584 -0.388399 0.481438 -0.323556 -0.391785 0.486586
-0.294605 -0.38829 0.481264 -0.322565 -0.391676 0.48641
-0.293626 -0.388181 0.48109 -0.321573 -0.391566 0.486233
-0.292648 -0.388072 0.480916 -0.320582 -0.391456 0.486057
-0.291669 -0.387964 0.480742 -0.319591 -0.391346 0.48588
-0.29069 -0.387855 0.480568 -0.318604 -0.391236 0.485705
-0.289712 -0.387746 0.480394 -0.317619 -0.391126 0.485529
-0.288733 -0.387637 0.48022 -0.316636 -0.391017 0.485354
-0.287754 -0.387529 0.480046 -0.315654 -0.390907 0.485178
-0.286775 -0.38742 0.479872 -0.314671 -0.390798 0.485003
-0.285797 -0.387311 0.479698 -0.313687 -0.390688 0.484828
-0.284818 -0.387202 0.479524 -0.312703 -0.390578 0.484652
-0.283839 -0.387094 0.47935 -0.31172 -0.390469 0.484477
-0.28286 -0.386985 0.479176 -0.310738 -0.390359 0.484302
-0.281882 -0.386876 0.479002 -0.309759 -0.39025 0.484127
-0.280903 -0.386767 0.478828 -0.308781 -0.390141 0.483952
-0.279924 -0.386659 0.478654 -0.307805 -0.390032 0.483778
-0.278946 -0.38655 0.47848 -0.30683 -0.389923 0.483604
-0.277967 -0.386441 0.478306 -0.305855 -0.389814 0.48343
-0.276988 -0.386332 0.478132 -0.304878 -0.389705 0.483256
-0.276009 -0.386224 0.477958 -0.303902 -0.389596 0.483082
-0.275031 -0.386115 0.477784 -0.302927 -0.389487 0.482908
-0.274052 -0.386006 0.47761 -0.301953 -0.389378 0.482734
-0.273073 -0.385897 0.477436 -0.30098 -0.38927 0.48256
-0.272094 -0.385789 0.477262 -0.300007 -0.389161 0.482387
-0.271116 -0.38568 0.477088 -0.299036 -0.389053 0.482213
-0.270137 -0.385571 0.476914 -0.298065 -0.388944 0.48204
-0.269158 -0.385462 0.47674 -0.297094 -0.388836 0.481867
-0.26818 -0.385354 0.476566 -0.296123 -0.388727 0.481693
-0.267201 -0.385245 0.476392 -0.295152 -0.388619 0.48152
-0.266222 -0.385136 0.476218 -0.294181 -0.388511 0.481347
-0.265243 -0.385027 0.476044 -0.293209 -0.388403 0.481174
-0.264265 -0.384919 0.47587 -0.292238 -0.388294 0.481
-0.263286 -0.38481 0.475696 -0.291266 -0.388186 0.480827
-0.262307 -0.384701 0.475522 -0.290295 -0.388078 0.480654
-0.261329 -0.384592 0.475348 -0.289324 -0.38797 0.480481
-0.26035 -0.384484 0.475174 -0.287867 -0.387808 0.480221
-0.259371 -0.384375 0.475 -0.286896 -0.3877 0.480048
-0.258392 -0.384266 0.474826 -0.285925 -0.387592 0.479875
-0.257414 -0.384157 0.474652 -0.28544 -0.387538 0.479789
-0.256435 -0.384049 0.474478 -0.283983 -0.387376 0.479529
-0.255456 -0.38394 0.474304 -0.283012 -0.387268 0.479356
-0.254477 -0.383831 0.47413 -0.282041 -0.38716 0.479183
-0.253499 -0.383722 0.473956 -0.281069 -0.387052 0.47901
-0.25252 -0.383614 0.473782 -0.280098 -0.386944 0.478837
-0.251541 -0.383505 0.473608 -0.279127 -0.386836 0.478664
-0.250563 -0.383396 0.473434 -0.27816 -0.386728 0.478491
-0.249584 -0.383287 0.47326 -0.277195 -0.386621 0.478319
-0.248605 -0.383179 0.473086 -0.27623 -0.386513 0.478147
-0.247626 -0.38307 0.472912 -0.275265 -0.386406 0.477975
-0.246648 -0.382961 0.472738 -0.274297 -0.386298 0.477803
-0.245669 -0.382852 0.472564 -0.273329 -0.386191 0.47763
-0.24469 -0.382744 0.47239 -0.27236 -0.386083 0.477458
-0.243712 -0.382635 0.472216 -0.271389 -0.385975 0.477285
-0.242733 -0.382526 0.472042 -0.270418 -0.385868 0.477112
-0.241754 -0.382417 0.471868 -0.269446 -0.38576 0.476939
-0.240775 -0.382309 0.471694 -0.268474 -0.385652 0.476766
-0.239797 -0.3822 0.47152 -0.267501 -0.385544 0.476592
-0.238818 -0.382091 0.471346 -0.266527 -0.385436 0.476419
-0.237839 -0.381982 0.471172 -0.265552 -0.385328 0.476246
-0.23686 -0.381874 0.470998 -0.264577 -0.38522 0.476072
-0.235882 -0.381765 0.470824 -0.263602 -0.385112 0.475899
-0.234903 -0.381656 0.47065 -0.262626 -0.385004 0.475725
-0.233924 -0.381547 0.470476 -0.26165 -0.384896 0.475551
-0.232946 -0.381439 0.470302 -0.260673 -0.384788 0.475377
-0.231967 -0.38133 0.470128 -0.259696 -0.38468 0.475203
-0.230988 -0.381221 0.469954 -0.258719 -0.384572 0.47503
-0.230009 -0.381112 0.46978 -0.257741 -0.384463 0.474856
-0.229031 -0.381004 0.469606 -0.257253 -0.384409 0.474769
-0.228052 -0.380895 0.469432 -0.256275 -0.384301 0.474595
-0.227073 -0.380786 0.469258 -0.255297 -0.384193 0.47442
-0.226094 -0.380677 0.469084 -0.253829 -0.38403 0.474159
-0.225116 -0.380569 0.46891 -0.25285 -0.383922 0.473985
-0.224137 -0.38046 0.468736 -0.251872 -0.383813 0.473811
-0.223158 -0.380351 0.468562 -0.250892 -0.383705 0.473636
-0.22218 -0.380242 0.468388 -0.250403 -0.383651 0.473549
-0.221201 -0.380134 0.468214 -0.249424 -0.383542 0.473375
-0.220222 -0.380025 0.46804 -0.248444 -0.383434 0.473201
-0.219243 -0.379916 0.467866 -0.247465 -0.383325 0.473026
-0.218265 -0.379807 0.467692 -0.246486 -0.383216 0.472852
-0.217286 -0.379699 0.467518 -0.245017 -0.383054 0.47259
-0.216307 -0.37959 0.467344 -0.244037 -0.382945 0.472416
-0.215329 -0.379481 0.46717 -0.243058 -0.382836 0.472241
-0.21435 -0.379372 0.466996 -0.242568 -0.382782 0.472154
-0.213371 -0.379264 0.466822 -0.241589 -0.382673 0.47198
-0.212392 -0.379155 0.466648 -0.240119 -0.38251 0.471718
-0.211414 -0.379046 0.466474 -0.239629 -0.382456 0.471631
-0.210435 -0.378937 0.4663 -0.23816 -0.382293 0.471369
-0.209456 -0.378829 0.466126 -0.237181 -0.382184 0.471195
-0.208477 -0.37872 0.465952 -0.236203 -0.382076 0.47102
-0.207499 -0.378611 0.465778 -0.235225 -0.381967 0.470846
-0.20652 -0.378503 0.465604 -0.234247 -0.381859 0.470672
-0.205541 -0.378394 0.46543 -0.233269 -0.38175 0.470498
-0.204563 -0.378285 0.465256 -0.232291 -0.381641 0.470323
-0.203584 -0.378176 0.465082 -0.231312 -0.381533 0.470149
-0.202605 -0.378068 0.464908 -0.230332 -0.381424 0.469974
-0.201626 -0.377959 0.464734 -0.229353 -0.381315 0.4698
-0.200648 -0.37785 0.46456 -0.228373 -0.381207 0.469625
-0.199669 -0.377741 0.464386 -0.227394 -0.381098 0.469451
-0.19869 -0.377633 0.464212 -0.226414 -0.380989 0.469276
-0.197712 -0.377524 0.464038 -0.225435 -0.380881 0.469102
-0.196733 -0.377415 0.463864 -0.224455 -0.380772 0.468927
-0.195754 -0.377306 0.46369 -0.223476 -0.380663 0.468753
-0.194775 -0.377198 0.463516 -0.222496 -0.380555 0.468578
-0.193797 -0.377089 0.463342 -0.221517 -0.380446 0.468404
-0.192818 -0.37698 0.463168 -0.220538 -0.380337 0.468229
-0.191839 -0.376871 0.462994 -0.219558 -0.380229 0.468055
-0.19086 -0.376763 0.46282 -0.218579 -0.38012 0.46788
-0.189882 -0.376654 0.462646 -0.2176 -0.380011 0.467706
-0.188903 -0.376545 0.462472 -0.21662 -0.379902 0.467531
-0.187924 -0.376436 0.462298 -0.215641 -0.379794 0.467357
-0.186946 -0.376328 0.462124 -0.214662 -0.379685 0.467182
-0.185967 -0.376219 0.46195 -0.213682 -0.379576 0.467008
-0.184988 -0.37611 0.461776 -0.212703 -0.379468 0.466833
-0.184009 -0.376001 0.461602 -0.211724 -0.379359 0.466659
-0.183031 -0.375893 0.461428 -0.210745 -0.37925 0.466484
-0.182052 -0.375784 0.461254 -0.209766 -0.379142 0.46631
-0.181073 -0.375675 0.46108 -0.208787 -0.379033 0.466135
-0.180094 -0.375566 0.460906 -0.207808 -0.378924 0.465961
-0.179116 -0.375458 0.460732 -0.206829 -0.378815 0.465786
-0.178137 -0.375349 0.460558 -0.20585 -0.378707 0.465612
-0.177158 -0.37524 0.460384 -0.204871 -0.378598 0.465437
-0.17618 -0.375131 0.46021 -0.203892 -0.378489 0.465263
-0.175201 -0.375023 0.460036 -0.202913 -0.378381 0.465088
-0.174222 -0.374914 0.459862 -0.201934 -0.378272 0.464914
-0.173243 -0.374805 0.459688 -0.200955 -0.378163 0.464739
-0.172265 -0.374696 0.459514 -0.199976 -0.378055 0.464565
-0.171286 -0.374588 0.45934 -0.199486 -0.378 0.464477
-0.170307 -0.374479 0.459166 -0.198018 -0.377837 0.464216
-0.169329 -0.37437 0.458992 -0.197039 -0.377729 0.464041
-0.16835 -0.374261 0.458818 -0.19606 -0.37762 0.463867
-0.167371 -0.374153 0.458644 -0.195081 -0.377511 0.463692
-0.166392 -0.374044 0.45847 -0.194102 -0.377403 0.463518
-0.165414 -0.373935 0.458296 -0.193124 -0.377294 0.463343
-0.164435 -0.373826 0.458122 -0.192145 -0.377185 0.463169
-0.163456 -0.373718 0.457948 -0.191166 -0.377077 0.462994
-0.162477 -0.373609 0.457774 -0.190187 -0.376968 0.46282
-0.161499 -0.3735 0.4576 -0.189208 -0.376859 0.462645
-0.16052 -0.373391 0.457426 -0.188719 -0.376805 0.462558
-0.159541 -0.373283 0.457252 -0.187251 -0.376642 0.462296
-0.158563 -0.373174 0.457078 -0.186762 -0.376588 0.462209
-0.157584 -0.373065 0.456904 -0.185294 -0.376425 0.461947
-0.156605 -0.372956 0.45673 -0.184318 -0.376316 0.461773
-0.155626 -0.372848 0.456556 -0.183343 -0.376208 0.461599
-0.154648 -0.372739 0.456382 -0.182368 -0.376099 0.461426
-0.153669 -0.37263 0.456208 -0.181393 -0.375991 0.461252
-0.15269 -0.372521 0.456034 -0.180417 -0.375883 0.461078
-0.151712 -0.372413 0.45586 -0.179441 -0.375774 0.460904
-0.150733 -0.372304 0.455686 -0.178465 -0.375666 0.460729
-0.149754 -0.372195 0.455512 -0.177488 -0.375557 0.460555
-0.148775 -0.372086 0.455338 -0.176511 -0.375449 0.460381
-0.147797 -0.371978 0.455164 -0.175533 -0.37534 0.460207
-0.146818 -0.371869 0.45499 -0.174556 -0.375232 0.460032
-0.145839 -0.37176 0.454816 -0.173578 -0.375123 0.459858
-0.14486 -0.371651 0.454642 -0.172599 -0.375015 0.459684
-0.143882 -0.371543 0.454468 -0.171621 -0.374906 0.459509
-0.142903 -0.371434 0.454294 -0.170643 -0.374798 0.459335
-0.141924 -0.371325 0.45412 -0.169664 -0.374689 0.45916
-0.140946 -0.371216 0.453946 -0.168685 -0.374581 0.458986
-0.139967 -0.371108 0.453772 -0.167706 -0.374472 0.458811
-0.138988 -0.370999 0.453598 -0.166727 -0.374363 0.458637
-0.138009 -0.37089 0.453424 -0.165748 -0.374255 0.458462
-0.137031 -0.370781 0.45325 -0.164769 -0.374146 0.458288
-0.136052 -0.370673 0.453076 -0.16379 -0.374038 0.458113
-0.135073 -0.370564 0.452902 -0.162811 -0.373929 0.457939
-0.134094 -0.370455 0.452728 -0.161832 -0.37382 0.457764
-0.133116 -0.370346 0.452554 -0.160852 -0.373712 0.457589
-0.132137 -0.370238 0.45238 -0.159873 -0.373603 0.457415
-0.131158 -0.370129 0.452206 -0.158894 -0.373495 0.45724
-0.13018 -0.37002 0.452032 -0.157914 -0.373386 0.457066
-0.129201 -0.369911 0.451858 -0.156935 -0.373277 0.456891
-0.128222 -0.369803 0.451684 -0.155956 -0.373169 0.456716
-0.127243 -0.369694 0.45151 -0.154977 -0.37306 0.456542
-0.126265 -0.369585 0.451336 -0.153997 -0.372951 0.456367
-0.125286 -0.369476 0.451163 -0.153018 -0.372843 0.456193
-0.124307 -0.369368 0.450989 -0.152039 -0.372734 0.456018
-0.123329 -0.369259 0.450815 -0.15106 -0.372625 0.455843
-0.12235 -0.36915 0.450641 -0.15008 -0.372517 0.455669
-0.121371 -0.369041 0.450467 -0.149101 -0.372408 0.455494
-0.120392 -0.368933 0.450293 -0.148122 -0.372299 0.455319
-0.119414 -0.368824 0.450119 -0.147143 -0.372191 0.455145
-0.118435 -0.368715 0.449945 -0.146164 -0.372082 0.45497
-0.117456 -0.368606 0.449771 -0.145185 -0.371973 0.454796
-0.116477 -0.368498 0.449597 -0.144207 -0.371865 0.454621
-0.115499 -0.368389 0.449423 -0.143228 -0.371756 0.454447
-0.11452 -0.36828 0.449249 -0.142249 -0.371647 0.454272
-0.113541 -0.368171 0.449075 -0.141271 -0.371539 0.454097
-0.112563 -0.368063 0.448901 -0.140292 -0.37143 0.453923
-0.111584 -0.367954 0.448727 -0.139313 -0.371321 0.453748
-0.110605 -0.367845 0.448553 -0.138335 -0.371213 0.453574
-0.109626 -0.367737 0.448379 -0.137357 -0.371104 0.453399
-0.108648 -0.367628 0.448205 -0.136379 -0.370996 0.453225
-0.107669 -0.367519 0.448031 -0.135402 -0.370887 0.453051
-0.10669 -0.36741 0.447857 -0.134425 -0.370779 0.452876
-0.105712 -0.367302 0.447683 -0.133448 -0.37067 0.452702
-0.104733 -0.367193 0.447509 -0.132471 -0.370562 0.452528
-0.103754 -0.367084 0.447335 -0.131495 -0.370453 0.452354
-0.102775 -0.366975 0.447161 -0.130519 -0.370345 0.45218
-0.101797 -0.366867 0.446987 -0.129543 -0.370236 0.452006
-0.100818 -0.366758 0.446813 -0.12808 -0.370074 0.451744
-0.0998392 -0.366649 0.446639 -0.127592 -0.370019 0.451657
-0.0988605 -0.36654 0.446465 -0.126617 -0.369911 0.451484
-0.0978817 -0.366432 0.446291 -0.125643 -0.369803 0.45131
-0.096903 -0.366323 0.446117 -0.124667 -0.369694 0.451136
-0.0959243 -0.366214 0.445943 -0.123692 -0.369586 0.450962
-0.0949456 -0.366105 0.445769 -0.12223 -0.369424 0.450701
-0.0939668 -0.365997 0.445595 -0.121254 -0.369315 0.450527
-0.0929881 -0.365888 0.445421 -0.120766 -0.369261 0.45044
-0.0920094 -0.365779 0.445247 -0.119791 -0.369153 0.450266
-0.0910307 -0.36567 0.445073 -0.118816 -0.369045 0.450092
-0.0900519 -0.365562 0.444899 -0.11784 -0.368936 0.449918
-0.0890732 -0.365453 0.444725 -0.116376 -0.368774 0.449656
-0.0880945 -0.365344 0.444551 -0.1154 -0.368666 0.449482
-0.0871158 -0.365235 0.444377 -0.114424 -0.368557 0.449308
-0.086137 -0.365127 0.444203 -0.113448 -0.368449 0.449134
-0.0851583 -0.365018 0.444029 -0.11296 -0.368395 0.449047
-0.0841796 -0.364909 0.443855 -0.111496 -0.368232 0.448786
-0.0832009 -0.3648 0.443681 -0.110519 -0.368124 0.448612
-0.0822222 -0.364692 0.443507 -0.110031 -0.36807 0.448525
-0.0812434 -0.364583 0.443333 -0.109055 -0.367961 0.448351
-0.0802647 -0.364474 0.443159 -0.107591 -0.367799 0.448089
-0.079286 -0.364365 0.442985 -0.106615 -0.367691 0.447915
-0.0783073 -0.364257 0.442811 -0.10564 -0.367582 0.447741
-0.0773285 -0.364148 0.442637 -0.105152 -0.367528 0.447654
-0.0763498 -0.364039 0.442463 -0.104176 -0.36742 0.44748
-0.0753711 -0.36393 0.442289 -0.1032 -0.367312 0.447306
-0.0743924 -0.363822 0.442115 -0.102224 -0.367203 0.447132
-0.0734136 -0.363713 0.441941 -0.101247 -0.367095 0.446958
-0.0724349 -0.363604 0.441767 -0.10027 -0.366987 0.446784
-0.0714562 -0.363495 0.441593 -0.0992934 -0.366878 0.446609
-0.0704775 -0.363387 0.441419 -0.0983165 -0.36677 0.446435
-0.0694988 -0.363278 0.441245 -0.0973396 -0.366662 0.446261
-0.06852 -0.363169 0.441071 -0.0963628 -0.366553 0.446087
-0.0675413 -0.36306 0.440897 -0.0948979 -0.366391 0.445825
-0.0665626 -0.362952 0.440723 -0.0939215 -0.366283 0.445651
-0.0655839 -0.362843 0.440549 -0.0929454 -0.366174 0.445477
-0.0646051 -0.362734 0.440375 -0.0919693 -0.366066 0.445303
-0.0636264 -0.362625 0.440201 -0.0914813 -0.366012 0.445216
-0.0626477 -0.362517 0.440027 -0.0900173 -0.365849 0.444955
-0.061669 -0.362408 0.439853 -0.0895293 -0.365795 0.444868
-0.0606902 -0.362299 0.439679 -0.088553 -0.365687 0.444693
-0.0597115 -0.36219 0.439505 -0.0875765 -0.365579 0.444519
-0.0587328 -0.362082 0.439331 -0.0865996 -0.36547 0.444345
-0.0577541 -0.361973 0.439157 -0.0856226 -0.365362 0.444171
-0.0567753 -0.361864 0.438983 -0.0846455 -0.365253 0.443996
-0.0557966 -0.361755 0.438809 -0.0836683 -0.365145 0.443822
-0.0548179 -0.361647 0.438635 -0.0822021 -0.364982 0.443561
-0.0538392 -0.361538 0.438461 -0.0812244 -0.364874 0.443386
-0.0528605 -0.361429 0.438287 -0.0802468 -0.364766 0.443212
-0.0518817 -0.36132 0.438113 -0.0792712 -0.364657 0.443038
-0.050903 -0.361212 0.437939 -0.078299 -0.364549 0.442864
-0.0499243 -0.361103 0.437765 -0.0773287 -0.364441 0.442691
-0.0489456 -0.360994 0.437591 -0.076359 -0.364333 0.442518
-0.0479668 -0.360885 0.437417 -0.0753908 -0.364225 0.442345
-0.0469881 -0.360777 0.437243 -0.0749077 -0.364171 0.442259
-0.0460094 -0.360668 0.437069 -0.0729808 -0.363956 0.441915
-0.0450307 -0.360559 0.436895 -0.0720197 -0.363849 0.441744
-0.0440519 -0.36045 0.436721 -0.0710594 -0.363742 0.441572
-0.0430732 -0.360342 0.436547 -0.0700999 -0.363634 0.441401
-0.0420945 -0.360233 0.436373 -0.0691413 -0.363527 0.44123
-0.0411158 -0.360124 0.436199 -0.0681837 -0.36342 0.441059
-0.0401371 -0.360015 0.436025 -0.067227 -0.363314 0.440888
-0.0391583 -0.359907 0.435851 -0.0662708 -0.363207 0.440718
-0.0381796 -0.359798 0.435677 -0.0653149 -0.3631 0.440547
-0.0372009 -0.359689 0.435503 -0.0643591 -0.362993 0.440376
-0.0362222 -0.35958 0.435329 -0.0634034 -0.362887 0.440206
-0.0352434 -0.359472 0.435155 -0.0624479 -0.36278 0.440035
-0.0342647 -0.359363 0.434981 -0.0614924 -0.362674 0.439865
-0.033286 -0.359254 0.434807 -0.0605368 -0.362567 0.439694
-0.0323073 -0.359145 0.434633 -0.0595811 -0.362461 0.439524
-0.0313285 -0.359037 0.434459 -0.058625 -0.362355 0.439353
-0.0303498 -0.358928 0.434285 -0.0576687 -0.362248 0.439183
-0.0293711 -0.358819 0.434111 -0.0567119 -0.362142 0.439012
-0.0283924 -0.35871 0.433937 -0.0557547 -0.362036 0.438841
-0.0274136 -0.358602 0.433763 -0.0547969 -0.361929 0.43867
-0.0264349 -0.358493 0.433589 -0.0538387 -0.361823 0.4385
-0.0254562 -0.358384 0.433415 -0.0528799 -0.361717 0.438329
-0.0244775 -0.358275 0.433241 -0.0519204 -0.36161 0.438157
-0.0234988 -0.358167 0.433067 -0.0509604 -0.361504 0.437986
-0.02252 -0.358058 0.432893 -0.0499998 -0.361397 0.437815
-0.0215413 -0.357949 0.432719 -0.0490385 -0.361291 0.437644
-0.0205626 -0.35784 0.432545 -0.0480766 -0.361184 0.437472
-0.0195839 -0.357732 0.432371 -0.0471141 -0.361078 0.4373
-0.0186051 -0.357623 0.432197 -0.0461509 -0.360971 0.437129
-0.0176264 -0.357514 0.432023 -0.0451871 -0.360865 0.436957
-0.0166477 -0.357406 0.431849 -0.0442226 -0.360758 0.436785
-0.015669 -0.357297 0.431675 -0.0432576 -0.360651 0.436613
-0.0146902 -0.357188 0.431501 -0.042292 -0.360544 0.436441
-0.0137115 -0.357079 0.431327 -0.0413258 -0.360438 0.436269
-0.0127328 -0.356971 0.431153 -0.040359 -0.360331 0.436096
-0.0117541 -0.356862 0.430979 -0.0393916 -0.360224 0.435924
-0.0107754 -0.356753 0.430805 -0.0384237 -0.360117 0.435751
-0.00979663 -0.356644 0.430631 -0.0374553 -0.36001 0.435579
-0.00881791 -0.356536 0.430457 -0.0364864 -0.359903 0.435406
-0.00783918 -0.356427 0.430283 -0.0355169 -0.359796 0.435233
-0.00686046 -0.356318 0.430109 -0.034547 -0.359688 0.43506
-0.00588174 -0.356209 0.429935 -0.0335767 -0.359581 0.434887
-0.00490301 -0.356101 0.429761 -0.032606 -0.359474 0.434714
-0.00392429 -0.355992 0.429587 -0.0316348 -0.359367 0.434541
-0.00294557 -0.355883 0.429413 -0.0306634 -0.359259 0.434368
-0.00196684 -0.355774 0.429239 -0.0296916 -0.359152 0.434195
-0.00098812 -0.355666 0.429065 -0.0287194 -0.359044 0.434022
-9.39648e-06 -0.355557 0.428891 -0.0277469 -0.358937 0.433848
0.000969327 -0.355448 0.428717 -0.0267742 -0.358829 0.433675
0.00194805 -0.355339 0.428543 -0.0258013 -0.358721 0.433501
0.00292677 -0.355231 0.428369 -0.0248282 -0.358614 0.433328
0.0039055 -0.355122 0.428195 -0.0238548 -0.358506 0.433155
0.00488422 -0.355013 0.428021 -0.0228812 -0.358398 0.432981
0.00586294 -0.354904 0.427847 -0.0219074 -0.358291 0.432807
0.00684167 -0.354796 0.427673 -0.0209334 -0.358183 0.432634
0.00782039 -0.354687 0.427499 -0.0199592 -0.358075 0.43246
0.00879911 -0.354578 0.427325 -0.018985 -0.357967 0.432287
0.00977784 -0.354469 0.427151 -0.0180108 -0.357859 0.432113
0.0107566 -0.354361 0.426977 -0.0170366 -0.357751 0.431939
0.0117353 -0.354252 0.426803 -0.0165494 -0.357697 0.431853
0.012714 -0.354143 0.426629 -0.0150878 -0.357536 0.431592
0.0136927 -0.354034 0.426455 -0.0141131 -0.357428 0.431418
0.0146715 -0.353926 0.426281 -0.013138 -0.35732 0.431245
0.0156502 -0.353817 0.426107 -0.0121628 -0.357212 0.431071
0.0166289 -0.353708 0.425933 -0.0111878 -0.357104 0.430897
0.0176076 -0.353599 0.425759 -0.0107003 -0.35705 0.43081
0.0185863 -0.353491 0.425585 -0.00875077 -0.356833 0.430463
0.0195651 -0.353382 0.425411 -0.00777609 -0.356725 0.430289
0.0205438 -0.353273 0.425237 -0.00728877 -0.356671 0.430202
0.0215225 -0.353164 0.425063 -0.00582692 -0.356509 0.429942
0.0225012 -0.353056 0.424889 -0.00485247 -0.356401 0.429768
0.02348 -0.352947 0.424715 -0.00387813 -0.356293 0.429595
0.0244587 -0.352838 0.424541 -0.00339099 -0.356239 0.429508
0.0254374 -0.352729 0.424367 -0.00241677 -0.356131 0.429334
0.0264161 -0.352621 0.424193 -0.00144254 -0.356023 0.429161
0.0273949 -0.352512 0.424019 1.89353e-05 -0.355861 0.428901
0.0283736 -0.352403 0.423845 0.000993337 -0.355753 0.428727
0.0293523 -0.352294 0.423671 0.00196754 -0.355645 0.428553
0.030331 -0.352186 0.423497 0.00294134 -0.355536 0.42838
0.0313097 -0.352077 0.423323 0.00391508 -0.355428 0.428206
0.0322885 -0.351968 0.423149 0.00488908 -0.35532 0.428033
0.0332672 -0.351859 0.422975 0.00586338 -0.355212 0.427859
0.0342459 -0.351751 0.422801 0.00635065 -0.355158 0.427773
0.0352246 -0.351642 0.422627 0.00732539 -0.35505 0.427599
0.0362034 -0.351533 0.422453 0.00830032 -0.354942 0.427425
0.0371821 -0.351424 0.422279 0.00927537 -0.354834 0.427252
0.0381608 -0.351316 0.422105 0.0102505 -0.354726 0.427078
0.0391395 -0.351207 0.421931 0.0112258 -0.354617 0.426904
0.0401183 -0.351098 0.421757 0.0122013 -0.354509 0.426731
0.041097 -0.350989 0.421583 0.0131771 -0.354401 0.426557
0.0420757 -0.350881 0.421409 0.0141531 -0.354293 0.426383
0.0430544 -0.350772 0.421235 0.0151294 -0.354185 0.426209
0.0440332 -0.350663 0.421061 0.016106 -0.354076 0.426035
0.0450119 -0.350554 0.420887 0.0170829 -0.353968 0.425861
0.0459906 -0.350446 0.420713 0.0180599 -0.35386 0.425687
0.0469693 -0.350337 0.420539 0.0190369 -0.353751 0.425513
0.047948 -0.350228 0.420365 0.0200141 -0.353643 0.42534
0.0489268 -0.350119 0.420191 0.0214799 -0.353481 0.425079
0.0499055 -0.350011 0.420017 0.0219685 -0.353426 0.424992
0.0508842 -0.349902 0.419843 0.0229457 -0.353318 0.424818
0.0518629 -0.349793 0.419669 0.0244117 -0.353156 0.424557
0.0528417 -0.349684 0.419495 0.0249004 -0.353101 0.42447
0.0538204 -0.349576 0.419321 0.0258779 -0.352993 0.424296
0.0547991 -0.349467 0.419147 0.0268554 -0.352885 0.424122
0.0557778 -0.349358 0.418973 0.0283219 -0.352722 0.423861
0.0567566 -0.349249 0.418799 0.0288108 -0.352668 0.423774
0.0577353 -0.349141 0.418625 0.0302778 -0.352505 0.423513
0.058714 -0.349032 0.418451 0.0312561 -0.352396 0.423338
0.0596927 -0.348923 0.418277 0.0322348 -0.352288 0.423164
0.0606714 -0.348814 0.418103 0.0332136 -0.352179 0.42299
0.0616502 -0.348706 0.417929 0.033703 -0.352125 0.422903
0.0626289 -0.348597 0.417755 0.0346816 -0.352017 0.422729
0.0636076 -0.348488 0.417581 0.0356601 -0.351908 0.422555
0.0645863 -0.348379 0.417407 0.0371274 -0.351745 0.422294
0.0655651 -0.348271 0.417233 0.0381055 -0.351637 0.42212
0.0665438 -0.348162 0.417059 0.0390835 -0.351528 0.421946
0.0675225 -0.348053 0.416885 0.0400613 -0.35142 0.421772
0.0685012 -0.347944 0.416711 0.0410391 -0.351311 0.421598
0.06948 -0.347836 0.416537 0.0420168 -0.351203 0.421424
0.0704587 -0.347727 0.416363 0.0425056 -0.351148 0.421337
0.0714374 -0.347618 0.416189 0.0434832 -0.35104 0.421163
0.0724161 -0.347509 0.416015 0.0449497 -0.350877 0.420902
0.0733949 -0.347401 0.415841 0.0459278 -0.350768 0.420728
0.0743736 -0.347292 0.415667 0.0469058 -0.35066 0.420554
0.0753523 -0.347183 0.415493 0.0478835 -0.350551 0.42038
0.076331 -0.347074 0.415319 0.048861 -0.350443 0.420206
0.0773097 -0.346966 0.415145 0.0498381 -0.350334 0.420033
0.0782885 -0.346857 0.414971 0.0503266 -0.35028 0.419946
0.0792672 -0.346748 0.414797 0.0513037 -0.350171 0.419772
0.0802459 -0.34664 0.414623 0.0522807 -0.350063 0.419598
0.0812246 -0.346531 0.414449 0.0537466 -0.3499 0.419338
0.0822034 -0.346422 0.414275 0.0542352 -0.349846 0.419251
0.0831821 -0.346313 0.414101 0.0557006 -0.349683 0.41899
0.0841608 -0.346205 0.413927 0.0566773 -0.349574 0.418816
0.0851395 -0.346096 0.413753 0.0571657 -0.34952 0.41873
0.0861183 -0.345987 0.413579 0.0586304 -0.349357 0.418469
0.087097 -0.345878 0.413405 0.0596064 -0.349249 0.418296
0.0880757 -0.34577 0.413231 0.0605822 -0.34914 0.418122
0.0890544 -0.345661 0.413057 0.0615577 -0.349032 0.417949
0.0900331 -0.345552 0.412883 0.062533 -0.348923 0.417775
0.0910119 -0.345443 0.412709 0.0630206 -0.348869 0.417689
0.0919906 -0.345335 0.412535 0.0644831 -0.348707 0.417429
0.0929693 -0.345226 0.412361 0.0654579 -0.348598 0.417256
0.093948 -0.345117 0.412187 0.066432 -0.34849 0.417082
0.0949268 -0.345008 0.412013 0.0674049 -0.348381 0.416909
0.0959055 -0.3449 0.411839 0.0683774 -0.348273 0.416737
0.0968842 -0.344791 0.411665 0.0693501 -0.348165 0.416564
0.0978629 -0.344682 0.411491 0.0703232 -0.348057 0.416391
0.0988417 -0.344573 0.411317 0.0708099 -0.348003 0.416304
0.0998204 -0.344465 0.411143 0.0722709 -0.34784 0.416045
0.100799 -0.344356 0.410969 0.0732452 -0.347732 0.415872
0.101778 -0.344247 0.410795 0.0742194 -0.347624 0.415699
0.102757 -0.344138 0.410621 0.0751932 -0.347515 0.415525
0.103735 -0.34403 0.410447 0.0761669 -0.347407 0.415353
0.104714 -0.343921 0.410273 0.0771406 -0.347299 0.41518
0.105693 -0.343812 0.410099 0.0781144 -0.34719 0.415006
0.106671 -0.343703 0.409925 0.0790883 -0.347082 0.414833
0.10765 -0.343595 0.409751 0.0800623 -0.346974 0.41466
0.108629 -0.343486 0.409577 0.0810363 -0.346866 0.414487
0.109608 -0.343377 0.409403 0.0820104 -0.346757 0.414314
0.110586 -0.343268 0.409229 0.0829846 -0.346649 0.414141
0.111565 -0.34316 0.409055 0.0839588 -0.346541 0.413968
0.112544 -0.343051 0.408881 0.0849329 -0.346433 0.413795
0.113523 -0.342942 0.408707 0.0859068 -0.346324 0.413622
0.114501 -0.342833 0.408533 0.0868807 -0.346216 0.413449
0.11548 -0.342725 0.408359 0.0878545 -0.346108 0.413276
0.116459 -0.342616 0.408185 0.0888282 -0.346 0.413104
0.117437 -0.342507 0.408011 0.0898005 -0.345891 0.412931
0.118416 -0.342398 0.407837 0.0907704 -0.345783 0.412759
0.119395 -0.34229 0.407663 0.091738 -0.345675 0.412587
0.120374 -0.342181 0.407489 0.0927034 -0.345567 0.412415
0.121352 -0.342072 0.407315 0.0936671 -0.34546 0.412244
0.122331 -0.341963 0.407141 0.0946294 -0.345352 0.412073
0.12331 -0.341855 0.406967 0.0955917 -0.345244 0.411902
0.124288 -0.341746 0.406793 0.0965551 -0.345137 0.411731
0.125267 -0.341637 0.406619 0.0975187 -0.345029 0.41156
0.126246 -0.341528 0.406445 0.0984813 -0.344922 0.411389
0.127225 -0.34142 0.406272 0.0994429 -0.344814 0.411219
0.128203 -0.341311 0.406098 0.100404 -0.344707 0.411048
0.129182 -0.341202 0.405924 0.101364 -0.3446 0.410878
0.130161 -0.341093 0.40575 0.102323 -0.344492 0.410707
0.13114 -0.340985 0.405576 0.103283 -0.344385 0.410537
0.132118 -0.340876 0.405402 0.104242 -0.344278 0.410367
0.133097 -0.340767 0.405228 0.105201 -0.344171 0.410197
0.134076 -0.340658 0.405054 0.106159 -0.344064 0.410026
0.135054 -0.34055 0.40488 0.107118 -0.343957 0.409856
0.136033 -0.340441 0.404706 0.108078 -0.34385 0.409686
0.137012 -0.340332 0.404532 0.109038 -0.343743 0.409516
0.137991 -0.340223 0.404358 0.109998 -0.343636 0.409345
0.138969 -0.340115 0.404184 0.110958 -0.343529 0.409175
0.139948 -0.340006 0.40401 0.111918 -0.343422 0.409004
0.140927 -0.339897 0.403836 0.11288 -0.343315 0.408834
0.141905 -0.339788 0.403662 0.113844 -0.343208 0.408663
0.142884 -0.33968 0.403488 0.114808 -0.343101 0.408491
0.143863 -0.339571 0.403314 0.115773 -0.342994 0.40832
0.144842 -0.339462 0.40314 0.11722 -0.342833 0.408064
0.14582 -0.339353 0.402966 0.118185 -0.342726 0.407892
0.146799 -0.339245 0.402792 0.119634 -0.342565 0.407635
0.147778 -0.339136 0.402618 0.120599 -0.342458 0.407464
0.148757 -0.339027 0.402444 0.121565 -0.34235 0.407293
0.149735 -0.338918 0.40227 0.122531 -0.342243 0.407121
0.150714 -0.33881 0.402096 0.123496 -0.342136 0.40695
0.151693 -0.338701 0.401922 0.124461 -0.342028 0.406779
0.152671 -0.338592 0.401748 0.125426 -0.341921 0.406608
0.15365 -0.338483 0.401574 0.126391 -0.341814 0.406437
0.154629 -0.338375 0.4014 0.127356 -0.341706 0.406266
0.155608 -0.338266 0.401226 0.128321 -0.341599 0.406094
0.156586 -0.338157 0.401052 0.129285 -0.341492 0.405923
0.157565 -0.338048 0.400878 0.13025 -0.341384 0.405752
0.158544 -0.33794 0.400704 0.131215 -0.341277 0.405581
0.159523 -0.337831 0.40053 0.13218 -0.34117 0.40541
0.160501 -0.337722 0.400356 0.133145 -0.341062 0.405239
0.16148 -0.337613 0.400182 0.133628 -0.341008 0.405153
0.162459 -0.337505 0.400008 0.135076 -0.340847 0.404896
0.163437 -0.337396 0.399834 0.136042 -0.34074 0.404725
0.164416 -0.337287 0.39966 0.137009 -0.340632 0.404554
0.165395 -0.337178 0.399486 0.137976 -0.340525 0.404382
0.166374 -0.33707 0.399312 0.138944 -0.340417 0.404211
0.167352 -0.336961 0.399138 0.139912 -0.34031 0.404039
0.168331 -0.336852 0.398964 0.14088 -0.340202 0.403867
0.16931 -0.336743 0.39879 0.141849 -0.340094 0.403695
0.170288 -0.336635 0.398616 0.142819 -0.339986 0.403524
0.171267 -0.336526 0.398442 0.143789 -0.339879 0.403352
0.172246 -0.336417 0.398268 0.144759 -0.339771 0.40318
0.173225 -0.336309 0.398094 0.145729 -0.339663 0.403008
0.174203 -0.3362 0.39792 0.1467 -0.339555 0.402836
0.175182 -0.336091 0.397746 0.147671 -0.339447 0.402663
0.176161 -0.335982 0.397572 0.148642 -0.339339 0.402491
0.17714 -0.335874 0.397398 0.149613 -0.339231 0.402319
0.178118 -0.335765 0.397224 0.150585 -0.339123 0.402147
0.179097 -0.335656 0.39705 0.151556 -0.339015 0.401975
0.180076 -0.335547 0.396876 0.152528 -0.338907 0.401803
0.181054 -0.335439 0.396702 0.1535 -0.338799 0.40163
0.182033 -0.33533 0.396528 0.154472 -0.33869 0.401458
0.183012 -0.335221 0.396354 0.155445 -0.338582 0.401285
0.183991 -0.335112 0.39618 0.156418 -0.338474 0.401113
0.184969 -0.335004 0.396006 0.15739 -0.338366 0.400941
0.185948 -0.334895 0.395832 0.158359 -0.338258 0.400769
0.186927 -0.334786 0.395658 0.159326 -0.33815 0.400598
0.187905 -0.334677 0.395484 0.16029 -0.338042 0.400427
0.188884 -0.334569 0.39531 0.161254 -0.337934 0.400256
0.189863 -0.33446 0.395136 0.162219 -0.337826 0.400085
0.190842 -0.334351 0.394962 0.163185 -0.337718 0.399913
0.19182 -0.334242 0.394788 0.164152 -0.33761 0.399742
0.192799 -0.334134 0.394614 0.165119 -0.337502 0.399571
0.193778 -0.334025 0.39444 0.166086 -0.337394 0.399399
0.194757 -0.333916 0.394266 0.167054 -0.337286 0.399228
0.195735 -0.333807 0.394092 0.168022 -0.337178 0.399056
0.196714 -0.333699 0.393918 0.16899 -0.33707 0.398884
0.197693 -0.33359 0.393744 0.169956 -0.336963 0.398713
0.198671 -0.333481 0.39357 0.17092 -0.336855 0.398542
0.19965 -0.333372 0.393396 0.171883 -0.336747 0.398372
0.200629 -0.333264 0.393222 0.172845 -0.336639 0.398201
0.201608 -0.333155 0.393048 0.173806 -0.336532 0.398031
0.202586 -0.333046 0.392874 0.174766 -0.336424 0.397861
0.203565 -0.332937 0.3927 0.175725 -0.336317 0.39769
0.204544 -0.332829 0.392526 0.176205 -0.336263 0.397605
0.205523 -0.33272 0.392352 0.177644 -0.336102 0.39735
0.206501 -0.332611 0.392178 0.178605 -0.335995 0.39718
0.20748 -0.332502 0.392004 0.179569 -0.335887 0.397009
0.208459 -0.332394 0.39183 0.180536 -0.33578 0.396838
0.209437 -0.332285 0.391656 0.181504 -0.335672 0.396666
0.210416 -0.332176 0.391482 0.182472 -0.335564 0.396495
0.211395 -0.332067 0.391308 0.18344 -0.335456 0.396323
0.212374 -0.331959 0.391134 0.184406 -0.335349 0.396152
0.213352 -0.33185 0.39096 0.185372 -0.335241 0.395981
0.214331 -0.331741 0.390786 0.186337 -0.335133 0.39581
0.21531 -0.331632 0.390612 0.187302 -0.335026 0.395639
0.216288 -0.331524 0.390438 0.188267 -0.334918 0.395468
0.217267 -0.331415 0.390264 0.189231 -0.33481 0.395297
0.218246 -0.331306 0.39009 0.190196 -0.334703 0.395126
0.219225 -0.331197 0.389916 0.19116 -0.334595 0.394955
0.220203 -0.331089 0.389742 0.192125 -0.334487 0.394785
0.221182 -0.33098 0.389568 0.193089 -0.33438 0.394614
0.222161 -0.330871 0.389394 0.194054 -0.334272 0.394443
0.22314 -0.330762 0.38922 0.195019 -0.334164 0.394272
0.224118 -0.330654 0.389046 0.195984 -0.334057 0.394101
0.225097 -0.330545 0.388872 0.19695 -0.333949 0.39393
0.226076 -0.330436 0.388698 0.197916 -0.333841 0.393759
0.227054 -0.330327 0.388524 0.198399 -0.333787 0.393673
0.228033 -0.330219 0.38835 0.201302 -0.333464 0.393159
0.229012 -0.33011 0.388176 0.20227 -0.333356 0.392987
0.229991 -0.330001 0.388002 0.203238 -0.333248 0.392816
0.230969 -0.329892 0.387828 0.204202 -0.33314 0.392645
0.231948 -0.329784 0.387654 0.205163 -0.333033 0.392475
0.232927 -0.329675 0.38748 0.206121 -0.332926 0.392305
0.233905 -0.329566 0.387306 0.207075 -0.332818 0.392135
0.234884 -0.329457 0.387132 0.208028 -0.332711 0.391967
0.235863 -0.329349 0.386958 0.208979 -0.332605 0.391798
0.236842 -0.32924 0.386784 0.209928 -0.332498 0.39163
0.23782 -0.329131 0.38661 0.210876 -0.332391 0.391461
0.238799 -0.329022 0.386436 0.211822 -0.332285 0.391293
0.239778 -0.328914 0.386262 0.212769 -0.332178 0.391126
0.240757 -0.328805 0.386088 0.213714 -0.332072 0.390958
0.241735 -0.328696 0.385914 0.214187 -0.332019 0.390874
0.242714 -0.328587 0.38574 0.215605 -0.33186 0.390623
0.243693 -0.328479 0.385566 0.216551 -0.331754 0.390455
0.244671 -0.32837 0.385392 0.217497 -0.331648 0.390287
0.24565 -0.328261 0.385218 0.218443 -0.331542 0.390119
0.246629 -0.328152 0.385044 0.219389 -0.331436 0.389952
0.247608 -0.328044 0.38487 0.220336 -0.33133 0.389784
0.248586 -0.327935 0.384696 0.221284 -0.331224 0.389616
0.249565 -0.327826 0.384522 0.222233 -0.331118 0.389448
0.250544 -0.327717 0.384348 0.223182 -0.331012 0.38928
0.251522 -0.327609 0.384174 0.224132 -0.330905 0.389111
0.252501 -0.3275 0.384 0.225083 -0.330799 0.388943
0.25348 -0.327391 0.383826 0.226035 -0.330693 0.388774
0.254459 -0.327282 0.383652 0.226987 -0.330587 0.388605
0.255437 -0.327174 0.383478 0.227941 -0.330481 0.388437
0.256416 -0.327065 0.383304 0.228896 -0.330374 0.388267
0.257395 -0.326956 0.38313 0.229851 -0.330268 0.388098
0.258374 -0.326847 0.382956 0.230807 -0.330162 0.387929
0.259352 -0.326739 0.382782 0.231765 -0.330055 0.387759
0.260331 -0.32663 0.382608 0.232723 -0.329948 0.38759
0.26131 -0.326521 0.382434 0.233682 -0.329842 0.38742
0.262288 -0.326412 0.38226 0.234642 -0.329735 0.38725
0.263267 -0.326304 0.382086 0.235603 -0.329628 0.38708
0.264246 -0.326195 0.381912 0.236084 -0.329575 0.386995
0.265225 -0.326086 0.381738 0.239441 -0.329201 0.3864
0.266203 -0.325977 0.381564 0.240395 -0.329094 0.386231
0.267182 -0.325869 0.38139 0.241344 -0.328988 0.386063
0.268161 -0.32576 0.381216 0.242289 -0.328882 0.385895
0.26914 -0.325651 0.381042 0.243228 -0.328776 0.385728
0.270118 -0.325543 0.380868 0.244162 -0.328671 0.385563
0.271097 -0.325434 0.380694 0.245093 -0.328566 0.385397
0.272076 -0.325325 0.38052 0.24602 -0.328461 0.385233
0.273054 -0.325216 0.380346 0.246944 -0.328357 0.385068
0.274033 -0.325108 0.380172 0.247406 -0.328305 0.384986
0.275012 -0.324999 0.379998 0.248788 -0.328149 0.384741
0.275991 -0.32489 0.379824 0.249707 -0.328045 0.384577
0.276969 -0.324781 0.37965 0.250627 -0.327941 0.384414
0.277948 -0.324673 0.379476 0.251546 -0.327837 0.384251
0.278927 -0.324564 0.379302 0.252467 -0.327734 0.384087
0.279905 -0.324455 0.379128 0.253388 -0.32763 0.383924
0.280884 -0.324346 0.378954 0.253849 -0.327578 0.383842
0.281863 -0.324238 0.37878 0.255231 -0.327423 0.383597
0.282842 -0.324129 0.378606 0.256153 -0.32732 0.383433
0.28382 -0.32402 0.378432 0.257076 -0.327216 0.383269
0.284799 -0.323911 0.378258 0.258 -0.327113 0.383105
0.285778 -0.323803 0.378084 0.258926 -0.327009 0.382941
0.286757 -0.323694 0.37791 0.259852 -0.326906 0.382777
0.287735 -0.323585 0.377736 0.26078 -0.326802 0.382613
0.288714 -0.323476 0.377562 0.261709 -0.326699 0.382448
0.289693 -0.323368 0.377388 0.26264 -0.326595 0.382283
0.290671 -0.323259 0.377214 0.263106 -0.326543 0.382201
0.29165 -0.32315 0.37704 0.264974 -0.326335 0.38187
0.292629 -0.323041 0.376866 0.26591 -0.326231 0.381704
0.293608 -0.322933 0.376692 0.266379 -0.326179 0.381621
0.294586 -0.322824 0.376518 0.267784 -0.326022 0.381372
0.295565 -0.322715 0.376344 0.269186 -0.325866 0.381124
0.296544 -0.322606 0.37617 0.269652 -0.325814 0.381041
0.297522 -0.322498 0.375996 0.270117 -0.325762 0.380959
0.298501 -0.322389 0.375822 0.271513 -0.325607 0.380712
0.29948 -0.32228 0.375648 0.272443 -0.325503 0.380547
0.300459 -0.322171 0.375474 0.273373 -0.325399 0.380382
0.301437 -0.322063 0.3753 0.274768 -0.325243 0.380135
0.302416 -0.321954 0.375126 0.275697 -0.32514 0.37997
0.303395 -0.321845 0.374952 0.276627 -0.325036 0.379805
0.304374 -0.321736 0.374778 0.277557 -0.324932 0.37964
0.305352 -0.321628 0.374604 0.278488 -0.324828 0.379475
0.306331 -0.321519 0.37443 0.279419 -0.324724 0.37931
0.30731 -0.32141 0.374256 0.280352 -0.324621 0.379145
0.308288 -0.321301 0.374082 0.281285 -0.324517 0.37898
0.309267 -0.321193 0.373908 0.282219 -0.324412 0.378814
0.310246 -0.321084 0.373734 0.283155 -0.324308 0.378648
0.311225 -0.320975 0.37356 0.284091 -0.324204 0.378482
0.312203 -0.320866 0.373386 0.285029 -0.3241 0.378316
0.313182 -0.320758 0.373212 0.285968 -0.323995 0.37815
0.314161 -0.320649 0.373038 0.286909 -0.323891 0.377983
0.31514 -0.32054 0.372864 0.287851 -0.323786 0.377817
0.316118 -0.320431 0.37269 0.288794 -0.323681 0.37765
0.317097 -0.320323 0.372516 0.289739 -0.323576 0.377482
0.318076 -0.320214 0.372342 0.290212 -0.323524 0.377399
0.319054 -0.320105 0.372168 0.291159 -0.323419 0.377231
0.320033 -0.319996 0.371994 0.292583 -0.323261 0.376979
0.321012 -0.319888 0.37182 0.293533 -0.323155 0.376811
0.321991 -0.319779 0.371646 0.294485 -0.32305 0.376643
0.322969 -0.31967 0.371472 0.295438 -0.322944 0.376474
0.323948 -0.319561 0.371298 0.296392 -0.322838 0.376305
0.324927 -0.319453 0.371124 0.297347 -0.322732 0.376136
0.325905 -0.319344 0.37095 0.298304 -0.322626 0.375967
0.326884 -0.319235 0.370776 0.299262 -0.32252 0.375797
0.327863 -0.319126 0.370602 0.300221 -0.322413 0.375627
0.328842 -0.319018 0.370428 0.301181 -0.322307 0.375458
0.32982 -0.318909 0.370254 0.302142 -0.3222 0.375288
0.330799 -0.3188 0.37008 0.303104 -0.322093 0.375117
0.331778 -0.318691 0.369906 0.304067 -0.321986 0.374947
0.332757 -0.318583 0.369732 0.304548 -0.321933 0.374862
0.333735 -0.318474 0.369558 0.305513 -0.321826 0.374691
0.334714 -0.318365 0.369384 0.306478 -0.321719 0.37452
0.335693 -0.318256 0.36921 0.307444 -0.321611 0.374349
0.336671 -0.318148 0.369036 0.308894 -0.32145 0.374092
0.33765 -0.318039 0.368862 0.309862 -0.321343 0.373921
0.338629 -0.31793 0.368688 0.310346 -0.321289 0.373835
0.339608 -0.317821 0.368514 0.311315 -0.321181 0.373664
0.340586 -0.317713 0.36834 0.312284 -0.321074 0.373492
0.341565 -0.317604 0.368166 0.313255 -0.320966 0.37332
0.342544 -0.317495 0.367992 0.314226 -0.320858 0.373149
0.343522 -0.317386 0.367818 0.315197 -0.32075 0.372977
0.344501 -0.317278 0.367644 0.316169 -0.320642 0.372804
0.34548 -0.317169 0.36747 0.317141 -0.320534 0.372632
0.346459 -0.31706 0.367296 0.318114 -0.320425 0.37246
0.347437 -0.316951 0.367122 0.319087 -0.320317 0.372288
0.348416 -0.316843 0.366948 0.320061 -0.320209 0.372115
0.349395 -0.316734 0.366774 0.321036 -0.3201 0.371942
0.350374 -0.316625 0.3666 0.322012 -0.319992 0.37177
0.351352 -0.316516 0.366426 0.32299 -0.319883 0.371596
0.352331 -0.316408 0.366252 0.32299 -0.319883 0.371596
0.35331 -0.316299 0.366078 0.32593 -0.319556 0.371076
0.354288 -0.31619 0.365904 0.326912 -0.319447 0.370902
0.355267 -0.316081 0.36573 0.327894 -0.319338 0.370728
0.356246 -0.315973 0.365556 0.328385 -0.319283 0.370641
0.357225 -0.315864 0.365382 0.328876 -0.319228 0.370554
0.358203 -0.315755 0.365208 0.330832 -0.31901 0.370207
0.359182 -0.315646 0.365034 0.331805 -0.318901 0.370035
0.360161 -0.315538 0.36486 0.332774 -0.318793 0.369863
0.36114 -0.315429 0.364686 0.333741 -0.318685 0.369691
0.362118 -0.31532 0.364512 0.334705 -0.318576 0.369519
0.363097 -0.315212 0.364338 0.336146 -0.318415 0.369263
0.364076 -0.315103 0.364164 0.337104 -0.318307 0.369093
0.365054 -0.314994 0.36399 0.33806 -0.3182 0.368923
0.366033 -0.314885 0.363816 0.339014 -0.318092 0.368753
0.367012 -0.314777 0.363642 0.339967 -0.317985 0.368584
0.367991 -0.314668 0.363468 0.34092 -0.317878 0.368414
0.368969 -0.314559 0.363294 0.341871 -0.317771 0.368245
0.369948 -0.31445 0.36312 0.342822 -0.317665 0.368076
0.370927 -0.314342 0.362946 0.343773 -0.317558 0.367907
0.371905 -0.314233 0.362772 0.344724 -0.317451 0.367738
0.372884 -0.314124 0.362598 0.345675 -0.317345 0.367569
0.373863 -0.314015 0.362424 0.346626 -0.317238 0.3674
0.374842 -0.313907 0.36225 0.347577 -0.317131 0.367231
0.37582 -0.313798 0.362076 0.348529 -0.317025 0.367062
0.376799 -0.313689 0.361902 0.349482 -0.316918 0.366892
0.377778 -0.31358 0.361728 0.350435 -0.316812 0.366723
0.378757 -0.313472 0.361555 0.351389 -0.316705 0.366554
0.379735 -0.313363 0.361381 0.352344 -0.316598 0.366384
0.380714 -0.313254 0.361207 0.353301 -0.316492 0.366214
0.381693 -0.313145 0.361033 0.35378 -0.316438 0.366129
0.382671 -0.313037 0.360859 0.355217 -0.316278 0.365875
0.38365 -0.312928 0.360685 0.356176 -0.316171 0.365705
0.384629 -0.312819 0.360511 0.357134 -0.316064 0.365535
0.385608 -0.31271 0.360337 0.358093 -0.315957 0.365365
0.386586 -0.312602 0.360163 0.359053 -0.31585 0.365194
0.387565 -0.312493 0.359989 0.359533 -0.315797 0.365109
0.388544 -0.312384 0.359815 0.360974 -0.315636 0.364854
0.389522 -0.312275 0.359641 0.361935 -0.315529 0.364683
0.390501 -0.312167 0.359467 0.362897 -0.315422 0.364513
0.39148 -0.312058 0.359293 0.363859 -0.315315 0.364342
0.392459 -0.311949 0.359119 0.364822 -0.315208 0.364172
0.393437 -0.31184 0.358945 0.365785 -0.3151 0.364001
0.394416 -0.311732 0.358771 0.366267 -0.315047 0.363915
0.395395 -0.311623 0.358597 0.367232 -0.314939 0.363744
0.396374 -0.311514 0.358423 0.368679 -0.314778 0.363488
0.397352 -0.311405 0.358249 0.369644 -0.314671 0.363317
0.398331 -0.311297 0.358075 0.370609 -0.314563 0.363146
0.39931 -0.311188 0.357901 0.371574 -0.314456 0.362975
0.400288 -0.311079 0.357727 0.37254 -0.314348 0.362803
0.401267 -0.31097 0.357553 0.373507 -0.314241 0.362632
0.402246 -0.310862 0.357379 0.374475 -0.314133 0.36246
0.403225 -0.310753 0.357205 0.375443 -0.314025 0.362289
0.404203 -0.310644 0.357031 0.376412 -0.313917 0.362117
0.405182 -0.310535 0.356857 0.377381 -0.31381 0.361945
0.406161 -0.310427 0.356683 0.378351 -0.313702 0.361773
0.40714 -0.310318 0.356509 0.379322 -0.313594 0.361601
0.408118 -0.310209 0.356335 0.380293 -0.313486 0.361429
0.409097 -0.3101 0.356161 0.380779 -0.313431 0.361343
0.410076 -0.309992 0.355987 0.382236 -0.313269 0.361085
0.411054 -0.309883 0.355813 0.383205 -0.313161 0.360913
0.412033 -0.309774 0.355639 0.384171 -0.313054 0.360741
0.413012 -0.309665 0.355465 0.385138 -0.312946 0.36057
0.413991 -0.309557 0.355291 0.386106 -0.312838 0.360398
0.414969 -0.309448 0.355117 0.387075 -0.31273 0.360226
0.415948 -0.309339 0.354943 0.388045 -0.312622 0.360054
0.416927 -0.30923 0.354769 0.38853 -0.312568 0.359968
0.417905 -0.309122 0.354595 0.389988 -0.312406 0.359709
0.418884 -0.309013 0.354421 0.390961 -0.312297 0.359537
0.419863 -0.308904 0.354247 0.391448 -0.312243 0.359451
0.420842 -0.308795 0.354073 0.392909 -0.31208 0.359191
0.42182 -0.308687 0.353899 0.393884 -0.311972 0.359019
0.422799 -0.308578 0.353725 0.39486 -0.311863 0.358846
0.423778 -0.308469 0.353551 0.395836 -0.311755 0.358672
0.424757 -0.30836 0.353377 0.396813 -0.311646 0.358499
0.425735 -0.308252 0.353203 0.39779 -0.311537 0.358326
0.426714 -0.308143 0.353029 0.398768 -0.311428 0.358153
0.427693 -0.308034 0.352855 0.399746 -0.31132 0.357979
0.428671 -0.307925 0.352681 0.400724 -0.311211 0.357806
0.42965 -0.307817 0.352507 0.401703 -0.311102 0.357632
0.430629 -0.307708 0.352333 0.402682 -0.310993 0.357459
0.431608 -0.307599 0.352159 0.403661 -0.310884 0.357285
0.432586 -0.30749 0.351985 0.40464 -0.310775 0.357111
0.433565 -0.307382 0.351811 0.40562 -0.310666 0.356938
0.434544 -0.307273 0.351637 0.4066 -0.310557 0.356764
0.435522 -0.307164 0.351463 0.407579 -0.310448 0.35659
0.436501 -0.307055 0.351289 0.408559 -0.310338 0.356416
0.43748 -0.306947 0.351115 0.409539 -0.310229 0.356242
0.438459 -0.306838 0.350941 0.410519 -0.31012 0.356068
0.439437 -0.306729 0.350767 0.4115 -0.310011 0.355894
0.440416 -0.30662 0.350593 0.41297 -0.309847 0.355634
0.441395 -0.306512 0.350419 0.41395 -0.309738 0.35546
0.442374 -0.306403 0.350245 0.41493 -0.309629 0.355286
0.443352 -0.306294 0.350071 0.41591 -0.30952 0.355112
0.444331 -0.306185 0.349897 0.416889 -0.30941 0.354938
0.44531 -0.306077 0.349723 0.417867 -0.309301 0.354764
0.446288 -0.305968 0.349549 0.418845 -0.309192 0.354591
0.447267 -0.305859 0.349375 0.419333 -0.309138 0.354504
0.448246 -0.30575 0.349201 0.420797 -0.308975 0.354244
0.449225 -0.305642 0.349027 0.421772 -0.308866 0.354071
0.450203 -0.305533 0.348853 0.422746 -0.308757 0.353897
0.451182 -0.305424 0.348679 0.423719 -0.308648 0.353724
0.452161 -0.305315 0.348505 0.424206 -0.308594 0.353638
0.45314 -0.305207 0.348331 0.425665 -0.308431 0.353379
0.454118 -0.305098 0.348157 0.426638 -0.308323 0.353206
0.455097 -0.304989 0.347983 0.42761 -0.308214 0.353033
0.456076 -0.30488 0.347809 0.428581 -0.308106 0.35286
0.457054 -0.304772 0.347635 0.429552 -0.307997 0.352688
0.458033 -0.304663 0.347461 0.430524 -0.307889 0.352515
0.459012 -0.304554 0.347287 0.431495 -0.30778 0.352343
0.459991 -0.304446 0.347113 0.432467 -0.307672 0.35217
0.460969 -0.304337 0.346939 0.43344 -0.307563 0.351997
0.461948 -0.304228 0.346765 0.434413 -0.307455 0.351824
0.462927 -0.304119 0.346591 0.434899 -0.307401 0.351738
0.463905 -0.304011 0.346417 0.436359 -0.307238 0.351479
0.464884 -0.303902 0.346243 0.437332 -0.307129 0.351306
0.465863 -0.303793 0.346069 0.438304 -0.307021 0.351133
0.466842 -0.303684 0.345895 0.439274 -0.306913 0.350961
0.46782 -0.303576 0.345721 0.440242 -0.306805 0.350789
0.468799 -0.303467 0.345547 0.441209 -0.306697 0.350617
0.469778 -0.303358 0.345373 0.442177 -0.306589 0.350445
0.470757 -0.303249 0.345199 0.443146 -0.306481 0.350273
0.471735 -0.303141 0.345025 0.444113 -0.306373 0.350101
0.472714 -0.303032 0.344851 0.445078 -0.306265 0.349929
0.473693 -0.302923 0.344677 0.446041 -0.306157 0.349758
0.474671 -0.302814 0.344503 0.447004 -0.30605 0.349586
0.47565 -0.302706 0.344329 0.447484 -0.305996 0.349501
0.476629 -0.302597 0.344155 0.447964 -0.305942 0.349416
0.477608 -0.302488 0.343981 0.449884 -0.305728 0.349074
0.478586 -0.302379 0.343807 0.450845 -0.305621 0.348903
0.479565 -0.302271 0.343633 0.451807 -0.305513 0.348732
0.480544 -0.302162 0.343459 0.452771 -0.305406 0.348561
0.481522 -0.302053 0.343285 0.453736 -0.305298 0.348389
0.482501 -0.301944 0.343111 0.4547 -0.305191 0.348218
0.48348 -0.301836 0.342937 0.455664 -0.305083 0.348047
0.484459 -0.301727 0.342763 0.456628 -0.304976 0.347876
0.485437 -0.301618 0.342589 0.457591 -0.304869 0.347705
0.486416 -0.301509 0.342415 0.458556 -0.304761 0.347533
0.487395 -0.301401 0.342241 0.459522 -0.304654 0.347362
0.488374 -0.301292 0.342067 0.46049 -0.304546 0.34719
0.489352 -0.301183 0.341893 0.461457 -0.304438 0.347018
0.490331 -0.301074 0.341719 0.462423 -0.304331 0.346847
0.49131 -0.300966 0.341545 0.463389 -0.304223 0.346675
0.492288 -0.300857 0.341371 0.464354 -0.304116 0.346504
0.493267 -0.300748 0.341197 0.465319 -0.304008 0.346332
0.494246 -0.300639 0.341023 0.466285 -0.303901 0.346161
0.495225 -0.300531 0.340849 0.46677 -0.303847 0.346075
0.496203 -0.300422 0.340675 0.468225 -0.303685 0.345817
0.497182 -0.300313 0.340501 0.469198 -0.303577 0.345644
0.498161 -0.300204 0.340327 0.469685 -0.303523 0.345558
0.499139 -0.300096 0.340153 0.470172 -0.303469 0.345471
0.500118 -0.299987 0.339979 0.472116 -0.303252 0.345126
0.499139 -0.300096 0.340153 0.473087 -0.303144 0.344954
0.500118 -0.299987 0.339979 0.474057 -0.303036 0.344782
0.499139 -0.300096 0.340153 0.474542 -0.302982 0.344696
0.500118 -0.299987 0.339979 0.475995 -0.302821 0.344438
0.499139 -0.300096 0.340153 0.476963 -0.302713 0.344266
0.500118 -0.299987 0.339979 0.477446 -0.302659 0.34418
0.499139 -0.300096 0.340153 0.478881 -0.302499 0.343925
0.500118 -0.299987 0.339979 0.479353 -0.302446 0.34384
0.499139 -0.300096 0.340153 0.480741 -0.302289 0.343592
0.500118 -0.299987 0.339979 0.481641 -0.302187 0.34343
0.499139 -0.300096 0.340153 0.482518 -0.302087 0.343271
0.500118 -0.299987 0.339979 0.483373 -0.301989 0.343116
0.499139 -0.300096 0.340153 0.484206 -0.301893 0.342964
0.500118 -0.299987 0.339979 0.485016 -0.3018 0.342817
0.499139 -0.300096 0.340153 0.4858 -0.301709 0.342673
0.500118 -0.299987 0.339979 0.486558 -0.30162 0.342534
0.499139 -0.300096 0.340153 0.487289 -0.301534 0.342399
0.500118 -0.299987 0.339979 0.487994 -0.301451 0.342268
0.499139 -0.300096 0.340153 0.488672 -0.301371 0.342142
0.500118 -0.299987 0.339979 0.489325 -0.301293 0.342021
0.499139 -0.300096 0.340153 0.489951 -0.301219 0.341904
0.500118 -0.299987 0.339979 0.490552 -0.301147 0.341791
0.499139 -0.300096 0.340153 0.491127 -0.301078 0.341683
0.500118 -0.299987 0.339979 0.491677 -0.301011 0.34158
0.499139 -0.300096 0.340153 0.492203 -0.300948 0.341481
0.500118 -0.299987 0.339979 0.492703 -0.300887 0.341386
0.499139 -0.300096 0.340153 0.49318 -0.300829 0.341295
0.500118 -0.299987 0.339979 0.493634 -0.300774 0.341209
0.499139 -0.300096 0.340153 0.494065 -0.300721 0.341127
0.500118 -0.299987 0.339979 0.494474 -0.300671 0.34105
0.499139 -0.300096 0.340153 0.494861 -0.300624 0.340976
0.500118 -0.299987 0.339979 0.495228 -0.300579 0.340906
0.499139 -0.300096 0.340153 0.495575 -0.300536 0.340839
0.500118 -0.299987 0.339979 0.495902 -0.300496 0.340777
0.499139 -0.300096 0.340153 0.496211 -0.300458 0.340718
0.500118 -0.299987 0.339979 0.496502 -0.300422 0.340662
0.499139 -0.300096 0.340153 0.496641 -0.300405 0.340635
0.500118 -0.299987 0.339979 0.497033 -0.300356 0.34056
0.499139 -0.300096 0.340153 0.497275 -0.300326 0.340514
0.500118 -0.299987 0.339979 0.497501 -0.300299 0.34047
0.499139 -0.300096 0.340153 0.497713 -0.300272 0.34043
0.500118 -0.299987 0.339979 0.497912 -0.300248 0.340392
0.499139 -0.300096 0.340153 0.498097 -0.300225 0.340356
0.500118 -0.299987 0.339979 0.498269 -0.300204 0.340323
0.499139 -0.300096 0.340153 0.498426 -0.300184 0.340293
0.500118 -0.299987 0.339979 0.498572 -0.300166 0.340265
0.499139 -0.300096 0.340153 0.498708 -0.300149 0.340238
0.500118 -0.299987 0.339979 0.498835 -0.300134 0.340214
0.499139 -0.300096 0.340153 0.498952 -0.300119 0.340191
0.500118 -0.299987 0.339979 0.499062 -0.300106 0.340171
