-0.39835 -0.399817 0.499707 -0.399327 -0.399925 0.499881
-0.397371 -0.399708 0.499533 -0.399327 -0.399925 0.499881
-0.396393 -0.399599 0.499359 -0.399327 -0.399925 0.499881
-0.395414 -0.39949 0.499185 -0.399327 -0.399925 0.499881
-0.394435 -0.399382 0.499011 -0.399324 -0.399925 0.49988
-0.393456 -0.399273 0.498837 -0.39932 -0.399925 0.49988
-0.392478 -0.399164 0.498663 -0.399305 -0.399923 0.499877
-0.391499 -0.399055 0.498489 -0.399259 -0.399918 0.499869
-0.39052 -0.398947 0.498315 -0.399235 -0.399915 0.499865
-0.389541 -0.398838 0.498141 -0.399137 -0.399905 0.499848
-0.388563 -0.398729 0.497967 -0.399046 -0.399895 0.499832
-0.387584 -0.39862 0.497793 -0.398932 -0.399883 0.499812
-0.386605 -0.398512 0.497619 -0.398795 -0.399869 0.499788
-0.385627 -0.398403 0.497445 -0.398717 -0.399861 0.499775
-0.384648 -0.398294 0.497271 -0.398444 -0.399833 0.499728
-0.383669 -0.398185 0.497097 -0.398229 -0.399811 0.499691
-0.38269 -0.398077 0.496923 -0.397987 -0.399786 0.49965
-0.381712 -0.397968 0.496749 -0.397718 -0.399759 0.499603
-0.380733 -0.397859 0.496575 -0.397421 -0.399729 0.499553
-0.379754 -0.39775 0.496401 -0.397096 -0.399696 0.499497
-0.378775 -0.397642 0.496227 -0.396923 -0.399679 0.499468
-0.377797 -0.397533 0.496053 -0.396363 -0.399623 0.499373
-0.376818 -0.397424 0.495879 -0.395957 -0.399582 0.499303
-0.375839 -0.397315 0.495705 -0.395524 -0.399539 0.49923
-0.374861 -0.397207 0.495531 -0.395065 -0.399493 0.499152
-0.373882 -0.397098 0.495357 -0.39458 -0.399445 0.49907
-0.372903 -0.396989 0.495183 -0.394071 -0.399395 0.498983
-0.371924 -0.39688 0.495009 -0.393538 -0.399342 0.498893
-0.370946 -0.396772 0.494835 -0.392983 -0.399286 0.498798
-0.369967 -0.396663 0.494661 -0.392699 -0.399258 0.49875
-0.368988 -0.396554 0.494487 -0.391816 -0.39917 0.4986
-0.36801 -0.396446 0.494313 -0.391203 -0.399108 0.498495
-0.367031 -0.396337 0.494139 -0.390568 -0.399045 0.498387
-0.366052 -0.396228 0.493965 -0.389912 -0.398979 0.498276
-0.365073 -0.396119 0.493791 -0.389237 -0.398911 0.498161
-0.364095 -0.396011 0.493617 -0.388544 -0.398841 0.498042
-0.363116 -0.395902 0.493443 -0.387832 -0.39877 0.497921
-0.362137 -0.395793 0.493269 -0.387104 -0.398696 0.497796
-0.361158 -0.395684 0.493095 -0.386359 -0.398621 0.497669
-0.36018 -0.395576 0.492921 -0.385599 -0.398544 0.497539
-0.359201 -0.395467 0.492747 -0.384824 -0.398465 0.497406
-0.358222 -0.395358 0.492573 -0.384035 -0.398384 0.49727
-0.357244 -0.395249 0.492399 -0.383232 -0.398302 0.497133
-0.356265 -0.395141 0.492225 -0.382417 -0.398219 0.496992
-0.355286 -0.395032 0.492051 -0.381591 -0.398134 0.49685
-0.354307 -0.394923 0.491877 -0.380752 -0.398047 0.496705
-0.353329 -0.394814 0.491703 -0.379903 -0.39796 0.496559
-0.35235 -0.394706 0.491529 -0.379043 -0.39787 0.49641
-0.351371 -0.394597 0.491355 -0.378175 -0.39778 0.49626
-0.350393 -0.394488 0.491181 -0.377298 -0.397689 0.496108
-0.349414 -0.394379 0.491007 -0.376413 -0.397596 0.495954
-0.348435 -0.394271 0.490833 -0.375521 -0.397502 0.495799
-0.347456 -0.394162 0.490659 -0.374621 -0.397407 0.495643
-0.346478 -0.394053 0.490485 -0.373715 -0.397312 0.495485
-0.345499 -0.393944 0.490311 -0.372803 -0.397215 0.495326
-0.34452 -0.393836 0.490137 -0.371885 -0.397117 0.495166
-0.343541 -0.393727 0.489963 -0.370962 -0.397019 0.495004
-0.342563 -0.393618 0.489789 -0.370034 -0.39692 0.494842
-0.341584 -0.393509 0.489615 -0.369102 -0.39682 0.494678
-0.340605 -0.393401 0.489441 -0.368634 -0.396769 0.494596
-0.339627 -0.393292 0.489267 -0.367224 -0.396618 0.494348
-0.338648 -0.393183 0.489093 -0.366279 -0.396516 0.494182
-0.337669 -0.393074 0.488919 -0.365332 -0.396413 0.494015
-0.33669 -0.392966 0.488745 -0.364381 -0.39631 0.493848
-0.335712 -0.392857 0.488571 -0.363428 -0.396206 0.49368
-0.334733 -0.392748 0.488397 -0.362471 -0.396102 0.493511
-0.333754 -0.392639 0.488223 -0.361512 -0.395997 0.493342
-0.332775 -0.392531 0.488049 -0.360551 -0.395892 0.493172
-0.331797 -0.392422 0.487875 -0.359587 -0.395787 0.493001
-0.330818 -0.392313 0.487701 -0.359105 -0.395734 0.492916
-0.329839 -0.392204 0.487527 -0.357654 -0.395575 0.492659
-0.328861 -0.392096 0.487353 -0.356685 -0.395468 0.492487
-0.327882 -0.391987 0.487179 -0.355715 -0.395361 0.492315
-0.326903 -0.391878 0.487005 -0.354743 -0.395254 0.492143
-0.325924 -0.391769 0.486831 -0.354256 -0.395201 0.492056
-0.324946 -0.391661 0.486657 -0.352795 -0.395039 0.491797
-0.323967 -0.391552 0.486483 -0.351819 -0.394931 0.491623
-0.322988 -0.391443 0.486309 -0.350842 -0.394823 0.49145
-0.32201 -0.391334 0.486135 -0.349865 -0.394715 0.491276
-0.321031 -0.391226 0.485961 -0.348887 -0.394606 0.491102
-0.320052 -0.391117 0.485787 -0.347909 -0.394498 0.490928
-0.319073 -0.391008 0.485613 -0.34693 -0.394389 0.490754
-0.318095 -0.390899 0.485439 -0.345951 -0.39428 0.490579
-0.317116 -0.390791 0.485265 -0.344971 -0.394171 0.490405
-0.316137 -0.390682 0.485091 -0.343992 -0.394062 0.49023
-0.315158 -0.390573 0.484917 -0.343011 -0.393953 0.490055
-0.31418 -0.390464 0.484743 -0.34203 -0.393844 0.489881
-0.313201 -0.390356 0.484569 -0.34105 -0.393735 0.489706
-0.312222 -0.390247 0.484395 -0.340068 -0.393626 0.489531
-0.311244 -0.390138 0.484221 -0.339087 -0.393516 0.489356
-0.310265 -0.390029 0.484047 -0.338105 -0.393407 0.489181
-0.309286 -0.389921 0.483873 -0.337123 -0.393297 0.489005
-0.308307 -0.389812 0.483699 -0.336142 -0.393188 0.48883
-0.307329 -0.389703 0.483525 -0.33516 -0.393078 0.488655
-0.30635 -0.389594 0.483351 -0.334178 -0.392969 0.48848
-0.305371 -0.389486 0.483177 -0.333197 -0.392859 0.488305
-0.304393 -0.389377 0.483003 -0.332215 -0.39275 0.48813
-0.303414 -0.389268 0.482829 -0.331234 -0.39264 0.487955
-0.302435 -0.389159 0.482655 -0.330252 -0.392531 0.48778
-0.301456 -0.389051 0.482481 -0.329271 -0.392421 0.487604
-0.300478 -0.388942 0.482307 -0.32829 -0.392312 0.487429
-0.299499 -0.388833 0.482133 -0.327311 -0.392202 0.487255
-0.29852 -0.388724 0.481959 -0.326333 -0.392093 0.48708
-0.297541 -0.388616 0.481785 -0.325356 -0.391984 0.486905
-0.296563 -0.388507 0.481611 -0.324378 -0.391875 0.486731
-0.295584 -0.388398 0.481437 -0.3234 -0.391765 0.486556
-0.294605 -0.388289 0.481263 -0.322421 -0.391656 0.486382
-0.293627 -0.388181 0.481089 -0.321442 -0.391547 0.486207
-0.292648 -0.388072 0.480915 -0.320462 -0.391438 0.486032
-0.291669 -0.387963 0.480741 -0.319483 -0.391328 0.485857
-0.29069 -0.387854 0.480567 -0.318503 -0.391219 0.485683
-0.289712 -0.387746 0.480393 -0.317523 -0.39111 0.485508
-0.288733 -0.387637 0.480219 -0.316542 -0.391001 0.485333
-0.287754 -0.387528 0.480045 -0.315562 -0.390891 0.485158
-0.286775 -0.387419 0.479871 -0.314581 -0.390782 0.484983
-0.285797 -0.387311 0.479697 -0.3136 -0.390673 0.484808
-0.284818 -0.387202 0.479523 -0.312619 -0.390564 0.484634
-0.283839 -0.387093 0.479349 -0.311638 -0.390455 0.484459
-0.282861 -0.386985 0.479175 -0.310657 -0.390346 0.484284
-0.281882 -0.386876 0.479001 -0.309676 -0.390236 0.484109
-0.280903 -0.386767 0.478827 -0.308695 -0.390127 0.483934
-0.279924 -0.386658 0.478653 -0.307714 -0.390018 0.483759
-0.278946 -0.38655 0.478479 -0.306733 -0.389909 0.483584
-0.277967 -0.386441 0.478305 -0.305751 -0.3898 0.483409
-0.276988 -0.386332 0.478131 -0.30477 -0.389691 0.483235
-0.27601 -0.386223 0.477957 -0.303789 -0.389582 0.48306
-0.275031 -0.386115 0.477783 -0.302808 -0.389472 0.482885
-0.274052 -0.386006 0.477609 -0.301827 -0.389363 0.48271
-0.273073 -0.385897 0.477435 -0.300846 -0.389254 0.482535
-0.272095 -0.385788 0.477261 -0.299864 -0.389145 0.48236
-0.271116 -0.38568 0.477087 -0.298883 -0.389036 0.482186
-0.270137 -0.385571 0.476913 -0.297903 -0.388927 0.482011
-0.269158 -0.385462 0.476739 -0.296922 -0.388818 0.481836
-0.26818 -0.385353 0.476565 -0.295941 -0.388709 0.481661
-0.267201 -0.385245 0.476391 -0.29496 -0.3886 0.481487
-0.266222 -0.385136 0.476217 -0.293979 -0.388491 0.481312
-0.265244 -0.385027 0.476043 -0.292999 -0.388382 0.481137
-0.264265 -0.384918 0.475869 -0.292018 -0.388273 0.480962
-0.263286 -0.38481 0.475695 -0.291038 -0.388164 0.480788
-0.262307 -0.384701 0.475521 -0.290057 -0.388055 0.480613
-0.261329 -0.384592 0.475347 -0.289567 -0.388001 0.480526
-0.26035 -0.384483 0.475173 -0.288096 -0.387837 0.480264
-0.259371 -0.384375 0.474999 -0.287606 -0.387783 0.480176
-0.258392 -0.384266 0.474825 -0.286136 -0.387619 0.479915
-0.257414 -0.384157 0.474651 -0.285156 -0.387511 0.47974
-0.256435 -0.384048 0.474477 -0.284176 -0.387402 0.479565
-0.255456 -0.38394 0.474303 -0.283686 -0.387347 0.479478
-0.254478 -0.383831 0.474129 -0.282216 -0.387184 0.479216
-0.253499 -0.383722 0.473955 -0.281237 -0.387075 0.479042
-0.25252 -0.383613 0.473781 -0.28026 -0.386967 0.478868
-0.251541 -0.383505 0.473607 -0.279284 -0.386858 0.478694
-0.250563 -0.383396 0.473433 -0.278309 -0.386749 0.47852
-0.249584 -0.383287 0.473259 -0.277333 -0.386641 0.478346
-0.248605 -0.383178 0.473085 -0.276358 -0.386532 0.478172
-0.247627 -0.38307 0.472911 -0.275382 -0.386424 0.477998
-0.246648 -0.382961 0.472737 -0.274405 -0.386315 0.477824
-0.245669 -0.382852 0.472563 -0.273428 -0.386207 0.47765
-0.24469 -0.382743 0.472389 -0.272451 -0.386098 0.477476
-0.243712 -0.382635 0.472215 -0.271474 -0.38599 0.477302
-0.242733 -0.382526 0.472041 -0.270496 -0.385881 0.477128
-0.241754 -0.382417 0.471867 -0.269518 -0.385773 0.476954
-0.240775 -0.382308 0.471693 -0.268539 -0.385664 0.476779
-0.239797 -0.3822 0.471519 -0.267561 -0.385556 0.476605
-0.238818 -0.382091 0.471345 -0.266583 -0.385447 0.476431
-0.237839 -0.381982 0.471171 -0.265604 -0.385338 0.476257
-0.236861 -0.381873 0.470997 -0.264626 -0.38523 0.476082
-0.235882 -0.381765 0.470823 -0.263647 -0.385121 0.475908
-0.234903 -0.381656 0.470649 -0.262667 -0.385013 0.475734
-0.233924 -0.381547 0.470475 -0.261688 -0.384904 0.475559
-0.232946 -0.381438 0.470301 -0.260708 -0.384795 0.475385
-0.231967 -0.38133 0.470127 -0.259729 -0.384687 0.47521
-0.230988 -0.381221 0.469953 -0.258749 -0.384578 0.475036
-0.23001 -0.381112 0.469779 -0.257769 -0.384469 0.474861
-0.229031 -0.381003 0.469605 -0.256789 -0.38436 0.474687
-0.228052 -0.380895 0.469431 -0.255809 -0.384252 0.474512
-0.227073 -0.380786 0.469257 -0.254828 -0.384143 0.474338
-0.226095 -0.380677 0.469083 -0.253848 -0.384034 0.474163
-0.225116 -0.380568 0.468909 -0.252868 -0.383925 0.473989
-0.224137 -0.38046 0.468735 -0.251888 -0.383817 0.473814
-0.223158 -0.380351 0.468562 -0.250908 -0.383708 0.473639
-0.22218 -0.380242 0.468388 -0.249927 -0.383599 0.473465
-0.221201 -0.380133 0.468214 -0.248947 -0.38349 0.47329
-0.220222 -0.380025 0.46804 -0.247967 -0.383382 0.473116
-0.219244 -0.379916 0.467866 -0.246986 -0.383273 0.472941
-0.218265 -0.379807 0.467692 -0.246006 -0.383164 0.472766
-0.217286 -0.379698 0.467518 -0.245026 -0.383055 0.472592
-0.216307 -0.37959 0.467344 -0.244046 -0.382947 0.472417
-0.215329 -0.379481 0.46717 -0.243066 -0.382838 0.472243
-0.21435 -0.379372 0.466996 -0.242086 -0.382729 0.472068
-0.213371 -0.379263 0.466822 -0.241106 -0.38262 0.471893
-0.212392 -0.379155 0.466648 -0.240126 -0.382511 0.471719
-0.211414 -0.379046 0.466474 -0.239146 -0.382403 0.471544
-0.210435 -0.378937 0.4663 -0.238166 -0.382294 0.47137
-0.209456 -0.378828 0.466126 -0.237186 -0.382185 0.471195
-0.208478 -0.37872 0.465952 -0.236206 -0.382076 0.47102
-0.207499 -0.378611 0.465778 -0.235226 -0.381968 0.470846
-0.20652 -0.378502 0.465604 -0.234246 -0.381859 0.470671
-0.205541 -0.378393 0.46543 -0.233266 -0.38175 0.470497
-0.204563 -0.378285 0.465256 -0.232287 -0.381641 0.470322
-0.203584 -0.378176 0.465082 -0.231307 -0.381532 0.470148
-0.202605 -0.378067 0.464908 -0.230327 -0.381424 0.469973
-0.201627 -0.377959 0.464734 -0.229348 -0.381315 0.469798
-0.200648 -0.37785 0.46456 -0.228368 -0.381206 0.469624
-0.199669 -0.377741 0.464386 -0.227389 -0.381097 0.469449
-0.19869 -0.377632 0.464212 -0.226409 -0.380989 0.469275
-0.197712 -0.377524 0.464038 -0.22543 -0.38088 0.4691
-0.196733 -0.377415 0.463864 -0.22445 -0.380771 0.468926
-0.195754 -0.377306 0.46369 -0.223471 -0.380663 0.468751
-0.194775 -0.377197 0.463516 -0.222491 -0.380554 0.468577
-0.193797 -0.377089 0.463342 -0.221512 -0.380445 0.468402
-0.192818 -0.37698 0.463168 -0.220532 -0.380336 0.468228
-0.191839 -0.376871 0.462994 -0.219553 -0.380228 0.468053
-0.190861 -0.376762 0.46282 -0.218574 -0.380119 0.467879
-0.189882 -0.376654 0.462646 -0.217594 -0.38001 0.467704
-0.188903 -0.376545 0.462472 -0.216615 -0.379901 0.467529
-0.187924 -0.376436 0.462298 -0.215636 -0.379793 0.467355
-0.186946 -0.376327 0.462124 -0.214657 -0.379684 0.46718
-0.185967 -0.376219 0.46195 -0.213678 -0.379575 0.467006
-0.184988 -0.37611 0.461776 -0.212699 -0.379467 0.466831
-0.18401 -0.376001 0.461602 -0.21172 -0.379358 0.466657
-0.183031 -0.375892 0.461428 -0.210741 -0.379249 0.466482
-0.182052 -0.375784 0.461254 -0.209762 -0.379141 0.466308
-0.181073 -0.375675 0.46108 -0.208783 -0.379032 0.466134
-0.180095 -0.375566 0.460906 -0.207804 -0.378923 0.465959
-0.179116 -0.375457 0.460732 -0.206825 -0.378814 0.465785
-0.178137 -0.375349 0.460558 -0.205846 -0.378706 0.46561
-0.177158 -0.37524 0.460384 -0.204867 -0.378597 0.465436
-0.17618 -0.375131 0.46021 -0.203888 -0.378488 0.465261
-0.175201 -0.375022 0.460036 -0.202909 -0.37838 0.465087
-0.174222 -0.374914 0.459862 -0.201931 -0.378271 0.464912
-0.173244 -0.374805 0.459688 -0.200952 -0.378162 0.464738
-0.172265 -0.374696 0.459514 -0.199973 -0.378054 0.464563
-0.171286 -0.374587 0.45934 -0.198994 -0.377945 0.464389
-0.170307 -0.374479 0.459166 -0.198016 -0.377837 0.464214
-0.169329 -0.37437 0.458992 -0.197037 -0.377728 0.46404
-0.16835 -0.374261 0.458818 -0.196058 -0.377619 0.463866
-0.167371 -0.374152 0.458644 -0.195079 -0.377511 0.463691
-0.166392 -0.374044 0.45847 -0.194101 -0.377402 0.463517
-0.165414 -0.373935 0.458296 -0.193122 -0.377293 0.463342
-0.164435 -0.373826 0.458122 -0.192143 -0.377185 0.463168
-0.163456 -0.373717 0.457948 -0.191164 -0.377076 0.462993
-0.162478 -0.373609 0.457774 -0.190186 -0.376967 0.462819
-0.161499 -0.3735 0.4576 -0.189207 -0.376859 0.462644
-0.16052 -0.373391 0.457426 -0.188228 -0.37675 0.46247
-0.159541 -0.373282 0.457252 -0.18725 -0.376641 0.462295
-0.158563 -0.373174 0.457078 -0.186271 -0.376533 0.462121
-0.157584 -0.373065 0.456904 -0.185292 -0.376424 0.461946
-0.156605 -0.372956 0.45673 -0.184314 -0.376316 0.461772
-0.155627 -0.372847 0.456556 -0.183335 -0.376207 0.461598
-0.154648 -0.372739 0.456382 -0.182357 -0.376098 0.461423
-0.153669 -0.37263 0.456208 -0.181378 -0.37599 0.461249
-0.15269 -0.372521 0.456034 -0.180399 -0.375881 0.461074
-0.151712 -0.372412 0.45586 -0.179421 -0.375772 0.4609
-0.150733 -0.372304 0.455686 -0.178442 -0.375664 0.460725
-0.149754 -0.372195 0.455512 -0.177464 -0.375555 0.460551
-0.148775 -0.372086 0.455338 -0.176485 -0.375447 0.460376
-0.147797 -0.371977 0.455164 -0.175506 -0.375338 0.460202
-0.146818 -0.371869 0.45499 -0.174528 -0.375229 0.460027
-0.145839 -0.37176 0.454816 -0.173549 -0.375121 0.459853
-0.144861 -0.371651 0.454642 -0.172571 -0.375012 0.459678
-0.143882 -0.371542 0.454468 -0.171592 -0.374904 0.459504
-0.142903 -0.371434 0.454294 -0.170613 -0.374795 0.459329
-0.141924 -0.371325 0.45412 -0.169635 -0.374686 0.459155
-0.140946 -0.371216 0.453946 -0.168656 -0.374578 0.45898
-0.139967 -0.371107 0.453772 -0.167678 -0.374469 0.458806
-0.138988 -0.370999 0.453598 -0.166699 -0.37436 0.458632
-0.13801 -0.37089 0.453424 -0.165721 -0.374252 0.458457
-0.137031 -0.370781 0.45325 -0.164742 -0.374143 0.458283
-0.136052 -0.370672 0.453076 -0.163764 -0.374035 0.458108
-0.135073 -0.370564 0.452902 -0.162786 -0.373926 0.457934
-0.134095 -0.370455 0.452728 -0.161807 -0.373817 0.457759
-0.133116 -0.370346 0.452554 -0.160829 -0.373709 0.457585
-0.132137 -0.370237 0.45238 -0.159851 -0.3736 0.45741
-0.131158 -0.370129 0.452206 -0.158873 -0.373492 0.457236
-0.13018 -0.37002 0.452032 -0.157895 -0.373383 0.457061
-0.129201 -0.369911 0.451858 -0.156917 -0.373275 0.456887
-0.128222 -0.369802 0.451684 -0.155938 -0.373166 0.456713
-0.127244 -0.369694 0.45151 -0.15496 -0.373057 0.456538
-0.126265 -0.369585 0.451336 -0.153982 -0.372949 0.456364
-0.125286 -0.369476 0.451162 -0.153004 -0.37284 0.456189
-0.124307 -0.369367 0.450988 -0.152515 -0.372786 0.456102
-0.123329 -0.369259 0.450814 -0.151048 -0.372623 0.455841
-0.12235 -0.36915 0.45064 -0.15007 -0.372515 0.455666
-0.121371 -0.369041 0.450466 -0.149092 -0.372406 0.455492
-0.120392 -0.368932 0.450292 -0.148114 -0.372297 0.455317
-0.119414 -0.368824 0.450118 -0.147136 -0.372189 0.455143
-0.118435 -0.368715 0.449944 -0.146159 -0.37208 0.454969
-0.117456 -0.368606 0.44977 -0.145182 -0.371972 0.454794
-0.116478 -0.368498 0.449596 -0.144204 -0.371863 0.45462
-0.115499 -0.368389 0.449422 -0.143227 -0.371755 0.454446
-0.11452 -0.36828 0.449248 -0.142249 -0.371646 0.454271
-0.113541 -0.368171 0.449074 -0.141271 -0.371538 0.454097
-0.112563 -0.368063 0.4489 -0.140293 -0.371429 0.453922
-0.111584 -0.367954 0.448726 -0.139315 -0.371321 0.453748
-0.110605 -0.367845 0.448552 -0.138337 -0.371212 0.453574
-0.109627 -0.367736 0.448378 -0.137359 -0.371104 0.453399
-0.108648 -0.367628 0.448204 -0.136381 -0.370995 0.453225
-0.107669 -0.367519 0.44803 -0.135403 -0.370887 0.45305
-0.10669 -0.36741 0.447856 -0.134424 -0.370778 0.452876
-0.105712 -0.367301 0.447682 -0.133446 -0.370669 0.452701
-0.104733 -0.367193 0.447508 -0.132467 -0.370561 0.452527
-0.103754 -0.367084 0.447334 -0.13149 -0.370452 0.452352
-0.102775 -0.366975 0.44716 -0.130512 -0.370344 0.452178
-0.101797 -0.366866 0.446986 -0.129534 -0.370235 0.452003
-0.100818 -0.366758 0.446812 -0.128557 -0.370127 0.451829
-0.0998393 -0.366649 0.446638 -0.127579 -0.370018 0.451655
-0.0988606 -0.36654 0.446464 -0.126601 -0.36991 0.45148
-0.0978818 -0.366431 0.44629 -0.125623 -0.369801 0.451306
-0.0969031 -0.366323 0.446116 -0.124646 -0.369693 0.451131
-0.0959244 -0.366214 0.445942 -0.123668 -0.369584 0.450957
-0.0949457 -0.366105 0.445768 -0.12269 -0.369476 0.450783
-0.0939669 -0.365996 0.445594 -0.121712 -0.369367 0.450608
-0.0929882 -0.365888 0.44542 -0.120734 -0.369259 0.450434
-0.0920095 -0.365779 0.445246 -0.119756 -0.36915 0.450259
-0.0910308 -0.36567 0.445072 -0.118778 -0.369042 0.450085
-0.0900521 -0.365561 0.444898 -0.117799 -0.368933 0.44991
-0.0890733 -0.365453 0.444724 -0.116821 -0.368824 0.449736
-0.0880946 -0.365344 0.44455 -0.115843 -0.368716 0.449561
-0.0871159 -0.365235 0.444376 -0.114865 -0.368607 0.449387
-0.0861372 -0.365126 0.444202 -0.113886 -0.368499 0.449212
-0.0851584 -0.365018 0.444028 -0.112908 -0.36839 0.449038
-0.0841797 -0.364909 0.443854 -0.111929 -0.368282 0.448863
-0.083201 -0.3648 0.44368 -0.11095 -0.368173 0.448689
-0.0822223 -0.364691 0.443506 -0.109972 -0.368065 0.448514
-0.0812435 -0.364583 0.443332 -0.108993 -0.367956 0.448339
-0.0802648 -0.364474 0.443158 -0.108014 -0.367847 0.448165
-0.0792861 -0.364365 0.442984 -0.107036 -0.367739 0.44799
-0.0783074 -0.364256 0.44281 -0.106057 -0.36763 0.447816
-0.0773286 -0.364148 0.442636 -0.105568 -0.367576 0.447728
-0.0763499 -0.364039 0.442462 -0.1041 -0.367413 0.447467
-0.0753712 -0.36393 0.442288 -0.103121 -0.367304 0.447292
-0.0743925 -0.363821 0.442114 -0.102142 -0.367196 0.447117
-0.0734138 -0.363713 0.44194 -0.101164 -0.367087 0.446943
-0.072435 -0.363604 0.441766 -0.100185 -0.366979 0.446768
-0.0714563 -0.363495 0.441592 -0.0992062 -0.36687 0.446594
-0.0704776 -0.363386 0.441418 -0.0982275 -0.366761 0.446419
-0.0694989 -0.363278 0.441244 -0.0972489 -0.366653 0.446244
-0.0685201 -0.363169 0.44107 -0.0962702 -0.366544 0.44607
-0.0675414 -0.36306 0.440896 -0.0952916 -0.366436 0.445895
-0.0665627 -0.362951 0.440722 -0.094313 -0.366327 0.445721
-0.065584 -0.362843 0.440548 -0.0933345 -0.366219 0.445546
-0.0646052 -0.362734 0.440374 -0.0923559 -0.36611 0.445372
-0.0636265 -0.362625 0.4402 -0.0913774 -0.366001 0.445197
-0.0626478 -0.362516 0.440026 -0.0903989 -0.365893 0.445022
-0.0616691 -0.362408 0.439852 -0.0894204 -0.365784 0.444848
-0.0606904 -0.362299 0.439678 -0.0884419 -0.365676 0.444673
-0.0597116 -0.36219 0.439504 -0.0874635 -0.365567 0.444499
-0.0587329 -0.362081 0.43933 -0.0864851 -0.365458 0.444324
-0.0577542 -0.361973 0.439156 -0.0855067 -0.36535 0.44415
-0.0567755 -0.361864 0.438982 -0.0845283 -0.365241 0.443975
-0.0557967 -0.361755 0.438808 -0.0835499 -0.365133 0.443801
-0.054818 -0.361646 0.438634 -0.0825716 -0.365024 0.443626
-0.0538393 -0.361538 0.43846 -0.0815932 -0.364916 0.443452
-0.0528606 -0.361429 0.438286 -0.0806149 -0.364807 0.443277
-0.0518818 -0.36132 0.438112 -0.0796367 -0.364699 0.443103
-0.0509031 -0.361211 0.437938 -0.0786584 -0.36459 0.442928
-0.0499244 -0.361103 0.437764 -0.0776801 -0.364481 0.442754
-0.0489457 -0.360994 0.43759 -0.0767019 -0.364373 0.442579
-0.0479669 -0.360885 0.437416 -0.0757237 -0.364264 0.442405
-0.0469882 -0.360776 0.437242 -0.0747455 -0.364156 0.44223
-0.0460095 -0.360668 0.437068 -0.0737673 -0.364047 0.442056
-0.0450308 -0.360559 0.436894 -0.0727892 -0.363939 0.441881
-0.0440521 -0.36045 0.43672 -0.071811 -0.36383 0.441707
-0.0430733 -0.360341 0.436546 -0.0708329 -0.363722 0.441532
-0.0420946 -0.360233 0.436372 -0.0698548 -0.363613 0.441358
-0.0411159 -0.360124 0.436198 -0.0693657 -0.363559 0.44127
-0.0401372 -0.360015 0.436024 -0.0688767 -0.363505 0.441183
-0.0391584 -0.359906 0.43585 -0.0669205 -0.363288 0.440834
-0.0381797 -0.359798 0.435676 -0.0659424 -0.363179 0.44066
-0.037201 -0.359689 0.435502 -0.0649644 -0.363071 0.440485
-0.0362223 -0.35958 0.435328 -0.0639864 -0.362962 0.440311
-0.0352435 -0.359472 0.435154 -0.0630083 -0.362854 0.440136
-0.0342648 -0.359363 0.43498 -0.0620303 -0.362745 0.439962
-0.0332861 -0.359254 0.434806 -0.0610523 -0.362636 0.439788
-0.0323074 -0.359145 0.434632 -0.0600743 -0.362528 0.439613
-0.0313286 -0.359037 0.434458 -0.0590963 -0.362419 0.439439
-0.0303499 -0.358928 0.434284 -0.0581183 -0.362311 0.439264
-0.0293712 -0.358819 0.43411 -0.0571404 -0.362202 0.43909
-0.0283925 -0.35871 0.433936 -0.0561624 -0.362094 0.438915
-0.0274138 -0.358602 0.433762 -0.0551844 -0.361985 0.438741
-0.026435 -0.358493 0.433588 -0.0542065 -0.361877 0.438567
-0.0254563 -0.358384 0.433414 -0.0532285 -0.361768 0.438392
-0.0244776 -0.358275 0.43324 -0.0522506 -0.36166 0.438218
-0.0234989 -0.358167 0.433066 -0.0512727 -0.361551 0.438043
-0.0225201 -0.358058 0.432892 -0.0502952 -0.361443 0.437869
-0.0215414 -0.357949 0.432718 -0.0493189 -0.361335 0.437695
-0.0205627 -0.35784 0.432544 -0.0483436 -0.361226 0.437521
-0.019584 -0.357732 0.43237 -0.0473684 -0.361118 0.437347
-0.0186052 -0.357623 0.432196 -0.0463929 -0.36101 0.437173
-0.0176265 -0.357514 0.432022 -0.045417 -0.360901 0.436999
-0.0166478 -0.357405 0.431848 -0.0444409 -0.360793 0.436825
-0.0156691 -0.357297 0.431675 -0.0434644 -0.360685 0.436651
-0.0146903 -0.357188 0.431501 -0.0424878 -0.360576 0.436477
-0.0137116 -0.357079 0.431327 -0.0415109 -0.360468 0.436303
-0.0127329 -0.35697 0.431153 -0.0405338 -0.360359 0.436128
-0.0117542 -0.356862 0.430979 -0.0395566 -0.360251 0.435954
-0.0107755 -0.356753 0.430805 -0.0385792 -0.360143 0.43578
-0.00979673 -0.356644 0.430631 -0.0376017 -0.360034 0.435606
-0.008818 -0.356535 0.430457 -0.036624 -0.359926 0.435431
-0.00783928 -0.356427 0.430283 -0.0356462 -0.359818 0.435257
-0.00686056 -0.356318 0.430109 -0.0346683 -0.359709 0.435082
-0.00588183 -0.356209 0.429935 -0.0336904 -0.359601 0.434908
-0.00490311 -0.3561 0.429761 -0.0327123 -0.359492 0.434734
-0.00392439 -0.355992 0.429587 -0.0317342 -0.359384 0.434559
-0.00294566 -0.355883 0.429413 -0.0312451 -0.35933 0.434472
-0.00196694 -0.355774 0.429239 -0.0297778 -0.359167 0.434211
-0.000988216 -0.355665 0.429065 -0.0287996 -0.359058 0.434036
-9.49216e-06 -0.355557 0.428891 -0.0278213 -0.35895 0.433862
0.000969231 -0.355448 0.428717 -0.0268429 -0.358841 0.433687
0.00194795 -0.355339 0.428543 -0.0258646 -0.358733 0.433513
0.00292668 -0.35523 0.428369 -0.0248862 -0.358625 0.433339
0.0039054 -0.355122 0.428195 -0.0239079 -0.358516 0.433164
0.00488413 -0.355013 0.428021 -0.0229295 -0.358408 0.43299
0.00586285 -0.354904 0.427847 -0.0219511 -0.358299 0.432815
0.00684157 -0.354795 0.427673 -0.0209727 -0.358191 0.432641
0.0078203 -0.354687 0.427499 -0.0199944 -0.358082 0.432466
0.00879902 -0.354578 0.427325 -0.019016 -0.357974 0.432292
0.00977774 -0.354469 0.427151 -0.0180376 -0.357865 0.432118
0.0107565 -0.35436 0.426977 -0.0170592 -0.357757 0.431943
0.0117352 -0.354252 0.426803 -0.0160809 -0.357648 0.431769
0.0127139 -0.354143 0.426629 -0.0151025 -0.35754 0.431595
0.0136926 -0.354034 0.426455 -0.0141242 -0.357431 0.43142
0.0146714 -0.353925 0.426281 -0.0131459 -0.357323 0.431246
0.0156501 -0.353817 0.426107 -0.0121676 -0.357214 0.431072
0.0166288 -0.353708 0.425933 -0.0111893 -0.357105 0.430897
0.0176075 -0.353599 0.425759 -0.010211 -0.356997 0.430723
0.0185863 -0.35349 0.425585 -0.00923276 -0.356888 0.430549
0.019565 -0.353382 0.425411 -0.00825451 -0.35678 0.430374
0.0205437 -0.353273 0.425237 -0.00727628 -0.356671 0.4302
0.0215224 -0.353164 0.425063 -0.00629806 -0.356563 0.430026
0.0225011 -0.353055 0.424889 -0.00531986 -0.356454 0.429851
0.0234799 -0.352947 0.424715 -0.00434168 -0.356346 0.429677
0.0244586 -0.352838 0.424541 -0.00336351 -0.356237 0.429503
0.0254373 -0.352729 0.424367 -0.00238535 -0.356129 0.429328
0.026416 -0.35262 0.424193 -0.00140721 -0.35602 0.429154
0.0273948 -0.352512 0.424019 -0.000429089 -0.355912 0.42898
0.0283735 -0.352403 0.423845 0.000549017 -0.355803 0.428806
0.0293522 -0.352294 0.423671 0.00152711 -0.355695 0.428631
0.0303309 -0.352185 0.423497 0.00250519 -0.355586 0.428457
0.0313097 -0.352077 0.423323 0.00348326 -0.355478 0.428283
0.0322884 -0.351968 0.423149 0.00397229 -0.355424 0.428196
0.0332671 -0.351859 0.422975 0.00543936 -0.355261 0.427935
0.0342458 -0.35175 0.422801 0.00592838 -0.355207 0.427847
0.0352246 -0.351642 0.422627 0.00690643 -0.355098 0.427673
0.0362033 -0.351533 0.422453 0.00788451 -0.35499 0.427499
0.037182 -0.351424 0.422279 0.00935162 -0.354827 0.427238
0.0381607 -0.351315 0.422105 0.0108184 -0.354664 0.426977
0.0391394 -0.351207 0.421931 0.0113071 -0.35461 0.426889
0.0401182 -0.351098 0.421757 0.0122842 -0.354501 0.426715
0.0410969 -0.350989 0.421583 0.0132611 -0.354393 0.426542
0.0420756 -0.35088 0.421409 0.0142377 -0.354284 0.426368
0.0430543 -0.350772 0.421235 0.0147259 -0.35423 0.426281
0.0440331 -0.350663 0.421061 0.0161905 -0.354068 0.42602
0.0450118 -0.350554 0.420887 0.0171669 -0.353959 0.425846
0.0459905 -0.350445 0.420713 0.0181436 -0.353851 0.425672
0.0469692 -0.350337 0.420539 0.0191204 -0.353742 0.425498
0.047948 -0.350228 0.420365 0.0200974 -0.353634 0.425324
0.0489267 -0.350119 0.420191 0.0210746 -0.353525 0.42515
0.0499054 -0.350011 0.420017 0.0220519 -0.353417 0.424976
0.0508841 -0.349902 0.419843 0.0230293 -0.353309 0.424802
0.0518629 -0.349793 0.419669 0.0240069 -0.3532 0.424628
0.0528416 -0.349684 0.419495 0.0249845 -0.353092 0.424454
0.0538203 -0.349576 0.419321 0.025962 -0.352983 0.42428
0.054799 -0.349467 0.419147 0.0269397 -0.352875 0.424106
0.0557777 -0.349358 0.418973 0.0279175 -0.352766 0.423932
0.0567565 -0.349249 0.418799 0.0288953 -0.352658 0.423758
0.0577352 -0.349141 0.418625 0.0298733 -0.352549 0.423584
0.0587139 -0.349032 0.418451 0.0308514 -0.352441 0.42341
0.0596926 -0.348923 0.418277 0.0318295 -0.352332 0.423236
0.0606714 -0.348814 0.418103 0.0328077 -0.352224 0.423062
0.0616501 -0.348706 0.417929 0.0337859 -0.352115 0.422888
0.0626288 -0.348597 0.417755 0.0347642 -0.352007 0.422714
0.0636075 -0.348488 0.417581 0.0357425 -0.351898 0.42254
0.0645863 -0.348379 0.417407 0.036721 -0.35179 0.422365
0.065565 -0.348271 0.417233 0.0376996 -0.351681 0.422191
0.0665437 -0.348162 0.417059 0.0386782 -0.351572 0.422017
0.0675224 -0.348053 0.416885 0.0396568 -0.351464 0.421843
0.0685012 -0.347944 0.416711 0.0406354 -0.351355 0.421669
0.0694799 -0.347836 0.416537 0.0416139 -0.351247 0.421495
0.0704586 -0.347727 0.416363 0.0425925 -0.351138 0.421321
0.0714373 -0.347618 0.416189 0.043571 -0.35103 0.421147
0.072416 -0.347509 0.416015 0.0440602 -0.350975 0.42106
0.0733948 -0.347401 0.415841 0.045528 -0.350812 0.420799
0.0743735 -0.347292 0.415667 0.0465064 -0.350704 0.420625
0.0753522 -0.347183 0.415493 0.0474849 -0.350595 0.420451
0.0763309 -0.347074 0.415319 0.0484633 -0.350487 0.420277
0.0773097 -0.346966 0.415145 0.0494417 -0.350378 0.420103
0.0782884 -0.346857 0.414971 0.05042 -0.350269 0.419929
0.0792671 -0.346748 0.414797 0.0513984 -0.350161 0.419755
0.0802458 -0.346639 0.414623 0.0523767 -0.350052 0.419581
0.0812246 -0.346531 0.414449 0.0533551 -0.349943 0.419407
0.0822033 -0.346422 0.414275 0.0543334 -0.349835 0.419233
0.083182 -0.346313 0.414101 0.0553116 -0.349726 0.419059
0.0841607 -0.346204 0.413927 0.0562899 -0.349618 0.418885
0.0851395 -0.346096 0.413753 0.0572682 -0.349509 0.418711
0.0861182 -0.345987 0.413579 0.0577573 -0.349455 0.418624
0.0870969 -0.345878 0.413405 0.0587353 -0.349346 0.41845
0.0880756 -0.345769 0.413231 0.0597109 -0.349237 0.418277
0.0890543 -0.345661 0.413057 0.0606831 -0.349129 0.418104
0.0900331 -0.345552 0.412883 0.0616545 -0.349021 0.417931
0.0910118 -0.345443 0.412709 0.0626282 -0.348912 0.417758
0.0919905 -0.345334 0.412535 0.0636049 -0.348804 0.417584
0.0929692 -0.345226 0.412361 0.0645849 -0.348695 0.41741
0.093948 -0.345117 0.412187 0.0655678 -0.348587 0.417236
0.0949267 -0.345008 0.412013 0.0665532 -0.348478 0.41706
0.0959054 -0.344899 0.411839 0.0675393 -0.348369 0.416885
0.0968841 -0.344791 0.411665 0.0685249 -0.34826 0.41671
0.0978629 -0.344682 0.411491 0.0695114 -0.348151 0.416535
0.0988416 -0.344573 0.411317 0.0705 -0.348041 0.416359
0.0998203 -0.344464 0.411143 0.0714907 -0.347932 0.416183
0.100799 -0.344356 0.410969 0.072483 -0.347823 0.416007
0.101778 -0.344247 0.410795 0.073477 -0.347713 0.41583
0.102756 -0.344138 0.410621 0.0744726 -0.347603 0.415653
0.103735 -0.344029 0.410447 0.0754679 -0.347493 0.415476
0.104714 -0.343921 0.410273 0.0764611 -0.347384 0.4153
0.105693 -0.343812 0.410099 0.0774536 -0.347274 0.415124
0.106671 -0.343703 0.409925 0.0784468 -0.347164 0.414947
0.10765 -0.343594 0.409751 0.0794407 -0.347054 0.414771
0.108629 -0.343486 0.409577 0.0804354 -0.346944 0.414594
0.109608 -0.343377 0.409403 0.0814307 -0.346834 0.414417
0.110586 -0.343268 0.409229 0.0824265 -0.346724 0.41424
0.111565 -0.343159 0.409055 0.0834226 -0.346613 0.414063
0.112544 -0.343051 0.408881 0.0844188 -0.346503 0.413886
0.113522 -0.342942 0.408707 0.084917 -0.346448 0.413798
0.114501 -0.342833 0.408533 0.0859134 -0.346337 0.413621
0.11548 -0.342724 0.408359 0.0874085 -0.346172 0.413355
0.116459 -0.342616 0.408185 0.0884054 -0.346061 0.413178
0.117437 -0.342507 0.408011 0.0894025 -0.345951 0.413001
0.118416 -0.342398 0.407837 0.0903997 -0.34584 0.412824
0.119395 -0.342289 0.407663 0.0913966 -0.345729 0.412647
0.120374 -0.342181 0.407489 0.0918948 -0.345674 0.412559
0.121352 -0.342072 0.407315 0.0928908 -0.345564 0.412382
0.122331 -0.341963 0.407141 0.0943845 -0.345398 0.412117
0.12331 -0.341854 0.406967 0.0948823 -0.345342 0.412028
0.124288 -0.341746 0.406793 0.0963755 -0.345176 0.411763
0.125267 -0.341637 0.406619 0.0973709 -0.345065 0.411587
0.126246 -0.341528 0.406445 0.0978687 -0.34501 0.411498
0.127225 -0.341419 0.406271 0.0988641 -0.344899 0.411322
0.128203 -0.341311 0.406097 0.0998592 -0.344789 0.411145
0.129182 -0.341202 0.405923 0.100854 -0.344678 0.410968
0.130161 -0.341093 0.405749 0.101848 -0.344567 0.410792
0.131139 -0.340985 0.405575 0.102842 -0.344457 0.410615
0.132118 -0.340876 0.405401 0.103836 -0.344346 0.410439
0.133097 -0.340767 0.405227 0.104829 -0.344235 0.410263
0.134076 -0.340658 0.405053 0.105822 -0.344125 0.410086
0.135054 -0.34055 0.404879 0.106815 -0.344014 0.40991
0.136033 -0.340441 0.404705 0.107808 -0.343903 0.409734
0.137012 -0.340332 0.404531 0.1088 -0.343793 0.409558
0.137991 -0.340223 0.404357 0.109792 -0.343682 0.409382
0.138969 -0.340115 0.404183 0.110783 -0.343572 0.409206
0.139948 -0.340006 0.404009 0.111774 -0.343461 0.40903
0.140927 -0.339897 0.403835 0.112765 -0.343351 0.408854
0.141905 -0.339788 0.403661 0.113756 -0.34324 0.408679
0.142884 -0.33968 0.403487 0.114746 -0.34313 0.408503
0.143863 -0.339571 0.403313 0.115736 -0.343019 0.408327
0.144842 -0.339462 0.403139 0.116726 -0.342909 0.408152
0.14582 -0.339353 0.402965 0.117715 -0.342798 0.407976
0.146799 -0.339245 0.402791 0.118704 -0.342688 0.407801
0.147778 -0.339136 0.402617 0.119693 -0.342578 0.407625
0.148756 -0.339027 0.402443 0.120681 -0.342467 0.40745
0.149735 -0.338918 0.402269 0.121669 -0.342357 0.407275
0.150714 -0.33881 0.402095 0.122656 -0.342247 0.4071
0.151693 -0.338701 0.401921 0.123644 -0.342137 0.406924
0.152671 -0.338592 0.401747 0.12463 -0.342027 0.406749
0.15365 -0.338483 0.401573 0.125617 -0.341916 0.406574
0.154629 -0.338375 0.401399 0.126603 -0.341806 0.406399
0.155608 -0.338266 0.401225 0.127589 -0.341696 0.406225
0.156586 -0.338157 0.401051 0.128574 -0.341586 0.40605
0.157565 -0.338048 0.400877 0.129559 -0.341476 0.405875
0.158544 -0.33794 0.400703 0.130544 -0.341366 0.4057
0.159522 -0.337831 0.400529 0.131529 -0.341256 0.405526
0.160501 -0.337722 0.400355 0.132513 -0.341147 0.405351
0.16148 -0.337613 0.400181 0.133497 -0.341037 0.405177
0.162459 -0.337505 0.400007 0.13448 -0.340927 0.405002
0.163437 -0.337396 0.399833 0.135464 -0.340817 0.404828
0.164416 -0.337287 0.399659 0.136447 -0.340707 0.404654
0.165395 -0.337178 0.399485 0.137429 -0.340598 0.404479
0.166374 -0.33707 0.399311 0.138412 -0.340488 0.404305
0.167352 -0.336961 0.399137 0.139394 -0.340378 0.404131
0.168331 -0.336852 0.398963 0.140376 -0.340269 0.403957
0.16931 -0.336743 0.398789 0.141358 -0.340159 0.403783
0.170288 -0.336635 0.398615 0.14234 -0.34005 0.403609
0.171267 -0.336526 0.398441 0.143321 -0.33994 0.403435
0.172246 -0.336417 0.398267 0.144302 -0.33983 0.403261
0.173225 -0.336308 0.398093 0.145283 -0.339721 0.403087
0.174203 -0.3362 0.397919 0.146264 -0.339611 0.402913
0.175182 -0.336091 0.397745 0.147245 -0.339502 0.402739
0.176161 -0.335982 0.397571 0.148226 -0.339393 0.402565
0.177139 -0.335873 0.397397 0.149206 -0.339283 0.402392
0.178118 -0.335765 0.397223 0.150186 -0.339174 0.402218
0.179097 -0.335656 0.397049 0.151167 -0.339064 0.402044
0.180076 -0.335547 0.396875 0.152147 -0.338955 0.40187
0.181054 -0.335438 0.396701 0.153127 -0.338846 0.401697
0.182033 -0.33533 0.396527 0.154106 -0.338736 0.401523
0.183012 -0.335221 0.396353 0.155086 -0.338627 0.401349
0.183991 -0.335112 0.396179 0.156066 -0.338518 0.401176
0.184969 -0.335003 0.396005 0.157045 -0.338408 0.401002
0.185948 -0.334895 0.395831 0.158025 -0.338299 0.400828
0.186927 -0.334786 0.395657 0.159004 -0.33819 0.400655
0.187905 -0.334677 0.395483 0.159984 -0.338081 0.400481
0.188884 -0.334568 0.395309 0.160963 -0.337971 0.400308
0.189863 -0.33446 0.395135 0.161942 -0.337862 0.400134
0.190842 -0.334351 0.394961 0.162921 -0.337753 0.399961
0.19182 -0.334242 0.394787 0.163411 -0.337698 0.399874
0.192799 -0.334133 0.394614 0.16439 -0.337589 0.3997
0.193778 -0.334025 0.39444 0.165857 -0.337425 0.39944
0.194756 -0.333916 0.394266 0.166832 -0.337316 0.399267
0.195735 -0.333807 0.394092 0.167803 -0.337207 0.399095
0.196714 -0.333698 0.393918 0.168775 -0.337099 0.398923
0.197693 -0.33359 0.393744 0.169747 -0.33699 0.398751
0.198671 -0.333481 0.39357 0.17072 -0.336881 0.398578
0.19965 -0.333372 0.393396 0.171694 -0.336772 0.398405
0.200629 -0.333263 0.393222 0.172669 -0.336663 0.398233
0.201608 -0.333155 0.393048 0.173644 -0.336555 0.39806
0.202586 -0.333046 0.392874 0.17462 -0.336446 0.397887
0.203565 -0.332937 0.3927 0.175597 -0.336337 0.397714
0.204544 -0.332828 0.392526 0.176574 -0.336228 0.397541
0.205522 -0.33272 0.392352 0.177551 -0.336119 0.397368
0.206501 -0.332611 0.392178 0.178529 -0.33601 0.397194
0.20748 -0.332502 0.392004 0.179507 -0.335901 0.397021
0.208459 -0.332393 0.39183 0.180485 -0.335792 0.396848
0.209437 -0.332285 0.391656 0.181464 -0.335683 0.396674
0.210416 -0.332176 0.391482 0.182443 -0.335574 0.396501
0.211395 -0.332067 0.391308 0.183422 -0.335465 0.396328
0.212374 -0.331958 0.391134 0.184401 -0.335356 0.396154
0.213352 -0.33185 0.39096 0.18538 -0.335247 0.395981
0.214331 -0.331741 0.390786 0.18636 -0.335138 0.395807
0.21531 -0.331632 0.390612 0.18734 -0.335028 0.395634
0.216288 -0.331524 0.390438 0.188319 -0.334919 0.39546
0.217267 -0.331415 0.390264 0.189299 -0.33481 0.395286
0.218246 -0.331306 0.39009 0.190279 -0.334701 0.395113
0.219225 -0.331197 0.389916 0.191259 -0.334592 0.394939
0.220203 -0.331089 0.389742 0.192239 -0.334482 0.394766
0.221182 -0.33098 0.389568 0.193219 -0.334373 0.394592
0.222161 -0.330871 0.389394 0.1942 -0.334264 0.394418
0.223139 -0.330762 0.38922 0.19469 -0.334209 0.394331
0.224118 -0.330654 0.389046 0.19616 -0.334045 0.394071
0.225097 -0.330545 0.388872 0.19714 -0.333936 0.393897
0.226076 -0.330436 0.388698 0.19812 -0.333827 0.393724
0.227054 -0.330327 0.388524 0.1991 -0.333717 0.39355
0.228033 -0.330219 0.38835 0.20008 -0.333608 0.393377
0.229012 -0.33011 0.388176 0.20106 -0.333499 0.393203
0.229991 -0.330001 0.388002 0.20204 -0.333389 0.393029
0.230969 -0.329892 0.387828 0.20302 -0.33328 0.392856
0.231948 -0.329784 0.387654 0.204 -0.333171 0.392682
0.232927 -0.329675 0.38748 0.20498 -0.333061 0.392509
0.233905 -0.329566 0.387306 0.20596 -0.332952 0.392335
0.234884 -0.329457 0.387132 0.20694 -0.332843 0.392161
0.235863 -0.329349 0.386958 0.20792 -0.332733 0.391988
0.236842 -0.32924 0.386784 0.208899 -0.332624 0.391814
0.23782 -0.329131 0.38661 0.209879 -0.332515 0.391641
0.238799 -0.329022 0.386436 0.210859 -0.332405 0.391467
0.239778 -0.328914 0.386262 0.211839 -0.332296 0.391294
0.240756 -0.328805 0.386088 0.212818 -0.332186 0.39112
0.241735 -0.328696 0.385914 0.213798 -0.332077 0.390946
0.242714 -0.328587 0.38574 0.214777 -0.331968 0.390773
0.243693 -0.328479 0.385566 0.215757 -0.331858 0.390599
0.244671 -0.32837 0.385392 0.216736 -0.331749 0.390426
0.24565 -0.328261 0.385218 0.217716 -0.33164 0.390252
0.246629 -0.328152 0.385044 0.218695 -0.33153 0.390079
0.247608 -0.328044 0.38487 0.219674 -0.331421 0.389905
0.248586 -0.327935 0.384696 0.220654 -0.331312 0.389732
0.249565 -0.327826 0.384522 0.221633 -0.331202 0.389558
0.250544 -0.327717 0.384348 0.222612 -0.331093 0.389385
0.251522 -0.327609 0.384174 0.223592 -0.330983 0.389211
0.252501 -0.3275 0.384 0.224571 -0.330874 0.389038
0.25348 -0.327391 0.383826 0.22555 -0.330765 0.388865
0.254459 -0.327282 0.383652 0.226529 -0.330655 0.388691
0.255437 -0.327174 0.383478 0.227508 -0.330546 0.388518
0.256416 -0.327065 0.383304 0.228487 -0.330437 0.388344
0.257395 -0.326956 0.38313 0.229466 -0.330327 0.388171
0.258374 -0.326847 0.382956 0.230445 -0.330218 0.387997
0.259352 -0.326739 0.382782 0.231425 -0.330109 0.387824
0.260331 -0.32663 0.382608 0.232404 -0.329999 0.38765
0.26131 -0.326521 0.382434 0.233383 -0.32989 0.387477
0.262288 -0.326412 0.38226 0.234362 -0.329781 0.387303
0.263267 -0.326304 0.382086 0.23534 -0.329671 0.38713
0.264246 -0.326195 0.381912 0.236319 -0.329562 0.386957
0.265225 -0.326086 0.381738 0.237298 -0.329453 0.386783
0.266203 -0.325977 0.381564 0.238277 -0.329343 0.38661
0.267182 -0.325869 0.38139 0.239256 -0.329234 0.386436
0.268161 -0.32576 0.381216 0.240235 -0.329125 0.386263
0.269139 -0.325651 0.381042 0.241214 -0.329015 0.386089
0.270118 -0.325542 0.380868 0.242193 -0.328906 0.385916
0.271097 -0.325434 0.380694 0.243172 -0.328797 0.385743
0.272076 -0.325325 0.38052 0.244151 -0.328687 0.385569
0.273054 -0.325216 0.380346 0.245129 -0.328578 0.385396
0.274033 -0.325107 0.380172 0.246108 -0.328469 0.385222
0.275012 -0.324999 0.379998 0.247087 -0.328359 0.385049
0.275991 -0.32489 0.379824 0.248066 -0.32825 0.384876
0.276969 -0.324781 0.37965 0.249045 -0.328141 0.384702
0.277948 -0.324672 0.379476 0.250024 -0.328031 0.384529
0.278927 -0.324564 0.379302 0.251002 -0.327922 0.384355
0.279905 -0.324455 0.379128 0.251981 -0.327813 0.384182
0.280884 -0.324346 0.378954 0.25296 -0.327703 0.384008
0.281863 -0.324237 0.37878 0.253449 -0.327649 0.383922
0.282842 -0.324129 0.378606 0.254918 -0.327485 0.383662
0.28382 -0.32402 0.378432 0.255896 -0.327375 0.383488
0.284799 -0.323911 0.378258 0.256875 -0.327266 0.383315
0.285778 -0.323802 0.378084 0.257854 -0.327157 0.383141
0.286756 -0.323694 0.37791 0.258833 -0.327048 0.382968
0.287735 -0.323585 0.377736 0.259812 -0.326938 0.382795
0.288714 -0.323476 0.377562 0.26079 -0.326829 0.382621
0.289693 -0.323367 0.377388 0.26128 -0.326774 0.382534
0.290671 -0.323259 0.377214 0.261769 -0.32672 0.382448
0.29165 -0.32315 0.37704 0.263726 -0.326501 0.382101
0.292629 -0.323041 0.376866 0.2647 -0.326392 0.381928
0.293608 -0.322932 0.376692 0.265672 -0.326283 0.381756
0.294586 -0.322824 0.376518 0.266643 -0.326174 0.381584
0.295565 -0.322715 0.376344 0.267615 -0.326066 0.381411
0.296544 -0.322606 0.37617 0.268588 -0.325957 0.381239
0.297522 -0.322498 0.375996 0.269562 -0.325848 0.381066
0.298501 -0.322389 0.375822 0.270537 -0.325739 0.380893
0.29948 -0.32228 0.375648 0.271512 -0.32563 0.380721
0.300459 -0.322171 0.375474 0.272488 -0.325521 0.380548
0.301437 -0.322063 0.3753 0.273465 -0.325412 0.380375
0.302416 -0.321954 0.375126 0.274442 -0.325303 0.380202
0.303395 -0.321845 0.374952 0.275419 -0.325194 0.380028
0.304374 -0.321736 0.374778 0.276397 -0.325085 0.379855
0.305352 -0.321628 0.374604 0.277375 -0.324975 0.379682
0.306331 -0.321519 0.37443 0.278354 -0.324866 0.379508
0.30731 -0.32141 0.374256 0.279333 -0.324757 0.379335
0.308288 -0.321301 0.374082 0.280311 -0.324648 0.379162
0.309267 -0.321193 0.373908 0.28129 -0.324539 0.378988
0.310246 -0.321084 0.373734 0.282269 -0.32443 0.378815
0.311225 -0.320975 0.37356 0.283248 -0.32432 0.378641
0.312203 -0.320866 0.373386 0.284227 -0.324211 0.378468
0.313182 -0.320758 0.373212 0.285206 -0.324102 0.378294
0.314161 -0.320649 0.373038 0.286186 -0.323993 0.378121
0.315139 -0.32054 0.372864 0.287166 -0.323883 0.377947
0.316118 -0.320431 0.37269 0.288146 -0.323774 0.377774
0.317097 -0.320323 0.372516 0.289126 -0.323665 0.3776
0.318076 -0.320214 0.372342 0.290106 -0.323555 0.377426
0.319054 -0.320105 0.372168 0.291086 -0.323446 0.377253
0.320033 -0.319996 0.371994 0.292066 -0.323337 0.377079
0.321012 -0.319888 0.37182 0.293046 -0.323227 0.376905
0.321991 -0.319779 0.371646 0.294027 -0.323118 0.376732
0.322969 -0.31967 0.371472 0.295007 -0.323008 0.376558
0.323948 -0.319561 0.371298 0.295988 -0.322899 0.376384
0.324927 -0.319453 0.371124 0.296968 -0.32279 0.37621
0.325905 -0.319344 0.37095 0.297948 -0.32268 0.376037
0.326884 -0.319235 0.370776 0.298929 -0.322571 0.375863
0.327863 -0.319126 0.370602 0.299909 -0.322461 0.375689
0.328842 -0.319018 0.370428 0.300399 -0.322407 0.375602
0.32982 -0.318909 0.370254 0.300889 -0.322352 0.375515
0.330799 -0.3188 0.37008 0.30285 -0.322133 0.375168
0.331778 -0.318691 0.369906 0.30383 -0.322024 0.374994
0.332757 -0.318583 0.369732 0.30481 -0.321914 0.37482
0.333735 -0.318474 0.369558 0.305791 -0.321805 0.374647
0.334714 -0.318365 0.369384 0.306771 -0.321695 0.374473
0.335693 -0.318256 0.36921 0.307261 -0.321641 0.374386
0.336671 -0.318148 0.369036 0.309221 -0.321422 0.374038
0.33765 -0.318039 0.368862 0.310201 -0.321312 0.373865
0.338629 -0.31793 0.368688 0.311178 -0.321203 0.373691
0.339608 -0.317821 0.368514 0.312152 -0.321094 0.373519
0.340586 -0.317713 0.36834 0.313123 -0.320985 0.373346
0.341565 -0.317604 0.368166 0.314094 -0.320877 0.373174
0.342544 -0.317495 0.367992 0.315065 -0.320768 0.373002
0.343522 -0.317386 0.367818 0.316035 -0.320659 0.372829
0.344501 -0.317278 0.367644 0.317006 -0.320551 0.372657
0.34548 -0.317169 0.36747 0.317976 -0.320442 0.372485
0.346459 -0.31706 0.367296 0.318947 -0.320333 0.372313
0.347437 -0.316951 0.367122 0.319917 -0.320225 0.37214
0.348416 -0.316843 0.366948 0.320888 -0.320116 0.371968
0.349395 -0.316734 0.366774 0.321858 -0.320008 0.371796
0.350374 -0.316625 0.3666 0.322828 -0.319899 0.371624
0.351352 -0.316516 0.366426 0.323799 -0.319791 0.371452
0.352331 -0.316408 0.366252 0.324768 -0.319682 0.37128
0.35331 -0.316299 0.366078 0.325734 -0.319574 0.371108
0.354288 -0.31619 0.365904 0.3267 -0.319466 0.370937
0.355267 -0.316081 0.36573 0.327666 -0.319358 0.370765
0.356246 -0.315973 0.365556 0.328633 -0.31925 0.370594
0.357225 -0.315864 0.365382 0.329601 -0.319142 0.370422
0.358203 -0.315755 0.365208 0.330569 -0.319033 0.37025
0.359182 -0.315646 0.365034 0.331539 -0.318925 0.370078
0.360161 -0.315538 0.36486 0.332507 -0.318817 0.369906
0.361139 -0.315429 0.364686 0.333473 -0.318709 0.369735
0.362118 -0.31532 0.364512 0.334439 -0.318601 0.369564
0.363097 -0.315211 0.364338 0.335406 -0.318493 0.369392
0.364076 -0.315103 0.364164 0.336373 -0.318385 0.369221
0.365054 -0.314994 0.36399 0.337338 -0.318277 0.369049
0.366033 -0.314885 0.363816 0.338303 -0.318169 0.368878
0.367012 -0.314776 0.363642 0.339268 -0.318062 0.368707
0.367991 -0.314668 0.363468 0.340234 -0.317954 0.368535
0.368969 -0.314559 0.363294 0.341199 -0.317846 0.368364
0.369948 -0.31445 0.36312 0.342163 -0.317738 0.368193
0.370927 -0.314341 0.362946 0.343126 -0.317631 0.368022
0.371905 -0.314233 0.362772 0.344087 -0.317523 0.367852
0.372884 -0.314124 0.362598 0.345049 -0.317416 0.367681
0.373863 -0.314015 0.362424 0.346009 -0.317308 0.36751
0.374842 -0.313906 0.36225 0.346969 -0.317201 0.36734
0.37582 -0.313798 0.362076 0.347929 -0.317094 0.367169
0.376799 -0.313689 0.361902 0.348889 -0.316986 0.366999
0.377778 -0.31358 0.361728 0.349849 -0.316879 0.366829
0.378757 -0.313471 0.361554 0.35081 -0.316772 0.366658
0.379735 -0.313363 0.36138 0.351771 -0.316664 0.366488
0.380714 -0.313254 0.361206 0.352732 -0.316557 0.366317
0.381693 -0.313145 0.361032 0.353693 -0.31645 0.366147
0.382671 -0.313037 0.360858 0.354654 -0.316343 0.365976
0.38365 -0.312928 0.360684 0.355616 -0.316235 0.365805
0.384629 -0.312819 0.36051 0.356577 -0.316128 0.365635
0.385608 -0.31271 0.360336 0.35754 -0.316021 0.365464
0.386586 -0.312602 0.360162 0.358502 -0.315913 0.365293
0.387565 -0.312493 0.359988 0.359465 -0.315806 0.365123
0.388544 -0.312384 0.359814 0.360429 -0.315698 0.364952
0.389522 -0.312275 0.35964 0.361393 -0.315591 0.364781
0.390501 -0.312167 0.359466 0.362358 -0.315483 0.36461
0.39148 -0.312058 0.359292 0.363324 -0.315376 0.364438
0.392459 -0.311949 0.359118 0.36429 -0.315268 0.364267
0.393437 -0.31184 0.358944 0.365257 -0.315161 0.364096
0.394416 -0.311732 0.35877 0.366224 -0.315053 0.363924
0.395395 -0.311623 0.358596 0.366708 -0.314999 0.363838
0.396374 -0.311514 0.358422 0.367192 -0.314945 0.363753
0.397352 -0.311405 0.358248 0.369128 -0.314729 0.363409
0.398331 -0.311297 0.358074 0.370097 -0.314622 0.363238
0.39931 -0.311188 0.3579 0.371545 -0.31446 0.362981
0.400288 -0.311079 0.357727 0.372508 -0.314353 0.36281
0.401267 -0.31097 0.357553 0.372989 -0.314299 0.362724
0.402246 -0.310862 0.357379 0.374435 -0.314138 0.362468
0.403225 -0.310753 0.357205 0.375401 -0.31403 0.362296
0.404203 -0.310644 0.357031 0.376368 -0.313922 0.362125
0.405182 -0.310535 0.356857 0.377337 -0.313814 0.361953
0.406161 -0.310427 0.356683 0.377821 -0.31376 0.361867
0.407139 -0.310318 0.356509 0.378791 -0.313652 0.361695
0.408118 -0.310209 0.356335 0.379762 -0.313544 0.361523
0.409097 -0.3101 0.356161 0.38122 -0.313382 0.361265
0.410076 -0.309992 0.355987 0.382193 -0.313274 0.361092
0.411054 -0.309883 0.355813 0.383168 -0.313165 0.360919
0.412033 -0.309774 0.355639 0.384145 -0.313057 0.360746
0.413012 -0.309665 0.355465 0.385122 -0.312948 0.360573
0.413991 -0.309557 0.355291 0.3861 -0.31284 0.3604
0.414969 -0.309448 0.355117 0.387078 -0.312731 0.360227
0.415948 -0.309339 0.354943 0.388056 -0.312622 0.360053
0.416927 -0.30923 0.354769 0.388546 -0.312568 0.359967
0.417905 -0.309122 0.354595 0.390014 -0.312404 0.359706
0.418884 -0.309013 0.354421 0.390993 -0.312295 0.359533
0.419863 -0.308904 0.354247 0.391972 -0.312186 0.359359
0.420842 -0.308795 0.354073 0.392951 -0.312077 0.359186
0.42182 -0.308687 0.353899 0.393931 -0.311969 0.359012
0.422799 -0.308578 0.353725 0.39491 -0.311859 0.358838
0.423778 -0.308469 0.353551 0.39589 -0.31175 0.358665
0.424757 -0.30836 0.353377 0.396869 -0.311641 0.358491
0.425735 -0.308252 0.353203 0.397849 -0.311532 0.358317
0.426714 -0.308143 0.353029 0.398338 -0.311478 0.35823
0.427693 -0.308034 0.352855 0.399807 -0.311314 0.35797
0.428671 -0.307925 0.352681 0.400786 -0.311205 0.357796
0.42965 -0.307817 0.352507 0.401766 -0.311096 0.357622
0.430629 -0.307708 0.352333 0.402745 -0.310987 0.357448
0.431608 -0.307599 0.352159 0.403724 -0.310878 0.357275
0.432586 -0.30749 0.351985 0.404704 -0.310769 0.357101
0.433565 -0.307382 0.351811 0.405684 -0.310659 0.356927
0.434544 -0.307273 0.351637 0.406664 -0.31055 0.356753
0.435522 -0.307164 0.351463 0.407644 -0.310441 0.356579
0.436501 -0.307055 0.351289 0.408134 -0.310386 0.356492
0.43748 -0.306947 0.351115 0.409604 -0.310222 0.356231
0.438459 -0.306838 0.350941 0.410094 -0.310168 0.356144
0.439437 -0.306729 0.350767 0.412539 -0.309895 0.35571
0.440416 -0.30662 0.350593 0.41351 -0.309787 0.355537
0.441395 -0.306512 0.350419 0.414477 -0.309678 0.355365
0.442374 -0.306403 0.350245 0.415442 -0.30957 0.355194
0.443352 -0.306294 0.350071 0.416403 -0.309463 0.355022
0.444331 -0.306185 0.349897 0.417361 -0.309355 0.354852
0.44531 -0.306077 0.349723 0.418317 -0.309248 0.354681
0.446288 -0.305968 0.349549 0.418795 -0.309194 0.354596
0.447267 -0.305859 0.349375 0.420695 -0.308981 0.354257
0.448246 -0.30575 0.349201 0.421641 -0.308875 0.354088
0.449225 -0.305642 0.349027 0.422587 -0.308768 0.35392
0.450203 -0.305533 0.348853 0.423533 -0.308662 0.353751
0.451182 -0.305424 0.348679 0.424478 -0.308556 0.353583
0.452161 -0.305315 0.348505 0.425423 -0.30845 0.353414
0.453139 -0.305207 0.348331 0.426367 -0.308345 0.353246
0.454118 -0.305098 0.348157 0.427312 -0.308239 0.353078
0.455097 -0.304989 0.347983 0.428258 -0.308133 0.35291
0.456076 -0.30488 0.347809 0.429204 -0.308027 0.352741
0.457054 -0.304772 0.347635 0.430151 -0.307921 0.352573
0.458033 -0.304663 0.347461 0.431098 -0.307815 0.352404
0.459012 -0.304554 0.347287 0.432046 -0.30771 0.352236
0.459991 -0.304445 0.347113 0.432995 -0.307604 0.352067
0.460969 -0.304337 0.346939 0.433945 -0.307498 0.351898
0.461948 -0.304228 0.346765 0.434896 -0.307392 0.35173
0.462927 -0.304119 0.346591 0.435847 -0.307286 0.351561
0.463905 -0.304011 0.346417 0.436799 -0.30718 0.351392
0.464884 -0.303902 0.346243 0.437752 -0.307074 0.351223
0.465863 -0.303793 0.346069 0.438706 -0.306967 0.351053
0.466842 -0.303684 0.345895 0.43966 -0.306861 0.350884
0.46782 -0.303576 0.345721 0.440616 -0.306755 0.350714
0.468799 -0.303467 0.345547 0.441572 -0.306648 0.350545
0.469778 -0.303358 0.345373 0.442527 -0.306542 0.350375
0.470757 -0.303249 0.345199 0.44348 -0.306436 0.350206
0.471735 -0.303141 0.345025 0.444432 -0.30633 0.350037
0.472714 -0.303032 0.344851 0.445386 -0.306224 0.349868
0.473693 -0.302923 0.344677 0.446341 -0.306118 0.349698
0.474671 -0.302814 0.344503 0.447298 -0.306011 0.349528
0.47565 -0.302706 0.344329 0.448255 -0.305905 0.349359
0.476629 -0.302597 0.344155 0.449214 -0.305798 0.349189
0.477608 -0.302488 0.343981 0.450174 -0.305691 0.349018
0.478586 -0.302379 0.343807 0.451135 -0.305585 0.348848
0.479565 -0.302271 0.343633 0.452096 -0.305478 0.348677
0.480544 -0.302162 0.343459 0.453059 -0.305371 0.348507
0.481522 -0.302053 0.343285 0.454021 -0.305264 0.348336
0.482501 -0.301944 0.343111 0.454985 -0.305157 0.348165
0.48348 -0.301836 0.342937 0.455949 -0.30505 0.347994
0.484459 -0.301727 0.342763 0.456914 -0.304942 0.347823
0.485437 -0.301618 0.342589 0.457877 -0.304835 0.347652
0.486416 -0.301509 0.342415 0.458839 -0.304728 0.347482
0.487395 -0.301401 0.342241 0.4598 -0.304621 0.347311
0.488374 -0.301292 0.342067 0.460758 -0.304515 0.347141
0.489352 -0.301183 0.341893 0.461716 -0.304408 0.346971
0.490331 -0.301074 0.341719 0.462673 -0.304301 0.346801
0.49131 -0.300966 0.341545 0.463631 -0.304195 0.346631
0.492288 -0.300857 0.341371 0.46459 -0.304088 0.34646
0.493267 -0.300748 0.341197 0.46555 -0.303981 0.34629
0.494246 -0.300639 0.341023 0.46651 -0.303874 0.346119
0.495225 -0.300531 0.340849 0.467471 -0.303767 0.345949
0.496203 -0.300422 0.340675 0.468433 -0.30366 0.345778
0.497182 -0.300313 0.340501 0.469396 -0.303553 0.345607
0.498161 -0.300204 0.340327 0.470359 -0.303446 0.345436
0.499139 -0.300096 0.340153 0.47132 -0.303339 0.345266
0.500118 -0.299987 0.339979 0.472282 -0.303232 0.345095
0.499139 -0.300096 0.340153 0.473244 -0.303125 0.344924
0.500118 -0.299987 0.339979 0.474207 -0.303018 0.344753
0.499139 -0.300096 0.340153 0.475171 -0.30291 0.344582
0.500118 -0.299987 0.339979 0.476135 -0.302803 0.344411
0.499139 -0.300096 0.340153 0.477093 -0.302696 0.344241
0.500118 -0.299987 0.339979 0.478042 -0.30259 0.344071
0.499139 -0.300096 0.340153 0.478981 -0.302485 0.343904
0.500118 -0.299987 0.339979 0.479908 -0.302381 0.343738
0.499139 -0.300096 0.340153 0.480818 -0.302278 0.343575
0.500118 -0.299987 0.339979 0.481708 -0.302177 0.343415
0.499139 -0.300096 0.340153 0.482577 -0.302078 0.343258
0.500118 -0.299987 0.339979 0.483422 -0.301981 0.343104
0.499139 -0.300096 0.340153 0.484241 -0.301887 0.342955
0.500118 -0.299987 0.339979 0.485035 -0.301795 0.34281
0.499139 -0.300096 0.340153 0.485802 -0.301705 0.342669
0.500118 -0.299987 0.339979 0.486541 -0.301619 0.342533
0.499139 -0.300096 0.340153 0.487254 -0.301535 0.342401
0.500118 -0.299987 0.339979 0.487939 -0.301454 0.342274
0.499139 -0.300096 0.340153 0.488597 -0.301376 0.342152
0.500118 -0.299987 0.339979 0.489231 -0.3013 0.342033
0.499139 -0.300096 0.340153 0.48984 -0.301228 0.34192
0.500118 -0.299987 0.339979 0.490423 -0.301158 0.34181
0.499139 -0.300096 0.340153 0.490981 -0.301091 0.341705
0.500118 -0.299987 0.339979 0.491511 -0.301026 0.341605
0.499139 -0.300096 0.340153 0.492016 -0.300965 0.34151
0.500118 -0.299987 0.339979 0.492495 -0.300907 0.341419
0.499139 -0.300096 0.340153 0.492949 -0.300852 0.341333
0.500118 -0.299987 0.339979 0.493379 -0.300799 0.341251
0.499139 -0.300096 0.340153 0.493788 -0.300749 0.341173
0.500118 -0.299987 0.339979 0.494176 -0.300701 0.341099
0.499139 -0.300096 0.340153 0.494544 -0.300656 0.341029
0.500118 -0.299987 0.339979 0.494894 -0.300613 0.340962
0.499139 -0.300096 0.340153 0.495225 -0.300572 0.340898
0.500118 -0.299987 0.339979 0.495538 -0.300534 0.340838
0.499139 -0.300096 0.340153 0.495834 -0.300497 0.340782
0.500118 -0.299987 0.339979 0.496114 -0.300463 0.340728
0.499139 -0.300096 0.340153 0.496379 -0.30043 0.340678
0.500118 -0.299987 0.339979 0.496627 -0.3004 0.34063
0.499139 -0.300096 0.340153 0.496861 -0.300371 0.340585
0.500118 -0.299987 0.339979 0.497079 -0.300344 0.340543
0.499139 -0.300096 0.340153 0.497283 -0.300319 0.340504
0.500118 -0.299987 0.339979 0.497474 -0.300295 0.340467
0.499139 -0.300096 0.340153 0.497653 -0.300273 0.340433
0.500118 -0.299987 0.339979 0.497817 -0.300253 0.340401
0.499139 -0.300096 0.340153 0.497969 -0.300234 0.340372
0.500118 -0.299987 0.339979 0.498108 -0.300217 0.340345
0.499139 -0.300096 0.340153 0.498237 -0.300201 0.340321
0.500118 -0.299987 0.339979 0.498356 -0.300186 0.340298
0.499139 -0.300096 0.340153 0.498464 -0.300173 0.340277
0.500118 -0.299987 0.339979 0.498564 -0.30016 0.340258
0.499139 -0.300096 0.340153 0.498654 -0.300149 0.34024
0.500118 -0.299987 0.339979 0.498737 -0.300139 0.340225
0.499139 -0.300096 0.340153 0.498811 -0.30013 0.34021
0.500118 -0.299987 0.339979 0.498879 -0.300122 0.340197
0.499139 -0.300096 0.340153 0.498939 -0.300114 0.340186
0.500118 -0.299987 0.339979 0.498994 -0.300108 0.340175
0.499139 -0.300096 0.340153 0.499043 -0.300102 0.340166
