-0.370001 0.359965 0.350007 -0.369958 0.360947 0.349812
-0.37004 0.358984 0.3502 -0.369958 0.360947 0.349812
-0.370079 0.358004 0.350394 -0.369958 0.360946 0.349812
-0.370117 0.357024 0.350587 -0.369959 0.360945 0.349812
-0.370156 0.356043 0.350781 -0.369959 0.36094 0.349813
-0.370195 0.355063 0.350974 -0.369959 0.360927 0.349816
-0.370234 0.354083 0.351168 -0.36996 0.360917 0.349818
-0.370272 0.353102 0.351361 -0.369961 0.360887 0.349824
-0.370311 0.352122 0.351555 -0.369964 0.360812 0.349839
-0.37035 0.351142 0.351748 -0.369966 0.360777 0.349846
-0.370388 0.350161 0.351942 -0.369968 0.360737 0.349854
-0.370427 0.349181 0.352135 -0.369978 0.360521 0.349897
-0.370466 0.348201 0.352329 -0.369985 0.360376 0.349926
-0.370504 0.34722 0.352522 -0.369993 0.360205 0.34996
-0.370543 0.34624 0.352716 -0.369998 0.36011 0.34998
-0.370582 0.34526 0.352909 -0.370008 0.359899 0.350022
-0.370621 0.344279 0.353103 -0.37002 0.35966 0.35007
-0.370659 0.343299 0.353296 -0.370033 0.359394 0.350124
-0.370698 0.342319 0.35349 -0.370048 0.3591 0.350183
-0.370737 0.341338 0.353683 -0.370072 0.358607 0.350283
-0.370775 0.340358 0.353877 -0.370082 0.358429 0.350319
-0.370814 0.339378 0.35407 -0.370101 0.358052 0.350395
-0.370853 0.338397 0.354264 -0.370121 0.357648 0.350477
-0.370891 0.337417 0.354457 -0.370143 0.357218 0.350564
-0.37093 0.336437 0.354651 -0.370179 0.356523 0.350705
-0.370969 0.335456 0.354844 -0.370191 0.356279 0.350754
-0.371008 0.334476 0.355038 -0.370204 0.356029 0.350805
-0.371046 0.333496 0.355231 -0.370273 0.354692 0.351075
-0.371085 0.332515 0.355425 -0.370302 0.354123 0.35119
-0.371124 0.331535 0.355618 -0.370331 0.353535 0.351309
-0.371162 0.330555 0.355812 -0.370362 0.352928 0.351432
-0.371201 0.329574 0.356005 -0.370393 0.352304 0.351558
-0.37124 0.328594 0.356199 -0.370425 0.351661 0.351687
-0.371278 0.327614 0.356392 -0.370458 0.351002 0.35182
-0.371317 0.326633 0.356586 -0.370492 0.350326 0.351957
-0.371356 0.325653 0.356779 -0.370526 0.349633 0.352096
-0.371395 0.324673 0.356973 -0.37056 0.348925 0.352239
-0.371433 0.323692 0.357166 -0.370596 0.348202 0.352384
-0.371472 0.322712 0.357359 -0.370632 0.347465 0.352533
-0.371511 0.321732 0.357553 -0.370668 0.346713 0.352684
-0.371549 0.320751 0.357746 -0.370705 0.345948 0.352837
-0.371588 0.319771 0.35794 -0.370742 0.34517 0.352993
-0.371627 0.318791 0.358133 -0.37078 0.34438 0.353152
-0.371665 0.31781 0.358327 -0.370818 0.343578 0.353313
-0.371704 0.31683 0.35852 -0.370856 0.342765 0.353476
-0.371743 0.31585 0.358714 -0.370895 0.341941 0.353641
-0.371781 0.314869 0.358907 -0.370934 0.341107 0.353808
-0.37182 0.313889 0.359101 -0.370973 0.340263 0.353976
-0.371859 0.312909 0.359294 -0.371012 0.33941 0.354147
-0.371898 0.311928 0.359488 -0.371052 0.338549 0.354319
-0.371936 0.310948 0.359681 -0.371091 0.337679 0.354493
-0.371975 0.309968 0.359875 -0.371131 0.336801 0.354668
-0.372014 0.308987 0.360068 -0.371171 0.335916 0.354844
-0.372052 0.308007 0.360262 -0.371211 0.335024 0.355022
-0.372091 0.307026 0.360455 -0.371251 0.334125 0.355201
-0.37213 0.306046 0.360649 -0.371291 0.33322 0.355381
-0.372168 0.305066 0.360842 -0.371331 0.33231 0.355562
-0.372207 0.304085 0.361036 -0.371371 0.331393 0.355744
-0.372246 0.303105 0.361229 -0.371412 0.330472 0.355927
-0.372285 0.302125 0.361423 -0.371452 0.329546 0.356111
-0.372323 0.301144 0.361616 -0.371492 0.328616 0.356296
-0.372362 0.300164 0.36181 -0.371532 0.327681 0.356482
-0.372401 0.299184 0.362003 -0.371572 0.326742 0.356668
-0.372439 0.298203 0.362197 -0.371592 0.326272 0.356761
-0.372478 0.297223 0.36239 -0.371652 0.324854 0.357042
-0.372517 0.296243 0.362584 -0.371692 0.323905 0.35723
-0.372555 0.295262 0.362777 -0.371732 0.322954 0.357418
-0.372594 0.294282 0.362971 -0.371771 0.321999 0.357607
-0.372633 0.293302 0.363164 -0.371811 0.321042 0.357796
-0.372672 0.292321 0.363358 -0.371851 0.320082 0.357986
-0.37271 0.291341 0.363551 -0.371891 0.319121 0.358176
-0.372749 0.290361 0.363745 -0.37193 0.318157 0.358366
-0.372788 0.28938 0.363938 -0.37197 0.317192 0.358557
-0.372826 0.2884 0.364132 -0.372009 0.316225 0.358748
-0.372865 0.28742 0.364325 -0.372048 0.315256 0.358939
-0.372904 0.286439 0.364519 -0.372088 0.314286 0.35913
-0.372942 0.285459 0.364712 -0.372127 0.313314 0.359322
-0.372981 0.284479 0.364906 -0.372166 0.312341 0.359514
-0.37302 0.283498 0.365099 -0.372205 0.311368 0.359706
-0.373058 0.282518 0.365292 -0.372244 0.310393 0.359898
-0.373097 0.281538 0.365486 -0.372284 0.309417 0.36009
-0.373136 0.280557 0.365679 -0.372323 0.308441 0.360283
-0.373175 0.279577 0.365873 -0.372362 0.307463 0.360475
-0.373213 0.278597 0.366066 -0.3724 0.306486 0.360668
-0.373252 0.277616 0.36626 -0.372439 0.305507 0.36086
-0.373291 0.276636 0.366453 -0.372478 0.304528 0.361053
-0.373329 0.275656 0.366647 -0.372517 0.303548 0.361246
-0.373368 0.274675 0.36684 -0.372556 0.302568 0.361439
-0.373407 0.273695 0.367034 -0.372594 0.301588 0.361632
-0.373445 0.272715 0.367227 -0.372633 0.300607 0.361825
-0.373484 0.271734 0.367421 -0.372672 0.299626 0.362018
-0.373523 0.270754 0.367614 -0.37271 0.298645 0.362211
-0.373562 0.269774 0.367808 -0.372749 0.297664 0.362404
-0.3736 0.268793 0.368001 -0.372788 0.296682 0.362598
-0.373639 0.267813 0.368195 -0.372826 0.2957 0.362791
-0.373678 0.266833 0.368388 -0.372865 0.294718 0.362984
-0.373716 0.265852 0.368582 -0.372904 0.293736 0.363177
-0.373755 0.264872 0.368775 -0.372942 0.292754 0.36337
-0.373794 0.263892 0.368969 -0.372981 0.291772 0.363564
-0.373832 0.262911 0.369162 -0.373019 0.29079 0.363757
-0.373871 0.261931 0.369356 -0.373058 0.289807 0.36395
-0.37391 0.260951 0.369549 -0.373096 0.288825 0.364143
-0.373949 0.25997 0.369743 -0.373135 0.287843 0.364337
-0.373987 0.25899 0.369936 -0.373173 0.28686 0.36453
-0.374026 0.25801 0.37013 -0.373212 0.285878 0.364723
-0.374065 0.257029 0.370323 -0.37325 0.284895 0.364916
-0.374103 0.256049 0.370517 -0.373289 0.283913 0.36511
-0.374142 0.255069 0.37071 -0.373328 0.282931 0.365303
-0.374181 0.254088 0.370904 -0.373366 0.281948 0.365496
-0.374219 0.253108 0.371097 -0.373405 0.280965 0.365689
-0.374258 0.252128 0.371291 -0.373443 0.279983 0.365883
-0.374297 0.251147 0.371484 -0.373482 0.279 0.366076
-0.374336 0.250167 0.371678 -0.37352 0.278017 0.36627
-0.374374 0.249186 0.371871 -0.373559 0.277035 0.366463
-0.374413 0.248206 0.372065 -0.373598 0.276052 0.366656
-0.374452 0.247226 0.372258 -0.373636 0.27507 0.366849
-0.37449 0.246245 0.372452 -0.373675 0.274088 0.367043
-0.374529 0.245265 0.372645 -0.373713 0.273106 0.367236
-0.374568 0.244285 0.372839 -0.373752 0.272124 0.367429
-0.374606 0.243304 0.373032 -0.373791 0.271142 0.367622
-0.374645 0.242324 0.373226 -0.373829 0.270161 0.367815
-0.374684 0.241344 0.373419 -0.373868 0.269179 0.368008
-0.374722 0.240363 0.373612 -0.373906 0.268197 0.368201
-0.374761 0.239383 0.373806 -0.373945 0.267216 0.368395
-0.3748 0.238403 0.373999 -0.373984 0.266235 0.368588
-0.374839 0.237422 0.374193 -0.374022 0.265253 0.368781
-0.374877 0.236442 0.374386 -0.374061 0.264272 0.368974
-0.374916 0.235462 0.37458 -0.3741 0.263291 0.369167
-0.374955 0.234481 0.374773 -0.374138 0.262309 0.36936
-0.374993 0.233501 0.374967 -0.374177 0.261328 0.369553
-0.375032 0.232521 0.37516 -0.374216 0.260347 0.369746
-0.375071 0.23154 0.375354 -0.374235 0.259857 0.369843
-0.375109 0.23056 0.375547 -0.374254 0.259367 0.369939
-0.375148 0.22958 0.375741 -0.374331 0.257411 0.370324
-0.375187 0.228599 0.375934 -0.37437 0.256433 0.370516
-0.375226 0.227619 0.376128 -0.374408 0.255454 0.370709
-0.375264 0.226639 0.376321 -0.374447 0.254475 0.370902
-0.375303 0.225658 0.376515 -0.374485 0.253496 0.371094
-0.375342 0.224678 0.376708 -0.374524 0.252517 0.371287
-0.37538 0.223698 0.376902 -0.374563 0.251537 0.37148
-0.375419 0.222717 0.377095 -0.374601 0.250558 0.371673
-0.375458 0.221737 0.377289 -0.37464 0.249578 0.371866
-0.375496 0.220757 0.377482 -0.374679 0.248598 0.372058
-0.375535 0.219776 0.377676 -0.374718 0.247618 0.372251
-0.375574 0.218796 0.377869 -0.374756 0.246638 0.372444
-0.375613 0.217816 0.378063 -0.374795 0.245657 0.372637
-0.375651 0.216835 0.378256 -0.374834 0.244677 0.37283
-0.37569 0.215855 0.37845 -0.374873 0.243696 0.373023
-0.375729 0.214875 0.378643 -0.374912 0.242716 0.373216
-0.375767 0.213894 0.378837 -0.37495 0.241735 0.373409
-0.375806 0.212914 0.37903 -0.374989 0.240754 0.373602
-0.375845 0.211934 0.379224 -0.375009 0.240264 0.373699
-0.375883 0.210953 0.379417 -0.375067 0.238792 0.373989
-0.375922 0.209973 0.379611 -0.375086 0.238302 0.374085
-0.375961 0.208993 0.379804 -0.375145 0.236831 0.374375
-0.376 0.208012 0.379998 -0.375164 0.23634 0.374471
-0.376038 0.207032 0.380191 -0.375222 0.234869 0.374761
-0.376077 0.206052 0.380385 -0.375261 0.233888 0.374954
-0.376116 0.205071 0.380578 -0.3753 0.232908 0.375147
-0.376154 0.204091 0.380772 -0.375339 0.231927 0.37534
-0.376193 0.203111 0.380965 -0.375378 0.230946 0.375533
-0.376232 0.20213 0.381159 -0.375417 0.229965 0.375726
-0.37627 0.20115 0.381352 -0.375455 0.228985 0.375919
-0.376309 0.20017 0.381545 -0.375494 0.228004 0.376112
-0.376348 0.199189 0.381739 -0.375533 0.227024 0.376305
-0.376386 0.198209 0.381932 -0.375572 0.226044 0.376498
-0.376425 0.197229 0.382126 -0.375611 0.225064 0.376691
-0.376464 0.196248 0.382319 -0.375649 0.224084 0.376884
-0.376503 0.195268 0.382513 -0.375688 0.223104 0.377077
-0.376541 0.194287 0.382706 -0.375727 0.222125 0.37727
-0.37658 0.193307 0.3829 -0.375766 0.221145 0.377462
-0.376619 0.192327 0.383093 -0.375804 0.220165 0.377655
-0.376657 0.191346 0.383287 -0.375843 0.219186 0.377848
-0.376696 0.190366 0.38348 -0.375882 0.218206 0.378041
-0.376735 0.189386 0.383674 -0.375921 0.217226 0.378234
-0.376773 0.188405 0.383867 -0.37596 0.216246 0.378427
-0.376812 0.187425 0.384061 -0.375998 0.215266 0.37862
-0.376851 0.186445 0.384254 -0.376037 0.214286 0.378813
-0.37689 0.185464 0.384448 -0.376076 0.213306 0.379006
-0.376928 0.184484 0.384641 -0.376115 0.212327 0.379198
-0.376967 0.183504 0.384835 -0.376153 0.211347 0.379391
-0.377006 0.182523 0.385028 -0.376192 0.210367 0.379584
-0.377044 0.181543 0.385222 -0.376231 0.209388 0.379777
-0.377083 0.180563 0.385415 -0.37627 0.208408 0.37997
-0.377122 0.179582 0.385609 -0.376309 0.207428 0.380163
-0.37716 0.178602 0.385802 -0.376347 0.206449 0.380355
-0.377199 0.177622 0.385996 -0.376386 0.205469 0.380548
-0.377238 0.176641 0.386189 -0.376425 0.204489 0.380741
-0.377277 0.175661 0.386383 -0.376464 0.203509 0.380934
-0.377315 0.174681 0.386576 -0.376503 0.202528 0.381127
-0.377354 0.1737 0.38677 -0.376541 0.201548 0.38132
-0.377393 0.17272 0.386963 -0.37658 0.200568 0.381513
-0.377431 0.17174 0.387157 -0.376619 0.199587 0.381706
-0.37747 0.170759 0.38735 -0.376658 0.198607 0.381899
-0.377509 0.169779 0.387544 -0.376697 0.197627 0.382092
-0.377547 0.168799 0.387737 -0.376736 0.196646 0.382285
-0.377586 0.167818 0.387931 -0.376774 0.195666 0.382478
-0.377625 0.166838 0.388124 -0.376813 0.194686 0.382671
-0.377664 0.165858 0.388318 -0.376852 0.193708 0.382864
-0.377702 0.164877 0.388511 -0.37689 0.192729 0.383056
-0.377741 0.163897 0.388705 -0.376929 0.19175 0.383249
-0.37778 0.162917 0.388898 -0.376949 0.19126 0.383346
-0.377818 0.161936 0.389092 -0.377007 0.189792 0.383635
-0.377857 0.160956 0.389285 -0.377045 0.188817 0.383826
-0.377896 0.159976 0.389478 -0.377083 0.187844 0.384018
-0.377934 0.158995 0.389672 -0.377121 0.186871 0.384209
-0.377973 0.158015 0.389865 -0.377159 0.185898 0.384401
-0.378012 0.157035 0.390059 -0.377198 0.184923 0.384593
-0.37805 0.156054 0.390252 -0.377236 0.183947 0.384785
-0.378089 0.155074 0.390446 -0.377275 0.182971 0.384977
-0.378128 0.154094 0.390639 -0.377313 0.181994 0.38517
-0.378167 0.153113 0.390833 -0.377352 0.181016 0.385362
-0.378205 0.152133 0.391026 -0.377391 0.180038 0.385555
-0.378244 0.151153 0.39122 -0.37743 0.179059 0.385747
-0.378283 0.150172 0.391413 -0.377469 0.17808 0.38594
-0.378321 0.149192 0.391607 -0.377507 0.1771 0.386133
-0.37836 0.148212 0.3918 -0.377527 0.17661 0.38623
-0.378399 0.147231 0.391994 -0.377585 0.17514 0.386519
-0.378437 0.146251 0.392187 -0.377624 0.174159 0.386712
-0.378476 0.145271 0.392381 -0.377663 0.173178 0.386905
-0.378515 0.14429 0.392574 -0.377702 0.172197 0.387099
-0.378554 0.14331 0.392768 -0.377741 0.171216 0.387292
-0.378592 0.14233 0.392961 -0.37778 0.170235 0.387485
-0.378631 0.141349 0.393155 -0.377819 0.169253 0.387678
-0.37867 0.140369 0.393348 -0.377858 0.168271 0.387872
-0.378708 0.139388 0.393542 -0.377897 0.16729 0.388065
-0.378747 0.138408 0.393735 -0.377936 0.166308 0.388258
-0.378786 0.137428 0.393929 -0.377975 0.165326 0.388452
-0.378824 0.136447 0.394122 -0.378014 0.164344 0.388645
-0.378863 0.135467 0.394316 -0.378053 0.163362 0.388838
-0.378902 0.134487 0.394509 -0.378092 0.16238 0.389032
-0.378941 0.133506 0.394703 -0.378131 0.161399 0.389225
-0.378979 0.132526 0.394896 -0.37817 0.160417 0.389419
-0.379018 0.131546 0.39509 -0.378209 0.159435 0.389612
-0.379057 0.130565 0.395283 -0.378248 0.158453 0.389805
-0.379095 0.129585 0.395477 -0.378286 0.157471 0.389999
-0.379134 0.128605 0.39567 -0.378325 0.15649 0.390192
-0.379173 0.127624 0.395864 -0.378364 0.155508 0.390385
-0.379211 0.126644 0.396057 -0.378403 0.154526 0.390579
-0.37925 0.125664 0.396251 -0.378442 0.153545 0.390772
-0.379289 0.124683 0.396444 -0.378481 0.152563 0.390965
-0.379328 0.123703 0.396638 -0.378519 0.151582 0.391158
-0.379366 0.122723 0.396831 -0.378558 0.1506 0.391352
-0.379405 0.121742 0.397025 -0.378597 0.149619 0.391545
-0.379444 0.120762 0.397218 -0.378636 0.148638 0.391738
-0.379482 0.119782 0.397412 -0.378675 0.147656 0.391932
-0.379521 0.118801 0.397605 -0.378713 0.146675 0.392125
-0.37956 0.117821 0.397798 -0.378752 0.145694 0.392318
-0.379598 0.116841 0.397992 -0.378791 0.144713 0.392511
-0.379637 0.11586 0.398185 -0.37883 0.143732 0.392704
-0.379676 0.11488 0.398379 -0.378868 0.142751 0.392898
-0.379714 0.1139 0.398572 -0.378907 0.14177 0.393091
-0.379753 0.112919 0.398766 -0.378946 0.14079 0.393284
-0.379792 0.111939 0.398959 -0.378985 0.139809 0.393477
-0.379831 0.110959 0.399153 -0.379023 0.138828 0.39367
-0.379869 0.109978 0.399346 -0.379062 0.137847 0.393864
-0.379908 0.108998 0.39954 -0.379101 0.136867 0.394057
-0.379947 0.108018 0.399733 -0.379139 0.135886 0.39425
-0.379985 0.107037 0.399927 -0.379178 0.134906 0.394443
-0.380024 0.106057 0.40012 -0.379217 0.133925 0.394636
-0.380063 0.105077 0.400314 -0.379256 0.132945 0.394829
-0.380101 0.104096 0.400507 -0.379294 0.131965 0.395022
-0.38014 0.103116 0.400701 -0.379333 0.130984 0.395215
-0.380179 0.102136 0.400894 -0.379372 0.130004 0.395409
-0.380218 0.101155 0.401088 -0.37941 0.129024 0.395602
-0.380256 0.100175 0.401281 -0.379449 0.128043 0.395795
-0.380295 0.0991946 0.401475 -0.379488 0.127063 0.395988
-0.380334 0.0982143 0.401668 -0.379526 0.126083 0.396181
-0.380372 0.0972339 0.401862 -0.379565 0.125103 0.396374
-0.380411 0.0962536 0.402055 -0.379604 0.124123 0.396567
-0.38045 0.0952732 0.402249 -0.379642 0.123143 0.39676
-0.380488 0.0942929 0.402442 -0.379681 0.122163 0.396953
-0.380527 0.0933126 0.402636 -0.37972 0.121183 0.397146
-0.380566 0.0923322 0.402829 -0.379758 0.120203 0.397339
-0.380605 0.0913519 0.403023 -0.379797 0.119223 0.397533
-0.380643 0.0903715 0.403216 -0.379836 0.118244 0.397726
-0.380682 0.0893912 0.40341 -0.379874 0.117264 0.397919
-0.380721 0.0884109 0.403603 -0.379913 0.116284 0.398112
-0.380759 0.0874305 0.403797 -0.379952 0.115305 0.398305
-0.380798 0.0864502 0.40399 -0.37999 0.114325 0.398498
-0.380837 0.0854698 0.404184 -0.380029 0.113345 0.398691
-0.380875 0.0844895 0.404377 -0.380068 0.112365 0.398884
-0.380914 0.0835092 0.404571 -0.380106 0.111386 0.399077
-0.380953 0.0825288 0.404764 -0.380145 0.110406 0.39927
-0.380992 0.0815485 0.404958 -0.380184 0.109426 0.399463
-0.38103 0.0805681 0.405151 -0.380223 0.108446 0.399656
-0.381069 0.0795878 0.405345 -0.380261 0.107467 0.399849
-0.381108 0.0786075 0.405538 -0.3803 0.106487 0.400042
-0.381146 0.0776271 0.405731 -0.380339 0.105507 0.400235
-0.381185 0.0766468 0.405925 -0.380377 0.104527 0.400428
-0.381224 0.0756665 0.406118 -0.380416 0.103548 0.400622
-0.381262 0.0746861 0.406312 -0.380455 0.102568 0.400815
-0.381301 0.0737058 0.406505 -0.380493 0.101588 0.401008
-0.38134 0.0727254 0.406699 -0.380532 0.100608 0.401201
-0.381378 0.0717451 0.406892 -0.380571 0.0996287 0.401394
-0.381417 0.0707648 0.407086 -0.380609 0.0986489 0.401587
-0.381456 0.0697844 0.407279 -0.380648 0.0976692 0.40178
-0.381495 0.0688041 0.407473 -0.380687 0.0966895 0.401973
-0.381533 0.0678237 0.407666 -0.380725 0.0957098 0.402166
-0.381572 0.0668434 0.40786 -0.380764 0.09473 0.40236
-0.381611 0.0658631 0.408053 -0.380803 0.0937503 0.402553
-0.381649 0.0648827 0.408247 -0.380841 0.0927706 0.402746
-0.381688 0.0639024 0.40844 -0.38088 0.0917909 0.402939
-0.381727 0.062922 0.408634 -0.380919 0.0908112 0.403132
-0.381765 0.0619417 0.408827 -0.380957 0.0898315 0.403325
-0.381804 0.0609614 0.409021 -0.380996 0.0888518 0.403518
-0.381843 0.059981 0.409214 -0.381035 0.0878721 0.403712
-0.381882 0.0590007 0.409408 -0.381073 0.0868925 0.403905
-0.38192 0.0580203 0.409601 -0.381112 0.0859128 0.404098
-0.381959 0.05704 0.409795 -0.381151 0.0849331 0.404291
-0.381998 0.0560597 0.409988 -0.381189 0.0839534 0.404484
-0.382036 0.0550793 0.410182 -0.381228 0.0829738 0.404677
-0.382075 0.054099 0.410375 -0.381267 0.0819941 0.404871
-0.382114 0.0531187 0.410569 -0.381305 0.0810145 0.405064
-0.382152 0.0521383 0.410762 -0.381344 0.0800348 0.405257
-0.382191 0.051158 0.410956 -0.381383 0.0790552 0.40545
-0.38223 0.0501776 0.411149 -0.381421 0.0780755 0.405643
-0.382269 0.0491973 0.411343 -0.38146 0.0770959 0.405836
-0.382307 0.048217 0.411536 -0.381499 0.0761163 0.40603
-0.382346 0.0472366 0.41173 -0.381537 0.0751371 0.406223
-0.382385 0.0462563 0.411923 -0.381576 0.0741582 0.406416
-0.382423 0.0452759 0.412117 -0.381614 0.0731793 0.406609
-0.382462 0.0442956 0.41231 -0.381653 0.0722003 0.406802
-0.382501 0.0433153 0.412504 -0.381692 0.0712212 0.406995
-0.382539 0.0423349 0.412697 -0.38173 0.070242 0.407188
-0.382578 0.0413546 0.412891 -0.381769 0.0692628 0.407381
-0.382617 0.0403742 0.413084 -0.381807 0.0682835 0.407574
-0.382656 0.0393939 0.413278 -0.381846 0.0673042 0.407768
-0.382694 0.0384136 0.413471 -0.381885 0.0663248 0.407961
-0.382733 0.0374332 0.413664 -0.381923 0.0653453 0.408154
-0.382772 0.0364529 0.413858 -0.381962 0.0643658 0.408347
-0.38281 0.0354725 0.414051 -0.382001 0.0633863 0.40854
-0.382849 0.0344922 0.414245 -0.38202 0.0628966 0.408637
-0.382888 0.0335119 0.414438 -0.382078 0.0614272 0.408927
-0.382926 0.0325315 0.414632 -0.382117 0.0604476 0.40912
-0.382965 0.0315512 0.414825 -0.382155 0.059468 0.409313
-0.383004 0.0305709 0.415019 -0.382194 0.0584884 0.409507
-0.383042 0.0295905 0.415212 -0.382233 0.0575087 0.4097
-0.383081 0.0286102 0.415406 -0.382271 0.056529 0.409893
-0.38312 0.0276298 0.415599 -0.38231 0.0555494 0.410087
-0.383159 0.0266495 0.415793 -0.382349 0.0545697 0.41028
-0.383197 0.0256692 0.415986 -0.382387 0.05359 0.410473
-0.383236 0.0246888 0.41618 -0.382426 0.0526103 0.410666
-0.383275 0.0237085 0.416373 -0.382464 0.0516305 0.41086
-0.383313 0.0227281 0.416567 -0.382503 0.0506508 0.411053
-0.383352 0.0217478 0.41676 -0.382542 0.0496711 0.411246
-0.383391 0.0207675 0.416954 -0.382561 0.0491812 0.411343
-0.383429 0.0197871 0.417147 -0.382619 0.0477117 0.411633
-0.383468 0.0188068 0.417341 -0.382658 0.0467319 0.411826
-0.383507 0.0178264 0.417534 -0.382696 0.0457522 0.41202
-0.383546 0.0168461 0.417728 -0.382735 0.0447725 0.412213
-0.383584 0.0158658 0.417921 -0.382774 0.0437927 0.412406
-0.383623 0.0148854 0.418115 -0.382812 0.042813 0.4126
-0.383662 0.0139051 0.418308 -0.382851 0.0418333 0.412793
-0.3837 0.0129247 0.418502 -0.382889 0.0408536 0.412986
-0.383739 0.0119444 0.418695 -0.382928 0.0398739 0.41318
-0.383778 0.0109641 0.418889 -0.382967 0.0388942 0.413373
-0.383816 0.00998373 0.419082 -0.383005 0.0379145 0.413567
-0.383855 0.00900339 0.419276 -0.383044 0.0369347 0.41376
-0.383894 0.00802305 0.419469 -0.383082 0.035955 0.413953
-0.383933 0.00704271 0.419663 -0.383121 0.0349754 0.414147
-0.383971 0.00606237 0.419856 -0.38316 0.0339957 0.41434
-0.38401 0.00508203 0.42005 -0.383198 0.033016 0.414534
-0.384049 0.00410169 0.420243 -0.383237 0.0320363 0.414727
-0.384087 0.00312135 0.420437 -0.383276 0.0310566 0.41492
-0.384126 0.00214102 0.42063 -0.383314 0.0300769 0.415114
-0.384165 0.00116068 0.420824 -0.383353 0.0290972 0.415307
-0.384203 0.000180337 0.421017 -0.383391 0.0281176 0.415501
-0.384242 -0.000800002 0.421211 -0.38343 0.0271379 0.415694
-0.384281 -0.00178034 0.421404 -0.383469 0.0261582 0.415887
-0.38432 -0.00276068 0.421598 -0.383507 0.0251786 0.416081
-0.384358 -0.00374102 0.421791 -0.383546 0.0241989 0.416274
-0.384397 -0.00472136 0.421984 -0.383584 0.0232193 0.416468
-0.384436 -0.0057017 0.422178 -0.383623 0.0222396 0.416661
-0.384474 -0.00668204 0.422371 -0.383661 0.0212599 0.416855
-0.384513 -0.00766238 0.422565 -0.3837 0.0202803 0.417048
-0.384552 -0.00864272 0.422758 -0.383739 0.0193006 0.417241
-0.38459 -0.00962305 0.422952 -0.383777 0.018321 0.417435
-0.384629 -0.0106034 0.423145 -0.383816 0.0173413 0.417628
-0.384668 -0.0115837 0.423339 -0.383854 0.0163617 0.417822
-0.384706 -0.0125641 0.423532 -0.383893 0.015382 0.418015
-0.384745 -0.0135444 0.423726 -0.383932 0.0144024 0.418209
-0.384784 -0.0145248 0.423919 -0.38397 0.0134227 0.418402
-0.384823 -0.0155051 0.424113 -0.384009 0.0124431 0.418596
-0.384861 -0.0164854 0.424306 -0.384047 0.0114634 0.418789
-0.3849 -0.0174658 0.4245 -0.384086 0.0104838 0.418983
-0.384939 -0.0184461 0.424693 -0.384124 0.00950415 0.419176
-0.384977 -0.0194264 0.424887 -0.384163 0.0085245 0.41937
-0.385016 -0.0204068 0.42508 -0.384202 0.00754501 0.419563
-0.385055 -0.0213871 0.425274 -0.38424 0.00656596 0.419756
-0.385093 -0.0223675 0.425467 -0.384279 0.00558731 0.41995
-0.385132 -0.0233478 0.425661 -0.384317 0.00460869 0.420143
-0.385171 -0.0243281 0.425854 -0.384355 0.00362993 0.420336
-0.38521 -0.0253085 0.426048 -0.384394 0.00265105 0.42053
-0.385248 -0.0262888 0.426241 -0.384432 0.00167206 0.420723
-0.385287 -0.0272692 0.426435 -0.384471 0.00069297 0.420916
-0.385326 -0.0282495 0.426628 -0.384509 -0.000285089 0.42111
-0.385364 -0.0292298 0.426822 -0.384548 -0.00126002 0.421302
-0.385403 -0.0302102 0.427015 -0.384585 -0.00223225 0.421494
-0.385442 -0.0311905 0.427209 -0.384623 -0.00320433 0.421686
-0.38548 -0.0321709 0.427402 -0.384661 -0.00417742 0.421879
-0.385519 -0.0331512 0.427596 -0.384699 -0.00515143 0.422071
-0.385558 -0.0341315 0.427789 -0.384738 -0.00612627 0.422264
-0.385597 -0.0351119 0.427983 -0.384776 -0.00710188 0.422456
-0.385635 -0.0360922 0.428176 -0.384814 -0.00807817 0.422649
-0.385674 -0.0370726 0.42837 -0.384853 -0.00905503 0.422842
-0.385713 -0.0380529 0.428563 -0.384891 -0.0100324 0.423035
-0.385751 -0.0390332 0.428757 -0.38493 -0.0110103 0.423229
-0.38579 -0.0400136 0.42895 -0.384968 -0.0119887 0.423422
-0.385829 -0.0409939 0.429144 -0.385007 -0.0129675 0.423615
-0.385867 -0.0419742 0.429337 -0.385046 -0.0139467 0.423809
-0.385906 -0.0429546 0.429531 -0.385084 -0.0149262 0.424002
-0.385945 -0.0439349 0.429724 -0.385123 -0.015906 0.424196
-0.385983 -0.0449153 0.429917 -0.385162 -0.0168861 0.42439
-0.386022 -0.0458956 0.430111 -0.385201 -0.0178665 0.424583
-0.386061 -0.0468759 0.430304 -0.385239 -0.018847 0.424777
-0.3861 -0.0478563 0.430498 -0.385278 -0.0198277 0.424971
-0.386138 -0.0488366 0.430691 -0.385317 -0.0208086 0.425165
-0.386177 -0.049817 0.430885 -0.385355 -0.0217896 0.425359
-0.386216 -0.0507973 0.431078 -0.385394 -0.0227707 0.425553
-0.386254 -0.0517776 0.431272 -0.385433 -0.0237519 0.425747
-0.386293 -0.052758 0.431465 -0.385472 -0.0247332 0.425941
-0.386332 -0.0537383 0.431659 -0.38551 -0.0257146 0.426134
-0.38637 -0.0547187 0.431852 -0.385549 -0.026696 0.426328
-0.386409 -0.055699 0.432046 -0.385588 -0.0276774 0.426522
-0.386448 -0.0566793 0.432239 -0.385626 -0.0286588 0.426716
-0.386487 -0.0576597 0.432433 -0.385665 -0.0296404 0.42691
-0.386525 -0.05864 0.432626 -0.385704 -0.0306222 0.427104
-0.386564 -0.0596204 0.43282 -0.385743 -0.0316041 0.427299
-0.386603 -0.0606007 0.433013 -0.385781 -0.0325861 0.427493
-0.386641 -0.061581 0.433207 -0.385801 -0.0330771 0.42759
-0.38668 -0.0625614 0.4334 -0.385859 -0.0345498 0.427881
-0.386719 -0.0635417 0.433594 -0.385897 -0.0355316 0.428075
-0.386757 -0.064522 0.433787 -0.385936 -0.0365139 0.428269
-0.386796 -0.0655024 0.433981 -0.385975 -0.0374966 0.428463
-0.386835 -0.0664827 0.434174 -0.386013 -0.0384792 0.428658
-0.386874 -0.0674631 0.434368 -0.386052 -0.0394615 0.428852
-0.386912 -0.0684434 0.434561 -0.386091 -0.0404436 0.429046
-0.386951 -0.0694237 0.434755 -0.386129 -0.0414256 0.42924
-0.38699 -0.0704041 0.434948 -0.386168 -0.0424073 0.429434
-0.387028 -0.0713844 0.435142 -0.386206 -0.0433889 0.429628
-0.387067 -0.0723648 0.435335 -0.386245 -0.0443704 0.429822
-0.387106 -0.0733451 0.435529 -0.386283 -0.0453517 0.430016
-0.387144 -0.0743254 0.435722 -0.386322 -0.0463328 0.43021
-0.387183 -0.0753058 0.435916 -0.38636 -0.0473137 0.430404
-0.387222 -0.0762861 0.436109 -0.386399 -0.0482946 0.430598
-0.387261 -0.0772665 0.436303 -0.386437 -0.0492753 0.430792
-0.387299 -0.0782468 0.436496 -0.386476 -0.050256 0.430986
-0.387338 -0.0792271 0.43669 -0.386514 -0.0512366 0.43118
-0.387377 -0.0802075 0.436883 -0.386553 -0.0522171 0.431374
-0.387415 -0.0811878 0.437077 -0.386591 -0.0531975 0.431567
-0.387454 -0.0821682 0.43727 -0.38663 -0.0541779 0.431761
-0.387493 -0.0831485 0.437464 -0.386668 -0.0551582 0.431955
-0.387531 -0.0841288 0.437657 -0.386706 -0.0561385 0.432149
-0.38757 -0.0851092 0.43785 -0.386745 -0.0571187 0.432343
-0.387609 -0.0860895 0.438044 -0.386783 -0.0580989 0.432537
-0.387647 -0.0870698 0.438237 -0.386822 -0.059079 0.43273
-0.387686 -0.0880502 0.438431 -0.38686 -0.0600591 0.432924
-0.387725 -0.0890305 0.438624 -0.386899 -0.0610392 0.433118
-0.387764 -0.0900109 0.438818 -0.386937 -0.0620192 0.433312
-0.387802 -0.0909912 0.439011 -0.386975 -0.0629992 0.433506
-0.387841 -0.0919715 0.439205 -0.387014 -0.0639792 0.433699
-0.38788 -0.0929519 0.439398 -0.387052 -0.0649592 0.433893
-0.387918 -0.0939322 0.439592 -0.387091 -0.0659391 0.434087
-0.387957 -0.0949126 0.439785 -0.387129 -0.066919 0.434281
-0.387996 -0.0958929 0.439979 -0.387168 -0.067899 0.434475
-0.388034 -0.0968732 0.440172 -0.387206 -0.0688789 0.434668
-0.388073 -0.0978536 0.440366 -0.387244 -0.0698588 0.434862
-0.388112 -0.0988339 0.440559 -0.387283 -0.0708387 0.435056
-0.388151 -0.0998143 0.440753 -0.387321 -0.0718186 0.43525
-0.388189 -0.100795 0.440946 -0.38736 -0.0727984 0.435443
-0.388228 -0.101775 0.44114 -0.387398 -0.0737783 0.435637
-0.388267 -0.102755 0.441333 -0.387437 -0.0747582 0.435831
-0.388305 -0.103736 0.441527 -0.387475 -0.0757381 0.436025
-0.388344 -0.104716 0.44172 -0.387513 -0.0767179 0.436219
-0.388383 -0.105696 0.441914 -0.387552 -0.0776978 0.436412
-0.388421 -0.106677 0.442107 -0.38759 -0.0786777 0.436606
-0.38846 -0.107657 0.442301 -0.387629 -0.0796576 0.4368
-0.388499 -0.108637 0.442494 -0.387648 -0.0801475 0.436897
-0.388538 -0.109618 0.442688 -0.387705 -0.0816173 0.437188
-0.388576 -0.110598 0.442881 -0.387744 -0.0825972 0.437382
-0.388615 -0.111578 0.443075 -0.387782 -0.0835771 0.437575
-0.388654 -0.112559 0.443268 -0.387821 -0.084557 0.437769
-0.388692 -0.113539 0.443462 -0.387859 -0.0855369 0.437963
-0.388731 -0.114519 0.443655 -0.387898 -0.0865168 0.438157
-0.38877 -0.1155 0.443849 -0.387936 -0.0874967 0.438351
-0.388808 -0.11648 0.444042 -0.387974 -0.0884766 0.438544
-0.388847 -0.11746 0.444236 -0.388013 -0.0894565 0.438738
-0.388886 -0.118441 0.444429 -0.388051 -0.0904365 0.438932
-0.388925 -0.119421 0.444623 -0.38809 -0.0914164 0.439126
-0.388963 -0.120401 0.444816 -0.388128 -0.0923964 0.43932
-0.389002 -0.121382 0.44501 -0.388167 -0.0933763 0.439514
-0.389041 -0.122362 0.445203 -0.388205 -0.0943563 0.439707
-0.389079 -0.123342 0.445397 -0.388243 -0.0953362 0.439901
-0.389118 -0.124323 0.44559 -0.388282 -0.0963162 0.440095
-0.389157 -0.125303 0.445784 -0.38832 -0.0972962 0.440289
-0.389195 -0.126283 0.445977 -0.388359 -0.0982761 0.440483
-0.389234 -0.127264 0.44617 -0.388397 -0.0992561 0.440677
-0.389273 -0.128244 0.446364 -0.388435 -0.100236 0.440871
-0.389311 -0.129224 0.446557 -0.388474 -0.101216 0.441064
-0.38935 -0.130205 0.446751 -0.388512 -0.102196 0.441258
-0.389389 -0.131185 0.446944 -0.388551 -0.103176 0.441452
-0.389428 -0.132165 0.447138 -0.388589 -0.104156 0.441646
-0.389466 -0.133146 0.447331 -0.388627 -0.105136 0.44184
-0.389505 -0.134126 0.447525 -0.388666 -0.106116 0.442034
-0.389544 -0.135106 0.447718 -0.388704 -0.107096 0.442228
-0.389582 -0.136087 0.447912 -0.388743 -0.108076 0.442421
-0.389621 -0.137067 0.448105 -0.388781 -0.109056 0.442615
-0.38966 -0.138047 0.448299 -0.388819 -0.110036 0.442809
-0.389698 -0.139028 0.448492 -0.388858 -0.111017 0.443003
-0.389737 -0.140008 0.448686 -0.388896 -0.111997 0.443197
-0.389776 -0.140989 0.448879 -0.388935 -0.112977 0.443391
-0.389815 -0.141969 0.449073 -0.388973 -0.113957 0.443585
-0.389853 -0.142949 0.449266 -0.389011 -0.114937 0.443779
-0.389892 -0.14393 0.44946 -0.38905 -0.115917 0.443973
-0.389931 -0.14491 0.449653 -0.389088 -0.116897 0.444166
-0.389969 -0.14589 0.449847 -0.389127 -0.117877 0.44436
-0.390008 -0.146871 0.45004 -0.389165 -0.118857 0.444554
-0.390047 -0.147851 0.450234 -0.389203 -0.119837 0.444748
-0.390085 -0.148831 0.450427 -0.389242 -0.120818 0.444942
-0.390124 -0.149812 0.450621 -0.38928 -0.121798 0.445136
-0.390163 -0.150792 0.450814 -0.389319 -0.122778 0.44533
-0.390202 -0.151772 0.451008 -0.389357 -0.123758 0.445524
-0.39024 -0.152753 0.451201 -0.389395 -0.124738 0.445718
-0.390279 -0.153733 0.451395 -0.389434 -0.125718 0.445911
-0.390318 -0.154713 0.451588 -0.389472 -0.126698 0.446105
-0.390356 -0.155694 0.451782 -0.38951 -0.127679 0.446299
-0.390395 -0.156674 0.451975 -0.389549 -0.128659 0.446493
-0.390434 -0.157654 0.452169 -0.389587 -0.129639 0.446687
-0.390472 -0.158635 0.452362 -0.389626 -0.130619 0.446881
-0.390511 -0.159615 0.452556 -0.389664 -0.131599 0.447075
-0.39055 -0.160595 0.452749 -0.389702 -0.13258 0.447269
-0.390589 -0.161576 0.452943 -0.389741 -0.13356 0.447463
-0.390627 -0.162556 0.453136 -0.389779 -0.13454 0.447657
-0.390666 -0.163536 0.45333 -0.389817 -0.13552 0.447851
-0.390705 -0.164517 0.453523 -0.389856 -0.1365 0.448044
-0.390743 -0.165497 0.453717 -0.389894 -0.13748 0.448238
-0.390782 -0.166477 0.45391 -0.389932 -0.13846 0.448432
-0.390821 -0.167458 0.454103 -0.389971 -0.13944 0.448626
-0.390859 -0.168438 0.454297 -0.390009 -0.14042 0.44882
-0.390898 -0.169418 0.45449 -0.390048 -0.1414 0.449014
-0.390937 -0.170399 0.454684 -0.390086 -0.14238 0.449208
-0.390975 -0.171379 0.454877 -0.390124 -0.14336 0.449402
-0.391014 -0.172359 0.455071 -0.390163 -0.14434 0.449595
-0.391053 -0.17334 0.455264 -0.390201 -0.14532 0.449789
-0.391092 -0.17432 0.455458 -0.390239 -0.146301 0.449983
-0.39113 -0.1753 0.455651 -0.390278 -0.147281 0.450177
-0.391169 -0.176281 0.455845 -0.390316 -0.148261 0.450371
-0.391208 -0.177261 0.456038 -0.390354 -0.149241 0.450565
-0.391246 -0.178241 0.456232 -0.390393 -0.150222 0.450759
-0.391285 -0.179222 0.456425 -0.390431 -0.151202 0.450953
-0.391324 -0.180202 0.456619 -0.39047 -0.152183 0.451147
-0.391362 -0.181182 0.456812 -0.390508 -0.153165 0.451341
-0.391401 -0.182163 0.457006 -0.390547 -0.154146 0.451535
-0.39144 -0.183143 0.457199 -0.390585 -0.155128 0.45173
-0.391479 -0.184123 0.457393 -0.390623 -0.156109 0.451924
-0.391517 -0.185104 0.457586 -0.390662 -0.15709 0.452118
-0.391556 -0.186084 0.45778 -0.3907 -0.158071 0.452312
-0.391595 -0.187064 0.457973 -0.390739 -0.159052 0.452506
-0.391633 -0.188045 0.458167 -0.390777 -0.160033 0.4527
-0.391672 -0.189025 0.45836 -0.390815 -0.161014 0.452894
-0.391711 -0.190005 0.458554 -0.390854 -0.161995 0.453088
-0.391749 -0.190986 0.458747 -0.390892 -0.162975 0.453282
-0.391788 -0.191966 0.458941 -0.39093 -0.163956 0.453476
-0.391827 -0.192946 0.459134 -0.390969 -0.164936 0.45367
-0.391866 -0.193927 0.459328 -0.391007 -0.165917 0.453864
-0.391904 -0.194907 0.459521 -0.391045 -0.166897 0.454058
-0.391943 -0.195887 0.459715 -0.391084 -0.167877 0.454252
-0.391982 -0.196868 0.459908 -0.391122 -0.168858 0.454446
-0.39202 -0.197848 0.460102 -0.39116 -0.169838 0.45464
-0.392059 -0.198829 0.460295 -0.391199 -0.170818 0.454833
-0.392098 -0.199809 0.460489 -0.391237 -0.171799 0.455027
-0.392136 -0.200789 0.460682 -0.391275 -0.172779 0.455221
-0.392175 -0.20177 0.460876 -0.391314 -0.173758 0.455415
-0.392214 -0.20275 0.461069 -0.391352 -0.174737 0.455609
-0.392253 -0.20373 0.461263 -0.39139 -0.175716 0.455802
-0.392291 -0.204711 0.461456 -0.391428 -0.176695 0.455996
-0.39233 -0.205691 0.46165 -0.391467 -0.177674 0.45619
-0.392369 -0.206671 0.461843 -0.391505 -0.178654 0.456383
-0.392407 -0.207652 0.462036 -0.391543 -0.179633 0.456577
-0.392446 -0.208632 0.46223 -0.391581 -0.180613 0.456771
-0.392485 -0.209612 0.462423 -0.39162 -0.181592 0.456965
-0.392523 -0.210593 0.462617 -0.391658 -0.182572 0.457158
-0.392562 -0.211573 0.46281 -0.391696 -0.183552 0.457352
-0.392601 -0.212553 0.463004 -0.391716 -0.184042 0.457449
-0.392639 -0.213534 0.463197 -0.391754 -0.185023 0.457643
-0.392678 -0.214514 0.463391 -0.391812 -0.186496 0.457935
-0.392717 -0.215494 0.463584 -0.39185 -0.187479 0.458129
-0.392756 -0.216475 0.463778 -0.391889 -0.188461 0.458324
-0.392794 -0.217455 0.463971 -0.391927 -0.189443 0.458518
-0.392833 -0.218435 0.464165 -0.391966 -0.190425 0.458712
-0.392872 -0.219416 0.464358 -0.392004 -0.191407 0.458906
-0.39291 -0.220396 0.464552 -0.392043 -0.192388 0.4591
-0.392949 -0.221376 0.464745 -0.392081 -0.19337 0.459295
-0.392988 -0.222357 0.464939 -0.392119 -0.194351 0.459489
-0.393026 -0.223337 0.465132 -0.392158 -0.195332 0.459683
-0.393065 -0.224317 0.465326 -0.392196 -0.196313 0.459877
-0.393104 -0.225298 0.465519 -0.392234 -0.197293 0.460071
-0.393143 -0.226278 0.465713 -0.392273 -0.198274 0.460265
-0.393181 -0.227258 0.465906 -0.392311 -0.199255 0.460459
-0.39322 -0.228239 0.4661 -0.392349 -0.200235 0.460653
-0.393259 -0.229219 0.466293 -0.392388 -0.201216 0.460847
-0.393297 -0.230199 0.466487 -0.392426 -0.202196 0.46104
-0.393336 -0.23118 0.46668 -0.392464 -0.203177 0.461234
-0.393375 -0.23216 0.466874 -0.392503 -0.204157 0.461428
-0.393413 -0.23314 0.467067 -0.392541 -0.205137 0.461622
-0.393452 -0.234121 0.467261 -0.392579 -0.206117 0.461816
-0.393491 -0.235101 0.467454 -0.392618 -0.207097 0.46201
-0.39353 -0.236081 0.467648 -0.392656 -0.208078 0.462204
-0.393568 -0.237062 0.467841 -0.392694 -0.209058 0.462398
-0.393607 -0.238042 0.468035 -0.392733 -0.210038 0.462591
-0.393646 -0.239022 0.468228 -0.392771 -0.211018 0.462785
-0.393684 -0.240003 0.468422 -0.392809 -0.211998 0.462979
-0.393723 -0.240983 0.468615 -0.392848 -0.212979 0.463173
-0.393762 -0.241963 0.468809 -0.392886 -0.213959 0.463367
-0.3938 -0.242944 0.469002 -0.392924 -0.214939 0.463561
-0.393839 -0.243924 0.469196 -0.392962 -0.215919 0.463755
-0.393878 -0.244904 0.469389 -0.393001 -0.216899 0.463948
-0.393917 -0.245885 0.469583 -0.393039 -0.217879 0.464142
-0.393955 -0.246865 0.469776 -0.393077 -0.21886 0.464336
-0.393994 -0.247845 0.46997 -0.393116 -0.21984 0.46453
-0.394033 -0.248826 0.470163 -0.393154 -0.22082 0.464724
-0.394071 -0.249806 0.470356 -0.393192 -0.2218 0.464918
-0.39411 -0.250786 0.47055 -0.393231 -0.22278 0.465112
-0.394149 -0.251767 0.470743 -0.393269 -0.22376 0.465305
-0.394187 -0.252747 0.470937 -0.393307 -0.22474 0.465499
-0.394226 -0.253728 0.47113 -0.393346 -0.225721 0.465693
-0.394265 -0.254708 0.471324 -0.393384 -0.226701 0.465887
-0.394303 -0.255688 0.471517 -0.393422 -0.227681 0.466081
-0.394342 -0.256669 0.471711 -0.393461 -0.228661 0.466275
-0.394381 -0.257649 0.471904 -0.393499 -0.229641 0.466469
-0.39442 -0.258629 0.472098 -0.393537 -0.230622 0.466662
-0.394458 -0.25961 0.472291 -0.393576 -0.231602 0.466856
-0.394497 -0.26059 0.472485 -0.393614 -0.232582 0.46705
-0.394536 -0.26157 0.472678 -0.393652 -0.233562 0.467244
-0.394574 -0.262551 0.472872 -0.393691 -0.234543 0.467438
-0.394613 -0.263531 0.473065 -0.393729 -0.235523 0.467632
-0.394652 -0.264511 0.473259 -0.393767 -0.236503 0.467826
-0.39469 -0.265492 0.473452 -0.393806 -0.237484 0.468019
-0.394729 -0.266472 0.473646 -0.393844 -0.238464 0.468213
-0.394768 -0.267452 0.473839 -0.393883 -0.239444 0.468407
-0.394807 -0.268433 0.474033 -0.393921 -0.240425 0.468601
-0.394845 -0.269413 0.474226 -0.393959 -0.241405 0.468795
-0.394884 -0.270393 0.47442 -0.393998 -0.242386 0.468989
-0.394923 -0.271374 0.474613 -0.394036 -0.243366 0.469183
-0.394961 -0.272354 0.474807 -0.394074 -0.244346 0.469377
-0.395 -0.273334 0.475 -0.394113 -0.245327 0.469571
-0.395039 -0.274315 0.475194 -0.394151 -0.246307 0.469764
-0.395077 -0.275295 0.475387 -0.394189 -0.247288 0.469958
-0.395116 -0.276275 0.475581 -0.394228 -0.248268 0.470152
-0.395155 -0.277256 0.475774 -0.394266 -0.249249 0.470346
-0.395194 -0.278236 0.475968 -0.394305 -0.250229 0.47054
-0.395232 -0.279216 0.476161 -0.394343 -0.251209 0.470734
-0.395271 -0.280197 0.476355 -0.394381 -0.25219 0.470928
-0.39531 -0.281177 0.476548 -0.3944 -0.25268 0.471025
-0.395348 -0.282157 0.476742 -0.394458 -0.254151 0.471316
-0.395387 -0.283138 0.476935 -0.394496 -0.25513 0.471509
-0.395426 -0.284118 0.477129 -0.394534 -0.256106 0.471702
-0.395464 -0.285098 0.477322 -0.394572 -0.25708 0.471894
-0.395503 -0.286079 0.477516 -0.39461 -0.258053 0.472087
-0.395542 -0.287059 0.477709 -0.394648 -0.259027 0.472279
-0.395581 -0.288039 0.477903 -0.394686 -0.260002 0.472472
-0.395619 -0.28902 0.478096 -0.394724 -0.260978 0.472665
-0.395658 -0.29 0.478289 -0.394762 -0.261954 0.472858
-0.395697 -0.29098 0.478483 -0.3948 -0.262931 0.473051
-0.395735 -0.291961 0.478676 -0.394838 -0.263909 0.473244
-0.395774 -0.292941 0.47887 -0.394877 -0.264887 0.473438
-0.395813 -0.293921 0.479063 -0.394915 -0.265866 0.473631
-0.395851 -0.294902 0.479257 -0.394954 -0.266845 0.473825
-0.39589 -0.295882 0.47945 -0.394992 -0.267825 0.474019
-0.395929 -0.296862 0.479644 -0.39503 -0.268805 0.474213
-0.395967 -0.297843 0.479837 -0.395069 -0.269785 0.474406
-0.396006 -0.298823 0.480031 -0.395107 -0.270766 0.4746
-0.396045 -0.299803 0.480224 -0.395146 -0.271747 0.474794
-0.396084 -0.300784 0.480418 -0.395184 -0.272728 0.474988
-0.396122 -0.301764 0.480611 -0.395223 -0.273709 0.475183
-0.396161 -0.302744 0.480805 -0.395262 -0.27469 0.475377
-0.3962 -0.303725 0.480998 -0.3953 -0.275672 0.475571
-0.396238 -0.304705 0.481192 -0.395339 -0.276654 0.475765
-0.396277 -0.305685 0.481385 -0.395377 -0.277636 0.475959
-0.396316 -0.306666 0.481579 -0.395416 -0.278618 0.476153
-0.396354 -0.307646 0.481772 -0.395454 -0.279599 0.476348
-0.396393 -0.308627 0.481966 -0.395493 -0.280582 0.476542
-0.396432 -0.309607 0.482159 -0.395531 -0.281564 0.476736
-0.396471 -0.310587 0.482353 -0.39557 -0.282546 0.47693
-0.396509 -0.311568 0.482546 -0.395608 -0.283528 0.477124
-0.396548 -0.312548 0.48274 -0.395647 -0.28451 0.477319
-0.396587 -0.313528 0.482933 -0.395685 -0.285492 0.477513
-0.396625 -0.314509 0.483127 -0.395724 -0.286474 0.477707
-0.396664 -0.315489 0.48332 -0.395762 -0.287456 0.477901
-0.396703 -0.316469 0.483514 -0.395801 -0.288438 0.478095
-0.396741 -0.31745 0.483707 -0.395839 -0.28942 0.47829
-0.39678 -0.31843 0.483901 -0.395878 -0.290402 0.478484
-0.396819 -0.31941 0.484094 -0.395916 -0.291384 0.478678
-0.396858 -0.320391 0.484288 -0.395955 -0.292366 0.478872
-0.396896 -0.321371 0.484481 -0.395993 -0.293348 0.479066
-0.396935 -0.322351 0.484675 -0.396032 -0.29433 0.47926
-0.396974 -0.323332 0.484868 -0.39607 -0.295312 0.479454
-0.397012 -0.324312 0.485062 -0.396109 -0.296294 0.479649
-0.397051 -0.325292 0.485255 -0.396147 -0.297276 0.479843
-0.39709 -0.326273 0.485449 -0.396186 -0.298258 0.480037
-0.397128 -0.327253 0.485642 -0.396224 -0.299239 0.480231
-0.397167 -0.328233 0.485836 -0.396263 -0.300221 0.480425
-0.397206 -0.329214 0.486029 -0.396301 -0.301203 0.480619
-0.397244 -0.330194 0.486222 -0.39634 -0.302185 0.480813
-0.397283 -0.331174 0.486416 -0.396378 -0.303166 0.481007
-0.397322 -0.332155 0.486609 -0.396417 -0.304148 0.481201
-0.397361 -0.333135 0.486803 -0.396455 -0.305129 0.481395
-0.397399 -0.334115 0.486996 -0.396494 -0.306111 0.481589
-0.397438 -0.335096 0.48719 -0.396532 -0.307092 0.481783
-0.397477 -0.336076 0.487383 -0.39657 -0.308074 0.481977
-0.397515 -0.337056 0.487577 -0.396609 -0.309055 0.482172
-0.397554 -0.338037 0.48777 -0.396647 -0.310037 0.482366
-0.397593 -0.339017 0.487964 -0.396686 -0.311018 0.48256
-0.397631 -0.339997 0.488157 -0.396724 -0.312 0.482754
-0.39767 -0.340978 0.488351 -0.396763 -0.312981 0.482948
-0.397709 -0.341958 0.488544 -0.396801 -0.313962 0.483142
-0.397748 -0.342938 0.488738 -0.396839 -0.314943 0.483336
-0.397786 -0.343919 0.488931 -0.396878 -0.315925 0.483529
-0.397825 -0.344899 0.489125 -0.396916 -0.316906 0.483723
-0.397864 -0.345879 0.489318 -0.396955 -0.317887 0.483917
-0.397902 -0.34686 0.489512 -0.396993 -0.318868 0.484111
-0.397941 -0.34784 0.489705 -0.397032 -0.319849 0.484305
-0.39798 -0.34882 0.489899 -0.39707 -0.32083 0.484499
-0.398018 -0.349801 0.490092 -0.397109 -0.321812 0.484693
-0.398057 -0.350781 0.490286 -0.397147 -0.322793 0.484887
-0.398096 -0.351761 0.490479 -0.397185 -0.323774 0.485081
-0.398135 -0.352742 0.490673 -0.397224 -0.324755 0.485275
-0.398173 -0.353722 0.490866 -0.397262 -0.325736 0.485469
-0.398212 -0.354702 0.49106 -0.397301 -0.326717 0.485663
-0.398251 -0.355683 0.491253 -0.397339 -0.327698 0.485857
-0.398289 -0.356663 0.491447 -0.397378 -0.328679 0.486051
-0.398328 -0.357643 0.49164 -0.397416 -0.32966 0.486245
-0.398367 -0.358624 0.491834 -0.397455 -0.330641 0.486439
-0.398405 -0.359604 0.492027 -0.397493 -0.331622 0.486633
-0.398444 -0.360584 0.492221 -0.397531 -0.332603 0.486826
-0.398483 -0.361565 0.492414 -0.39757 -0.333584 0.48702
-0.398522 -0.362545 0.492608 -0.397608 -0.334564 0.487214
-0.39856 -0.363525 0.492801 -0.397647 -0.335545 0.487408
-0.398599 -0.364506 0.492995 -0.397685 -0.336526 0.487602
-0.398638 -0.365486 0.493188 -0.397724 -0.337507 0.487796
-0.398676 -0.366467 0.493382 -0.397762 -0.338488 0.48799
-0.398715 -0.367447 0.493575 -0.397801 -0.339469 0.488184
-0.398754 -0.368427 0.493769 -0.397839 -0.34045 0.488378
-0.398792 -0.369408 0.493962 -0.397878 -0.341431 0.488572
-0.398831 -0.370388 0.494156 -0.397916 -0.342412 0.488765
-0.39887 -0.371368 0.494349 -0.397955 -0.343392 0.488959
-0.398908 -0.372349 0.494542 -0.397993 -0.344373 0.489153
-0.398947 -0.373329 0.494736 -0.398032 -0.345354 0.489347
-0.398986 -0.374309 0.494929 -0.39807 -0.346335 0.489541
-0.399025 -0.37529 0.495123 -0.398109 -0.347316 0.489735
-0.399063 -0.37627 0.495316 -0.398147 -0.348297 0.489929
-0.399102 -0.37725 0.49551 -0.398186 -0.349278 0.490123
-0.399141 -0.378231 0.495703 -0.398224 -0.350258 0.490317
-0.399179 -0.379211 0.495897 -0.398263 -0.351239 0.490511
-0.399218 -0.380191 0.49609 -0.398301 -0.35222 0.490705
-0.399257 -0.381172 0.496284 -0.39834 -0.353201 0.490898
-0.399295 -0.382152 0.496477 -0.398378 -0.354182 0.491092
-0.399334 -0.383132 0.496671 -0.398417 -0.355162 0.491286
-0.399373 -0.384113 0.496864 -0.398455 -0.356143 0.49148
-0.399412 -0.385093 0.497058 -0.398494 -0.357123 0.491674
-0.39945 -0.386073 0.497251 -0.398532 -0.358104 0.491868
-0.399489 -0.387054 0.497445 -0.398571 -0.359085 0.492062
-0.399528 -0.388034 0.497638 -0.398609 -0.360066 0.492255
-0.399566 -0.389014 0.497832 -0.398648 -0.361047 0.492449
-0.399605 -0.389995 0.498025 -0.398686 -0.362028 0.492643
-0.399644 -0.390975 0.498219 -0.398725 -0.363009 0.492837
-0.399682 -0.391955 0.498412 -0.398763 -0.36399 0.493031
-0.399721 -0.392936 0.498606 -0.398802 -0.364971 0.493225
-0.39976 -0.393916 0.498799 -0.39884 -0.365951 0.493419
-0.399799 -0.394896 0.498993 -0.398879 -0.366932 0.493613
-0.399837 -0.395877 0.499186 -0.398917 -0.367913 0.493807
-0.399876 -0.396857 0.49938 -0.398956 -0.368894 0.494001
-0.399915 -0.397837 0.499573 -0.398994 -0.369875 0.494195
-0.399953 -0.398818 0.499767 -0.399033 -0.370856 0.494389
-0.399992 -0.399798 0.49996 -0.399071 -0.371837 0.494583
-0.400031 -0.400778 0.500154 -0.399091 -0.372328 0.49468
-0.399992 -0.399798 0.49996 -0.399149 -0.373799 0.49497
-0.400031 -0.400778 0.500154 -0.399187 -0.37478 0.495164
-0.399992 -0.399798 0.49996 -0.399226 -0.37576 0.495358
-0.400031 -0.400778 0.500154 -0.399264 -0.376739 0.495552
-0.399992 -0.399798 0.49996 -0.399302 -0.377711 0.495743
-0.400031 -0.400778 0.500154 -0.399339 -0.378672 0.495933
-0.399992 -0.399798 0.49996 -0.399375 -0.37962 0.496119
-0.400031 -0.400778 0.500154 -0.39941 -0.380552 0.496302
-0.399992 -0.399798 0.49996 -0.399444 -0.381464 0.496481
-0.400031 -0.400778 0.500154 -0.399476 -0.382356 0.496655
-0.399992 -0.399798 0.49996 -0.399507 -0.383226 0.496824
-0.400031 -0.400778 0.500154 -0.399537 -0.384071 0.496988
-0.399992 -0.399798 0.49996 -0.399565 -0.384891 0.497147
-0.400031 -0.400778 0.500154 -0.399591 -0.385686 0.4973
-0.399992 -0.399798 0.49996 -0.399617 -0.386454 0.497448
-0.400031 -0.400778 0.500154 -0.39964 -0.387194 0.49759
-0.399992 -0.399798 0.49996 -0.399663 -0.387908 0.497727
-0.400031 -0.400778 0.500154 -0.399684 -0.388593 0.497857
-0.399992 -0.399798 0.49996 -0.399704 -0.389251 0.497983
-0.400031 -0.400778 0.500154 -0.399723 -0.389882 0.498102
-0.399992 -0.399798 0.49996 -0.39974 -0.390485 0.498217
-0.400031 -0.400778 0.500154 -0.399757 -0.391061 0.498325
-0.399992 -0.399798 0.49996 -0.399772 -0.391611 0.498429
-0.400031 -0.400778 0.500154 -0.39978 -0.391877 0.498479
-0.399992 -0.399798 0.49996 -0.399807 -0.392874 0.498666
-0.400031 -0.400778 0.500154 -0.399819 -0.393336 0.498753
-0.399992 -0.399798 0.49996 -0.399825 -0.393558 0.498794
-0.400031 -0.400778 0.500154 -0.399836 -0.393985 0.498874
-0.399992 -0.399798 0.49996 -0.399847 -0.39439 0.498949
-0.400031 -0.400778 0.500154 -0.399856 -0.394773 0.499021
-0.399992 -0.399798 0.49996 -0.399866 -0.395135 0.499088
-0.400031 -0.400778 0.500154 -0.399874 -0.395476 0.499152
-0.399992 -0.399798 0.49996 -0.399882 -0.395799 0.499212
-0.400031 -0.400778 0.500154 -0.39989 -0.396103 0.499268
-0.399992 -0.399798 0.49996 -0.399897 -0.396389 0.499321
-0.400031 -0.400778 0.500154 -0.399903 -0.396657 0.499371
-0.399992 -0.399798 0.49996 -0.39991 -0.396909 0.499417
-0.400031 -0.400778 0.500154 -0.399915 -0.397145 0.499461
-0.399992 -0.399798 0.49996 -0.399921 -0.397366 0.499502
-0.400031 -0.400778 0.500154 -0.399926 -0.397572 0.49954
-0.399992 -0.399798 0.49996 -0.399931 -0.397765 0.499576
-0.400031 -0.400778 0.500154 -0.399935 -0.397945 0.499609
-0.399992 -0.399798 0.49996 -0.399939 -0.398112 0.49964
-0.400031 -0.400778 0.500154 -0.399943 -0.398268 0.499669
-0.399992 -0.399798 0.49996 -0.399947 -0.398413 0.499696
-0.400031 -0.400778 0.500154 -0.39995 -0.398548 0.499721
-0.399992 -0.399798 0.49996 -0.399953 -0.398672 0.499744
-0.400031 -0.400778 0.500154 -0.399956 -0.398788 0.499765
-0.399992 -0.399798 0.49996 -0.399959 -0.398895 0.499785
-0.400031 -0.400778 0.500154 -0.399961 -0.398993 0.499803
-0.399992 -0.399798 0.49996 -0.399963 -0.399084 0.49982
