-0.37004 0.358984 0.3502 -0.370001 0.359964 0.350007
-0.370079 0.358004 0.350394 -0.370001 0.359964 0.350007
-0.370117 0.357024 0.350587 -0.370001 0.359964 0.350007
-0.370156 0.356043 0.350781 -0.370001 0.359964 0.350007
-0.370195 0.355063 0.350974 -0.370001 0.359961 0.350008
-0.370234 0.354083 0.351168 -0.370001 0.359954 0.350009
-0.370272 0.353102 0.351361 -0.370002 0.359925 0.350015
-0.370311 0.352122 0.351555 -0.370003 0.35991 0.350018
-0.37035 0.351142 0.351748 -0.370005 0.359867 0.350026
-0.370388 0.350161 0.351942 -0.370009 0.359768 0.350046
-0.370427 0.349181 0.352135 -0.370011 0.359724 0.350055
-0.370466 0.348201 0.352329 -0.370013 0.359676 0.350065
-0.370504 0.34722 0.352522 -0.370022 0.359496 0.350101
-0.370543 0.34624 0.352716 -0.370029 0.359345 0.350131
-0.370582 0.34526 0.352909 -0.370037 0.35917 0.350166
-0.370621 0.344279 0.353103 -0.370052 0.358857 0.350229
-0.370659 0.343299 0.353296 -0.370064 0.358614 0.350278
-0.370698 0.342319 0.35349 -0.370077 0.358344 0.350332
-0.370737 0.341338 0.353683 -0.370085 0.358198 0.350362
-0.370775 0.340358 0.353877 -0.370108 0.35772 0.350458
-0.370814 0.339378 0.35407 -0.370126 0.357366 0.35053
-0.370853 0.338397 0.354264 -0.370146 0.356984 0.350607
-0.370891 0.337417 0.354457 -0.370166 0.356575 0.35069
-0.37093 0.336437 0.354651 -0.370177 0.356361 0.350733
-0.370969 0.335456 0.354844 -0.370212 0.355681 0.350871
-0.371008 0.334476 0.355038 -0.370237 0.355195 0.350969
-0.371046 0.333496 0.355231 -0.370263 0.354686 0.351072
-0.371085 0.332515 0.355425 -0.370304 0.353876 0.351236
-0.371124 0.331535 0.355618 -0.370333 0.353308 0.351351
-0.371162 0.330555 0.355812 -0.370363 0.352718 0.35147
-0.371201 0.329574 0.356005 -0.370394 0.352108 0.351593
-0.37124 0.328594 0.356199 -0.37041 0.351796 0.351656
-0.371278 0.327614 0.356392 -0.370459 0.35083 0.351852
-0.371317 0.326633 0.356586 -0.370492 0.350162 0.351986
-0.371356 0.325653 0.356779 -0.370527 0.349478 0.352124
-0.371395 0.324673 0.356973 -0.370561 0.348777 0.352266
-0.371433 0.323692 0.357166 -0.370597 0.348059 0.35241
-0.371472 0.322712 0.357359 -0.370633 0.347326 0.352558
-0.371511 0.321732 0.357553 -0.37067 0.346577 0.352709
-0.371549 0.320751 0.357746 -0.370707 0.345814 0.352862
-0.371588 0.319771 0.35794 -0.370745 0.345037 0.353018
-0.371627 0.318791 0.358133 -0.370783 0.344248 0.353177
-0.371665 0.31781 0.358327 -0.370822 0.343446 0.353338
-0.371704 0.31683 0.35852 -0.37086 0.342632 0.353501
-0.371743 0.31585 0.358714 -0.370899 0.341806 0.353667
-0.371781 0.314869 0.358907 -0.370939 0.34097 0.353834
-0.37182 0.313889 0.359101 -0.370979 0.340123 0.354004
-0.371859 0.312909 0.359294 -0.370999 0.339696 0.354089
-0.371898 0.311928 0.359488 -0.371038 0.338835 0.354262
-0.371936 0.310948 0.359681 -0.371099 0.337528 0.354523
-0.371975 0.309968 0.359875 -0.371139 0.336646 0.354699
-0.372014 0.308987 0.360068 -0.371179 0.335758 0.354876
-0.372052 0.308007 0.360262 -0.371219 0.334865 0.355054
-0.372091 0.307026 0.360455 -0.371259 0.333966 0.355233
-0.37213 0.306046 0.360649 -0.3713 0.33306 0.355414
-0.372168 0.305066 0.360842 -0.37134 0.332147 0.355595
-0.372207 0.304085 0.361036 -0.37138 0.331229 0.355778
-0.372246 0.303105 0.361229 -0.371421 0.330304 0.355962
-0.372285 0.302125 0.361423 -0.371461 0.329374 0.356146
-0.372323 0.301144 0.361616 -0.371502 0.328439 0.356332
-0.372362 0.300164 0.36181 -0.371542 0.327501 0.356518
-0.372401 0.299184 0.362003 -0.371582 0.326559 0.356705
-0.372439 0.298203 0.362197 -0.371602 0.326087 0.356799
-0.372478 0.297223 0.36239 -0.371663 0.324664 0.35708
-0.372517 0.296243 0.362584 -0.371703 0.323712 0.357269
-0.372555 0.295262 0.362777 -0.371743 0.322758 0.357458
-0.372594 0.294282 0.362971 -0.371782 0.321805 0.357646
-0.372633 0.293302 0.363164 -0.371821 0.320851 0.357835
-0.372672 0.292321 0.363358 -0.371861 0.319894 0.358024
-0.37271 0.291341 0.363551 -0.3719 0.318935 0.358213
-0.372749 0.290361 0.363745 -0.371939 0.317973 0.358403
-0.372788 0.28938 0.363938 -0.371978 0.317009 0.358593
-0.372826 0.2884 0.364132 -0.372018 0.316043 0.358784
-0.372865 0.28742 0.364325 -0.372057 0.315074 0.358975
-0.372904 0.286439 0.364519 -0.372096 0.314103 0.359167
-0.372942 0.285459 0.364712 -0.372136 0.313131 0.359359
-0.372981 0.284479 0.364906 -0.372175 0.312158 0.359551
-0.37302 0.283498 0.365099 -0.372214 0.311183 0.359743
-0.373058 0.282518 0.365292 -0.372253 0.310207 0.359935
-0.373097 0.281538 0.365486 -0.372273 0.309718 0.360032
-0.373136 0.280557 0.365679 -0.372331 0.308251 0.360321
-0.373175 0.279577 0.365873 -0.372371 0.307272 0.360514
-0.373213 0.278597 0.366066 -0.37241 0.306291 0.360707
-0.373252 0.277616 0.36626 -0.372449 0.305309 0.3609
-0.373291 0.276636 0.366453 -0.372488 0.304327 0.361094
-0.373329 0.275656 0.366647 -0.372527 0.303344 0.361287
-0.373368 0.274675 0.36684 -0.372566 0.302361 0.361481
-0.373407 0.273695 0.367034 -0.372605 0.301378 0.361674
-0.373445 0.272715 0.367227 -0.372644 0.300395 0.361868
-0.373484 0.271734 0.367421 -0.372682 0.299411 0.362061
-0.373523 0.270754 0.367614 -0.372721 0.298428 0.362255
-0.373562 0.269774 0.367808 -0.37276 0.297445 0.362448
-0.3736 0.268793 0.368001 -0.372798 0.296461 0.362642
-0.373639 0.267813 0.368195 -0.372837 0.295478 0.362835
-0.373678 0.266833 0.368388 -0.372876 0.294494 0.363029
-0.373716 0.265852 0.368582 -0.372914 0.29351 0.363222
-0.373755 0.264872 0.368775 -0.372953 0.292526 0.363416
-0.373794 0.263892 0.368969 -0.372992 0.291541 0.36361
-0.373832 0.262911 0.369162 -0.37303 0.290557 0.363803
-0.373871 0.261931 0.369356 -0.373069 0.289573 0.363997
-0.37391 0.260951 0.369549 -0.373107 0.288589 0.36419
-0.373949 0.25997 0.369743 -0.373127 0.288097 0.364287
-0.373987 0.25899 0.369936 -0.373184 0.286622 0.364577
-0.374026 0.25801 0.37013 -0.373204 0.28613 0.364674
-0.374065 0.257029 0.370323 -0.373262 0.284653 0.364965
-0.374103 0.256049 0.370517 -0.3733 0.283668 0.365158
-0.374142 0.255069 0.37071 -0.373339 0.282684 0.365352
-0.374181 0.254088 0.370904 -0.373377 0.281701 0.365545
-0.374219 0.253108 0.371097 -0.373416 0.280717 0.365739
-0.374258 0.252128 0.371291 -0.373454 0.279734 0.365932
-0.374297 0.251147 0.371484 -0.373493 0.278751 0.366126
-0.374336 0.250167 0.371678 -0.373531 0.277768 0.366319
-0.374374 0.249186 0.371871 -0.37357 0.276785 0.366512
-0.374413 0.248206 0.372065 -0.373609 0.275802 0.366706
-0.374452 0.247226 0.372258 -0.373647 0.274819 0.366899
-0.37449 0.246245 0.372452 -0.373686 0.273837 0.367092
-0.374529 0.245265 0.372645 -0.373724 0.272855 0.367285
-0.374568 0.244285 0.372839 -0.373763 0.271873 0.367479
-0.374606 0.243304 0.373032 -0.373801 0.270892 0.367672
-0.374645 0.242324 0.373226 -0.37384 0.26991 0.367865
-0.374684 0.241344 0.373419 -0.373878 0.268928 0.368058
-0.374722 0.240363 0.373612 -0.373917 0.267945 0.368251
-0.374761 0.239383 0.373806 -0.373956 0.266963 0.368445
-0.3748 0.238403 0.373999 -0.373994 0.265981 0.368638
-0.374839 0.237422 0.374193 -0.374014 0.26549 0.368734
-0.374877 0.236442 0.374386 -0.374072 0.264018 0.369024
-0.374916 0.235462 0.37458 -0.37411 0.263037 0.369217
-0.374955 0.234481 0.374773 -0.374149 0.262056 0.36941
-0.374993 0.233501 0.374967 -0.374187 0.261075 0.369603
-0.375032 0.232521 0.37516 -0.374226 0.260096 0.369796
-0.375071 0.23154 0.375354 -0.374264 0.259116 0.369989
-0.375109 0.23056 0.375547 -0.374303 0.258136 0.370181
-0.375148 0.22958 0.375741 -0.374322 0.257647 0.370278
-0.375187 0.228599 0.375934 -0.37438 0.256177 0.370567
-0.375226 0.227619 0.376128 -0.374419 0.255198 0.37076
-0.375264 0.226639 0.376321 -0.374457 0.254218 0.370952
-0.375303 0.225658 0.376515 -0.374496 0.253238 0.371145
-0.375342 0.224678 0.376708 -0.374534 0.252259 0.371338
-0.37538 0.223698 0.376902 -0.374573 0.251279 0.371531
-0.375419 0.222717 0.377095 -0.374612 0.250299 0.371724
-0.375458 0.221737 0.377289 -0.374651 0.249319 0.371917
-0.375496 0.220757 0.377482 -0.374689 0.248339 0.372109
-0.375535 0.219776 0.377676 -0.374728 0.24736 0.372302
-0.375574 0.218796 0.377869 -0.374767 0.246381 0.372495
-0.375613 0.217816 0.378063 -0.374805 0.245403 0.372687
-0.375651 0.216835 0.378256 -0.374844 0.244425 0.37288
-0.37569 0.215855 0.37845 -0.374882 0.243448 0.373072
-0.375729 0.214875 0.378643 -0.374921 0.24247 0.373265
-0.375767 0.213894 0.378837 -0.37496 0.241492 0.373457
-0.375806 0.212914 0.37903 -0.374998 0.240513 0.37365
-0.375845 0.211934 0.379224 -0.375037 0.239535 0.373842
-0.375883 0.210953 0.379417 -0.375076 0.238557 0.374035
-0.375922 0.209973 0.379611 -0.375114 0.237579 0.374227
-0.375961 0.208993 0.379804 -0.375153 0.236601 0.37442
-0.376 0.208012 0.379998 -0.375192 0.235623 0.374612
-0.376038 0.207032 0.380191 -0.37523 0.234644 0.374805
-0.376077 0.206052 0.380385 -0.375269 0.233666 0.374998
-0.376116 0.205071 0.380578 -0.375308 0.232687 0.37519
-0.376154 0.204091 0.380772 -0.375347 0.231708 0.375383
-0.376193 0.203111 0.380965 -0.375385 0.230728 0.375576
-0.376232 0.20213 0.381159 -0.375424 0.229749 0.375769
-0.37627 0.20115 0.381352 -0.375463 0.228769 0.375961
-0.376309 0.20017 0.381545 -0.375502 0.22779 0.376154
-0.376348 0.199189 0.381739 -0.375541 0.22681 0.376347
-0.376386 0.198209 0.381932 -0.37558 0.22583 0.37654
-0.376425 0.197229 0.382126 -0.375618 0.22485 0.376733
-0.376464 0.196248 0.382319 -0.375657 0.223869 0.376926
-0.376503 0.195268 0.382513 -0.375696 0.222889 0.377119
-0.376541 0.194287 0.382706 -0.375735 0.221908 0.377312
-0.37658 0.193307 0.3829 -0.375774 0.220927 0.377505
-0.376619 0.192327 0.383093 -0.375794 0.220436 0.377602
-0.376657 0.191346 0.383287 -0.375852 0.218965 0.377892
-0.376696 0.190366 0.38348 -0.375891 0.217985 0.378084
-0.376735 0.189386 0.383674 -0.37593 0.217006 0.378277
-0.376773 0.188405 0.383867 -0.375968 0.216029 0.378469
-0.376812 0.187425 0.384061 -0.376006 0.215055 0.378661
-0.376851 0.186445 0.384254 -0.376044 0.214083 0.378853
-0.37689 0.185464 0.384448 -0.376082 0.213113 0.379043
-0.376928 0.184484 0.384641 -0.37612 0.212145 0.379234
-0.376967 0.183504 0.384835 -0.376158 0.211179 0.379424
-0.377006 0.182523 0.385028 -0.376195 0.210214 0.379614
-0.377044 0.181543 0.385222 -0.376232 0.20925 0.379803
-0.377083 0.180563 0.385415 -0.37627 0.208287 0.379993
-0.377122 0.179582 0.385609 -0.376307 0.207325 0.380182
-0.37716 0.178602 0.385802 -0.376345 0.206364 0.380371
-0.377199 0.177622 0.385996 -0.376382 0.205403 0.38056
-0.377238 0.176641 0.386189 -0.376419 0.204442 0.380749
-0.377277 0.175661 0.386383 -0.376457 0.203482 0.380938
-0.377315 0.174681 0.386576 -0.376494 0.202521 0.381127
-0.377354 0.1737 0.38677 -0.376532 0.201561 0.381316
-0.377393 0.17272 0.386963 -0.37657 0.2006 0.381505
-0.377431 0.17174 0.387157 -0.376607 0.199639 0.381695
-0.37747 0.170759 0.38735 -0.376645 0.198678 0.381884
-0.377509 0.169779 0.387544 -0.376683 0.197717 0.382073
-0.377547 0.168799 0.387737 -0.376721 0.196755 0.382262
-0.377586 0.167818 0.387931 -0.376759 0.195792 0.382452
-0.377625 0.166838 0.388124 -0.376797 0.19483 0.382641
-0.377664 0.165858 0.388318 -0.376835 0.193866 0.382831
-0.377702 0.164877 0.388511 -0.376873 0.192901 0.383021
-0.377741 0.163897 0.388705 -0.376911 0.191935 0.383211
-0.37778 0.162917 0.388898 -0.37695 0.190968 0.383402
-0.377818 0.161936 0.389092 -0.376988 0.190002 0.383592
-0.377857 0.160956 0.389285 -0.377027 0.189034 0.383782
-0.377896 0.159976 0.389478 -0.377084 0.187583 0.384068
-0.377934 0.158995 0.389672 -0.377104 0.187099 0.384163
-0.377973 0.158015 0.389865 -0.377142 0.18613 0.384354
-0.378012 0.157035 0.390059 -0.377181 0.18516 0.384545
-0.37805 0.156054 0.390252 -0.37722 0.184188 0.384737
-0.378089 0.155074 0.390446 -0.377259 0.183217 0.384928
-0.378128 0.154094 0.390639 -0.377297 0.182245 0.385119
-0.378167 0.153113 0.390833 -0.377336 0.181273 0.385311
-0.378205 0.152133 0.391026 -0.377375 0.180301 0.385502
-0.378244 0.151153 0.39122 -0.377414 0.179328 0.385694
-0.378283 0.150172 0.391413 -0.377453 0.178355 0.385885
-0.378321 0.149192 0.391607 -0.377491 0.177382 0.386077
-0.37836 0.148212 0.3918 -0.37753 0.176409 0.386269
-0.378399 0.147231 0.391994 -0.377569 0.175435 0.386461
-0.378437 0.146251 0.392187 -0.377608 0.174461 0.386652
-0.378476 0.145271 0.392381 -0.377647 0.173487 0.386844
-0.378515 0.14429 0.392574 -0.377685 0.172513 0.387036
-0.378554 0.14331 0.392768 -0.377724 0.171539 0.387228
-0.378592 0.14233 0.392961 -0.377763 0.170564 0.38742
-0.378631 0.141349 0.393155 -0.377802 0.16959 0.387612
-0.37867 0.140369 0.393348 -0.377841 0.168615 0.387804
-0.378708 0.139388 0.393542 -0.377879 0.16764 0.387996
-0.378747 0.138408 0.393735 -0.377918 0.166665 0.388188
-0.378786 0.137428 0.393929 -0.377976 0.165202 0.388476
-0.378824 0.136447 0.394122 -0.378015 0.164226 0.388668
-0.378863 0.135467 0.394316 -0.378034 0.163738 0.388764
-0.378902 0.134487 0.394509 -0.378073 0.162762 0.388956
-0.378941 0.133506 0.394703 -0.378112 0.161786 0.389149
-0.378979 0.132526 0.394896 -0.378151 0.16081 0.389341
-0.379018 0.131546 0.39509 -0.378189 0.159833 0.389533
-0.379057 0.130565 0.395283 -0.378228 0.158856 0.389725
-0.379095 0.129585 0.395477 -0.378267 0.15788 0.389918
-0.379134 0.128605 0.39567 -0.378306 0.156902 0.39011
-0.379173 0.127624 0.395864 -0.378345 0.155925 0.390303
-0.379211 0.126644 0.396057 -0.378383 0.154947 0.390495
-0.37925 0.125664 0.396251 -0.378422 0.15397 0.390688
-0.379289 0.124683 0.396444 -0.378461 0.152992 0.39088
-0.379328 0.123703 0.396638 -0.37848 0.152503 0.390977
-0.379366 0.122723 0.396831 -0.378539 0.151036 0.391266
-0.379405 0.121742 0.397025 -0.378577 0.150058 0.391458
-0.379444 0.120762 0.397218 -0.378616 0.14908 0.391651
-0.379482 0.119782 0.397412 -0.378655 0.148102 0.391844
-0.379521 0.118801 0.397605 -0.378694 0.147124 0.392036
-0.37956 0.117821 0.397798 -0.378732 0.146145 0.392229
-0.379598 0.116841 0.397992 -0.378771 0.145167 0.392422
-0.379637 0.11586 0.398185 -0.37881 0.144188 0.392615
-0.379676 0.11488 0.398379 -0.378849 0.143209 0.392807
-0.379714 0.1139 0.398572 -0.378887 0.14223 0.393
-0.379753 0.112919 0.398766 -0.378926 0.14125 0.393193
-0.379792 0.111939 0.398959 -0.378965 0.140271 0.393386
-0.379831 0.110959 0.399153 -0.379004 0.139291 0.393579
-0.379869 0.109978 0.399346 -0.379043 0.138311 0.393772
-0.379908 0.108998 0.39954 -0.379081 0.137332 0.393965
-0.379947 0.108018 0.399733 -0.37912 0.136352 0.394158
-0.379985 0.107037 0.399927 -0.379159 0.135372 0.394351
-0.380024 0.106057 0.40012 -0.379198 0.13439 0.394545
-0.380063 0.105077 0.400314 -0.379237 0.133408 0.394738
-0.380101 0.104096 0.400507 -0.379276 0.132426 0.394931
-0.38014 0.103116 0.400701 -0.379315 0.131445 0.395125
-0.380179 0.102136 0.400894 -0.379354 0.130464 0.395318
-0.380218 0.101155 0.401088 -0.379373 0.129973 0.395415
-0.380256 0.100175 0.401281 -0.379431 0.128502 0.395704
-0.380295 0.0991946 0.401475 -0.37947 0.127521 0.395898
-0.380334 0.0982143 0.401668 -0.379509 0.126541 0.396091
-0.380372 0.0972339 0.401862 -0.379548 0.125561 0.396284
-0.380411 0.0962536 0.402055 -0.379586 0.124581 0.396477
-0.38045 0.0952732 0.402249 -0.379625 0.123601 0.39667
-0.380488 0.0942929 0.402442 -0.379664 0.122621 0.396863
-0.380527 0.0933126 0.402636 -0.379702 0.121641 0.397056
-0.380566 0.0923322 0.402829 -0.379741 0.120661 0.397249
-0.380605 0.0913519 0.403023 -0.37978 0.119682 0.397442
-0.380643 0.0903715 0.403216 -0.379799 0.119192 0.397539
-0.380682 0.0893912 0.40341 -0.379838 0.118211 0.397732
-0.380721 0.0884109 0.403603 -0.379877 0.117228 0.397926
-0.380759 0.0874305 0.403797 -0.379896 0.116735 0.398023
-0.380798 0.0864502 0.40399 -0.379996 0.114256 0.398511
-0.380837 0.0854698 0.404184 -0.380016 0.113758 0.398609
-0.380875 0.0844895 0.404377 -0.380155 0.110287 0.399293
-0.380914 0.0835092 0.404571 -0.380193 0.109308 0.399486
-0.380953 0.0825288 0.404764 -0.380231 0.108335 0.399678
-0.380992 0.0815485 0.404958 -0.380249 0.107851 0.399773
-0.38103 0.0805681 0.405151 -0.380286 0.10689 0.399963
-0.381069 0.0795878 0.405345 -0.380339 0.105462 0.400244
-0.381108 0.0786075 0.405538 -0.380375 0.104518 0.40043
-0.381146 0.0776271 0.405731 -0.380409 0.103579 0.400615
-0.381185 0.0766468 0.405925 -0.380444 0.102644 0.4008
-0.381224 0.0756665 0.406118 -0.380478 0.101712 0.400983
-0.381262 0.0746861 0.406312 -0.380513 0.100784 0.401166
-0.381301 0.0737058 0.406505 -0.380547 0.0998571 0.401349
-0.38134 0.0727254 0.406699 -0.380581 0.0989322 0.401531
-0.381378 0.0717451 0.406892 -0.380616 0.0980082 0.401713
-0.381417 0.0707648 0.407086 -0.38065 0.097085 0.401895
-0.381456 0.0697844 0.407279 -0.380685 0.0961623 0.402077
-0.381495 0.0688041 0.407473 -0.38072 0.0952399 0.402259
-0.381533 0.0678237 0.407666 -0.380755 0.0943173 0.402441
-0.381572 0.0668434 0.40786 -0.38079 0.0933943 0.402623
-0.381611 0.0658631 0.408053 -0.380825 0.0924706 0.402805
-0.381649 0.0648827 0.408247 -0.380861 0.0915461 0.402987
-0.381688 0.0639024 0.40844 -0.380896 0.0906207 0.403169
-0.381727 0.062922 0.408634 -0.380932 0.0896944 0.403352
-0.381765 0.0619417 0.408827 -0.38095 0.0892309 0.403443
-0.381804 0.0609614 0.409021 -0.380986 0.088303 0.403626
-0.381843 0.059981 0.409214 -0.381023 0.0873737 0.40381
-0.381882 0.0590007 0.409408 -0.381059 0.0864431 0.403993
-0.38192 0.0580203 0.409601 -0.381096 0.085511 0.404177
-0.381959 0.05704 0.409795 -0.381151 0.08411 0.404453
-0.381998 0.0560597 0.409988 -0.381189 0.0831736 0.404638
-0.382036 0.0550793 0.410182 -0.381207 0.0827046 0.40473
-0.382075 0.054099 0.410375 -0.381264 0.081295 0.405008
-0.382114 0.0531187 0.410569 -0.381301 0.0803536 0.405194
-0.382152 0.0521383 0.410762 -0.38132 0.0798823 0.405287
-0.382191 0.051158 0.410956 -0.381377 0.0784664 0.405566
-0.38223 0.0501776 0.411149 -0.381396 0.0779937 0.405659
-0.382269 0.0491973 0.411343 -0.381453 0.0765733 0.405939
-0.382307 0.048217 0.411536 -0.381491 0.0756246 0.406126
-0.382346 0.0472366 0.41173 -0.38153 0.0746744 0.406314
-0.382385 0.0462563 0.411923 -0.381568 0.0737228 0.406502
-0.382423 0.0452759 0.412117 -0.381607 0.0727697 0.40669
-0.382462 0.0442956 0.41231 -0.381645 0.0718153 0.406878
-0.382501 0.0433153 0.412504 -0.381684 0.0708595 0.407066
-0.382539 0.0423349 0.412697 -0.381723 0.0699024 0.407255
-0.382578 0.0413546 0.412891 -0.381761 0.0689441 0.407444
-0.382617 0.0403742 0.413084 -0.3818 0.0679848 0.407633
-0.382656 0.0393939 0.413278 -0.381839 0.0670244 0.407823
-0.382694 0.0384136 0.413471 -0.381878 0.0660631 0.408012
-0.382733 0.0374332 0.413664 -0.381917 0.0651008 0.408202
-0.382772 0.0364529 0.413858 -0.381936 0.0646193 0.408297
-0.38281 0.0354725 0.414051 -0.381994 0.0631735 0.408582
-0.382849 0.0344922 0.414245 -0.382033 0.0622086 0.408773
-0.382888 0.0335119 0.414438 -0.382072 0.0612425 0.408963
-0.382926 0.0325315 0.414632 -0.382111 0.0602748 0.409154
-0.382965 0.0315512 0.414825 -0.38215 0.0593055 0.409346
-0.383004 0.0305709 0.415019 -0.38219 0.0583354 0.409537
-0.383042 0.0295905 0.415212 -0.382229 0.0573649 0.409728
-0.383081 0.0286102 0.415406 -0.382268 0.056394 0.40992
-0.38312 0.0276298 0.415599 -0.382307 0.0554226 0.410112
-0.383159 0.0266495 0.415793 -0.382346 0.0544509 0.410303
-0.383197 0.0256692 0.415986 -0.382385 0.0534788 0.410495
-0.383236 0.0246888 0.41618 -0.382424 0.0525063 0.410687
-0.383275 0.0237085 0.416373 -0.382463 0.0515335 0.410879
-0.383313 0.0227281 0.416567 -0.382501 0.0505603 0.411071
-0.383352 0.0217478 0.41676 -0.38254 0.0495867 0.411263
-0.383391 0.0207675 0.416954 -0.382579 0.0486129 0.411455
-0.383429 0.0197871 0.417147 -0.382618 0.0476387 0.411648
-0.383468 0.0188068 0.417341 -0.382657 0.0466642 0.41184
-0.383507 0.0178264 0.417534 -0.382696 0.0456894 0.412032
-0.383546 0.0168461 0.417728 -0.382734 0.0447143 0.412225
-0.383584 0.0158658 0.417921 -0.382773 0.0437389 0.412417
-0.383623 0.0148854 0.418115 -0.382812 0.0427632 0.41261
-0.383662 0.0139051 0.418308 -0.382851 0.0417873 0.412802
-0.3837 0.0129247 0.418502 -0.38289 0.0408112 0.412995
-0.383739 0.0119444 0.418695 -0.382928 0.0398349 0.413188
-0.383778 0.0109641 0.418889 -0.382967 0.0388583 0.41338
-0.383816 0.00998373 0.419082 -0.383006 0.0378816 0.413573
-0.383855 0.00900339 0.419276 -0.383044 0.0369046 0.413766
-0.383894 0.00802305 0.419469 -0.383083 0.0359275 0.413959
-0.383933 0.00704271 0.419663 -0.383122 0.0349502 0.414152
-0.383971 0.00606237 0.419856 -0.38316 0.0339728 0.414345
-0.38401 0.00508203 0.42005 -0.383199 0.0329952 0.414538
-0.384049 0.00410169 0.420243 -0.383238 0.0320174 0.414731
-0.384087 0.00312135 0.420437 -0.383276 0.0310395 0.414924
-0.384126 0.00214102 0.42063 -0.383315 0.0300615 0.415117
-0.384165 0.00116068 0.420824 -0.383354 0.0290834 0.41531
-0.384203 0.000180337 0.421017 -0.383392 0.0281051 0.415503
-0.384242 -0.000800002 0.421211 -0.383431 0.0271268 0.415696
-0.384281 -0.00178034 0.421404 -0.383469 0.0261483 0.415889
-0.38432 -0.00276068 0.421598 -0.383508 0.0251698 0.416083
-0.384358 -0.00374102 0.421791 -0.383547 0.0241912 0.416276
-0.384397 -0.00472136 0.421984 -0.383585 0.0232125 0.416469
-0.384436 -0.0057017 0.422178 -0.383624 0.0222337 0.416662
-0.384474 -0.00668204 0.422371 -0.383662 0.0212548 0.416856
-0.384513 -0.00766238 0.422565 -0.383701 0.0202758 0.417049
-0.384552 -0.00864272 0.422758 -0.38374 0.0192968 0.417242
-0.38459 -0.00962305 0.422952 -0.383778 0.0183178 0.417435
-0.384629 -0.0106034 0.423145 -0.383817 0.0173386 0.417629
-0.384668 -0.0115837 0.423339 -0.383855 0.0163595 0.417822
-0.384706 -0.0125641 0.423532 -0.383894 0.0153803 0.418016
-0.384745 -0.0135444 0.423726 -0.383933 0.014401 0.418209
-0.384784 -0.0145248 0.423919 -0.383971 0.0134217 0.418402
-0.384823 -0.0155051 0.424113 -0.38401 0.0124424 0.418596
-0.384861 -0.0164854 0.424306 -0.384048 0.011463 0.418789
-0.3849 -0.0174658 0.4245 -0.384087 0.0104836 0.418983
-0.384939 -0.0184461 0.424693 -0.384125 0.00950421 0.419176
-0.384977 -0.0194264 0.424887 -0.384164 0.00852476 0.419369
-0.385016 -0.0204068 0.42508 -0.384202 0.00754528 0.419563
-0.385055 -0.0213871 0.425274 -0.384241 0.00656578 0.419756
-0.385093 -0.0223675 0.425467 -0.38428 0.00558626 0.41995
-0.385132 -0.0233478 0.425661 -0.384318 0.00460673 0.420143
-0.385171 -0.0243281 0.425854 -0.384357 0.00362717 0.420337
-0.38521 -0.0253085 0.426048 -0.384395 0.0026476 0.42053
-0.385248 -0.0262888 0.426241 -0.384434 0.00166801 0.420724
-0.385287 -0.0272692 0.426435 -0.384472 0.00068841 0.420917
-0.385326 -0.0282495 0.426628 -0.384511 -0.000291203 0.421111
-0.385364 -0.0292298 0.426822 -0.384549 -0.00127083 0.421304
-0.385403 -0.0302102 0.427015 -0.384588 -0.00225047 0.421498
-0.385442 -0.0311905 0.427209 -0.384626 -0.00323011 0.421691
-0.38548 -0.0321709 0.427402 -0.384665 -0.00420977 0.421885
-0.385519 -0.0331512 0.427596 -0.384703 -0.00518943 0.422079
-0.385558 -0.0341315 0.427789 -0.384742 -0.00616911 0.422272
-0.385597 -0.0351119 0.427983 -0.38478 -0.00714879 0.422466
-0.385635 -0.0360922 0.428176 -0.384819 -0.00812847 0.422659
-0.385674 -0.0370726 0.42837 -0.384858 -0.00910816 0.422853
-0.385713 -0.0380529 0.428563 -0.384896 -0.0100879 0.423046
-0.385751 -0.0390332 0.428757 -0.384935 -0.0110676 0.42324
-0.38579 -0.0400136 0.42895 -0.384973 -0.0120473 0.423433
-0.385829 -0.0409939 0.429144 -0.385012 -0.013027 0.423627
-0.385867 -0.0419742 0.429337 -0.38505 -0.0140067 0.423821
-0.385906 -0.0429546 0.429531 -0.385089 -0.0149864 0.424014
-0.385945 -0.0439349 0.429724 -0.385127 -0.0159661 0.424208
-0.385983 -0.0449153 0.429917 -0.385166 -0.0169459 0.424401
-0.386022 -0.0458956 0.430111 -0.385204 -0.0179256 0.424595
-0.386061 -0.0468759 0.430304 -0.385243 -0.0189053 0.424789
-0.3861 -0.0478563 0.430498 -0.385281 -0.0198851 0.424982
-0.386138 -0.0488366 0.430691 -0.38532 -0.0208648 0.425176
-0.386177 -0.049817 0.430885 -0.385358 -0.0218446 0.42537
-0.386216 -0.0507973 0.431078 -0.385397 -0.0228243 0.425563
-0.386254 -0.0517776 0.431272 -0.385435 -0.0238041 0.425757
-0.386293 -0.052758 0.431465 -0.385474 -0.0247838 0.42595
-0.386332 -0.0537383 0.431659 -0.385512 -0.0257636 0.426144
-0.38637 -0.0547187 0.431852 -0.385551 -0.0267433 0.426338
-0.386409 -0.055699 0.432046 -0.385589 -0.0277231 0.426531
-0.386448 -0.0566793 0.432239 -0.385628 -0.0287028 0.426725
-0.386487 -0.0576597 0.432433 -0.385666 -0.0296825 0.426919
-0.386525 -0.05864 0.432626 -0.385705 -0.0306622 0.427112
-0.386564 -0.0596204 0.43282 -0.385743 -0.0316418 0.427306
-0.386603 -0.0606007 0.433013 -0.385782 -0.0326204 0.427499
-0.386641 -0.061581 0.433207 -0.385801 -0.0331085 0.427596
-0.38668 -0.0625614 0.4334 -0.385857 -0.034567 0.427884
-0.386719 -0.0635417 0.433594 -0.385895 -0.0355348 0.428075
-0.386757 -0.064522 0.433787 -0.385932 -0.0365008 0.428266
-0.386796 -0.0655024 0.433981 -0.385969 -0.0374675 0.428457
-0.386835 -0.0664827 0.434174 -0.386007 -0.0384359 0.428649
-0.386874 -0.0674631 0.434368 -0.386045 -0.0394059 0.42884
-0.386912 -0.0684434 0.434561 -0.386083 -0.0403775 0.429033
-0.386951 -0.0694237 0.434755 -0.386121 -0.0413503 0.429225
-0.38699 -0.0704041 0.434948 -0.386159 -0.0423244 0.429417
-0.387028 -0.0713844 0.435142 -0.386198 -0.0432996 0.42961
-0.387067 -0.0723648 0.435335 -0.386236 -0.0442757 0.429803
-0.387106 -0.0733451 0.435529 -0.386275 -0.0452527 0.429996
-0.387144 -0.0743254 0.435722 -0.386313 -0.0462304 0.43019
-0.387183 -0.0753058 0.435916 -0.386352 -0.0472089 0.430383
-0.387222 -0.0762861 0.436109 -0.386371 -0.0476984 0.43048
-0.387261 -0.0772665 0.436303 -0.386429 -0.0491677 0.43077
-0.387299 -0.0782468 0.436496 -0.386468 -0.050148 0.430964
-0.387338 -0.0792271 0.43669 -0.386507 -0.0511287 0.431158
-0.387377 -0.0802075 0.436883 -0.386546 -0.0521098 0.431352
-0.387415 -0.0811878 0.437077 -0.386585 -0.0530913 0.431546
-0.387454 -0.0821682 0.43727 -0.386623 -0.054073 0.43174
-0.387493 -0.0831485 0.437464 -0.386643 -0.054564 0.431838
-0.387531 -0.0841288 0.437657 -0.386701 -0.0560373 0.432129
-0.38757 -0.0851092 0.43785 -0.38674 -0.0570198 0.432323
-0.387609 -0.0860895 0.438044 -0.386779 -0.0580023 0.432518
-0.387647 -0.0870698 0.438237 -0.386818 -0.0589849 0.432712
-0.387686 -0.0880502 0.438431 -0.386856 -0.0599675 0.432906
-0.387725 -0.0890305 0.438624 -0.386895 -0.0609502 0.4331
-0.387764 -0.0900109 0.438818 -0.386934 -0.0619332 0.433295
-0.387802 -0.0909912 0.439011 -0.386973 -0.0629169 0.433489
-0.387841 -0.0919715 0.439205 -0.387012 -0.0639014 0.433684
-0.38788 -0.0929519 0.439398 -0.387051 -0.0648859 0.433879
-0.387918 -0.0939322 0.439592 -0.387089 -0.0658704 0.434074
-0.387957 -0.0949126 0.439785 -0.387128 -0.0668551 0.434268
-0.387996 -0.0958929 0.439979 -0.387167 -0.06784 0.434463
-0.388034 -0.0968732 0.440172 -0.387206 -0.0688248 0.434658
-0.388073 -0.0978536 0.440366 -0.387245 -0.0698092 0.434853
-0.388112 -0.0988339 0.440559 -0.387283 -0.0707935 0.435047
-0.388151 -0.0998143 0.440753 -0.387322 -0.0717776 0.435242
-0.388189 -0.100795 0.440946 -0.387361 -0.0727614 0.435436
-0.388228 -0.101775 0.44114 -0.387399 -0.073745 0.435631
-0.388267 -0.102755 0.441333 -0.387438 -0.0747284 0.435825
-0.388305 -0.103736 0.441527 -0.387477 -0.0757118 0.43602
-0.388344 -0.104716 0.44172 -0.387515 -0.076695 0.436214
-0.388383 -0.105696 0.441914 -0.387554 -0.0776779 0.436409
-0.388421 -0.106677 0.442107 -0.387592 -0.0786608 0.436603
-0.38846 -0.107657 0.442301 -0.387631 -0.0796434 0.436798
-0.388499 -0.108637 0.442494 -0.387669 -0.0806258 0.436992
-0.388538 -0.109618 0.442688 -0.387708 -0.0816081 0.437186
-0.388576 -0.110598 0.442881 -0.387746 -0.0825902 0.43738
-0.388615 -0.111578 0.443075 -0.387784 -0.0835723 0.437575
-0.388654 -0.112559 0.443268 -0.387823 -0.0845543 0.437769
-0.388692 -0.113539 0.443462 -0.387861 -0.085536 0.437963
-0.388731 -0.114519 0.443655 -0.3879 -0.0865175 0.438157
-0.38877 -0.1155 0.443849 -0.387938 -0.0874988 0.438351
-0.388808 -0.11648 0.444042 -0.387976 -0.08848 0.438545
-0.388847 -0.11746 0.444236 -0.388015 -0.089461 0.438739
-0.388886 -0.118441 0.444429 -0.388034 -0.0899515 0.438836
-0.388925 -0.119421 0.444623 -0.388072 -0.0909325 0.43903
-0.388963 -0.120401 0.444816 -0.38813 -0.092404 0.439321
-0.389002 -0.121382 0.44501 -0.388149 -0.0928944 0.439418
-0.389041 -0.122362 0.445203 -0.388207 -0.0943657 0.439709
-0.389079 -0.123342 0.445397 -0.388245 -0.0953466 0.439903
-0.389118 -0.124323 0.44559 -0.388264 -0.0958372 0.44
-0.389157 -0.125303 0.445784 -0.388303 -0.0968186 0.440195
-0.389195 -0.126283 0.445977 -0.388341 -0.0978003 0.440389
-0.389234 -0.127264 0.44617 -0.38838 -0.0987819 0.440583
-0.389273 -0.128244 0.446364 -0.388418 -0.0997633 0.440777
-0.389311 -0.129224 0.446557 -0.388456 -0.100745 0.440971
-0.38935 -0.130205 0.446751 -0.388514 -0.102216 0.441262
-0.389389 -0.131185 0.446944 -0.388552 -0.103197 0.441456
-0.389428 -0.132165 0.447138 -0.388572 -0.103687 0.441553
-0.389466 -0.133146 0.447331 -0.38861 -0.104668 0.441747
-0.389505 -0.134126 0.447525 -0.388667 -0.106139 0.442038
-0.389544 -0.135106 0.447718 -0.388706 -0.107119 0.442232
-0.389582 -0.136087 0.447912 -0.388725 -0.10761 0.442329
-0.389621 -0.137067 0.448105 -0.388763 -0.108591 0.442523
-0.38966 -0.138047 0.448299 -0.388821 -0.110062 0.442814
-0.389698 -0.139028 0.448492 -0.38884 -0.110553 0.442911
-0.389737 -0.140008 0.448686 -0.388879 -0.111533 0.443105
-0.389776 -0.140989 0.448879 -0.388917 -0.112514 0.443299
-0.389815 -0.141969 0.449073 -0.388955 -0.113494 0.443493
-0.389853 -0.142949 0.449266 -0.388994 -0.114474 0.443687
-0.389892 -0.14393 0.44946 -0.389032 -0.115454 0.44388
-0.389931 -0.14491 0.449653 -0.38907 -0.116434 0.444074
-0.389969 -0.14589 0.449847 -0.389109 -0.117415 0.444268
-0.390008 -0.146871 0.45004 -0.389147 -0.118397 0.444463
-0.390047 -0.147851 0.450234 -0.389186 -0.11938 0.444657
-0.390085 -0.148831 0.450427 -0.389224 -0.120362 0.444852
-0.390124 -0.149812 0.450621 -0.389263 -0.121344 0.445046
-0.390163 -0.150792 0.450814 -0.389301 -0.122326 0.44524
-0.390202 -0.151772 0.451008 -0.389359 -0.123798 0.445531
-0.39024 -0.152753 0.451201 -0.389397 -0.124778 0.445725
-0.390279 -0.153733 0.451395 -0.389436 -0.125759 0.445919
-0.390318 -0.154713 0.451588 -0.389455 -0.126249 0.446016
-0.390356 -0.155694 0.451782 -0.389493 -0.12723 0.44621
-0.390395 -0.156674 0.451975 -0.389532 -0.12821 0.446404
-0.390434 -0.157654 0.452169 -0.389589 -0.12968 0.446695
-0.390472 -0.158635 0.452362 -0.389627 -0.13066 0.446889
-0.390511 -0.159615 0.452556 -0.389666 -0.13164 0.447083
-0.39055 -0.160595 0.452749 -0.389704 -0.13262 0.447277
-0.390589 -0.161576 0.452943 -0.389723 -0.13311 0.447374
-0.390627 -0.162556 0.453136 -0.389762 -0.134092 0.447568
-0.390666 -0.163536 0.45333 -0.3898 -0.135073 0.447762
-0.390705 -0.164517 0.453523 -0.389839 -0.136055 0.447956
-0.390743 -0.165497 0.453717 -0.389877 -0.137036 0.44815
-0.390782 -0.166477 0.45391 -0.389916 -0.138017 0.448344
-0.390821 -0.167458 0.454103 -0.389954 -0.138998 0.448539
-0.390859 -0.168438 0.454297 -0.389992 -0.13998 0.448733
-0.390898 -0.169418 0.45449 -0.390031 -0.140961 0.448927
-0.390937 -0.170399 0.454684 -0.390069 -0.141943 0.449121
-0.390975 -0.171379 0.454877 -0.390108 -0.142924 0.449315
-0.391014 -0.172359 0.455071 -0.390146 -0.143905 0.449509
-0.391053 -0.17334 0.455264 -0.390184 -0.144885 0.449703
-0.391092 -0.17432 0.455458 -0.390223 -0.145866 0.449897
-0.39113 -0.1753 0.455651 -0.390261 -0.146846 0.450091
-0.391169 -0.176281 0.455845 -0.390299 -0.147825 0.450285
-0.391208 -0.177261 0.456038 -0.390338 -0.148805 0.450479
-0.391246 -0.178241 0.456232 -0.390376 -0.149785 0.450672
-0.391285 -0.179222 0.456425 -0.390414 -0.150764 0.450866
-0.391324 -0.180202 0.456619 -0.390452 -0.151743 0.45106
-0.391362 -0.181182 0.456812 -0.390491 -0.152722 0.451253
-0.391401 -0.182163 0.457006 -0.390529 -0.153701 0.451447
-0.39144 -0.183143 0.457199 -0.390567 -0.15468 0.451641
-0.391479 -0.184123 0.457393 -0.390605 -0.155659 0.451834
-0.391517 -0.185104 0.457586 -0.390644 -0.156638 0.452028
-0.391556 -0.186084 0.45778 -0.390682 -0.157617 0.452222
-0.391595 -0.187064 0.457973 -0.39072 -0.158596 0.452415
-0.391633 -0.188045 0.458167 -0.390758 -0.159574 0.452609
-0.391672 -0.189025 0.45836 -0.390797 -0.160553 0.452803
-0.391711 -0.190005 0.458554 -0.390835 -0.161532 0.452996
-0.391749 -0.190986 0.458747 -0.390873 -0.162511 0.45319
-0.391788 -0.191966 0.458941 -0.390911 -0.16349 0.453384
-0.391827 -0.192946 0.459134 -0.39095 -0.164469 0.453577
-0.391866 -0.193927 0.459328 -0.390988 -0.165449 0.453771
-0.391904 -0.194907 0.459521 -0.391026 -0.166428 0.453965
-0.391943 -0.195887 0.459715 -0.391065 -0.167407 0.454158
-0.391982 -0.196868 0.459908 -0.391103 -0.168386 0.454352
-0.39202 -0.197848 0.460102 -0.391141 -0.169366 0.454546
-0.392059 -0.198829 0.460295 -0.391179 -0.170345 0.45474
-0.392098 -0.199809 0.460489 -0.391218 -0.171324 0.454933
-0.392136 -0.200789 0.460682 -0.391256 -0.172303 0.455127
-0.392175 -0.20177 0.460876 -0.391294 -0.173283 0.455321
-0.392214 -0.20275 0.461069 -0.391333 -0.174262 0.455515
-0.392253 -0.20373 0.461263 -0.391371 -0.175241 0.455708
-0.392291 -0.204711 0.461456 -0.391409 -0.176221 0.455902
-0.39233 -0.205691 0.46165 -0.391448 -0.1772 0.456096
-0.392369 -0.206671 0.461843 -0.391486 -0.17818 0.45629
-0.392407 -0.207652 0.462036 -0.391524 -0.179159 0.456483
-0.392446 -0.208632 0.46223 -0.391563 -0.180139 0.456677
-0.392485 -0.209612 0.462423 -0.391601 -0.181119 0.456871
-0.392523 -0.210593 0.462617 -0.391639 -0.1821 0.457065
-0.392562 -0.211573 0.46281 -0.391678 -0.18308 0.457259
-0.392601 -0.212553 0.463004 -0.391716 -0.18406 0.457453
-0.392639 -0.213534 0.463197 -0.391755 -0.18504 0.457647
-0.392678 -0.214514 0.463391 -0.391793 -0.18602 0.457841
-0.392717 -0.215494 0.463584 -0.391831 -0.187001 0.458034
-0.392756 -0.216475 0.463778 -0.39187 -0.187981 0.458228
-0.392794 -0.217455 0.463971 -0.391908 -0.188961 0.458422
-0.392833 -0.218435 0.464165 -0.391946 -0.189941 0.458616
-0.392872 -0.219416 0.464358 -0.391985 -0.190921 0.45881
-0.39291 -0.220396 0.464552 -0.392023 -0.191901 0.459004
-0.392949 -0.221376 0.464745 -0.392061 -0.192881 0.459198
-0.392988 -0.222357 0.464939 -0.3921 -0.193861 0.459392
-0.393026 -0.223337 0.465132 -0.392138 -0.194841 0.459585
-0.393065 -0.224317 0.465326 -0.392176 -0.195821 0.459779
-0.393104 -0.225298 0.465519 -0.392215 -0.196801 0.459973
-0.393143 -0.226278 0.465713 -0.392253 -0.197781 0.460167
-0.393181 -0.227258 0.465906 -0.392291 -0.198761 0.460361
-0.39322 -0.228239 0.4661 -0.39233 -0.199741 0.460555
-0.393259 -0.229219 0.466293 -0.392368 -0.200721 0.460749
-0.393297 -0.230199 0.466487 -0.392406 -0.201702 0.460943
-0.393336 -0.23118 0.46668 -0.392445 -0.202682 0.461136
-0.393375 -0.23216 0.466874 -0.392483 -0.203663 0.46133
-0.393413 -0.23314 0.467067 -0.392521 -0.204643 0.461524
-0.393452 -0.234121 0.467261 -0.39256 -0.205623 0.461718
-0.393491 -0.235101 0.467454 -0.392598 -0.206604 0.461912
-0.39353 -0.236081 0.467648 -0.392636 -0.207584 0.462106
-0.393568 -0.237062 0.467841 -0.392675 -0.208564 0.4623
-0.393607 -0.238042 0.468035 -0.392713 -0.209545 0.462494
-0.393646 -0.239022 0.468228 -0.392752 -0.210525 0.462688
-0.393684 -0.240003 0.468422 -0.39279 -0.211505 0.462882
-0.393723 -0.240983 0.468615 -0.392828 -0.212485 0.463075
-0.393762 -0.241963 0.468809 -0.392867 -0.213466 0.463269
-0.3938 -0.242944 0.469002 -0.392905 -0.214446 0.463463
-0.393839 -0.243924 0.469196 -0.392943 -0.215426 0.463657
-0.393878 -0.244904 0.469389 -0.392982 -0.216406 0.463851
-0.393917 -0.245885 0.469583 -0.39302 -0.217386 0.464045
-0.393955 -0.246865 0.469776 -0.393058 -0.218367 0.464239
-0.393994 -0.247845 0.46997 -0.393097 -0.219347 0.464433
-0.394033 -0.248826 0.470163 -0.393135 -0.220327 0.464626
-0.394071 -0.249806 0.470356 -0.393173 -0.221307 0.46482
-0.39411 -0.250786 0.47055 -0.393212 -0.222288 0.465014
-0.394149 -0.251767 0.470743 -0.39325 -0.223269 0.465208
-0.394187 -0.252747 0.470937 -0.393288 -0.224251 0.465403
-0.394226 -0.253728 0.47113 -0.393327 -0.225234 0.465597
-0.394265 -0.254708 0.471324 -0.393366 -0.226216 0.465791
-0.394303 -0.255688 0.471517 -0.393404 -0.227199 0.465986
-0.394342 -0.256669 0.471711 -0.393442 -0.228181 0.46618
-0.394381 -0.257649 0.471904 -0.393481 -0.229163 0.466374
-0.39442 -0.258629 0.472098 -0.393519 -0.230144 0.466568
-0.394458 -0.25961 0.472291 -0.393558 -0.231126 0.466762
-0.394497 -0.26059 0.472485 -0.393596 -0.232107 0.466956
-0.394536 -0.26157 0.472678 -0.393635 -0.233088 0.46715
-0.394574 -0.262551 0.472872 -0.393673 -0.234069 0.467344
-0.394613 -0.263531 0.473065 -0.393711 -0.23505 0.467538
-0.394652 -0.264511 0.473259 -0.39375 -0.23603 0.467732
-0.39469 -0.265492 0.473452 -0.393788 -0.237011 0.467926
-0.394729 -0.266472 0.473646 -0.393826 -0.237991 0.46812
-0.394768 -0.267452 0.473839 -0.393865 -0.238972 0.468314
-0.394807 -0.268433 0.474033 -0.393903 -0.239952 0.468508
-0.394845 -0.269413 0.474226 -0.393941 -0.240932 0.468701
-0.394884 -0.270393 0.47442 -0.393979 -0.241912 0.468895
-0.394923 -0.271374 0.474613 -0.394018 -0.242892 0.469089
-0.394961 -0.272354 0.474807 -0.394056 -0.243873 0.469283
-0.395 -0.273334 0.475 -0.394094 -0.244853 0.469477
-0.395039 -0.274315 0.475194 -0.394133 -0.245833 0.469671
-0.395077 -0.275295 0.475387 -0.394171 -0.246813 0.469864
-0.395116 -0.276275 0.475581 -0.394209 -0.247793 0.470058
-0.395155 -0.277256 0.475774 -0.394248 -0.248773 0.470252
-0.395194 -0.278236 0.475968 -0.394286 -0.249753 0.470446
-0.395232 -0.279216 0.476161 -0.394305 -0.250243 0.470543
-0.395271 -0.280197 0.476355 -0.394363 -0.251713 0.470833
-0.39531 -0.281177 0.476548 -0.394401 -0.252693 0.471027
-0.395348 -0.282157 0.476742 -0.394439 -0.253673 0.471221
-0.395387 -0.283138 0.476935 -0.394478 -0.254653 0.471415
-0.395426 -0.284118 0.477129 -0.394516 -0.255634 0.471609
-0.395464 -0.285098 0.477322 -0.394554 -0.256614 0.471802
-0.395503 -0.286079 0.477516 -0.394593 -0.257594 0.471996
-0.395542 -0.287059 0.477709 -0.394631 -0.258575 0.47219
-0.395581 -0.288039 0.477903 -0.394669 -0.259555 0.472384
-0.395619 -0.28902 0.478096 -0.394708 -0.260535 0.472578
-0.395658 -0.29 0.478289 -0.394746 -0.261515 0.472772
-0.395697 -0.29098 0.478483 -0.394785 -0.262496 0.472966
-0.395735 -0.291961 0.478676 -0.394823 -0.263476 0.473159
-0.395774 -0.292941 0.47887 -0.394861 -0.264456 0.473353
-0.395813 -0.293921 0.479063 -0.39488 -0.264947 0.47345
-0.395851 -0.294902 0.479257 -0.394957 -0.266909 0.473838
-0.39589 -0.295882 0.47945 -0.394996 -0.26789 0.474032
-0.395929 -0.296862 0.479644 -0.395034 -0.268871 0.474226
-0.395967 -0.297843 0.479837 -0.395072 -0.269849 0.47442
-0.396006 -0.298823 0.480031 -0.39511 -0.270821 0.474612
-0.396045 -0.299803 0.480224 -0.395147 -0.271787 0.474802
-0.396084 -0.300784 0.480418 -0.395166 -0.27227 0.474898
-0.396122 -0.301764 0.480611 -0.395241 -0.274202 0.475279
-0.396161 -0.302744 0.480805 -0.395278 -0.275167 0.47547
-0.3962 -0.303725 0.480998 -0.395315 -0.27613 0.47566
-0.396238 -0.304705 0.481192 -0.395352 -0.277095 0.47585
-0.396277 -0.305685 0.481385 -0.39539 -0.27806 0.476041
-0.396316 -0.306666 0.481579 -0.395427 -0.279022 0.476231
-0.396354 -0.307646 0.481772 -0.395464 -0.279985 0.476421
-0.396393 -0.308627 0.481966 -0.395502 -0.280949 0.476611
-0.396432 -0.309607 0.482159 -0.395539 -0.281915 0.476802
-0.396471 -0.310587 0.482353 -0.395558 -0.282398 0.476898
-0.396509 -0.311568 0.482546 -0.395596 -0.283365 0.477089
-0.396548 -0.312548 0.48274 -0.395634 -0.284331 0.47728
-0.396587 -0.313528 0.482933 -0.395671 -0.285296 0.477471
-0.396625 -0.314509 0.483127 -0.395728 -0.286745 0.477757
-0.396664 -0.315489 0.48332 -0.395747 -0.287228 0.477853
-0.396703 -0.316469 0.483514 -0.395803 -0.288676 0.478139
-0.396741 -0.31745 0.483707 -0.395841 -0.28964 0.478329
-0.39678 -0.31843 0.483901 -0.395879 -0.290604 0.47852
-0.396819 -0.31941 0.484094 -0.395916 -0.291566 0.47871
-0.396858 -0.320391 0.484288 -0.395953 -0.292524 0.478899
-0.396896 -0.321371 0.484481 -0.39599 -0.293481 0.479088
-0.396935 -0.322351 0.484675 -0.396028 -0.294441 0.479277
-0.396974 -0.323332 0.484868 -0.396046 -0.294921 0.479372
-0.397012 -0.324312 0.485062 -0.396084 -0.295882 0.479562
-0.397051 -0.325292 0.485255 -0.396159 -0.297807 0.479943
-0.39709 -0.326273 0.485449 -0.396178 -0.298291 0.480039
-0.397128 -0.327253 0.485642 -0.396217 -0.299258 0.48023
-0.397167 -0.328233 0.485836 -0.396255 -0.300227 0.480422
-0.397206 -0.329214 0.486029 -0.396293 -0.301195 0.480613
-0.397244 -0.330194 0.486222 -0.396331 -0.302163 0.480805
-0.397283 -0.331174 0.486416 -0.396369 -0.30313 0.480996
-0.397322 -0.332155 0.486609 -0.396407 -0.304097 0.481187
-0.397361 -0.333135 0.486803 -0.396445 -0.305063 0.481378
-0.397399 -0.334115 0.486996 -0.396483 -0.30603 0.481569
-0.397438 -0.335096 0.48719 -0.396521 -0.306996 0.48176
-0.397477 -0.336076 0.487383 -0.396559 -0.307962 0.481951
-0.397515 -0.337056 0.487577 -0.396597 -0.308928 0.482142
-0.397554 -0.338037 0.48777 -0.396634 -0.309894 0.482333
-0.397593 -0.339017 0.487964 -0.396672 -0.31086 0.482524
-0.397631 -0.339997 0.488157 -0.39671 -0.311827 0.482715
-0.39767 -0.340978 0.488351 -0.396748 -0.312793 0.482907
-0.397709 -0.341958 0.488544 -0.396786 -0.313761 0.483098
-0.397748 -0.342938 0.488738 -0.396824 -0.314728 0.483289
-0.397786 -0.343919 0.488931 -0.396862 -0.315695 0.48348
-0.397825 -0.344899 0.489125 -0.3969 -0.316663 0.483672
-0.397864 -0.345879 0.489318 -0.396938 -0.317632 0.483863
-0.397902 -0.34686 0.489512 -0.396977 -0.3186 0.484055
-0.397941 -0.34784 0.489705 -0.397015 -0.31957 0.484247
-0.39798 -0.34882 0.489899 -0.397053 -0.32054 0.484438
-0.398018 -0.349801 0.490092 -0.397091 -0.321511 0.48463
-0.398057 -0.350781 0.490286 -0.397129 -0.322482 0.484823
-0.398096 -0.351761 0.490479 -0.397168 -0.323454 0.485015
-0.398135 -0.352742 0.490673 -0.397206 -0.324426 0.485207
-0.398173 -0.353722 0.490866 -0.397244 -0.325399 0.4854
-0.398212 -0.354702 0.49106 -0.397283 -0.326371 0.485592
-0.398251 -0.355683 0.491253 -0.397321 -0.327344 0.485784
-0.398289 -0.356663 0.491447 -0.397359 -0.328318 0.485977
-0.398328 -0.357643 0.49164 -0.397398 -0.329291 0.486169
-0.398367 -0.358624 0.491834 -0.397436 -0.330265 0.486362
-0.398405 -0.359604 0.492027 -0.397474 -0.331239 0.486555
-0.398444 -0.360584 0.492221 -0.397513 -0.332214 0.486748
-0.398483 -0.361565 0.492414 -0.397551 -0.33319 0.48694
-0.398522 -0.362545 0.492608 -0.39759 -0.334166 0.487134
-0.39856 -0.363525 0.492801 -0.397628 -0.335142 0.487327
-0.398599 -0.364506 0.492995 -0.397667 -0.336118 0.48752
-0.398638 -0.365486 0.493188 -0.397705 -0.337095 0.487713
-0.398676 -0.366467 0.493382 -0.397744 -0.338072 0.487906
-0.398715 -0.367447 0.493575 -0.397782 -0.339049 0.488099
-0.398754 -0.368427 0.493769 -0.397821 -0.340026 0.488293
-0.398792 -0.369408 0.493962 -0.397859 -0.341003 0.488486
-0.398831 -0.370388 0.494156 -0.397898 -0.34198 0.488679
-0.39887 -0.371368 0.494349 -0.397936 -0.342958 0.488873
-0.398908 -0.372349 0.494542 -0.397975 -0.343937 0.489066
-0.398947 -0.373329 0.494736 -0.398013 -0.344915 0.48926
-0.398986 -0.374309 0.494929 -0.398052 -0.345894 0.489453
-0.399025 -0.37529 0.495123 -0.39809 -0.346872 0.489647
-0.399063 -0.37627 0.495316 -0.398129 -0.347851 0.48984
-0.399102 -0.37725 0.49551 -0.398167 -0.348829 0.490034
-0.399141 -0.378231 0.495703 -0.398206 -0.349808 0.490227
-0.399179 -0.379211 0.495897 -0.398244 -0.350787 0.490421
-0.399218 -0.380191 0.49609 -0.398283 -0.351767 0.490615
-0.399257 -0.381172 0.496284 -0.398321 -0.352747 0.490808
-0.399295 -0.382152 0.496477 -0.39836 -0.353727 0.491002
-0.399334 -0.383132 0.496671 -0.398399 -0.354707 0.491196
-0.399373 -0.384113 0.496864 -0.398437 -0.355687 0.49139
-0.399412 -0.385093 0.497058 -0.398476 -0.356668 0.491584
-0.39945 -0.386073 0.497251 -0.398514 -0.357648 0.491777
-0.399489 -0.387054 0.497445 -0.398553 -0.358628 0.491971
-0.399528 -0.388034 0.497638 -0.398591 -0.359608 0.492165
-0.399566 -0.389014 0.497832 -0.39863 -0.36059 0.492359
-0.399605 -0.389995 0.498025 -0.398668 -0.361571 0.492553
-0.399644 -0.390975 0.498219 -0.398707 -0.362552 0.492747
-0.399682 -0.391955 0.498412 -0.398746 -0.363534 0.492941
-0.399721 -0.392936 0.498606 -0.398784 -0.364515 0.493135
-0.39976 -0.393916 0.498799 -0.398823 -0.365497 0.49333
-0.399799 -0.394896 0.498993 -0.398862 -0.366479 0.493524
-0.399837 -0.395877 0.499186 -0.3989 -0.36746 0.493718
-0.399876 -0.396857 0.49938 -0.398939 -0.368442 0.493912
-0.399915 -0.397837 0.499573 -0.398977 -0.369424 0.494106
-0.399953 -0.398818 0.499767 -0.399016 -0.370405 0.4943
-0.399992 -0.399798 0.49996 -0.399054 -0.371387 0.494494
-0.400031 -0.400778 0.500154 -0.399093 -0.372368 0.494688
-0.399992 -0.399798 0.49996 -0.399132 -0.373349 0.494882
-0.400031 -0.400778 0.500154 -0.39917 -0.37433 0.495076
-0.399992 -0.399798 0.49996 -0.399209 -0.375311 0.49527
-0.400031 -0.400778 0.500154 -0.399247 -0.376291 0.495463
-0.399992 -0.399798 0.49996 -0.399285 -0.377266 0.495656
-0.400031 -0.400778 0.500154 -0.399304 -0.377751 0.495752
-0.399992 -0.399798 0.49996 -0.399359 -0.379188 0.496035
-0.400031 -0.400778 0.500154 -0.399395 -0.380127 0.496219
-0.399992 -0.399798 0.49996 -0.399429 -0.38105 0.4964
-0.400031 -0.400778 0.500154 -0.399462 -0.381954 0.496577
-0.399992 -0.399798 0.49996 -0.399494 -0.382837 0.496749
-0.400031 -0.400778 0.500154 -0.399524 -0.383696 0.496916
-0.399992 -0.399798 0.49996 -0.399553 -0.38453 0.497078
-0.400031 -0.400778 0.500154 -0.399581 -0.385338 0.497234
-0.399992 -0.399798 0.49996 -0.399607 -0.38612 0.497385
-0.400031 -0.400778 0.500154 -0.399631 -0.386875 0.49753
-0.399992 -0.399798 0.49996 -0.399654 -0.387603 0.497669
-0.400031 -0.400778 0.500154 -0.399676 -0.388304 0.497803
-0.399992 -0.399798 0.49996 -0.399697 -0.388976 0.497931
-0.400031 -0.400778 0.500154 -0.399716 -0.38962 0.498053
-0.399992 -0.399798 0.49996 -0.399734 -0.390237 0.49817
-0.400031 -0.400778 0.500154 -0.399751 -0.390826 0.498282
-0.399992 -0.399798 0.49996 -0.399767 -0.391389 0.498388
-0.400031 -0.400778 0.500154 -0.399782 -0.391925 0.498489
-0.399992 -0.399798 0.49996 -0.399796 -0.392436 0.498585
-0.400031 -0.400778 0.500154 -0.399809 -0.392921 0.498676
-0.399992 -0.399798 0.49996 -0.399821 -0.393382 0.498762
-0.400031 -0.400778 0.500154 -0.399833 -0.393819 0.498844
-0.399992 -0.399798 0.49996 -0.399843 -0.394233 0.498921
-0.400031 -0.400778 0.500154 -0.399853 -0.394625 0.498994
-0.399992 -0.399798 0.49996 -0.399863 -0.394995 0.499063
-0.400031 -0.400778 0.500154 -0.399872 -0.395345 0.499128
-0.399992 -0.399798 0.49996 -0.39988 -0.395674 0.499189
-0.400031 -0.400778 0.500154 -0.399887 -0.395985 0.499246
-0.399992 -0.399798 0.49996 -0.399895 -0.396277 0.499301
-0.400031 -0.400778 0.500154 -0.399901 -0.396552 0.499352
-0.399992 -0.399798 0.49996 -0.399908 -0.39681 0.499399
-0.400031 -0.400778 0.500154 -0.399914 -0.397052 0.499444
-0.399992 -0.399798 0.49996 -0.399919 -0.397278 0.499486
-0.400031 -0.400778 0.500154 -0.399924 -0.39749 0.499525
-0.399992 -0.399798 0.49996 -0.399929 -0.397688 0.499562
-0.400031 -0.400778 0.500154 -0.399934 -0.397873 0.499596
-0.399992 -0.399798 0.49996 -0.39994 -0.398127 0.499643
-0.400031 -0.400778 0.500154 -0.399942 -0.398205 0.499658
-0.399992 -0.399798 0.49996 -0.399945 -0.398355 0.499685
-0.400031 -0.400778 0.500154 -0.39995 -0.398559 0.499723
-0.399992 -0.399798 0.49996 -0.399952 -0.398622 0.499735
-0.400031 -0.400778 0.500154 -0.399955 -0.398741 0.499757
-0.399992 -0.399798 0.49996 -0.399957 -0.398852 0.499777
-0.400031 -0.400778 0.500154 -0.39996 -0.398954 0.499796
-0.399992 -0.399798 0.49996 -0.399965 -0.399134 0.49983
