-0.37004 0.358984 0.3502 -0.370001 0.359965 0.350007
-0.370079 0.358004 0.350394 -0.370001 0.359965 0.350007
-0.370117 0.357024 0.350587 -0.370001 0.359965 0.350007
-0.370156 0.356043 0.350781 -0.370001 0.359964 0.350007
-0.370195 0.355063 0.350974 -0.370001 0.359963 0.350007
-0.370234 0.354083 0.351168 -0.370001 0.359945 0.350011
-0.370272 0.353102 0.351361 -0.370002 0.359923 0.350015
-0.370311 0.352122 0.351555 -0.370004 0.359888 0.350022
-0.37035 0.351142 0.351748 -0.370006 0.359836 0.350032
-0.370388 0.350161 0.351942 -0.370009 0.359767 0.350046
-0.370427 0.349181 0.352135 -0.370013 0.359676 0.350065
-0.370466 0.348201 0.352329 -0.370018 0.359562 0.350087
-0.370504 0.34722 0.352522 -0.370022 0.359497 0.3501
-0.370543 0.34624 0.352716 -0.370029 0.359347 0.35013
-0.370582 0.34526 0.352909 -0.370042 0.359074 0.350185
-0.370621 0.344279 0.353103 -0.370052 0.358859 0.350229
-0.370659 0.343299 0.353296 -0.370064 0.358615 0.350278
-0.370698 0.342319 0.35349 -0.370077 0.358343 0.350332
-0.370737 0.341338 0.353683 -0.370085 0.358197 0.350362
-0.370775 0.340358 0.353877 -0.370109 0.357715 0.350459
-0.370814 0.339378 0.35407 -0.370127 0.35736 0.350531
-0.370853 0.338397 0.354264 -0.370146 0.356978 0.350608
-0.370891 0.337417 0.354457 -0.370167 0.35657 0.350691
-0.37093 0.336437 0.354651 -0.370177 0.356355 0.350734
-0.370969 0.335456 0.354844 -0.370212 0.355675 0.350872
-0.371008 0.334476 0.355038 -0.370224 0.355435 0.35092
-0.371046 0.333496 0.355231 -0.37025 0.354938 0.351021
-0.371085 0.332515 0.355425 -0.370304 0.353871 0.351237
-0.371124 0.331535 0.355618 -0.370333 0.353304 0.351352
-0.371162 0.330555 0.355812 -0.370363 0.352717 0.35147
-0.371201 0.329574 0.356005 -0.370394 0.352112 0.351592
-0.37124 0.328594 0.356199 -0.370425 0.351489 0.351718
-0.371278 0.327614 0.356392 -0.370457 0.350846 0.351848
-0.371317 0.326633 0.356586 -0.37049 0.350184 0.351982
-0.371356 0.325653 0.356779 -0.370524 0.349504 0.352119
-0.371395 0.324673 0.356973 -0.370559 0.348806 0.352259
-0.371433 0.323692 0.357166 -0.370594 0.348092 0.352403
-0.371472 0.322712 0.357359 -0.37063 0.347361 0.352551
-0.371511 0.321732 0.357553 -0.370667 0.346615 0.352701
-0.371549 0.320751 0.357746 -0.370704 0.345854 0.352854
-0.371588 0.319771 0.35794 -0.370742 0.345078 0.35301
-0.371627 0.318791 0.358133 -0.37078 0.344289 0.353168
-0.371665 0.31781 0.358327 -0.370819 0.343488 0.353329
-0.371704 0.31683 0.35852 -0.370858 0.342675 0.353492
-0.371743 0.31585 0.358714 -0.370897 0.34185 0.353658
-0.371781 0.314869 0.358907 -0.370936 0.341014 0.353825
-0.37182 0.313889 0.359101 -0.370976 0.340168 0.353995
-0.371859 0.312909 0.359294 -0.371016 0.339313 0.354166
-0.371898 0.311928 0.359488 -0.371056 0.338447 0.354339
-0.371936 0.310948 0.359681 -0.371096 0.337573 0.354514
-0.371975 0.309968 0.359875 -0.371137 0.336691 0.35469
-0.372014 0.308987 0.360068 -0.371177 0.335801 0.354868
-0.372052 0.308007 0.360262 -0.371218 0.334903 0.355047
-0.372091 0.307026 0.360455 -0.371258 0.333999 0.355227
-0.37213 0.306046 0.360649 -0.371299 0.333088 0.355408
-0.372168 0.305066 0.360842 -0.37134 0.332172 0.355591
-0.372207 0.304085 0.361036 -0.37138 0.33125 0.355774
-0.372246 0.303105 0.361229 -0.371421 0.330322 0.355958
-0.372285 0.302125 0.361423 -0.371461 0.32939 0.356143
-0.372323 0.301144 0.361616 -0.371502 0.328454 0.356329
-0.372362 0.300164 0.36181 -0.371543 0.327513 0.356516
-0.372401 0.299184 0.362003 -0.371583 0.326568 0.356704
-0.372439 0.298203 0.362197 -0.371603 0.326094 0.356797
-0.372478 0.297223 0.36239 -0.371664 0.324667 0.35708
-0.372517 0.296243 0.362584 -0.371704 0.323712 0.35727
-0.372555 0.295262 0.362777 -0.371744 0.322753 0.357459
-0.372594 0.294282 0.362971 -0.371785 0.321792 0.35765
-0.372633 0.293302 0.363164 -0.371805 0.32131 0.357745
-0.372672 0.292321 0.363358 -0.371845 0.320346 0.357935
-0.37271 0.291341 0.363551 -0.371904 0.318896 0.358222
-0.372749 0.290361 0.363745 -0.371924 0.318411 0.358318
-0.372788 0.28938 0.363938 -0.371964 0.317441 0.35851
-0.372826 0.2884 0.364132 -0.372024 0.315982 0.358798
-0.372865 0.28742 0.364325 -0.372063 0.315008 0.35899
-0.372904 0.286439 0.364519 -0.372103 0.314032 0.359182
-0.372942 0.285459 0.364712 -0.372122 0.313544 0.359278
-0.372981 0.284479 0.364906 -0.372181 0.312078 0.359567
-0.37302 0.283498 0.365099 -0.372201 0.311589 0.359664
-0.373058 0.282518 0.365292 -0.37224 0.31061 0.359857
-0.373097 0.281538 0.365486 -0.372299 0.30914 0.360147
-0.373136 0.280557 0.365679 -0.372338 0.308159 0.36034
-0.373175 0.279577 0.365873 -0.372377 0.307179 0.360533
-0.373213 0.278597 0.366066 -0.372396 0.306689 0.360629
-0.373252 0.277616 0.36626 -0.372435 0.30571 0.360822
-0.373291 0.276636 0.366453 -0.372493 0.304242 0.361111
-0.373329 0.275656 0.366647 -0.372531 0.303261 0.361304
-0.373368 0.274675 0.36684 -0.372551 0.302771 0.3614
-0.373407 0.273695 0.367034 -0.372609 0.301299 0.36169
-0.373445 0.272715 0.367227 -0.372647 0.300317 0.361883
-0.373484 0.271734 0.367421 -0.372686 0.299334 0.362077
-0.373523 0.270754 0.367614 -0.372705 0.298843 0.362173
-0.373562 0.269774 0.367808 -0.372763 0.297369 0.362463
-0.3736 0.268793 0.368001 -0.372801 0.296386 0.362657
-0.373639 0.267813 0.368195 -0.372821 0.295895 0.362753
-0.373678 0.266833 0.368388 -0.372859 0.294911 0.362947
-0.373716 0.265852 0.368582 -0.372917 0.293436 0.363237
-0.373755 0.264872 0.368775 -0.372956 0.292452 0.363431
-0.373794 0.263892 0.368969 -0.372994 0.291467 0.363624
-0.373832 0.262911 0.369162 -0.373033 0.290483 0.363818
-0.373871 0.261931 0.369356 -0.373052 0.289991 0.363915
-0.37391 0.260951 0.369549 -0.373091 0.289007 0.364108
-0.373949 0.25997 0.369743 -0.37311 0.288514 0.364205
-0.373987 0.25899 0.369936 -0.373168 0.287037 0.364496
-0.374026 0.25801 0.37013 -0.373226 0.285559 0.364786
-0.374065 0.257029 0.370323 -0.373245 0.285067 0.364883
-0.374103 0.256049 0.370517 -0.373284 0.284081 0.365077
-0.374142 0.255069 0.37071 -0.373323 0.283096 0.365271
-0.374181 0.254088 0.370904 -0.373361 0.282111 0.365465
-0.374219 0.253108 0.371097 -0.3734 0.281126 0.365658
-0.374258 0.252128 0.371291 -0.373439 0.280141 0.365852
-0.374297 0.251147 0.371484 -0.373477 0.279156 0.366046
-0.374336 0.250167 0.371678 -0.373516 0.27817 0.36624
-0.374374 0.249186 0.371871 -0.373555 0.277185 0.366434
-0.374413 0.248206 0.372065 -0.373594 0.276199 0.366628
-0.374452 0.247226 0.372258 -0.373632 0.275214 0.366822
-0.37449 0.246245 0.372452 -0.373671 0.274228 0.367016
-0.374529 0.245265 0.372645 -0.37371 0.273242 0.36721
-0.374568 0.244285 0.372839 -0.373749 0.272256 0.367404
-0.374606 0.243304 0.373032 -0.373788 0.27127 0.367598
-0.374645 0.242324 0.373226 -0.373826 0.270284 0.367792
-0.374684 0.241344 0.373419 -0.373865 0.269298 0.367986
-0.374722 0.240363 0.373612 -0.373904 0.268312 0.36818
-0.374761 0.239383 0.373806 -0.373943 0.267326 0.368374
-0.3748 0.238403 0.373999 -0.373982 0.26634 0.368568
-0.374839 0.237422 0.374193 -0.374021 0.265354 0.368762
-0.374877 0.236442 0.374386 -0.37406 0.264368 0.368956
-0.374916 0.235462 0.37458 -0.374098 0.263383 0.36915
-0.374955 0.234481 0.374773 -0.374137 0.262398 0.369343
-0.374993 0.233501 0.374967 -0.374176 0.261412 0.369537
-0.375032 0.232521 0.37516 -0.374215 0.260427 0.369731
-0.375071 0.23154 0.375354 -0.374254 0.259443 0.369925
-0.375109 0.23056 0.375547 -0.374293 0.258458 0.370119
-0.375148 0.22958 0.375741 -0.374331 0.257473 0.370312
-0.375187 0.228599 0.375934 -0.374351 0.256981 0.370409
-0.375226 0.227619 0.376128 -0.374409 0.255505 0.3707
-0.375264 0.226639 0.376321 -0.374448 0.254521 0.370894
-0.375303 0.225658 0.376515 -0.374487 0.253537 0.371087
-0.375342 0.224678 0.376708 -0.374525 0.252553 0.371281
-0.37538 0.223698 0.376902 -0.374564 0.25157 0.371474
-0.375419 0.222717 0.377095 -0.374603 0.250586 0.371668
-0.375458 0.221737 0.377289 -0.374642 0.249603 0.371861
-0.375496 0.220757 0.377482 -0.374681 0.24862 0.372055
-0.375535 0.219776 0.377676 -0.374719 0.247637 0.372248
-0.375574 0.218796 0.377869 -0.374758 0.246654 0.372442
-0.375613 0.217816 0.378063 -0.374797 0.245671 0.372635
-0.375651 0.216835 0.378256 -0.374836 0.244689 0.372828
-0.37569 0.215855 0.37845 -0.374874 0.243706 0.373022
-0.375729 0.214875 0.378643 -0.374913 0.242724 0.373215
-0.375767 0.213894 0.378837 -0.374952 0.241742 0.373408
-0.375806 0.212914 0.37903 -0.374991 0.24076 0.373602
-0.375845 0.211934 0.379224 -0.375029 0.239778 0.373795
-0.375883 0.210953 0.379417 -0.375068 0.238796 0.373988
-0.375922 0.209973 0.379611 -0.375107 0.237814 0.374181
-0.375961 0.208993 0.379804 -0.375146 0.236833 0.374375
-0.376 0.208012 0.379998 -0.375185 0.235851 0.374568
-0.376038 0.207032 0.380191 -0.375223 0.23487 0.374761
-0.376077 0.206052 0.380385 -0.375262 0.233889 0.374954
-0.376116 0.205071 0.380578 -0.375301 0.232907 0.375147
-0.376154 0.204091 0.380772 -0.37534 0.231926 0.37534
-0.376193 0.203111 0.380965 -0.375378 0.230945 0.375534
-0.376232 0.20213 0.381159 -0.375417 0.229964 0.375727
-0.37627 0.20115 0.381352 -0.375456 0.228983 0.37592
-0.376309 0.20017 0.381545 -0.375495 0.228002 0.376113
-0.376348 0.199189 0.381739 -0.375514 0.227511 0.376209
-0.376386 0.198209 0.381932 -0.375572 0.22604 0.376499
-0.376425 0.197229 0.382126 -0.375611 0.225059 0.376692
-0.376464 0.196248 0.382319 -0.37565 0.224078 0.376885
-0.376503 0.195268 0.382513 -0.375689 0.223095 0.377079
-0.376541 0.194287 0.382706 -0.375728 0.222113 0.377272
-0.37658 0.193307 0.3829 -0.375767 0.221131 0.377465
-0.376619 0.192327 0.383093 -0.375806 0.220149 0.377659
-0.376657 0.191346 0.383287 -0.375845 0.219168 0.377852
-0.376696 0.190366 0.38348 -0.375883 0.218186 0.378045
-0.376735 0.189386 0.383674 -0.375922 0.217205 0.378238
-0.376773 0.188405 0.383867 -0.375961 0.216224 0.378431
-0.376812 0.187425 0.384061 -0.376 0.215243 0.378624
-0.376851 0.186445 0.384254 -0.376039 0.214262 0.378817
-0.37689 0.185464 0.384448 -0.376077 0.213282 0.37901
-0.376928 0.184484 0.384641 -0.376116 0.212301 0.379203
-0.376967 0.183504 0.384835 -0.376155 0.211321 0.379396
-0.377006 0.182523 0.385028 -0.376194 0.210341 0.379589
-0.377044 0.181543 0.385222 -0.376233 0.209361 0.379782
-0.377083 0.180563 0.385415 -0.376271 0.208381 0.379975
-0.377122 0.179582 0.385609 -0.37631 0.207401 0.380168
-0.37716 0.178602 0.385802 -0.376349 0.206421 0.380361
-0.377199 0.177622 0.385996 -0.376388 0.205441 0.380554
-0.377238 0.176641 0.386189 -0.376426 0.204461 0.380747
-0.377277 0.175661 0.386383 -0.376465 0.203481 0.38094
-0.377315 0.174681 0.386576 -0.376504 0.202501 0.381133
-0.377354 0.1737 0.38677 -0.376543 0.201521 0.381326
-0.377393 0.17272 0.386963 -0.376581 0.200542 0.381518
-0.377431 0.17174 0.387157 -0.37662 0.199562 0.381711
-0.37747 0.170759 0.38735 -0.376659 0.198582 0.381904
-0.377509 0.169779 0.387544 -0.376698 0.197602 0.382097
-0.377547 0.168799 0.387737 -0.376736 0.196623 0.38229
-0.377586 0.167818 0.387931 -0.376775 0.195643 0.382483
-0.377625 0.166838 0.388124 -0.376814 0.194663 0.382676
-0.377664 0.165858 0.388318 -0.376853 0.193684 0.382869
-0.377702 0.164877 0.388511 -0.376891 0.192704 0.383061
-0.377741 0.163897 0.388705 -0.37693 0.191724 0.383254
-0.37778 0.162917 0.388898 -0.376969 0.190745 0.383447
-0.377818 0.161936 0.389092 -0.377008 0.189765 0.38364
-0.377857 0.160956 0.389285 -0.377046 0.188785 0.383833
-0.377896 0.159976 0.389478 -0.377085 0.187805 0.384026
-0.377934 0.158995 0.389672 -0.377124 0.186826 0.384219
-0.377973 0.158015 0.389865 -0.377163 0.185846 0.384412
-0.378012 0.157035 0.390059 -0.377201 0.184866 0.384604
-0.37805 0.156054 0.390252 -0.37724 0.183886 0.384797
-0.378089 0.155074 0.390446 -0.377279 0.182907 0.38499
-0.378128 0.154094 0.390639 -0.377318 0.181927 0.385183
-0.378167 0.153113 0.390833 -0.377376 0.180457 0.385472
-0.378205 0.152133 0.391026 -0.377415 0.179478 0.385665
-0.378244 0.151153 0.39122 -0.377453 0.178498 0.385858
-0.378283 0.150172 0.391413 -0.377473 0.178008 0.385955
-0.378321 0.149192 0.391607 -0.377531 0.176539 0.386244
-0.37836 0.148212 0.3918 -0.37757 0.17556 0.386437
-0.378399 0.147231 0.391994 -0.377589 0.175071 0.386533
-0.378437 0.146251 0.392187 -0.377628 0.174092 0.386726
-0.378476 0.145271 0.392381 -0.377666 0.173113 0.386918
-0.378515 0.14429 0.392574 -0.377705 0.172134 0.387111
-0.378554 0.14331 0.392768 -0.377763 0.170666 0.3874
-0.378592 0.14233 0.392961 -0.377782 0.170177 0.387497
-0.378631 0.141349 0.393155 -0.377821 0.169198 0.387689
-0.37867 0.140369 0.393348 -0.37786 0.16822 0.387882
-0.378708 0.139388 0.393542 -0.377898 0.167241 0.388075
-0.378747 0.138408 0.393735 -0.377937 0.166262 0.388267
-0.378786 0.137428 0.393929 -0.377976 0.165284 0.38846
-0.378824 0.136447 0.394122 -0.378014 0.164305 0.388653
-0.378863 0.135467 0.394316 -0.378053 0.163326 0.388845
-0.378902 0.134487 0.394509 -0.378092 0.162348 0.389038
-0.378941 0.133506 0.394703 -0.37813 0.161369 0.389231
-0.378979 0.132526 0.394896 -0.378169 0.16039 0.389424
-0.379018 0.131546 0.39509 -0.378208 0.159411 0.389616
-0.379057 0.130565 0.395283 -0.378247 0.158432 0.389809
-0.379095 0.129585 0.395477 -0.378285 0.157453 0.390002
-0.379134 0.128605 0.39567 -0.378324 0.156474 0.390195
-0.379173 0.127624 0.395864 -0.378363 0.155494 0.390388
-0.379211 0.126644 0.396057 -0.378402 0.154515 0.390581
-0.37925 0.125664 0.396251 -0.37844 0.153535 0.390774
-0.379289 0.124683 0.396444 -0.378479 0.152556 0.390967
-0.379328 0.123703 0.396638 -0.378518 0.151576 0.391159
-0.379366 0.122723 0.396831 -0.378557 0.150596 0.391352
-0.379405 0.121742 0.397025 -0.378595 0.149617 0.391545
-0.379444 0.120762 0.397218 -0.378634 0.148637 0.391738
-0.379482 0.119782 0.397412 -0.378673 0.147657 0.391931
-0.379521 0.118801 0.397605 -0.378712 0.146678 0.392124
-0.37956 0.117821 0.397798 -0.37875 0.145698 0.392317
-0.379598 0.116841 0.397992 -0.37877 0.145208 0.392414
-0.379637 0.11586 0.398185 -0.378828 0.143739 0.392703
-0.379676 0.11488 0.398379 -0.378867 0.142758 0.392896
-0.379714 0.1139 0.398572 -0.378906 0.141777 0.393089
-0.379753 0.112919 0.398766 -0.378945 0.140796 0.393283
-0.379792 0.111939 0.398959 -0.378984 0.139814 0.393476
-0.379831 0.110959 0.399153 -0.379022 0.138833 0.393669
-0.379869 0.109978 0.399346 -0.379061 0.137851 0.393863
-0.379908 0.108998 0.39954 -0.3791 0.13687 0.394056
-0.379947 0.108018 0.399733 -0.379139 0.135889 0.394249
-0.379985 0.107037 0.399927 -0.379178 0.134909 0.394442
-0.380024 0.106057 0.40012 -0.379216 0.133928 0.394636
-0.380063 0.105077 0.400314 -0.379255 0.132948 0.394829
-0.380101 0.104096 0.400507 -0.379294 0.131967 0.395022
-0.38014 0.103116 0.400701 -0.379333 0.130987 0.395215
-0.380179 0.102136 0.400894 -0.379371 0.130007 0.395408
-0.380218 0.101155 0.401088 -0.37941 0.129027 0.395601
-0.380256 0.100175 0.401281 -0.379449 0.128047 0.395794
-0.380295 0.0991946 0.401475 -0.379487 0.127067 0.395987
-0.380334 0.0982143 0.401668 -0.379526 0.126087 0.39618
-0.380372 0.0972339 0.401862 -0.379565 0.125107 0.396373
-0.380411 0.0962536 0.402055 -0.379604 0.124127 0.396566
-0.38045 0.0952732 0.402249 -0.379642 0.123147 0.396759
-0.380488 0.0942929 0.402442 -0.379681 0.122167 0.396952
-0.380527 0.0933126 0.402636 -0.37972 0.121187 0.397146
-0.380566 0.0923322 0.402829 -0.379758 0.120207 0.397339
-0.380605 0.0913519 0.403023 -0.379797 0.119227 0.397532
-0.380643 0.0903715 0.403216 -0.379836 0.118247 0.397725
-0.380682 0.0893912 0.40341 -0.379874 0.117268 0.397918
-0.380721 0.0884109 0.403603 -0.379913 0.116288 0.398111
-0.380759 0.0874305 0.403797 -0.379952 0.115308 0.398304
-0.380798 0.0864502 0.40399 -0.37999 0.114328 0.398497
-0.380837 0.0854698 0.404184 -0.380029 0.113348 0.39869
-0.380875 0.0844895 0.404377 -0.380068 0.112368 0.398883
-0.380914 0.0835092 0.404571 -0.380107 0.111388 0.399076
-0.380953 0.0825288 0.404764 -0.380145 0.110408 0.39927
-0.380992 0.0815485 0.404958 -0.380184 0.109428 0.399463
-0.38103 0.0805681 0.405151 -0.380223 0.108448 0.399656
-0.381069 0.0795878 0.405345 -0.380261 0.107468 0.399849
-0.381108 0.0786075 0.405538 -0.3803 0.106488 0.400042
-0.381146 0.0776271 0.405731 -0.380339 0.105508 0.400235
-0.381185 0.0766468 0.405925 -0.380377 0.104529 0.400428
-0.381224 0.0756665 0.406118 -0.380416 0.103549 0.400621
-0.381262 0.0746861 0.406312 -0.380455 0.102569 0.400814
-0.381301 0.0737058 0.406505 -0.380474 0.102079 0.400911
-0.38134 0.0727254 0.406699 -0.380532 0.100609 0.401201
-0.381378 0.0717451 0.406892 -0.380571 0.0996296 0.401394
-0.381417 0.0707648 0.407086 -0.38059 0.0991397 0.40149
-0.381456 0.0697844 0.407279 -0.380648 0.0976701 0.40178
-0.381495 0.0688041 0.407473 -0.380687 0.0966903 0.401973
-0.381533 0.0678237 0.407666 -0.380725 0.0957106 0.402166
-0.381572 0.0668434 0.40786 -0.380764 0.0947308 0.402359
-0.381611 0.0658631 0.408053 -0.380803 0.093751 0.402553
-0.381649 0.0648827 0.408247 -0.380841 0.0927713 0.402746
-0.381688 0.0639024 0.40844 -0.380899 0.091302 0.403035
-0.381727 0.062922 0.408634 -0.380919 0.0908124 0.403132
-0.381765 0.0619417 0.408827 -0.380957 0.0898334 0.403325
-0.381804 0.0609614 0.409021 -0.380996 0.0888546 0.403518
-0.381843 0.059981 0.409214 -0.381034 0.0878759 0.403711
-0.381882 0.0590007 0.409408 -0.381073 0.0868973 0.403904
-0.38192 0.0580203 0.409601 -0.381112 0.0859188 0.404097
-0.381959 0.05704 0.409795 -0.381131 0.0854296 0.404193
-0.381998 0.0560597 0.409988 -0.381208 0.0834729 0.404579
-0.382036 0.0550793 0.410182 -0.381227 0.0829837 0.404675
-0.382075 0.054099 0.410375 -0.381285 0.0815167 0.404965
-0.382114 0.0531187 0.410569 -0.381304 0.081028 0.405061
-0.382152 0.0521383 0.410762 -0.381362 0.0795622 0.40535
-0.382191 0.051158 0.410956 -0.381381 0.0790735 0.405446
-0.38223 0.0501776 0.411149 -0.38142 0.0780962 0.405639
-0.382269 0.0491973 0.411343 -0.381458 0.0771188 0.405832
-0.382307 0.048217 0.411536 -0.381497 0.0761415 0.406025
-0.382346 0.0472366 0.41173 -0.381535 0.0751638 0.406217
-0.382385 0.0462563 0.411923 -0.381574 0.0741861 0.40641
-0.382423 0.0452759 0.412117 -0.381612 0.0732087 0.406603
-0.382462 0.0442956 0.41231 -0.381651 0.0722315 0.406796
-0.382501 0.0433153 0.412504 -0.381689 0.071254 0.406988
-0.382539 0.0423349 0.412697 -0.381728 0.0702762 0.407181
-0.382578 0.0413546 0.412891 -0.381767 0.0692979 0.407374
-0.382617 0.0403742 0.413084 -0.381805 0.0683193 0.407567
-0.382656 0.0393939 0.413278 -0.381844 0.0673405 0.40776
-0.382694 0.0384136 0.413471 -0.381883 0.0663613 0.407954
-0.382733 0.0374332 0.413664 -0.381921 0.0653819 0.408147
-0.382772 0.0364529 0.413858 -0.38196 0.0644023 0.40834
-0.38281 0.0354725 0.414051 -0.381999 0.0634225 0.408533
-0.382849 0.0344922 0.414245 -0.382037 0.0624425 0.408727
-0.382888 0.0335119 0.414438 -0.382076 0.0614624 0.40892
-0.382926 0.0325315 0.414632 -0.382115 0.0604821 0.409113
-0.382965 0.0315512 0.414825 -0.382154 0.0595018 0.409307
-0.383004 0.0305709 0.415019 -0.382193 0.0585214 0.4095
-0.383042 0.0295905 0.415212 -0.382231 0.0575409 0.409694
-0.383081 0.0286102 0.415406 -0.38227 0.0565605 0.409887
-0.38312 0.0276298 0.415599 -0.382309 0.0555799 0.41008
-0.383159 0.0266495 0.415793 -0.382348 0.0545994 0.410274
-0.383197 0.0256692 0.415986 -0.382386 0.0536188 0.410467
-0.383236 0.0246888 0.41618 -0.382425 0.0526381 0.410661
-0.383275 0.0237085 0.416373 -0.382464 0.0516574 0.410854
-0.383313 0.0227281 0.416567 -0.382502 0.0506767 0.411048
-0.383352 0.0217478 0.41676 -0.382541 0.049696 0.411241
-0.383391 0.0207675 0.416954 -0.38258 0.0487153 0.411435
-0.383429 0.0197871 0.417147 -0.382619 0.0477346 0.411628
-0.383468 0.0188068 0.417341 -0.382638 0.0472443 0.411725
-0.383507 0.0178264 0.417534 -0.382696 0.0457732 0.412016
-0.383546 0.0168461 0.417728 -0.382735 0.0447922 0.412209
-0.383584 0.0158658 0.417921 -0.382774 0.0438102 0.412403
-0.383623 0.0148854 0.418115 -0.382812 0.0428274 0.412597
-0.383662 0.0139051 0.418308 -0.382851 0.0418446 0.412791
-0.3837 0.0129247 0.418502 -0.38289 0.040862 0.412985
-0.383739 0.0119444 0.418695 -0.382929 0.0398798 0.413179
-0.383778 0.0109641 0.418889 -0.382968 0.0388978 0.413372
-0.383816 0.00998373 0.419082 -0.383006 0.0379161 0.413566
-0.383855 0.00900339 0.419276 -0.383045 0.0369346 0.41376
-0.383894 0.00802305 0.419469 -0.383084 0.0359533 0.413954
-0.383933 0.00704271 0.419663 -0.383122 0.0349722 0.414147
-0.383971 0.00606237 0.419856 -0.383161 0.0339913 0.414341
-0.38401 0.00508203 0.42005 -0.3832 0.0330106 0.414535
-0.384049 0.00410169 0.420243 -0.383219 0.0325202 0.414631
-0.384087 0.00312135 0.420437 -0.383277 0.0310507 0.414921
-0.384126 0.00214102 0.42063 -0.383315 0.0300748 0.415114
-0.384165 0.00116068 0.420824 -0.383353 0.0291019 0.415306
-0.384203 0.000180337 0.421017 -0.383391 0.0281293 0.415498
-0.384242 -0.000800002 0.421211 -0.383429 0.0271558 0.41569
-0.384281 -0.00178034 0.421404 -0.383467 0.0261815 0.415883
-0.38432 -0.00276068 0.421598 -0.383505 0.0252065 0.416075
-0.384358 -0.00374102 0.421791 -0.383543 0.0242308 0.416268
-0.384397 -0.00472136 0.421984 -0.383562 0.0237427 0.416364
-0.384436 -0.0057017 0.422178 -0.38362 0.0222777 0.416653
-0.384474 -0.00668204 0.422371 -0.383658 0.0213003 0.416846
-0.384513 -0.00766238 0.422565 -0.383697 0.0203225 0.41704
-0.384552 -0.00864272 0.422758 -0.383735 0.0193443 0.417233
-0.38459 -0.00962305 0.422952 -0.383774 0.0183657 0.417426
-0.384629 -0.0106034 0.423145 -0.383813 0.0173868 0.417619
-0.384668 -0.0115837 0.423339 -0.383851 0.0164076 0.417813
-0.384706 -0.0125641 0.423532 -0.38389 0.0154282 0.418006
-0.384745 -0.0135444 0.423726 -0.383929 0.0144485 0.418199
-0.384784 -0.0145248 0.423919 -0.383967 0.0134685 0.418393
-0.384823 -0.0155051 0.424113 -0.384006 0.0124885 0.418587
-0.384861 -0.0164854 0.424306 -0.384045 0.0115082 0.41878
-0.3849 -0.0174658 0.4245 -0.384084 0.0105278 0.418974
-0.384939 -0.0184461 0.424693 -0.384122 0.00954731 0.419167
-0.384977 -0.0194264 0.424887 -0.384161 0.0085667 0.419361
-0.385016 -0.0204068 0.42508 -0.3842 0.00758601 0.419555
-0.385055 -0.0213871 0.425274 -0.384238 0.00660524 0.419749
-0.385093 -0.0223675 0.425467 -0.384277 0.00562442 0.419942
-0.385132 -0.0233478 0.425661 -0.384316 0.00464356 0.420136
-0.385171 -0.0243281 0.425854 -0.384355 0.00366266 0.42033
-0.38521 -0.0253085 0.426048 -0.384393 0.00268174 0.420524
-0.385248 -0.0262888 0.426241 -0.384432 0.00170079 0.420717
-0.385287 -0.0272692 0.426435 -0.384471 0.000719844 0.420911
-0.385326 -0.0282495 0.426628 -0.384509 -0.000261109 0.421105
-0.385364 -0.0292298 0.426822 -0.384548 -0.00124206 0.421299
-0.385403 -0.0302102 0.427015 -0.384587 -0.002223 0.421492
-0.385442 -0.0311905 0.427209 -0.384625 -0.00320392 0.421686
-0.38548 -0.0321709 0.427402 -0.384664 -0.00418483 0.42188
-0.385519 -0.0331512 0.427596 -0.384703 -0.00516572 0.422074
-0.385558 -0.0341315 0.427789 -0.384741 -0.00614658 0.422268
-0.385597 -0.0351119 0.427983 -0.38478 -0.00712741 0.422461
-0.385635 -0.0360922 0.428176 -0.384818 -0.00810822 0.422655
-0.385674 -0.0370726 0.42837 -0.384857 -0.009089 0.422849
-0.385713 -0.0380529 0.428563 -0.384896 -0.0100698 0.423043
-0.385751 -0.0390332 0.428757 -0.384934 -0.0110506 0.423237
-0.38579 -0.0400136 0.42895 -0.384973 -0.0120314 0.42343
-0.385829 -0.0409939 0.429144 -0.385011 -0.0130122 0.423624
-0.385867 -0.0419742 0.429337 -0.38505 -0.013993 0.423818
-0.385906 -0.0429546 0.429531 -0.385089 -0.0149737 0.424012
-0.385945 -0.0439349 0.429724 -0.385127 -0.0159532 0.424205
-0.385983 -0.0449153 0.429917 -0.385165 -0.0169294 0.424398
-0.386022 -0.0458956 0.430111 -0.385203 -0.0179026 0.424591
-0.386061 -0.0468759 0.430304 -0.385241 -0.0188757 0.424783
-0.3861 -0.0478563 0.430498 -0.385279 -0.0198496 0.424975
-0.386138 -0.0488366 0.430691 -0.385317 -0.0208244 0.425168
-0.386177 -0.049817 0.430885 -0.385355 -0.0218 0.425361
-0.386216 -0.0507973 0.431078 -0.385393 -0.0227762 0.425554
-0.386254 -0.0517776 0.431272 -0.385432 -0.0237531 0.425747
-0.386293 -0.052758 0.431465 -0.38547 -0.0247305 0.42594
-0.386332 -0.0537383 0.431659 -0.385509 -0.0257085 0.426133
-0.38637 -0.0547187 0.431852 -0.385547 -0.0266869 0.426327
-0.386409 -0.055699 0.432046 -0.385586 -0.0276657 0.42652
-0.386448 -0.0566793 0.432239 -0.385624 -0.0286449 0.426714
-0.386487 -0.0576597 0.432433 -0.385663 -0.0296245 0.426907
-0.386525 -0.05864 0.432626 -0.385701 -0.0306043 0.427101
-0.386564 -0.0596204 0.43282 -0.38574 -0.0315844 0.427295
-0.386603 -0.0606007 0.433013 -0.385779 -0.0325648 0.427488
-0.386641 -0.061581 0.433207 -0.385817 -0.0335453 0.427682
-0.38668 -0.0625614 0.4334 -0.385856 -0.034526 0.427876
-0.386719 -0.0635417 0.433594 -0.385895 -0.0355069 0.42807
-0.386757 -0.064522 0.433787 -0.385933 -0.0364879 0.428264
-0.386796 -0.0655024 0.433981 -0.385972 -0.0374678 0.428458
-0.386835 -0.0664827 0.434174 -0.38601 -0.0384446 0.428651
-0.386874 -0.0674631 0.434368 -0.386048 -0.0394186 0.428843
-0.386912 -0.0684434 0.434561 -0.386086 -0.0403925 0.429036
-0.386951 -0.0694237 0.434755 -0.386124 -0.0413674 0.429228
-0.38699 -0.0704041 0.434948 -0.386163 -0.0423431 0.429421
-0.387028 -0.0713844 0.435142 -0.386201 -0.0433197 0.429614
-0.387067 -0.0723648 0.435335 -0.386239 -0.0442971 0.429808
-0.387106 -0.0733451 0.435529 -0.386278 -0.045275 0.430001
-0.387144 -0.0743254 0.435722 -0.386316 -0.0462535 0.430194
-0.387183 -0.0753058 0.435916 -0.386355 -0.0472323 0.430388
-0.387222 -0.0762861 0.436109 -0.386393 -0.0482116 0.430582
-0.387261 -0.0772665 0.436303 -0.386432 -0.0491914 0.430775
-0.387299 -0.0782468 0.436496 -0.386451 -0.0496814 0.430872
-0.387338 -0.0792271 0.43669 -0.386509 -0.051152 0.431163
-0.387377 -0.0802075 0.436883 -0.386548 -0.0521329 0.431357
-0.387415 -0.0811878 0.437077 -0.386586 -0.053114 0.431551
-0.387454 -0.0821682 0.43727 -0.386625 -0.0540954 0.431745
-0.387493 -0.0831485 0.437464 -0.386664 -0.055077 0.431939
-0.387531 -0.0841288 0.437657 -0.386703 -0.0560587 0.432133
-0.38757 -0.0851092 0.43785 -0.386741 -0.0570406 0.432327
-0.387609 -0.0860895 0.438044 -0.38678 -0.0580226 0.432522
-0.387647 -0.0870698 0.438237 -0.386819 -0.0590047 0.432716
-0.387686 -0.0880502 0.438431 -0.386857 -0.0599869 0.43291
-0.387725 -0.0890305 0.438624 -0.386896 -0.0609691 0.433104
-0.387764 -0.0900109 0.438818 -0.386935 -0.0619514 0.433298
-0.387802 -0.0909912 0.439011 -0.386973 -0.0629337 0.433493
-0.387841 -0.0919715 0.439205 -0.387012 -0.063916 0.433687
-0.38788 -0.0929519 0.439398 -0.387051 -0.0648983 0.433881
-0.387918 -0.0939322 0.439592 -0.387089 -0.0658806 0.434075
-0.387957 -0.0949126 0.439785 -0.387128 -0.0668628 0.43427
-0.387996 -0.0958929 0.439979 -0.387166 -0.067845 0.434464
-0.388034 -0.0968732 0.440172 -0.387205 -0.068827 0.434658
-0.388073 -0.0978536 0.440366 -0.387244 -0.0698088 0.434852
-0.388112 -0.0988339 0.440559 -0.387282 -0.0707902 0.435046
-0.388151 -0.0998143 0.440753 -0.387321 -0.0717717 0.435241
-0.388189 -0.100795 0.440946 -0.387359 -0.0727531 0.435435
-0.388228 -0.101775 0.44114 -0.387398 -0.0737345 0.435629
-0.388267 -0.102755 0.441333 -0.387436 -0.074716 0.435823
-0.388305 -0.103736 0.441527 -0.387475 -0.0756974 0.436017
-0.388344 -0.104716 0.44172 -0.387513 -0.0766787 0.436211
-0.388383 -0.105696 0.441914 -0.387552 -0.0776597 0.436405
-0.388421 -0.106677 0.442107 -0.38759 -0.0786404 0.436599
-0.38846 -0.107657 0.442301 -0.387628 -0.079621 0.436793
-0.388499 -0.108637 0.442494 -0.387667 -0.0806017 0.436987
-0.388538 -0.109618 0.442688 -0.387705 -0.0815825 0.437181
-0.388576 -0.110598 0.442881 -0.387744 -0.0825633 0.437375
-0.388615 -0.111578 0.443075 -0.387782 -0.0835442 0.437569
-0.388654 -0.112559 0.443268 -0.38782 -0.084525 0.437763
-0.388692 -0.113539 0.443462 -0.387859 -0.0855055 0.437957
-0.388731 -0.114519 0.443655 -0.387897 -0.0864857 0.438151
-0.38877 -0.1155 0.443849 -0.387936 -0.0874659 0.438345
-0.388808 -0.11648 0.444042 -0.387974 -0.0884463 0.438538
-0.388847 -0.11746 0.444236 -0.388012 -0.0894267 0.438732
-0.388886 -0.118441 0.444429 -0.388051 -0.0904072 0.438926
-0.388925 -0.119421 0.444623 -0.388089 -0.0913878 0.43912
-0.388963 -0.120401 0.444816 -0.388128 -0.0923685 0.439314
-0.389002 -0.121382 0.44501 -0.388166 -0.0933491 0.439508
-0.389041 -0.122362 0.445203 -0.388205 -0.0943299 0.439702
-0.389079 -0.123342 0.445397 -0.388243 -0.0953106 0.439896
-0.389118 -0.124323 0.44559 -0.388281 -0.0962914 0.44009
-0.389157 -0.125303 0.445784 -0.38832 -0.0972723 0.440284
-0.389195 -0.126283 0.445977 -0.388358 -0.0982531 0.440478
-0.389234 -0.127264 0.44617 -0.388397 -0.0992339 0.440672
-0.389273 -0.128244 0.446364 -0.388435 -0.100215 0.440866
-0.389311 -0.129224 0.446557 -0.388474 -0.101196 0.44106
-0.38935 -0.130205 0.446751 -0.388512 -0.102177 0.441254
-0.389389 -0.131185 0.446944 -0.38855 -0.103157 0.441448
-0.389428 -0.132165 0.447138 -0.388589 -0.104138 0.441642
-0.389466 -0.133146 0.447331 -0.388627 -0.105119 0.441837
-0.389505 -0.134126 0.447525 -0.388666 -0.1061 0.442031
-0.389544 -0.135106 0.447718 -0.388704 -0.107081 0.442225
-0.389582 -0.136087 0.447912 -0.388743 -0.108062 0.442419
-0.389621 -0.137067 0.448105 -0.388781 -0.109042 0.442613
-0.38966 -0.138047 0.448299 -0.388819 -0.110023 0.442807
-0.389698 -0.139028 0.448492 -0.388858 -0.111004 0.443001
-0.389737 -0.140008 0.448686 -0.388896 -0.111985 0.443195
-0.389776 -0.140989 0.448879 -0.388935 -0.112965 0.443389
-0.389815 -0.141969 0.449073 -0.388973 -0.113946 0.443583
-0.389853 -0.142949 0.449266 -0.389012 -0.114927 0.443777
-0.389892 -0.14393 0.44946 -0.38905 -0.115908 0.443971
-0.389931 -0.14491 0.449653 -0.389088 -0.116888 0.444165
-0.389969 -0.14589 0.449847 -0.389127 -0.117869 0.444359
-0.390008 -0.146871 0.45004 -0.389165 -0.118849 0.444553
-0.390047 -0.147851 0.450234 -0.389203 -0.11983 0.444747
-0.390085 -0.148831 0.450427 -0.389242 -0.120811 0.444941
-0.390124 -0.149812 0.450621 -0.38928 -0.121791 0.445135
-0.390163 -0.150792 0.450814 -0.389319 -0.122772 0.445329
-0.390202 -0.151772 0.451008 -0.389357 -0.123752 0.445523
-0.39024 -0.152753 0.451201 -0.389395 -0.124733 0.445717
-0.390279 -0.153733 0.451395 -0.389434 -0.125713 0.445911
-0.390318 -0.154713 0.451588 -0.389472 -0.126694 0.446104
-0.390356 -0.155694 0.451782 -0.389511 -0.127674 0.446298
-0.390395 -0.156674 0.451975 -0.389549 -0.128655 0.446492
-0.390434 -0.157654 0.452169 -0.389587 -0.129635 0.446686
-0.390472 -0.158635 0.452362 -0.389626 -0.130616 0.44688
-0.390511 -0.159615 0.452556 -0.389664 -0.131596 0.447074
-0.39055 -0.160595 0.452749 -0.389702 -0.132577 0.447268
-0.390589 -0.161576 0.452943 -0.389741 -0.133557 0.447462
-0.390627 -0.162556 0.453136 -0.389779 -0.134537 0.447656
-0.390666 -0.163536 0.45333 -0.389818 -0.135518 0.44785
-0.390705 -0.164517 0.453523 -0.389856 -0.136498 0.448044
-0.390743 -0.165497 0.453717 -0.389894 -0.137479 0.448238
-0.390782 -0.166477 0.45391 -0.389933 -0.138459 0.448432
-0.390821 -0.167458 0.454103 -0.389971 -0.139439 0.448626
-0.390859 -0.168438 0.454297 -0.390009 -0.14042 0.44882
-0.390898 -0.169418 0.45449 -0.390048 -0.1414 0.449014
-0.390937 -0.170399 0.454684 -0.390086 -0.14238 0.449208
-0.390975 -0.171379 0.454877 -0.390124 -0.143361 0.449402
-0.391014 -0.172359 0.455071 -0.390163 -0.144341 0.449596
-0.391053 -0.17334 0.455264 -0.390201 -0.145321 0.44979
-0.391092 -0.17432 0.455458 -0.390239 -0.146302 0.449983
-0.39113 -0.1753 0.455651 -0.390278 -0.147282 0.450177
-0.391169 -0.176281 0.455845 -0.390316 -0.148262 0.450371
-0.391208 -0.177261 0.456038 -0.390355 -0.149243 0.450565
-0.391246 -0.178241 0.456232 -0.390393 -0.150223 0.450759
-0.391285 -0.179222 0.456425 -0.390431 -0.151203 0.450953
-0.391324 -0.180202 0.456619 -0.39047 -0.152184 0.451147
-0.391362 -0.181182 0.456812 -0.390508 -0.153164 0.451341
-0.391401 -0.182163 0.457006 -0.390546 -0.154144 0.451535
-0.39144 -0.183143 0.457199 -0.390585 -0.155125 0.451729
-0.391479 -0.184123 0.457393 -0.390623 -0.156105 0.451923
-0.391517 -0.185104 0.457586 -0.390661 -0.157085 0.452117
-0.391556 -0.186084 0.45778 -0.3907 -0.158066 0.452311
-0.391595 -0.187064 0.457973 -0.390738 -0.159046 0.452505
-0.391633 -0.188045 0.458167 -0.390776 -0.160026 0.452699
-0.391672 -0.189025 0.45836 -0.390815 -0.161007 0.452892
-0.391711 -0.190005 0.458554 -0.390853 -0.161987 0.453086
-0.391749 -0.190986 0.458747 -0.390891 -0.162967 0.45328
-0.391788 -0.191966 0.458941 -0.39093 -0.163948 0.453474
-0.391827 -0.192946 0.459134 -0.390968 -0.164928 0.453668
-0.391866 -0.193927 0.459328 -0.391007 -0.165908 0.453862
-0.391904 -0.194907 0.459521 -0.391045 -0.166889 0.454056
-0.391943 -0.195887 0.459715 -0.391083 -0.167869 0.45425
-0.391982 -0.196868 0.459908 -0.391122 -0.168849 0.454444
-0.39202 -0.197848 0.460102 -0.39116 -0.16983 0.454638
-0.392059 -0.198829 0.460295 -0.391198 -0.17081 0.454832
-0.392098 -0.199809 0.460489 -0.391237 -0.17179 0.455026
-0.392136 -0.200789 0.460682 -0.391275 -0.172771 0.45522
-0.392175 -0.20177 0.460876 -0.391313 -0.173751 0.455414
-0.392214 -0.20275 0.461069 -0.391352 -0.174731 0.455608
-0.392253 -0.20373 0.461263 -0.39139 -0.175712 0.455801
-0.392291 -0.204711 0.461456 -0.391428 -0.176692 0.455995
-0.39233 -0.205691 0.46165 -0.391467 -0.177672 0.456189
-0.392369 -0.206671 0.461843 -0.391505 -0.178653 0.456383
-0.392407 -0.207652 0.462036 -0.391543 -0.179633 0.456577
-0.392446 -0.208632 0.46223 -0.391582 -0.180614 0.456771
-0.392485 -0.209612 0.462423 -0.39162 -0.181594 0.456965
-0.392523 -0.210593 0.462617 -0.391658 -0.182574 0.457159
-0.392562 -0.211573 0.46281 -0.391697 -0.183555 0.457353
-0.392601 -0.212553 0.463004 -0.391735 -0.184535 0.457547
-0.392639 -0.213534 0.463197 -0.391773 -0.185515 0.457741
-0.392678 -0.214514 0.463391 -0.391812 -0.186496 0.457935
-0.392717 -0.215494 0.463584 -0.391869 -0.187966 0.458226
-0.392756 -0.216475 0.463778 -0.391888 -0.188456 0.458322
-0.392794 -0.217455 0.463971 -0.391927 -0.189437 0.458516
-0.392833 -0.218435 0.464165 -0.391965 -0.190417 0.45871
-0.392872 -0.219416 0.464358 -0.392003 -0.191397 0.458904
-0.39291 -0.220396 0.464552 -0.392042 -0.192377 0.459098
-0.392949 -0.221376 0.464745 -0.39208 -0.193358 0.459292
-0.392988 -0.222357 0.464939 -0.392118 -0.194338 0.459486
-0.393026 -0.223337 0.465132 -0.392157 -0.195318 0.45968
-0.393065 -0.224317 0.465326 -0.392195 -0.196298 0.459874
-0.393104 -0.225298 0.465519 -0.392233 -0.197279 0.460068
-0.393143 -0.226278 0.465713 -0.392272 -0.198259 0.460261
-0.393181 -0.227258 0.465906 -0.39231 -0.199239 0.460455
-0.39322 -0.228239 0.4661 -0.392348 -0.200219 0.460649
-0.393259 -0.229219 0.466293 -0.392387 -0.201199 0.460843
-0.393297 -0.230199 0.466487 -0.392425 -0.20218 0.461037
-0.393336 -0.23118 0.46668 -0.392463 -0.20316 0.461231
-0.393375 -0.23216 0.466874 -0.392502 -0.20414 0.461425
-0.393413 -0.23314 0.467067 -0.39254 -0.20512 0.461619
-0.393452 -0.234121 0.467261 -0.392578 -0.206101 0.461813
-0.393491 -0.235101 0.467454 -0.392617 -0.207081 0.462006
-0.39353 -0.236081 0.467648 -0.392655 -0.208061 0.4622
-0.393568 -0.237062 0.467841 -0.392693 -0.209041 0.462394
-0.393607 -0.238042 0.468035 -0.392732 -0.210022 0.462588
-0.393646 -0.239022 0.468228 -0.39277 -0.211002 0.462782
-0.393684 -0.240003 0.468422 -0.392808 -0.211982 0.462976
-0.393723 -0.240983 0.468615 -0.392847 -0.212963 0.46317
-0.393762 -0.241963 0.468809 -0.392885 -0.213943 0.463364
-0.3938 -0.242944 0.469002 -0.392924 -0.214924 0.463558
-0.393839 -0.243924 0.469196 -0.392962 -0.215904 0.463752
-0.393878 -0.244904 0.469389 -0.393 -0.216884 0.463945
-0.393917 -0.245885 0.469583 -0.393039 -0.217865 0.464139
-0.393955 -0.246865 0.469776 -0.393077 -0.218845 0.464333
-0.393994 -0.247845 0.46997 -0.393115 -0.219825 0.464527
-0.394033 -0.248826 0.470163 -0.393154 -0.220806 0.464721
-0.394071 -0.249806 0.470356 -0.393192 -0.221786 0.464915
-0.39411 -0.250786 0.47055 -0.39323 -0.222766 0.465109
-0.394149 -0.251767 0.470743 -0.393269 -0.223747 0.465303
-0.394187 -0.252747 0.470937 -0.393307 -0.224727 0.465497
-0.394226 -0.253728 0.47113 -0.393345 -0.225707 0.46569
-0.394265 -0.254708 0.471324 -0.393384 -0.226688 0.465884
-0.394303 -0.255688 0.471517 -0.393422 -0.227668 0.466078
-0.394342 -0.256669 0.471711 -0.39346 -0.228649 0.466272
-0.394381 -0.257649 0.471904 -0.393499 -0.22963 0.466466
-0.39442 -0.258629 0.472098 -0.393537 -0.23061 0.46666
-0.394458 -0.25961 0.472291 -0.393575 -0.231591 0.466854
-0.394497 -0.26059 0.472485 -0.393614 -0.232572 0.467048
-0.394536 -0.26157 0.472678 -0.393652 -0.233552 0.467242
-0.394574 -0.262551 0.472872 -0.393691 -0.234533 0.467436
-0.394613 -0.263531 0.473065 -0.393729 -0.235514 0.46763
-0.394652 -0.264511 0.473259 -0.393767 -0.236494 0.467824
-0.39469 -0.265492 0.473452 -0.393806 -0.237475 0.468018
-0.394729 -0.266472 0.473646 -0.393844 -0.238456 0.468212
-0.394768 -0.267452 0.473839 -0.393882 -0.239437 0.468406
-0.394807 -0.268433 0.474033 -0.393921 -0.240417 0.4686
-0.394845 -0.269413 0.474226 -0.393959 -0.241398 0.468794
-0.394884 -0.270393 0.47442 -0.393998 -0.242379 0.468988
-0.394923 -0.271374 0.474613 -0.394036 -0.243359 0.469182
-0.394961 -0.272354 0.474807 -0.394074 -0.24434 0.469375
-0.395 -0.273334 0.475 -0.394113 -0.245321 0.469569
-0.395039 -0.274315 0.475194 -0.394151 -0.246302 0.469763
-0.395077 -0.275295 0.475387 -0.394189 -0.247282 0.469957
-0.395116 -0.276275 0.475581 -0.394228 -0.248263 0.470151
-0.395155 -0.277256 0.475774 -0.394266 -0.249244 0.470345
-0.395194 -0.278236 0.475968 -0.394305 -0.250225 0.470539
-0.395232 -0.279216 0.476161 -0.394343 -0.251205 0.470733
-0.395271 -0.280197 0.476355 -0.394381 -0.252186 0.470927
-0.39531 -0.281177 0.476548 -0.39442 -0.253167 0.471121
-0.395348 -0.282157 0.476742 -0.394458 -0.254148 0.471315
-0.395387 -0.283138 0.476935 -0.394496 -0.255128 0.471509
-0.395426 -0.284118 0.477129 -0.394535 -0.256109 0.471703
-0.395464 -0.285098 0.477322 -0.394573 -0.25709 0.471897
-0.395503 -0.286079 0.477516 -0.394612 -0.25807 0.472091
-0.395542 -0.287059 0.477709 -0.39465 -0.259051 0.472285
-0.395581 -0.288039 0.477903 -0.394688 -0.260032 0.472478
-0.395619 -0.28902 0.478096 -0.394727 -0.261013 0.472672
-0.395658 -0.29 0.478289 -0.394765 -0.261993 0.472866
-0.395697 -0.29098 0.478483 -0.394803 -0.262974 0.47306
-0.395735 -0.291961 0.478676 -0.394842 -0.263955 0.473254
-0.395774 -0.292941 0.47887 -0.39488 -0.264935 0.473448
-0.395813 -0.293921 0.479063 -0.394919 -0.265916 0.473642
-0.395851 -0.294902 0.479257 -0.394957 -0.266897 0.473836
-0.39589 -0.295882 0.47945 -0.394995 -0.267877 0.47403
-0.395929 -0.296862 0.479644 -0.395034 -0.268858 0.474224
-0.395967 -0.297843 0.479837 -0.395072 -0.269839 0.474418
-0.396006 -0.298823 0.480031 -0.395111 -0.270819 0.474612
-0.396045 -0.299803 0.480224 -0.395149 -0.2718 0.474805
-0.396084 -0.300784 0.480418 -0.395187 -0.272781 0.474999
-0.396122 -0.301764 0.480611 -0.395226 -0.273762 0.475193
-0.396161 -0.302744 0.480805 -0.395264 -0.274742 0.475387
-0.3962 -0.303725 0.480998 -0.395302 -0.275723 0.475581
-0.396238 -0.304705 0.481192 -0.395341 -0.276704 0.475775
-0.396277 -0.305685 0.481385 -0.395379 -0.277684 0.475969
-0.396316 -0.306666 0.481579 -0.395418 -0.278665 0.476163
-0.396354 -0.307646 0.481772 -0.395456 -0.279646 0.476357
-0.396393 -0.308627 0.481966 -0.395495 -0.280627 0.476551
-0.396432 -0.309607 0.482159 -0.395533 -0.281608 0.476745
-0.396471 -0.310587 0.482353 -0.395571 -0.282589 0.476939
-0.396509 -0.311568 0.482546 -0.39561 -0.28357 0.477133
-0.396548 -0.312548 0.48274 -0.395648 -0.284551 0.477327
-0.396587 -0.313528 0.482933 -0.395687 -0.285532 0.477521
-0.396625 -0.314509 0.483127 -0.395725 -0.286513 0.477715
-0.396664 -0.315489 0.48332 -0.395763 -0.287494 0.477908
-0.396703 -0.316469 0.483514 -0.395802 -0.288474 0.478102
-0.396741 -0.31745 0.483707 -0.39584 -0.289455 0.478296
-0.39678 -0.31843 0.483901 -0.395879 -0.290436 0.47849
-0.396819 -0.31941 0.484094 -0.395917 -0.291417 0.478684
-0.396858 -0.320391 0.484288 -0.395956 -0.292397 0.478878
-0.396896 -0.321371 0.484481 -0.395994 -0.293378 0.479072
-0.396935 -0.322351 0.484675 -0.396032 -0.294359 0.479266
-0.396974 -0.323332 0.484868 -0.396071 -0.29534 0.47946
-0.397012 -0.324312 0.485062 -0.396109 -0.29632 0.479654
-0.397051 -0.325292 0.485255 -0.396148 -0.297301 0.479847
-0.39709 -0.326273 0.485449 -0.396186 -0.298282 0.480041
-0.397128 -0.327253 0.485642 -0.396224 -0.299262 0.480235
-0.397167 -0.328233 0.485836 -0.396263 -0.300243 0.480429
-0.397206 -0.329214 0.486029 -0.396301 -0.301223 0.480623
-0.397244 -0.330194 0.486222 -0.39634 -0.302204 0.480817
-0.397283 -0.331174 0.486416 -0.396378 -0.303185 0.481011
-0.397322 -0.332155 0.486609 -0.396416 -0.304165 0.481204
-0.397361 -0.333135 0.486803 -0.396455 -0.305146 0.481398
-0.397399 -0.334115 0.486996 -0.396493 -0.306127 0.481592
-0.397438 -0.335096 0.48719 -0.396532 -0.307107 0.481786
-0.397477 -0.336076 0.487383 -0.39657 -0.308088 0.48198
-0.397515 -0.337056 0.487577 -0.396609 -0.309068 0.482174
-0.397554 -0.338037 0.48777 -0.396647 -0.310049 0.482368
-0.397593 -0.339017 0.487964 -0.396685 -0.31103 0.482562
-0.397631 -0.339997 0.488157 -0.396724 -0.31201 0.482755
-0.39767 -0.340978 0.488351 -0.396762 -0.312991 0.482949
-0.397709 -0.341958 0.488544 -0.396801 -0.313971 0.483143
-0.397748 -0.342938 0.488738 -0.396839 -0.314952 0.483337
-0.397786 -0.343919 0.488931 -0.396878 -0.315933 0.483531
-0.397825 -0.344899 0.489125 -0.396916 -0.316913 0.483725
-0.397864 -0.345879 0.489318 -0.396954 -0.317894 0.483919
-0.397902 -0.34686 0.489512 -0.396993 -0.318874 0.484112
-0.397941 -0.34784 0.489705 -0.397031 -0.319855 0.484306
-0.39798 -0.34882 0.489899 -0.397051 -0.320345 0.484403
-0.398018 -0.349801 0.490092 -0.397108 -0.321816 0.484694
-0.398057 -0.350781 0.490286 -0.397127 -0.322307 0.484791
-0.398096 -0.351761 0.490479 -0.397185 -0.323776 0.485081
-0.398135 -0.352742 0.490673 -0.397223 -0.324753 0.485274
-0.398173 -0.353722 0.490866 -0.397261 -0.325726 0.485467
-0.398212 -0.354702 0.49106 -0.397299 -0.326699 0.485659
-0.398251 -0.355683 0.491253 -0.397337 -0.327674 0.485851
-0.398289 -0.356663 0.491447 -0.397375 -0.328649 0.486044
-0.398328 -0.357643 0.49164 -0.397413 -0.329626 0.486237
-0.398367 -0.358624 0.491834 -0.397452 -0.330603 0.48643
-0.398405 -0.359604 0.492027 -0.39749 -0.331581 0.486624
-0.398444 -0.360584 0.492221 -0.397528 -0.33256 0.486817
-0.398483 -0.361565 0.492414 -0.397567 -0.333539 0.487011
-0.398522 -0.362545 0.492608 -0.397605 -0.334519 0.487204
-0.39856 -0.363525 0.492801 -0.397644 -0.335499 0.487398
-0.398599 -0.364506 0.492995 -0.397663 -0.335989 0.487495
-0.398638 -0.365486 0.493188 -0.397721 -0.337461 0.487786
-0.398676 -0.366467 0.493382 -0.39776 -0.338442 0.48798
-0.398715 -0.367447 0.493575 -0.397798 -0.339424 0.488174
-0.398754 -0.368427 0.493769 -0.397837 -0.340405 0.488369
-0.398792 -0.369408 0.493962 -0.397876 -0.341387 0.488563
-0.398831 -0.370388 0.494156 -0.397914 -0.342369 0.488757
-0.39887 -0.371368 0.494349 -0.397953 -0.343351 0.488951
-0.398908 -0.372349 0.494542 -0.397991 -0.344333 0.489145
-0.398947 -0.373329 0.494736 -0.39803 -0.345315 0.489339
-0.398986 -0.374309 0.494929 -0.398069 -0.346297 0.489534
-0.399025 -0.37529 0.495123 -0.398107 -0.347279 0.489728
-0.399063 -0.37627 0.495316 -0.398146 -0.348261 0.489922
-0.399102 -0.37725 0.49551 -0.398184 -0.349243 0.490116
-0.399141 -0.378231 0.495703 -0.398223 -0.350226 0.49031
-0.399179 -0.379211 0.495897 -0.398262 -0.351208 0.490505
-0.399218 -0.380191 0.49609 -0.3983 -0.35219 0.490699
-0.399257 -0.381172 0.496284 -0.398339 -0.353172 0.490893
-0.399295 -0.382152 0.496477 -0.398377 -0.354154 0.491087
-0.399334 -0.383132 0.496671 -0.398416 -0.355136 0.491281
-0.399373 -0.384113 0.496864 -0.398455 -0.356118 0.491476
-0.399412 -0.385093 0.497058 -0.398493 -0.3571 0.49167
-0.39945 -0.386073 0.497251 -0.398532 -0.358082 0.491864
-0.399489 -0.387054 0.497445 -0.39857 -0.359064 0.492058
-0.399528 -0.388034 0.497638 -0.398609 -0.360046 0.492252
-0.399566 -0.389014 0.497832 -0.398647 -0.361028 0.492446
-0.399605 -0.389995 0.498025 -0.398686 -0.36201 0.49264
-0.399644 -0.390975 0.498219 -0.398725 -0.362992 0.492834
-0.399682 -0.391955 0.498412 -0.398763 -0.363974 0.493029
-0.399721 -0.392936 0.498606 -0.398802 -0.364956 0.493223
-0.39976 -0.393916 0.498799 -0.39884 -0.365938 0.493417
-0.399799 -0.394896 0.498993 -0.398879 -0.366919 0.493611
-0.399837 -0.395877 0.499186 -0.398917 -0.367901 0.493805
-0.399876 -0.396857 0.49938 -0.398956 -0.368883 0.493999
-0.399915 -0.397837 0.499573 -0.398994 -0.369864 0.494193
-0.399953 -0.398818 0.499767 -0.399033 -0.370846 0.494387
-0.399992 -0.399798 0.49996 -0.399072 -0.371827 0.494581
-0.400031 -0.400778 0.500154 -0.39911 -0.372809 0.494775
-0.399992 -0.399798 0.49996 -0.399149 -0.37379 0.494969
-0.400031 -0.400778 0.500154 -0.399187 -0.374772 0.495163
-0.399992 -0.399798 0.49996 -0.399226 -0.375753 0.495357
-0.400031 -0.400778 0.500154 -0.399264 -0.376733 0.495551
-0.399992 -0.399798 0.49996 -0.399302 -0.377705 0.495742
-0.400031 -0.400778 0.500154 -0.399339 -0.378667 0.495932
-0.399992 -0.399798 0.49996 -0.399375 -0.379616 0.496119
-0.400031 -0.400778 0.500154 -0.39941 -0.380548 0.496302
-0.399992 -0.399798 0.49996 -0.399444 -0.381461 0.49648
-0.400031 -0.400778 0.500154 -0.399477 -0.382353 0.496654
-0.399992 -0.399798 0.49996 -0.399507 -0.383223 0.496824
-0.400031 -0.400778 0.500154 -0.399537 -0.384068 0.496988
-0.399992 -0.399798 0.49996 -0.399565 -0.384889 0.497147
-0.400031 -0.400778 0.500154 -0.399592 -0.385683 0.4973
-0.399992 -0.399798 0.49996 -0.399617 -0.386451 0.497448
-0.400031 -0.400778 0.500154 -0.399641 -0.387191 0.49759
-0.399992 -0.399798 0.49996 -0.399663 -0.387904 0.497726
-0.400031 -0.400778 0.500154 -0.399684 -0.388589 0.497857
-0.399992 -0.399798 0.49996 -0.399704 -0.389247 0.497982
-0.400031 -0.400778 0.500154 -0.399723 -0.389877 0.498101
-0.399992 -0.399798 0.49996 -0.39974 -0.39048 0.498216
-0.400031 -0.400778 0.500154 -0.399757 -0.391057 0.498324
-0.399992 -0.399798 0.49996 -0.399772 -0.391607 0.498428
-0.400031 -0.400778 0.500154 -0.399787 -0.392131 0.498527
-0.399992 -0.399798 0.49996 -0.3998 -0.392629 0.49862
-0.400031 -0.400778 0.500154 -0.399813 -0.393103 0.498709
-0.399992 -0.399798 0.49996 -0.399825 -0.393553 0.498793
-0.400031 -0.400778 0.500154 -0.399836 -0.39398 0.498873
-0.399992 -0.399798 0.49996 -0.399847 -0.394384 0.498948
-0.400031 -0.400778 0.500154 -0.399856 -0.394767 0.499019
-0.399992 -0.399798 0.49996 -0.399865 -0.395128 0.499087
-0.400031 -0.400778 0.500154 -0.399874 -0.395469 0.49915
-0.399992 -0.399798 0.49996 -0.399882 -0.39579 0.49921
-0.400031 -0.400778 0.500154 -0.399889 -0.396093 0.499266
-0.399992 -0.399798 0.49996 -0.399896 -0.396377 0.499319
-0.400031 -0.400778 0.500154 -0.3999 -0.396513 0.499344
-0.399992 -0.399798 0.49996 -0.399909 -0.396896 0.499415
-0.400031 -0.400778 0.500154 -0.399915 -0.397132 0.499459
-0.399992 -0.399798 0.49996 -0.399918 -0.397246 0.49948
-0.400031 -0.400778 0.500154 -0.399923 -0.397465 0.49952
-0.399992 -0.399798 0.49996 -0.399929 -0.397672 0.499559
-0.400031 -0.400778 0.500154 -0.399936 -0.397958 0.499612
-0.399992 -0.399798 0.49996 -0.39994 -0.398135 0.499645
-0.400031 -0.400778 0.500154 -0.399945 -0.398303 0.499676
-0.399992 -0.399798 0.49996 -0.399949 -0.398459 0.499705
-0.400031 -0.400778 0.500154 -0.39995 -0.398532 0.499719
-0.399992 -0.399798 0.49996 -0.399956 -0.398736 0.499757
-0.400031 -0.400778 0.500154 -0.399959 -0.398858 0.499779
-0.399992 -0.399798 0.49996 -0.399962 -0.398971 0.4998
-0.400031 -0.400778 0.500154 -0.399965 -0.399074 0.49982
