-0.37004 0.358984 0.3502 -0.370001 0.359964 0.350007
-0.370079 0.358004 0.350394 -0.370001 0.359964 0.350007
-0.370117 0.357024 0.350587 -0.370001 0.359964 0.350007
-0.370156 0.356043 0.350781 -0.370001 0.359964 0.350007
-0.370195 0.355063 0.350974 -0.370001 0.359963 0.350008
-0.370234 0.354083 0.351168 -0.370001 0.359961 0.350008
-0.370272 0.353102 0.351361 -0.370002 0.359944 0.350011
-0.370311 0.352122 0.351555 -0.370004 0.359899 0.35002
-0.37035 0.351142 0.351748 -0.370005 0.359876 0.350025
-0.370388 0.350161 0.351942 -0.370007 0.359817 0.350037
-0.370427 0.349181 0.352135 -0.370011 0.359739 0.350052
-0.370466 0.348201 0.352329 -0.370018 0.359578 0.350084
-0.370504 0.34722 0.352522 -0.370021 0.359513 0.350097
-0.370543 0.34624 0.352716 -0.370032 0.359278 0.350145
-0.370582 0.34526 0.352909 -0.370041 0.359087 0.350183
-0.370621 0.344279 0.353103 -0.370052 0.35887 0.350227
-0.370659 0.343299 0.353296 -0.370058 0.358751 0.350251
-0.370698 0.342319 0.35349 -0.37007 0.358493 0.350303
-0.370737 0.341338 0.353683 -0.370085 0.358207 0.35036
-0.370775 0.340358 0.353877 -0.3701 0.357893 0.350424
-0.370814 0.339378 0.35407 -0.370117 0.357551 0.350493
-0.370853 0.338397 0.354264 -0.370136 0.357182 0.350567
-0.370891 0.337417 0.354457 -0.370167 0.356577 0.35069
-0.37093 0.336437 0.354651 -0.370189 0.356142 0.350778
-0.370969 0.335456 0.354844 -0.3702 0.355915 0.350824
-0.371008 0.334476 0.355038 -0.370212 0.355681 0.350871
-0.371046 0.333496 0.355231 -0.370225 0.355441 0.350919
-0.371085 0.332515 0.355425 -0.37025 0.354943 0.35102
-0.371124 0.331535 0.355618 -0.370277 0.354421 0.351126
-0.371162 0.330555 0.355812 -0.370334 0.353306 0.351352
-0.371201 0.329574 0.356005 -0.370364 0.352713 0.351471
-0.37124 0.328594 0.356199 -0.370395 0.352096 0.351596
-0.371278 0.327614 0.356392 -0.370428 0.351456 0.351726
-0.371317 0.326633 0.356586 -0.370462 0.350793 0.35186
-0.371356 0.325653 0.356779 -0.370497 0.350109 0.351998
-0.371395 0.324673 0.356973 -0.370533 0.349404 0.35214
-0.371433 0.323692 0.357166 -0.37057 0.34868 0.352287
-0.371472 0.322712 0.357359 -0.370607 0.347938 0.352436
-0.371511 0.321732 0.357553 -0.370645 0.347179 0.35259
-0.371549 0.320751 0.357746 -0.370684 0.346403 0.352746
-0.371588 0.319771 0.35794 -0.370703 0.34601 0.352825
-0.371627 0.318791 0.358133 -0.370763 0.344807 0.353067
-0.371665 0.31781 0.358327 -0.370803 0.343988 0.353232
-0.371704 0.31683 0.35852 -0.370823 0.343574 0.353315
-0.371743 0.31585 0.358714 -0.370884 0.342314 0.353568
-0.371781 0.314869 0.358907 -0.370904 0.341889 0.353654
-0.37182 0.313889 0.359101 -0.370946 0.341029 0.353826
-0.371859 0.312909 0.359294 -0.370987 0.340159 0.354001
-0.371898 0.311928 0.359488 -0.371028 0.339279 0.354177
-0.371936 0.310948 0.359681 -0.37107 0.33839 0.354355
-0.371975 0.309968 0.359875 -0.371111 0.337493 0.354534
-0.372014 0.308987 0.360068 -0.371153 0.336589 0.354715
-0.372052 0.308007 0.360262 -0.371194 0.335677 0.354897
-0.372091 0.307026 0.360455 -0.371236 0.334759 0.35508
-0.37213 0.306046 0.360649 -0.371278 0.333834 0.355264
-0.372168 0.305066 0.360842 -0.371319 0.332903 0.35545
-0.372207 0.304085 0.361036 -0.371361 0.331966 0.355636
-0.372246 0.303105 0.361229 -0.371402 0.331023 0.355824
-0.372285 0.302125 0.361423 -0.371444 0.330076 0.356012
-0.372323 0.301144 0.361616 -0.371485 0.329124 0.356201
-0.372362 0.300164 0.36181 -0.371526 0.328168 0.356391
-0.372401 0.299184 0.362003 -0.371568 0.327208 0.356581
-0.372439 0.298203 0.362197 -0.371609 0.326245 0.356772
-0.372478 0.297223 0.36239 -0.37165 0.325279 0.356964
-0.372517 0.296243 0.362584 -0.371691 0.32431 0.357156
-0.372555 0.295262 0.362777 -0.371731 0.323339 0.357348
-0.372594 0.294282 0.362971 -0.371772 0.322365 0.357541
-0.372633 0.293302 0.363164 -0.371812 0.321389 0.357733
-0.372672 0.292321 0.363358 -0.371853 0.320412 0.357927
-0.37271 0.291341 0.363551 -0.371893 0.319433 0.35812
-0.372749 0.290361 0.363745 -0.371933 0.318452 0.358314
-0.372788 0.28938 0.363938 -0.371973 0.31747 0.358508
-0.372826 0.2884 0.364132 -0.372013 0.316487 0.358701
-0.372865 0.28742 0.364325 -0.372052 0.315503 0.358896
-0.372904 0.286439 0.364519 -0.372092 0.314519 0.35909
-0.372942 0.285459 0.364712 -0.372131 0.313533 0.359284
-0.372981 0.284479 0.364906 -0.372171 0.312547 0.359478
-0.37302 0.283498 0.365099 -0.37221 0.311561 0.359673
-0.373058 0.282518 0.365292 -0.372249 0.310574 0.359867
-0.373097 0.281538 0.365486 -0.372288 0.309587 0.360061
-0.373136 0.280557 0.365679 -0.372327 0.308599 0.360256
-0.373175 0.279577 0.365873 -0.372366 0.307611 0.36045
-0.373213 0.278597 0.366066 -0.372405 0.306623 0.360645
-0.373252 0.277616 0.36626 -0.372444 0.305635 0.360839
-0.373291 0.276636 0.366453 -0.372483 0.304647 0.361033
-0.373329 0.275656 0.366647 -0.372522 0.30366 0.361228
-0.373368 0.274675 0.36684 -0.37256 0.302672 0.361422
-0.373407 0.273695 0.367034 -0.372599 0.301684 0.361616
-0.373445 0.272715 0.367227 -0.372637 0.300696 0.361811
-0.373484 0.271734 0.367421 -0.372676 0.299708 0.362005
-0.373523 0.270754 0.367614 -0.372714 0.298721 0.362199
-0.373562 0.269774 0.367808 -0.372753 0.297733 0.362393
-0.3736 0.268793 0.368001 -0.372791 0.296746 0.362587
-0.373639 0.267813 0.368195 -0.37283 0.295759 0.362781
-0.373678 0.266833 0.368388 -0.372868 0.294772 0.362975
-0.373716 0.265852 0.368582 -0.372907 0.293786 0.363169
-0.373755 0.264872 0.368775 -0.372945 0.292799 0.363363
-0.373794 0.263892 0.368969 -0.372983 0.291813 0.363557
-0.373832 0.262911 0.369162 -0.373022 0.290827 0.363751
-0.373871 0.261931 0.369356 -0.37306 0.289842 0.363945
-0.37391 0.260951 0.369549 -0.373099 0.288856 0.364139
-0.373949 0.25997 0.369743 -0.373137 0.287871 0.364332
-0.373987 0.25899 0.369936 -0.373175 0.286886 0.364526
-0.374026 0.25801 0.37013 -0.373214 0.285901 0.36472
-0.374065 0.257029 0.370323 -0.373233 0.285408 0.364816
-0.374103 0.256049 0.370517 -0.37329 0.283932 0.365107
-0.374142 0.255069 0.37071 -0.373329 0.282947 0.3653
-0.374181 0.254088 0.370904 -0.373367 0.281963 0.365494
-0.374219 0.253108 0.371097 -0.373406 0.280979 0.365687
-0.374258 0.252128 0.371291 -0.373444 0.279995 0.365881
-0.374297 0.251147 0.371484 -0.373483 0.279011 0.366074
-0.374336 0.250167 0.371678 -0.373521 0.278027 0.366268
-0.374374 0.249186 0.371871 -0.37354 0.277535 0.366365
-0.374413 0.248206 0.372065 -0.373598 0.276059 0.366655
-0.374452 0.247226 0.372258 -0.373637 0.275075 0.366849
-0.37449 0.246245 0.372452 -0.373675 0.274091 0.367042
-0.374529 0.245265 0.372645 -0.373714 0.273107 0.367236
-0.374568 0.244285 0.372839 -0.373753 0.272123 0.367429
-0.374606 0.243304 0.373032 -0.373791 0.27114 0.367623
-0.374645 0.242324 0.373226 -0.37383 0.270156 0.367816
-0.374684 0.241344 0.373419 -0.373868 0.269173 0.36801
-0.374722 0.240363 0.373612 -0.373907 0.268191 0.368203
-0.374761 0.239383 0.373806 -0.373946 0.267208 0.368396
-0.3748 0.238403 0.373999 -0.373984 0.266226 0.36859
-0.374839 0.237422 0.374193 -0.374023 0.265243 0.368783
-0.374877 0.236442 0.374386 -0.374042 0.264752 0.36888
-0.374916 0.235462 0.37458 -0.3741 0.263278 0.36917
-0.374955 0.234481 0.374773 -0.374139 0.262295 0.369363
-0.374993 0.233501 0.374967 -0.374178 0.261312 0.369556
-0.375032 0.232521 0.37516 -0.374217 0.26033 0.36975
-0.375071 0.23154 0.375354 -0.374255 0.259348 0.369943
-0.375109 0.23056 0.375547 -0.374294 0.258366 0.370136
-0.375148 0.22958 0.375741 -0.374333 0.257384 0.370329
-0.375187 0.228599 0.375934 -0.374371 0.256402 0.370523
-0.375226 0.227619 0.376128 -0.374391 0.255911 0.370619
-0.375264 0.226639 0.376321 -0.374449 0.254437 0.370909
-0.375303 0.225658 0.376515 -0.374488 0.253455 0.371103
-0.375342 0.224678 0.376708 -0.374527 0.252473 0.371296
-0.37538 0.223698 0.376902 -0.374565 0.251492 0.371489
-0.375419 0.222717 0.377095 -0.374604 0.25051 0.371682
-0.375458 0.221737 0.377289 -0.374643 0.249529 0.371875
-0.375496 0.220757 0.377482 -0.374682 0.248548 0.372068
-0.375535 0.219776 0.377676 -0.37472 0.247567 0.372262
-0.375574 0.218796 0.377869 -0.374759 0.246586 0.372455
-0.375613 0.217816 0.378063 -0.374798 0.245606 0.372648
-0.375651 0.216835 0.378256 -0.374836 0.244625 0.37284
-0.37569 0.215855 0.37845 -0.374875 0.243645 0.373033
-0.375729 0.214875 0.378643 -0.374914 0.242665 0.373226
-0.375767 0.213894 0.378837 -0.374953 0.241685 0.373419
-0.375806 0.212914 0.37903 -0.374991 0.240706 0.373612
-0.375845 0.211934 0.379224 -0.37503 0.239726 0.373805
-0.375883 0.210953 0.379417 -0.375069 0.238746 0.373998
-0.375922 0.209973 0.379611 -0.375107 0.237767 0.37419
-0.375961 0.208993 0.379804 -0.375146 0.236787 0.374383
-0.376 0.208012 0.379998 -0.375185 0.235808 0.374576
-0.376038 0.207032 0.380191 -0.375223 0.234829 0.374769
-0.376077 0.206052 0.380385 -0.375262 0.233849 0.374961
-0.376116 0.205071 0.380578 -0.375301 0.23287 0.375154
-0.376154 0.204091 0.380772 -0.37534 0.231891 0.375347
-0.376193 0.203111 0.380965 -0.375378 0.230911 0.37554
-0.376232 0.20213 0.381159 -0.375417 0.229932 0.375733
-0.37627 0.20115 0.381352 -0.375456 0.228953 0.375925
-0.376309 0.20017 0.381545 -0.375475 0.228463 0.376022
-0.376348 0.199189 0.381739 -0.375533 0.226994 0.376311
-0.376386 0.198209 0.381932 -0.375553 0.226505 0.376407
-0.376425 0.197229 0.382126 -0.375572 0.226015 0.376504
-0.376464 0.196248 0.382319 -0.375649 0.224062 0.376888
-0.376503 0.195268 0.382513 -0.375687 0.22309 0.377079
-0.376541 0.194287 0.382706 -0.375725 0.222119 0.37727
-0.37658 0.193307 0.3829 -0.375763 0.221146 0.377462
-0.376619 0.192327 0.383093 -0.375802 0.220173 0.377653
-0.376657 0.191346 0.383287 -0.37584 0.219199 0.377845
-0.376696 0.190366 0.38348 -0.375859 0.218712 0.377941
-0.376735 0.189386 0.383674 -0.375936 0.216765 0.378324
-0.376773 0.188405 0.383867 -0.375974 0.215796 0.378515
-0.376812 0.187425 0.384061 -0.376012 0.21483 0.378705
-0.376851 0.186445 0.384254 -0.376049 0.213867 0.378894
-0.37689 0.185464 0.384448 -0.376086 0.212906 0.379083
-0.376928 0.184484 0.384641 -0.376123 0.211946 0.379272
-0.376967 0.183504 0.384835 -0.376161 0.210988 0.379461
-0.377006 0.182523 0.385028 -0.376198 0.210031 0.379649
-0.377044 0.181543 0.385222 -0.376235 0.209073 0.379838
-0.377083 0.180563 0.385415 -0.376272 0.208113 0.380026
-0.377122 0.179582 0.385609 -0.37631 0.207153 0.380215
-0.37716 0.178602 0.385802 -0.376347 0.206194 0.380404
-0.377199 0.177622 0.385996 -0.376385 0.205236 0.380593
-0.377238 0.176641 0.386189 -0.376422 0.204278 0.380781
-0.377277 0.175661 0.386383 -0.37646 0.203321 0.380969
-0.377315 0.174681 0.386576 -0.376497 0.202364 0.381158
-0.377354 0.1737 0.38677 -0.376535 0.201406 0.381346
-0.377393 0.17272 0.386963 -0.376573 0.200447 0.381535
-0.377431 0.17174 0.387157 -0.376611 0.199488 0.381724
-0.37747 0.170759 0.38735 -0.376648 0.198528 0.381913
-0.377509 0.169779 0.387544 -0.376686 0.197569 0.382102
-0.377547 0.168799 0.387737 -0.376724 0.196609 0.38229
-0.377586 0.167818 0.387931 -0.376762 0.19565 0.382479
-0.377625 0.166838 0.388124 -0.3768 0.19469 0.382668
-0.377664 0.165858 0.388318 -0.376838 0.19373 0.382857
-0.377702 0.164877 0.388511 -0.376876 0.19277 0.383046
-0.377741 0.163897 0.388705 -0.376914 0.19181 0.383235
-0.37778 0.162917 0.388898 -0.376952 0.190849 0.383425
-0.377818 0.161936 0.389092 -0.37699 0.189888 0.383614
-0.377857 0.160956 0.389285 -0.377028 0.188926 0.383803
-0.377896 0.159976 0.389478 -0.377066 0.187964 0.383993
-0.377934 0.158995 0.389672 -0.377105 0.187002 0.384182
-0.377973 0.158015 0.389865 -0.377143 0.186039 0.384372
-0.378012 0.157035 0.390059 -0.377181 0.185075 0.384562
-0.37805 0.156054 0.390252 -0.37722 0.18411 0.384752
-0.378089 0.155074 0.390446 -0.377258 0.183145 0.384942
-0.378128 0.154094 0.390639 -0.377297 0.18218 0.385132
-0.378167 0.153113 0.390833 -0.377335 0.181213 0.385322
-0.378205 0.152133 0.391026 -0.377374 0.180246 0.385513
-0.378244 0.151153 0.39122 -0.377413 0.179278 0.385703
-0.378283 0.150172 0.391413 -0.377451 0.17831 0.385894
-0.378321 0.149192 0.391607 -0.37749 0.177341 0.386085
-0.37836 0.148212 0.3918 -0.377529 0.176372 0.386276
-0.378399 0.147231 0.391994 -0.377567 0.175402 0.386467
-0.378437 0.146251 0.392187 -0.377606 0.174432 0.386658
-0.378476 0.145271 0.392381 -0.377645 0.173461 0.386849
-0.378515 0.14429 0.392574 -0.377664 0.172976 0.386944
-0.378554 0.14331 0.392768 -0.377722 0.171519 0.387231
-0.378592 0.14233 0.392961 -0.377761 0.170547 0.387423
-0.378631 0.141349 0.393155 -0.3778 0.169575 0.387614
-0.37867 0.140369 0.393348 -0.377839 0.168602 0.387806
-0.378708 0.139388 0.393542 -0.377858 0.168115 0.387902
-0.378747 0.138408 0.393735 -0.377936 0.166168 0.388285
-0.378786 0.137428 0.393929 -0.377975 0.165194 0.388477
-0.378824 0.136447 0.394122 -0.378014 0.164219 0.388669
-0.378863 0.135467 0.394316 -0.378053 0.163244 0.388861
-0.378902 0.134487 0.394509 -0.378091 0.162269 0.389053
-0.378941 0.133506 0.394703 -0.37813 0.161294 0.389245
-0.378979 0.132526 0.394896 -0.37815 0.160806 0.389341
-0.379018 0.131546 0.39509 -0.378208 0.159344 0.389629
-0.379057 0.130565 0.395283 -0.378246 0.158372 0.389821
-0.379095 0.129585 0.395477 -0.378284 0.157403 0.390012
-0.379134 0.128605 0.39567 -0.378322 0.156434 0.390202
-0.379173 0.127624 0.395864 -0.378361 0.155465 0.390393
-0.379211 0.126644 0.396057 -0.378399 0.154494 0.390585
-0.37925 0.125664 0.396251 -0.378437 0.153522 0.390776
-0.379289 0.124683 0.396444 -0.378476 0.152549 0.390967
-0.379328 0.123703 0.396638 -0.378515 0.151576 0.391159
-0.379366 0.122723 0.396831 -0.378553 0.150602 0.391351
-0.379405 0.121742 0.397025 -0.378592 0.149627 0.391543
-0.379444 0.120762 0.397218 -0.378631 0.148652 0.391735
-0.379482 0.119782 0.397412 -0.378669 0.147676 0.391927
-0.379521 0.118801 0.397605 -0.378708 0.146699 0.39212
-0.37956 0.117821 0.397798 -0.378747 0.145722 0.392312
-0.379598 0.116841 0.397992 -0.378786 0.144744 0.392505
-0.379637 0.11586 0.398185 -0.378825 0.143766 0.392698
-0.379676 0.11488 0.398379 -0.378864 0.142787 0.39289
-0.379714 0.1139 0.398572 -0.378903 0.141808 0.393083
-0.379753 0.112919 0.398766 -0.378942 0.140829 0.393276
-0.379792 0.111939 0.398959 -0.378981 0.139849 0.393469
-0.379831 0.110959 0.399153 -0.37902 0.138869 0.393662
-0.379869 0.109978 0.399346 -0.379039 0.138379 0.393759
-0.379908 0.108998 0.39954 -0.379059 0.137889 0.393855
-0.379947 0.108018 0.399733 -0.379098 0.136909 0.394048
-0.379985 0.107037 0.399927 -0.379176 0.134948 0.394435
-0.380024 0.106057 0.40012 -0.379215 0.133967 0.394628
-0.380063 0.105077 0.400314 -0.379253 0.132986 0.394821
-0.380101 0.104096 0.400507 -0.379292 0.132005 0.395014
-0.38014 0.103116 0.400701 -0.379331 0.131024 0.395208
-0.380179 0.102136 0.400894 -0.37937 0.130043 0.395401
-0.380218 0.101155 0.401088 -0.379409 0.129062 0.395594
-0.380256 0.100175 0.401281 -0.379448 0.128081 0.395787
-0.380295 0.0991946 0.401475 -0.379487 0.1271 0.395981
-0.380334 0.0982143 0.401668 -0.379526 0.126119 0.396174
-0.380372 0.0972339 0.401862 -0.379564 0.125138 0.396367
-0.380411 0.0962536 0.402055 -0.379603 0.124156 0.396561
-0.38045 0.0952732 0.402249 -0.379642 0.123175 0.396754
-0.380488 0.0942929 0.402442 -0.379681 0.122194 0.396947
-0.380527 0.0933126 0.402636 -0.37972 0.121213 0.397141
-0.380566 0.0923322 0.402829 -0.379759 0.120232 0.397334
-0.380605 0.0913519 0.403023 -0.379797 0.11925 0.397527
-0.380643 0.0903715 0.403216 -0.379836 0.118269 0.397721
-0.380682 0.0893912 0.40341 -0.379875 0.117288 0.397914
-0.380721 0.0884109 0.403603 -0.379914 0.116307 0.398107
-0.380759 0.0874305 0.403797 -0.379952 0.115326 0.398301
-0.380798 0.0864502 0.40399 -0.379991 0.114345 0.398494
-0.380837 0.0854698 0.404184 -0.38003 0.113364 0.398687
-0.380875 0.0844895 0.404377 -0.380068 0.112384 0.39888
-0.380914 0.0835092 0.404571 -0.380107 0.111408 0.399073
-0.380953 0.0825288 0.404764 -0.380145 0.110434 0.399264
-0.380992 0.0815485 0.404958 -0.380183 0.109461 0.399456
-0.38103 0.0805681 0.405151 -0.380221 0.108487 0.399648
-0.381069 0.0795878 0.405345 -0.380259 0.107512 0.39984
-0.381108 0.0786075 0.405538 -0.380278 0.107024 0.399936
-0.381146 0.0776271 0.405731 -0.380336 0.10556 0.400225
-0.381185 0.0766468 0.405925 -0.380374 0.104583 0.400418
-0.381224 0.0756665 0.406118 -0.380413 0.103605 0.40061
-0.381262 0.0746861 0.406312 -0.380451 0.102627 0.400803
-0.381301 0.0737058 0.406505 -0.38049 0.101649 0.400996
-0.38134 0.0727254 0.406699 -0.380509 0.101159 0.401092
-0.381378 0.0717451 0.406892 -0.380568 0.0996901 0.401382
-0.381417 0.0707648 0.407086 -0.380587 0.0992001 0.401478
-0.381456 0.0697844 0.407279 -0.380645 0.0977282 0.401769
-0.381495 0.0688041 0.407473 -0.380684 0.0967451 0.401962
-0.381533 0.0678237 0.407666 -0.380723 0.0957617 0.402156
-0.381572 0.0668434 0.40786 -0.380763 0.0947785 0.40235
-0.381611 0.0658631 0.408053 -0.380802 0.0937955 0.402544
-0.381649 0.0648827 0.408247 -0.380841 0.0928126 0.402738
-0.381688 0.0639024 0.40844 -0.380879 0.0918299 0.402931
-0.381727 0.062922 0.408634 -0.380918 0.0908473 0.403125
-0.381765 0.0619417 0.408827 -0.380957 0.089865 0.403319
-0.381804 0.0609614 0.409021 -0.380996 0.0888827 0.403512
-0.381843 0.059981 0.409214 -0.381035 0.0879007 0.403706
-0.381882 0.0590007 0.409408 -0.381074 0.0869188 0.4039
-0.38192 0.0580203 0.409601 -0.381113 0.085937 0.404093
-0.381959 0.05704 0.409795 -0.381151 0.0849554 0.404287
-0.381998 0.0560597 0.409988 -0.381171 0.0844646 0.404383
-0.382036 0.0550793 0.410182 -0.381229 0.0829925 0.404674
-0.382075 0.054099 0.410375 -0.381267 0.0820112 0.404867
-0.382114 0.0531187 0.410569 -0.381306 0.0810301 0.405061
-0.382152 0.0521383 0.410762 -0.381345 0.080049 0.405254
-0.382191 0.051158 0.410956 -0.381384 0.0790681 0.405448
-0.38223 0.0501776 0.411149 -0.381403 0.0785776 0.405544
-0.382269 0.0491973 0.411343 -0.381461 0.0771064 0.405834
-0.382307 0.048217 0.411536 -0.38148 0.0766161 0.405931
-0.382346 0.0472366 0.41173 -0.381538 0.075145 0.406221
-0.382385 0.0462563 0.411923 -0.381577 0.074164 0.406415
-0.382423 0.0452759 0.412117 -0.381616 0.0731828 0.406608
-0.382462 0.0442956 0.41231 -0.381654 0.0722015 0.406802
-0.382501 0.0433153 0.412504 -0.381693 0.0712205 0.406995
-0.382539 0.0423349 0.412697 -0.381732 0.0702396 0.407189
-0.382578 0.0413546 0.412891 -0.38177 0.0692589 0.407382
-0.382617 0.0403742 0.413084 -0.381809 0.0682783 0.407575
-0.382656 0.0393939 0.413278 -0.381848 0.0672978 0.407769
-0.382694 0.0384136 0.413471 -0.381886 0.0663174 0.407962
-0.382733 0.0374332 0.413664 -0.381925 0.0653371 0.408156
-0.382772 0.0364529 0.413858 -0.381963 0.064357 0.408349
-0.38281 0.0354725 0.414051 -0.382002 0.0633769 0.408542
-0.382849 0.0344922 0.414245 -0.382021 0.0628869 0.408639
-0.382888 0.0335119 0.414438 -0.38206 0.0619072 0.408832
-0.382926 0.0325315 0.414632 -0.382136 0.0599563 0.409217
-0.382965 0.0315512 0.414825 -0.382174 0.0589842 0.409409
-0.383004 0.0305709 0.415019 -0.382193 0.058498 0.409505
-0.383042 0.0295905 0.415212 -0.382231 0.057525 0.409697
-0.383081 0.0286102 0.415406 -0.382288 0.0560645 0.409985
-0.38312 0.0276298 0.415599 -0.382307 0.0555775 0.410081
-0.383159 0.0266495 0.415793 -0.382345 0.0546034 0.410273
-0.383197 0.0256692 0.415986 -0.382384 0.0536289 0.410465
-0.383236 0.0246888 0.41618 -0.382422 0.0526541 0.410658
-0.383275 0.0237085 0.416373 -0.38246 0.0516788 0.41085
-0.383313 0.0227281 0.416567 -0.382499 0.0507029 0.411043
-0.383352 0.0217478 0.41676 -0.382537 0.0497262 0.411235
-0.383391 0.0207675 0.416954 -0.382576 0.048749 0.411428
-0.383429 0.0197871 0.417147 -0.382614 0.0477711 0.411621
-0.383468 0.0188068 0.417341 -0.382653 0.0467928 0.411814
-0.383507 0.0178264 0.417534 -0.382692 0.045814 0.412007
-0.383546 0.0168461 0.417728 -0.382731 0.0448349 0.412201
-0.383584 0.0158658 0.417921 -0.382769 0.0438553 0.412394
-0.383623 0.0148854 0.418115 -0.382808 0.0428755 0.412587
-0.383662 0.0139051 0.418308 -0.382847 0.0418954 0.412781
-0.3837 0.0129247 0.418502 -0.382886 0.040915 0.412974
-0.383739 0.0119444 0.418695 -0.382925 0.0399345 0.413168
-0.383778 0.0109641 0.418889 -0.382963 0.0389537 0.413361
-0.383816 0.00998373 0.419082 -0.383002 0.0379728 0.413555
-0.383855 0.00900339 0.419276 -0.383041 0.0369918 0.413749
-0.383894 0.00802305 0.419469 -0.38308 0.0360106 0.413942
-0.383933 0.00704271 0.419663 -0.383119 0.0350294 0.414136
-0.383971 0.00606237 0.419856 -0.383158 0.0340481 0.41433
-0.38401 0.00508203 0.42005 -0.383196 0.0330668 0.414523
-0.384049 0.00410169 0.420243 -0.383216 0.0325761 0.41462
-0.384087 0.00312135 0.420437 -0.383274 0.031104 0.414911
-0.384126 0.00214102 0.42063 -0.383313 0.0301225 0.415105
-0.384165 0.00116068 0.420824 -0.383352 0.0291411 0.415298
-0.384203 0.000180337 0.421017 -0.38339 0.0281596 0.415492
-0.384242 -0.000800002 0.421211 -0.383429 0.0271782 0.415686
-0.384281 -0.00178034 0.421404 -0.383468 0.0261968 0.41588
-0.38432 -0.00276068 0.421598 -0.383506 0.0252154 0.416073
-0.384358 -0.00374102 0.421791 -0.383545 0.024234 0.416267
-0.384397 -0.00472136 0.421984 -0.383584 0.0232527 0.416461
-0.384436 -0.0057017 0.422178 -0.383623 0.0222714 0.416655
-0.384474 -0.00668204 0.422371 -0.383661 0.0212902 0.416848
-0.384513 -0.00766238 0.422565 -0.3837 0.020309 0.417042
-0.384552 -0.00864272 0.422758 -0.383739 0.0193279 0.417236
-0.38459 -0.00962305 0.422952 -0.383777 0.0183467 0.41743
-0.384629 -0.0106034 0.423145 -0.383816 0.0173657 0.417623
-0.384668 -0.0115837 0.423339 -0.383855 0.0163847 0.417817
-0.384706 -0.0125641 0.423532 -0.383893 0.0154037 0.418011
-0.384745 -0.0135444 0.423726 -0.383932 0.0144228 0.418205
-0.384784 -0.0145248 0.423919 -0.38397 0.013442 0.418398
-0.384823 -0.0155051 0.424113 -0.38399 0.0129516 0.418495
-0.384861 -0.0164854 0.424306 -0.384048 0.0114805 0.418786
-0.3849 -0.0174658 0.4245 -0.384086 0.0104998 0.418979
-0.384939 -0.0184461 0.424693 -0.384125 0.00951911 0.419173
-0.384977 -0.0194264 0.424887 -0.384163 0.0085385 0.419367
-0.385016 -0.0204068 0.42508 -0.384202 0.00755795 0.41956
-0.385055 -0.0213871 0.425274 -0.384241 0.00657743 0.419754
-0.385093 -0.0223675 0.425467 -0.384279 0.00559696 0.419948
-0.385132 -0.0233478 0.425661 -0.384318 0.00461653 0.420141
-0.385171 -0.0243281 0.425854 -0.384356 0.00363615 0.420335
-0.38521 -0.0253085 0.426048 -0.384395 0.0026558 0.420529
-0.385248 -0.0262888 0.426241 -0.384414 0.00216564 0.420626
-0.385287 -0.0272692 0.426435 -0.384433 0.00167549 0.420722
-0.385326 -0.0282495 0.426628 -0.38451 -0.000285033 0.42111
-0.385364 -0.0292298 0.426822 -0.384549 -0.00126524 0.421303
-0.385403 -0.0302102 0.427015 -0.384588 -0.00224542 0.421497
-0.385442 -0.0311905 0.427209 -0.384626 -0.00322557 0.421691
-0.38548 -0.0321709 0.427402 -0.384665 -0.00420569 0.421884
-0.385519 -0.0331512 0.427596 -0.384703 -0.00518578 0.422078
-0.385558 -0.0341315 0.427789 -0.384742 -0.00616582 0.422271
-0.385597 -0.0351119 0.427983 -0.384761 -0.00665582 0.422368
-0.385635 -0.0360922 0.428176 -0.384819 -0.00812578 0.422659
-0.385674 -0.0370726 0.42837 -0.384857 -0.00910573 0.422852
-0.385713 -0.0380529 0.428563 -0.384896 -0.0100857 0.423046
-0.385751 -0.0390332 0.428757 -0.384934 -0.0110656 0.42324
-0.38579 -0.0400136 0.42895 -0.384973 -0.0120455 0.423433
-0.385829 -0.0409939 0.429144 -0.384992 -0.0125355 0.42353
-0.385867 -0.0419742 0.429337 -0.38505 -0.0140053 0.42382
-0.385906 -0.0429546 0.429531 -0.385088 -0.0149852 0.424014
-0.385945 -0.0439349 0.429724 -0.385127 -0.0159651 0.424208
-0.385983 -0.0449153 0.429917 -0.385166 -0.0169449 0.424401
-0.386022 -0.0458956 0.430111 -0.385204 -0.0179248 0.424595
-0.386061 -0.0468759 0.430304 -0.385243 -0.0189046 0.424789
-0.3861 -0.0478563 0.430498 -0.385281 -0.0198845 0.424982
-0.386138 -0.0488366 0.430691 -0.38532 -0.0208643 0.425176
-0.386177 -0.049817 0.430885 -0.385358 -0.0218442 0.425369
-0.386216 -0.0507973 0.431078 -0.385397 -0.022824 0.425563
-0.386254 -0.0517776 0.431272 -0.385435 -0.0238038 0.425757
-0.386293 -0.052758 0.431465 -0.385474 -0.0247836 0.42595
-0.386332 -0.0537383 0.431659 -0.385512 -0.0257634 0.426144
-0.38637 -0.0547187 0.431852 -0.385551 -0.0267432 0.426338
-0.386409 -0.055699 0.432046 -0.385589 -0.027723 0.426531
-0.386448 -0.0566793 0.432239 -0.385628 -0.0287028 0.426725
-0.386487 -0.0576597 0.432433 -0.385666 -0.0296826 0.426919
-0.386525 -0.05864 0.432626 -0.385705 -0.0306624 0.427112
-0.386564 -0.0596204 0.43282 -0.385743 -0.0316422 0.427306
-0.386603 -0.0606007 0.433013 -0.385782 -0.032622 0.4275
-0.386641 -0.061581 0.433207 -0.38582 -0.0336018 0.427693
-0.38668 -0.0625614 0.4334 -0.385859 -0.0345816 0.427887
-0.386719 -0.0635417 0.433594 -0.385897 -0.0355614 0.428081
-0.386757 -0.064522 0.433787 -0.385936 -0.0365412 0.428274
-0.386796 -0.0655024 0.433981 -0.385974 -0.037521 0.428468
-0.386835 -0.0664827 0.434174 -0.386013 -0.0385004 0.428662
-0.386874 -0.0674631 0.434368 -0.386051 -0.0394785 0.428855
-0.386912 -0.0684434 0.434561 -0.386089 -0.0404556 0.429048
-0.386951 -0.0694237 0.434755 -0.386128 -0.0414326 0.429241
-0.38699 -0.0704041 0.434948 -0.386166 -0.0424099 0.429435
-0.387028 -0.0713844 0.435142 -0.386204 -0.0433875 0.429628
-0.387067 -0.0723648 0.435335 -0.386243 -0.0443654 0.429821
-0.387106 -0.0733451 0.435529 -0.386281 -0.0453435 0.430015
-0.387144 -0.0743254 0.435722 -0.386319 -0.0463209 0.430208
-0.387183 -0.0753058 0.435916 -0.386357 -0.0472958 0.4304
-0.387222 -0.0762861 0.436109 -0.386395 -0.0482686 0.430593
-0.387261 -0.0772665 0.436303 -0.386433 -0.0492415 0.430785
-0.387299 -0.0782468 0.436496 -0.38649 -0.0507026 0.431074
-0.387338 -0.0792271 0.43669 -0.386509 -0.05119 0.43117
-0.387377 -0.0802075 0.436883 -0.386566 -0.0526514 0.431459
-0.387415 -0.0811878 0.437077 -0.386604 -0.0536231 0.431651
-0.387454 -0.0821682 0.43727 -0.386642 -0.0545927 0.431843
-0.387493 -0.0831485 0.437464 -0.386679 -0.0555606 0.432034
-0.387531 -0.0841288 0.437657 -0.386717 -0.0565271 0.432225
-0.38757 -0.0851092 0.43785 -0.386754 -0.0574919 0.432416
-0.387609 -0.0860895 0.438044 -0.386791 -0.058455 0.432607
-0.387647 -0.0870698 0.438237 -0.386829 -0.0594163 0.432797
-0.387686 -0.0880502 0.438431 -0.386865 -0.0603759 0.432986
-0.387725 -0.0890305 0.438624 -0.386902 -0.0613342 0.433176
-0.387764 -0.0900109 0.438818 -0.386939 -0.0622915 0.433365
-0.387802 -0.0909912 0.439011 -0.386976 -0.0632479 0.433554
-0.387841 -0.0919715 0.439205 -0.387013 -0.0642044 0.433743
-0.38788 -0.0929519 0.439398 -0.38705 -0.0651614 0.433932
-0.387918 -0.0939322 0.439592 -0.387087 -0.0661186 0.434122
-0.387957 -0.0949126 0.439785 -0.387124 -0.0670756 0.434311
-0.387996 -0.0958929 0.439979 -0.387161 -0.0680326 0.4345
-0.388034 -0.0968732 0.440172 -0.387198 -0.06899 0.434689
-0.388073 -0.0978536 0.440366 -0.387236 -0.0699477 0.434879
-0.388112 -0.0988339 0.440559 -0.387273 -0.0709058 0.435068
-0.388151 -0.0998143 0.440753 -0.387311 -0.0718643 0.435258
-0.388189 -0.100795 0.440946 -0.387348 -0.0728233 0.435447
-0.388228 -0.101775 0.44114 -0.387386 -0.0737826 0.435637
-0.388267 -0.102755 0.441333 -0.387423 -0.0747421 0.435827
-0.388305 -0.103736 0.441527 -0.387461 -0.0757019 0.436017
-0.388344 -0.104716 0.44172 -0.387499 -0.0766621 0.436207
-0.388383 -0.105696 0.441914 -0.387536 -0.0776227 0.436397
-0.388421 -0.106677 0.442107 -0.387574 -0.078584 0.436587
-0.38846 -0.107657 0.442301 -0.387593 -0.0790648 0.436682
-0.388499 -0.108637 0.442494 -0.38765 -0.0805081 0.436967
-0.388538 -0.109618 0.442688 -0.387688 -0.0814729 0.437158
-0.388576 -0.110598 0.442881 -0.387726 -0.0824414 0.43735
-0.388615 -0.111578 0.443075 -0.387765 -0.0834118 0.437542
-0.388654 -0.112559 0.443268 -0.387804 -0.0843826 0.437734
-0.388692 -0.113539 0.443462 -0.387842 -0.0853538 0.437926
-0.388731 -0.114519 0.443655 -0.387881 -0.086326 0.438118
-0.38877 -0.1155 0.443849 -0.38792 -0.0872988 0.438311
-0.388808 -0.11648 0.444042 -0.387958 -0.0882722 0.438503
-0.388847 -0.11746 0.444236 -0.387997 -0.0892463 0.438696
-0.388886 -0.118441 0.444429 -0.388036 -0.0902209 0.438889
-0.388925 -0.119421 0.444623 -0.388075 -0.0911956 0.439082
-0.388963 -0.120401 0.444816 -0.388113 -0.09217 0.439274
-0.389002 -0.121382 0.44501 -0.388152 -0.0931441 0.439467
-0.389041 -0.122362 0.445203 -0.38819 -0.0941182 0.43966
-0.389079 -0.123342 0.445397 -0.388229 -0.0950924 0.439853
-0.389118 -0.124323 0.44559 -0.388267 -0.0960668 0.440045
-0.389157 -0.125303 0.445784 -0.388306 -0.0970413 0.440238
-0.389195 -0.126283 0.445977 -0.388344 -0.0980158 0.440431
-0.389234 -0.127264 0.44617 -0.388383 -0.0989902 0.440624
-0.389273 -0.128244 0.446364 -0.388421 -0.0999646 0.440816
-0.389311 -0.129224 0.446557 -0.38846 -0.100939 0.441009
-0.38935 -0.130205 0.446751 -0.388498 -0.101913 0.441202
-0.389389 -0.131185 0.446944 -0.388536 -0.102887 0.441395
-0.389428 -0.132165 0.447138 -0.388575 -0.103862 0.441587
-0.389466 -0.133146 0.447331 -0.388613 -0.104836 0.44178
-0.389505 -0.134126 0.447525 -0.388651 -0.105811 0.441973
-0.389544 -0.135106 0.447718 -0.388689 -0.106785 0.442166
-0.389582 -0.136087 0.447912 -0.388728 -0.107761 0.442359
-0.389621 -0.137067 0.448105 -0.388766 -0.108736 0.442552
-0.38966 -0.138047 0.448299 -0.388804 -0.109711 0.442744
-0.389698 -0.139028 0.448492 -0.388843 -0.110687 0.442937
-0.389737 -0.140008 0.448686 -0.388881 -0.111662 0.44313
-0.389776 -0.140989 0.448879 -0.388919 -0.112638 0.443323
-0.389815 -0.141969 0.449073 -0.388958 -0.113614 0.443517
-0.389853 -0.142949 0.449266 -0.388996 -0.114591 0.44371
-0.389892 -0.14393 0.44946 -0.389035 -0.115568 0.443903
-0.389931 -0.14491 0.449653 -0.389073 -0.116545 0.444096
-0.389969 -0.14589 0.449847 -0.389111 -0.117521 0.44429
-0.390008 -0.146871 0.45004 -0.38915 -0.118498 0.444483
-0.390047 -0.147851 0.450234 -0.389188 -0.119474 0.444676
-0.390085 -0.148831 0.450427 -0.389226 -0.120451 0.444869
-0.390124 -0.149812 0.450621 -0.389264 -0.121427 0.445062
-0.390163 -0.150792 0.450814 -0.389303 -0.122404 0.445255
-0.390202 -0.151772 0.451008 -0.389341 -0.123381 0.445449
-0.39024 -0.152753 0.451201 -0.389379 -0.124359 0.445642
-0.390279 -0.153733 0.451395 -0.389437 -0.125827 0.445933
-0.390318 -0.154713 0.451588 -0.389476 -0.126807 0.446127
-0.390356 -0.155694 0.451782 -0.389514 -0.127787 0.44632
-0.390395 -0.156674 0.451975 -0.389533 -0.128277 0.446417
-0.390434 -0.157654 0.452169 -0.389591 -0.129747 0.446708
-0.390472 -0.158635 0.452362 -0.38961 -0.130237 0.446805
-0.390511 -0.159615 0.452556 -0.389649 -0.131217 0.446999
-0.39055 -0.160595 0.452749 -0.389687 -0.132197 0.447193
-0.390589 -0.161576 0.452943 -0.389726 -0.133177 0.447387
-0.390627 -0.162556 0.453136 -0.389764 -0.134158 0.447581
-0.390666 -0.163536 0.45333 -0.389803 -0.135139 0.447775
-0.390705 -0.164517 0.453523 -0.389841 -0.136121 0.447969
-0.390743 -0.165497 0.453717 -0.389899 -0.137592 0.44826
-0.390782 -0.166477 0.45391 -0.389938 -0.138573 0.448454
-0.390821 -0.167458 0.454103 -0.389976 -0.139553 0.448648
-0.390859 -0.168438 0.454297 -0.389995 -0.140043 0.448745
-0.390898 -0.169418 0.45449 -0.390034 -0.141023 0.448939
-0.390937 -0.170399 0.454684 -0.390072 -0.142003 0.449133
-0.390975 -0.171379 0.454877 -0.39011 -0.142983 0.449327
-0.391014 -0.172359 0.455071 -0.390149 -0.143962 0.449521
-0.391053 -0.17334 0.455264 -0.390187 -0.144942 0.449714
-0.391092 -0.17432 0.455458 -0.390225 -0.145921 0.449908
-0.39113 -0.1753 0.455651 -0.390263 -0.1469 0.450102
-0.391169 -0.176281 0.455845 -0.390302 -0.147879 0.450295
-0.391208 -0.177261 0.456038 -0.39034 -0.148858 0.450489
-0.391246 -0.178241 0.456232 -0.390378 -0.149837 0.450683
-0.391285 -0.179222 0.456425 -0.390417 -0.150817 0.450877
-0.391324 -0.180202 0.456619 -0.390455 -0.151798 0.451071
-0.391362 -0.181182 0.456812 -0.390493 -0.152779 0.451265
-0.391401 -0.182163 0.457006 -0.390532 -0.15376 0.451459
-0.39144 -0.183143 0.457199 -0.39057 -0.15474 0.451653
-0.391479 -0.184123 0.457393 -0.390608 -0.15572 0.451847
-0.391517 -0.185104 0.457586 -0.390647 -0.1567 0.45204
-0.391556 -0.186084 0.45778 -0.390685 -0.157679 0.452234
-0.391595 -0.187064 0.457973 -0.390723 -0.15866 0.452428
-0.391633 -0.188045 0.458167 -0.390762 -0.15964 0.452622
-0.391672 -0.189025 0.45836 -0.3908 -0.160619 0.452816
-0.391711 -0.190005 0.458554 -0.390838 -0.161599 0.45301
-0.391749 -0.190986 0.458747 -0.390877 -0.162579 0.453203
-0.391788 -0.191966 0.458941 -0.390915 -0.163558 0.453397
-0.391827 -0.192946 0.459134 -0.390953 -0.164538 0.453591
-0.391866 -0.193927 0.459328 -0.390991 -0.165517 0.453785
-0.391904 -0.194907 0.459521 -0.39103 -0.166496 0.453978
-0.391943 -0.195887 0.459715 -0.391068 -0.167474 0.454172
-0.391982 -0.196868 0.459908 -0.391106 -0.168453 0.454365
-0.39202 -0.197848 0.460102 -0.391144 -0.169431 0.454559
-0.392059 -0.198829 0.460295 -0.391183 -0.170411 0.454753
-0.392098 -0.199809 0.460489 -0.391221 -0.171391 0.454947
-0.392136 -0.200789 0.460682 -0.391259 -0.172371 0.45514
-0.392175 -0.20177 0.460876 -0.391298 -0.17335 0.455334
-0.392214 -0.20275 0.461069 -0.391336 -0.174329 0.455528
-0.392253 -0.20373 0.461263 -0.391374 -0.175308 0.455721
-0.392291 -0.204711 0.461456 -0.391412 -0.176287 0.455915
-0.39233 -0.205691 0.46165 -0.39145 -0.177265 0.456109
-0.392369 -0.206671 0.461843 -0.391489 -0.178244 0.456302
-0.392407 -0.207652 0.462036 -0.391527 -0.179222 0.456496
-0.392446 -0.208632 0.46223 -0.391565 -0.1802 0.456689
-0.392485 -0.209612 0.462423 -0.391603 -0.181178 0.456883
-0.392523 -0.210593 0.462617 -0.391641 -0.182156 0.457076
-0.392562 -0.211573 0.46281 -0.39168 -0.183134 0.457269
-0.392601 -0.212553 0.463004 -0.391718 -0.184112 0.457463
-0.392639 -0.213534 0.463197 -0.391756 -0.18509 0.457656
-0.392678 -0.214514 0.463391 -0.391794 -0.186068 0.45785
-0.392717 -0.215494 0.463584 -0.391832 -0.187046 0.458043
-0.392756 -0.216475 0.463778 -0.391871 -0.188024 0.458237
-0.392794 -0.217455 0.463971 -0.391909 -0.189002 0.45843
-0.392833 -0.218435 0.464165 -0.391947 -0.189981 0.458624
-0.392872 -0.219416 0.464358 -0.391985 -0.190959 0.458817
-0.39291 -0.220396 0.464552 -0.392024 -0.191938 0.459011
-0.392949 -0.221376 0.464745 -0.392062 -0.192917 0.459204
-0.392988 -0.222357 0.464939 -0.3921 -0.193896 0.459398
-0.393026 -0.223337 0.465132 -0.392139 -0.194875 0.459592
-0.393065 -0.224317 0.465326 -0.392177 -0.195855 0.459786
-0.393104 -0.225298 0.465519 -0.392215 -0.196836 0.45998
-0.393143 -0.226278 0.465713 -0.392254 -0.197818 0.460174
-0.393181 -0.227258 0.465906 -0.392293 -0.198803 0.460369
-0.39322 -0.228239 0.4661 -0.392332 -0.199791 0.460565
-0.393259 -0.229219 0.466293 -0.392371 -0.20078 0.46076
-0.393297 -0.230199 0.466487 -0.39241 -0.201771 0.460957
-0.393336 -0.23118 0.46668 -0.39245 -0.202762 0.461153
-0.393375 -0.23216 0.466874 -0.392489 -0.203754 0.461349
-0.393413 -0.23314 0.467067 -0.392528 -0.204745 0.461545
-0.393452 -0.234121 0.467261 -0.392567 -0.205738 0.461742
-0.393491 -0.235101 0.467454 -0.392607 -0.206732 0.461939
-0.39353 -0.236081 0.467648 -0.392646 -0.207727 0.462136
-0.393568 -0.237062 0.467841 -0.392686 -0.208723 0.462333
-0.393607 -0.238042 0.468035 -0.392725 -0.209719 0.46253
-0.393646 -0.239022 0.468228 -0.392764 -0.210715 0.462727
-0.393684 -0.240003 0.468422 -0.392804 -0.211712 0.462925
-0.393723 -0.240983 0.468615 -0.392843 -0.21271 0.463122
-0.393762 -0.241963 0.468809 -0.392883 -0.213707 0.46332
-0.3938 -0.242944 0.469002 -0.392922 -0.214705 0.463517
-0.393839 -0.243924 0.469196 -0.392961 -0.215702 0.463714
-0.393878 -0.244904 0.469389 -0.393 -0.216699 0.463912
-0.393917 -0.245885 0.469583 -0.39304 -0.217694 0.464109
-0.393955 -0.246865 0.469776 -0.393079 -0.218689 0.464305
-0.393994 -0.247845 0.46997 -0.393117 -0.219683 0.464502
-0.394033 -0.248826 0.470163 -0.393156 -0.220676 0.464698
-0.394071 -0.249806 0.470356 -0.393195 -0.221669 0.464895
-0.39411 -0.250786 0.47055 -0.393234 -0.222662 0.465091
-0.394149 -0.251767 0.470743 -0.393273 -0.223655 0.465287
-0.394187 -0.252747 0.470937 -0.393311 -0.224648 0.465484
-0.394226 -0.253728 0.47113 -0.39335 -0.225641 0.46568
-0.394265 -0.254708 0.471324 -0.393389 -0.226634 0.465877
-0.394303 -0.255688 0.471517 -0.393428 -0.227624 0.466072
-0.394342 -0.256669 0.471711 -0.393466 -0.228613 0.466268
-0.394381 -0.257649 0.471904 -0.393504 -0.229603 0.466464
-0.39442 -0.258629 0.472098 -0.393543 -0.230592 0.466659
-0.394458 -0.25961 0.472291 -0.393581 -0.23158 0.466854
-0.394497 -0.26059 0.472485 -0.39362 -0.232568 0.46705
-0.394536 -0.26157 0.472678 -0.393658 -0.233554 0.467245
-0.394574 -0.262551 0.472872 -0.393696 -0.234539 0.467439
-0.394613 -0.263531 0.473065 -0.393734 -0.235523 0.467634
-0.394652 -0.264511 0.473259 -0.393773 -0.236507 0.467828
-0.39469 -0.265492 0.473452 -0.393811 -0.237492 0.468023
-0.394729 -0.266472 0.473646 -0.393849 -0.238477 0.468217
-0.394768 -0.267452 0.473839 -0.393868 -0.238969 0.468315
-0.394807 -0.268433 0.474033 -0.393925 -0.240444 0.468606
-0.394845 -0.269413 0.474226 -0.393963 -0.241425 0.4688
-0.394884 -0.270393 0.47442 -0.394001 -0.242405 0.468994
-0.394923 -0.271374 0.474613 -0.394039 -0.243386 0.469188
-0.394961 -0.272354 0.474807 -0.394078 -0.244367 0.469381
-0.395 -0.273334 0.475 -0.394116 -0.245348 0.469575
-0.395039 -0.274315 0.475194 -0.394154 -0.246328 0.469769
-0.395077 -0.275295 0.475387 -0.394192 -0.247307 0.469963
-0.395116 -0.276275 0.475581 -0.394229 -0.248283 0.470155
-0.395155 -0.277256 0.475774 -0.394267 -0.249259 0.470348
-0.395194 -0.278236 0.475968 -0.394305 -0.250233 0.470541
-0.395232 -0.279216 0.476161 -0.394343 -0.251206 0.470733
-0.395271 -0.280197 0.476355 -0.39438 -0.252179 0.470925
-0.39531 -0.281177 0.476548 -0.394418 -0.253149 0.471117
-0.395348 -0.282157 0.476742 -0.394455 -0.254119 0.471308
-0.395387 -0.283138 0.476935 -0.394493 -0.255089 0.4715
-0.395426 -0.284118 0.477129 -0.39453 -0.256058 0.471691
-0.395464 -0.285098 0.477322 -0.394568 -0.257027 0.471883
-0.395503 -0.286079 0.477516 -0.394605 -0.257997 0.472074
-0.395542 -0.287059 0.477709 -0.394643 -0.258966 0.472266
-0.395581 -0.288039 0.477903 -0.394681 -0.259936 0.472457
-0.395619 -0.28902 0.478096 -0.3947 -0.26042 0.472553
-0.395658 -0.29 0.478289 -0.394756 -0.261875 0.472841
-0.395697 -0.29098 0.478483 -0.394794 -0.262847 0.473033
-0.395735 -0.291961 0.478676 -0.394832 -0.263821 0.473226
-0.395774 -0.292941 0.47887 -0.394871 -0.264797 0.473418
-0.395813 -0.293921 0.479063 -0.39489 -0.265285 0.473515
-0.395851 -0.294902 0.479257 -0.394947 -0.266752 0.473805
-0.39589 -0.295882 0.47945 -0.394986 -0.26773 0.473999
-0.395929 -0.296862 0.479644 -0.395024 -0.268706 0.474192
-0.395967 -0.297843 0.479837 -0.395063 -0.269682 0.474385
-0.396006 -0.298823 0.480031 -0.395101 -0.270657 0.474578
-0.396045 -0.299803 0.480224 -0.395139 -0.271631 0.47477
-0.396084 -0.300784 0.480418 -0.395177 -0.272604 0.474963
-0.396122 -0.301764 0.480611 -0.395215 -0.273577 0.475155
-0.396161 -0.302744 0.480805 -0.395234 -0.274063 0.475251
-0.3962 -0.303725 0.480998 -0.395272 -0.275035 0.475443
-0.396238 -0.304705 0.481192 -0.395329 -0.276492 0.475731
-0.396277 -0.305685 0.481385 -0.395348 -0.276978 0.475827
-0.396316 -0.306666 0.481579 -0.395386 -0.27795 0.476019
-0.396354 -0.307646 0.481772 -0.395443 -0.279407 0.476307
-0.396393 -0.308627 0.481966 -0.395481 -0.280378 0.476499
-0.396432 -0.309607 0.482159 -0.395519 -0.28135 0.476692
-0.396471 -0.310587 0.482353 -0.395576 -0.282811 0.476981
-0.396509 -0.311568 0.482546 -0.395614 -0.283785 0.477173
-0.396548 -0.312548 0.48274 -0.395653 -0.284759 0.477366
-0.396587 -0.313528 0.482933 -0.395672 -0.285246 0.477462
-0.396625 -0.314509 0.483127 -0.39571 -0.286219 0.477655
-0.396664 -0.315489 0.48332 -0.395748 -0.287193 0.477847
-0.396703 -0.316469 0.483514 -0.395805 -0.288654 0.478136
-0.396741 -0.31745 0.483707 -0.395843 -0.289628 0.478328
-0.39678 -0.31843 0.483901 -0.395882 -0.290602 0.478521
-0.396819 -0.31941 0.484094 -0.39592 -0.291576 0.478714
-0.396858 -0.320391 0.484288 -0.395958 -0.292551 0.478907
-0.396896 -0.321371 0.484481 -0.395996 -0.293526 0.479099
-0.396935 -0.322351 0.484675 -0.396035 -0.294501 0.479292
-0.396974 -0.323332 0.484868 -0.396073 -0.295477 0.479485
-0.397012 -0.324312 0.485062 -0.396111 -0.296452 0.479678
-0.397051 -0.325292 0.485255 -0.396131 -0.29694 0.479774
-0.39709 -0.326273 0.485449 -0.396188 -0.298403 0.480064
-0.397128 -0.327253 0.485642 -0.396226 -0.299378 0.480257
-0.397167 -0.328233 0.485836 -0.396265 -0.300354 0.48045
-0.397206 -0.329214 0.486029 -0.396303 -0.30133 0.480643
-0.397244 -0.330194 0.486222 -0.396341 -0.302306 0.480836
-0.397283 -0.331174 0.486416 -0.396379 -0.303282 0.481029
-0.397322 -0.332155 0.486609 -0.396418 -0.304258 0.481222
-0.397361 -0.333135 0.486803 -0.396437 -0.304747 0.481318
-0.397399 -0.334115 0.486996 -0.396475 -0.305723 0.481511
-0.397438 -0.335096 0.48719 -0.396514 -0.3067 0.481704
-0.397477 -0.336076 0.487383 -0.396552 -0.307677 0.481898
-0.397515 -0.337056 0.487577 -0.39659 -0.308654 0.482091
-0.397554 -0.338037 0.48777 -0.396629 -0.309631 0.482284
-0.397593 -0.339017 0.487964 -0.396667 -0.310609 0.482477
-0.397631 -0.339997 0.488157 -0.396706 -0.311586 0.482671
-0.39767 -0.340978 0.488351 -0.396744 -0.312563 0.482864
-0.397709 -0.341958 0.488544 -0.396802 -0.31403 0.483154
-0.397748 -0.342938 0.488738 -0.39684 -0.315008 0.483347
-0.397786 -0.343919 0.488931 -0.396859 -0.315497 0.483444
-0.397825 -0.344899 0.489125 -0.396898 -0.316476 0.483638
-0.397864 -0.345879 0.489318 -0.396936 -0.317455 0.483831
-0.397902 -0.34686 0.489512 -0.396975 -0.318434 0.484025
-0.397941 -0.34784 0.489705 -0.397013 -0.319412 0.484218
-0.39798 -0.34882 0.489899 -0.397051 -0.320391 0.484412
-0.398018 -0.349801 0.490092 -0.39709 -0.32137 0.484605
-0.398057 -0.350781 0.490286 -0.397128 -0.322349 0.484799
-0.398096 -0.351761 0.490479 -0.397167 -0.323328 0.484992
-0.398135 -0.352742 0.490673 -0.397205 -0.324307 0.485186
-0.398173 -0.353722 0.490866 -0.397244 -0.325286 0.48538
-0.398212 -0.354702 0.49106 -0.397282 -0.326266 0.485573
-0.398251 -0.355683 0.491253 -0.397321 -0.327245 0.485767
-0.398289 -0.356663 0.491447 -0.397359 -0.328224 0.48596
-0.398328 -0.357643 0.49164 -0.397397 -0.329204 0.486154
-0.398367 -0.358624 0.491834 -0.397436 -0.330183 0.486348
-0.398405 -0.359604 0.492027 -0.397474 -0.331163 0.486542
-0.398444 -0.360584 0.492221 -0.397513 -0.332144 0.486736
-0.398483 -0.361565 0.492414 -0.397552 -0.333125 0.486929
-0.398522 -0.362545 0.492608 -0.39759 -0.334106 0.487123
-0.39856 -0.363525 0.492801 -0.397629 -0.335088 0.487318
-0.398599 -0.364506 0.492995 -0.397667 -0.33607 0.487512
-0.398638 -0.365486 0.493188 -0.397706 -0.337052 0.487706
-0.398676 -0.366467 0.493382 -0.397745 -0.338033 0.4879
-0.398715 -0.367447 0.493575 -0.397783 -0.339015 0.488094
-0.398754 -0.368427 0.493769 -0.397822 -0.339997 0.488288
-0.398792 -0.369408 0.493962 -0.39786 -0.340978 0.488482
-0.398831 -0.370388 0.494156 -0.397899 -0.341959 0.488676
-0.39887 -0.371368 0.494349 -0.397937 -0.34294 0.48887
-0.398908 -0.372349 0.494542 -0.397976 -0.343921 0.489064
-0.398947 -0.373329 0.494736 -0.398014 -0.344902 0.489258
-0.398986 -0.374309 0.494929 -0.398053 -0.345883 0.489452
-0.399025 -0.37529 0.495123 -0.398091 -0.346864 0.489646
-0.399063 -0.37627 0.495316 -0.39813 -0.347846 0.48984
-0.399102 -0.37725 0.49551 -0.398168 -0.348827 0.490034
-0.399141 -0.378231 0.495703 -0.398207 -0.349808 0.490228
-0.399179 -0.379211 0.495897 -0.398245 -0.350789 0.490422
-0.399218 -0.380191 0.49609 -0.398284 -0.35177 0.490616
-0.399257 -0.381172 0.496284 -0.398322 -0.35275 0.49081
-0.399295 -0.382152 0.496477 -0.398361 -0.35373 0.491003
-0.399334 -0.383132 0.496671 -0.398399 -0.354711 0.491197
-0.399373 -0.384113 0.496864 -0.398438 -0.355691 0.491391
-0.399412 -0.385093 0.497058 -0.398476 -0.356671 0.491585
-0.39945 -0.386073 0.497251 -0.398495 -0.357161 0.491681
-0.399489 -0.387054 0.497445 -0.398514 -0.357651 0.491778
-0.399528 -0.388034 0.497638 -0.398591 -0.359611 0.492166
-0.399566 -0.389014 0.497832 -0.39863 -0.360593 0.49236
-0.399605 -0.389995 0.498025 -0.398669 -0.361575 0.492554
-0.399644 -0.390975 0.498219 -0.398707 -0.362559 0.492749
-0.399682 -0.391955 0.498412 -0.398746 -0.363542 0.492943
-0.399721 -0.392936 0.498606 -0.398785 -0.364525 0.493137
-0.39976 -0.393916 0.498799 -0.398823 -0.365509 0.493332
-0.399799 -0.394896 0.498993 -0.398862 -0.366495 0.493527
-0.399837 -0.395877 0.499186 -0.398901 -0.367481 0.493722
-0.399876 -0.396857 0.49938 -0.39894 -0.368467 0.493917
-0.399915 -0.397837 0.499573 -0.398979 -0.369452 0.494112
-0.399953 -0.398818 0.499767 -0.399018 -0.370438 0.494307
-0.399992 -0.399798 0.49996 -0.399057 -0.371424 0.494502
-0.400031 -0.400778 0.500154 -0.399095 -0.372409 0.494697
-0.399992 -0.399798 0.49996 -0.399134 -0.373393 0.494891
-0.400031 -0.400778 0.500154 -0.399173 -0.374377 0.495086
-0.399992 -0.399798 0.49996 -0.399211 -0.37536 0.49528
-0.400031 -0.400778 0.500154 -0.39925 -0.376341 0.495474
-0.399992 -0.399798 0.49996 -0.399288 -0.377318 0.495667
-0.400031 -0.400778 0.500154 -0.399325 -0.378286 0.495858
-0.399992 -0.399798 0.49996 -0.399362 -0.379244 0.496046
-0.400031 -0.400778 0.500154 -0.399398 -0.380188 0.496232
-0.399992 -0.399798 0.49996 -0.399415 -0.380654 0.496324
-0.400031 -0.400778 0.500154 -0.399466 -0.382027 0.496592
-0.399992 -0.399798 0.49996 -0.399498 -0.382917 0.496766
-0.400031 -0.400778 0.500154 -0.399529 -0.383787 0.496935
-0.399992 -0.399798 0.49996 -0.399559 -0.384632 0.497099
-0.400031 -0.400778 0.500154 -0.399587 -0.385449 0.497257
-0.399992 -0.399798 0.49996 -0.399613 -0.386239 0.49741
-0.400031 -0.400778 0.500154 -0.399638 -0.387 0.497556
-0.399992 -0.399798 0.49996 -0.399661 -0.387731 0.497696
-0.400031 -0.400778 0.500154 -0.399683 -0.388435 0.49783
-0.399992 -0.399798 0.49996 -0.399704 -0.38911 0.497959
-0.400031 -0.400778 0.500154 -0.399723 -0.38976 0.498082
-0.399992 -0.399798 0.49996 -0.399741 -0.390382 0.4982
-0.400031 -0.400778 0.500154 -0.399759 -0.390976 0.498313
-0.399992 -0.399798 0.49996 -0.399775 -0.391543 0.49842
-0.400031 -0.400778 0.500154 -0.39979 -0.392086 0.498522
-0.399992 -0.399798 0.49996 -0.399804 -0.392604 0.498619
-0.400031 -0.400778 0.500154 -0.399818 -0.393099 0.498712
-0.399992 -0.399798 0.49996 -0.39983 -0.393569 0.4988
-0.400031 -0.400778 0.500154 -0.399842 -0.394014 0.498883
-0.399992 -0.399798 0.49996 -0.399853 -0.394436 0.498962
-0.400031 -0.400778 0.500154 -0.399863 -0.394836 0.499037
-0.399992 -0.399798 0.49996 -0.399868 -0.395028 0.499073
-0.400031 -0.400778 0.500154 -0.399882 -0.395571 0.499173
-0.399992 -0.399798 0.49996 -0.39989 -0.395907 0.499236
-0.400031 -0.400778 0.500154 -0.399894 -0.396069 0.499266
-0.399992 -0.399798 0.49996 -0.399906 -0.396526 0.499351
-0.400031 -0.400778 0.500154 -0.399913 -0.396807 0.499403
-0.399992 -0.399798 0.49996 -0.399919 -0.39707 0.499452
-0.400031 -0.400778 0.500154 -0.399925 -0.397314 0.499497
-0.399992 -0.399798 0.49996 -0.39993 -0.397542 0.499539
-0.400031 -0.400778 0.500154 -0.399935 -0.397754 0.499578
-0.399992 -0.399798 0.49996 -0.39994 -0.397952 0.499615
-0.400031 -0.400778 0.500154 -0.399944 -0.398134 0.499648
-0.399992 -0.399798 0.49996 -0.399948 -0.398304 0.499679
-0.400031 -0.400778 0.500154 -0.399952 -0.39846 0.499708
-0.399992 -0.399798 0.49996 -0.399955 -0.398605 0.499735
-0.400031 -0.400778 0.500154 -0.399958 -0.398738 0.499759
-0.399992 -0.399798 0.49996 -0.399961 -0.398861 0.499782
-0.400031 -0.400778 0.500154 -0.399964 -0.398974 0.499803
-0.399992 -0.399798 0.49996 -0.399966 -0.399078 0.499822
