-0.37004 0.358984 0.3502 -0.370001 0.359964 0.350007
-0.370079 0.358004 0.350394 -0.370001 0.359964 0.350007
-0.370117 0.357024 0.350587 -0.370001 0.359964 0.350007
-0.370156 0.356043 0.350781 -0.370001 0.359964 0.350007
-0.370195 0.355063 0.350974 -0.370001 0.359961 0.350008
-0.370234 0.354083 0.351168 -0.370001 0.359952 0.350009
-0.370272 0.353102 0.351361 -0.370001 0.359944 0.350011
-0.370311 0.352122 0.351555 -0.370003 0.3599 0.35002
-0.37035 0.351142 0.351748 -0.370004 0.359877 0.350024
-0.370388 0.350161 0.351942 -0.370007 0.359819 0.350036
-0.370427 0.349181 0.352135 -0.370012 0.359693 0.350061
-0.370466 0.348201 0.352329 -0.370018 0.359581 0.350084
-0.370504 0.34722 0.352522 -0.370021 0.359516 0.350097
-0.370543 0.34624 0.352716 -0.370028 0.359367 0.350126
-0.370582 0.34526 0.352909 -0.370036 0.359193 0.350161
-0.370621 0.344279 0.353103 -0.370041 0.359096 0.350181
-0.370659 0.343299 0.353296 -0.370062 0.358644 0.350272
-0.370698 0.342319 0.35349 -0.370076 0.358376 0.350326
-0.370737 0.341338 0.353683 -0.370091 0.358078 0.350386
-0.370775 0.340358 0.353877 -0.370107 0.357751 0.350452
-0.370814 0.339378 0.35407 -0.370125 0.357397 0.350524
-0.370853 0.338397 0.354264 -0.370144 0.357016 0.350601
-0.370891 0.337417 0.354457 -0.370165 0.356609 0.350683
-0.37093 0.336437 0.354651 -0.370187 0.356174 0.350771
-0.370969 0.335456 0.354844 -0.37021 0.355714 0.350864
-0.371008 0.334476 0.355038 -0.370223 0.355475 0.350912
-0.371046 0.333496 0.355231 -0.370261 0.354719 0.351065
-0.371085 0.332515 0.355425 -0.370289 0.354185 0.351173
-0.371124 0.331535 0.355618 -0.370317 0.353628 0.351286
-0.371162 0.330555 0.355812 -0.370332 0.353341 0.351344
-0.371201 0.329574 0.356005 -0.370362 0.352751 0.351464
-0.37124 0.328594 0.356199 -0.370409 0.351825 0.351651
-0.371278 0.327614 0.356392 -0.370442 0.351182 0.351781
-0.371317 0.326633 0.356586 -0.370475 0.35052 0.351915
-0.371356 0.325653 0.356779 -0.370509 0.349838 0.352052
-0.371395 0.324673 0.356973 -0.370544 0.34914 0.352193
-0.371433 0.323692 0.357166 -0.37058 0.348423 0.352337
-0.371472 0.322712 0.357359 -0.370617 0.347691 0.352485
-0.371511 0.321732 0.357553 -0.370654 0.346943 0.352636
-0.371549 0.320751 0.357746 -0.370691 0.34618 0.352789
-0.371588 0.319771 0.35794 -0.370729 0.345402 0.352946
-0.371627 0.318791 0.358133 -0.370768 0.344612 0.353105
-0.371665 0.31781 0.358327 -0.370806 0.343808 0.353266
-0.371704 0.31683 0.35852 -0.370846 0.342992 0.35343
-0.371743 0.31585 0.358714 -0.370885 0.342165 0.353596
-0.371781 0.314869 0.358907 -0.370925 0.341327 0.353764
-0.37182 0.313889 0.359101 -0.370965 0.340479 0.353934
-0.371859 0.312909 0.359294 -0.371005 0.339621 0.354106
-0.371898 0.311928 0.359488 -0.371045 0.338754 0.354279
-0.371936 0.310948 0.359681 -0.371085 0.337878 0.354454
-0.371975 0.309968 0.359875 -0.371106 0.337437 0.354542
-0.372014 0.308987 0.360068 -0.371166 0.336103 0.354808
-0.372052 0.308007 0.360262 -0.371187 0.335654 0.354898
-0.372091 0.307026 0.360455 -0.371227 0.334752 0.355078
-0.37213 0.306046 0.360649 -0.371268 0.333844 0.355259
-0.372168 0.305066 0.360842 -0.371329 0.332471 0.355532
-0.372207 0.304085 0.361036 -0.37137 0.331548 0.355716
-0.372246 0.303105 0.361229 -0.37141 0.330621 0.3559
-0.372285 0.302125 0.361423 -0.371451 0.329688 0.356085
-0.372323 0.301144 0.361616 -0.371491 0.328751 0.356271
-0.372362 0.300164 0.36181 -0.371532 0.327811 0.356458
-0.372401 0.299184 0.362003 -0.371572 0.326866 0.356645
-0.372439 0.298203 0.362197 -0.371612 0.325917 0.356833
-0.372478 0.297223 0.36239 -0.371653 0.324965 0.357022
-0.372517 0.296243 0.362584 -0.371693 0.32401 0.357211
-0.372555 0.295262 0.362777 -0.371733 0.323053 0.357401
-0.372594 0.294282 0.362971 -0.371773 0.322093 0.35759
-0.372633 0.293302 0.363164 -0.371813 0.32113 0.357781
-0.372672 0.292321 0.363358 -0.371833 0.320648 0.357876
-0.37271 0.291341 0.363551 -0.371893 0.319199 0.358162
-0.372749 0.290361 0.363745 -0.371932 0.318231 0.358354
-0.372788 0.28938 0.363938 -0.371972 0.317261 0.358545
-0.372826 0.2884 0.364132 -0.372011 0.316289 0.358737
-0.372865 0.28742 0.364325 -0.372051 0.315316 0.358929
-0.372904 0.286439 0.364519 -0.37209 0.314342 0.359121
-0.372942 0.285459 0.364712 -0.372129 0.313367 0.359313
-0.372981 0.284479 0.364906 -0.372169 0.312391 0.359506
-0.37302 0.283498 0.365099 -0.372208 0.311414 0.359698
-0.373058 0.282518 0.365292 -0.372247 0.310436 0.359891
-0.373097 0.281538 0.365486 -0.372286 0.309457 0.360084
-0.373136 0.280557 0.365679 -0.372325 0.308478 0.360277
-0.373175 0.279577 0.365873 -0.372364 0.307498 0.36047
-0.373213 0.278597 0.366066 -0.372403 0.306517 0.360663
-0.373252 0.277616 0.36626 -0.372441 0.305536 0.360856
-0.373291 0.276636 0.366453 -0.37248 0.304555 0.361049
-0.373329 0.275656 0.366647 -0.372519 0.303573 0.361242
-0.373368 0.274675 0.36684 -0.372558 0.302591 0.361436
-0.373407 0.273695 0.367034 -0.372596 0.301609 0.361629
-0.373445 0.272715 0.367227 -0.372635 0.300627 0.361822
-0.373484 0.271734 0.367421 -0.372673 0.299644 0.362016
-0.373523 0.270754 0.367614 -0.372712 0.298661 0.362209
-0.373562 0.269774 0.367808 -0.372751 0.297679 0.362402
-0.3736 0.268793 0.368001 -0.372789 0.296696 0.362596
-0.373639 0.267813 0.368195 -0.372828 0.295713 0.362789
-0.373678 0.266833 0.368388 -0.372866 0.294729 0.362982
-0.373716 0.265852 0.368582 -0.372905 0.293746 0.363176
-0.373755 0.264872 0.368775 -0.372943 0.292763 0.363369
-0.373794 0.263892 0.368969 -0.372982 0.29178 0.363563
-0.373832 0.262911 0.369162 -0.37302 0.290797 0.363756
-0.373871 0.261931 0.369356 -0.373059 0.289814 0.363949
-0.37391 0.260951 0.369549 -0.373097 0.288831 0.364143
-0.373949 0.25997 0.369743 -0.373136 0.287848 0.364336
-0.373987 0.25899 0.369936 -0.373174 0.286865 0.364529
-0.374026 0.25801 0.37013 -0.373213 0.285882 0.364723
-0.374065 0.257029 0.370323 -0.373251 0.284899 0.364916
-0.374103 0.256049 0.370517 -0.373289 0.283916 0.365109
-0.374142 0.255069 0.37071 -0.373328 0.282934 0.365303
-0.374181 0.254088 0.370904 -0.373366 0.281951 0.365496
-0.374219 0.253108 0.371097 -0.373405 0.280968 0.365689
-0.374258 0.252128 0.371291 -0.373443 0.279986 0.365882
-0.374297 0.251147 0.371484 -0.373482 0.279004 0.366076
-0.374336 0.250167 0.371678 -0.37352 0.278021 0.366269
-0.374374 0.249186 0.371871 -0.373559 0.277039 0.366462
-0.374413 0.248206 0.372065 -0.373598 0.276057 0.366655
-0.374452 0.247226 0.372258 -0.373636 0.275075 0.366848
-0.37449 0.246245 0.372452 -0.373675 0.274093 0.367042
-0.374529 0.245265 0.372645 -0.373713 0.273111 0.367235
-0.374568 0.244285 0.372839 -0.373752 0.272129 0.367428
-0.374606 0.243304 0.373032 -0.37379 0.271147 0.367621
-0.374645 0.242324 0.373226 -0.373829 0.270166 0.367814
-0.374684 0.241344 0.373419 -0.373868 0.269184 0.368007
-0.374722 0.240363 0.373612 -0.373906 0.268202 0.3682
-0.374761 0.239383 0.373806 -0.373945 0.267221 0.368394
-0.3748 0.238403 0.373999 -0.373983 0.26624 0.368587
-0.374839 0.237422 0.374193 -0.374022 0.265258 0.36878
-0.374877 0.236442 0.374386 -0.374061 0.264277 0.368973
-0.374916 0.235462 0.37458 -0.374099 0.263296 0.369166
-0.374955 0.234481 0.374773 -0.374138 0.262315 0.369359
-0.374993 0.233501 0.374967 -0.374177 0.261333 0.369552
-0.375032 0.232521 0.37516 -0.374215 0.260352 0.369745
-0.375071 0.23154 0.375354 -0.374254 0.259371 0.369938
-0.375109 0.23056 0.375547 -0.374293 0.25839 0.370131
-0.375148 0.22958 0.375741 -0.374331 0.25741 0.370324
-0.375187 0.228599 0.375934 -0.37437 0.256429 0.370517
-0.375226 0.227619 0.376128 -0.374409 0.255448 0.37071
-0.375264 0.226639 0.376321 -0.374447 0.254467 0.370903
-0.375303 0.225658 0.376515 -0.374486 0.253486 0.371096
-0.375342 0.224678 0.376708 -0.374525 0.252506 0.371289
-0.37538 0.223698 0.376902 -0.374564 0.251526 0.371482
-0.375419 0.222717 0.377095 -0.374602 0.25055 0.371674
-0.375458 0.221737 0.377289 -0.37464 0.249577 0.371866
-0.375496 0.220757 0.377482 -0.374678 0.248604 0.372057
-0.375535 0.219776 0.377676 -0.374716 0.24763 0.372249
-0.375574 0.218796 0.377869 -0.374754 0.246655 0.372441
-0.375613 0.217816 0.378063 -0.374793 0.24568 0.372633
-0.375651 0.216835 0.378256 -0.374831 0.244703 0.372825
-0.37569 0.215855 0.37845 -0.37487 0.243726 0.373017
-0.375729 0.214875 0.378643 -0.374909 0.242749 0.373209
-0.375767 0.213894 0.378837 -0.374947 0.24177 0.373402
-0.375806 0.212914 0.37903 -0.374986 0.240792 0.373595
-0.375845 0.211934 0.379224 -0.375025 0.239813 0.373787
-0.375883 0.210953 0.379417 -0.375064 0.238833 0.37398
-0.375922 0.209973 0.379611 -0.375103 0.237853 0.374173
-0.375961 0.208993 0.379804 -0.375142 0.236873 0.374366
-0.376 0.208012 0.379998 -0.375181 0.235893 0.374559
-0.376038 0.207032 0.380191 -0.37522 0.234912 0.374752
-0.376077 0.206052 0.380385 -0.375258 0.233931 0.374945
-0.376116 0.205071 0.380578 -0.375297 0.23295 0.375138
-0.376154 0.204091 0.380772 -0.375336 0.231969 0.375332
-0.376193 0.203111 0.380965 -0.375375 0.230988 0.375525
-0.376232 0.20213 0.381159 -0.375414 0.230006 0.375718
-0.37627 0.20115 0.381352 -0.375453 0.229025 0.375911
-0.376309 0.20017 0.381545 -0.375492 0.228043 0.376105
-0.376348 0.199189 0.381739 -0.375531 0.227061 0.376298
-0.376386 0.198209 0.381932 -0.37557 0.22608 0.376491
-0.376425 0.197229 0.382126 -0.375609 0.225098 0.376684
-0.376464 0.196248 0.382319 -0.375648 0.224116 0.376878
-0.376503 0.195268 0.382513 -0.375687 0.223134 0.377071
-0.376541 0.194287 0.382706 -0.375726 0.222153 0.377264
-0.37658 0.193307 0.3829 -0.375765 0.221171 0.377457
-0.376619 0.192327 0.383093 -0.375804 0.22019 0.377651
-0.376657 0.191346 0.383287 -0.375843 0.219208 0.377844
-0.376696 0.190366 0.38348 -0.375882 0.218227 0.378037
-0.376735 0.189386 0.383674 -0.375921 0.217245 0.37823
-0.376773 0.188405 0.383867 -0.37596 0.216264 0.378423
-0.376812 0.187425 0.384061 -0.375998 0.215283 0.378617
-0.376851 0.186445 0.384254 -0.376057 0.213813 0.378906
-0.37689 0.185464 0.384448 -0.376076 0.213323 0.379003
-0.376928 0.184484 0.384641 -0.376115 0.212342 0.379195
-0.376967 0.183504 0.384835 -0.376154 0.211363 0.379388
-0.377006 0.182523 0.385028 -0.376192 0.210383 0.379581
-0.377044 0.181543 0.385222 -0.376231 0.209404 0.379774
-0.377083 0.180563 0.385415 -0.376289 0.207935 0.380063
-0.377122 0.179582 0.385609 -0.376328 0.206956 0.380256
-0.37716 0.178602 0.385802 -0.376347 0.206466 0.380352
-0.377199 0.177622 0.385996 -0.376386 0.205487 0.380545
-0.377238 0.176641 0.386189 -0.376424 0.204507 0.380738
-0.377277 0.175661 0.386383 -0.376463 0.203528 0.380931
-0.377315 0.174681 0.386576 -0.376502 0.202548 0.381124
-0.377354 0.1737 0.38677 -0.376541 0.201568 0.381316
-0.377393 0.17272 0.386963 -0.37656 0.201078 0.381413
-0.377431 0.17174 0.387157 -0.376579 0.200589 0.381509
-0.37747 0.170759 0.38735 -0.376638 0.199119 0.381799
-0.377509 0.169779 0.387544 -0.376696 0.197648 0.382088
-0.377547 0.168799 0.387737 -0.376735 0.196668 0.382281
-0.377586 0.167818 0.387931 -0.376774 0.195687 0.382474
-0.377625 0.166838 0.388124 -0.376812 0.194707 0.382667
-0.377664 0.165858 0.388318 -0.376851 0.193726 0.38286
-0.377702 0.164877 0.388511 -0.37689 0.192745 0.383053
-0.377741 0.163897 0.388705 -0.376929 0.191764 0.383246
-0.37778 0.162917 0.388898 -0.376968 0.190783 0.38344
-0.377818 0.161936 0.389092 -0.377007 0.189802 0.383633
-0.377857 0.160956 0.389285 -0.377046 0.188821 0.383826
-0.377896 0.159976 0.389478 -0.377084 0.18784 0.384019
-0.377934 0.158995 0.389672 -0.377123 0.186859 0.384212
-0.377973 0.158015 0.389865 -0.377162 0.185878 0.384405
-0.378012 0.157035 0.390059 -0.377201 0.184897 0.384598
-0.37805 0.156054 0.390252 -0.37724 0.183916 0.384792
-0.378089 0.155074 0.390446 -0.377279 0.182935 0.384985
-0.378128 0.154094 0.390639 -0.377318 0.181954 0.385178
-0.378167 0.153113 0.390833 -0.377356 0.180973 0.385371
-0.378205 0.152133 0.391026 -0.377395 0.179992 0.385564
-0.378244 0.151153 0.39122 -0.377434 0.179011 0.385757
-0.378283 0.150172 0.391413 -0.377473 0.17803 0.38595
-0.378321 0.149192 0.391607 -0.377512 0.177049 0.386144
-0.37836 0.148212 0.3918 -0.37755 0.176068 0.386337
-0.378399 0.147231 0.391994 -0.377589 0.175087 0.38653
-0.378437 0.146251 0.392187 -0.377628 0.174106 0.386723
-0.378476 0.145271 0.392381 -0.377667 0.173126 0.386916
-0.378515 0.14429 0.392574 -0.377706 0.172145 0.387109
-0.378554 0.14331 0.392768 -0.377744 0.171164 0.387302
-0.378592 0.14233 0.392961 -0.377783 0.170183 0.387495
-0.378631 0.141349 0.393155 -0.377822 0.169203 0.387689
-0.37867 0.140369 0.393348 -0.377861 0.168222 0.387882
-0.378708 0.139388 0.393542 -0.3779 0.167242 0.388075
-0.378747 0.138408 0.393735 -0.377938 0.166261 0.388268
-0.378786 0.137428 0.393929 -0.377977 0.16528 0.388461
-0.378824 0.136447 0.394122 -0.378016 0.1643 0.388654
-0.378863 0.135467 0.394316 -0.378055 0.16332 0.388847
-0.378902 0.134487 0.394509 -0.378093 0.162339 0.38904
-0.378941 0.133506 0.394703 -0.378132 0.161359 0.389233
-0.378979 0.132526 0.394896 -0.378171 0.160378 0.389426
-0.379018 0.131546 0.39509 -0.37821 0.159398 0.389619
-0.379057 0.130565 0.395283 -0.378248 0.158418 0.389812
-0.379095 0.129585 0.395477 -0.378287 0.157437 0.390005
-0.379134 0.128605 0.39567 -0.378326 0.156457 0.390198
-0.379173 0.127624 0.395864 -0.378365 0.155477 0.390391
-0.379211 0.126644 0.396057 -0.378403 0.154497 0.390584
-0.37925 0.125664 0.396251 -0.378442 0.153517 0.390777
-0.379289 0.124683 0.396444 -0.378481 0.152536 0.39097
-0.379328 0.123703 0.396638 -0.378519 0.151556 0.391163
-0.379366 0.122723 0.396831 -0.378558 0.150576 0.391356
-0.379405 0.121742 0.397025 -0.378597 0.149596 0.391549
-0.379444 0.120762 0.397218 -0.378636 0.148616 0.391743
-0.379482 0.119782 0.397412 -0.378674 0.147636 0.391936
-0.379521 0.118801 0.397605 -0.378713 0.146656 0.392129
-0.37956 0.117821 0.397798 -0.378752 0.145676 0.392322
-0.379598 0.116841 0.397992 -0.378791 0.144696 0.392515
-0.379637 0.11586 0.398185 -0.378829 0.143716 0.392708
-0.379676 0.11488 0.398379 -0.378868 0.142736 0.392901
-0.379714 0.1139 0.398572 -0.378907 0.141756 0.393094
-0.379753 0.112919 0.398766 -0.378945 0.140776 0.393287
-0.379792 0.111939 0.398959 -0.378984 0.139796 0.39348
-0.379831 0.110959 0.399153 -0.379023 0.138816 0.393673
-0.379869 0.109978 0.399346 -0.379062 0.137836 0.393866
-0.379908 0.108998 0.39954 -0.3791 0.136857 0.394059
-0.379947 0.108018 0.399733 -0.379139 0.135877 0.394252
-0.379985 0.107037 0.399927 -0.379178 0.134897 0.394445
-0.380024 0.106057 0.40012 -0.379216 0.133917 0.394638
-0.380063 0.105077 0.400314 -0.379255 0.132937 0.394831
-0.380101 0.104096 0.400507 -0.379294 0.131957 0.395024
-0.38014 0.103116 0.400701 -0.379333 0.130978 0.395217
-0.380179 0.102136 0.400894 -0.379371 0.129998 0.39541
-0.380218 0.101155 0.401088 -0.37941 0.129018 0.395603
-0.380256 0.100175 0.401281 -0.379449 0.128037 0.395796
-0.380295 0.0991946 0.401475 -0.379488 0.127057 0.395989
-0.380334 0.0982143 0.401668 -0.379526 0.126076 0.396182
-0.380372 0.0972339 0.401862 -0.379565 0.125096 0.396375
-0.380411 0.0962536 0.402055 -0.379604 0.124116 0.396569
-0.38045 0.0952732 0.402249 -0.379643 0.123136 0.396762
-0.380488 0.0942929 0.402442 -0.379681 0.122156 0.396955
-0.380527 0.0933126 0.402636 -0.37972 0.121176 0.397148
-0.380566 0.0923322 0.402829 -0.379759 0.120196 0.397341
-0.380605 0.0913519 0.403023 -0.379797 0.119216 0.397534
-0.380643 0.0903715 0.403216 -0.379836 0.118236 0.397727
-0.380682 0.0893912 0.40341 -0.379875 0.117256 0.39792
-0.380721 0.0884109 0.403603 -0.379913 0.116276 0.398113
-0.380759 0.0874305 0.403797 -0.379952 0.115296 0.398306
-0.380798 0.0864502 0.40399 -0.379991 0.114316 0.398499
-0.380837 0.0854698 0.404184 -0.38003 0.113335 0.398693
-0.380875 0.0844895 0.404377 -0.380069 0.112354 0.398886
-0.380914 0.0835092 0.404571 -0.380107 0.111372 0.39908
-0.380953 0.0825288 0.404764 -0.380146 0.11039 0.399273
-0.380992 0.0815485 0.404958 -0.380185 0.109409 0.399466
-0.38103 0.0805681 0.405151 -0.380224 0.108428 0.39966
-0.381069 0.0795878 0.405345 -0.380263 0.107447 0.399853
-0.381108 0.0786075 0.405538 -0.380301 0.106467 0.400046
-0.381146 0.0776271 0.405731 -0.38034 0.105486 0.400239
-0.381185 0.0766468 0.405925 -0.380379 0.104506 0.400433
-0.381224 0.0756665 0.406118 -0.380417 0.103526 0.400626
-0.381262 0.0746861 0.406312 -0.380456 0.102546 0.400819
-0.381301 0.0737058 0.406505 -0.380495 0.101565 0.401012
-0.38134 0.0727254 0.406699 -0.380534 0.100584 0.401206
-0.381378 0.0717451 0.406892 -0.380572 0.0996021 0.401399
-0.381417 0.0707648 0.407086 -0.380611 0.0986209 0.401593
-0.381456 0.0697844 0.407279 -0.38065 0.0976401 0.401786
-0.381495 0.0688041 0.407473 -0.380689 0.0966595 0.401979
-0.381533 0.0678237 0.407666 -0.380727 0.0956792 0.402172
-0.381572 0.0668434 0.40786 -0.380766 0.0946991 0.402366
-0.381611 0.0658631 0.408053 -0.380805 0.0937191 0.402559
-0.381649 0.0648827 0.408247 -0.380843 0.0927394 0.402752
-0.381688 0.0639024 0.40844 -0.380882 0.0917598 0.402945
-0.381727 0.062922 0.408634 -0.38092 0.0907805 0.403138
-0.381765 0.0619417 0.408827 -0.380959 0.0898016 0.403331
-0.381804 0.0609614 0.409021 -0.380997 0.088823 0.403524
-0.381843 0.059981 0.409214 -0.381036 0.0878446 0.403717
-0.381882 0.0590007 0.409408 -0.381074 0.0868662 0.40391
-0.38192 0.0580203 0.409601 -0.381113 0.0858877 0.404103
-0.381959 0.05704 0.409795 -0.381152 0.0849093 0.404296
-0.381998 0.0560597 0.409988 -0.38119 0.0839308 0.404489
-0.382036 0.0550793 0.410182 -0.381229 0.0829522 0.404682
-0.382075 0.054099 0.410375 -0.381267 0.0819737 0.404875
-0.382114 0.0531187 0.410569 -0.381306 0.0809953 0.405067
-0.382152 0.0521383 0.410762 -0.381344 0.0800167 0.40526
-0.382191 0.051158 0.410956 -0.381383 0.0790382 0.405453
-0.38223 0.0501776 0.411149 -0.381421 0.0780597 0.405646
-0.382269 0.0491973 0.411343 -0.38146 0.0770812 0.405839
-0.382307 0.048217 0.411536 -0.381499 0.0761028 0.406032
-0.382346 0.0472366 0.41173 -0.381537 0.0751247 0.406225
-0.382385 0.0462563 0.411923 -0.381576 0.0741464 0.406418
-0.382423 0.0452759 0.412117 -0.381614 0.0731681 0.406611
-0.382462 0.0442956 0.41231 -0.381653 0.0721897 0.406804
-0.382501 0.0433153 0.412504 -0.381691 0.0712112 0.406997
-0.382539 0.0423349 0.412697 -0.38173 0.0702326 0.40719
-0.382578 0.0413546 0.412891 -0.381769 0.069254 0.407383
-0.382617 0.0403742 0.413084 -0.381807 0.0682754 0.407576
-0.382656 0.0393939 0.413278 -0.381846 0.0672968 0.407769
-0.382694 0.0384136 0.413471 -0.381884 0.0663181 0.407962
-0.382733 0.0374332 0.413664 -0.381923 0.0653393 0.408155
-0.382772 0.0364529 0.413858 -0.381962 0.0643604 0.408348
-0.38281 0.0354725 0.414051 -0.382 0.0633815 0.408541
-0.382849 0.0344922 0.414245 -0.382039 0.0624025 0.408735
-0.382888 0.0335119 0.414438 -0.382078 0.0614234 0.408928
-0.382926 0.0325315 0.414632 -0.382116 0.0604442 0.409121
-0.382965 0.0315512 0.414825 -0.382155 0.059465 0.409314
-0.383004 0.0305709 0.415019 -0.382194 0.0584858 0.409507
-0.383042 0.0295905 0.415212 -0.382232 0.0575064 0.4097
-0.383081 0.0286102 0.415406 -0.382271 0.0565271 0.409894
-0.38312 0.0276298 0.415599 -0.38231 0.0555477 0.410087
-0.383159 0.0266495 0.415793 -0.382348 0.0545683 0.41028
-0.383197 0.0256692 0.415986 -0.382387 0.0535888 0.410473
-0.383236 0.0246888 0.41618 -0.382426 0.0526093 0.410667
-0.383275 0.0237085 0.416373 -0.382464 0.0516298 0.41086
-0.383313 0.0227281 0.416567 -0.382503 0.0506502 0.411053
-0.383352 0.0217478 0.41676 -0.382541 0.0496707 0.411246
-0.383391 0.0207675 0.416954 -0.38258 0.0486911 0.41144
-0.383429 0.0197871 0.417147 -0.382619 0.0477115 0.411633
-0.383468 0.0188068 0.417341 -0.382657 0.0467319 0.411826
-0.383507 0.0178264 0.417534 -0.382696 0.0457522 0.41202
-0.383546 0.0168461 0.417728 -0.382735 0.0447726 0.412213
-0.383584 0.0158658 0.417921 -0.382773 0.043793 0.412406
-0.383623 0.0148854 0.418115 -0.382812 0.0428133 0.4126
-0.383662 0.0139051 0.418308 -0.382851 0.0418336 0.412793
-0.3837 0.0129247 0.418502 -0.38287 0.0413438 0.41289
-0.383739 0.0119444 0.418695 -0.382928 0.0398743 0.41318
-0.383778 0.0109641 0.418889 -0.382967 0.0388946 0.413373
-0.383816 0.00998373 0.419082 -0.383005 0.0379149 0.413566
-0.383855 0.00900339 0.419276 -0.383044 0.0369353 0.41376
-0.383894 0.00802305 0.419469 -0.383082 0.0359556 0.413953
-0.383933 0.00704271 0.419663 -0.383121 0.0349759 0.414147
-0.383971 0.00606237 0.419856 -0.38316 0.0339962 0.41434
-0.38401 0.00508203 0.42005 -0.383198 0.0330165 0.414533
-0.384049 0.00410169 0.420243 -0.383237 0.0320368 0.414727
-0.384087 0.00312135 0.420437 -0.383275 0.0310571 0.41492
-0.384126 0.00214102 0.42063 -0.383314 0.0300775 0.415114
-0.384165 0.00116068 0.420824 -0.383353 0.0290978 0.415307
-0.384203 0.000180337 0.421017 -0.383391 0.0281181 0.4155
-0.384242 -0.000800002 0.421211 -0.38343 0.0271384 0.415694
-0.384281 -0.00178034 0.421404 -0.383468 0.0261587 0.415887
-0.38432 -0.00276068 0.421598 -0.383488 0.0256689 0.415984
-0.384358 -0.00374102 0.421791 -0.383546 0.0241994 0.416274
-0.384397 -0.00472136 0.421984 -0.383584 0.0232197 0.416468
-0.384436 -0.0057017 0.422178 -0.383623 0.02224 0.416661
-0.384474 -0.00668204 0.422371 -0.383661 0.0212604 0.416854
-0.384513 -0.00766238 0.422565 -0.3837 0.0202807 0.417048
-0.384552 -0.00864272 0.422758 -0.383739 0.019301 0.417241
-0.38459 -0.00962305 0.422952 -0.383777 0.0183214 0.417435
-0.384629 -0.0106034 0.423145 -0.383797 0.0178315 0.417531
-0.384668 -0.0115837 0.423339 -0.383854 0.0163632 0.417821
-0.384706 -0.0125641 0.423532 -0.383892 0.0153879 0.418014
-0.384745 -0.0135444 0.423726 -0.38393 0.0144156 0.418206
-0.384784 -0.0145248 0.423919 -0.383968 0.0134434 0.418398
-0.384823 -0.0155051 0.424113 -0.384006 0.0124701 0.41859
-0.384861 -0.0164854 0.424306 -0.384044 0.0114955 0.418783
-0.3849 -0.0174658 0.4245 -0.384083 0.0105196 0.418975
-0.384939 -0.0184461 0.424693 -0.384121 0.00954292 0.419168
-0.384977 -0.0194264 0.424887 -0.38416 0.00856575 0.419361
-0.385016 -0.0204068 0.42508 -0.384179 0.00807698 0.419458
-0.385055 -0.0213871 0.425274 -0.384237 0.0066094 0.419748
-0.385093 -0.0223675 0.425467 -0.384276 0.00562859 0.419941
-0.385132 -0.0233478 0.425661 -0.384315 0.00464591 0.420136
-0.385171 -0.0243281 0.425854 -0.384354 0.00366271 0.42033
-0.38521 -0.0253085 0.426048 -0.384393 0.00267967 0.420524
-0.385248 -0.0262888 0.426241 -0.384432 0.00169684 0.420718
-0.385287 -0.0272692 0.426435 -0.384471 0.000714242 0.420912
-0.385326 -0.0282495 0.426628 -0.384509 -0.000268144 0.421106
-0.385364 -0.0292298 0.426822 -0.384548 -0.00125033 0.4213
-0.385403 -0.0302102 0.427015 -0.384587 -0.00223232 0.421494
-0.385442 -0.0311905 0.427209 -0.384626 -0.00321413 0.421688
-0.38548 -0.0321709 0.427402 -0.384665 -0.00419578 0.421882
-0.385519 -0.0331512 0.427596 -0.384703 -0.00517727 0.422076
-0.385558 -0.0341315 0.427789 -0.384742 -0.00615861 0.42227
-0.385597 -0.0351119 0.427983 -0.384781 -0.00713982 0.422464
-0.385635 -0.0360922 0.428176 -0.384819 -0.00812089 0.422658
-0.385674 -0.0370726 0.42837 -0.384858 -0.00910187 0.422852
-0.385713 -0.0380529 0.428563 -0.384896 -0.0100828 0.423045
-0.385751 -0.0390332 0.428757 -0.384935 -0.0110636 0.423239
-0.38579 -0.0400136 0.42895 -0.384954 -0.011554 0.423336
-0.385829 -0.0409939 0.429144 -0.385012 -0.0130251 0.423627
-0.385867 -0.0419742 0.429337 -0.385051 -0.0140056 0.42382
-0.385906 -0.0429546 0.429531 -0.385089 -0.0149861 0.424014
-0.385945 -0.0439349 0.429724 -0.385128 -0.0159665 0.424208
-0.385983 -0.0449153 0.429917 -0.385166 -0.0169468 0.424402
-0.386022 -0.0458956 0.430111 -0.385205 -0.0179271 0.424595
-0.386061 -0.0468759 0.430304 -0.385243 -0.0189073 0.424789
-0.3861 -0.0478563 0.430498 -0.385282 -0.0198874 0.424983
-0.386138 -0.0488366 0.430691 -0.38532 -0.0208675 0.425176
-0.386177 -0.049817 0.430885 -0.385359 -0.0218475 0.42537
-0.386216 -0.0507973 0.431078 -0.385397 -0.0228275 0.425564
-0.386254 -0.0517776 0.431272 -0.385436 -0.0238074 0.425757
-0.386293 -0.052758 0.431465 -0.385474 -0.0247873 0.425951
-0.386332 -0.0537383 0.431659 -0.385513 -0.0257672 0.426145
-0.38637 -0.0547187 0.431852 -0.385551 -0.026747 0.426338
-0.386409 -0.055699 0.432046 -0.38559 -0.0277269 0.426532
-0.386448 -0.0566793 0.432239 -0.385628 -0.0287067 0.426726
-0.386487 -0.0576597 0.432433 -0.385667 -0.0296864 0.426919
-0.386525 -0.05864 0.432626 -0.385705 -0.0306662 0.427113
-0.386564 -0.0596204 0.43282 -0.385744 -0.031646 0.427307
-0.386603 -0.0606007 0.433013 -0.385782 -0.0326257 0.4275
-0.386641 -0.061581 0.433207 -0.385821 -0.0336054 0.427694
-0.38668 -0.0625614 0.4334 -0.385859 -0.0345851 0.427888
-0.386719 -0.0635417 0.433594 -0.385898 -0.0355648 0.428081
-0.386757 -0.064522 0.433787 -0.385936 -0.0365446 0.428275
-0.386796 -0.0655024 0.433981 -0.385975 -0.0375243 0.428469
-0.386835 -0.0664827 0.434174 -0.386013 -0.0385039 0.428662
-0.386874 -0.0674631 0.434368 -0.386052 -0.0394836 0.428856
-0.386912 -0.0684434 0.434561 -0.38609 -0.0404633 0.42905
-0.386951 -0.0694237 0.434755 -0.386128 -0.041443 0.429243
-0.38699 -0.0704041 0.434948 -0.386167 -0.0424227 0.429437
-0.387028 -0.0713844 0.435142 -0.386205 -0.0434024 0.429631
-0.387067 -0.0723648 0.435335 -0.386244 -0.0443821 0.429825
-0.387106 -0.0733451 0.435529 -0.386282 -0.0453618 0.430018
-0.387144 -0.0743254 0.435722 -0.386321 -0.0463416 0.430212
-0.387183 -0.0753058 0.435916 -0.386359 -0.0473213 0.430406
-0.387222 -0.0762861 0.436109 -0.386398 -0.048301 0.430599
-0.387261 -0.0772665 0.436303 -0.386417 -0.0487909 0.430696
-0.387299 -0.0782468 0.436496 -0.386494 -0.0507476 0.431083
-0.387338 -0.0792271 0.43669 -0.386532 -0.0517212 0.431276
-0.387377 -0.0802075 0.436883 -0.386569 -0.0526928 0.431468
-0.387415 -0.0811878 0.437077 -0.386607 -0.0536638 0.43166
-0.387454 -0.0821682 0.43727 -0.386645 -0.0546345 0.431851
-0.387493 -0.0831485 0.437464 -0.386663 -0.0551197 0.431947
-0.387531 -0.0841288 0.437657 -0.38672 -0.056573 0.432235
-0.38757 -0.0851092 0.43785 -0.386757 -0.0575387 0.432426
-0.387609 -0.0860895 0.438044 -0.386794 -0.058503 0.432616
-0.387647 -0.0870698 0.438237 -0.386832 -0.0594669 0.432807
-0.387686 -0.0880502 0.438431 -0.386869 -0.060431 0.432997
-0.387725 -0.0890305 0.438624 -0.386906 -0.0613954 0.433188
-0.387764 -0.0900109 0.438818 -0.386944 -0.0623592 0.433379
-0.387802 -0.0909912 0.439011 -0.386981 -0.0633211 0.433569
-0.387841 -0.0919715 0.439205 -0.387018 -0.0642815 0.433759
-0.38788 -0.0929519 0.439398 -0.387055 -0.0652407 0.433948
-0.387918 -0.0939322 0.439592 -0.387092 -0.066199 0.434138
-0.387957 -0.0949126 0.439785 -0.387129 -0.0671567 0.434327
-0.387996 -0.0958929 0.439979 -0.387166 -0.0681155 0.434517
-0.388034 -0.0968732 0.440172 -0.387204 -0.0690767 0.434707
-0.388073 -0.0978536 0.440366 -0.387241 -0.0700403 0.434897
-0.388112 -0.0988339 0.440559 -0.387279 -0.0710059 0.435088
-0.388151 -0.0998143 0.440753 -0.387317 -0.0719735 0.43528
-0.388189 -0.100795 0.440946 -0.387356 -0.0729428 0.435471
-0.388228 -0.101775 0.44114 -0.387394 -0.0739136 0.435663
-0.388267 -0.102755 0.441333 -0.387433 -0.0748856 0.435856
-0.388305 -0.103736 0.441527 -0.387471 -0.0758589 0.436048
-0.388344 -0.104716 0.44172 -0.38751 -0.0768337 0.436241
-0.388383 -0.105696 0.441914 -0.387549 -0.0778097 0.436434
-0.388421 -0.106677 0.442107 -0.387588 -0.0787868 0.436627
-0.38846 -0.107657 0.442301 -0.387627 -0.0797648 0.436821
-0.388499 -0.108637 0.442494 -0.387666 -0.0807434 0.437015
-0.388538 -0.109618 0.442688 -0.387705 -0.0817224 0.437208
-0.388576 -0.110598 0.442881 -0.387744 -0.0827016 0.437402
-0.388615 -0.111578 0.443075 -0.387782 -0.083681 0.437596
-0.388654 -0.112559 0.443268 -0.387821 -0.0846609 0.43779
-0.388692 -0.113539 0.443462 -0.38786 -0.0856413 0.437983
-0.388731 -0.114519 0.443655 -0.387899 -0.0866221 0.438178
-0.38877 -0.1155 0.443849 -0.387938 -0.0876036 0.438372
-0.388808 -0.11648 0.444042 -0.387977 -0.0885855 0.438566
-0.388847 -0.11746 0.444236 -0.388016 -0.0895678 0.43876
-0.388886 -0.118441 0.444429 -0.388055 -0.0905501 0.438955
-0.388925 -0.119421 0.444623 -0.388094 -0.0915325 0.439149
-0.388963 -0.120401 0.444816 -0.388133 -0.092515 0.439343
-0.389002 -0.121382 0.44501 -0.388152 -0.0930063 0.439441
-0.389041 -0.122362 0.445203 -0.38821 -0.0944804 0.439732
-0.389079 -0.123342 0.445397 -0.388249 -0.0954638 0.439927
-0.389118 -0.124323 0.44559 -0.388288 -0.096448 0.440121
-0.389157 -0.125303 0.445784 -0.388327 -0.0974325 0.440316
-0.389195 -0.126283 0.445977 -0.388366 -0.0984166 0.440511
-0.389234 -0.127264 0.44617 -0.388405 -0.0994004 0.440706
-0.389273 -0.128244 0.446364 -0.388443 -0.100384 0.4409
-0.389311 -0.129224 0.446557 -0.388482 -0.101367 0.441095
-0.38935 -0.130205 0.446751 -0.388521 -0.102349 0.441289
-0.389389 -0.131185 0.446944 -0.388559 -0.10333 0.441483
-0.389428 -0.132165 0.447138 -0.388597 -0.104309 0.441677
-0.389466 -0.133146 0.447331 -0.388635 -0.105286 0.44187
-0.389505 -0.134126 0.447525 -0.388673 -0.10626 0.442062
-0.389544 -0.135106 0.447718 -0.388711 -0.107232 0.442255
-0.389582 -0.136087 0.447912 -0.388748 -0.108202 0.442446
-0.389621 -0.137067 0.448105 -0.388785 -0.109171 0.442638
-0.38966 -0.138047 0.448299 -0.388823 -0.11014 0.44283
-0.389698 -0.139028 0.448492 -0.38886 -0.111109 0.443021
-0.389737 -0.140008 0.448686 -0.388897 -0.112076 0.443212
-0.389776 -0.140989 0.448879 -0.388935 -0.113044 0.443404
-0.389815 -0.141969 0.449073 -0.388972 -0.114013 0.443595
-0.389853 -0.142949 0.449266 -0.388991 -0.114498 0.443691
-0.389892 -0.14393 0.44946 -0.389048 -0.115955 0.443979
-0.389931 -0.14491 0.449653 -0.389086 -0.116928 0.444172
-0.389969 -0.14589 0.449847 -0.389124 -0.117902 0.444364
-0.390008 -0.146871 0.45004 -0.389162 -0.118875 0.444557
-0.390047 -0.147851 0.450234 -0.3892 -0.119848 0.444749
-0.390085 -0.148831 0.450427 -0.389238 -0.120819 0.444942
-0.390124 -0.149812 0.450621 -0.389276 -0.121791 0.445134
-0.390163 -0.150792 0.450814 -0.389314 -0.122762 0.445326
-0.390202 -0.151772 0.451008 -0.389352 -0.123736 0.445519
-0.39024 -0.152753 0.451201 -0.389391 -0.124711 0.445712
-0.390279 -0.153733 0.451395 -0.389429 -0.125689 0.445905
-0.390318 -0.154713 0.451588 -0.389468 -0.126666 0.446098
-0.390356 -0.155694 0.451782 -0.389506 -0.127643 0.446292
-0.390395 -0.156674 0.451975 -0.389544 -0.128618 0.446485
-0.390434 -0.157654 0.452169 -0.389582 -0.129592 0.446677
-0.390472 -0.158635 0.452362 -0.38962 -0.130565 0.44687
-0.390511 -0.159615 0.452556 -0.389658 -0.131537 0.447062
-0.39055 -0.160595 0.452749 -0.389696 -0.132509 0.447254
-0.390589 -0.161576 0.452943 -0.389734 -0.133481 0.447446
-0.390627 -0.162556 0.453136 -0.389772 -0.134453 0.447639
-0.390666 -0.163536 0.45333 -0.38981 -0.135424 0.447831
-0.390705 -0.164517 0.453523 -0.389848 -0.136395 0.448023
-0.390743 -0.165497 0.453717 -0.389886 -0.137366 0.448215
-0.390782 -0.166477 0.45391 -0.389924 -0.138337 0.448407
-0.390821 -0.167458 0.454103 -0.389961 -0.139307 0.448599
-0.390859 -0.168438 0.454297 -0.389999 -0.140277 0.448791
-0.390898 -0.169418 0.45449 -0.390037 -0.141249 0.448983
-0.390937 -0.170399 0.454684 -0.390075 -0.142222 0.449175
-0.390975 -0.171379 0.454877 -0.390113 -0.143194 0.449368
-0.391014 -0.172359 0.455071 -0.390152 -0.144167 0.44956
-0.391053 -0.17334 0.455264 -0.39019 -0.145138 0.449752
-0.391092 -0.17432 0.455458 -0.390209 -0.145624 0.449848
-0.39113 -0.1753 0.455651 -0.390265 -0.147081 0.450136
-0.391169 -0.176281 0.455845 -0.390304 -0.148053 0.450329
-0.391208 -0.177261 0.456038 -0.390342 -0.149026 0.450521
-0.391246 -0.178241 0.456232 -0.39038 -0.15 0.450714
-0.391285 -0.179222 0.456425 -0.390418 -0.150974 0.450907
-0.391324 -0.180202 0.456619 -0.390456 -0.151949 0.451099
-0.391362 -0.181182 0.456812 -0.390475 -0.152436 0.451196
-0.391401 -0.182163 0.457006 -0.390533 -0.153896 0.451485
-0.39144 -0.183143 0.457199 -0.390571 -0.154869 0.451677
-0.391479 -0.184123 0.457393 -0.390609 -0.155842 0.45187
-0.391517 -0.185104 0.457586 -0.390647 -0.156814 0.452062
-0.391556 -0.186084 0.45778 -0.390685 -0.157787 0.452254
-0.391595 -0.187064 0.457973 -0.390723 -0.15876 0.452447
-0.391633 -0.188045 0.458167 -0.390761 -0.159732 0.452639
-0.391672 -0.189025 0.45836 -0.390799 -0.160705 0.452832
-0.391711 -0.190005 0.458554 -0.390837 -0.161677 0.453024
-0.391749 -0.190986 0.458747 -0.390875 -0.16265 0.453216
-0.391788 -0.191966 0.458941 -0.390913 -0.163623 0.453409
-0.391827 -0.192946 0.459134 -0.390952 -0.164597 0.453602
-0.391866 -0.193927 0.459328 -0.39099 -0.16557 0.453794
-0.391904 -0.194907 0.459521 -0.391028 -0.166544 0.453987
-0.391943 -0.195887 0.459715 -0.391066 -0.167518 0.454179
-0.391982 -0.196868 0.459908 -0.391085 -0.168005 0.454276
-0.39202 -0.197848 0.460102 -0.391161 -0.169953 0.454661
-0.392059 -0.198829 0.460295 -0.391199 -0.170926 0.454854
-0.392098 -0.199809 0.460489 -0.391237 -0.171896 0.455046
-0.392136 -0.200789 0.460682 -0.391275 -0.172864 0.455237
-0.392175 -0.20177 0.460876 -0.391312 -0.173831 0.455428
-0.392214 -0.20275 0.461069 -0.39135 -0.1748 0.45562
-0.392253 -0.20373 0.461263 -0.391369 -0.175284 0.455716
-0.392291 -0.204711 0.461456 -0.391426 -0.17674 0.456003
-0.39233 -0.205691 0.46165 -0.391464 -0.17771 0.456195
-0.392369 -0.206671 0.461843 -0.391521 -0.179166 0.456483
-0.392407 -0.207652 0.462036 -0.39154 -0.179651 0.456579
-0.392446 -0.208632 0.46223 -0.391578 -0.180623 0.456772
-0.392485 -0.209612 0.462423 -0.391616 -0.181595 0.456964
-0.392523 -0.210593 0.462617 -0.391654 -0.182568 0.457156
-0.392562 -0.211573 0.46281 -0.391692 -0.183542 0.457349
-0.392601 -0.212553 0.463004 -0.39173 -0.184516 0.457542
-0.392639 -0.213534 0.463197 -0.391769 -0.18549 0.457735
-0.392678 -0.214514 0.463391 -0.391807 -0.186465 0.457928
-0.392717 -0.215494 0.463584 -0.391845 -0.18744 0.45812
-0.392756 -0.216475 0.463778 -0.391884 -0.188416 0.458313
-0.392794 -0.217455 0.463971 -0.391941 -0.189879 0.458603
-0.392833 -0.218435 0.464165 -0.39196 -0.190368 0.4587
-0.392872 -0.219416 0.464358 -0.391999 -0.191344 0.458893
-0.39291 -0.220396 0.464552 -0.392037 -0.192321 0.459086
-0.392949 -0.221376 0.464745 -0.392075 -0.193299 0.45928
-0.392988 -0.222357 0.464939 -0.392114 -0.194277 0.459473
-0.393026 -0.223337 0.465132 -0.392152 -0.195255 0.459667
-0.393065 -0.224317 0.465326 -0.392191 -0.196233 0.45986
-0.393104 -0.225298 0.465519 -0.392248 -0.197701 0.460151
-0.393143 -0.226278 0.465713 -0.392287 -0.198679 0.460344
-0.393181 -0.227258 0.465906 -0.392325 -0.199658 0.460538
-0.39322 -0.228239 0.4661 -0.392364 -0.200636 0.460731
-0.393259 -0.229219 0.466293 -0.392402 -0.201614 0.460925
-0.393297 -0.230199 0.466487 -0.39244 -0.202592 0.461118
-0.393336 -0.23118 0.46668 -0.392478 -0.203568 0.461311
-0.393375 -0.23216 0.466874 -0.392517 -0.204545 0.461504
-0.393413 -0.23314 0.467067 -0.392536 -0.205033 0.461601
-0.393452 -0.234121 0.467261 -0.392593 -0.206496 0.46189
-0.393491 -0.235101 0.467454 -0.392631 -0.207472 0.462083
-0.39353 -0.236081 0.467648 -0.392669 -0.208447 0.462276
-0.393568 -0.237062 0.467841 -0.392707 -0.209423 0.462469
-0.393607 -0.238042 0.468035 -0.392745 -0.210398 0.462662
-0.393646 -0.239022 0.468228 -0.392783 -0.211373 0.462855
-0.393684 -0.240003 0.468422 -0.392821 -0.212349 0.463048
-0.393723 -0.240983 0.468615 -0.39284 -0.212836 0.463144
-0.393762 -0.241963 0.468809 -0.392879 -0.213812 0.463337
-0.3938 -0.242944 0.469002 -0.392936 -0.215275 0.463627
-0.393839 -0.243924 0.469196 -0.392974 -0.216249 0.463819
-0.393878 -0.244904 0.469389 -0.393012 -0.217221 0.464011
-0.393917 -0.245885 0.469583 -0.393049 -0.218192 0.464203
-0.393955 -0.246865 0.469776 -0.393087 -0.219162 0.464395
-0.393994 -0.247845 0.46997 -0.393125 -0.220132 0.464587
-0.394033 -0.248826 0.470163 -0.393162 -0.2211 0.464778
-0.394071 -0.249806 0.470356 -0.393181 -0.221583 0.464874
-0.39411 -0.250786 0.47055 -0.393237 -0.223034 0.46516
-0.394149 -0.251767 0.470743 -0.393275 -0.224001 0.465352
-0.394187 -0.252747 0.470937 -0.393312 -0.224967 0.465542
-0.394226 -0.253728 0.47113 -0.39335 -0.225932 0.465733
-0.394265 -0.254708 0.471324 -0.393387 -0.226898 0.465924
-0.394303 -0.255688 0.471517 -0.393425 -0.227864 0.466115
-0.394342 -0.256669 0.471711 -0.393462 -0.228828 0.466306
-0.394381 -0.257649 0.471904 -0.3935 -0.229792 0.466496
-0.39442 -0.258629 0.472098 -0.393537 -0.230756 0.466687
-0.394458 -0.25961 0.472291 -0.393574 -0.231719 0.466877
-0.394497 -0.26059 0.472485 -0.393612 -0.232682 0.467067
-0.394536 -0.26157 0.472678 -0.393649 -0.233646 0.467258
-0.394574 -0.262551 0.472872 -0.393687 -0.234611 0.467449
-0.394613 -0.263531 0.473065 -0.393725 -0.235577 0.46764
-0.394652 -0.264511 0.473259 -0.393763 -0.236543 0.467831
-0.39469 -0.265492 0.473452 -0.3938 -0.237509 0.468022
-0.394729 -0.266472 0.473646 -0.393838 -0.238474 0.468212
-0.394768 -0.267452 0.473839 -0.393876 -0.239439 0.468403
-0.394807 -0.268433 0.474033 -0.393913 -0.240404 0.468594
-0.394845 -0.269413 0.474226 -0.393951 -0.241369 0.468785
-0.394884 -0.270393 0.47442 -0.393989 -0.242334 0.468975
-0.394923 -0.271374 0.474613 -0.394026 -0.243298 0.469166
-0.394961 -0.272354 0.474807 -0.394064 -0.244263 0.469357
-0.395 -0.273334 0.475 -0.394102 -0.245228 0.469548
-0.395039 -0.274315 0.475194 -0.39414 -0.246194 0.469739
-0.395077 -0.275295 0.475387 -0.394177 -0.247159 0.46993
-0.395116 -0.276275 0.475581 -0.394215 -0.248125 0.470121
-0.395155 -0.277256 0.475774 -0.394234 -0.248608 0.470216
-0.395194 -0.278236 0.475968 -0.394291 -0.250057 0.470503
-0.395232 -0.279216 0.476161 -0.394329 -0.251023 0.470694
-0.395271 -0.280197 0.476355 -0.394367 -0.25199 0.470885
-0.39531 -0.281177 0.476548 -0.394405 -0.252957 0.471076
-0.395348 -0.282157 0.476742 -0.394443 -0.253926 0.471268
-0.395387 -0.283138 0.476935 -0.394481 -0.254896 0.47146
-0.395426 -0.284118 0.477129 -0.394519 -0.255867 0.471652
-0.395464 -0.285098 0.477322 -0.394557 -0.256839 0.471844
-0.395503 -0.286079 0.477516 -0.394596 -0.25781 0.472036
-0.395542 -0.287059 0.477709 -0.394634 -0.258782 0.472229
-0.395581 -0.288039 0.477903 -0.394672 -0.259753 0.472421
-0.395619 -0.28902 0.478096 -0.39471 -0.260726 0.472613
-0.395658 -0.29 0.478289 -0.394749 -0.2617 0.472806
-0.395697 -0.29098 0.478483 -0.394787 -0.262674 0.472999
-0.395735 -0.291961 0.478676 -0.394826 -0.263649 0.473192
-0.395774 -0.292941 0.47887 -0.394864 -0.264625 0.473385
-0.395813 -0.293921 0.479063 -0.394902 -0.2656 0.473578
-0.395851 -0.294902 0.479257 -0.394941 -0.266576 0.473771
-0.39589 -0.295882 0.47945 -0.394979 -0.267552 0.473964
-0.395929 -0.296862 0.479644 -0.395018 -0.268527 0.474157
-0.395967 -0.297843 0.479837 -0.395056 -0.269503 0.47435
-0.396006 -0.298823 0.480031 -0.395094 -0.270479 0.474543
-0.396045 -0.299803 0.480224 -0.395133 -0.271454 0.474736
-0.396084 -0.300784 0.480418 -0.395171 -0.27243 0.474929
-0.396122 -0.301764 0.480611 -0.395209 -0.273406 0.475122
-0.396161 -0.302744 0.480805 -0.395248 -0.274381 0.475315
-0.3962 -0.303725 0.480998 -0.395286 -0.275357 0.475508
-0.396238 -0.304705 0.481192 -0.395324 -0.276333 0.475701
-0.396277 -0.305685 0.481385 -0.395363 -0.277309 0.475894
-0.396316 -0.306666 0.481579 -0.395401 -0.278286 0.476087
-0.396354 -0.307646 0.481772 -0.39542 -0.278775 0.476184
-0.396393 -0.308627 0.481966 -0.395478 -0.280243 0.476474
-0.396432 -0.309607 0.482159 -0.395516 -0.281221 0.476667
-0.396471 -0.310587 0.482353 -0.395555 -0.282201 0.476861
-0.396509 -0.311568 0.482546 -0.395594 -0.283182 0.477055
-0.396548 -0.312548 0.48274 -0.395632 -0.284164 0.47725
-0.396587 -0.313528 0.482933 -0.395671 -0.285145 0.477444
-0.396625 -0.314509 0.483127 -0.39571 -0.286126 0.477638
-0.396664 -0.315489 0.48332 -0.395748 -0.287107 0.477832
-0.396703 -0.316469 0.483514 -0.395787 -0.288087 0.478025
-0.396741 -0.31745 0.483707 -0.395825 -0.289066 0.478219
-0.39678 -0.31843 0.483901 -0.395863 -0.290046 0.478413
-0.396819 -0.31941 0.484094 -0.395902 -0.291025 0.478606
-0.396858 -0.320391 0.484288 -0.39594 -0.292003 0.4788
-0.396896 -0.321371 0.484481 -0.395978 -0.292982 0.478993
-0.396935 -0.322351 0.484675 -0.396017 -0.293962 0.479187
-0.396974 -0.323332 0.484868 -0.396055 -0.294941 0.479381
-0.397012 -0.324312 0.485062 -0.396093 -0.295919 0.479574
-0.397051 -0.325292 0.485255 -0.396132 -0.296898 0.479768
-0.39709 -0.326273 0.485449 -0.39617 -0.297877 0.479961
-0.397128 -0.327253 0.485642 -0.396208 -0.298856 0.480155
-0.397167 -0.328233 0.485836 -0.396247 -0.299835 0.480348
-0.397206 -0.329214 0.486029 -0.396285 -0.300814 0.480542
-0.397244 -0.330194 0.486222 -0.396323 -0.301792 0.480735
-0.397283 -0.331174 0.486416 -0.396362 -0.302771 0.480929
-0.397322 -0.332155 0.486609 -0.3964 -0.30375 0.481122
-0.397361 -0.333135 0.486803 -0.396439 -0.30473 0.481316
-0.397399 -0.334115 0.486996 -0.396477 -0.305711 0.48151
-0.397438 -0.335096 0.48719 -0.396516 -0.306691 0.481704
-0.397477 -0.336076 0.487383 -0.396554 -0.307672 0.481898
-0.397515 -0.337056 0.487577 -0.396573 -0.308162 0.481995
-0.397554 -0.338037 0.48777 -0.396631 -0.309633 0.482286
-0.397593 -0.339017 0.487964 -0.396689 -0.311104 0.482576
-0.397631 -0.339997 0.488157 -0.396708 -0.311594 0.482673
-0.39767 -0.340978 0.488351 -0.396727 -0.312084 0.48277
-0.397709 -0.341958 0.488544 -0.396785 -0.313554 0.483061
-0.397748 -0.342938 0.488738 -0.396823 -0.314533 0.483254
-0.397786 -0.343919 0.488931 -0.39688 -0.316003 0.483545
-0.397825 -0.344899 0.489125 -0.396919 -0.316982 0.483738
-0.397864 -0.345879 0.489318 -0.396957 -0.317961 0.483932
-0.397902 -0.34686 0.489512 -0.396996 -0.31894 0.484125
-0.397941 -0.34784 0.489705 -0.397034 -0.319919 0.484319
-0.39798 -0.34882 0.489899 -0.397072 -0.320898 0.484512
-0.398018 -0.349801 0.490092 -0.397111 -0.321877 0.484706
-0.398057 -0.350781 0.490286 -0.397149 -0.322856 0.484899
-0.398096 -0.351761 0.490479 -0.397187 -0.323835 0.485093
-0.398135 -0.352742 0.490673 -0.397226 -0.324814 0.485286
-0.398173 -0.353722 0.490866 -0.397264 -0.325792 0.48548
-0.398212 -0.354702 0.49106 -0.397302 -0.326771 0.485673
-0.398251 -0.355683 0.491253 -0.397341 -0.32775 0.485867
-0.398289 -0.356663 0.491447 -0.397379 -0.328729 0.48606
-0.398328 -0.357643 0.49164 -0.397417 -0.329708 0.486254
-0.398367 -0.358624 0.491834 -0.397456 -0.330687 0.486447
-0.398405 -0.359604 0.492027 -0.397494 -0.331666 0.486641
-0.398444 -0.360584 0.492221 -0.397513 -0.332155 0.486738
-0.398483 -0.361565 0.492414 -0.397532 -0.332645 0.486834
-0.398522 -0.362545 0.492608 -0.397609 -0.334603 0.487221
-0.39856 -0.363525 0.492801 -0.397648 -0.335582 0.487415
-0.398599 -0.364506 0.492995 -0.397686 -0.336561 0.487608
-0.398638 -0.365486 0.493188 -0.397724 -0.33754 0.487802
-0.398676 -0.366467 0.493382 -0.397763 -0.338519 0.487996
-0.398715 -0.367447 0.493575 -0.397801 -0.339498 0.488189
-0.398754 -0.368427 0.493769 -0.39784 -0.340477 0.488383
-0.398792 -0.369408 0.493962 -0.397878 -0.341457 0.488576
-0.398831 -0.370388 0.494156 -0.397917 -0.342436 0.48877
-0.39887 -0.371368 0.494349 -0.397955 -0.343416 0.488964
-0.398908 -0.372349 0.494542 -0.397993 -0.344395 0.489157
-0.398947 -0.373329 0.494736 -0.398032 -0.345375 0.489351
-0.398986 -0.374309 0.494929 -0.39807 -0.346354 0.489545
-0.399025 -0.37529 0.495123 -0.398109 -0.347334 0.489738
-0.399063 -0.37627 0.495316 -0.398147 -0.348314 0.489932
-0.399102 -0.37725 0.49551 -0.398186 -0.349293 0.490126
-0.399141 -0.378231 0.495703 -0.398224 -0.350273 0.490319
-0.399179 -0.379211 0.495897 -0.398263 -0.351253 0.490513
-0.399218 -0.380191 0.49609 -0.398301 -0.352233 0.490707
-0.399257 -0.381172 0.496284 -0.39834 -0.353213 0.490901
-0.399295 -0.382152 0.496477 -0.398378 -0.354193 0.491094
-0.399334 -0.383132 0.496671 -0.398417 -0.355173 0.491288
-0.399373 -0.384113 0.496864 -0.398455 -0.356153 0.491482
-0.399412 -0.385093 0.497058 -0.398494 -0.357134 0.491676
-0.39945 -0.386073 0.497251 -0.398532 -0.358114 0.491869
-0.399489 -0.387054 0.497445 -0.398571 -0.359093 0.492063
-0.399528 -0.388034 0.497638 -0.398609 -0.360071 0.492256
-0.399566 -0.389014 0.497832 -0.398647 -0.36105 0.49245
-0.399605 -0.389995 0.498025 -0.398686 -0.362028 0.492643
-0.399644 -0.390975 0.498219 -0.398724 -0.363007 0.492836
-0.399682 -0.391955 0.498412 -0.398763 -0.363986 0.49303
-0.399721 -0.392936 0.498606 -0.398801 -0.364965 0.493224
-0.39976 -0.393916 0.498799 -0.39884 -0.365944 0.493417
-0.399799 -0.394896 0.498993 -0.398878 -0.366924 0.493611
-0.399837 -0.395877 0.499186 -0.398917 -0.367903 0.493804
-0.399876 -0.396857 0.49938 -0.398955 -0.368883 0.493998
-0.399915 -0.397837 0.499573 -0.398994 -0.369863 0.494192
-0.399953 -0.398818 0.499767 -0.399032 -0.370843 0.494385
-0.399992 -0.399798 0.49996 -0.399071 -0.371823 0.494579
-0.400031 -0.400778 0.500154 -0.399109 -0.372803 0.494773
-0.399992 -0.399798 0.49996 -0.399148 -0.373783 0.494967
-0.400031 -0.400778 0.500154 -0.399187 -0.374764 0.495161
-0.399992 -0.399798 0.49996 -0.399225 -0.375744 0.495355
-0.400031 -0.400778 0.500154 -0.399264 -0.376725 0.495549
-0.399992 -0.399798 0.49996 -0.399302 -0.377704 0.495742
-0.400031 -0.400778 0.500154 -0.39934 -0.378675 0.495934
-0.399992 -0.399798 0.49996 -0.399377 -0.379637 0.496123
-0.400031 -0.400778 0.500154 -0.399413 -0.380584 0.49631
-0.399992 -0.399798 0.49996 -0.399448 -0.381515 0.496492
-0.400031 -0.400778 0.500154 -0.399482 -0.382427 0.496671
-0.399992 -0.399798 0.49996 -0.399514 -0.383318 0.496845
-0.400031 -0.400778 0.500154 -0.399545 -0.384187 0.497014
-0.399992 -0.399798 0.49996 -0.39956 -0.384612 0.497097
-0.400031 -0.400778 0.500154 -0.399603 -0.385851 0.497336
-0.399992 -0.399798 0.49996 -0.39963 -0.386645 0.49749
-0.400031 -0.400778 0.500154 -0.399655 -0.387412 0.497637
-0.399992 -0.399798 0.49996 -0.399679 -0.388151 0.497779
-0.400031 -0.400778 0.500154 -0.399701 -0.388861 0.497915
-0.399992 -0.399798 0.49996 -0.399722 -0.38954 0.498044
-0.400031 -0.400778 0.500154 -0.399741 -0.390192 0.498168
-0.399992 -0.399798 0.49996 -0.39976 -0.390817 0.498287
-0.400031 -0.400778 0.500154 -0.399777 -0.391416 0.4984
-0.399992 -0.399798 0.49996 -0.399793 -0.391988 0.498508
-0.400031 -0.400778 0.500154 -0.399809 -0.392535 0.498611
-0.399992 -0.399798 0.49996 -0.399823 -0.393057 0.498709
-0.400031 -0.400778 0.500154 -0.399837 -0.393554 0.498802
-0.399992 -0.399798 0.49996 -0.399849 -0.394026 0.498891
-0.400031 -0.400778 0.500154 -0.399861 -0.394475 0.498975
-0.399992 -0.399798 0.49996 -0.399872 -0.394902 0.499054
-0.400031 -0.400778 0.500154 -0.399883 -0.395305 0.49913
-0.399992 -0.399798 0.49996 -0.399893 -0.395688 0.499201
-0.400031 -0.400778 0.500154 -0.399902 -0.396049 0.499268
-0.399992 -0.399798 0.49996 -0.39991 -0.396391 0.499332
-0.400031 -0.400778 0.500154 -0.399918 -0.396713 0.499392
-0.399992 -0.399798 0.49996 -0.399926 -0.397017 0.499448
-0.400031 -0.400778 0.500154 -0.399933 -0.397302 0.499501
-0.399992 -0.399798 0.49996 -0.39994 -0.397571 0.499551
-0.400031 -0.400778 0.500154 -0.399946 -0.397823 0.499598
-0.399992 -0.399798 0.49996 -0.399952 -0.39806 0.499641
-0.400031 -0.400778 0.500154 -0.399957 -0.398282 0.499683
-0.399992 -0.399798 0.49996 -0.399962 -0.398489 0.499721
-0.400031 -0.400778 0.500154 -0.399967 -0.398684 0.499757
-0.399992 -0.399798 0.49996 -0.399972 -0.398865 0.499791
-0.400031 -0.400778 0.500154 -0.399976 -0.399034 0.499822
