-0.399953 -0.398818 0.499767 -0.399992 -0.399798 0.49996
-0.399915 -0.397837 0.499573 -0.399992 -0.399798 0.49996
-0.399876 -0.396857 0.49938 -0.399992 -0.399798 0.49996
-0.399837 -0.395877 0.499186 -0.399992 -0.399798 0.49996
-0.399799 -0.394896 0.498993 -0.399992 -0.399798 0.49996
-0.39976 -0.393916 0.498799 -0.399991 -0.399789 0.499959
-0.399721 -0.392936 0.498606 -0.39999 -0.399756 0.499952
-0.399682 -0.391955 0.498412 -0.399989 -0.399716 0.499944
-0.399644 -0.390975 0.498219 -0.399987 -0.399661 0.499934
-0.399605 -0.389995 0.498025 -0.399984 -0.399587 0.499919
-0.399566 -0.389014 0.497832 -0.399981 -0.399494 0.499901
-0.399528 -0.388034 0.497638 -0.399976 -0.399379 0.499879
-0.399489 -0.387054 0.497445 -0.399972 -0.39924 0.499852
-0.39945 -0.386073 0.497251 -0.399966 -0.399076 0.49982
-0.399412 -0.385093 0.497058 -0.39996 -0.398887 0.499784
-0.399373 -0.384113 0.496864 -0.399952 -0.398672 0.499742
-0.399334 -0.383132 0.496671 -0.399944 -0.39843 0.499696
-0.399295 -0.382152 0.496477 -0.399935 -0.398162 0.499644
-0.399257 -0.381172 0.496284 -0.399926 -0.397867 0.499588
-0.399218 -0.380191 0.49609 -0.399915 -0.397545 0.499526
-0.399179 -0.379211 0.495897 -0.399904 -0.397196 0.499459
-0.399141 -0.378231 0.495703 -0.399892 -0.39682 0.499387
-0.399102 -0.37725 0.49551 -0.399879 -0.396417 0.49931
-0.399063 -0.37627 0.495316 -0.399865 -0.395988 0.499228
-0.399025 -0.37529 0.495123 -0.399851 -0.395533 0.499141
-0.398986 -0.374309 0.494929 -0.399836 -0.395052 0.499049
-0.398947 -0.373329 0.494736 -0.399828 -0.394803 0.499002
-0.398908 -0.372349 0.494542 -0.399803 -0.394017 0.498852
-0.39887 -0.371368 0.494349 -0.399786 -0.393465 0.498746
-0.398831 -0.370388 0.494156 -0.399767 -0.392889 0.498636
-0.398792 -0.369408 0.493962 -0.399748 -0.392292 0.498522
-0.398754 -0.368427 0.493769 -0.399729 -0.391674 0.498404
-0.398715 -0.367447 0.493575 -0.399708 -0.391035 0.498282
-0.398676 -0.366467 0.493382 -0.399687 -0.390377 0.498156
-0.398638 -0.365486 0.493188 -0.399666 -0.3897 0.498026
-0.398599 -0.364506 0.492995 -0.399655 -0.389355 0.49796
-0.39856 -0.363525 0.492801 -0.39962 -0.388293 0.497757
-0.398522 -0.362545 0.492608 -0.399597 -0.387564 0.497617
-0.398483 -0.361565 0.492414 -0.399572 -0.38682 0.497474
-0.398444 -0.360584 0.492221 -0.399547 -0.38606 0.497328
-0.398405 -0.359604 0.492027 -0.399522 -0.385286 0.497179
-0.398367 -0.358624 0.491834 -0.399496 -0.384499 0.497028
-0.398328 -0.357643 0.49164 -0.399469 -0.383698 0.496873
-0.398289 -0.356663 0.491447 -0.399442 -0.382886 0.496717
-0.398251 -0.355683 0.491253 -0.399414 -0.382061 0.496557
-0.398212 -0.354702 0.49106 -0.399385 -0.381226 0.496396
-0.398173 -0.353722 0.490866 -0.399342 -0.379954 0.49615
-0.398135 -0.352742 0.490673 -0.399327 -0.379525 0.496067
-0.398096 -0.351761 0.490479 -0.399297 -0.378661 0.495899
-0.398057 -0.350781 0.490286 -0.399267 -0.377788 0.49573
-0.398018 -0.349801 0.490092 -0.399236 -0.376906 0.495559
-0.39798 -0.34882 0.489899 -0.399204 -0.376018 0.495386
-0.397941 -0.34784 0.489705 -0.399156 -0.374673 0.495125
-0.397902 -0.34686 0.489512 -0.399124 -0.373768 0.494948
-0.397864 -0.345879 0.489318 -0.399091 -0.372859 0.494771
-0.397825 -0.344899 0.489125 -0.399075 -0.372403 0.494682
-0.397786 -0.343919 0.488931 -0.399041 -0.371489 0.494504
-0.397748 -0.342938 0.488738 -0.398991 -0.370108 0.494234
-0.397709 -0.341958 0.488544 -0.398974 -0.369645 0.494143
-0.39767 -0.340978 0.488351 -0.398922 -0.36825 0.49387
-0.397631 -0.339997 0.488157 -0.398887 -0.367314 0.493686
-0.397593 -0.339017 0.487964 -0.398852 -0.366373 0.493502
-0.397554 -0.338037 0.48777 -0.398817 -0.365429 0.493317
-0.397515 -0.337056 0.487577 -0.398781 -0.364481 0.493131
-0.397477 -0.336076 0.487383 -0.398745 -0.363531 0.492944
-0.397438 -0.335096 0.48719 -0.398727 -0.363055 0.492851
-0.397399 -0.334115 0.486996 -0.398709 -0.362579 0.492757
-0.397361 -0.333135 0.486803 -0.398636 -0.360665 0.492381
-0.397322 -0.332155 0.486609 -0.3986 -0.359704 0.492191
-0.397283 -0.331174 0.486416 -0.398581 -0.359223 0.492097
-0.397244 -0.330194 0.486222 -0.398544 -0.358258 0.491907
-0.397206 -0.329214 0.486029 -0.398489 -0.356808 0.491621
-0.397167 -0.328233 0.485836 -0.398451 -0.355839 0.49143
-0.397128 -0.327253 0.485642 -0.398414 -0.354868 0.491238
-0.39709 -0.326273 0.485449 -0.398395 -0.354382 0.491143
-0.397051 -0.325292 0.485255 -0.398338 -0.352922 0.490855
-0.397012 -0.324312 0.485062 -0.398301 -0.351947 0.490662
-0.396974 -0.323332 0.484868 -0.398263 -0.350971 0.490469
-0.396935 -0.322351 0.484675 -0.398224 -0.349994 0.490277
-0.396896 -0.321371 0.484481 -0.398186 -0.349017 0.490083
-0.396858 -0.320391 0.484288 -0.398167 -0.348527 0.489987
-0.396819 -0.31941 0.484094 -0.39811 -0.347059 0.489697
-0.39678 -0.31843 0.483901 -0.398071 -0.346079 0.489503
-0.396741 -0.31745 0.483707 -0.398033 -0.345098 0.489309
-0.396703 -0.316469 0.483514 -0.398014 -0.344607 0.489212
-0.396664 -0.315489 0.48332 -0.397975 -0.343625 0.489018
-0.396625 -0.314509 0.483127 -0.397917 -0.342151 0.488726
-0.396587 -0.313528 0.482933 -0.397878 -0.341169 0.488532
-0.396548 -0.312548 0.48274 -0.39784 -0.340185 0.488337
-0.396509 -0.311568 0.482546 -0.397801 -0.339202 0.488143
-0.396471 -0.310587 0.482353 -0.397782 -0.33871 0.488045
-0.396432 -0.309607 0.482159 -0.397743 -0.337725 0.487851
-0.396393 -0.308627 0.481966 -0.397704 -0.336741 0.487656
-0.396354 -0.307646 0.481772 -0.397665 -0.335756 0.487461
-0.396316 -0.306666 0.481579 -0.397626 -0.334771 0.487266
-0.396277 -0.305685 0.481385 -0.397587 -0.333785 0.487071
-0.396238 -0.304705 0.481192 -0.397548 -0.3328 0.486876
-0.3962 -0.303725 0.480998 -0.39749 -0.331321 0.486583
-0.396161 -0.302744 0.480805 -0.397451 -0.330335 0.486388
-0.396122 -0.301764 0.480611 -0.397412 -0.329349 0.486193
-0.396084 -0.300784 0.480418 -0.397393 -0.328856 0.486095
-0.396045 -0.299803 0.480224 -0.397354 -0.327869 0.4859
-0.396006 -0.298823 0.480031 -0.397315 -0.326883 0.485705
-0.395967 -0.297843 0.479837 -0.397276 -0.325898 0.48551
-0.395929 -0.296862 0.479644 -0.397237 -0.324912 0.485314
-0.39589 -0.295882 0.47945 -0.397179 -0.323433 0.485022
-0.395851 -0.294902 0.479257 -0.39714 -0.322448 0.484827
-0.395813 -0.293921 0.479063 -0.397101 -0.321462 0.484632
-0.395774 -0.292941 0.47887 -0.397081 -0.32097 0.484534
-0.395735 -0.291961 0.478676 -0.397042 -0.319985 0.484339
-0.395697 -0.29098 0.478483 -0.397003 -0.319 0.484144
-0.395658 -0.29 0.478289 -0.396965 -0.318016 0.483949
-0.395619 -0.28902 0.478096 -0.396926 -0.317032 0.483755
-0.395581 -0.288039 0.477903 -0.396887 -0.316048 0.48356
-0.395542 -0.287059 0.477709 -0.396828 -0.314572 0.483268
-0.395503 -0.286079 0.477516 -0.396809 -0.31408 0.48317
-0.395464 -0.285098 0.477322 -0.39677 -0.313097 0.482976
-0.395426 -0.284118 0.477129 -0.396731 -0.312113 0.482781
-0.395387 -0.283138 0.476935 -0.396693 -0.311129 0.482586
-0.395348 -0.282157 0.476742 -0.396654 -0.310146 0.482392
-0.39531 -0.281177 0.476548 -0.396615 -0.309162 0.482197
-0.395271 -0.280197 0.476355 -0.396576 -0.308179 0.482003
-0.395232 -0.279216 0.476161 -0.396537 -0.307195 0.481808
-0.395194 -0.278236 0.475968 -0.396499 -0.306211 0.481613
-0.395155 -0.277256 0.475774 -0.39646 -0.305227 0.481419
-0.395116 -0.276275 0.475581 -0.396421 -0.304244 0.481224
-0.395077 -0.275295 0.475387 -0.396383 -0.30326 0.481029
-0.395039 -0.274315 0.475194 -0.396344 -0.302276 0.480835
-0.395 -0.273334 0.475 -0.396305 -0.301292 0.48064
-0.394961 -0.272354 0.474807 -0.396267 -0.300309 0.480446
-0.394923 -0.271374 0.474613 -0.396228 -0.299325 0.480251
-0.394884 -0.270393 0.47442 -0.396189 -0.298341 0.480056
-0.394845 -0.269413 0.474226 -0.396151 -0.297358 0.479862
-0.394807 -0.268433 0.474033 -0.396112 -0.296375 0.479667
-0.394768 -0.267452 0.473839 -0.396073 -0.295392 0.479473
-0.394729 -0.266472 0.473646 -0.396035 -0.294409 0.479278
-0.39469 -0.265492 0.473452 -0.395996 -0.293426 0.479084
-0.394652 -0.264511 0.473259 -0.395957 -0.292443 0.47889
-0.394613 -0.263531 0.473065 -0.395919 -0.29146 0.478695
-0.394574 -0.262551 0.472872 -0.39588 -0.290477 0.478501
-0.394536 -0.26157 0.472678 -0.395842 -0.289495 0.478307
-0.394497 -0.26059 0.472485 -0.395822 -0.289003 0.478209
-0.394458 -0.25961 0.472291 -0.395764 -0.28753 0.477918
-0.39442 -0.258629 0.472098 -0.395726 -0.286547 0.477724
-0.394381 -0.257649 0.471904 -0.395687 -0.285565 0.477529
-0.394342 -0.256669 0.471711 -0.395649 -0.284583 0.477335
-0.394303 -0.255688 0.471517 -0.39561 -0.2836 0.477141
-0.394265 -0.254708 0.471324 -0.395572 -0.282618 0.476947
-0.394226 -0.253728 0.47113 -0.395533 -0.281636 0.476752
-0.394187 -0.252747 0.470937 -0.395495 -0.280654 0.476558
-0.394149 -0.251767 0.470743 -0.395456 -0.279672 0.476364
-0.39411 -0.250786 0.47055 -0.395418 -0.278691 0.47617
-0.394071 -0.249806 0.470356 -0.395379 -0.277709 0.475976
-0.394033 -0.248826 0.470163 -0.395341 -0.276727 0.475782
-0.393994 -0.247845 0.46997 -0.395302 -0.275746 0.475587
-0.393955 -0.246865 0.469776 -0.395264 -0.274764 0.475393
-0.393917 -0.245885 0.469583 -0.395225 -0.273783 0.475199
-0.393878 -0.244904 0.469389 -0.395187 -0.272802 0.475005
-0.393839 -0.243924 0.469196 -0.395148 -0.271821 0.474811
-0.3938 -0.242944 0.469002 -0.39511 -0.27084 0.474617
-0.393762 -0.241963 0.468809 -0.395071 -0.269858 0.474423
-0.393723 -0.240983 0.468615 -0.395033 -0.268877 0.474229
-0.393684 -0.240003 0.468422 -0.394994 -0.267896 0.474035
-0.393646 -0.239022 0.468228 -0.394956 -0.266915 0.473841
-0.393607 -0.238042 0.468035 -0.394918 -0.265934 0.473647
-0.393568 -0.237062 0.467841 -0.394879 -0.264953 0.473453
-0.39353 -0.236081 0.467648 -0.394841 -0.263973 0.473259
-0.393491 -0.235101 0.467454 -0.394783 -0.262501 0.472968
-0.393452 -0.234121 0.467261 -0.394764 -0.262011 0.472871
-0.393413 -0.23314 0.467067 -0.394725 -0.26103 0.472678
-0.393375 -0.23216 0.466874 -0.394687 -0.26005 0.472484
-0.393336 -0.23118 0.46668 -0.394649 -0.259069 0.47229
-0.393297 -0.230199 0.466487 -0.39461 -0.258089 0.472096
-0.393259 -0.229219 0.466293 -0.394591 -0.257598 0.471999
-0.39322 -0.228239 0.4661 -0.394572 -0.257108 0.471902
-0.393181 -0.227258 0.465906 -0.394495 -0.255147 0.471514
-0.393143 -0.226278 0.465713 -0.394457 -0.254166 0.47132
-0.393104 -0.225298 0.465519 -0.394418 -0.253186 0.471126
-0.393065 -0.224317 0.465326 -0.39438 -0.252205 0.470932
-0.393026 -0.223337 0.465132 -0.394341 -0.251224 0.470738
-0.392988 -0.222357 0.464939 -0.394303 -0.250243 0.470544
-0.392949 -0.221376 0.464745 -0.394265 -0.249262 0.47035
-0.39291 -0.220396 0.464552 -0.394226 -0.248281 0.470156
-0.392872 -0.219416 0.464358 -0.394169 -0.24681 0.469865
-0.392833 -0.218435 0.464165 -0.39413 -0.24583 0.469672
-0.392794 -0.217455 0.463971 -0.394092 -0.24485 0.469478
-0.392756 -0.216475 0.463778 -0.394054 -0.243872 0.469284
-0.392717 -0.215494 0.463584 -0.394015 -0.242895 0.469091
-0.392678 -0.214514 0.463391 -0.393996 -0.242407 0.468995
-0.392639 -0.213534 0.463197 -0.393939 -0.240944 0.468705
-0.392601 -0.212553 0.463004 -0.3939 -0.23997 0.468513
-0.392562 -0.211573 0.46281 -0.393862 -0.239 0.46832
-0.392523 -0.210593 0.462617 -0.393823 -0.238031 0.468129
-0.392485 -0.209612 0.462423 -0.393785 -0.237062 0.467937
-0.392446 -0.208632 0.46223 -0.393747 -0.236092 0.467745
-0.392407 -0.207652 0.462036 -0.393728 -0.235607 0.467649
-0.392369 -0.206671 0.461843 -0.39367 -0.234151 0.467361
-0.39233 -0.205691 0.46165 -0.393632 -0.233179 0.467169
-0.392291 -0.204711 0.461456 -0.393594 -0.232208 0.466977
-0.392253 -0.20373 0.461263 -0.393556 -0.231236 0.466784
-0.392214 -0.20275 0.461069 -0.393518 -0.230264 0.466592
-0.392175 -0.20177 0.460876 -0.39348 -0.229292 0.4664
-0.392136 -0.200789 0.460682 -0.393442 -0.228319 0.466207
-0.392098 -0.199809 0.460489 -0.393404 -0.227346 0.466015
-0.392059 -0.198829 0.460295 -0.393365 -0.226372 0.465822
-0.39202 -0.197848 0.460102 -0.393327 -0.225398 0.46563
-0.391982 -0.196868 0.459908 -0.393289 -0.224424 0.465437
-0.391943 -0.195887 0.459715 -0.393251 -0.223449 0.465244
-0.391904 -0.194907 0.459521 -0.393213 -0.222474 0.465051
-0.391866 -0.193927 0.459328 -0.393175 -0.221498 0.464858
-0.391827 -0.192946 0.459134 -0.393137 -0.220522 0.464665
-0.391788 -0.191966 0.458941 -0.393099 -0.219545 0.464472
-0.391749 -0.190986 0.458747 -0.393061 -0.218568 0.464279
-0.391711 -0.190005 0.458554 -0.393023 -0.217592 0.464086
-0.391672 -0.189025 0.45836 -0.392985 -0.216615 0.463893
-0.391633 -0.188045 0.458167 -0.392947 -0.215639 0.4637
-0.391595 -0.187064 0.457973 -0.392909 -0.214662 0.463507
-0.391556 -0.186084 0.45778 -0.392871 -0.213685 0.463314
-0.391517 -0.185104 0.457586 -0.392832 -0.212709 0.463121
-0.391479 -0.184123 0.457393 -0.392794 -0.211731 0.462927
-0.39144 -0.183143 0.457199 -0.392756 -0.210754 0.462734
-0.391401 -0.182163 0.457006 -0.392718 -0.209776 0.462541
-0.391362 -0.181182 0.456812 -0.39268 -0.208798 0.462347
-0.391324 -0.180202 0.456619 -0.392642 -0.20782 0.462154
-0.391285 -0.179222 0.456425 -0.392604 -0.206841 0.46196
-0.391246 -0.178241 0.456232 -0.392565 -0.205863 0.461767
-0.391208 -0.177261 0.456038 -0.392527 -0.204884 0.461573
-0.391169 -0.176281 0.455845 -0.392489 -0.203905 0.46138
-0.39113 -0.1753 0.455651 -0.392451 -0.202926 0.461186
-0.391092 -0.17432 0.455458 -0.392413 -0.201948 0.460993
-0.391053 -0.17334 0.455264 -0.392375 -0.200969 0.460799
-0.391014 -0.172359 0.455071 -0.392336 -0.199991 0.460606
-0.390975 -0.171379 0.454877 -0.392298 -0.199013 0.460412
-0.390937 -0.170399 0.454684 -0.39226 -0.198035 0.460219
-0.390898 -0.169418 0.45449 -0.392241 -0.197546 0.460122
-0.390859 -0.168438 0.454297 -0.392183 -0.196081 0.459832
-0.390821 -0.167458 0.454103 -0.392145 -0.195106 0.45964
-0.390782 -0.166477 0.45391 -0.392107 -0.194133 0.459447
-0.390743 -0.165497 0.453717 -0.392069 -0.193163 0.459255
-0.390705 -0.164517 0.453523 -0.39203 -0.192194 0.459063
-0.390666 -0.163536 0.45333 -0.391992 -0.191228 0.458872
-0.390627 -0.162556 0.453136 -0.391954 -0.190263 0.458681
-0.390589 -0.161576 0.452943 -0.391916 -0.189299 0.45849
-0.39055 -0.160595 0.452749 -0.391839 -0.187374 0.458109
-0.390511 -0.159615 0.452556 -0.391801 -0.186413 0.457919
-0.390472 -0.158635 0.452362 -0.391763 -0.185455 0.457729
-0.390434 -0.157654 0.452169 -0.391706 -0.184025 0.457446
-0.390395 -0.156674 0.451975 -0.391667 -0.183076 0.457258
-0.390356 -0.155694 0.451782 -0.391648 -0.182602 0.457164
-0.390318 -0.154713 0.451588 -0.391591 -0.181185 0.456883
-0.390279 -0.153733 0.451395 -0.391553 -0.180243 0.456697
-0.39024 -0.152753 0.451201 -0.391516 -0.179302 0.45651
-0.390202 -0.151772 0.451008 -0.391478 -0.178364 0.456324
-0.390163 -0.150792 0.450814 -0.39144 -0.177426 0.456139
-0.390124 -0.149812 0.450621 -0.391402 -0.176489 0.455953
-0.390085 -0.148831 0.450427 -0.391365 -0.175553 0.455768
-0.390047 -0.147851 0.450234 -0.391327 -0.174616 0.455582
-0.390008 -0.146871 0.45004 -0.39129 -0.17368 0.455397
-0.389969 -0.14589 0.449847 -0.391253 -0.172744 0.455211
-0.389931 -0.14491 0.449653 -0.391216 -0.171807 0.455026
-0.389892 -0.14393 0.44946 -0.391178 -0.170869 0.45484
-0.389853 -0.142949 0.449266 -0.391141 -0.169931 0.454655
-0.389815 -0.141969 0.449073 -0.391104 -0.168992 0.454469
-0.389776 -0.140989 0.448879 -0.391067 -0.168052 0.454283
-0.389737 -0.140008 0.448686 -0.39103 -0.167112 0.454097
-0.389698 -0.139028 0.448492 -0.390993 -0.16617 0.453911
-0.38966 -0.138047 0.448299 -0.390956 -0.165227 0.453724
-0.389621 -0.137067 0.448105 -0.39092 -0.164282 0.453537
-0.389582 -0.136087 0.447912 -0.390883 -0.163337 0.45335
-0.389544 -0.135106 0.447718 -0.390846 -0.16239 0.453163
-0.389505 -0.134126 0.447525 -0.390809 -0.161443 0.452976
-0.389466 -0.133146 0.447331 -0.390772 -0.160494 0.452788
-0.389428 -0.132165 0.447138 -0.390735 -0.159543 0.4526
-0.389389 -0.131185 0.446944 -0.390699 -0.158592 0.452412
-0.38935 -0.130205 0.446751 -0.390662 -0.157639 0.452224
-0.389311 -0.129224 0.446557 -0.390625 -0.156685 0.452035
-0.389273 -0.128244 0.446364 -0.390607 -0.156207 0.451941
-0.389234 -0.127264 0.44617 -0.390551 -0.154773 0.451657
-0.389195 -0.126283 0.445977 -0.390514 -0.153816 0.451468
-0.389157 -0.125303 0.445784 -0.390477 -0.152857 0.451279
-0.389118 -0.124323 0.44559 -0.390441 -0.151897 0.451089
-0.389079 -0.123342 0.445397 -0.390404 -0.150936 0.450899
-0.389041 -0.122362 0.445203 -0.390367 -0.149974 0.450709
-0.389002 -0.121382 0.44501 -0.390329 -0.149011 0.450518
-0.388963 -0.120401 0.444816 -0.390292 -0.148047 0.450328
-0.388925 -0.119421 0.444623 -0.390255 -0.147082 0.450137
-0.388886 -0.118441 0.444429 -0.390218 -0.146116 0.449946
-0.388847 -0.11746 0.444236 -0.390181 -0.145148 0.449755
-0.388808 -0.11648 0.444042 -0.390144 -0.14418 0.449564
-0.38877 -0.1155 0.443849 -0.390106 -0.143212 0.449372
-0.388731 -0.114519 0.443655 -0.390069 -0.142242 0.44918
-0.388692 -0.113539 0.443462 -0.390032 -0.141271 0.448989
-0.388654 -0.112559 0.443268 -0.389994 -0.1403 0.448797
-0.388615 -0.111578 0.443075 -0.389957 -0.139329 0.448605
-0.388576 -0.110598 0.442881 -0.389919 -0.138357 0.448412
-0.388538 -0.109618 0.442688 -0.389882 -0.137384 0.44822
-0.388499 -0.108637 0.442494 -0.389844 -0.136411 0.448028
-0.38846 -0.107657 0.442301 -0.389807 -0.135438 0.447835
-0.388421 -0.106677 0.442107 -0.389769 -0.134464 0.447643
-0.388383 -0.105696 0.441914 -0.389731 -0.13349 0.44745
-0.388344 -0.104716 0.44172 -0.389693 -0.132516 0.447258
-0.388305 -0.103736 0.441527 -0.389675 -0.132028 0.447161
-0.388267 -0.102755 0.441333 -0.389618 -0.130566 0.446872
-0.388228 -0.101775 0.44114 -0.38958 -0.129591 0.446679
-0.388189 -0.100795 0.440946 -0.389542 -0.128617 0.446487
-0.388151 -0.0998143 0.440753 -0.389504 -0.127643 0.446294
-0.388112 -0.0988339 0.440559 -0.389466 -0.126668 0.446101
-0.388073 -0.0978536 0.440366 -0.389428 -0.125693 0.445908
-0.388034 -0.0968732 0.440172 -0.38939 -0.124717 0.445715
-0.387996 -0.0958929 0.439979 -0.389352 -0.12374 0.445522
-0.387957 -0.0949126 0.439785 -0.389314 -0.122764 0.445329
-0.387918 -0.0939322 0.439592 -0.389276 -0.121786 0.445136
-0.38788 -0.0929519 0.439398 -0.389238 -0.120808 0.444942
-0.387841 -0.0919715 0.439205 -0.3892 -0.119829 0.444749
-0.387802 -0.0909912 0.439011 -0.389162 -0.118851 0.444555
-0.387764 -0.0900109 0.438818 -0.389143 -0.118361 0.444458
-0.387725 -0.0890305 0.438624 -0.389086 -0.116892 0.444168
-0.387686 -0.0880502 0.438431 -0.389048 -0.115912 0.443974
-0.387647 -0.0870698 0.438237 -0.389009 -0.114932 0.44378
-0.387609 -0.0860895 0.438044 -0.388971 -0.113951 0.443586
-0.38757 -0.0851092 0.43785 -0.388933 -0.11297 0.443392
-0.387531 -0.0841288 0.437657 -0.388895 -0.111989 0.443198
-0.387493 -0.0831485 0.437464 -0.388856 -0.111008 0.443004
-0.387454 -0.0821682 0.43727 -0.388818 -0.110027 0.44281
-0.387415 -0.0811878 0.437077 -0.38878 -0.109047 0.442616
-0.387377 -0.0802075 0.436883 -0.388761 -0.108557 0.442519
-0.387338 -0.0792271 0.43669 -0.388703 -0.107086 0.442228
-0.387299 -0.0782468 0.436496 -0.388665 -0.106105 0.442034
-0.387261 -0.0772665 0.436303 -0.388626 -0.105125 0.44184
-0.387222 -0.0762861 0.436109 -0.388588 -0.104144 0.441647
-0.387183 -0.0753058 0.435916 -0.38855 -0.103164 0.441453
-0.387144 -0.0743254 0.435722 -0.388511 -0.102184 0.441259
-0.387106 -0.0733451 0.435529 -0.388492 -0.101694 0.441162
-0.387067 -0.0723648 0.435335 -0.388434 -0.100224 0.440871
-0.387028 -0.0713844 0.435142 -0.388415 -0.0997337 0.440774
-0.38699 -0.0704041 0.434948 -0.388358 -0.0982636 0.440483
-0.386951 -0.0694237 0.434755 -0.388338 -0.0977736 0.440386
-0.386912 -0.0684434 0.434561 -0.388281 -0.0963037 0.440095
-0.386874 -0.0674631 0.434368 -0.388242 -0.0953238 0.439902
-0.386835 -0.0664827 0.434174 -0.388223 -0.0948338 0.439805
-0.386796 -0.0655024 0.433981 -0.388165 -0.0933638 0.439514
-0.386757 -0.064522 0.433787 -0.388127 -0.0923832 0.43932
-0.386719 -0.0635417 0.433594 -0.388089 -0.0914021 0.439126
-0.38668 -0.0625614 0.4334 -0.38805 -0.090421 0.438932
-0.386641 -0.061581 0.433207 -0.388012 -0.0894401 0.438738
-0.386603 -0.0606007 0.433013 -0.387973 -0.0884593 0.438544
-0.386564 -0.0596204 0.43282 -0.387954 -0.0879689 0.438447
-0.386525 -0.05864 0.432626 -0.387935 -0.0874786 0.43835
-0.386487 -0.0576597 0.432433 -0.387915 -0.0869884 0.438253
-0.386448 -0.0566793 0.432239 -0.387839 -0.085028 0.437865
-0.386409 -0.055699 0.432046 -0.387781 -0.0835591 0.437574
-0.38637 -0.0547187 0.431852 -0.387742 -0.08258 0.437381
-0.386332 -0.0537383 0.431659 -0.387723 -0.0820904 0.437284
-0.386293 -0.052758 0.431465 -0.387665 -0.0806213 0.436993
-0.386254 -0.0517776 0.431272 -0.387627 -0.0796416 0.4368
-0.386216 -0.0507973 0.431078 -0.387588 -0.0786619 0.436606
-0.386177 -0.049817 0.430885 -0.38755 -0.0776821 0.436412
-0.386138 -0.0488366 0.430691 -0.387512 -0.0767024 0.436218
-0.3861 -0.0478563 0.430498 -0.387473 -0.0757228 0.436024
-0.386061 -0.0468759 0.430304 -0.387435 -0.0747431 0.435831
-0.386022 -0.0458956 0.430111 -0.387396 -0.0737634 0.435637
-0.385983 -0.0449153 0.429917 -0.387358 -0.0727838 0.435443
-0.385945 -0.0439349 0.429724 -0.387319 -0.0718041 0.435249
-0.385906 -0.0429546 0.429531 -0.3873 -0.0713143 0.435152
-0.385867 -0.0419742 0.429337 -0.387242 -0.0698447 0.434862
-0.385829 -0.0409939 0.429144 -0.387204 -0.0688644 0.434668
-0.38579 -0.0400136 0.42895 -0.387165 -0.0678837 0.434474
-0.385751 -0.0390332 0.428757 -0.387127 -0.0669031 0.43428
-0.385713 -0.0380529 0.428563 -0.387089 -0.0659227 0.434086
-0.385674 -0.0370726 0.42837 -0.38705 -0.0649422 0.433892
-0.385635 -0.0360922 0.428176 -0.387012 -0.0639617 0.433698
-0.385597 -0.0351119 0.427983 -0.386973 -0.0629813 0.433504
-0.385558 -0.0341315 0.427789 -0.386935 -0.062001 0.433311
-0.385519 -0.0331512 0.427596 -0.386896 -0.0610208 0.433117
-0.38548 -0.0321709 0.427402 -0.386858 -0.0600407 0.432923
-0.385442 -0.0311905 0.427209 -0.386819 -0.0590607 0.432729
-0.385403 -0.0302102 0.427015 -0.386781 -0.0580807 0.432535
-0.385364 -0.0292298 0.426822 -0.386742 -0.0571009 0.432342
-0.385326 -0.0282495 0.426628 -0.386704 -0.0561211 0.432148
-0.385287 -0.0272692 0.426435 -0.386665 -0.0551413 0.431954
-0.385248 -0.0262888 0.426241 -0.386627 -0.0541616 0.43176
-0.38521 -0.0253085 0.426048 -0.386588 -0.053182 0.431567
-0.385171 -0.0243281 0.425854 -0.38655 -0.0522024 0.431373
-0.385132 -0.0233478 0.425661 -0.386511 -0.0512228 0.431179
-0.385093 -0.0223675 0.425467 -0.386473 -0.0502433 0.430985
-0.385055 -0.0213871 0.425274 -0.386434 -0.0492637 0.430792
-0.385016 -0.0204068 0.42508 -0.386396 -0.0482842 0.430598
-0.384977 -0.0194264 0.424887 -0.386357 -0.0473048 0.430404
-0.384939 -0.0184461 0.424693 -0.386319 -0.0463253 0.430211
-0.3849 -0.0174658 0.4245 -0.38628 -0.0453458 0.430017
-0.384861 -0.0164854 0.424306 -0.386242 -0.0443664 0.429823
-0.384823 -0.0155051 0.424113 -0.386203 -0.0433869 0.42963
-0.384784 -0.0145248 0.423919 -0.386165 -0.0424075 0.429436
-0.384745 -0.0135444 0.423726 -0.386126 -0.041428 0.429243
-0.384706 -0.0125641 0.423532 -0.386088 -0.0404486 0.429049
-0.384668 -0.0115837 0.423339 -0.386049 -0.0394691 0.428855
-0.384629 -0.0106034 0.423145 -0.386011 -0.0384897 0.428662
-0.38459 -0.00962305 0.422952 -0.385973 -0.0375102 0.428468
-0.384552 -0.00864272 0.422758 -0.385934 -0.0365308 0.428274
-0.384513 -0.00766238 0.422565 -0.385896 -0.0355513 0.428081
-0.384474 -0.00668204 0.422371 -0.385857 -0.0345719 0.427887
-0.384436 -0.0057017 0.422178 -0.385819 -0.0335924 0.427693
-0.384397 -0.00472136 0.421984 -0.38578 -0.0326129 0.4275
-0.384358 -0.00374102 0.421791 -0.385742 -0.0316335 0.427306
-0.38432 -0.00276068 0.421598 -0.385703 -0.030654 0.427113
-0.384281 -0.00178034 0.421404 -0.385665 -0.0296745 0.426919
-0.384242 -0.000800002 0.421211 -0.385626 -0.028695 0.426725
-0.384203 0.000180337 0.421017 -0.385588 -0.0277155 0.426532
-0.384165 0.00116068 0.420824 -0.385549 -0.0267359 0.426338
-0.384126 0.00214102 0.42063 -0.385511 -0.0257564 0.426145
-0.384087 0.00312135 0.420437 -0.385472 -0.0247769 0.425951
-0.384049 0.00410169 0.420243 -0.385434 -0.0237974 0.425757
-0.38401 0.00508203 0.42005 -0.385395 -0.0228178 0.425564
-0.383971 0.00606237 0.419856 -0.385357 -0.0218383 0.42537
-0.383933 0.00704271 0.419663 -0.385318 -0.0208587 0.425176
-0.383894 0.00802305 0.419469 -0.38528 -0.0198792 0.424983
-0.383855 0.00900339 0.419276 -0.385241 -0.0188996 0.424789
-0.383816 0.00998373 0.419082 -0.385203 -0.01792 0.424596
-0.383778 0.0109641 0.418889 -0.385164 -0.0169404 0.424402
-0.383739 0.0119444 0.418695 -0.385126 -0.0159605 0.424208
-0.3837 0.0129247 0.418502 -0.385087 -0.0149805 0.424015
-0.383662 0.0139051 0.418308 -0.385049 -0.0140005 0.423821
-0.383623 0.0148854 0.418115 -0.38501 -0.0130205 0.423627
-0.383584 0.0158658 0.417921 -0.384972 -0.0120405 0.423434
-0.383546 0.0168461 0.417728 -0.384933 -0.0110607 0.42324
-0.383507 0.0178264 0.417534 -0.384895 -0.0100808 0.423047
-0.383468 0.0188068 0.417341 -0.384856 -0.009101 0.422853
-0.383429 0.0197871 0.417147 -0.384817 -0.00812123 0.422659
-0.383391 0.0207675 0.416954 -0.384779 -0.00714149 0.422466
-0.383352 0.0217478 0.41676 -0.38474 -0.00616177 0.422272
-0.383313 0.0227281 0.416567 -0.384702 -0.00518208 0.422079
-0.383275 0.0237085 0.416373 -0.384663 -0.00420242 0.421885
-0.383236 0.0246888 0.41618 -0.384625 -0.00322277 0.421691
-0.383197 0.0256692 0.415986 -0.384586 -0.00224315 0.421498
-0.383159 0.0266495 0.415793 -0.384548 -0.00126353 0.421304
-0.38312 0.0276298 0.415599 -0.384509 -0.000283936 0.421111
-0.383081 0.0286102 0.415406 -0.384471 0.000695649 0.420917
-0.383042 0.0295905 0.415212 -0.384432 0.00167522 0.420724
-0.383004 0.0305709 0.415019 -0.384393 0.00265479 0.42053
-0.382965 0.0315512 0.414825 -0.384355 0.00363435 0.420337
-0.382926 0.0325315 0.414632 -0.384316 0.0046139 0.420143
-0.382888 0.0335119 0.414438 -0.384278 0.00559344 0.41995
-0.382849 0.0344922 0.414245 -0.384239 0.00657298 0.419756
-0.38281 0.0354725 0.414051 -0.384201 0.00755251 0.419563
-0.382772 0.0364529 0.413858 -0.384162 0.00853205 0.419369
-0.382733 0.0374332 0.413664 -0.384124 0.00951157 0.419176
-0.382694 0.0384136 0.413471 -0.384085 0.0104911 0.418982
-0.382656 0.0393939 0.413278 -0.384046 0.0114706 0.418789
-0.382617 0.0403742 0.413084 -0.384008 0.0124501 0.418595
-0.382578 0.0413546 0.412891 -0.383969 0.0134297 0.418402
-0.382539 0.0423349 0.412697 -0.383931 0.0144092 0.418208
-0.382501 0.0433153 0.412504 -0.383892 0.0153887 0.418015
-0.382462 0.0442956 0.41231 -0.383854 0.0163682 0.417821
-0.382423 0.0452759 0.412117 -0.383815 0.0173478 0.417628
-0.382385 0.0462563 0.411923 -0.383776 0.0183273 0.417435
-0.382346 0.0472366 0.41173 -0.383738 0.0193068 0.417241
-0.382307 0.048217 0.411536 -0.383719 0.0197966 0.417144
-0.382269 0.0491973 0.411343 -0.383661 0.0212658 0.416854
-0.38223 0.0501776 0.411149 -0.383622 0.0222454 0.416661
-0.382191 0.051158 0.410956 -0.383584 0.0232251 0.416467
-0.382152 0.0521383 0.410762 -0.383545 0.024205 0.416274
-0.382114 0.0531187 0.410569 -0.383507 0.0251848 0.41608
-0.382075 0.054099 0.410375 -0.383468 0.0261647 0.415887
-0.382036 0.0550793 0.410182 -0.383429 0.0271445 0.415693
-0.381998 0.0560597 0.409988 -0.383391 0.0281242 0.4155
-0.381959 0.05704 0.409795 -0.383352 0.0291039 0.415306
-0.38192 0.0580203 0.409601 -0.383314 0.0300836 0.415113
-0.381882 0.0590007 0.409408 -0.383275 0.0310633 0.41492
-0.381843 0.059981 0.409214 -0.383236 0.0320429 0.414726
-0.381804 0.0609614 0.409021 -0.383198 0.0330226 0.414533
-0.381765 0.0619417 0.408827 -0.383159 0.0340022 0.414339
-0.381727 0.062922 0.408634 -0.383121 0.0349817 0.414146
-0.381688 0.0639024 0.40844 -0.383082 0.0359613 0.413953
-0.381649 0.0648827 0.408247 -0.383043 0.0369409 0.413759
-0.381611 0.0658631 0.408053 -0.383005 0.0379204 0.413566
-0.381572 0.0668434 0.40786 -0.382966 0.0389 0.413373
-0.381533 0.0678237 0.407666 -0.382928 0.0398795 0.413179
-0.381495 0.0688041 0.407473 -0.382889 0.040859 0.412986
-0.381456 0.0697844 0.407279 -0.38285 0.0418385 0.412792
-0.381417 0.0707648 0.407086 -0.382812 0.0428181 0.412599
-0.381378 0.0717451 0.406892 -0.382773 0.0437978 0.412406
-0.38134 0.0727254 0.406699 -0.382735 0.0447775 0.412212
-0.381301 0.0737058 0.406505 -0.382696 0.0457572 0.412019
-0.381262 0.0746861 0.406312 -0.382657 0.0467369 0.411826
-0.381224 0.0756665 0.406118 -0.382619 0.0477168 0.411632
-0.381185 0.0766468 0.405925 -0.38258 0.0486971 0.411439
-0.381146 0.0776271 0.405731 -0.382542 0.0496777 0.411245
-0.381108 0.0786075 0.405538 -0.382503 0.0506583 0.411052
-0.381069 0.0795878 0.405345 -0.382464 0.0516388 0.410858
-0.38103 0.0805681 0.405151 -0.382426 0.0526192 0.410665
-0.380992 0.0815485 0.404958 -0.382387 0.0535995 0.410471
-0.380953 0.0825288 0.404764 -0.382349 0.0545797 0.410278
-0.380914 0.0835092 0.404571 -0.38231 0.0555599 0.410084
-0.380875 0.0844895 0.404377 -0.382271 0.05654 0.409891
-0.380837 0.0854698 0.404184 -0.382252 0.05703 0.409794
-0.380798 0.0864502 0.40399 -0.382194 0.0584999 0.409504
-0.380759 0.0874305 0.403797 -0.382155 0.0594797 0.409311
-0.380721 0.0884109 0.403603 -0.382117 0.0604595 0.409118
-0.380682 0.0893912 0.40341 -0.382078 0.0614391 0.408924
-0.380643 0.0903715 0.403216 -0.38204 0.0624187 0.408731
-0.380605 0.0913519 0.403023 -0.382001 0.0633983 0.408538
-0.380566 0.0923322 0.402829 -0.381962 0.0643778 0.408345
-0.380527 0.0933126 0.402636 -0.381924 0.0653572 0.408151
-0.380488 0.0942929 0.402442 -0.381885 0.0663366 0.407958
-0.38045 0.0952732 0.402249 -0.381846 0.067316 0.407765
-0.380411 0.0962536 0.402055 -0.381808 0.0682954 0.407572
-0.380372 0.0972339 0.401862 -0.381769 0.0692747 0.407379
-0.380334 0.0982143 0.401668 -0.38173 0.0702541 0.407185
-0.380295 0.0991946 0.401475 -0.381692 0.0712336 0.406992
-0.380256 0.100175 0.401281 -0.381653 0.0722132 0.406799
-0.380218 0.101155 0.401088 -0.381614 0.0731931 0.406606
-0.380179 0.102136 0.400894 -0.381576 0.0741729 0.406412
-0.38014 0.103116 0.400701 -0.381537 0.0751527 0.406219
-0.380101 0.104096 0.400507 -0.381499 0.0761329 0.406026
-0.380063 0.105077 0.400314 -0.38146 0.0771135 0.405832
-0.380024 0.106057 0.40012 -0.381421 0.0780942 0.405639
-0.379985 0.107037 0.399927 -0.381383 0.0790749 0.405446
-0.379947 0.108018 0.399733 -0.381363 0.0795652 0.405349
-0.379908 0.108998 0.39954 -0.381305 0.0810363 0.405059
-0.379869 0.109978 0.399346 -0.381267 0.0820169 0.404865
-0.379831 0.110959 0.399153 -0.381228 0.0829974 0.404672
-0.379792 0.111939 0.398959 -0.381189 0.0839778 0.404479
-0.379753 0.112919 0.398766 -0.381151 0.0849582 0.404285
-0.379714 0.1139 0.398572 -0.381112 0.0859388 0.404092
-0.379676 0.11488 0.398379 -0.381073 0.0869195 0.403899
-0.379637 0.11586 0.398185 -0.381035 0.0879001 0.403705
-0.379598 0.116841 0.397992 -0.380996 0.0888805 0.403512
-0.37956 0.117821 0.397798 -0.380957 0.0898607 0.403319
-0.379521 0.118801 0.397605 -0.380919 0.0908409 0.403125
-0.379482 0.119782 0.397412 -0.38088 0.0918211 0.402932
-0.379444 0.120762 0.397218 -0.380841 0.0928015 0.402739
-0.379405 0.121742 0.397025 -0.380803 0.0937819 0.402546
-0.379366 0.122723 0.396831 -0.380764 0.0947623 0.402352
-0.379328 0.123703 0.396638 -0.380725 0.0957428 0.402159
-0.379289 0.124683 0.396444 -0.380687 0.0967231 0.401966
-0.37925 0.125664 0.396251 -0.380648 0.0977032 0.401773
-0.379211 0.126644 0.396057 -0.380609 0.0986832 0.401579
-0.379173 0.127624 0.395864 -0.38057 0.099663 0.401386
-0.379134 0.128605 0.39567 -0.380532 0.100643 0.401193
-0.379095 0.129585 0.395477 -0.380493 0.101622 0.401
-0.379057 0.130565 0.395283 -0.380474 0.102112 0.400903
-0.379018 0.131546 0.39509 -0.380416 0.103582 0.400614
-0.378979 0.132526 0.394896 -0.380377 0.104561 0.400421
-0.378941 0.133506 0.394703 -0.380338 0.105541 0.400228
-0.378902 0.134487 0.394509 -0.3803 0.10652 0.400035
-0.378863 0.135467 0.394316 -0.380261 0.1075 0.399842
-0.378824 0.136447 0.394122 -0.380222 0.108479 0.399649
-0.378786 0.137428 0.393929 -0.380183 0.109458 0.399456
-0.378747 0.138408 0.393735 -0.380145 0.110437 0.399263
-0.378708 0.139388 0.393542 -0.380106 0.111416 0.39907
-0.37867 0.140369 0.393348 -0.380067 0.112396 0.398877
-0.378631 0.141349 0.393155 -0.380029 0.113375 0.398684
-0.378592 0.14233 0.392961 -0.37999 0.114354 0.398491
-0.378554 0.14331 0.392768 -0.379951 0.115333 0.398298
-0.378515 0.14429 0.392574 -0.379913 0.116312 0.398105
-0.378476 0.145271 0.392381 -0.379874 0.117291 0.397912
-0.378437 0.146251 0.392187 -0.379835 0.118269 0.397719
-0.378399 0.147231 0.391994 -0.379797 0.119248 0.397526
-0.37836 0.148212 0.3918 -0.379758 0.120227 0.397333
-0.378321 0.149192 0.391607 -0.379719 0.121206 0.39714
-0.378283 0.150172 0.391413 -0.37968 0.122185 0.396948
-0.378244 0.151153 0.39122 -0.379642 0.123164 0.396755
-0.378205 0.152133 0.391026 -0.379603 0.124143 0.396562
-0.378167 0.153113 0.390833 -0.379564 0.125122 0.396369
-0.378128 0.154094 0.390639 -0.379526 0.1261 0.396176
-0.378089 0.155074 0.390446 -0.379487 0.127079 0.395983
-0.37805 0.156054 0.390252 -0.379448 0.128058 0.39579
-0.378012 0.157035 0.390059 -0.37941 0.129037 0.395597
-0.377973 0.158015 0.389865 -0.379371 0.130016 0.395404
-0.377934 0.158995 0.389672 -0.379332 0.130995 0.395212
-0.377896 0.159976 0.389478 -0.379313 0.131485 0.395115
-0.377857 0.160956 0.389285 -0.379294 0.131974 0.395019
-0.377818 0.161936 0.389092 -0.379216 0.133931 0.394633
-0.37778 0.162917 0.388898 -0.379178 0.134906 0.394441
-0.377741 0.163897 0.388705 -0.379139 0.135878 0.39425
-0.377702 0.164877 0.388511 -0.3791 0.13685 0.394058
-0.377664 0.165858 0.388318 -0.379061 0.137822 0.393866
-0.377625 0.166838 0.388124 -0.379023 0.138796 0.393675
-0.377586 0.167818 0.387931 -0.378984 0.139771 0.393483
-0.377547 0.168799 0.387737 -0.378945 0.140746 0.393291
-0.377509 0.169779 0.387544 -0.378907 0.141722 0.393098
-0.37747 0.170759 0.38735 -0.378868 0.142698 0.392906
-0.377431 0.17174 0.387157 -0.37883 0.143675 0.392714
-0.377393 0.17272 0.386963 -0.378791 0.144653 0.392521
-0.377354 0.1737 0.38677 -0.378752 0.145631 0.392328
-0.377315 0.174681 0.386576 -0.378714 0.146609 0.392136
-0.377277 0.175661 0.386383 -0.378675 0.147588 0.391943
-0.377238 0.176641 0.386189 -0.378637 0.148567 0.39175
-0.377199 0.177622 0.385996 -0.378598 0.149547 0.391557
-0.37716 0.178602 0.385802 -0.37856 0.150526 0.391364
-0.377122 0.179582 0.385609 -0.378521 0.151506 0.391171
-0.377083 0.180563 0.385415 -0.378483 0.152487 0.390978
-0.377044 0.181543 0.385222 -0.378444 0.153467 0.390785
-0.377006 0.182523 0.385028 -0.378405 0.154448 0.390592
-0.376967 0.183504 0.384835 -0.378386 0.154938 0.390495
-0.376928 0.184484 0.384641 -0.378328 0.156409 0.390206
-0.37689 0.185464 0.384448 -0.37829 0.15739 0.390012
-0.376851 0.186445 0.384254 -0.378251 0.158371 0.389819
-0.376812 0.187425 0.384061 -0.378212 0.159352 0.389626
-0.376773 0.188405 0.383867 -0.378174 0.160333 0.389433
-0.376735 0.189386 0.383674 -0.378135 0.161314 0.38924
-0.376696 0.190366 0.38348 -0.378096 0.162295 0.389047
-0.376657 0.191346 0.383287 -0.378058 0.163276 0.388853
-0.376619 0.192327 0.383093 -0.378019 0.164258 0.38866
-0.37658 0.193307 0.3829 -0.37798 0.165239 0.388467
-0.376541 0.194287 0.382706 -0.377941 0.16622 0.388274
-0.376503 0.195268 0.382513 -0.377903 0.167201 0.38808
-0.376464 0.196248 0.382319 -0.377864 0.168183 0.387887
-0.376425 0.197229 0.382126 -0.377825 0.169164 0.387694
-0.376386 0.198209 0.381932 -0.377787 0.170145 0.387501
-0.376348 0.199189 0.381739 -0.377748 0.171126 0.387308
-0.376309 0.20017 0.381545 -0.377709 0.172108 0.387114
-0.37627 0.20115 0.381352 -0.37767 0.173089 0.386921
-0.376232 0.20213 0.381159 -0.377631 0.17407 0.386728
-0.376193 0.203111 0.380965 -0.377593 0.175051 0.386535
-0.376154 0.204091 0.380772 -0.377554 0.176032 0.386342
-0.376116 0.205071 0.380578 -0.377515 0.177013 0.386148
-0.376077 0.206052 0.380385 -0.377476 0.177994 0.385955
-0.376038 0.207032 0.380191 -0.377437 0.178975 0.385762
-0.376 0.208012 0.379998 -0.377399 0.179956 0.385569
-0.375961 0.208993 0.379804 -0.37736 0.180937 0.385376
-0.375922 0.209973 0.379611 -0.377321 0.181918 0.385183
-0.375883 0.210953 0.379417 -0.377282 0.182899 0.38499
-0.375845 0.211934 0.379224 -0.377243 0.18388 0.384797
-0.375806 0.212914 0.37903 -0.377205 0.184861 0.384603
-0.375767 0.213894 0.378837 -0.377166 0.185841 0.38441
-0.375729 0.214875 0.378643 -0.377127 0.186822 0.384217
-0.37569 0.215855 0.37845 -0.377088 0.187803 0.384024
-0.375651 0.216835 0.378256 -0.377049 0.188783 0.383831
-0.375613 0.217816 0.378063 -0.37701 0.189764 0.383638
-0.375574 0.218796 0.377869 -0.376972 0.190745 0.383445
-0.375535 0.219776 0.377676 -0.376933 0.191725 0.383252
-0.375496 0.220757 0.377482 -0.376913 0.192216 0.383155
-0.375458 0.221737 0.377289 -0.376855 0.193686 0.382866
-0.375419 0.222717 0.377095 -0.376816 0.194667 0.382673
-0.37538 0.223698 0.376902 -0.376778 0.19565 0.382479
-0.375342 0.224678 0.376708 -0.376739 0.196633 0.382286
-0.375303 0.225658 0.376515 -0.3767 0.197616 0.382092
-0.375264 0.226639 0.376321 -0.376661 0.198599 0.381899
-0.375226 0.227619 0.376128 -0.376622 0.199581 0.381705
-0.375187 0.228599 0.375934 -0.376584 0.200564 0.381512
-0.375148 0.22958 0.375741 -0.376545 0.201545 0.381319
-0.375109 0.23056 0.375547 -0.376506 0.202527 0.381125
-0.375071 0.23154 0.375354 -0.376467 0.203509 0.380932
-0.375032 0.232521 0.37516 -0.376428 0.20449 0.380739
-0.374993 0.233501 0.374967 -0.376389 0.205471 0.380546
-0.374955 0.234481 0.374773 -0.37635 0.206452 0.380353
-0.374916 0.235462 0.37458 -0.376311 0.207432 0.38016
-0.374877 0.236442 0.374386 -0.376273 0.208413 0.379967
-0.374839 0.237422 0.374193 -0.376234 0.209393 0.379774
-0.3748 0.238403 0.373999 -0.376195 0.210373 0.379581
-0.374761 0.239383 0.373806 -0.376156 0.211354 0.379388
-0.374722 0.240363 0.373612 -0.376117 0.212334 0.379195
-0.374684 0.241344 0.373419 -0.376078 0.213314 0.379002
-0.374645 0.242324 0.373226 -0.376039 0.214294 0.378809
-0.374606 0.243304 0.373032 -0.376 0.215273 0.378616
-0.374568 0.244285 0.372839 -0.375962 0.216253 0.378423
-0.374529 0.245265 0.372645 -0.375923 0.217233 0.37823
-0.37449 0.246245 0.372452 -0.375884 0.218213 0.378037
-0.374452 0.247226 0.372258 -0.375845 0.219192 0.377845
-0.374413 0.248206 0.372065 -0.375806 0.22017 0.377652
-0.374374 0.249186 0.371871 -0.375767 0.221149 0.377459
-0.374336 0.250167 0.371678 -0.375728 0.222128 0.377267
-0.374297 0.251147 0.371484 -0.37569 0.223106 0.377074
-0.374258 0.252128 0.371291 -0.375651 0.224085 0.376881
-0.374219 0.253108 0.371097 -0.375612 0.225064 0.376689
-0.374181 0.254088 0.370904 -0.375573 0.226043 0.376496
-0.374142 0.255069 0.37071 -0.375534 0.227023 0.376303
-0.374103 0.256049 0.370517 -0.375496 0.228002 0.37611
-0.374065 0.257029 0.370323 -0.375457 0.228981 0.375917
-0.374026 0.25801 0.37013 -0.375418 0.229961 0.375725
-0.373987 0.25899 0.369936 -0.375379 0.23094 0.375532
-0.373949 0.25997 0.369743 -0.37534 0.23192 0.375339
-0.37391 0.260951 0.369549 -0.375302 0.2329 0.375146
-0.373871 0.261931 0.369356 -0.375263 0.233879 0.374953
-0.373832 0.262911 0.369162 -0.375224 0.234859 0.37476
-0.373794 0.263892 0.368969 -0.375185 0.235839 0.374568
-0.373755 0.264872 0.368775 -0.375146 0.236819 0.374375
-0.373716 0.265852 0.368582 -0.375127 0.237309 0.374278
-0.373678 0.266833 0.368388 -0.375069 0.238779 0.373989
-0.373639 0.267813 0.368195 -0.37503 0.239759 0.373796
-0.3736 0.268793 0.368001 -0.374991 0.24074 0.373603
-0.373562 0.269774 0.367808 -0.374952 0.241721 0.37341
-0.373523 0.270754 0.367614 -0.374914 0.242703 0.373216
-0.373484 0.271734 0.367421 -0.374875 0.243685 0.373023
-0.373445 0.272715 0.367227 -0.374836 0.244666 0.37283
-0.373407 0.273695 0.367034 -0.374797 0.245647 0.372637
-0.373368 0.274675 0.36684 -0.374759 0.246629 0.372444
-0.373329 0.275656 0.366647 -0.37472 0.24761 0.372251
-0.373291 0.276636 0.366453 -0.374681 0.24859 0.372058
-0.373252 0.277616 0.36626 -0.374642 0.249571 0.371864
-0.373213 0.278597 0.366066 -0.374603 0.250552 0.371671
-0.373175 0.279577 0.365873 -0.374564 0.251532 0.371478
-0.373136 0.280557 0.365679 -0.374525 0.252513 0.371285
-0.373097 0.281538 0.365486 -0.374506 0.253003 0.371189
-0.373058 0.282518 0.365292 -0.374448 0.254474 0.370899
-0.37302 0.283498 0.365099 -0.374409 0.255454 0.370706
-0.372981 0.284479 0.364906 -0.37437 0.256434 0.370513
-0.372942 0.285459 0.364712 -0.374331 0.257414 0.37032
-0.372904 0.286439 0.364519 -0.374292 0.258395 0.370127
-0.372865 0.28742 0.364325 -0.374254 0.259375 0.369934
-0.372826 0.2884 0.364132 -0.374215 0.260355 0.369741
-0.372788 0.28938 0.363938 -0.374176 0.261335 0.369549
-0.372749 0.290361 0.363745 -0.374137 0.262315 0.369356
-0.37271 0.291341 0.363551 -0.374098 0.263295 0.369163
-0.372672 0.292321 0.363358 -0.374059 0.264275 0.36897
-0.372633 0.293302 0.363164 -0.37402 0.265255 0.368777
-0.372594 0.294282 0.362971 -0.373982 0.266235 0.368584
-0.372555 0.295262 0.362777 -0.373943 0.267215 0.368391
-0.372517 0.296243 0.362584 -0.373904 0.268195 0.368198
-0.372478 0.297223 0.36239 -0.373865 0.269175 0.368005
-0.372439 0.298203 0.362197 -0.373826 0.270156 0.367812
-0.372401 0.299184 0.362003 -0.373787 0.271136 0.367619
-0.372362 0.300164 0.36181 -0.373748 0.272116 0.367426
-0.372323 0.301144 0.361616 -0.37371 0.273096 0.367233
-0.372285 0.302125 0.361423 -0.373671 0.274076 0.36704
-0.372246 0.303105 0.361229 -0.373632 0.275056 0.366847
-0.372207 0.304085 0.361036 -0.373593 0.276036 0.366654
-0.372168 0.305066 0.360842 -0.373554 0.277016 0.366461
-0.37213 0.306046 0.360649 -0.373515 0.277996 0.366268
-0.372091 0.307026 0.360455 -0.373477 0.278976 0.366075
-0.372052 0.308007 0.360262 -0.373438 0.279956 0.365882
-0.372014 0.308987 0.360068 -0.373399 0.280936 0.365689
-0.371975 0.309968 0.359875 -0.37336 0.281917 0.365496
-0.371936 0.310948 0.359681 -0.373321 0.282897 0.365303
-0.371898 0.311928 0.359488 -0.373282 0.283877 0.36511
-0.371859 0.312909 0.359294 -0.373243 0.284857 0.364917
-0.37182 0.313889 0.359101 -0.373205 0.285837 0.364724
-0.371781 0.314869 0.358907 -0.373166 0.286818 0.364531
-0.371743 0.31585 0.358714 -0.373127 0.287798 0.364338
-0.371704 0.31683 0.35852 -0.373088 0.288778 0.364145
-0.371665 0.31781 0.358327 -0.373069 0.289268 0.364049
-0.371627 0.318791 0.358133 -0.37303 0.290248 0.363856
-0.371588 0.319771 0.35794 -0.372991 0.291229 0.363663
-0.371549 0.320751 0.357746 -0.372952 0.292209 0.36347
-0.371511 0.321732 0.357553 -0.372894 0.293679 0.36318
-0.371472 0.322712 0.357359 -0.372855 0.29466 0.362987
-0.371433 0.323692 0.357166 -0.372816 0.29564 0.362794
-0.371395 0.324673 0.356973 -0.372797 0.29613 0.362698
-0.371356 0.325653 0.356779 -0.372738 0.297601 0.362408
-0.371317 0.326633 0.356586 -0.3727 0.298581 0.362215
-0.371278 0.327614 0.356392 -0.372661 0.299561 0.362022
-0.37124 0.328594 0.356199 -0.372622 0.300542 0.361829
-0.371201 0.329574 0.356005 -0.372583 0.301522 0.361636
-0.371162 0.330555 0.355812 -0.372544 0.302502 0.361443
-0.371124 0.331535 0.355618 -0.372505 0.303483 0.36125
-0.371085 0.332515 0.355425 -0.372467 0.304463 0.361057
-0.371046 0.333496 0.355231 -0.372447 0.304953 0.36096
-0.371008 0.334476 0.355038 -0.372389 0.306423 0.360671
-0.370969 0.335456 0.354844 -0.37235 0.307399 0.360479
-0.37093 0.336437 0.354651 -0.372311 0.308372 0.360287
-0.370891 0.337417 0.354457 -0.372272 0.309345 0.360095
-0.370853 0.338397 0.354264 -0.372233 0.310319 0.359903
-0.370814 0.339378 0.35407 -0.372194 0.311294 0.359711
-0.370775 0.340358 0.353877 -0.372155 0.312269 0.359519
-0.370737 0.341338 0.353683 -0.372117 0.313245 0.359327
-0.370698 0.342319 0.35349 -0.372078 0.314221 0.359134
-0.370659 0.343299 0.353296 -0.372039 0.315199 0.358942
-0.370621 0.344279 0.353103 -0.372 0.316176 0.358749
-0.370582 0.34526 0.352909 -0.371962 0.317155 0.358557
-0.370543 0.34624 0.352716 -0.371923 0.318133 0.358364
-0.370504 0.34722 0.352522 -0.371884 0.319112 0.358171
-0.370466 0.348201 0.352329 -0.371865 0.319602 0.358075
-0.370427 0.349181 0.352135 -0.371845 0.320092 0.357978
-0.370388 0.350161 0.351942 -0.371768 0.322051 0.357593
-0.37035 0.351142 0.351748 -0.371729 0.323027 0.3574
-0.370311 0.352122 0.351555 -0.37169 0.324001 0.357208
-0.370272 0.353102 0.351361 -0.371632 0.325461 0.356921
-0.370234 0.354083 0.351168 -0.371613 0.325949 0.356825
-0.370195 0.355063 0.350974 -0.371574 0.326924 0.356632
-0.370156 0.356043 0.350781 -0.371535 0.327901 0.35644
-0.370117 0.357024 0.350587 -0.371477 0.329367 0.356151
-0.370079 0.358004 0.350394 -0.371458 0.329856 0.356055
-0.37004 0.358984 0.3502 -0.371419 0.330834 0.355862
-0.370001 0.359965 0.350007 -0.371381 0.331812 0.35567
-0.369963 0.360945 0.349813 -0.371323 0.33328 0.355381
-0.370001 0.359965 0.350007 -0.371303 0.333769 0.355284
-0.369963 0.360945 0.349813 -0.371265 0.334749 0.355091
-0.370001 0.359965 0.350007 -0.371226 0.335729 0.354898
-0.369963 0.360945 0.349813 -0.371187 0.33671 0.354705
-0.370001 0.359965 0.350007 -0.371148 0.337689 0.354512
-0.369963 0.360945 0.349813 -0.37111 0.338662 0.354321
-0.370001 0.359965 0.350007 -0.371071 0.339625 0.354131
-0.369963 0.360945 0.349813 -0.371031 0.340575 0.353943
-0.370001 0.359965 0.350007 -0.370992 0.341509 0.353758
-0.369963 0.360945 0.349813 -0.370953 0.342424 0.353576
-0.370001 0.359965 0.350007 -0.370914 0.34332 0.353398
-0.369963 0.360945 0.349813 -0.370874 0.344193 0.353224
-0.370001 0.359965 0.350007 -0.370835 0.345043 0.353055
-0.369963 0.360945 0.349813 -0.370797 0.345867 0.352889
-0.370001 0.359965 0.350007 -0.370758 0.346667 0.352729
-0.369963 0.360945 0.349813 -0.37072 0.347439 0.352574
-0.370001 0.359965 0.350007 -0.370683 0.348184 0.352424
-0.369963 0.360945 0.349813 -0.370647 0.348903 0.352279
-0.370001 0.359965 0.350007 -0.370611 0.349593 0.352139
-0.369963 0.360945 0.349813 -0.370576 0.350256 0.352004
-0.370001 0.359965 0.350007 -0.370542 0.350892 0.351875
-0.369963 0.360945 0.349813 -0.370508 0.351501 0.351751
-0.370001 0.359965 0.350007 -0.370476 0.352083 0.351633
-0.369963 0.360945 0.349813 -0.370445 0.352638 0.35152
-0.370001 0.359965 0.350007 -0.370415 0.353168 0.351411
-0.369963 0.360945 0.349813 -0.370386 0.353672 0.351308
-0.370001 0.359965 0.350007 -0.370358 0.354151 0.35121
-0.369963 0.360945 0.349813 -0.370332 0.354606 0.351116
-0.370001 0.359965 0.350007 -0.370306 0.355038 0.351028
-0.369963 0.360945 0.349813 -0.370282 0.355447 0.350943
-0.370001 0.359965 0.350007 -0.370258 0.355834 0.350864
-0.369963 0.360945 0.349813 -0.370236 0.3562 0.350788
-0.370001 0.359965 0.350007 -0.370215 0.356546 0.350717
-0.369963 0.360945 0.349813 -0.370196 0.356872 0.35065
-0.370001 0.359965 0.350007 -0.370177 0.357179 0.350586
-0.369963 0.360945 0.349813 -0.370159 0.357467 0.350527
-0.370001 0.359965 0.350007 -0.370143 0.357739 0.350471
-0.369963 0.360945 0.349813 -0.370127 0.357993 0.350418
-0.370001 0.359965 0.350007 -0.370112 0.358232 0.350369
-0.369963 0.360945 0.349813 -0.370098 0.358456 0.350322
-0.370001 0.359965 0.350007 -0.370086 0.358665 0.350279
-0.369963 0.360945 0.349813 -0.370074 0.358861 0.350239
-0.370001 0.359965 0.350007 -0.370062 0.359043 0.350201
