-0.399992 -0.399798 0.49996 -0.400028 -0.400778 0.500152
-0.399953 -0.398818 0.499767 -0.400028 -0.400778 0.500152
-0.399915 -0.397837 0.499573 -0.400028 -0.400778 0.500152
-0.399876 -0.396857 0.49938 -0.400028 -0.400777 0.500152
-0.399837 -0.395877 0.499186 -0.400028 -0.400776 0.500152
-0.399799 -0.394896 0.498993 -0.400028 -0.400767 0.50015
-0.39976 -0.393916 0.498799 -0.400027 -0.40075 0.500147
-0.399721 -0.392936 0.498606 -0.400025 -0.400698 0.500137
-0.399682 -0.391955 0.498412 -0.400023 -0.400643 0.500126
-0.399644 -0.390975 0.498219 -0.400021 -0.400569 0.500111
-0.399605 -0.389995 0.498025 -0.400019 -0.400525 0.500103
-0.399566 -0.389014 0.497832 -0.400013 -0.400363 0.500072
-0.399528 -0.388034 0.497638 -0.400011 -0.400298 0.500059
-0.399489 -0.387054 0.497445 -0.400006 -0.400151 0.500031
-0.39945 -0.386073 0.497251 -0.400003 -0.400069 0.500015
-0.399412 -0.385093 0.497058 -0.399994 -0.399785 0.49996
-0.399373 -0.384113 0.496864 -0.399978 -0.399318 0.49987
-0.399334 -0.383132 0.496671 -0.399974 -0.399185 0.499845
-0.399295 -0.382152 0.496477 -0.39996 -0.398758 0.499763
-0.399257 -0.381172 0.496284 -0.399955 -0.398605 0.499733
-0.399218 -0.380191 0.49609 -0.399938 -0.39811 0.499638
-0.399179 -0.379211 0.495897 -0.399927 -0.397745 0.499568
-0.399141 -0.378231 0.495703 -0.399914 -0.397352 0.499493
-0.399102 -0.37725 0.49551 -0.399907 -0.397145 0.499454
-0.399063 -0.37627 0.495316 -0.399879 -0.396251 0.499283
-0.399025 -0.37529 0.495123 -0.399864 -0.395764 0.49919
-0.398986 -0.374309 0.494929 -0.399847 -0.395253 0.499092
-0.398947 -0.373329 0.494736 -0.399831 -0.39472 0.498991
-0.398908 -0.372349 0.494542 -0.399804 -0.393884 0.498831
-0.39887 -0.371368 0.494349 -0.399785 -0.393303 0.49872
-0.398831 -0.370388 0.494156 -0.399776 -0.393005 0.498663
-0.398792 -0.369408 0.493962 -0.399756 -0.392396 0.498546
-0.398754 -0.368427 0.493769 -0.399736 -0.391768 0.498426
-0.398715 -0.367447 0.493575 -0.399715 -0.391123 0.498302
-0.398676 -0.366467 0.493382 -0.399694 -0.390461 0.498175
-0.398638 -0.365486 0.493188 -0.399671 -0.389782 0.498045
-0.398599 -0.364506 0.492995 -0.399649 -0.389088 0.497911
-0.39856 -0.363525 0.492801 -0.399625 -0.388377 0.497775
-0.398522 -0.362545 0.492608 -0.399601 -0.387652 0.497635
-0.398483 -0.361565 0.492414 -0.399577 -0.386913 0.497493
-0.398444 -0.360584 0.492221 -0.399551 -0.38616 0.497348
-0.398405 -0.359604 0.492027 -0.399526 -0.385393 0.4972
-0.398367 -0.358624 0.491834 -0.399499 -0.384614 0.49705
-0.398328 -0.357643 0.49164 -0.399473 -0.383822 0.496897
-0.398289 -0.356663 0.491447 -0.399431 -0.382614 0.496663
-0.398251 -0.355683 0.491253 -0.399417 -0.382205 0.496584
-0.398212 -0.354702 0.49106 -0.399389 -0.381381 0.496425
-0.398173 -0.353722 0.490866 -0.39936 -0.380546 0.496263
-0.398135 -0.352742 0.490673 -0.399331 -0.379701 0.496099
-0.398096 -0.351761 0.490479 -0.399301 -0.378847 0.495934
-0.398057 -0.350781 0.490286 -0.399271 -0.377985 0.495766
-0.398018 -0.349801 0.490092 -0.39924 -0.377113 0.495597
-0.39798 -0.34882 0.489899 -0.399209 -0.376234 0.495426
-0.397941 -0.34784 0.489705 -0.399177 -0.375348 0.495254
-0.397902 -0.34686 0.489512 -0.399145 -0.374455 0.49508
-0.397864 -0.345879 0.489318 -0.399113 -0.373555 0.494904
-0.397825 -0.344899 0.489125 -0.39908 -0.372649 0.494728
-0.397786 -0.343919 0.488931 -0.399047 -0.371738 0.49455
-0.397748 -0.342938 0.488738 -0.399014 -0.370821 0.494371
-0.397709 -0.341958 0.488544 -0.39898 -0.3699 0.49419
-0.39767 -0.340978 0.488351 -0.398946 -0.368973 0.494009
-0.397631 -0.339997 0.488157 -0.398911 -0.368042 0.493827
-0.397593 -0.339017 0.487964 -0.398877 -0.367107 0.493644
-0.397554 -0.338037 0.48777 -0.398842 -0.366168 0.49346
-0.397515 -0.337056 0.487577 -0.398806 -0.365226 0.493275
-0.397477 -0.336076 0.487383 -0.398771 -0.36428 0.493089
-0.397438 -0.335096 0.48719 -0.398735 -0.363331 0.492903
-0.397399 -0.334115 0.486996 -0.398699 -0.362379 0.492716
-0.397361 -0.333135 0.486803 -0.398663 -0.361424 0.492528
-0.397322 -0.332155 0.486609 -0.398627 -0.360467 0.49234
-0.397283 -0.331174 0.486416 -0.39859 -0.359507 0.492151
-0.397244 -0.330194 0.486222 -0.398553 -0.358545 0.491962
-0.397206 -0.329214 0.486029 -0.398516 -0.357581 0.491772
-0.397167 -0.328233 0.485836 -0.398479 -0.356615 0.491582
-0.397128 -0.327253 0.485642 -0.398442 -0.355648 0.491391
-0.39709 -0.326273 0.485449 -0.398405 -0.354679 0.4912
-0.397051 -0.325292 0.485255 -0.398367 -0.353709 0.491008
-0.397012 -0.324312 0.485062 -0.398329 -0.352736 0.490817
-0.396974 -0.323332 0.484868 -0.398292 -0.351763 0.490624
-0.396935 -0.322351 0.484675 -0.398254 -0.350788 0.490432
-0.396896 -0.321371 0.484481 -0.398216 -0.349812 0.490239
-0.396858 -0.320391 0.484288 -0.398178 -0.348835 0.490046
-0.396819 -0.31941 0.484094 -0.39814 -0.347858 0.489853
-0.39678 -0.31843 0.483901 -0.398101 -0.34688 0.48966
-0.396741 -0.31745 0.483707 -0.398063 -0.345901 0.489467
-0.396703 -0.316469 0.483514 -0.398025 -0.344921 0.489273
-0.396664 -0.315489 0.48332 -0.397986 -0.34394 0.489079
-0.396625 -0.314509 0.483127 -0.397948 -0.342958 0.488885
-0.396587 -0.313528 0.482933 -0.397909 -0.341976 0.488691
-0.396548 -0.312548 0.48274 -0.397871 -0.340994 0.488497
-0.396509 -0.311568 0.482546 -0.397832 -0.340012 0.488302
-0.396471 -0.310587 0.482353 -0.397793 -0.339029 0.488108
-0.396432 -0.309607 0.482159 -0.397755 -0.338047 0.487914
-0.396393 -0.308627 0.481966 -0.397716 -0.337063 0.487719
-0.396354 -0.307646 0.481772 -0.397677 -0.336077 0.487524
-0.396316 -0.306666 0.481579 -0.397638 -0.335089 0.487328
-0.396277 -0.305685 0.481385 -0.3976 -0.334098 0.487133
-0.396238 -0.304705 0.481192 -0.397561 -0.333108 0.486937
-0.3962 -0.303725 0.480998 -0.397522 -0.332118 0.486741
-0.396161 -0.302744 0.480805 -0.397483 -0.331129 0.486545
-0.396122 -0.301764 0.480611 -0.397444 -0.330141 0.48635
-0.396084 -0.300784 0.480418 -0.397405 -0.329154 0.486155
-0.396045 -0.299803 0.480224 -0.397366 -0.328168 0.485959
-0.396006 -0.298823 0.480031 -0.397327 -0.327183 0.485764
-0.395967 -0.297843 0.479837 -0.397288 -0.326198 0.485569
-0.395929 -0.296862 0.479644 -0.397249 -0.325212 0.485374
-0.39589 -0.295882 0.47945 -0.39721 -0.324224 0.485179
-0.395851 -0.294902 0.479257 -0.397171 -0.323236 0.484983
-0.395813 -0.293921 0.479063 -0.397132 -0.322247 0.484787
-0.395774 -0.292941 0.47887 -0.397093 -0.321258 0.484592
-0.395735 -0.291961 0.478676 -0.397054 -0.320267 0.484396
-0.395697 -0.29098 0.478483 -0.397015 -0.319276 0.4842
-0.395658 -0.29 0.478289 -0.396977 -0.318282 0.484003
-0.395619 -0.28902 0.478096 -0.396938 -0.317288 0.483806
-0.395581 -0.288039 0.477903 -0.396899 -0.316292 0.48361
-0.395542 -0.287059 0.477709 -0.39686 -0.315295 0.483412
-0.395503 -0.286079 0.477516 -0.396821 -0.314297 0.483215
-0.395464 -0.285098 0.477322 -0.396782 -0.313297 0.483018
-0.395426 -0.284118 0.477129 -0.396743 -0.312298 0.48282
-0.395387 -0.283138 0.476935 -0.396704 -0.311298 0.482623
-0.395348 -0.282157 0.476742 -0.396665 -0.310298 0.482425
-0.39531 -0.281177 0.476548 -0.396625 -0.309298 0.482227
-0.395271 -0.280197 0.476355 -0.396586 -0.308299 0.48203
-0.395232 -0.279216 0.476161 -0.396547 -0.307301 0.481832
-0.395194 -0.278236 0.475968 -0.396508 -0.306306 0.481635
-0.395155 -0.277256 0.475774 -0.396469 -0.305313 0.481439
-0.395116 -0.276275 0.475581 -0.39643 -0.30432 0.481242
-0.395077 -0.275295 0.475387 -0.396391 -0.303327 0.481046
-0.395039 -0.274315 0.475194 -0.396371 -0.30283 0.480948
-0.395 -0.273334 0.475 -0.396312 -0.30134 0.480653
-0.394961 -0.272354 0.474807 -0.396273 -0.300347 0.480456
-0.394923 -0.271374 0.474613 -0.396234 -0.299354 0.48026
-0.394884 -0.270393 0.47442 -0.396195 -0.298363 0.480064
-0.394845 -0.269413 0.474226 -0.396156 -0.297374 0.479868
-0.394807 -0.268433 0.474033 -0.396097 -0.295896 0.479575
-0.394768 -0.267452 0.473839 -0.396039 -0.294422 0.479284
-0.394729 -0.266472 0.473646 -0.396 -0.293442 0.479089
-0.39469 -0.265492 0.473452 -0.395961 -0.292463 0.478896
-0.394652 -0.264511 0.473259 -0.395922 -0.291489 0.478702
-0.394613 -0.263531 0.473065 -0.395883 -0.29052 0.47851
-0.394574 -0.262551 0.472872 -0.395844 -0.289556 0.478319
-0.394536 -0.26157 0.472678 -0.395805 -0.288596 0.478129
-0.394497 -0.26059 0.472485 -0.395767 -0.28764 0.477939
-0.394458 -0.25961 0.472291 -0.395728 -0.286688 0.47775
-0.39442 -0.258629 0.472098 -0.39569 -0.285738 0.477561
-0.394381 -0.257649 0.471904 -0.395651 -0.284791 0.477373
-0.394342 -0.256669 0.471711 -0.395613 -0.283846 0.477186
-0.394303 -0.255688 0.471517 -0.395575 -0.282902 0.476998
-0.394265 -0.254708 0.471324 -0.395537 -0.281959 0.476811
-0.394226 -0.253728 0.47113 -0.395499 -0.281017 0.476625
-0.394187 -0.252747 0.470937 -0.395461 -0.280076 0.476438
-0.394149 -0.251767 0.470743 -0.395423 -0.279135 0.476251
-0.39411 -0.250786 0.47055 -0.395385 -0.278193 0.476065
-0.394071 -0.249806 0.470356 -0.395347 -0.277252 0.475878
-0.394033 -0.248826 0.470163 -0.39531 -0.276311 0.475692
-0.393994 -0.247845 0.46997 -0.395272 -0.275368 0.475505
-0.393955 -0.246865 0.469776 -0.395235 -0.274426 0.475318
-0.393917 -0.245885 0.469583 -0.395198 -0.273482 0.475131
-0.393878 -0.244904 0.469389 -0.39516 -0.272537 0.474944
-0.393839 -0.243924 0.469196 -0.395123 -0.27159 0.474757
-0.3938 -0.242944 0.469002 -0.395086 -0.270641 0.47457
-0.393762 -0.241963 0.468809 -0.395049 -0.269689 0.474381
-0.393723 -0.240983 0.468615 -0.395011 -0.268736 0.474193
-0.393684 -0.240003 0.468422 -0.394974 -0.267782 0.474004
-0.393646 -0.239022 0.468228 -0.394937 -0.266828 0.473816
-0.393607 -0.238042 0.468035 -0.3949 -0.265873 0.473627
-0.393568 -0.237062 0.467841 -0.394863 -0.264918 0.473438
-0.39353 -0.236081 0.467648 -0.394826 -0.263962 0.47325
-0.393491 -0.235101 0.467454 -0.394788 -0.263006 0.473061
-0.393452 -0.234121 0.467261 -0.394751 -0.262048 0.472872
-0.393413 -0.23314 0.467067 -0.394714 -0.261091 0.472682
-0.393375 -0.23216 0.466874 -0.394677 -0.260132 0.472493
-0.393336 -0.23118 0.46668 -0.39464 -0.259173 0.472303
-0.393297 -0.230199 0.466487 -0.394602 -0.258212 0.472114
-0.393259 -0.229219 0.466293 -0.394565 -0.257249 0.471924
-0.39322 -0.228239 0.4661 -0.394528 -0.256283 0.471733
-0.393181 -0.227258 0.465906 -0.394491 -0.255315 0.471542
-0.393143 -0.226278 0.465713 -0.394453 -0.254347 0.471351
-0.393104 -0.225298 0.465519 -0.394416 -0.253378 0.471159
-0.393065 -0.224317 0.465326 -0.394379 -0.25241 0.470968
-0.393026 -0.223337 0.465132 -0.394341 -0.251441 0.470777
-0.392988 -0.222357 0.464939 -0.394304 -0.250472 0.470585
-0.392949 -0.221376 0.464745 -0.394266 -0.249502 0.470394
-0.39291 -0.220396 0.464552 -0.394229 -0.248531 0.470202
-0.392872 -0.219416 0.464358 -0.394191 -0.247559 0.47001
-0.392833 -0.218435 0.464165 -0.394154 -0.246587 0.469818
-0.392794 -0.217455 0.463971 -0.394116 -0.245614 0.469626
-0.392756 -0.216475 0.463778 -0.394078 -0.244642 0.469434
-0.392717 -0.215494 0.463584 -0.394041 -0.243669 0.469242
-0.392678 -0.214514 0.463391 -0.394003 -0.242696 0.469049
-0.392639 -0.213534 0.463197 -0.393965 -0.241722 0.468857
-0.392601 -0.212553 0.463004 -0.393927 -0.240747 0.468664
-0.392562 -0.211573 0.46281 -0.393889 -0.239772 0.468472
-0.392523 -0.210593 0.462617 -0.393852 -0.238797 0.468279
-0.392485 -0.209612 0.462423 -0.393814 -0.237822 0.468087
-0.392446 -0.208632 0.46223 -0.393776 -0.236848 0.467894
-0.392407 -0.207652 0.462036 -0.393738 -0.235873 0.467701
-0.392369 -0.206671 0.461843 -0.3937 -0.234898 0.467509
-0.39233 -0.205691 0.46165 -0.393662 -0.233923 0.467316
-0.392291 -0.204711 0.461456 -0.393624 -0.232947 0.467123
-0.392253 -0.20373 0.461263 -0.393586 -0.231971 0.46693
-0.392214 -0.20275 0.461069 -0.393548 -0.230995 0.466737
-0.392175 -0.20177 0.460876 -0.39351 -0.230019 0.466544
-0.392136 -0.200789 0.460682 -0.393472 -0.229042 0.466351
-0.392098 -0.199809 0.460489 -0.393434 -0.228064 0.466158
-0.392059 -0.198829 0.460295 -0.393396 -0.227086 0.465964
-0.39202 -0.197848 0.460102 -0.393358 -0.226107 0.465771
-0.391982 -0.196868 0.459908 -0.39332 -0.225128 0.465577
-0.391943 -0.195887 0.459715 -0.393282 -0.224149 0.465384
-0.391904 -0.194907 0.459521 -0.393243 -0.223169 0.46519
-0.391866 -0.193927 0.459328 -0.393205 -0.22219 0.464997
-0.391827 -0.192946 0.459134 -0.393167 -0.22121 0.464803
-0.391788 -0.191966 0.458941 -0.393129 -0.22023 0.464609
-0.391749 -0.190986 0.458747 -0.393091 -0.219249 0.464415
-0.391711 -0.190005 0.458554 -0.393052 -0.21827 0.464221
-0.391672 -0.189025 0.45836 -0.393014 -0.21729 0.464028
-0.391633 -0.188045 0.458167 -0.392976 -0.216311 0.463834
-0.391595 -0.187064 0.457973 -0.392938 -0.215332 0.463641
-0.391556 -0.186084 0.45778 -0.392899 -0.214353 0.463447
-0.391517 -0.185104 0.457586 -0.392861 -0.213375 0.463253
-0.391479 -0.184123 0.457393 -0.392823 -0.212396 0.46306
-0.39144 -0.183143 0.457199 -0.392785 -0.211418 0.462866
-0.391401 -0.182163 0.457006 -0.392746 -0.210439 0.462673
-0.391362 -0.181182 0.456812 -0.392708 -0.209461 0.462479
-0.391324 -0.180202 0.456619 -0.39267 -0.208482 0.462286
-0.391285 -0.179222 0.456425 -0.392631 -0.207503 0.462092
-0.391246 -0.178241 0.456232 -0.392593 -0.206525 0.461899
-0.391208 -0.177261 0.456038 -0.392555 -0.205546 0.461705
-0.391169 -0.176281 0.455845 -0.392516 -0.204567 0.461511
-0.39113 -0.1753 0.455651 -0.392478 -0.203589 0.461318
-0.391092 -0.17432 0.455458 -0.39244 -0.20261 0.461124
-0.391053 -0.17334 0.455264 -0.392402 -0.201631 0.460931
-0.391014 -0.172359 0.455071 -0.392363 -0.200652 0.460737
-0.390975 -0.171379 0.454877 -0.392325 -0.199673 0.460543
-0.390937 -0.170399 0.454684 -0.392287 -0.198694 0.46035
-0.390898 -0.169418 0.45449 -0.392267 -0.198204 0.460253
-0.390859 -0.168438 0.454297 -0.39221 -0.196736 0.459962
-0.390821 -0.167458 0.454103 -0.392172 -0.195757 0.459769
-0.390782 -0.166477 0.45391 -0.392133 -0.194777 0.459575
-0.390743 -0.165497 0.453717 -0.392095 -0.193794 0.459381
-0.390705 -0.164517 0.453523 -0.392057 -0.192811 0.459186
-0.390666 -0.163536 0.45333 -0.392019 -0.191828 0.458992
-0.390627 -0.162556 0.453136 -0.39198 -0.190846 0.458798
-0.390589 -0.161576 0.452943 -0.391942 -0.189864 0.458603
-0.39055 -0.160595 0.452749 -0.391904 -0.188882 0.458409
-0.390511 -0.159615 0.452556 -0.391865 -0.187901 0.458215
-0.390472 -0.158635 0.452362 -0.391827 -0.186919 0.458021
-0.390434 -0.157654 0.452169 -0.391789 -0.185939 0.457827
-0.390395 -0.156674 0.451975 -0.39175 -0.184958 0.457633
-0.390356 -0.155694 0.451782 -0.391712 -0.183978 0.457439
-0.390318 -0.154713 0.451588 -0.391673 -0.182998 0.457245
-0.390279 -0.153733 0.451395 -0.391635 -0.182018 0.457051
-0.39024 -0.152753 0.451201 -0.391597 -0.181039 0.456858
-0.390202 -0.151772 0.451008 -0.391558 -0.18006 0.456664
-0.390163 -0.150792 0.450814 -0.39152 -0.17908 0.45647
-0.390124 -0.149812 0.450621 -0.391482 -0.178101 0.456276
-0.390085 -0.148831 0.450427 -0.391443 -0.177121 0.456083
-0.390047 -0.147851 0.450234 -0.391424 -0.176631 0.455986
-0.390008 -0.146871 0.45004 -0.391347 -0.17467 0.455598
-0.389969 -0.14589 0.449847 -0.391309 -0.17369 0.455404
-0.389931 -0.14491 0.449653 -0.391271 -0.17271 0.45521
-0.389892 -0.14393 0.44946 -0.391232 -0.171731 0.455016
-0.389853 -0.142949 0.449266 -0.391194 -0.170751 0.454822
-0.389815 -0.141969 0.449073 -0.391155 -0.169772 0.454629
-0.389776 -0.140989 0.448879 -0.391117 -0.168793 0.454435
-0.389737 -0.140008 0.448686 -0.391079 -0.167814 0.454241
-0.389698 -0.139028 0.448492 -0.39104 -0.166835 0.454048
-0.38966 -0.138047 0.448299 -0.391002 -0.165856 0.453854
-0.389621 -0.137067 0.448105 -0.390964 -0.164878 0.45366
-0.389582 -0.136087 0.447912 -0.390925 -0.163899 0.453467
-0.389544 -0.135106 0.447718 -0.390887 -0.16292 0.453273
-0.389505 -0.134126 0.447525 -0.390849 -0.161942 0.45308
-0.389466 -0.133146 0.447331 -0.39081 -0.160963 0.452886
-0.389428 -0.132165 0.447138 -0.390772 -0.159985 0.452692
-0.389389 -0.131185 0.446944 -0.390734 -0.159006 0.452499
-0.38935 -0.130205 0.446751 -0.390695 -0.158027 0.452305
-0.389311 -0.129224 0.446557 -0.390657 -0.157049 0.452112
-0.389273 -0.128244 0.446364 -0.390619 -0.15607 0.451918
-0.389234 -0.127264 0.44617 -0.39058 -0.155091 0.451724
-0.389195 -0.126283 0.445977 -0.390561 -0.154602 0.451628
-0.389157 -0.125303 0.445784 -0.390504 -0.153134 0.451337
-0.389118 -0.124323 0.44559 -0.390465 -0.152155 0.451144
-0.389079 -0.123342 0.445397 -0.390427 -0.151176 0.45095
-0.389041 -0.122362 0.445203 -0.390389 -0.150198 0.450756
-0.389002 -0.121382 0.44501 -0.390351 -0.149219 0.450563
-0.388963 -0.120401 0.444816 -0.390312 -0.14824 0.450369
-0.388925 -0.119421 0.444623 -0.390274 -0.147261 0.450175
-0.388886 -0.118441 0.444429 -0.390236 -0.146282 0.449982
-0.388847 -0.11746 0.444236 -0.390197 -0.145303 0.449788
-0.388808 -0.11648 0.444042 -0.390159 -0.144323 0.449594
-0.38877 -0.1155 0.443849 -0.390121 -0.143344 0.449401
-0.388731 -0.114519 0.443655 -0.390082 -0.142365 0.449207
-0.388692 -0.113539 0.443462 -0.390044 -0.141386 0.449013
-0.388654 -0.112559 0.443268 -0.390006 -0.140406 0.448819
-0.388615 -0.111578 0.443075 -0.389968 -0.139427 0.448626
-0.388576 -0.110598 0.442881 -0.389929 -0.138449 0.448432
-0.388538 -0.109618 0.442688 -0.389891 -0.137474 0.448239
-0.388499 -0.108637 0.442494 -0.389852 -0.136502 0.448047
-0.38846 -0.107657 0.442301 -0.389814 -0.13553 0.447854
-0.388421 -0.106677 0.442107 -0.389776 -0.134557 0.447662
-0.388383 -0.105696 0.441914 -0.389737 -0.133583 0.447469
-0.388344 -0.104716 0.44172 -0.389699 -0.132609 0.447276
-0.388305 -0.103736 0.441527 -0.389661 -0.131633 0.447083
-0.388267 -0.102755 0.441333 -0.389623 -0.130657 0.44689
-0.388228 -0.101775 0.44114 -0.389584 -0.12968 0.446697
-0.388189 -0.100795 0.440946 -0.389546 -0.128703 0.446504
-0.388151 -0.0998143 0.440753 -0.389508 -0.127725 0.44631
-0.388112 -0.0988339 0.440559 -0.38947 -0.126746 0.446117
-0.388073 -0.0978536 0.440366 -0.389432 -0.125767 0.445923
-0.388034 -0.0968732 0.440172 -0.389393 -0.124788 0.445729
-0.387996 -0.0958929 0.439979 -0.389355 -0.123809 0.445536
-0.387957 -0.0949126 0.439785 -0.389317 -0.122829 0.445342
-0.387918 -0.0939322 0.439592 -0.389279 -0.121849 0.445148
-0.38788 -0.0929519 0.439398 -0.389241 -0.120868 0.444954
-0.387841 -0.0919715 0.439205 -0.389202 -0.119888 0.44476
-0.387802 -0.0909912 0.439011 -0.389164 -0.118907 0.444566
-0.387764 -0.0900109 0.438818 -0.389126 -0.117926 0.444372
-0.387725 -0.0890305 0.438624 -0.389088 -0.116945 0.444178
-0.387686 -0.0880502 0.438431 -0.389049 -0.115964 0.443984
-0.387647 -0.0870698 0.438237 -0.389011 -0.114982 0.44379
-0.387609 -0.0860895 0.438044 -0.388973 -0.114001 0.443596
-0.38757 -0.0851092 0.43785 -0.388934 -0.113019 0.443402
-0.387531 -0.0841288 0.437657 -0.388896 -0.112038 0.443208
-0.387493 -0.0831485 0.437464 -0.388858 -0.111057 0.443013
-0.387454 -0.0821682 0.43727 -0.388819 -0.110076 0.442819
-0.387415 -0.0811878 0.437077 -0.388781 -0.109094 0.442625
-0.387377 -0.0802075 0.436883 -0.388743 -0.108113 0.442431
-0.387338 -0.0792271 0.43669 -0.388704 -0.107133 0.442237
-0.387299 -0.0782468 0.436496 -0.388666 -0.106154 0.442044
-0.387261 -0.0772665 0.436303 -0.388627 -0.105177 0.44185
-0.387222 -0.0762861 0.436109 -0.388589 -0.1042 0.441657
-0.387183 -0.0753058 0.435916 -0.38855 -0.103223 0.441464
-0.387144 -0.0743254 0.435722 -0.388512 -0.102246 0.44127
-0.387106 -0.0733451 0.435529 -0.388474 -0.101268 0.441077
-0.387067 -0.0723648 0.435335 -0.388435 -0.10029 0.440883
-0.387028 -0.0713844 0.435142 -0.388397 -0.0993112 0.44069
-0.38699 -0.0704041 0.434948 -0.388359 -0.0983324 0.440496
-0.386951 -0.0694237 0.434755 -0.38832 -0.0973534 0.440303
-0.386912 -0.0684434 0.434561 -0.388282 -0.0963741 0.440109
-0.386874 -0.0674631 0.434368 -0.388243 -0.0953947 0.439915
-0.386835 -0.0664827 0.434174 -0.388205 -0.094415 0.439721
-0.386796 -0.0655024 0.433981 -0.388167 -0.0934351 0.439528
-0.386757 -0.064522 0.433787 -0.388128 -0.092455 0.439334
-0.386719 -0.0635417 0.433594 -0.38809 -0.0914747 0.43914
-0.38668 -0.0625614 0.4334 -0.388052 -0.0904941 0.438946
-0.386641 -0.061581 0.433207 -0.388013 -0.0895133 0.438752
-0.386603 -0.0606007 0.433013 -0.387975 -0.0885324 0.438558
-0.386564 -0.0596204 0.43282 -0.387937 -0.0875513 0.438364
-0.386525 -0.05864 0.432626 -0.387898 -0.0865701 0.43817
-0.386487 -0.0576597 0.432433 -0.38786 -0.0855888 0.437976
-0.386448 -0.0566793 0.432239 -0.387821 -0.0846075 0.437782
-0.386409 -0.055699 0.432046 -0.387783 -0.083626 0.437587
-0.38637 -0.0547187 0.431852 -0.387745 -0.0826445 0.437393
-0.386332 -0.0537383 0.431659 -0.387706 -0.081663 0.437199
-0.386293 -0.052758 0.431465 -0.387668 -0.0806815 0.437005
-0.386254 -0.0517776 0.431272 -0.387629 -0.0797 0.436811
-0.386216 -0.0507973 0.431078 -0.387591 -0.0787186 0.436617
-0.386177 -0.049817 0.430885 -0.387552 -0.0777371 0.436423
-0.386138 -0.0488366 0.430691 -0.387495 -0.0762654 0.436132
-0.3861 -0.0478563 0.430498 -0.387475 -0.0757749 0.436035
-0.386061 -0.0468759 0.430304 -0.387437 -0.0747941 0.435841
-0.386022 -0.0458956 0.430111 -0.387399 -0.0738133 0.435647
-0.385983 -0.0449153 0.429917 -0.38736 -0.0728327 0.435453
-0.385945 -0.0439349 0.429724 -0.387322 -0.0718522 0.435259
-0.385906 -0.0429546 0.429531 -0.387283 -0.0708719 0.435065
-0.385867 -0.0419742 0.429337 -0.387245 -0.0698917 0.434871
-0.385829 -0.0409939 0.429144 -0.387206 -0.0689113 0.434677
-0.38579 -0.0400136 0.42895 -0.387168 -0.067931 0.434483
-0.385751 -0.0390332 0.428757 -0.387129 -0.0669506 0.434289
-0.385713 -0.0380529 0.428563 -0.387091 -0.0659703 0.434096
-0.385674 -0.0370726 0.42837 -0.387052 -0.0649901 0.433902
-0.385635 -0.0360922 0.428176 -0.387014 -0.0640098 0.433708
-0.385597 -0.0351119 0.427983 -0.386956 -0.0625393 0.433417
-0.385558 -0.0341315 0.427789 -0.386917 -0.0615589 0.433223
-0.385519 -0.0331512 0.427596 -0.386879 -0.0605786 0.433029
-0.38548 -0.0321709 0.427402 -0.38684 -0.0595992 0.432836
-0.385442 -0.0311905 0.427209 -0.386802 -0.0586217 0.432642
-0.385403 -0.0302102 0.427015 -0.386763 -0.0576456 0.432449
-0.385364 -0.0292298 0.426822 -0.386725 -0.0566703 0.432256
-0.385326 -0.0282495 0.426628 -0.386686 -0.0556962 0.432064
-0.385287 -0.0272692 0.426435 -0.386667 -0.0552096 0.431968
-0.385248 -0.0262888 0.426241 -0.386609 -0.0537507 0.431679
-0.38521 -0.0253085 0.426048 -0.386571 -0.0527781 0.431487
-0.385171 -0.0243281 0.425854 -0.386532 -0.051807 0.431295
-0.385132 -0.0233478 0.425661 -0.386494 -0.0508386 0.431103
-0.385093 -0.0223675 0.425467 -0.386455 -0.0498716 0.430912
-0.385055 -0.0213871 0.425274 -0.386417 -0.0489044 0.430721
-0.385016 -0.0204068 0.42508 -0.386359 -0.0474534 0.430434
-0.384977 -0.0194264 0.424887 -0.38632 -0.0464856 0.430242
-0.384939 -0.0184461 0.424693 -0.386282 -0.0455172 0.430051
-0.3849 -0.0174658 0.4245 -0.386244 -0.0445488 0.429859
-0.384861 -0.0164854 0.424306 -0.386206 -0.0435821 0.429668
-0.384823 -0.0155051 0.424113 -0.386167 -0.0426175 0.429477
-0.384784 -0.0145248 0.423919 -0.386129 -0.0416548 0.429287
-0.384745 -0.0135444 0.423726 -0.386091 -0.0406931 0.429097
-0.384706 -0.0125641 0.423532 -0.386052 -0.0397309 0.428907
-0.384668 -0.0115837 0.423339 -0.386014 -0.0387682 0.428716
-0.384629 -0.0106034 0.423145 -0.385976 -0.0378063 0.428526
-0.38459 -0.00962305 0.422952 -0.385938 -0.0368456 0.428336
-0.384552 -0.00864272 0.422758 -0.3859 -0.0358857 0.428147
-0.384513 -0.00766238 0.422565 -0.385881 -0.0354061 0.428052
-0.384474 -0.00668204 0.422371 -0.385823 -0.0339681 0.427767
-0.384436 -0.0057017 0.422178 -0.385785 -0.0330099 0.427578
-0.384397 -0.00472136 0.421984 -0.385747 -0.0320519 0.427389
-0.384358 -0.00374102 0.421791 -0.385709 -0.0310941 0.427199
-0.38432 -0.00276068 0.421598 -0.385671 -0.0301363 0.42701
-0.384281 -0.00178034 0.421404 -0.385633 -0.0291783 0.426821
-0.384242 -0.000800002 0.421211 -0.385596 -0.0282201 0.426631
-0.384203 0.000180337 0.421017 -0.385558 -0.0272617 0.426442
-0.384165 0.00116068 0.420824 -0.38552 -0.0263029 0.426252
-0.384126 0.00214102 0.42063 -0.385482 -0.0253438 0.426063
-0.384087 0.00312135 0.420437 -0.385444 -0.0243841 0.425873
-0.384049 0.00410169 0.420243 -0.385406 -0.023424 0.425683
-0.38401 0.00508203 0.42005 -0.385369 -0.0224634 0.425493
-0.383971 0.00606237 0.419856 -0.38535 -0.0219828 0.425398
-0.383933 0.00704271 0.419663 -0.385293 -0.0205404 0.425113
-0.383894 0.00802305 0.419469 -0.385274 -0.0200593 0.425018
-0.383855 0.00900339 0.419276 -0.385218 -0.0186151 0.424733
-0.383816 0.00998373 0.419082 -0.385199 -0.0181334 0.424638
-0.383778 0.0109641 0.418889 -0.385124 -0.0162051 0.424256
-0.383739 0.0119444 0.418695 -0.385105 -0.0157229 0.424161
-0.3837 0.0129247 0.418502 -0.385067 -0.0147591 0.423971
-0.383662 0.0139051 0.418308 -0.38501 -0.013315 0.423685
-0.383623 0.0148854 0.418115 -0.384973 -0.0123531 0.423495
-0.383584 0.0158658 0.417921 -0.384935 -0.0113926 0.423306
-0.383546 0.0168461 0.417728 -0.384897 -0.0104342 0.423116
-0.383507 0.0178264 0.417534 -0.384859 -0.00947815 0.422927
-0.383468 0.0188068 0.417341 -0.384821 -0.00852433 0.422739
-0.383429 0.0197871 0.417147 -0.384783 -0.00757207 0.422551
-0.383391 0.0207675 0.416954 -0.384745 -0.00662075 0.422363
-0.383352 0.0217478 0.41676 -0.384707 -0.00567036 0.422175
-0.383313 0.0227281 0.416567 -0.384669 -0.00472097 0.421987
-0.383275 0.0237085 0.416373 -0.384632 -0.00377239 0.4218
-0.383236 0.0246888 0.41618 -0.384594 -0.00282444 0.421613
-0.383197 0.0256692 0.415986 -0.384556 -0.00187693 0.421426
-0.383159 0.0266495 0.415793 -0.384518 -0.000929601 0.421238
-0.38312 0.0276298 0.415599 -0.384481 1.81579e-05 0.421051
-0.383081 0.0286102 0.415406 -0.384443 0.000966839 0.420864
-0.383042 0.0295905 0.415212 -0.384405 0.00191612 0.420676
-0.383004 0.0305709 0.415019 -0.384387 0.00239086 0.420582
-0.382965 0.0315512 0.414825 -0.38433 0.00381547 0.420301
-0.382926 0.0325315 0.414632 -0.384293 0.00476571 0.420113
-0.382888 0.0335119 0.414438 -0.384255 0.00571716 0.419925
-0.382849 0.0344922 0.414245 -0.384218 0.00667037 0.419737
-0.38281 0.0354725 0.414051 -0.384181 0.00762468 0.419549
-0.382772 0.0364529 0.413858 -0.384143 0.0085794 0.41936
-0.382733 0.0374332 0.413664 -0.384106 0.00953451 0.419171
-0.382694 0.0384136 0.413471 -0.384068 0.0104901 0.418983
-0.382656 0.0393939 0.413278 -0.384031 0.0114462 0.418794
-0.382617 0.0403742 0.413084 -0.383994 0.0124028 0.418605
-0.382578 0.0413546 0.412891 -0.383956 0.0133602 0.418416
-0.382539 0.0423349 0.412697 -0.383919 0.0143186 0.418226
-0.382501 0.0433153 0.412504 -0.383881 0.0152777 0.418037
-0.382462 0.0442956 0.41231 -0.383844 0.0162374 0.417847
-0.382423 0.0452759 0.412117 -0.383806 0.0171978 0.417658
-0.382385 0.0462563 0.411923 -0.383769 0.0181588 0.417468
-0.382346 0.0472366 0.41173 -0.383732 0.0191205 0.417278
-0.382307 0.048217 0.411536 -0.383694 0.020083 0.417088
-0.382269 0.0491973 0.411343 -0.383657 0.0210475 0.416897
-0.38223 0.0501776 0.411149 -0.383619 0.0220149 0.416706
-0.382191 0.051158 0.410956 -0.383582 0.0229855 0.416515
-0.382152 0.0521383 0.410762 -0.383544 0.0239595 0.416322
-0.382114 0.0531187 0.410569 -0.383526 0.0244475 0.416226
-0.382075 0.054099 0.410375 -0.38347 0.0259154 0.415936
-0.382036 0.0550793 0.410182 -0.383432 0.0268966 0.415742
-0.381998 0.0560597 0.409988 -0.383395 0.0278798 0.415548
-0.381959 0.05704 0.409795 -0.383357 0.0288645 0.415354
-0.38192 0.0580203 0.409601 -0.383319 0.0298503 0.415159
-0.381882 0.0590007 0.409408 -0.383282 0.0308372 0.414964
-0.381843 0.059981 0.409214 -0.383244 0.031825 0.414769
-0.381804 0.0609614 0.409021 -0.383206 0.0328136 0.414574
-0.381765 0.0619417 0.408827 -0.383168 0.0338023 0.414379
-0.381727 0.062922 0.408634 -0.38313 0.03479 0.414184
-0.381688 0.0639024 0.40844 -0.383092 0.0357756 0.413989
-0.381649 0.0648827 0.408247 -0.383053 0.036759 0.413795
-0.381611 0.0658631 0.408053 -0.383015 0.0377407 0.413601
-0.381572 0.0668434 0.40786 -0.382976 0.0387206 0.413408
-0.381533 0.0678237 0.407666 -0.382938 0.0396991 0.413215
-0.381495 0.0688041 0.407473 -0.382918 0.0401878 0.413118
-0.381456 0.0697844 0.407279 -0.382822 0.0426301 0.412636
-0.381417 0.0707648 0.407086 -0.382783 0.0436102 0.412443
-0.381378 0.0717451 0.406892 -0.382745 0.0445888 0.41225
-0.38134 0.0727254 0.406699 -0.382706 0.0455622 0.412057
-0.381301 0.0737058 0.406505 -0.382667 0.0465319 0.411866
-0.381262 0.0746861 0.406312 -0.382628 0.0474993 0.411675
-0.381224 0.0756665 0.406118 -0.382589 0.0484637 0.411485
-0.381185 0.0766468 0.405925 -0.38255 0.0494243 0.411295
-0.381146 0.0776271 0.405731 -0.382511 0.0503816 0.411106
-0.381108 0.0786075 0.405538 -0.382473 0.0513362 0.410918
-0.381069 0.0795878 0.405345 -0.382434 0.0522884 0.41073
-0.38103 0.0805681 0.405151 -0.382395 0.0532384 0.410543
-0.380992 0.0815485 0.404958 -0.382356 0.0541868 0.410355
-0.380953 0.0825288 0.404764 -0.382318 0.0551339 0.410169
-0.380914 0.0835092 0.404571 -0.382279 0.05608 0.409982
-0.380875 0.0844895 0.404377 -0.382241 0.0570254 0.409795
-0.380837 0.0854698 0.404184 -0.382202 0.0579716 0.409609
-0.380798 0.0864502 0.40399 -0.382164 0.0589196 0.409422
-0.380759 0.0874305 0.403797 -0.382126 0.0598684 0.409234
-0.380721 0.0884109 0.403603 -0.382088 0.0608167 0.409047
-0.380682 0.0893912 0.40341 -0.38205 0.0617648 0.40886
-0.380643 0.0903715 0.403216 -0.382012 0.0627126 0.408673
-0.380605 0.0913519 0.403023 -0.381974 0.0636607 0.408486
-0.380566 0.0923322 0.402829 -0.381936 0.0646092 0.408299
-0.380527 0.0933126 0.402636 -0.381898 0.0655582 0.408112
-0.380488 0.0942929 0.402442 -0.38186 0.0665075 0.407925
-0.38045 0.0952732 0.402249 -0.381823 0.0674571 0.407737
-0.380411 0.0962536 0.402055 -0.381785 0.0684075 0.40755
-0.380372 0.0972339 0.401862 -0.381766 0.0688832 0.407456
-0.380334 0.0982143 0.401668 -0.381729 0.0698363 0.407268
-0.380295 0.0991946 0.401475 -0.381691 0.070792 0.407079
-0.380256 0.100175 0.401281 -0.381635 0.0722303 0.406796
-0.380218 0.101155 0.401088 -0.381616 0.0727106 0.406701
-0.380179 0.102136 0.400894 -0.381579 0.0736714 0.406511
-0.38014 0.103116 0.400701 -0.381542 0.0746321 0.406322
-0.380101 0.104096 0.400507 -0.381485 0.0760734 0.406038
-0.380063 0.105077 0.400314 -0.381467 0.0765543 0.405943
-0.380024 0.106057 0.40012 -0.381448 0.0770357 0.405848
-0.379985 0.107037 0.399927 -0.381373 0.0789653 0.405467
-0.379947 0.108018 0.399733 -0.381335 0.0799306 0.405277
-0.379908 0.108998 0.39954 -0.381298 0.0808958 0.405086
-0.379869 0.109978 0.399346 -0.38126 0.081861 0.404896
-0.379831 0.110959 0.399153 -0.381223 0.0828262 0.404706
-0.379792 0.111939 0.398959 -0.381185 0.0837916 0.404515
-0.379753 0.112919 0.398766 -0.381147 0.0847571 0.404325
-0.379714 0.1139 0.398572 -0.381109 0.0857228 0.404135
-0.379676 0.11488 0.398379 -0.381072 0.0866888 0.403944
-0.379637 0.11586 0.398185 -0.381034 0.0876552 0.403754
-0.379598 0.116841 0.397992 -0.380996 0.0886219 0.403563
-0.37956 0.117821 0.397798 -0.380958 0.0895889 0.403372
-0.379521 0.118801 0.397605 -0.38092 0.0905563 0.403182
-0.379482 0.119782 0.397412 -0.380882 0.091524 0.402991
-0.379444 0.120762 0.397218 -0.380845 0.0924921 0.4028
-0.379405 0.121742 0.397025 -0.380807 0.0934606 0.402609
-0.379366 0.122723 0.396831 -0.380769 0.0944298 0.402418
-0.379328 0.123703 0.396638 -0.380731 0.0953999 0.402227
-0.379289 0.124683 0.396444 -0.380693 0.0963706 0.402035
-0.37925 0.125664 0.396251 -0.380655 0.0973417 0.401844
-0.379211 0.126644 0.396057 -0.380636 0.0978273 0.401748
-0.379173 0.127624 0.395864 -0.380579 0.0992847 0.401461
-0.379134 0.128605 0.39567 -0.380541 0.100258 0.401269
-0.379095 0.129585 0.395477 -0.380503 0.101235 0.401076
-0.379057 0.130565 0.395283 -0.380465 0.102214 0.400883
-0.379018 0.131546 0.39509 -0.380427 0.103194 0.40069
-0.378979 0.132526 0.394896 -0.380389 0.104176 0.400497
-0.378941 0.133506 0.394703 -0.380351 0.10516 0.400303
-0.378902 0.134487 0.394509 -0.380313 0.106145 0.400108
-0.378863 0.135467 0.394316 -0.380275 0.107132 0.399914
-0.378824 0.136447 0.394122 -0.380237 0.10812 0.399719
-0.378786 0.137428 0.393929 -0.380199 0.10911 0.399524
-0.378747 0.138408 0.393735 -0.38016 0.110101 0.399329
-0.378708 0.139388 0.393542 -0.380122 0.111092 0.399134
-0.37867 0.140369 0.393348 -0.380084 0.112084 0.398938
-0.378631 0.141349 0.393155 -0.380045 0.113076 0.398743
-0.378592 0.14233 0.392961 -0.380007 0.114067 0.398547
-0.378554 0.14331 0.392768 -0.379987 0.114562 0.39845
-0.378515 0.14429 0.392574 -0.379929 0.116043 0.398158
-0.378476 0.145271 0.392381 -0.37989 0.117027 0.397964
-0.378437 0.146251 0.392187 -0.379852 0.118011 0.39777
-0.378399 0.147231 0.391994 -0.379813 0.118993 0.397577
-0.37836 0.148212 0.3918 -0.379774 0.119976 0.397383
-0.378321 0.149192 0.391607 -0.379754 0.120467 0.397286
-0.378283 0.150172 0.391413 -0.379696 0.121943 0.396995
-0.378244 0.151153 0.39122 -0.379676 0.122434 0.396899
-0.378205 0.152133 0.391026 -0.379637 0.123415 0.396705
-0.378167 0.153113 0.390833 -0.379598 0.124395 0.396512
-0.378128 0.154094 0.390639 -0.379559 0.125374 0.396319
-0.378089 0.155074 0.390446 -0.37952 0.126351 0.396127
-0.37805 0.156054 0.390252 -0.379501 0.12684 0.39603
-0.378012 0.157035 0.390059 -0.379481 0.127329 0.395934
-0.377973 0.158015 0.389865 -0.379462 0.127818 0.395838
-0.377934 0.158995 0.389672 -0.379404 0.129291 0.395547
-0.377896 0.159976 0.389478 -0.379307 0.131751 0.395063
-0.377857 0.160956 0.389285 -0.379268 0.132738 0.394868
-0.377818 0.161936 0.389092 -0.379229 0.133727 0.394674
-0.37778 0.162917 0.388898 -0.37919 0.134717 0.394478
-0.377741 0.163897 0.388705 -0.379152 0.135708 0.394283
-0.377702 0.164877 0.388511 -0.379113 0.1367 0.394088
-0.377664 0.165858 0.388318 -0.379074 0.137693 0.393892
-0.377625 0.166838 0.388124 -0.379035 0.138686 0.393697
-0.377586 0.167818 0.387931 -0.378996 0.139679 0.393501
-0.377547 0.168799 0.387737 -0.378958 0.140673 0.393305
-0.377509 0.169779 0.387544 -0.378919 0.141666 0.39311
-0.37747 0.170759 0.38735 -0.378899 0.142162 0.393012
-0.377431 0.17174 0.387157 -0.378841 0.143651 0.392719
-0.377393 0.17272 0.386963 -0.378802 0.144644 0.392523
-0.377354 0.1737 0.38677 -0.378763 0.145636 0.392328
-0.377315 0.174681 0.386576 -0.378723 0.146627 0.392133
-0.377277 0.175661 0.386383 -0.378684 0.147618 0.391938
-0.377238 0.176641 0.386189 -0.378645 0.148608 0.391743
-0.377199 0.177622 0.385996 -0.378606 0.149598 0.391548
-0.37716 0.178602 0.385802 -0.378567 0.150588 0.391353
-0.377122 0.179582 0.385609 -0.378528 0.151577 0.391158
-0.377083 0.180563 0.385415 -0.378488 0.152566 0.390963
-0.377044 0.181543 0.385222 -0.378449 0.153554 0.390768
-0.377006 0.182523 0.385028 -0.37841 0.154539 0.390575
-0.376967 0.183504 0.384835 -0.378371 0.155522 0.390381
-0.376928 0.184484 0.384641 -0.378331 0.156506 0.390187
-0.37689 0.185464 0.384448 -0.378292 0.15749 0.389993
-0.376851 0.186445 0.384254 -0.378253 0.158474 0.389799
-0.376812 0.187425 0.384061 -0.378214 0.159459 0.389605
-0.376773 0.188405 0.383867 -0.378175 0.160443 0.389412
-0.376735 0.189386 0.383674 -0.378135 0.161428 0.389218
-0.376696 0.190366 0.38348 -0.378096 0.162414 0.389024
-0.376657 0.191346 0.383287 -0.378057 0.163399 0.388829
-0.376619 0.192327 0.383093 -0.378018 0.164384 0.388635
-0.37658 0.193307 0.3829 -0.377979 0.165369 0.388441
-0.376541 0.194287 0.382706 -0.37794 0.166354 0.388248
-0.376503 0.195268 0.382513 -0.377901 0.16734 0.388054
-0.376464 0.196248 0.382319 -0.377862 0.168325 0.38786
-0.376425 0.197229 0.382126 -0.377823 0.16931 0.387666
-0.376386 0.198209 0.381932 -0.377784 0.170296 0.387471
-0.376348 0.199189 0.381739 -0.377745 0.171282 0.387277
-0.376309 0.20017 0.381545 -0.377706 0.172269 0.387083
-0.37627 0.20115 0.381352 -0.377667 0.173255 0.386889
-0.376232 0.20213 0.381159 -0.377628 0.17424 0.386695
-0.376193 0.203111 0.380965 -0.377589 0.175226 0.386501
-0.376154 0.204091 0.380772 -0.37755 0.176212 0.386307
-0.376116 0.205071 0.380578 -0.377511 0.177197 0.386113
-0.376077 0.206052 0.380385 -0.377472 0.178183 0.385919
-0.376038 0.207032 0.380191 -0.377432 0.179168 0.385725
-0.376 0.208012 0.379998 -0.377393 0.180154 0.385531
-0.375961 0.208993 0.379804 -0.377354 0.181139 0.385337
-0.375922 0.209973 0.379611 -0.377315 0.182124 0.385143
-0.375883 0.210953 0.379417 -0.377276 0.183108 0.384949
-0.375845 0.211934 0.379224 -0.377237 0.184093 0.384755
-0.375806 0.212914 0.37903 -0.377198 0.185077 0.384561
-0.375767 0.213894 0.378837 -0.377159 0.186062 0.384367
-0.375729 0.214875 0.378643 -0.37712 0.187046 0.384174
-0.37569 0.215855 0.37845 -0.377081 0.18803 0.38398
-0.375651 0.216835 0.378256 -0.377062 0.188522 0.383883
-0.375613 0.217816 0.378063 -0.377003 0.189997 0.383593
-0.375574 0.218796 0.377869 -0.376964 0.190981 0.383399
-0.375535 0.219776 0.377676 -0.376925 0.191965 0.383205
-0.375496 0.220757 0.377482 -0.376886 0.192949 0.383011
-0.375458 0.221737 0.377289 -0.376847 0.193933 0.382818
-0.375419 0.222717 0.377095 -0.376808 0.194917 0.382624
-0.37538 0.223698 0.376902 -0.376769 0.195901 0.38243
-0.375342 0.224678 0.376708 -0.37673 0.196885 0.382237
-0.375303 0.225658 0.376515 -0.376711 0.197377 0.38214
-0.375264 0.226639 0.376321 -0.376672 0.198361 0.381946
-0.375226 0.227619 0.376128 -0.376633 0.199345 0.381752
-0.375187 0.228599 0.375934 -0.376594 0.20033 0.381558
-0.375148 0.22958 0.375741 -0.376555 0.201315 0.381364
-0.375109 0.23056 0.375547 -0.376516 0.2023 0.38117
-0.375071 0.23154 0.375354 -0.376497 0.202793 0.381073
-0.375032 0.232521 0.37516 -0.376419 0.204763 0.380686
-0.374993 0.233501 0.374967 -0.37638 0.205748 0.380492
-0.374955 0.234481 0.374773 -0.376341 0.206734 0.380298
-0.374916 0.235462 0.37458 -0.376302 0.207719 0.380104
-0.374877 0.236442 0.374386 -0.376282 0.208211 0.380007
-0.374839 0.237422 0.374193 -0.376243 0.209196 0.379813
-0.3748 0.238403 0.373999 -0.376204 0.210181 0.379619
-0.374761 0.239383 0.373806 -0.376165 0.211166 0.379425
-0.374722 0.240363 0.373612 -0.376127 0.212151 0.379231
-0.374684 0.241344 0.373419 -0.376088 0.213137 0.379037
-0.374645 0.242324 0.373226 -0.376049 0.214122 0.378843
-0.374606 0.243304 0.373032 -0.37601 0.215107 0.378649
-0.374568 0.244285 0.372839 -0.375971 0.216091 0.378456
-0.374529 0.245265 0.372645 -0.375932 0.217076 0.378262
-0.37449 0.246245 0.372452 -0.375893 0.21806 0.378068
-0.374452 0.247226 0.372258 -0.375854 0.219045 0.377874
-0.374413 0.248206 0.372065 -0.375815 0.22003 0.37768
-0.374374 0.249186 0.371871 -0.375776 0.221014 0.377486
-0.374336 0.250167 0.371678 -0.375737 0.221999 0.377293
-0.374297 0.251147 0.371484 -0.375698 0.222984 0.377099
-0.374258 0.252128 0.371291 -0.375659 0.223969 0.376905
-0.374219 0.253108 0.371097 -0.37562 0.224953 0.376711
-0.374181 0.254088 0.370904 -0.375581 0.225938 0.376517
-0.374142 0.255069 0.37071 -0.375542 0.226923 0.376323
-0.374103 0.256049 0.370517 -0.375503 0.227907 0.37613
-0.374065 0.257029 0.370323 -0.375464 0.228892 0.375936
-0.374026 0.25801 0.37013 -0.375425 0.229876 0.375742
-0.373987 0.25899 0.369936 -0.375386 0.23086 0.375548
-0.373949 0.25997 0.369743 -0.375347 0.231844 0.375355
-0.37391 0.260951 0.369549 -0.375308 0.232828 0.375161
-0.373871 0.261931 0.369356 -0.375268 0.233812 0.374967
-0.373832 0.262911 0.369162 -0.375229 0.234796 0.374773
-0.373794 0.263892 0.368969 -0.37519 0.23578 0.37458
-0.373755 0.264872 0.368775 -0.375151 0.236763 0.374386
-0.373716 0.265852 0.368582 -0.375112 0.237747 0.374193
-0.373678 0.266833 0.368388 -0.375073 0.23873 0.373999
-0.373639 0.267813 0.368195 -0.375034 0.239713 0.373805
-0.3736 0.268793 0.368001 -0.374995 0.240696 0.373612
-0.373562 0.269774 0.367808 -0.374956 0.241679 0.373418
-0.373523 0.270754 0.367614 -0.374917 0.242662 0.373225
-0.373484 0.271734 0.367421 -0.374878 0.243644 0.373032
-0.373445 0.272715 0.367227 -0.374839 0.244627 0.372838
-0.373407 0.273695 0.367034 -0.3748 0.245609 0.372645
-0.373368 0.274675 0.36684 -0.374761 0.246592 0.372451
-0.373329 0.275656 0.366647 -0.374722 0.247574 0.372258
-0.373291 0.276636 0.366453 -0.374683 0.248556 0.372065
-0.373252 0.277616 0.36626 -0.374644 0.249538 0.371871
-0.373213 0.278597 0.366066 -0.374605 0.25052 0.371678
-0.373175 0.279577 0.365873 -0.374567 0.251502 0.371485
-0.373136 0.280557 0.365679 -0.374528 0.252484 0.371291
-0.373097 0.281538 0.365486 -0.374489 0.253465 0.371098
-0.373058 0.282518 0.365292 -0.37445 0.254447 0.370905
-0.37302 0.283498 0.365099 -0.374411 0.255429 0.370711
-0.372981 0.284479 0.364906 -0.374372 0.25641 0.370518
-0.372942 0.285459 0.364712 -0.374352 0.256901 0.370422
-0.372904 0.286439 0.364519 -0.374294 0.258373 0.370132
-0.372865 0.28742 0.364325 -0.374255 0.259354 0.369939
-0.372826 0.2884 0.364132 -0.374216 0.260335 0.369745
-0.372788 0.28938 0.363938 -0.374177 0.261316 0.369552
-0.372749 0.290361 0.363745 -0.374138 0.262297 0.369359
-0.37271 0.291341 0.363551 -0.374099 0.263279 0.369166
-0.372672 0.292321 0.363358 -0.37406 0.26426 0.368973
-0.372633 0.293302 0.363164 -0.374041 0.26475 0.368876
-0.372594 0.294282 0.362971 -0.373982 0.266221 0.368587
-0.372555 0.295262 0.362777 -0.373944 0.267202 0.368393
-0.372517 0.296243 0.362584 -0.373905 0.268183 0.3682
-0.372478 0.297223 0.36239 -0.373866 0.269164 0.368007
-0.372439 0.298203 0.362197 -0.373827 0.270145 0.367814
-0.372401 0.299184 0.362003 -0.373788 0.271125 0.367621
-0.372362 0.300164 0.36181 -0.373749 0.272106 0.367428
-0.372323 0.301144 0.361616 -0.37371 0.273087 0.367235
-0.372285 0.302125 0.361423 -0.373671 0.274067 0.367042
-0.372246 0.303105 0.361229 -0.373632 0.275047 0.366849
-0.372207 0.304085 0.361036 -0.373593 0.276024 0.366657
-0.372168 0.305066 0.360842 -0.373554 0.276998 0.366465
-0.37213 0.306046 0.360649 -0.373515 0.277972 0.366273
-0.372091 0.307026 0.360455 -0.373477 0.278946 0.366081
-0.372052 0.308007 0.360262 -0.373438 0.279922 0.365889
-0.372014 0.308987 0.360068 -0.373399 0.280898 0.365696
-0.371975 0.309968 0.359875 -0.37336 0.281875 0.365504
-0.371936 0.310948 0.359681 -0.373321 0.282852 0.365312
-0.371898 0.311928 0.359488 -0.373282 0.28383 0.365119
-0.371859 0.312909 0.359294 -0.373244 0.284808 0.364926
-0.37182 0.313889 0.359101 -0.373205 0.285787 0.364734
-0.371781 0.314869 0.358907 -0.373166 0.286766 0.364541
-0.371743 0.31585 0.358714 -0.373128 0.287746 0.364348
-0.371704 0.31683 0.35852 -0.373089 0.288726 0.364155
-0.371665 0.31781 0.358327 -0.37305 0.289706 0.363962
-0.371627 0.318791 0.358133 -0.373011 0.290687 0.363769
-0.371588 0.319771 0.35794 -0.372973 0.291667 0.363576
-0.371549 0.320751 0.357746 -0.372934 0.292648 0.363383
-0.371511 0.321732 0.357553 -0.372895 0.293629 0.36319
-0.371472 0.322712 0.357359 -0.372856 0.29461 0.362997
-0.371433 0.323692 0.357166 -0.372818 0.295592 0.362804
-0.371395 0.324673 0.356973 -0.372779 0.296573 0.36261
-0.371356 0.325653 0.356779 -0.37274 0.297555 0.362417
-0.371317 0.326633 0.356586 -0.372701 0.298536 0.362224
-0.371278 0.327614 0.356392 -0.372662 0.299517 0.362031
-0.37124 0.328594 0.356199 -0.372624 0.300498 0.361838
-0.371201 0.329574 0.356005 -0.372585 0.301479 0.361644
-0.371162 0.330555 0.355812 -0.372546 0.30246 0.361451
-0.371124 0.331535 0.355618 -0.372507 0.303441 0.361258
-0.371085 0.332515 0.355425 -0.372468 0.304422 0.361065
-0.371046 0.333496 0.355231 -0.372429 0.305403 0.360872
-0.371008 0.334476 0.355038 -0.372391 0.306385 0.360678
-0.370969 0.335456 0.354844 -0.372352 0.307366 0.360485
-0.37093 0.336437 0.354651 -0.372313 0.308348 0.360292
-0.370891 0.337417 0.354457 -0.372274 0.309329 0.360099
-0.370853 0.338397 0.354264 -0.372235 0.310311 0.359905
-0.370814 0.339378 0.35407 -0.372196 0.311292 0.359712
-0.370775 0.340358 0.353877 -0.372157 0.312274 0.359519
-0.370737 0.341338 0.353683 -0.372119 0.313256 0.359325
-0.370698 0.342319 0.35349 -0.37208 0.314237 0.359132
-0.370659 0.343299 0.353296 -0.372041 0.315219 0.358939
-0.370621 0.344279 0.353103 -0.372002 0.316201 0.358745
-0.370582 0.34526 0.352909 -0.371963 0.317183 0.358552
-0.370543 0.34624 0.352716 -0.371924 0.318164 0.358359
-0.370504 0.34722 0.352522 -0.371885 0.319146 0.358166
-0.370466 0.348201 0.352329 -0.371846 0.320128 0.357972
-0.370427 0.349181 0.352135 -0.371807 0.321109 0.357779
-0.370388 0.350161 0.351942 -0.371769 0.322091 0.357586
-0.37035 0.351142 0.351748 -0.37173 0.323072 0.357392
-0.370311 0.352122 0.351555 -0.371691 0.324054 0.357199
-0.370272 0.353102 0.351361 -0.371652 0.325035 0.357006
-0.370234 0.354083 0.351168 -0.371613 0.326017 0.356812
-0.370195 0.355063 0.350974 -0.371574 0.326998 0.356619
-0.370156 0.356043 0.350781 -0.371535 0.32798 0.356426
-0.370117 0.357024 0.350587 -0.371496 0.328961 0.356233
-0.370079 0.358004 0.350394 -0.371477 0.329452 0.356136
-0.37004 0.358984 0.3502 -0.371418 0.330924 0.355846
-0.370001 0.359965 0.350007 -0.37138 0.331905 0.355653
-0.369963 0.360945 0.349813 -0.37136 0.332396 0.355556
-0.370001 0.359965 0.350007 -0.371302 0.333867 0.355266
-0.369963 0.360945 0.349813 -0.371263 0.334849 0.355073
-0.370001 0.359965 0.350007 -0.371224 0.33583 0.35488
-0.369963 0.360945 0.349813 -0.371185 0.33681 0.354686
-0.370001 0.359965 0.350007 -0.371165 0.3373 0.35459
-0.369963 0.360945 0.349813 -0.371107 0.33876 0.354302
-0.370001 0.359965 0.350007 -0.371087 0.339242 0.354207
-0.369963 0.360945 0.349813 -0.371048 0.340197 0.354018
-0.370001 0.359965 0.350007 -0.370989 0.3416 0.35374
-0.369963 0.360945 0.349813 -0.370949 0.342513 0.353559
-0.370001 0.359965 0.350007 -0.37091 0.343406 0.353382
-0.369963 0.360945 0.349813 -0.370871 0.344276 0.353208
-0.370001 0.359965 0.350007 -0.370832 0.345123 0.353039
-0.369963 0.360945 0.349813 -0.370793 0.345944 0.352874
-0.370001 0.359965 0.350007 -0.370755 0.34674 0.352715
-0.369963 0.360945 0.349813 -0.370717 0.347509 0.35256
-0.370001 0.359965 0.350007 -0.37068 0.348251 0.35241
-0.369963 0.360945 0.349813 -0.370643 0.348966 0.352266
-0.370001 0.359965 0.350007 -0.370607 0.349653 0.352127
-0.369963 0.360945 0.349813 -0.370572 0.350313 0.351993
-0.370001 0.359965 0.350007 -0.370538 0.350946 0.351864
-0.369963 0.360945 0.349813 -0.370505 0.351552 0.351741
-0.370001 0.359965 0.350007 -0.370473 0.352131 0.351623
-0.369963 0.360945 0.349813 -0.370442 0.352684 0.35151
-0.370001 0.359965 0.350007 -0.370412 0.353211 0.351402
-0.369963 0.360945 0.349813 -0.370383 0.353713 0.3513
-0.370001 0.359965 0.350007 -0.370355 0.35419 0.351202
-0.369963 0.360945 0.349813 -0.370329 0.354643 0.351109
-0.370001 0.359965 0.350007 -0.370316 0.354861 0.351064
-0.369963 0.360945 0.349813 -0.370279 0.35548 0.350937
-0.370001 0.359965 0.350007 -0.370256 0.355865 0.350857
-0.369963 0.360945 0.349813 -0.370234 0.35623 0.350782
-0.370001 0.359965 0.350007 -0.370213 0.356573 0.350711
-0.369963 0.360945 0.349813 -0.370194 0.356898 0.350644
-0.370001 0.359965 0.350007 -0.370175 0.357203 0.350581
-0.369963 0.360945 0.349813 -0.370157 0.35749 0.350522
-0.370001 0.359965 0.350007 -0.370141 0.35776 0.350466
-0.369963 0.360945 0.349813 -0.370125 0.358013 0.350414
-0.370001 0.359965 0.350007 -0.370111 0.358251 0.350365
-0.369963 0.360945 0.349813 -0.370097 0.358473 0.350319
-0.370001 0.359965 0.350007 -0.370084 0.358682 0.350276
-0.369963 0.360945 0.349813 -0.370072 0.358876 0.350236
-0.370001 0.359965 0.350007 -0.370061 0.359057 0.350198
