-0.399992 -0.399798 0.49996 -0.400028 -0.400779 0.500152
-0.399953 -0.398818 0.499767 -0.400028 -0.400779 0.500152
-0.399915 -0.397837 0.499573 -0.400028 -0.400779 0.500152
-0.399876 -0.396857 0.49938 -0.400028 -0.400778 0.500152
-0.399837 -0.395877 0.499186 -0.400028 -0.400774 0.500151
-0.399799 -0.394896 0.498993 -0.400028 -0.400762 0.500149
-0.39976 -0.393916 0.498799 -0.400027 -0.400739 0.500145
-0.399721 -0.392936 0.498606 -0.400026 -0.400704 0.500138
-0.399682 -0.391955 0.498412 -0.400024 -0.400653 0.500128
-0.399644 -0.390975 0.498219 -0.400021 -0.400586 0.500115
-0.399605 -0.389995 0.498025 -0.400018 -0.400501 0.500098
-0.399566 -0.389014 0.497832 -0.400016 -0.40045 0.500088
-0.399528 -0.388034 0.497638 -0.40001 -0.400266 0.500053
-0.399489 -0.387054 0.497445 -0.400005 -0.400113 0.500023
-0.39945 -0.386073 0.497251 -0.399999 -0.399936 0.499989
-0.399412 -0.385093 0.497058 -0.399992 -0.399733 0.49995
-0.399373 -0.384113 0.496864 -0.399984 -0.399504 0.499906
-0.399334 -0.383132 0.496671 -0.399976 -0.399248 0.499857
-0.399295 -0.382152 0.496477 -0.399971 -0.399109 0.49983
-0.399257 -0.381172 0.496284 -0.399956 -0.398654 0.499743
-0.399218 -0.380191 0.49609 -0.399946 -0.398315 0.499678
-0.399179 -0.379211 0.495897 -0.399928 -0.397754 0.499571
-0.399141 -0.378231 0.495703 -0.399921 -0.397554 0.499533
-0.399102 -0.37725 0.49551 -0.399908 -0.397134 0.499452
-0.399063 -0.37627 0.495316 -0.399894 -0.396688 0.499367
-0.399025 -0.37529 0.495123 -0.399871 -0.395973 0.499231
-0.398986 -0.374309 0.494929 -0.399855 -0.395466 0.499134
-0.398947 -0.373329 0.494736 -0.399839 -0.394936 0.499033
-0.398908 -0.372349 0.494542 -0.399821 -0.394382 0.498927
-0.39887 -0.371368 0.494349 -0.399803 -0.393807 0.498817
-0.398831 -0.370388 0.494156 -0.399784 -0.393209 0.498703
-0.398792 -0.369408 0.493962 -0.399764 -0.392591 0.498585
-0.398754 -0.368427 0.493769 -0.399744 -0.391953 0.498463
-0.398715 -0.367447 0.493575 -0.399723 -0.391296 0.498337
-0.398676 -0.366467 0.493382 -0.399701 -0.39062 0.498208
-0.398638 -0.365486 0.493188 -0.399679 -0.389926 0.498075
-0.398599 -0.364506 0.492995 -0.399656 -0.389214 0.497938
-0.39856 -0.363525 0.492801 -0.399632 -0.388487 0.497799
-0.398522 -0.362545 0.492608 -0.399608 -0.387744 0.497656
-0.398483 -0.361565 0.492414 -0.399596 -0.387367 0.497584
-0.398444 -0.360584 0.492221 -0.399558 -0.386213 0.497362
-0.398405 -0.359604 0.492027 -0.399532 -0.385427 0.497211
-0.398367 -0.358624 0.491834 -0.399505 -0.384629 0.497057
-0.398328 -0.357643 0.49164 -0.399478 -0.383818 0.4969
-0.398289 -0.356663 0.491447 -0.39945 -0.382995 0.496741
-0.398251 -0.355683 0.491253 -0.399421 -0.382161 0.49658
-0.398212 -0.354702 0.49106 -0.399393 -0.381317 0.496417
-0.398173 -0.353722 0.490866 -0.399363 -0.380463 0.496252
-0.398135 -0.352742 0.490673 -0.399333 -0.3796 0.496085
-0.398096 -0.351761 0.490479 -0.399303 -0.378728 0.495915
-0.398057 -0.350781 0.490286 -0.399272 -0.377848 0.495745
-0.398018 -0.349801 0.490092 -0.399241 -0.37696 0.495572
-0.39798 -0.34882 0.489899 -0.399209 -0.376065 0.495398
-0.397941 -0.34784 0.489705 -0.399177 -0.375163 0.495223
-0.397902 -0.34686 0.489512 -0.399144 -0.374255 0.495046
-0.397864 -0.345879 0.489318 -0.399111 -0.373341 0.494867
-0.397825 -0.344899 0.489125 -0.399078 -0.372421 0.494688
-0.397786 -0.343919 0.488931 -0.399044 -0.371496 0.494507
-0.397748 -0.342938 0.488738 -0.39901 -0.370566 0.494325
-0.397709 -0.341958 0.488544 -0.398976 -0.369631 0.494142
-0.39767 -0.340978 0.488351 -0.398941 -0.368692 0.493959
-0.397631 -0.339997 0.488157 -0.398906 -0.367749 0.493774
-0.397593 -0.339017 0.487964 -0.398871 -0.366803 0.493588
-0.397554 -0.338037 0.48777 -0.398835 -0.365853 0.493402
-0.397515 -0.337056 0.487577 -0.398799 -0.3649 0.493215
-0.397477 -0.336076 0.487383 -0.398763 -0.363943 0.493027
-0.397438 -0.335096 0.48719 -0.398727 -0.362983 0.492838
-0.397399 -0.334115 0.486996 -0.398691 -0.362019 0.492649
-0.397361 -0.333135 0.486803 -0.398654 -0.361052 0.492459
-0.397322 -0.332155 0.486609 -0.398617 -0.360084 0.492268
-0.397283 -0.331174 0.486416 -0.39858 -0.359115 0.492077
-0.397244 -0.330194 0.486222 -0.398543 -0.358143 0.491886
-0.397206 -0.329214 0.486029 -0.398505 -0.357171 0.491695
-0.397167 -0.328233 0.485836 -0.398468 -0.356197 0.491503
-0.397128 -0.327253 0.485642 -0.39843 -0.355223 0.49131
-0.39709 -0.326273 0.485449 -0.398392 -0.354247 0.491118
-0.397051 -0.325292 0.485255 -0.398354 -0.35327 0.490925
-0.397012 -0.324312 0.485062 -0.398316 -0.352293 0.490732
-0.396974 -0.323332 0.484868 -0.398278 -0.351314 0.490539
-0.396935 -0.322351 0.484675 -0.398239 -0.350335 0.490345
-0.396896 -0.321371 0.484481 -0.398201 -0.349355 0.490152
-0.396858 -0.320391 0.484288 -0.398163 -0.348375 0.489958
-0.396819 -0.31941 0.484094 -0.398124 -0.347395 0.489764
-0.39678 -0.31843 0.483901 -0.398086 -0.346414 0.48957
-0.396741 -0.31745 0.483707 -0.398047 -0.345432 0.489376
-0.396703 -0.316469 0.483514 -0.398008 -0.344451 0.489182
-0.396664 -0.315489 0.48332 -0.39797 -0.343469 0.488987
-0.396625 -0.314509 0.483127 -0.397931 -0.342487 0.488793
-0.396587 -0.313528 0.482933 -0.397892 -0.341504 0.488599
-0.396548 -0.312548 0.48274 -0.397853 -0.340522 0.488404
-0.396509 -0.311568 0.482546 -0.397814 -0.339539 0.48821
-0.396471 -0.310587 0.482353 -0.397776 -0.338556 0.488015
-0.396432 -0.309607 0.482159 -0.397737 -0.337573 0.48782
-0.396393 -0.308627 0.481966 -0.397698 -0.33659 0.487626
-0.396354 -0.307646 0.481772 -0.397659 -0.335607 0.487431
-0.396316 -0.306666 0.481579 -0.39762 -0.334624 0.487236
-0.396277 -0.305685 0.481385 -0.397581 -0.333641 0.487042
-0.396238 -0.304705 0.481192 -0.397542 -0.332658 0.486847
-0.3962 -0.303725 0.480998 -0.397503 -0.331675 0.486653
-0.396161 -0.302744 0.480805 -0.397464 -0.330692 0.486458
-0.396122 -0.301764 0.480611 -0.397425 -0.329709 0.486263
-0.396084 -0.300784 0.480418 -0.397386 -0.328726 0.486069
-0.396045 -0.299803 0.480224 -0.397348 -0.327743 0.485874
-0.396006 -0.298823 0.480031 -0.397309 -0.32676 0.485679
-0.395967 -0.297843 0.479837 -0.397289 -0.326268 0.485582
-0.395929 -0.296862 0.479644 -0.39725 -0.325285 0.485387
-0.39589 -0.295882 0.47945 -0.397211 -0.324302 0.485193
-0.395851 -0.294902 0.479257 -0.397173 -0.32332 0.484998
-0.395813 -0.293921 0.479063 -0.397134 -0.322337 0.484804
-0.395774 -0.292941 0.47887 -0.397114 -0.321846 0.484706
-0.395735 -0.291961 0.478676 -0.397056 -0.320372 0.484415
-0.395697 -0.29098 0.478483 -0.396998 -0.318897 0.484123
-0.395658 -0.29 0.478289 -0.396959 -0.317914 0.483928
-0.395619 -0.28902 0.478096 -0.39692 -0.316932 0.483734
-0.395581 -0.288039 0.477903 -0.396881 -0.315949 0.483539
-0.395542 -0.287059 0.477709 -0.396843 -0.314967 0.483345
-0.395503 -0.286079 0.477516 -0.396804 -0.313984 0.483151
-0.395464 -0.285098 0.477322 -0.396765 -0.313002 0.482956
-0.395426 -0.284118 0.477129 -0.396726 -0.31202 0.482762
-0.395387 -0.283138 0.476935 -0.396688 -0.311038 0.482568
-0.395348 -0.282157 0.476742 -0.396649 -0.310056 0.482373
-0.39531 -0.281177 0.476548 -0.39663 -0.309565 0.482276
-0.395271 -0.280197 0.476355 -0.396572 -0.308093 0.481985
-0.395232 -0.279216 0.476161 -0.396533 -0.307111 0.481791
-0.395194 -0.278236 0.475968 -0.396494 -0.30613 0.481596
-0.395155 -0.277256 0.475774 -0.396475 -0.305639 0.481499
-0.395116 -0.276275 0.475581 -0.396417 -0.304167 0.481208
-0.395077 -0.275295 0.475387 -0.396379 -0.303186 0.481014
-0.395039 -0.274315 0.475194 -0.39634 -0.302205 0.48082
-0.395 -0.273334 0.475 -0.396301 -0.301223 0.480626
-0.394961 -0.272354 0.474807 -0.396263 -0.300243 0.480432
-0.394923 -0.271374 0.474613 -0.396224 -0.299263 0.480238
-0.394884 -0.270393 0.47442 -0.396186 -0.298283 0.480044
-0.394845 -0.269413 0.474226 -0.396128 -0.296814 0.479753
-0.394807 -0.268433 0.474033 -0.396108 -0.296324 0.479656
-0.394768 -0.267452 0.473839 -0.39607 -0.295345 0.479463
-0.394729 -0.266472 0.473646 -0.396031 -0.294365 0.479269
-0.39469 -0.265492 0.473452 -0.395993 -0.293386 0.479075
-0.394652 -0.264511 0.473259 -0.395954 -0.292406 0.478881
-0.394613 -0.263531 0.473065 -0.395916 -0.291427 0.478688
-0.394574 -0.262551 0.472872 -0.395878 -0.290447 0.478494
-0.394536 -0.26157 0.472678 -0.395839 -0.289468 0.4783
-0.394497 -0.26059 0.472485 -0.395801 -0.288488 0.478107
-0.394458 -0.25961 0.472291 -0.395762 -0.287509 0.477913
-0.39442 -0.258629 0.472098 -0.395724 -0.28653 0.477719
-0.394381 -0.257649 0.471904 -0.395685 -0.285551 0.477526
-0.394342 -0.256669 0.471711 -0.395647 -0.284572 0.477332
-0.394303 -0.255688 0.471517 -0.395628 -0.284082 0.477235
-0.394265 -0.254708 0.471324 -0.39557 -0.282612 0.476945
-0.394226 -0.253728 0.47113 -0.395551 -0.282123 0.476848
-0.394187 -0.252747 0.470937 -0.395512 -0.281143 0.476654
-0.394149 -0.251767 0.470743 -0.395455 -0.279673 0.476363
-0.39411 -0.250786 0.47055 -0.395416 -0.278693 0.47617
-0.394071 -0.249806 0.470356 -0.395378 -0.277713 0.475976
-0.394033 -0.248826 0.470163 -0.39534 -0.276733 0.475782
-0.393994 -0.247845 0.46997 -0.395301 -0.275752 0.475588
-0.393955 -0.246865 0.469776 -0.395263 -0.274771 0.475394
-0.393917 -0.245885 0.469583 -0.395224 -0.27379 0.4752
-0.393878 -0.244904 0.469389 -0.395186 -0.272809 0.475006
-0.393839 -0.243924 0.469196 -0.395148 -0.271828 0.474812
-0.3938 -0.242944 0.469002 -0.395109 -0.270846 0.474618
-0.393762 -0.241963 0.468809 -0.395071 -0.269864 0.474424
-0.393723 -0.240983 0.468615 -0.395033 -0.268882 0.47423
-0.393684 -0.240003 0.468422 -0.394994 -0.267901 0.474036
-0.393646 -0.239022 0.468228 -0.394956 -0.266919 0.473842
-0.393607 -0.238042 0.468035 -0.394917 -0.265937 0.473648
-0.393568 -0.237062 0.467841 -0.394879 -0.264956 0.473454
-0.39353 -0.236081 0.467648 -0.394841 -0.263974 0.47326
-0.393491 -0.235101 0.467454 -0.394802 -0.262993 0.473066
-0.393452 -0.234121 0.467261 -0.394764 -0.262011 0.472872
-0.393413 -0.23314 0.467067 -0.394725 -0.26103 0.472677
-0.393375 -0.23216 0.466874 -0.394687 -0.260048 0.472483
-0.393336 -0.23118 0.46668 -0.394649 -0.259067 0.472289
-0.393297 -0.230199 0.466487 -0.39461 -0.258085 0.472095
-0.393259 -0.229219 0.466293 -0.394572 -0.257104 0.471901
-0.39322 -0.228239 0.4661 -0.394533 -0.256123 0.471707
-0.393181 -0.227258 0.465906 -0.394495 -0.255142 0.471513
-0.393143 -0.226278 0.465713 -0.394457 -0.25416 0.471319
-0.393104 -0.225298 0.465519 -0.394418 -0.253179 0.471125
-0.393065 -0.224317 0.465326 -0.39438 -0.252198 0.470931
-0.393026 -0.223337 0.465132 -0.394341 -0.251217 0.470737
-0.392988 -0.222357 0.464939 -0.394303 -0.250236 0.470543
-0.392949 -0.221376 0.464745 -0.394265 -0.249255 0.470349
-0.39291 -0.220396 0.464552 -0.394226 -0.248274 0.470155
-0.392872 -0.219416 0.464358 -0.394188 -0.247293 0.469961
-0.392833 -0.218435 0.464165 -0.39415 -0.246312 0.469767
-0.392794 -0.217455 0.463971 -0.394111 -0.245331 0.469573
-0.392756 -0.216475 0.463778 -0.394073 -0.24435 0.469379
-0.392717 -0.215494 0.463584 -0.394034 -0.243369 0.469185
-0.392678 -0.214514 0.463391 -0.393996 -0.242388 0.468991
-0.392639 -0.213534 0.463197 -0.393958 -0.241407 0.468797
-0.392601 -0.212553 0.463004 -0.393919 -0.240426 0.468603
-0.392562 -0.211573 0.46281 -0.393881 -0.239446 0.468409
-0.392523 -0.210593 0.462617 -0.393842 -0.238465 0.468215
-0.392485 -0.209612 0.462423 -0.393804 -0.237484 0.468021
-0.392446 -0.208632 0.46223 -0.393766 -0.236503 0.467827
-0.392407 -0.207652 0.462036 -0.393727 -0.235522 0.467633
-0.392369 -0.206671 0.461843 -0.393689 -0.234542 0.46744
-0.39233 -0.205691 0.46165 -0.393651 -0.233561 0.467246
-0.392291 -0.204711 0.461456 -0.393631 -0.233071 0.467149
-0.392253 -0.20373 0.461263 -0.393574 -0.2316 0.466858
-0.392214 -0.20275 0.461069 -0.393516 -0.230128 0.466567
-0.392175 -0.20177 0.460876 -0.393478 -0.229148 0.466373
-0.392136 -0.200789 0.460682 -0.393459 -0.228658 0.466276
-0.392098 -0.199809 0.460489 -0.39342 -0.22768 0.466082
-0.392059 -0.198829 0.460295 -0.393363 -0.226214 0.465793
-0.39202 -0.197848 0.460102 -0.393343 -0.225726 0.465696
-0.391982 -0.196868 0.459908 -0.393305 -0.22475 0.465503
-0.391943 -0.195887 0.459715 -0.393248 -0.223286 0.465213
-0.391904 -0.194907 0.459521 -0.393209 -0.222311 0.46502
-0.391866 -0.193927 0.459328 -0.393171 -0.221335 0.464827
-0.391827 -0.192946 0.459134 -0.393133 -0.220359 0.464634
-0.391788 -0.191966 0.458941 -0.393094 -0.219383 0.464441
-0.391749 -0.190986 0.458747 -0.393056 -0.218408 0.464248
-0.391711 -0.190005 0.458554 -0.393018 -0.217432 0.464055
-0.391672 -0.189025 0.45836 -0.392979 -0.216457 0.463862
-0.391633 -0.188045 0.458167 -0.392941 -0.215482 0.463669
-0.391595 -0.187064 0.457973 -0.392903 -0.214509 0.463477
-0.391556 -0.186084 0.45778 -0.392865 -0.21354 0.463285
-0.391517 -0.185104 0.457586 -0.392826 -0.212573 0.463094
-0.391479 -0.184123 0.457393 -0.392788 -0.211609 0.462903
-0.39144 -0.183143 0.457199 -0.39275 -0.210645 0.462712
-0.391401 -0.182163 0.457006 -0.392712 -0.209681 0.462521
-0.391362 -0.181182 0.456812 -0.392674 -0.208717 0.46233
-0.391324 -0.180202 0.456619 -0.392635 -0.207754 0.46214
-0.391285 -0.179222 0.456425 -0.392597 -0.206792 0.461949
-0.391246 -0.178241 0.456232 -0.392559 -0.205829 0.461759
-0.391208 -0.177261 0.456038 -0.392521 -0.204867 0.461568
-0.391169 -0.176281 0.455845 -0.392483 -0.203905 0.461378
-0.39113 -0.1753 0.455651 -0.392445 -0.202943 0.461188
-0.391092 -0.17432 0.455458 -0.392427 -0.202462 0.461092
-0.391053 -0.17334 0.455264 -0.39237 -0.201014 0.460806
-0.391014 -0.172359 0.455071 -0.392332 -0.200047 0.460615
-0.390975 -0.171379 0.454877 -0.392294 -0.199079 0.460423
-0.390937 -0.170399 0.454684 -0.392256 -0.198109 0.460231
-0.390898 -0.169418 0.45449 -0.392219 -0.197138 0.460039
-0.390859 -0.168438 0.454297 -0.392181 -0.196167 0.459847
-0.390821 -0.167458 0.454103 -0.392162 -0.195681 0.459751
-0.390782 -0.166477 0.45391 -0.392105 -0.194221 0.459463
-0.390743 -0.165497 0.453717 -0.392049 -0.192765 0.459175
-0.390705 -0.164517 0.453523 -0.392011 -0.191797 0.458983
-0.390666 -0.163536 0.45333 -0.391973 -0.190832 0.458792
-0.390627 -0.162556 0.453136 -0.391935 -0.189867 0.458601
-0.390589 -0.161576 0.452943 -0.391897 -0.188903 0.458411
-0.39055 -0.160595 0.452749 -0.391859 -0.187939 0.45822
-0.390511 -0.159615 0.452556 -0.391821 -0.186976 0.458029
-0.390472 -0.158635 0.452362 -0.391783 -0.186013 0.457839
-0.390434 -0.157654 0.452169 -0.391746 -0.18505 0.457648
-0.390395 -0.156674 0.451975 -0.391708 -0.184086 0.457458
-0.390356 -0.155694 0.451782 -0.391689 -0.183605 0.457363
-0.390318 -0.154713 0.451588 -0.391632 -0.18216 0.457077
-0.390279 -0.153733 0.451395 -0.391594 -0.181196 0.456886
-0.39024 -0.152753 0.451201 -0.391575 -0.180715 0.456791
-0.390202 -0.151772 0.451008 -0.391519 -0.179269 0.456505
-0.390163 -0.150792 0.450814 -0.3915 -0.178786 0.456409
-0.390124 -0.149812 0.450621 -0.391443 -0.17734 0.456123
-0.390085 -0.148831 0.450427 -0.391406 -0.176375 0.455932
-0.390047 -0.147851 0.450234 -0.391368 -0.175409 0.455741
-0.390008 -0.146871 0.45004 -0.39133 -0.174444 0.45555
-0.389969 -0.14589 0.449847 -0.391292 -0.173478 0.455359
-0.389931 -0.14491 0.449653 -0.391274 -0.172994 0.455264
-0.389892 -0.14393 0.44946 -0.391217 -0.171543 0.454977
-0.389853 -0.142949 0.449266 -0.391179 -0.170576 0.454785
-0.389815 -0.141969 0.449073 -0.391142 -0.169608 0.454594
-0.389776 -0.140989 0.448879 -0.391104 -0.168639 0.454402
-0.389737 -0.140008 0.448686 -0.391066 -0.16767 0.454211
-0.389698 -0.139028 0.448492 -0.391028 -0.1667 0.454019
-0.38966 -0.138047 0.448299 -0.390991 -0.165729 0.453827
-0.389621 -0.137067 0.448105 -0.390953 -0.164758 0.453635
-0.389582 -0.136087 0.447912 -0.390934 -0.164273 0.453539
-0.389544 -0.135106 0.447718 -0.390877 -0.162814 0.453251
-0.389505 -0.134126 0.447525 -0.39084 -0.161839 0.453058
-0.389466 -0.133146 0.447331 -0.390802 -0.160864 0.452865
-0.389428 -0.132165 0.447138 -0.390764 -0.159888 0.452672
-0.389389 -0.131185 0.446944 -0.390726 -0.158912 0.452479
-0.38935 -0.130205 0.446751 -0.390707 -0.158423 0.452383
-0.389311 -0.129224 0.446557 -0.390669 -0.157447 0.45219
-0.389273 -0.128244 0.446364 -0.390631 -0.15647 0.451996
-0.389234 -0.127264 0.44617 -0.390575 -0.155005 0.451707
-0.389195 -0.126283 0.445977 -0.390537 -0.154028 0.451513
-0.389157 -0.125303 0.445784 -0.390499 -0.153051 0.45132
-0.389118 -0.124323 0.44559 -0.390461 -0.152074 0.451127
-0.389079 -0.123342 0.445397 -0.390423 -0.151097 0.450934
-0.389041 -0.122362 0.445203 -0.390404 -0.150609 0.450837
-0.389002 -0.121382 0.44501 -0.390346 -0.149142 0.450547
-0.388963 -0.120401 0.444816 -0.390308 -0.148164 0.450354
-0.388925 -0.119421 0.444623 -0.39027 -0.147185 0.45016
-0.388886 -0.118441 0.444429 -0.390232 -0.146206 0.449966
-0.388847 -0.11746 0.444236 -0.390194 -0.145225 0.449773
-0.388808 -0.11648 0.444042 -0.390175 -0.144734 0.449675
-0.38877 -0.1155 0.443849 -0.390137 -0.143753 0.449482
-0.388731 -0.114519 0.443655 -0.390099 -0.142772 0.449288
-0.388692 -0.113539 0.443462 -0.39008 -0.142282 0.449191
-0.388654 -0.112559 0.443268 -0.390003 -0.140322 0.448803
-0.388615 -0.111578 0.443075 -0.389965 -0.139342 0.448609
-0.388576 -0.110598 0.442881 -0.389927 -0.138363 0.448415
-0.388538 -0.109618 0.442688 -0.389888 -0.137384 0.448222
-0.388499 -0.108637 0.442494 -0.38985 -0.136405 0.448028
-0.38846 -0.107657 0.442301 -0.389812 -0.135425 0.447834
-0.388421 -0.106677 0.442107 -0.389793 -0.134936 0.447737
-0.388383 -0.105696 0.441914 -0.389735 -0.133467 0.447447
-0.388344 -0.104716 0.44172 -0.389697 -0.132489 0.447253
-0.388305 -0.103736 0.441527 -0.389659 -0.13151 0.44706
-0.388267 -0.102755 0.441333 -0.38962 -0.130531 0.446866
-0.388228 -0.101775 0.44114 -0.389582 -0.129553 0.446673
-0.388189 -0.100795 0.440946 -0.389544 -0.128574 0.446479
-0.388151 -0.0998143 0.440753 -0.389524 -0.128085 0.446382
-0.388112 -0.0988339 0.440559 -0.389467 -0.126618 0.446092
-0.388073 -0.0978536 0.440366 -0.389429 -0.12564 0.445898
-0.388034 -0.0968732 0.440172 -0.38939 -0.124662 0.445705
-0.387996 -0.0958929 0.439979 -0.389352 -0.123684 0.445511
-0.387957 -0.0949126 0.439785 -0.389313 -0.122706 0.445318
-0.387918 -0.0939322 0.439592 -0.389275 -0.121728 0.445125
-0.38788 -0.0929519 0.439398 -0.389237 -0.12075 0.444931
-0.387841 -0.0919715 0.439205 -0.389218 -0.120261 0.444834
-0.387802 -0.0909912 0.439011 -0.389198 -0.119771 0.444737
-0.387764 -0.0900109 0.438818 -0.389122 -0.117814 0.44435
-0.387725 -0.0890305 0.438624 -0.389083 -0.116834 0.444156
-0.387686 -0.0880502 0.438431 -0.389045 -0.115855 0.443963
-0.387647 -0.0870698 0.438237 -0.389007 -0.114875 0.443769
-0.387609 -0.0860895 0.438044 -0.388968 -0.113896 0.443575
-0.38757 -0.0851092 0.43785 -0.38893 -0.112917 0.443381
-0.387531 -0.0841288 0.437657 -0.388892 -0.111938 0.443188
-0.387493 -0.0831485 0.437464 -0.388853 -0.110959 0.442994
-0.387454 -0.0821682 0.43727 -0.388815 -0.10998 0.442801
-0.387415 -0.0811878 0.437077 -0.388777 -0.109001 0.442607
-0.387377 -0.0802075 0.436883 -0.388738 -0.108023 0.442413
-0.387338 -0.0792271 0.43669 -0.3887 -0.107044 0.44222
-0.387299 -0.0782468 0.436496 -0.388662 -0.106066 0.442026
-0.387261 -0.0772665 0.436303 -0.388623 -0.105088 0.441833
-0.387222 -0.0762861 0.436109 -0.388585 -0.10411 0.441639
-0.387183 -0.0753058 0.435916 -0.388546 -0.103135 0.441446
-0.387144 -0.0743254 0.435722 -0.388508 -0.102163 0.441254
-0.387106 -0.0733451 0.435529 -0.38847 -0.101191 0.441062
-0.387067 -0.0723648 0.435335 -0.388431 -0.100218 0.440869
-0.387028 -0.0713844 0.435142 -0.388393 -0.099244 0.440677
-0.38699 -0.0704041 0.434948 -0.388354 -0.0982695 0.440484
-0.386951 -0.0694237 0.434755 -0.388316 -0.0972944 0.440291
-0.386912 -0.0684434 0.434561 -0.388278 -0.0963187 0.440098
-0.386874 -0.0674631 0.434368 -0.38824 -0.0953425 0.439905
-0.386835 -0.0664827 0.434174 -0.388201 -0.0943661 0.439712
-0.386796 -0.0655024 0.433981 -0.388163 -0.0933902 0.439519
-0.386757 -0.064522 0.433787 -0.388125 -0.0924147 0.439326
-0.386719 -0.0635417 0.433594 -0.388087 -0.0914389 0.439133
-0.38668 -0.0625614 0.4334 -0.388048 -0.0904625 0.438939
-0.386641 -0.061581 0.433207 -0.388029 -0.0899741 0.438843
-0.386603 -0.0606007 0.433013 -0.387953 -0.0880196 0.438456
-0.386564 -0.0596204 0.43282 -0.387914 -0.0870419 0.438263
-0.386525 -0.05864 0.432626 -0.387876 -0.086066 0.43807
-0.386487 -0.0576597 0.432433 -0.387838 -0.0850937 0.437877
-0.386448 -0.0566793 0.432239 -0.387799 -0.0841248 0.437686
-0.386409 -0.055699 0.432046 -0.387761 -0.0831589 0.437495
-0.38637 -0.0547187 0.431852 -0.387703 -0.0817145 0.437209
-0.386332 -0.0537383 0.431659 -0.387665 -0.080754 0.437019
-0.386293 -0.052758 0.431465 -0.387626 -0.0797951 0.436829
-0.386254 -0.0517776 0.431272 -0.387588 -0.0788376 0.43664
-0.386216 -0.0507973 0.431078 -0.387569 -0.0783593 0.436545
-0.386177 -0.049817 0.430885 -0.387512 -0.0769253 0.436261
-0.386138 -0.0488366 0.430691 -0.387492 -0.0764476 0.436167
-0.3861 -0.0478563 0.430498 -0.387454 -0.0754921 0.435978
-0.386061 -0.0468759 0.430304 -0.387416 -0.0745368 0.435789
-0.386022 -0.0458956 0.430111 -0.387359 -0.073104 0.435505
-0.385983 -0.0449153 0.429917 -0.38734 -0.0726265 0.435411
-0.385945 -0.0439349 0.429724 -0.387302 -0.0716715 0.435222
-0.385906 -0.0429546 0.429531 -0.387245 -0.0702388 0.434939
-0.385867 -0.0419742 0.429337 -0.387226 -0.069761 0.434844
-0.385829 -0.0409939 0.429144 -0.387189 -0.0688054 0.434655
-0.38579 -0.0400136 0.42895 -0.387151 -0.0678496 0.434466
-0.385751 -0.0390332 0.428757 -0.387113 -0.0668934 0.434277
-0.385713 -0.0380529 0.428563 -0.387075 -0.0659367 0.434088
-0.385674 -0.0370726 0.42837 -0.387038 -0.0649788 0.433898
-0.385635 -0.0360922 0.428176 -0.387 -0.0640193 0.433709
-0.385597 -0.0351119 0.427983 -0.386962 -0.0630588 0.433519
-0.385558 -0.0341315 0.427789 -0.386925 -0.0620978 0.433329
-0.385519 -0.0331512 0.427596 -0.386887 -0.0611363 0.433138
-0.38548 -0.0321709 0.427402 -0.38685 -0.0601743 0.432948
-0.385442 -0.0311905 0.427209 -0.386812 -0.0592114 0.432758
-0.385403 -0.0302102 0.427015 -0.386775 -0.0582476 0.432567
-0.385364 -0.0292298 0.426822 -0.386737 -0.0572832 0.432377
-0.385326 -0.0282495 0.426628 -0.386699 -0.0563184 0.432186
-0.385287 -0.0272692 0.426435 -0.386662 -0.0553532 0.431995
-0.385248 -0.0262888 0.426241 -0.386624 -0.0543875 0.431804
-0.38521 -0.0253085 0.426048 -0.386587 -0.0534211 0.431613
-0.385171 -0.0243281 0.425854 -0.386549 -0.0524538 0.431422
-0.385132 -0.0233478 0.425661 -0.386511 -0.0514855 0.43123
-0.385093 -0.0223675 0.425467 -0.386474 -0.0505161 0.431039
-0.385055 -0.0213871 0.425274 -0.386436 -0.0495461 0.430847
-0.385016 -0.0204068 0.42508 -0.386398 -0.0485758 0.430655
-0.384977 -0.0194264 0.424887 -0.386361 -0.0476053 0.430463
-0.384939 -0.0184461 0.424693 -0.386323 -0.0466345 0.430271
-0.3849 -0.0174658 0.4245 -0.386285 -0.0456635 0.430079
-0.384861 -0.0164854 0.424306 -0.386247 -0.0446919 0.429887
-0.384823 -0.0155051 0.424113 -0.38621 -0.0437197 0.429695
-0.384784 -0.0145248 0.423919 -0.386172 -0.0427467 0.429503
-0.384745 -0.0135444 0.423726 -0.386134 -0.0417731 0.42931
-0.384706 -0.0125641 0.423532 -0.386096 -0.0407992 0.429118
-0.384668 -0.0115837 0.423339 -0.386058 -0.0398251 0.428925
-0.384629 -0.0106034 0.423145 -0.38602 -0.0388508 0.428733
-0.38459 -0.00962305 0.422952 -0.385982 -0.0378764 0.42854
-0.384552 -0.00864272 0.422758 -0.385944 -0.0369019 0.428347
-0.384513 -0.00766238 0.422565 -0.385906 -0.0359275 0.428155
-0.384474 -0.00668204 0.422371 -0.385868 -0.0349529 0.427962
-0.384436 -0.0057017 0.422178 -0.38583 -0.033978 0.42777
-0.384397 -0.00472136 0.421984 -0.385792 -0.0330027 0.427577
-0.384358 -0.00374102 0.421791 -0.385754 -0.0320272 0.427384
-0.38432 -0.00276068 0.421598 -0.385716 -0.0310515 0.427191
-0.384281 -0.00178034 0.421404 -0.385678 -0.0300757 0.426998
-0.384242 -0.000800002 0.421211 -0.38564 -0.0290999 0.426805
-0.384203 0.000180337 0.421017 -0.385602 -0.0281238 0.426612
-0.384165 0.00116068 0.420824 -0.385563 -0.027147 0.426419
-0.384126 0.00214102 0.42063 -0.385525 -0.0261695 0.426226
-0.384087 0.00312135 0.420437 -0.385487 -0.0251911 0.426033
-0.384049 0.00410169 0.420243 -0.385468 -0.0247017 0.425936
-0.38401 0.00508203 0.42005 -0.38541 -0.0232333 0.425646
-0.383971 0.00606237 0.419856 -0.385372 -0.0222545 0.425452
-0.383933 0.00704271 0.419663 -0.385334 -0.0212759 0.425259
-0.383894 0.00802305 0.419469 -0.385296 -0.0202975 0.425066
-0.383855 0.00900339 0.419276 -0.385257 -0.0193193 0.424872
-0.383816 0.00998373 0.419082 -0.3852 -0.0178523 0.424582
-0.383778 0.0109641 0.418889 -0.385181 -0.0173634 0.424486
-0.383739 0.0119444 0.418695 -0.385142 -0.0163854 0.424292
-0.3837 0.0129247 0.418502 -0.385123 -0.0158963 0.424196
-0.383662 0.0139051 0.418308 -0.385046 -0.0139374 0.423809
-0.383623 0.0148854 0.418115 -0.385008 -0.012956 0.423615
-0.383584 0.0158658 0.417921 -0.384969 -0.0119746 0.423421
-0.383546 0.0168461 0.417728 -0.384931 -0.0109938 0.423227
-0.383507 0.0178264 0.417534 -0.384893 -0.0100133 0.423033
-0.383468 0.0188068 0.417341 -0.384854 -0.00903325 0.42284
-0.383429 0.0197871 0.417147 -0.384835 -0.00854335 0.422743
-0.383391 0.0207675 0.416954 -0.384796 -0.0075638 0.422549
-0.383352 0.0217478 0.41676 -0.384758 -0.00658446 0.422356
-0.383313 0.0227281 0.416567 -0.3847 -0.00511558 0.422065
-0.383275 0.0237085 0.416373 -0.384661 -0.0041364 0.421872
-0.383236 0.0246888 0.41618 -0.384642 -0.00364681 0.421775
-0.383197 0.0256692 0.415986 -0.384604 -0.00266748 0.421582
-0.383159 0.0266495 0.415793 -0.384565 -0.00168786 0.421388
-0.38312 0.0276298 0.415599 -0.384527 -0.00070823 0.421195
-0.383081 0.0286102 0.415406 -0.384488 0.00027114 0.421001
-0.383042 0.0295905 0.415212 -0.384449 0.00125034 0.420808
-0.383004 0.0305709 0.415019 -0.384411 0.00222949 0.420614
-0.382965 0.0315512 0.414825 -0.384372 0.00320856 0.420421
-0.382926 0.0325315 0.414632 -0.384334 0.0041875 0.420227
-0.382888 0.0335119 0.414438 -0.384295 0.00516636 0.420034
-0.382849 0.0344922 0.414245 -0.384257 0.00614517 0.419841
-0.38281 0.0354725 0.414051 -0.384218 0.00712386 0.419647
-0.382772 0.0364529 0.413858 -0.384179 0.00810237 0.419454
-0.382733 0.0374332 0.413664 -0.384141 0.00908072 0.419261
-0.382694 0.0384136 0.413471 -0.384102 0.0100589 0.419068
-0.382656 0.0393939 0.413278 -0.384064 0.011037 0.418874
-0.382617 0.0403742 0.413084 -0.384025 0.012015 0.418681
-0.382578 0.0413546 0.412891 -0.383987 0.0129929 0.418488
-0.382539 0.0423349 0.412697 -0.383948 0.0139708 0.418295
-0.382501 0.0433153 0.412504 -0.383909 0.0149486 0.418102
-0.382462 0.0442956 0.41231 -0.383871 0.0159265 0.417909
-0.382423 0.0452759 0.412117 -0.383832 0.0169055 0.417715
-0.382385 0.0462563 0.411923 -0.383794 0.0178863 0.417522
-0.382346 0.0472366 0.41173 -0.383755 0.0188678 0.417328
-0.382307 0.048217 0.411536 -0.383717 0.0198489 0.417134
-0.382269 0.0491973 0.411343 -0.383678 0.0208296 0.41694
-0.38223 0.0501776 0.411149 -0.38364 0.02181 0.416747
-0.382191 0.051158 0.410956 -0.383601 0.02279 0.416553
-0.382152 0.0521383 0.410762 -0.383563 0.0237697 0.41636
-0.382114 0.0531187 0.410569 -0.383524 0.0247492 0.416166
-0.382075 0.054099 0.410375 -0.383485 0.0257285 0.415973
-0.382036 0.0550793 0.410182 -0.383447 0.0267076 0.41578
-0.381998 0.0560597 0.409988 -0.383408 0.0276865 0.415586
-0.381959 0.05704 0.409795 -0.38337 0.0286653 0.415393
-0.38192 0.0580203 0.409601 -0.383331 0.0296439 0.4152
-0.381882 0.0590007 0.409408 -0.383292 0.0306223 0.415007
-0.381843 0.059981 0.409214 -0.383254 0.0316007 0.414813
-0.381804 0.0609614 0.409021 -0.383215 0.0325789 0.41462
-0.381765 0.0619417 0.408827 -0.383177 0.0335571 0.414427
-0.381727 0.062922 0.408634 -0.383138 0.0345353 0.414234
-0.381688 0.0639024 0.40844 -0.383099 0.0355133 0.414041
-0.381649 0.0648827 0.408247 -0.383061 0.0364914 0.413848
-0.381611 0.0658631 0.408053 -0.383022 0.0374694 0.413655
-0.381572 0.0668434 0.40786 -0.382984 0.0384474 0.413462
-0.381533 0.0678237 0.407666 -0.382945 0.0394255 0.413269
-0.381495 0.0688041 0.407473 -0.382906 0.0404036 0.413076
-0.381456 0.0697844 0.407279 -0.382868 0.0413816 0.412882
-0.381417 0.0707648 0.407086 -0.382829 0.0423598 0.412689
-0.381378 0.0717451 0.406892 -0.382791 0.0433382 0.412496
-0.38134 0.0727254 0.406699 -0.382752 0.0443167 0.412303
-0.381301 0.0737058 0.406505 -0.382714 0.0452952 0.41211
-0.381262 0.0746861 0.406312 -0.382675 0.046274 0.411917
-0.381224 0.0756665 0.406118 -0.382636 0.0472534 0.411724
-0.381185 0.0766468 0.405925 -0.382598 0.048233 0.41153
-0.381146 0.0776271 0.405731 -0.382559 0.0492124 0.411337
-0.381108 0.0786075 0.405538 -0.382521 0.0501918 0.411144
-0.381069 0.0795878 0.405345 -0.382482 0.051171 0.41095
-0.38103 0.0805681 0.405151 -0.382444 0.0521501 0.410757
-0.380992 0.0815485 0.404958 -0.382405 0.0531292 0.410564
-0.380953 0.0825288 0.404764 -0.382367 0.0541082 0.410371
-0.380914 0.0835092 0.404571 -0.382328 0.0550873 0.410178
-0.380875 0.0844895 0.404377 -0.382289 0.0560664 0.409984
-0.380837 0.0854698 0.404184 -0.382251 0.0570454 0.409791
-0.380798 0.0864502 0.40399 -0.382212 0.0580244 0.409598
-0.380759 0.0874305 0.403797 -0.382174 0.0590033 0.409405
-0.380721 0.0884109 0.403603 -0.382135 0.0599822 0.409212
-0.380682 0.0893912 0.40341 -0.382096 0.0609611 0.409019
-0.380643 0.0903715 0.403216 -0.382058 0.06194 0.408825
-0.380605 0.0913519 0.403023 -0.382019 0.0629188 0.408632
-0.380566 0.0923322 0.402829 -0.381981 0.0638977 0.408439
-0.380527 0.0933126 0.402636 -0.381942 0.0648765 0.408246
-0.380488 0.0942929 0.402442 -0.381903 0.0658553 0.408053
-0.38045 0.0952732 0.402249 -0.381865 0.0668342 0.40786
-0.380411 0.0962536 0.402055 -0.381826 0.067813 0.407667
-0.380372 0.0972339 0.401862 -0.381788 0.0687918 0.407474
-0.380334 0.0982143 0.401668 -0.381749 0.0697708 0.407281
-0.380295 0.0991946 0.401475 -0.38171 0.07075 0.407087
-0.380256 0.100175 0.401281 -0.381672 0.0717293 0.406894
-0.380218 0.101155 0.401088 -0.381633 0.0727086 0.406701
-0.380179 0.102136 0.400894 -0.381595 0.0736883 0.406508
-0.38014 0.103116 0.400701 -0.381556 0.0746685 0.406315
-0.380101 0.104096 0.400507 -0.381517 0.0756489 0.406121
-0.380063 0.105077 0.400314 -0.381479 0.0766293 0.405928
-0.380024 0.106057 0.40012 -0.38144 0.0776101 0.405734
-0.379985 0.107037 0.399927 -0.381402 0.0785917 0.405541
-0.379947 0.108018 0.399733 -0.381363 0.0795736 0.405347
-0.379908 0.108998 0.39954 -0.381325 0.0805552 0.405154
-0.379869 0.109978 0.399346 -0.381286 0.0815364 0.40496
-0.379831 0.110959 0.399153 -0.381267 0.0820269 0.404863
-0.379792 0.111939 0.398959 -0.381209 0.0834992 0.404573
-0.379753 0.112919 0.398766 -0.38117 0.0844822 0.404379
-0.379714 0.1139 0.398572 -0.381131 0.0854664 0.404185
-0.379676 0.11488 0.398379 -0.381093 0.0864514 0.403991
-0.379637 0.11586 0.398185 -0.381054 0.0874364 0.403797
-0.379598 0.116841 0.397992 -0.381016 0.0884207 0.403603
-0.37956 0.117821 0.397798 -0.380977 0.0894042 0.403409
-0.379521 0.118801 0.397605 -0.380938 0.090387 0.403215
-0.379482 0.119782 0.397412 -0.380899 0.0913695 0.403021
-0.379444 0.120762 0.397218 -0.380861 0.0923518 0.402828
-0.379405 0.121742 0.397025 -0.380822 0.0933338 0.402634
-0.379366 0.122723 0.396831 -0.380783 0.0943156 0.40244
-0.379328 0.123703 0.396638 -0.380744 0.095297 0.402247
-0.379289 0.124683 0.396444 -0.380706 0.0962779 0.402053
-0.37925 0.125664 0.396251 -0.380667 0.0972583 0.40186
-0.379211 0.126644 0.396057 -0.380628 0.0982383 0.401667
-0.379173 0.127624 0.395864 -0.380589 0.0992183 0.401474
-0.379134 0.128605 0.39567 -0.38055 0.100199 0.401281
-0.379095 0.129585 0.395477 -0.380512 0.101179 0.401087
-0.379057 0.130565 0.395283 -0.380473 0.10216 0.400894
-0.379018 0.131546 0.39509 -0.380434 0.10314 0.400701
-0.378979 0.132526 0.394896 -0.380395 0.104119 0.400508
-0.378941 0.133506 0.394703 -0.380356 0.105099 0.400315
-0.378902 0.134487 0.394509 -0.380318 0.106077 0.400122
-0.378863 0.135467 0.394316 -0.380279 0.107056 0.399929
-0.378824 0.136447 0.394122 -0.38024 0.108035 0.399736
-0.378786 0.137428 0.393929 -0.380201 0.109014 0.399543
-0.378747 0.138408 0.393735 -0.380163 0.109992 0.39935
-0.378708 0.139388 0.393542 -0.380124 0.110971 0.399157
-0.37867 0.140369 0.393348 -0.380085 0.111949 0.398965
-0.378631 0.141349 0.393155 -0.380046 0.112927 0.398772
-0.378592 0.14233 0.392961 -0.380008 0.113905 0.398579
-0.378554 0.14331 0.392768 -0.379969 0.114883 0.398386
-0.378515 0.14429 0.392574 -0.37993 0.115862 0.398193
-0.378476 0.145271 0.392381 -0.379892 0.116841 0.398
-0.378437 0.146251 0.392187 -0.379853 0.11782 0.397808
-0.378399 0.147231 0.391994 -0.379814 0.118799 0.397615
-0.37836 0.148212 0.3918 -0.379776 0.119778 0.397422
-0.378321 0.149192 0.391607 -0.379737 0.120758 0.397229
-0.378283 0.150172 0.391413 -0.379679 0.122227 0.396939
-0.378244 0.151153 0.39122 -0.37964 0.123206 0.396746
-0.378205 0.152133 0.391026 -0.379621 0.123695 0.39665
-0.378167 0.153113 0.390833 -0.379582 0.124674 0.396457
-0.378128 0.154094 0.390639 -0.379524 0.126142 0.396168
-0.378089 0.155074 0.390446 -0.379485 0.12712 0.395975
-0.37805 0.156054 0.390252 -0.379466 0.12761 0.395879
-0.378012 0.157035 0.390059 -0.379447 0.128099 0.395782
-0.377973 0.158015 0.389865 -0.37935 0.130544 0.3953
-0.377934 0.158995 0.389672 -0.379311 0.131522 0.395108
-0.377896 0.159976 0.389478 -0.379273 0.132498 0.394915
-0.377857 0.160956 0.389285 -0.379253 0.132986 0.394819
-0.377818 0.161936 0.389092 -0.379195 0.134445 0.394532
-0.37778 0.162917 0.388898 -0.379156 0.135417 0.39434
-0.377741 0.163897 0.388705 -0.379137 0.135903 0.394245
-0.377702 0.164877 0.388511 -0.379079 0.137361 0.393957
-0.377664 0.165858 0.388318 -0.37904 0.138332 0.393766
-0.377625 0.166838 0.388124 -0.379002 0.139305 0.393574
-0.377586 0.167818 0.387931 -0.378963 0.140278 0.393383
-0.377547 0.168799 0.387737 -0.378924 0.14125 0.393191
-0.377509 0.169779 0.387544 -0.378886 0.142223 0.392999
-0.37747 0.170759 0.38735 -0.378847 0.143196 0.392808
-0.377431 0.17174 0.387157 -0.378809 0.144169 0.392616
-0.377393 0.17272 0.386963 -0.37877 0.145142 0.392424
-0.377354 0.1737 0.38677 -0.378732 0.146115 0.392233
-0.377315 0.174681 0.386576 -0.378693 0.147088 0.392041
-0.377277 0.175661 0.386383 -0.378655 0.148062 0.391849
-0.377238 0.176641 0.386189 -0.378616 0.149035 0.391658
-0.377199 0.177622 0.385996 -0.378578 0.150009 0.391466
-0.37716 0.178602 0.385802 -0.378539 0.150982 0.391274
-0.377122 0.179582 0.385609 -0.378501 0.151954 0.391083
-0.377083 0.180563 0.385415 -0.378462 0.152923 0.390892
-0.377044 0.181543 0.385222 -0.378423 0.153891 0.390701
-0.377006 0.182523 0.385028 -0.378385 0.154859 0.390511
-0.376967 0.183504 0.384835 -0.378346 0.155827 0.39032
-0.376928 0.184484 0.384641 -0.378308 0.156796 0.390129
-0.37689 0.185464 0.384448 -0.378269 0.157765 0.389938
-0.376851 0.186445 0.384254 -0.378231 0.158735 0.389747
-0.376812 0.187425 0.384061 -0.378192 0.159705 0.389556
-0.376773 0.188405 0.383867 -0.378154 0.160675 0.389365
-0.376735 0.189386 0.383674 -0.378116 0.161645 0.389174
-0.376696 0.190366 0.38348 -0.378077 0.162616 0.388983
-0.376657 0.191346 0.383287 -0.378039 0.163587 0.388792
-0.376619 0.192327 0.383093 -0.378001 0.164558 0.3886
-0.37658 0.193307 0.3829 -0.377962 0.165528 0.388409
-0.376541 0.194287 0.382706 -0.377924 0.166496 0.388219
-0.376503 0.195268 0.382513 -0.377885 0.167463 0.388028
-0.376464 0.196248 0.382319 -0.377847 0.168427 0.387839
-0.376425 0.197229 0.382126 -0.377808 0.16939 0.387649
-0.376386 0.198209 0.381932 -0.37777 0.170352 0.387459
-0.376348 0.199189 0.381739 -0.377751 0.170833 0.387365
-0.376309 0.20017 0.381545 -0.377674 0.17276 0.386985
-0.37627 0.20115 0.381352 -0.377655 0.173241 0.38689
-0.376232 0.20213 0.381159 -0.377616 0.174199 0.386702
-0.376193 0.203111 0.380965 -0.377559 0.175632 0.386419
-0.376154 0.204091 0.380772 -0.37752 0.176587 0.386231
-0.376116 0.205071 0.380578 -0.377482 0.177543 0.386043
-0.376077 0.206052 0.380385 -0.377444 0.178499 0.385855
-0.376038 0.207032 0.380191 -0.377405 0.179456 0.385666
-0.376 0.208012 0.379998 -0.377386 0.179935 0.385572
-0.375961 0.208993 0.379804 -0.377329 0.181372 0.385289
-0.375922 0.209973 0.379611 -0.377291 0.18233 0.3851
-0.375883 0.210953 0.379417 -0.377253 0.18329 0.384911
-0.375845 0.211934 0.379224 -0.377215 0.18425 0.384722
-0.375806 0.212914 0.37903 -0.377177 0.185211 0.384533
-0.375767 0.213894 0.378837 -0.377139 0.186173 0.384343
-0.375729 0.214875 0.378643 -0.377101 0.187135 0.384154
-0.37569 0.215855 0.37845 -0.377063 0.188098 0.383964
-0.375651 0.216835 0.378256 -0.377025 0.189062 0.383775
-0.375613 0.217816 0.378063 -0.376987 0.190026 0.383585
-0.375574 0.218796 0.377869 -0.376949 0.190991 0.383395
-0.375535 0.219776 0.377676 -0.376912 0.191957 0.383205
-0.375496 0.220757 0.377482 -0.376874 0.192923 0.383015
-0.375458 0.221737 0.377289 -0.376836 0.19389 0.382824
-0.375419 0.222717 0.377095 -0.376798 0.194857 0.382634
-0.37538 0.223698 0.376902 -0.37676 0.195826 0.382443
-0.375342 0.224678 0.376708 -0.376722 0.196794 0.382253
-0.375303 0.225658 0.376515 -0.376684 0.197764 0.382062
-0.375264 0.226639 0.376321 -0.376646 0.198733 0.381871
-0.375226 0.227619 0.376128 -0.376608 0.199704 0.38168
-0.375187 0.228599 0.375934 -0.37657 0.200675 0.381489
-0.375148 0.22958 0.375741 -0.376532 0.201646 0.381298
-0.375109 0.23056 0.375547 -0.376494 0.202618 0.381107
-0.375071 0.23154 0.375354 -0.376455 0.20359 0.380915
-0.375032 0.232521 0.37516 -0.376417 0.204563 0.380724
-0.374993 0.233501 0.374967 -0.376379 0.205536 0.380532
-0.374955 0.234481 0.374773 -0.376341 0.20651 0.380341
-0.374916 0.235462 0.37458 -0.376303 0.207484 0.380149
-0.374877 0.236442 0.374386 -0.376265 0.208458 0.379957
-0.374839 0.237422 0.374193 -0.376226 0.209433 0.379765
-0.3748 0.238403 0.373999 -0.376188 0.210408 0.379573
-0.374761 0.239383 0.373806 -0.37615 0.211384 0.379381
-0.374722 0.240363 0.373612 -0.376112 0.21236 0.379189
-0.374684 0.241344 0.373419 -0.376073 0.213336 0.378997
-0.374645 0.242324 0.373226 -0.376035 0.214312 0.378805
-0.374606 0.243304 0.373032 -0.375996 0.215289 0.378613
-0.374568 0.244285 0.372839 -0.375958 0.216265 0.37842
-0.374529 0.245265 0.372645 -0.375939 0.216754 0.378324
-0.37449 0.246245 0.372452 -0.375881 0.21822 0.378036
-0.374452 0.247226 0.372258 -0.375843 0.219197 0.377843
-0.374413 0.248206 0.372065 -0.375804 0.220175 0.377651
-0.374374 0.249186 0.371871 -0.375766 0.221153 0.377458
-0.374336 0.250167 0.371678 -0.375727 0.222131 0.377266
-0.374297 0.251147 0.371484 -0.375689 0.223109 0.377073
-0.374258 0.252128 0.371291 -0.37565 0.224088 0.376881
-0.374219 0.253108 0.371097 -0.375611 0.225066 0.376688
-0.374181 0.254088 0.370904 -0.375573 0.226045 0.376495
-0.374142 0.255069 0.37071 -0.375534 0.227024 0.376303
-0.374103 0.256049 0.370517 -0.375496 0.228003 0.37611
-0.374065 0.257029 0.370323 -0.375457 0.228982 0.375917
-0.374026 0.25801 0.37013 -0.375418 0.229961 0.375725
-0.373987 0.25899 0.369936 -0.37538 0.230941 0.375532
-0.373949 0.25997 0.369743 -0.37536 0.23143 0.375435
-0.37391 0.260951 0.369549 -0.375302 0.232899 0.375146
-0.373871 0.261931 0.369356 -0.375263 0.233879 0.374953
-0.373832 0.262911 0.369162 -0.375225 0.234859 0.374761
-0.373794 0.263892 0.368969 -0.375186 0.235838 0.374568
-0.373755 0.264872 0.368775 -0.375147 0.236818 0.374375
-0.373716 0.265852 0.368582 -0.375109 0.237798 0.374182
-0.373678 0.266833 0.368388 -0.37507 0.238778 0.373989
-0.373639 0.267813 0.368195 -0.375031 0.239758 0.373796
-0.3736 0.268793 0.368001 -0.374992 0.240738 0.373603
-0.373562 0.269774 0.367808 -0.374953 0.241718 0.37341
-0.373523 0.270754 0.367614 -0.374915 0.242698 0.373217
-0.373484 0.271734 0.367421 -0.374876 0.243678 0.373025
-0.373445 0.272715 0.367227 -0.374837 0.244658 0.372832
-0.373407 0.273695 0.367034 -0.374798 0.245638 0.372639
-0.373368 0.274675 0.36684 -0.374759 0.246618 0.372446
-0.373329 0.275656 0.366647 -0.374721 0.247598 0.372253
-0.373291 0.276636 0.366453 -0.374682 0.248579 0.37206
-0.373252 0.277616 0.36626 -0.374643 0.249559 0.371867
-0.373213 0.278597 0.366066 -0.374604 0.250539 0.371674
-0.373175 0.279577 0.365873 -0.374565 0.251519 0.371481
-0.373136 0.280557 0.365679 -0.374526 0.2525 0.371288
-0.373097 0.281538 0.365486 -0.374488 0.25348 0.371095
-0.373058 0.282518 0.365292 -0.374449 0.25446 0.370902
-0.37302 0.283498 0.365099 -0.37441 0.255441 0.370709
-0.372981 0.284479 0.364906 -0.374371 0.256421 0.370516
-0.372942 0.285459 0.364712 -0.374332 0.257401 0.370323
-0.372904 0.286439 0.364519 -0.374293 0.258382 0.37013
-0.372865 0.28742 0.364325 -0.374254 0.259362 0.369937
-0.372826 0.2884 0.364132 -0.374216 0.260342 0.369744
-0.372788 0.28938 0.363938 -0.374177 0.261323 0.369551
-0.372749 0.290361 0.363745 -0.374138 0.262303 0.369358
-0.37271 0.291341 0.363551 -0.374099 0.263284 0.369165
-0.372672 0.292321 0.363358 -0.37406 0.264264 0.368972
-0.372633 0.293302 0.363164 -0.374021 0.265244 0.368779
-0.372594 0.294282 0.362971 -0.373982 0.266225 0.368586
-0.372555 0.295262 0.362777 -0.373944 0.267205 0.368393
-0.372517 0.296243 0.362584 -0.373905 0.268186 0.3682
-0.372478 0.297223 0.36239 -0.373866 0.269166 0.368007
-0.372439 0.298203 0.362197 -0.373827 0.270147 0.367814
-0.372401 0.299184 0.362003 -0.373788 0.271129 0.36762
-0.372362 0.300164 0.36181 -0.373749 0.272109 0.367427
-0.372323 0.301144 0.361616 -0.37371 0.27309 0.367234
-0.372285 0.302125 0.361423 -0.373672 0.274071 0.367041
-0.372246 0.303105 0.361229 -0.373633 0.275052 0.366848
-0.372207 0.304085 0.361036 -0.373613 0.275542 0.366751
-0.372168 0.305066 0.360842 -0.373555 0.277013 0.366462
-0.37213 0.306046 0.360649 -0.373516 0.277994 0.366269
-0.372091 0.307026 0.360455 -0.373477 0.278975 0.366076
-0.372052 0.308007 0.360262 -0.373438 0.279955 0.365883
-0.372014 0.308987 0.360068 -0.373399 0.280936 0.36569
-0.371975 0.309968 0.359875 -0.373361 0.281916 0.365497
-0.371936 0.310948 0.359681 -0.373322 0.282897 0.365303
-0.371898 0.311928 0.359488 -0.373283 0.283877 0.36511
-0.371859 0.312909 0.359294 -0.373244 0.284858 0.364917
-0.37182 0.313889 0.359101 -0.373205 0.285838 0.364724
-0.371781 0.314869 0.358907 -0.373166 0.286818 0.364531
-0.371743 0.31585 0.358714 -0.373127 0.287799 0.364338
-0.371704 0.31683 0.35852 -0.373088 0.288779 0.364145
-0.371665 0.31781 0.358327 -0.37305 0.289759 0.363952
-0.371627 0.318791 0.358133 -0.37303 0.29025 0.363856
-0.371588 0.319771 0.35794 -0.372972 0.29172 0.363566
-0.371549 0.320751 0.357746 -0.372933 0.2927 0.363373
-0.371511 0.321732 0.357553 -0.372894 0.293681 0.36318
-0.371472 0.322712 0.357359 -0.372855 0.294661 0.362987
-0.371433 0.323692 0.357166 -0.372816 0.295641 0.362794
-0.371395 0.324673 0.356973 -0.372777 0.296621 0.362601
-0.371356 0.325653 0.356779 -0.372739 0.2976 0.362408
-0.371317 0.326633 0.356586 -0.3727 0.29858 0.362215
-0.371278 0.327614 0.356392 -0.372661 0.299559 0.362022
-0.37124 0.328594 0.356199 -0.372622 0.300539 0.361829
-0.371201 0.329574 0.356005 -0.372583 0.301519 0.361637
-0.371162 0.330555 0.355812 -0.372544 0.302498 0.361444
-0.371124 0.331535 0.355618 -0.372505 0.303477 0.361251
-0.371085 0.332515 0.355425 -0.372467 0.304457 0.361058
-0.371046 0.333496 0.355231 -0.372428 0.305436 0.360865
-0.371008 0.334476 0.355038 -0.372389 0.306416 0.360672
-0.370969 0.335456 0.354844 -0.37235 0.307395 0.360479
-0.37093 0.336437 0.354651 -0.372311 0.308375 0.360286
-0.370891 0.337417 0.354457 -0.372272 0.309355 0.360093
-0.370853 0.338397 0.354264 -0.372233 0.310335 0.3599
-0.370814 0.339378 0.35407 -0.372195 0.311315 0.359707
-0.370775 0.340358 0.353877 -0.372156 0.312295 0.359514
-0.370737 0.341338 0.353683 -0.372117 0.313275 0.359321
-0.370698 0.342319 0.35349 -0.372078 0.314255 0.359128
-0.370659 0.343299 0.353296 -0.372039 0.315235 0.358935
-0.370621 0.344279 0.353103 -0.372 0.316216 0.358742
-0.370582 0.34526 0.352909 -0.371962 0.317196 0.358549
-0.370543 0.34624 0.352716 -0.371923 0.318176 0.358356
-0.370504 0.34722 0.352522 -0.371884 0.319157 0.358163
-0.370466 0.348201 0.352329 -0.371845 0.320137 0.35797
-0.370427 0.349181 0.352135 -0.371806 0.321118 0.357777
-0.370388 0.350161 0.351942 -0.371767 0.322098 0.357584
-0.37035 0.351142 0.351748 -0.371729 0.323079 0.357391
-0.370311 0.352122 0.351555 -0.37169 0.324059 0.357197
-0.370272 0.353102 0.351361 -0.371651 0.32504 0.357004
-0.370234 0.354083 0.351168 -0.371612 0.326021 0.356811
-0.370195 0.355063 0.350974 -0.371573 0.327002 0.356618
-0.370156 0.356043 0.350781 -0.371534 0.327982 0.356425
-0.370117 0.357024 0.350587 -0.371496 0.328963 0.356232
-0.370079 0.358004 0.350394 -0.371457 0.329944 0.356038
-0.37004 0.358984 0.3502 -0.371418 0.330924 0.355845
-0.370001 0.359965 0.350007 -0.371379 0.331905 0.355652
-0.369963 0.360945 0.349813 -0.37134 0.332885 0.355459
-0.370001 0.359965 0.350007 -0.371301 0.333866 0.355266
-0.369963 0.360945 0.349813 -0.371262 0.334846 0.355073
-0.370001 0.359965 0.350007 -0.371243 0.335336 0.354976
-0.369963 0.360945 0.349813 -0.371185 0.336804 0.354687
-0.370001 0.359965 0.350007 -0.371126 0.338257 0.3544
-0.369963 0.360945 0.349813 -0.371106 0.338737 0.354306
-0.370001 0.359965 0.350007 -0.371067 0.339686 0.354118
-0.369963 0.360945 0.349813 -0.371028 0.340618 0.353933
-0.370001 0.359965 0.350007 -0.370988 0.341533 0.353752
-0.369963 0.360945 0.349813 -0.370949 0.342427 0.353574
-0.370001 0.359965 0.350007 -0.37091 0.343299 0.3534
-0.369963 0.360945 0.349813 -0.37089 0.343726 0.353315
-0.370001 0.359965 0.350007 -0.370813 0.345372 0.352985
-0.369963 0.360945 0.349813 -0.370794 0.345768 0.352906
-0.370001 0.359965 0.350007 -0.370756 0.346539 0.352751
-0.369963 0.360945 0.349813 -0.370718 0.347284 0.352601
-0.370001 0.359965 0.350007 -0.370682 0.348001 0.352456
-0.369963 0.360945 0.349813 -0.370646 0.348691 0.352317
-0.370001 0.359965 0.350007 -0.370611 0.349353 0.352182
-0.369963 0.360945 0.349813 -0.370577 0.349988 0.352053
-0.370001 0.359965 0.350007 -0.370527 0.35089 0.35187
-0.369963 0.360945 0.349813 -0.370511 0.351178 0.351811
-0.370001 0.359965 0.350007 -0.37048 0.351733 0.351698
-0.369963 0.360945 0.349813 -0.37045 0.352263 0.351589
-0.370001 0.359965 0.350007 -0.370407 0.35301 0.351436
-0.369963 0.360945 0.349813 -0.37038 0.353478 0.35134
-0.370001 0.359965 0.350007 -0.370354 0.353921 0.351249
-0.369963 0.360945 0.349813 -0.370329 0.354342 0.351163
-0.370001 0.359965 0.350007 -0.370305 0.35474 0.351081
-0.369963 0.360945 0.349813 -0.370283 0.355116 0.351003
-0.370001 0.359965 0.350007 -0.370272 0.355296 0.350966
-0.369963 0.360945 0.349813 -0.370251 0.355642 0.350895
-0.370001 0.359965 0.350007 -0.370231 0.355968 0.350828
-0.369963 0.360945 0.349813 -0.370212 0.356275 0.350765
-0.370001 0.359965 0.350007 -0.370186 0.356701 0.350676
-0.369963 0.360945 0.349813 -0.37017 0.356964 0.350622
-0.370001 0.359965 0.350007 -0.370155 0.357211 0.350571
-0.369963 0.360945 0.349813 -0.370148 0.357328 0.350547
-0.370001 0.359965 0.350007 -0.370134 0.357551 0.350501
-0.369963 0.360945 0.349813 -0.370121 0.35776 0.350458
-0.370001 0.359965 0.350007 -0.370109 0.357955 0.350417
-0.369963 0.360945 0.349813 -0.370098 0.358137 0.35038
-0.370001 0.359965 0.350007 -0.370087 0.358306 0.350345
-0.369963 0.360945 0.349813 -0.370078 0.358464 0.350312
-0.370001 0.359965 0.350007 -0.370069 0.35861 0.350282
-0.369963 0.360945 0.349813 -0.37006 0.358745 0.350254
-0.370001 0.359965 0.350007 -0.370053 0.358871 0.350228
-0.369963 0.360945 0.349813 -0.370045 0.358987 0.350204
-0.370001 0.359965 0.350007 -0.370039 0.359094 0.350182
