-0.399992 -0.399798 0.49996 -0.400028 -0.400778 0.500152
-0.399953 -0.398818 0.499767 -0.400028 -0.400778 0.500152
-0.399915 -0.397837 0.499573 -0.400028 -0.400778 0.500152
-0.399876 -0.396857 0.49938 -0.400028 -0.400777 0.500152
-0.399837 -0.395877 0.499186 -0.400028 -0.400773 0.500151
-0.399799 -0.394896 0.498993 -0.400028 -0.400756 0.500148
-0.39976 -0.393916 0.498799 -0.400027 -0.400745 0.500146
-0.399721 -0.392936 0.498606 -0.400026 -0.400713 0.50014
-0.399682 -0.391955 0.498412 -0.400024 -0.400666 0.50013
-0.399644 -0.390975 0.498219 -0.400022 -0.4006 0.500117
-0.399605 -0.389995 0.498025 -0.400017 -0.400463 0.500091
-0.399566 -0.389014 0.497832 -0.400013 -0.400345 0.500068
-0.399528 -0.388034 0.497638 -0.400008 -0.400205 0.500041
-0.399489 -0.387054 0.497445 -0.400002 -0.400041 0.500009
-0.39945 -0.386073 0.497251 -0.399996 -0.39985 0.499972
-0.399412 -0.385093 0.497058 -0.399989 -0.399631 0.49993
-0.399373 -0.384113 0.496864 -0.39998 -0.399384 0.499883
-0.399334 -0.383132 0.496671 -0.399972 -0.39911 0.49983
-0.399295 -0.382152 0.496477 -0.399962 -0.398807 0.499773
-0.399257 -0.381172 0.496284 -0.399951 -0.398479 0.49971
-0.399218 -0.380191 0.49609 -0.39994 -0.398126 0.499642
-0.399179 -0.379211 0.495897 -0.399928 -0.397748 0.49957
-0.399141 -0.378231 0.495703 -0.399915 -0.397343 0.499492
-0.399102 -0.37725 0.49551 -0.399901 -0.396913 0.49941
-0.399063 -0.37627 0.495316 -0.399894 -0.396689 0.499368
-0.399025 -0.37529 0.495123 -0.399872 -0.395983 0.499233
-0.398986 -0.374309 0.494929 -0.399864 -0.395737 0.499186
-0.398947 -0.373329 0.494736 -0.399839 -0.394962 0.499037
-0.398908 -0.372349 0.494542 -0.399822 -0.394416 0.498933
-0.39887 -0.371368 0.494349 -0.399804 -0.393849 0.498825
-0.398831 -0.370388 0.494156 -0.399785 -0.393261 0.498712
-0.398792 -0.369408 0.493962 -0.399765 -0.392653 0.498596
-0.398754 -0.368427 0.493769 -0.399755 -0.392342 0.498536
-0.398715 -0.367447 0.493575 -0.399703 -0.390715 0.498225
-0.398676 -0.366467 0.493382 -0.399681 -0.390033 0.498094
-0.398638 -0.365486 0.493188 -0.399658 -0.389334 0.49796
-0.398599 -0.364506 0.492995 -0.399635 -0.388621 0.497823
-0.39856 -0.363525 0.492801 -0.399611 -0.387897 0.497684
-0.398522 -0.362545 0.492608 -0.399586 -0.387161 0.497542
-0.398483 -0.361565 0.492414 -0.399561 -0.386414 0.497398
-0.398444 -0.360584 0.492221 -0.399536 -0.385656 0.497252
-0.398405 -0.359604 0.492027 -0.39951 -0.384888 0.497103
-0.398367 -0.358624 0.491834 -0.399483 -0.384109 0.496953
-0.398328 -0.357643 0.49164 -0.399456 -0.38332 0.4968
-0.398289 -0.356663 0.491447 -0.399428 -0.382521 0.496645
-0.398251 -0.355683 0.491253 -0.3994 -0.381713 0.496489
-0.398212 -0.354702 0.49106 -0.399371 -0.380896 0.49633
-0.398173 -0.353722 0.490866 -0.399342 -0.38007 0.49617
-0.398135 -0.352742 0.490673 -0.399313 -0.379234 0.496007
-0.398096 -0.351761 0.490479 -0.399283 -0.37839 0.495843
-0.398057 -0.350781 0.490286 -0.399252 -0.377537 0.495677
-0.398018 -0.349801 0.490092 -0.399222 -0.376677 0.49551
-0.39798 -0.34882 0.489899 -0.39919 -0.375809 0.495341
-0.397941 -0.34784 0.489705 -0.399159 -0.374934 0.49517
-0.397902 -0.34686 0.489512 -0.399127 -0.374053 0.494999
-0.397864 -0.345879 0.489318 -0.399095 -0.373166 0.494825
-0.397825 -0.344899 0.489125 -0.399062 -0.372273 0.494651
-0.397786 -0.343919 0.488931 -0.399029 -0.371375 0.494475
-0.397748 -0.342938 0.488738 -0.398996 -0.370471 0.494298
-0.397709 -0.341958 0.488544 -0.398963 -0.369562 0.494121
-0.39767 -0.340978 0.488351 -0.398929 -0.368648 0.493942
-0.397631 -0.339997 0.488157 -0.398895 -0.36773 0.493762
-0.397593 -0.339017 0.487964 -0.39886 -0.366807 0.493581
-0.397554 -0.338037 0.48777 -0.398826 -0.365881 0.493399
-0.397515 -0.337056 0.487577 -0.398791 -0.364951 0.493217
-0.397477 -0.336076 0.487383 -0.398756 -0.364017 0.493033
-0.397438 -0.335096 0.48719 -0.39872 -0.363079 0.492849
-0.397399 -0.334115 0.486996 -0.398685 -0.362138 0.492664
-0.397361 -0.333135 0.486803 -0.398649 -0.361195 0.492479
-0.397322 -0.332155 0.486609 -0.398613 -0.360249 0.492293
-0.397283 -0.331174 0.486416 -0.398577 -0.359299 0.492106
-0.397244 -0.330194 0.486222 -0.39854 -0.358347 0.491919
-0.397206 -0.329214 0.486029 -0.398504 -0.357392 0.491731
-0.397167 -0.328233 0.485836 -0.398467 -0.356434 0.491542
-0.397128 -0.327253 0.485642 -0.39843 -0.355475 0.491353
-0.39709 -0.326273 0.485449 -0.398393 -0.354513 0.491163
-0.397051 -0.325292 0.485255 -0.398356 -0.35355 0.490974
-0.397012 -0.324312 0.485062 -0.398338 -0.353068 0.490879
-0.396974 -0.323332 0.484868 -0.398282 -0.351618 0.490593
-0.396935 -0.322351 0.484675 -0.398244 -0.350648 0.490401
-0.396896 -0.321371 0.484481 -0.398207 -0.349675 0.490209
-0.396858 -0.320391 0.484288 -0.398169 -0.348701 0.490017
-0.396819 -0.31941 0.484094 -0.398131 -0.347725 0.489825
-0.39678 -0.31843 0.483901 -0.398093 -0.346749 0.489632
-0.396741 -0.31745 0.483707 -0.398055 -0.345773 0.489439
-0.396703 -0.316469 0.483514 -0.398017 -0.344797 0.489247
-0.396664 -0.315489 0.48332 -0.397979 -0.343821 0.489054
-0.396625 -0.314509 0.483127 -0.397941 -0.342844 0.488861
-0.396587 -0.313528 0.482933 -0.397902 -0.341867 0.488667
-0.396548 -0.312548 0.48274 -0.397864 -0.340889 0.488474
-0.396509 -0.311568 0.482546 -0.397826 -0.339911 0.488281
-0.396471 -0.310587 0.482353 -0.397787 -0.338933 0.488087
-0.396432 -0.309607 0.482159 -0.397749 -0.337954 0.487894
-0.396393 -0.308627 0.481966 -0.39771 -0.336976 0.4877
-0.396354 -0.307646 0.481772 -0.397671 -0.335997 0.487507
-0.396316 -0.306666 0.481579 -0.397633 -0.335019 0.487313
-0.396277 -0.305685 0.481385 -0.397594 -0.33404 0.487119
-0.396238 -0.304705 0.481192 -0.397556 -0.333061 0.486926
-0.3962 -0.303725 0.480998 -0.397517 -0.332082 0.486732
-0.396161 -0.302744 0.480805 -0.397478 -0.331103 0.486538
-0.396122 -0.301764 0.480611 -0.39744 -0.330124 0.486345
-0.396084 -0.300784 0.480418 -0.397401 -0.329145 0.486151
-0.396045 -0.299803 0.480224 -0.397362 -0.328166 0.485957
-0.396006 -0.298823 0.480031 -0.397324 -0.327187 0.485763
-0.395967 -0.297843 0.479837 -0.397285 -0.326207 0.485569
-0.395929 -0.296862 0.479644 -0.397246 -0.325227 0.485375
-0.39589 -0.295882 0.47945 -0.397208 -0.324247 0.485181
-0.395851 -0.294902 0.479257 -0.397169 -0.323267 0.484987
-0.395813 -0.293921 0.479063 -0.39713 -0.322287 0.484793
-0.395774 -0.292941 0.47887 -0.397092 -0.321307 0.484599
-0.395735 -0.291961 0.478676 -0.397053 -0.320326 0.484405
-0.395697 -0.29098 0.478483 -0.397014 -0.319346 0.484211
-0.395658 -0.29 0.478289 -0.396976 -0.318366 0.484017
-0.395619 -0.28902 0.478096 -0.396937 -0.317385 0.483823
-0.395581 -0.288039 0.477903 -0.396898 -0.316405 0.483629
-0.395542 -0.287059 0.477709 -0.39686 -0.315424 0.483435
-0.395503 -0.286079 0.477516 -0.396821 -0.314444 0.483241
-0.395464 -0.285098 0.477322 -0.396783 -0.313463 0.483047
-0.395426 -0.284118 0.477129 -0.396744 -0.312482 0.482853
-0.395387 -0.283138 0.476935 -0.396705 -0.311501 0.482659
-0.395348 -0.282157 0.476742 -0.396667 -0.310519 0.482465
-0.39531 -0.281177 0.476548 -0.396628 -0.309538 0.482271
-0.395271 -0.280197 0.476355 -0.39659 -0.308557 0.482077
-0.395232 -0.279216 0.476161 -0.396551 -0.307576 0.481883
-0.395194 -0.278236 0.475968 -0.396512 -0.306596 0.481689
-0.395155 -0.277256 0.475774 -0.396474 -0.305615 0.481495
-0.395116 -0.276275 0.475581 -0.396435 -0.304634 0.481301
-0.395077 -0.275295 0.475387 -0.396397 -0.303653 0.481107
-0.395039 -0.274315 0.475194 -0.396358 -0.302673 0.480913
-0.395 -0.273334 0.475 -0.39632 -0.301693 0.480719
-0.394961 -0.272354 0.474807 -0.396281 -0.300712 0.480525
-0.394923 -0.271374 0.474613 -0.396243 -0.299732 0.480331
-0.394884 -0.270393 0.47442 -0.396204 -0.298751 0.480137
-0.394845 -0.269413 0.474226 -0.396165 -0.29777 0.479943
-0.394807 -0.268433 0.474033 -0.396127 -0.296789 0.479749
-0.394768 -0.267452 0.473839 -0.396088 -0.295808 0.479555
-0.394729 -0.266472 0.473646 -0.39605 -0.294827 0.479361
-0.39469 -0.265492 0.473452 -0.396011 -0.293846 0.479167
-0.394652 -0.264511 0.473259 -0.395973 -0.292865 0.478973
-0.394613 -0.263531 0.473065 -0.395935 -0.291884 0.478779
-0.394574 -0.262551 0.472872 -0.395896 -0.290903 0.478585
-0.394536 -0.26157 0.472678 -0.395858 -0.289922 0.478391
-0.394497 -0.26059 0.472485 -0.395819 -0.28894 0.478196
-0.394458 -0.25961 0.472291 -0.395781 -0.287958 0.478002
-0.39442 -0.258629 0.472098 -0.395742 -0.286977 0.477808
-0.394381 -0.257649 0.471904 -0.395704 -0.285996 0.477614
-0.394342 -0.256669 0.471711 -0.395665 -0.285014 0.47742
-0.394303 -0.255688 0.471517 -0.395627 -0.284033 0.477226
-0.394265 -0.254708 0.471324 -0.395588 -0.283052 0.477032
-0.394226 -0.253728 0.47113 -0.39555 -0.282072 0.476838
-0.394187 -0.252747 0.470937 -0.395511 -0.281091 0.476644
-0.394149 -0.251767 0.470743 -0.395473 -0.280111 0.476451
-0.39411 -0.250786 0.47055 -0.395434 -0.27913 0.476257
-0.394071 -0.249806 0.470356 -0.395396 -0.27815 0.476063
-0.394033 -0.248826 0.470163 -0.395358 -0.27717 0.475869
-0.393994 -0.247845 0.46997 -0.395319 -0.27619 0.475675
-0.393955 -0.246865 0.469776 -0.3953 -0.2757 0.475578
-0.393917 -0.245885 0.469583 -0.395262 -0.27472 0.475384
-0.393878 -0.244904 0.469389 -0.395223 -0.27374 0.475191
-0.393839 -0.243924 0.469196 -0.395165 -0.272269 0.4749
-0.3938 -0.242944 0.469002 -0.395127 -0.271289 0.474706
-0.393762 -0.241963 0.468809 -0.395108 -0.270799 0.474609
-0.393723 -0.240983 0.468615 -0.395089 -0.270309 0.474512
-0.393684 -0.240003 0.468422 -0.395012 -0.26835 0.474125
-0.393646 -0.239022 0.468228 -0.394954 -0.266885 0.473835
-0.393607 -0.238042 0.468035 -0.394916 -0.265916 0.473643
-0.393568 -0.237062 0.467841 -0.394897 -0.265436 0.473548
-0.39353 -0.236081 0.467648 -0.394839 -0.264007 0.473265
-0.393491 -0.235101 0.467454 -0.394801 -0.263056 0.473076
-0.393452 -0.234121 0.467261 -0.394743 -0.261622 0.472792
-0.393413 -0.23314 0.467067 -0.394705 -0.260663 0.472602
-0.393375 -0.23216 0.466874 -0.394667 -0.259701 0.472412
-0.393336 -0.23118 0.46668 -0.394629 -0.258737 0.472221
-0.393297 -0.230199 0.466487 -0.39461 -0.258254 0.472125
-0.393259 -0.229219 0.466293 -0.394573 -0.257286 0.471934
-0.39322 -0.228239 0.4661 -0.394535 -0.256317 0.471742
-0.393181 -0.227258 0.465906 -0.394497 -0.255345 0.47155
-0.393143 -0.226278 0.465713 -0.39444 -0.253885 0.471262
-0.393104 -0.225298 0.465519 -0.394402 -0.252911 0.471069
-0.393065 -0.224317 0.465326 -0.394364 -0.251935 0.470876
-0.393026 -0.223337 0.465132 -0.394326 -0.250958 0.470683
-0.392988 -0.222357 0.464939 -0.394289 -0.24998 0.47049
-0.392949 -0.221376 0.464745 -0.39427 -0.249491 0.470394
-0.39291 -0.220396 0.464552 -0.394213 -0.248022 0.470103
-0.392872 -0.219416 0.464358 -0.394175 -0.247041 0.46991
-0.392833 -0.218435 0.464165 -0.394156 -0.246551 0.469813
-0.392794 -0.217455 0.463971 -0.394118 -0.24557 0.469619
-0.392756 -0.216475 0.463778 -0.394061 -0.244098 0.469328
-0.392717 -0.215494 0.463584 -0.394042 -0.243607 0.469231
-0.392678 -0.214514 0.463391 -0.393984 -0.242134 0.46894
-0.392639 -0.213534 0.463197 -0.393946 -0.241151 0.468746
-0.392601 -0.212553 0.463004 -0.393908 -0.240169 0.468552
-0.392562 -0.211573 0.46281 -0.39387 -0.239186 0.468357
-0.392523 -0.210593 0.462617 -0.393851 -0.238695 0.46826
-0.392485 -0.209612 0.462423 -0.393813 -0.237716 0.468067
-0.392446 -0.208632 0.46223 -0.393774 -0.236739 0.467874
-0.392407 -0.207652 0.462036 -0.393736 -0.235762 0.467681
-0.392369 -0.206671 0.461843 -0.393698 -0.234784 0.467487
-0.39233 -0.205691 0.46165 -0.39366 -0.233805 0.467294
-0.392291 -0.204711 0.461456 -0.393602 -0.232335 0.467003
-0.392253 -0.20373 0.461263 -0.393564 -0.231353 0.466809
-0.392214 -0.20275 0.461069 -0.393526 -0.230371 0.466615
-0.392175 -0.20177 0.460876 -0.393507 -0.229879 0.466517
-0.392136 -0.200789 0.460682 -0.393468 -0.228897 0.466323
-0.392098 -0.199809 0.460489 -0.39343 -0.227913 0.466129
-0.392059 -0.198829 0.460295 -0.393392 -0.22693 0.465934
-0.39202 -0.197848 0.460102 -0.393334 -0.225454 0.465643
-0.391982 -0.196868 0.459908 -0.393296 -0.224469 0.465448
-0.391943 -0.195887 0.459715 -0.393258 -0.223484 0.465253
-0.391904 -0.194907 0.459521 -0.393219 -0.222499 0.465058
-0.391866 -0.193927 0.459328 -0.3932 -0.222006 0.464961
-0.391827 -0.192946 0.459134 -0.393162 -0.221021 0.464766
-0.391788 -0.191966 0.458941 -0.393123 -0.220036 0.464571
-0.391749 -0.190986 0.458747 -0.393085 -0.219051 0.464377
-0.391711 -0.190005 0.458554 -0.393047 -0.218065 0.464182
-0.391672 -0.189025 0.45836 -0.393008 -0.21708 0.463987
-0.391633 -0.188045 0.458167 -0.39297 -0.216094 0.463792
-0.391595 -0.187064 0.457973 -0.392931 -0.215109 0.463597
-0.391556 -0.186084 0.45778 -0.392893 -0.214123 0.463402
-0.391517 -0.185104 0.457586 -0.392854 -0.213138 0.463207
-0.391479 -0.184123 0.457393 -0.392835 -0.212645 0.46311
-0.39144 -0.183143 0.457199 -0.392777 -0.211167 0.462818
-0.391401 -0.182163 0.457006 -0.392739 -0.210182 0.462623
-0.391362 -0.181182 0.456812 -0.3927 -0.209196 0.462428
-0.391324 -0.180202 0.456619 -0.392662 -0.20821 0.462233
-0.391285 -0.179222 0.456425 -0.392623 -0.207224 0.462038
-0.391246 -0.178241 0.456232 -0.392585 -0.206238 0.461843
-0.391208 -0.177261 0.456038 -0.392546 -0.205252 0.461648
-0.391169 -0.176281 0.455845 -0.392508 -0.204267 0.461453
-0.39113 -0.1753 0.455651 -0.392469 -0.203281 0.461258
-0.391092 -0.17432 0.455458 -0.392431 -0.202295 0.461063
-0.391053 -0.17334 0.455264 -0.392392 -0.201309 0.460868
-0.391014 -0.172359 0.455071 -0.392353 -0.200324 0.460673
-0.390975 -0.171379 0.454877 -0.392315 -0.199339 0.460478
-0.390937 -0.170399 0.454684 -0.392276 -0.198353 0.460283
-0.390898 -0.169418 0.45449 -0.392238 -0.197368 0.460089
-0.390859 -0.168438 0.454297 -0.392199 -0.196383 0.459894
-0.390821 -0.167458 0.454103 -0.392161 -0.195399 0.459699
-0.390782 -0.166477 0.45391 -0.392122 -0.194414 0.459504
-0.390743 -0.165497 0.453717 -0.392084 -0.193429 0.459309
-0.390705 -0.164517 0.453523 -0.392045 -0.192445 0.459115
-0.390666 -0.163536 0.45333 -0.392006 -0.191461 0.45892
-0.390627 -0.162556 0.453136 -0.391968 -0.190477 0.458725
-0.390589 -0.161576 0.452943 -0.391929 -0.189493 0.458531
-0.39055 -0.160595 0.452749 -0.391891 -0.188509 0.458336
-0.390511 -0.159615 0.452556 -0.391852 -0.187526 0.458141
-0.390472 -0.158635 0.452362 -0.391814 -0.186542 0.457947
-0.390434 -0.157654 0.452169 -0.391775 -0.185559 0.457752
-0.390395 -0.156674 0.451975 -0.391737 -0.184576 0.457558
-0.390356 -0.155694 0.451782 -0.391698 -0.183593 0.457363
-0.390318 -0.154713 0.451588 -0.39166 -0.18261 0.457169
-0.390279 -0.153733 0.451395 -0.391621 -0.181627 0.456974
-0.39024 -0.152753 0.451201 -0.391582 -0.180644 0.45678
-0.390202 -0.151772 0.451008 -0.391544 -0.179662 0.456586
-0.390163 -0.150792 0.450814 -0.391505 -0.178679 0.456391
-0.390124 -0.149812 0.450621 -0.391467 -0.177697 0.456197
-0.390085 -0.148831 0.450427 -0.391428 -0.176715 0.456003
-0.390047 -0.147851 0.450234 -0.39139 -0.175733 0.455808
-0.390008 -0.146871 0.45004 -0.391351 -0.174751 0.455614
-0.389969 -0.14589 0.449847 -0.391313 -0.173769 0.45542
-0.389931 -0.14491 0.449653 -0.391274 -0.172787 0.455226
-0.389892 -0.14393 0.44946 -0.391236 -0.171806 0.455031
-0.389853 -0.142949 0.449266 -0.391198 -0.170824 0.454837
-0.389815 -0.141969 0.449073 -0.391159 -0.169843 0.454643
-0.389776 -0.140989 0.448879 -0.391121 -0.168863 0.454449
-0.389737 -0.140008 0.448686 -0.391082 -0.167884 0.454255
-0.389698 -0.139028 0.448492 -0.391044 -0.166905 0.454062
-0.38966 -0.138047 0.448299 -0.391005 -0.165926 0.453868
-0.389621 -0.137067 0.448105 -0.390967 -0.164946 0.453674
-0.389582 -0.136087 0.447912 -0.390928 -0.163967 0.453481
-0.389544 -0.135106 0.447718 -0.39089 -0.162989 0.453287
-0.389505 -0.134126 0.447525 -0.390852 -0.162012 0.453094
-0.389466 -0.133146 0.447331 -0.390813 -0.161035 0.4529
-0.389428 -0.132165 0.447138 -0.390775 -0.160058 0.452707
-0.389389 -0.131185 0.446944 -0.390736 -0.15908 0.452514
-0.38935 -0.130205 0.446751 -0.390698 -0.158102 0.45232
-0.389311 -0.129224 0.446557 -0.39066 -0.157124 0.452127
-0.389273 -0.128244 0.446364 -0.390621 -0.156145 0.451933
-0.389234 -0.127264 0.44617 -0.390583 -0.155166 0.451739
-0.389195 -0.126283 0.445977 -0.390545 -0.154186 0.451546
-0.389157 -0.125303 0.445784 -0.390506 -0.153207 0.451352
-0.389118 -0.124323 0.44559 -0.390468 -0.152227 0.451158
-0.389079 -0.123342 0.445397 -0.39043 -0.151246 0.450964
-0.389041 -0.122362 0.445203 -0.390392 -0.150266 0.45077
-0.389002 -0.121382 0.44501 -0.390353 -0.149285 0.450576
-0.388963 -0.120401 0.444816 -0.390315 -0.148305 0.450382
-0.388925 -0.119421 0.444623 -0.390277 -0.147324 0.450188
-0.388886 -0.118441 0.444429 -0.390238 -0.146343 0.449994
-0.388847 -0.11746 0.444236 -0.3902 -0.145362 0.4498
-0.388808 -0.11648 0.444042 -0.390162 -0.14438 0.449606
-0.38877 -0.1155 0.443849 -0.390123 -0.143399 0.449412
-0.388731 -0.114519 0.443655 -0.390085 -0.142418 0.449218
-0.388692 -0.113539 0.443462 -0.390047 -0.141436 0.449023
-0.388654 -0.112559 0.443268 -0.390008 -0.140455 0.448829
-0.388615 -0.111578 0.443075 -0.38997 -0.139474 0.448635
-0.388576 -0.110598 0.442881 -0.389932 -0.138492 0.448441
-0.388538 -0.109618 0.442688 -0.389893 -0.137511 0.448247
-0.388499 -0.108637 0.442494 -0.389874 -0.13702 0.44815
-0.38846 -0.107657 0.442301 -0.389817 -0.135548 0.447858
-0.388421 -0.106677 0.442107 -0.389778 -0.134566 0.447664
-0.388383 -0.105696 0.441914 -0.38974 -0.133585 0.44747
-0.388344 -0.104716 0.44172 -0.389702 -0.132603 0.447276
-0.388305 -0.103736 0.441527 -0.389663 -0.131622 0.447082
-0.388267 -0.102755 0.441333 -0.389625 -0.130641 0.446888
-0.388228 -0.101775 0.44114 -0.389586 -0.129659 0.446694
-0.388189 -0.100795 0.440946 -0.389548 -0.128678 0.446499
-0.388151 -0.0998143 0.440753 -0.38951 -0.127697 0.446305
-0.388112 -0.0988339 0.440559 -0.389471 -0.126716 0.446111
-0.388073 -0.0978536 0.440366 -0.389433 -0.125734 0.445917
-0.388034 -0.0968732 0.440172 -0.389394 -0.124753 0.445723
-0.387996 -0.0958929 0.439979 -0.389356 -0.123772 0.445529
-0.387957 -0.0949126 0.439785 -0.389318 -0.122791 0.445335
-0.387918 -0.0939322 0.439592 -0.389279 -0.12181 0.445141
-0.38788 -0.0929519 0.439398 -0.389241 -0.120829 0.444947
-0.387841 -0.0919715 0.439205 -0.389202 -0.119848 0.444753
-0.387802 -0.0909912 0.439011 -0.389164 -0.118867 0.444559
-0.387764 -0.0900109 0.438818 -0.389125 -0.117886 0.444365
-0.387725 -0.0890305 0.438624 -0.389087 -0.116905 0.444171
-0.387686 -0.0880502 0.438431 -0.389049 -0.115925 0.443976
-0.387647 -0.0870698 0.438237 -0.38901 -0.114944 0.443782
-0.387609 -0.0860895 0.438044 -0.388972 -0.113963 0.443588
-0.38757 -0.0851092 0.43785 -0.388953 -0.113473 0.443491
-0.387531 -0.0841288 0.437657 -0.388895 -0.112002 0.4432
-0.387493 -0.0831485 0.437464 -0.388857 -0.111021 0.443006
-0.387454 -0.0821682 0.43727 -0.388818 -0.110041 0.442813
-0.387415 -0.0811878 0.437077 -0.38878 -0.109061 0.442619
-0.387377 -0.0802075 0.436883 -0.388741 -0.108081 0.442425
-0.387338 -0.0792271 0.43669 -0.388703 -0.1071 0.442231
-0.387299 -0.0782468 0.436496 -0.388664 -0.10612 0.442037
-0.387261 -0.0772665 0.436303 -0.388626 -0.10514 0.441843
-0.387222 -0.0762861 0.436109 -0.388588 -0.104159 0.441649
-0.387183 -0.0753058 0.435916 -0.388549 -0.103178 0.441455
-0.387144 -0.0743254 0.435722 -0.388511 -0.102197 0.441261
-0.387106 -0.0733451 0.435529 -0.388472 -0.101215 0.441067
-0.387067 -0.0723648 0.435335 -0.388434 -0.100234 0.440872
-0.387028 -0.0713844 0.435142 -0.388396 -0.0992521 0.440678
-0.38699 -0.0704041 0.434948 -0.388357 -0.0982707 0.440484
-0.386951 -0.0694237 0.434755 -0.388319 -0.0972893 0.44029
-0.386912 -0.0684434 0.434561 -0.38828 -0.0963075 0.440096
-0.386874 -0.0674631 0.434368 -0.388242 -0.0953253 0.439902
-0.386835 -0.0664827 0.434174 -0.388203 -0.0943433 0.439707
-0.386796 -0.0655024 0.433981 -0.388165 -0.0933614 0.439513
-0.386757 -0.064522 0.433787 -0.388127 -0.0923795 0.439319
-0.386719 -0.0635417 0.433594 -0.388088 -0.0913974 0.439125
-0.38668 -0.0625614 0.4334 -0.38805 -0.0904155 0.43893
-0.386641 -0.061581 0.433207 -0.388011 -0.0894338 0.438736
-0.386603 -0.0606007 0.433013 -0.387973 -0.0884523 0.438542
-0.386564 -0.0596204 0.43282 -0.387934 -0.087471 0.438348
-0.386525 -0.05864 0.432626 -0.387896 -0.0864899 0.438154
-0.386487 -0.0576597 0.432433 -0.387857 -0.085509 0.43796
-0.386448 -0.0566793 0.432239 -0.387819 -0.0845284 0.437766
-0.386409 -0.055699 0.432046 -0.38778 -0.083548 0.437572
-0.38637 -0.0547187 0.431852 -0.387742 -0.0825677 0.437378
-0.386332 -0.0537383 0.431659 -0.387703 -0.0815876 0.437184
-0.386293 -0.052758 0.431465 -0.387665 -0.0806076 0.43699
-0.386254 -0.0517776 0.431272 -0.387626 -0.0796277 0.436797
-0.386216 -0.0507973 0.431078 -0.387588 -0.078648 0.436603
-0.386177 -0.049817 0.430885 -0.387549 -0.0776683 0.436409
-0.386138 -0.0488366 0.430691 -0.387511 -0.0766887 0.436215
-0.3861 -0.0478563 0.430498 -0.387472 -0.0757092 0.436022
-0.386061 -0.0468759 0.430304 -0.387434 -0.0747297 0.435828
-0.386022 -0.0458956 0.430111 -0.387395 -0.0737503 0.435634
-0.385983 -0.0449153 0.429917 -0.387357 -0.0727709 0.43544
-0.385945 -0.0439349 0.429724 -0.387318 -0.0717916 0.435247
-0.385906 -0.0429546 0.429531 -0.38728 -0.0708123 0.435053
-0.385867 -0.0419742 0.429337 -0.387241 -0.069833 0.434859
-0.385829 -0.0409939 0.429144 -0.387203 -0.0688537 0.434666
-0.38579 -0.0400136 0.42895 -0.387165 -0.0678744 0.434472
-0.385751 -0.0390332 0.428757 -0.387126 -0.0668952 0.434278
-0.385713 -0.0380529 0.428563 -0.387088 -0.065916 0.434085
-0.385674 -0.0370726 0.42837 -0.387049 -0.0649367 0.433891
-0.385635 -0.0360922 0.428176 -0.387011 -0.0639575 0.433697
-0.385597 -0.0351119 0.427983 -0.386972 -0.0629783 0.433504
-0.385558 -0.0341315 0.427789 -0.386934 -0.0619991 0.43331
-0.385519 -0.0331512 0.427596 -0.386895 -0.0610198 0.433116
-0.38548 -0.0321709 0.427402 -0.386857 -0.0600406 0.432923
-0.385442 -0.0311905 0.427209 -0.386818 -0.0590613 0.432729
-0.385403 -0.0302102 0.427015 -0.38678 -0.0580821 0.432535
-0.385364 -0.0292298 0.426822 -0.386742 -0.0571028 0.432342
-0.385326 -0.0282495 0.426628 -0.386703 -0.0561235 0.432148
-0.385287 -0.0272692 0.426435 -0.386665 -0.0551442 0.431955
-0.385248 -0.0262888 0.426241 -0.386626 -0.0541649 0.431761
-0.38521 -0.0253085 0.426048 -0.386588 -0.0531855 0.431567
-0.385171 -0.0243281 0.425854 -0.386549 -0.0522062 0.431374
-0.385132 -0.0233478 0.425661 -0.386511 -0.0512268 0.43118
-0.385093 -0.0223675 0.425467 -0.386472 -0.0502474 0.430986
-0.385055 -0.0213871 0.425274 -0.386434 -0.049268 0.430793
-0.385016 -0.0204068 0.42508 -0.386396 -0.0482886 0.430599
-0.384977 -0.0194264 0.424887 -0.386357 -0.0473092 0.430405
-0.384939 -0.0184461 0.424693 -0.386319 -0.0463297 0.430212
-0.3849 -0.0174658 0.4245 -0.38628 -0.0453503 0.430018
-0.384861 -0.0164854 0.424306 -0.386261 -0.0448606 0.429921
-0.384823 -0.0155051 0.424113 -0.386203 -0.0433913 0.429631
-0.384784 -0.0145248 0.423919 -0.386165 -0.0424118 0.429437
-0.384745 -0.0135444 0.423726 -0.386126 -0.0414323 0.429243
-0.384706 -0.0125641 0.423532 -0.386088 -0.0404528 0.42905
-0.384668 -0.0115837 0.423339 -0.386049 -0.0394733 0.428856
-0.384629 -0.0106034 0.423145 -0.38603 -0.0389835 0.428759
-0.38459 -0.00962305 0.422952 -0.385953 -0.0370244 0.428372
-0.384552 -0.00864272 0.422758 -0.385915 -0.0360448 0.428178
-0.384513 -0.00766238 0.422565 -0.385876 -0.0350655 0.427985
-0.384474 -0.00668204 0.422371 -0.385838 -0.0340884 0.427791
-0.384436 -0.0057017 0.422178 -0.385799 -0.0331148 0.427599
-0.384397 -0.00472136 0.421984 -0.385761 -0.0321443 0.427407
-0.384358 -0.00374102 0.421791 -0.385722 -0.0311758 0.427216
-0.38432 -0.00276068 0.421598 -0.385703 -0.030692 0.42712
-0.384281 -0.00178034 0.421404 -0.385645 -0.0292415 0.426833
-0.384242 -0.000800002 0.421211 -0.385606 -0.0282761 0.426642
-0.384203 0.000180337 0.421017 -0.385568 -0.027313 0.426452
-0.384165 0.00116068 0.420824 -0.385529 -0.0263506 0.426262
-0.384126 0.00214102 0.42063 -0.385491 -0.0253877 0.426072
-0.384087 0.00312135 0.420437 -0.385452 -0.0244253 0.425881
-0.384049 0.00410169 0.420243 -0.385414 -0.0234646 0.425691
-0.38401 0.00508203 0.42005 -0.385375 -0.0225043 0.425502
-0.383971 0.00606237 0.419856 -0.385337 -0.0215434 0.425312
-0.383933 0.00704271 0.419663 -0.385299 -0.0205829 0.425122
-0.383894 0.00802305 0.419469 -0.385261 -0.0196235 0.424932
-0.383855 0.00900339 0.419276 -0.385222 -0.0186651 0.424743
-0.383816 0.00998373 0.419082 -0.385184 -0.0177077 0.424554
-0.383778 0.0109641 0.418889 -0.385146 -0.0167509 0.424364
-0.383739 0.0119444 0.418695 -0.385108 -0.0157947 0.424175
-0.3837 0.0129247 0.418502 -0.38507 -0.0148388 0.423987
-0.383662 0.0139051 0.418308 -0.385032 -0.0138831 0.423798
-0.383623 0.0148854 0.418115 -0.384994 -0.0129274 0.423609
-0.383584 0.0158658 0.417921 -0.384956 -0.0119717 0.42342
-0.383546 0.0168461 0.417728 -0.384918 -0.0110158 0.423231
-0.383507 0.0178264 0.417534 -0.38488 -0.0100597 0.423042
-0.383468 0.0188068 0.417341 -0.384842 -0.0091032 0.422853
-0.383429 0.0197871 0.417147 -0.384805 -0.00814619 0.422664
-0.383391 0.0207675 0.416954 -0.384767 -0.00718783 0.422475
-0.383352 0.0217478 0.41676 -0.384729 -0.00622755 0.422285
-0.383313 0.0227281 0.416567 -0.384691 -0.00526612 0.422095
-0.383275 0.0237085 0.416373 -0.384654 -0.00430436 0.421905
-0.383236 0.0246888 0.41618 -0.384616 -0.00334225 0.421715
-0.383197 0.0256692 0.415986 -0.384578 -0.00237968 0.421525
-0.383159 0.0266495 0.415793 -0.384541 -0.0014167 0.421334
-0.38312 0.0276298 0.415599 -0.384503 -0.000453348 0.421144
-0.383081 0.0286102 0.415406 -0.384465 0.000510388 0.420954
-0.383042 0.0295905 0.415212 -0.384428 0.00147455 0.420763
-0.383004 0.0305709 0.415019 -0.38439 0.00243924 0.420573
-0.382965 0.0315512 0.414825 -0.384352 0.00340455 0.420382
-0.382926 0.0325315 0.414632 -0.384315 0.00437063 0.420191
-0.382888 0.0335119 0.414438 -0.384277 0.00533761 0.42
-0.382849 0.0344922 0.414245 -0.384258 0.00582146 0.419905
-0.38281 0.0354725 0.414051 -0.384239 0.00630556 0.419809
-0.382772 0.0364529 0.413858 -0.384164 0.00824419 0.419426
-0.382733 0.0374332 0.413664 -0.384107 0.0096996 0.419138
-0.382694 0.0384136 0.413471 -0.38407 0.0106702 0.418947
-0.382656 0.0393939 0.413278 -0.384051 0.0111558 0.418851
-0.382617 0.0403742 0.413084 -0.384013 0.0121284 0.418659
-0.382578 0.0413546 0.412891 -0.383975 0.0131036 0.418466
-0.382539 0.0423349 0.412697 -0.383937 0.0140803 0.418273
-0.382501 0.0433153 0.412504 -0.383899 0.0150572 0.41808
-0.382462 0.0442956 0.41231 -0.383862 0.0160338 0.417887
-0.382423 0.0452759 0.412117 -0.383824 0.0170102 0.417695
-0.382385 0.0462563 0.411923 -0.383786 0.0179864 0.417502
-0.382346 0.0472366 0.41173 -0.383748 0.0189629 0.417309
-0.382307 0.048217 0.411536 -0.38371 0.0199393 0.417116
-0.382269 0.0491973 0.411343 -0.38369 0.0204275 0.41702
-0.38223 0.0501776 0.411149 -0.383633 0.0218919 0.416731
-0.382191 0.051158 0.410956 -0.383595 0.0228683 0.416538
-0.382152 0.0521383 0.410762 -0.383557 0.0238457 0.416345
-0.382114 0.0531187 0.410569 -0.383519 0.0248245 0.416151
-0.382075 0.054099 0.410375 -0.383481 0.025804 0.415958
-0.382036 0.0550793 0.410182 -0.383442 0.0267832 0.415765
-0.381998 0.0560597 0.409988 -0.383404 0.0277622 0.415571
-0.381959 0.05704 0.409795 -0.383366 0.028741 0.415378
-0.38192 0.0580203 0.409601 -0.383327 0.0297197 0.415185
-0.381882 0.0590007 0.409408 -0.383289 0.0306983 0.414992
-0.381843 0.059981 0.409214 -0.383251 0.0316767 0.414798
-0.381804 0.0609614 0.409021 -0.383212 0.0326548 0.414605
-0.381765 0.0619417 0.408827 -0.383174 0.0336326 0.414412
-0.381727 0.062922 0.408634 -0.383135 0.0346101 0.414219
-0.381688 0.0639024 0.40844 -0.383097 0.0355881 0.414026
-0.381649 0.0648827 0.408247 -0.383058 0.0365669 0.413833
-0.381611 0.0658631 0.408053 -0.38302 0.0375459 0.41364
-0.381572 0.0668434 0.40786 -0.382981 0.0385246 0.413447
-0.381533 0.0678237 0.407666 -0.382943 0.0395028 0.413253
-0.381495 0.0688041 0.407473 -0.382904 0.0404807 0.41306
-0.381456 0.0697844 0.407279 -0.382866 0.0414582 0.412867
-0.381417 0.0707648 0.407086 -0.382827 0.0424356 0.412675
-0.381378 0.0717451 0.406892 -0.382789 0.0434135 0.412482
-0.38134 0.0727254 0.406699 -0.38275 0.0443926 0.412288
-0.381301 0.0737058 0.406505 -0.382712 0.0453725 0.412095
-0.381262 0.0746861 0.406312 -0.382673 0.0463528 0.411901
-0.381224 0.0756665 0.406118 -0.382615 0.0478229 0.411611
-0.381185 0.0766468 0.405925 -0.382596 0.0483126 0.411515
-0.381146 0.0776271 0.405731 -0.382557 0.0492918 0.411321
-0.381108 0.0786075 0.405538 -0.382538 0.0497812 0.411225
-0.381069 0.0795878 0.405345 -0.38248 0.051249 0.410935
-0.38103 0.0805681 0.405151 -0.382442 0.0522275 0.410742
-0.380992 0.0815485 0.404958 -0.382403 0.0532068 0.410549
-0.380953 0.0825288 0.404764 -0.382364 0.0541874 0.410355
-0.380914 0.0835092 0.404571 -0.382326 0.0551687 0.410162
-0.380875 0.0844895 0.404377 -0.382287 0.0561498 0.409968
-0.380837 0.0854698 0.404184 -0.382249 0.0571305 0.409775
-0.380798 0.0864502 0.40399 -0.38221 0.0581105 0.409581
-0.380759 0.0874305 0.403797 -0.382171 0.0590902 0.409388
-0.380721 0.0884109 0.403603 -0.382133 0.0600696 0.409195
-0.380682 0.0893912 0.40341 -0.382094 0.061049 0.409001
-0.380643 0.0903715 0.403216 -0.382056 0.0620285 0.408808
-0.380605 0.0913519 0.403023 -0.382017 0.0630078 0.408615
-0.380566 0.0923322 0.402829 -0.381978 0.0639867 0.408422
-0.380527 0.0933126 0.402636 -0.38194 0.0649653 0.408229
-0.380488 0.0942929 0.402442 -0.381901 0.0659439 0.408036
-0.38045 0.0952732 0.402249 -0.381882 0.0664332 0.407939
-0.380411 0.0962536 0.402055 -0.381824 0.0679015 0.407649
-0.380372 0.0972339 0.401862 -0.381785 0.0688826 0.407456
-0.380334 0.0982143 0.401668 -0.381746 0.0698667 0.407262
-0.380295 0.0991946 0.401475 -0.381689 0.0713442 0.40697
-0.380256 0.100175 0.401281 -0.381669 0.0718361 0.406873
-0.380218 0.101155 0.401088 -0.381631 0.0728193 0.406679
-0.380179 0.102136 0.400894 -0.381611 0.0733105 0.406582
-0.38014 0.103116 0.400701 -0.381553 0.0747828 0.406292
-0.380101 0.104096 0.400507 -0.381495 0.0762534 0.406002
-0.380063 0.105077 0.400314 -0.381476 0.0767432 0.405905
-0.380024 0.106057 0.40012 -0.381437 0.0777224 0.405712
-0.379985 0.107037 0.399927 -0.381398 0.0787013 0.405519
-0.379947 0.108018 0.399733 -0.38136 0.07968 0.405326
-0.379908 0.108998 0.39954 -0.381321 0.0806585 0.405133
-0.379869 0.109978 0.399346 -0.381282 0.0816366 0.40494
-0.379831 0.110959 0.399153 -0.381243 0.0826142 0.404748
-0.379792 0.111939 0.398959 -0.381205 0.0835915 0.404555
-0.379753 0.112919 0.398766 -0.381166 0.0845685 0.404362
-0.379714 0.1139 0.398572 -0.381127 0.0855453 0.40417
-0.379676 0.11488 0.398379 -0.381069 0.08701 0.403881
-0.379637 0.11586 0.398185 -0.38105 0.0874982 0.403784
-0.379598 0.116841 0.397992 -0.381011 0.0884745 0.403592
-0.37956 0.117821 0.397798 -0.380972 0.0894507 0.403399
-0.379521 0.118801 0.397605 -0.380934 0.0904269 0.403207
-0.379482 0.119782 0.397412 -0.380895 0.091403 0.403015
-0.379444 0.120762 0.397218 -0.380856 0.0923793 0.402822
-0.379405 0.121742 0.397025 -0.380798 0.0938441 0.402533
-0.379366 0.122723 0.396831 -0.38076 0.0948207 0.402341
-0.379328 0.123703 0.396638 -0.38074 0.095309 0.402244
-0.379289 0.124683 0.396444 -0.380702 0.0962855 0.402052
-0.37925 0.125664 0.396251 -0.380663 0.0972621 0.401859
-0.379211 0.126644 0.396057 -0.380625 0.0982386 0.401667
-0.379173 0.127624 0.395864 -0.380586 0.0992153 0.401474
-0.379134 0.128605 0.39567 -0.380547 0.100192 0.401282
-0.379095 0.129585 0.395477 -0.380509 0.101169 0.401089
-0.379057 0.130565 0.395283 -0.380451 0.102634 0.4008
-0.379018 0.131546 0.39509 -0.380432 0.103123 0.400704
-0.378979 0.132526 0.394896 -0.380393 0.1041 0.400511
-0.378941 0.133506 0.394703 -0.380355 0.105078 0.400319
-0.378902 0.134487 0.394509 -0.380316 0.106056 0.400126
-0.378863 0.135467 0.394316 -0.380277 0.107034 0.399933
-0.378824 0.136447 0.394122 -0.380239 0.108012 0.39974
-0.378786 0.137428 0.393929 -0.3802 0.108989 0.399548
-0.378747 0.138408 0.393735 -0.380162 0.109967 0.399355
-0.378708 0.139388 0.393542 -0.380123 0.110945 0.399162
-0.37867 0.140369 0.393348 -0.380104 0.111434 0.399066
-0.378631 0.141349 0.393155 -0.380046 0.112902 0.398777
-0.378592 0.14233 0.392961 -0.380008 0.113882 0.398584
-0.378554 0.14331 0.392768 -0.379969 0.114863 0.39839
-0.378515 0.14429 0.392574 -0.379931 0.115844 0.398197
-0.378476 0.145271 0.392381 -0.379892 0.116825 0.398004
-0.378437 0.146251 0.392187 -0.379834 0.118299 0.397713
-0.378399 0.147231 0.391994 -0.379815 0.11879 0.397616
-0.37836 0.148212 0.3918 -0.379776 0.119774 0.397423
-0.378321 0.149192 0.391607 -0.379719 0.12125 0.397132
-0.378283 0.150172 0.391413 -0.37968 0.122234 0.396938
-0.378244 0.151153 0.39122 -0.379641 0.123218 0.396744
-0.378205 0.152133 0.391026 -0.379603 0.124202 0.39655
-0.378167 0.153113 0.390833 -0.379583 0.124694 0.396453
-0.378128 0.154094 0.390639 -0.379545 0.125677 0.396259
-0.378089 0.155074 0.390446 -0.379487 0.127149 0.395969
-0.37805 0.156054 0.390252 -0.379467 0.12764 0.395873
-0.378012 0.157035 0.390059 -0.379428 0.128621 0.395679
-0.377973 0.158015 0.389865 -0.37939 0.129601 0.395486
-0.377934 0.158995 0.389672 -0.379351 0.130581 0.395293
-0.377896 0.159976 0.389478 -0.379293 0.13205 0.395004
-0.377857 0.160956 0.389285 -0.379273 0.132539 0.394907
-0.377818 0.161936 0.389092 -0.379215 0.134007 0.394618
-0.37778 0.162917 0.388898 -0.379157 0.135475 0.394329
-0.377741 0.163897 0.388705 -0.379118 0.136453 0.394136
-0.377702 0.164877 0.388511 -0.379079 0.13743 0.393944
-0.377664 0.165858 0.388318 -0.37904 0.138405 0.393752
-0.377625 0.166838 0.388124 -0.379001 0.13938 0.39356
-0.377586 0.167818 0.387931 -0.378963 0.140354 0.393368
-0.377547 0.168799 0.387737 -0.378924 0.141327 0.393176
-0.377509 0.169779 0.387544 -0.378904 0.141814 0.39308
-0.37747 0.170759 0.38735 -0.378846 0.143273 0.392793
-0.377431 0.17174 0.387157 -0.378807 0.144245 0.392601
-0.377393 0.17272 0.386963 -0.378769 0.145217 0.39241
-0.377354 0.1737 0.38677 -0.37873 0.146188 0.392218
-0.377315 0.174681 0.386576 -0.378691 0.147159 0.392027
-0.377277 0.175661 0.386383 -0.378653 0.14813 0.391836
-0.377238 0.176641 0.386189 -0.378614 0.1491 0.391645
-0.377199 0.177622 0.385996 -0.378595 0.149586 0.391549
-0.37716 0.178602 0.385802 -0.378537 0.15104 0.391263
-0.377122 0.179582 0.385609 -0.378498 0.152006 0.391072
-0.377083 0.180563 0.385415 -0.378459 0.15297 0.390882
-0.377044 0.181543 0.385222 -0.378421 0.153934 0.390693
-0.377006 0.182523 0.385028 -0.378382 0.154898 0.390503
-0.376967 0.183504 0.384835 -0.378344 0.155864 0.390313
-0.376928 0.184484 0.384641 -0.378305 0.15683 0.390122
-0.37689 0.185464 0.384448 -0.378286 0.157314 0.390027
-0.376851 0.186445 0.384254 -0.378228 0.158765 0.389741
-0.376812 0.187425 0.384061 -0.37819 0.159729 0.389551
-0.376773 0.188405 0.383867 -0.378151 0.160692 0.389361
-0.376735 0.189386 0.383674 -0.378113 0.161654 0.389172
-0.376696 0.190366 0.38348 -0.378074 0.162615 0.388983
-0.376657 0.191346 0.383287 -0.378036 0.163579 0.388793
-0.376619 0.192327 0.383093 -0.377998 0.164543 0.388603
-0.37658 0.193307 0.3829 -0.37796 0.16551 0.388413
-0.376541 0.194287 0.382706 -0.377921 0.166476 0.388222
-0.376503 0.195268 0.382513 -0.377883 0.167443 0.388032
-0.376464 0.196248 0.382319 -0.377845 0.16841 0.387841
-0.376425 0.197229 0.382126 -0.377807 0.169379 0.387651
-0.376386 0.198209 0.381932 -0.377769 0.170349 0.38746
-0.376348 0.199189 0.381739 -0.377731 0.171319 0.387269
-0.376309 0.20017 0.381545 -0.377693 0.172292 0.387077
-0.37627 0.20115 0.381352 -0.377655 0.173265 0.386886
-0.376232 0.20213 0.381159 -0.377617 0.174239 0.386694
-0.376193 0.203111 0.380965 -0.377578 0.175215 0.386502
-0.376154 0.204091 0.380772 -0.37754 0.176191 0.38631
-0.376116 0.205071 0.380578 -0.377502 0.177167 0.386118
-0.376077 0.206052 0.380385 -0.377464 0.178144 0.385925
-0.376038 0.207032 0.380191 -0.377426 0.179121 0.385733
-0.376 0.208012 0.379998 -0.377388 0.180099 0.38554
-0.375961 0.208993 0.379804 -0.377349 0.181077 0.385348
-0.375922 0.209973 0.379611 -0.377311 0.182056 0.385155
-0.375883 0.210953 0.379417 -0.377273 0.183034 0.384963
-0.375845 0.211934 0.379224 -0.377234 0.184013 0.38477
-0.375806 0.212914 0.37903 -0.377196 0.184992 0.384577
-0.375767 0.213894 0.378837 -0.377158 0.185971 0.384385
-0.375729 0.214875 0.378643 -0.377119 0.186949 0.384192
-0.37569 0.215855 0.37845 -0.377081 0.187928 0.383999
-0.375651 0.216835 0.378256 -0.377042 0.188908 0.383807
-0.375613 0.217816 0.378063 -0.377004 0.189886 0.383614
-0.375574 0.218796 0.377869 -0.376965 0.190863 0.383422
-0.375535 0.219776 0.377676 -0.376926 0.191839 0.383229
-0.375496 0.220757 0.377482 -0.376888 0.192816 0.383037
-0.375458 0.221737 0.377289 -0.376849 0.193794 0.382845
-0.375419 0.222717 0.377095 -0.37683 0.194282 0.382748
-0.37538 0.223698 0.376902 -0.376772 0.195749 0.38246
-0.375342 0.224678 0.376708 -0.376733 0.196728 0.382267
-0.375303 0.225658 0.376515 -0.376695 0.197707 0.382074
-0.375264 0.226639 0.376321 -0.376656 0.198686 0.381881
-0.375226 0.227619 0.376128 -0.376618 0.199665 0.381689
-0.375187 0.228599 0.375934 -0.376579 0.200645 0.381496
-0.375148 0.22958 0.375741 -0.37654 0.201623 0.381303
-0.375109 0.23056 0.375547 -0.376501 0.202599 0.381111
-0.375071 0.23154 0.375354 -0.376463 0.203573 0.380919
-0.375032 0.232521 0.37516 -0.376424 0.204546 0.380728
-0.374993 0.233501 0.374967 -0.376385 0.205518 0.380536
-0.374955 0.234481 0.374773 -0.376346 0.206489 0.380345
-0.374916 0.235462 0.37458 -0.376307 0.20746 0.380154
-0.374877 0.236442 0.374386 -0.376269 0.20843 0.379963
-0.374839 0.237422 0.374193 -0.37623 0.2094 0.379772
-0.3748 0.238403 0.373999 -0.376191 0.210372 0.37958
-0.374761 0.239383 0.373806 -0.376153 0.211343 0.379389
-0.374722 0.240363 0.373612 -0.376114 0.212313 0.379198
-0.374684 0.241344 0.373419 -0.376075 0.213277 0.379008
-0.374645 0.242324 0.373226 -0.376036 0.214233 0.37882
-0.374606 0.243304 0.373032 -0.375997 0.215185 0.378632
-0.374568 0.244285 0.372839 -0.375958 0.216138 0.378444
-0.374529 0.245265 0.372645 -0.37592 0.217093 0.378256
-0.37449 0.246245 0.372452 -0.375881 0.218049 0.378068
-0.374452 0.247226 0.372258 -0.375843 0.219006 0.377879
-0.374413 0.248206 0.372065 -0.375804 0.219965 0.377691
-0.374374 0.249186 0.371871 -0.375766 0.220925 0.377502
-0.374336 0.250167 0.371678 -0.375728 0.221886 0.377312
-0.374297 0.251147 0.371484 -0.37569 0.222849 0.377123
-0.374258 0.252128 0.371291 -0.375651 0.223817 0.376932
-0.374219 0.253108 0.371097 -0.375613 0.224786 0.376741
-0.374181 0.254088 0.370904 -0.375575 0.225756 0.376551
-0.374142 0.255069 0.37071 -0.375537 0.226727 0.37636
-0.374103 0.256049 0.370517 -0.375499 0.227698 0.376168
-0.374065 0.257029 0.370323 -0.375461 0.22867 0.375977
-0.374026 0.25801 0.37013 -0.375423 0.229642 0.375786
-0.373987 0.25899 0.369936 -0.375385 0.230614 0.375595
-0.373949 0.25997 0.369743 -0.375347 0.231587 0.375403
-0.37391 0.260951 0.369549 -0.375309 0.23256 0.375212
-0.373871 0.261931 0.369356 -0.37527 0.233533 0.37502
-0.373832 0.262911 0.369162 -0.375232 0.234507 0.374829
-0.373794 0.263892 0.368969 -0.375194 0.235481 0.374637
-0.373755 0.264872 0.368775 -0.375156 0.236456 0.374445
-0.373716 0.265852 0.368582 -0.375117 0.237432 0.374253
-0.373678 0.266833 0.368388 -0.375098 0.237919 0.374157
-0.373639 0.267813 0.368195 -0.375041 0.239383 0.373869
-0.3736 0.268793 0.368001 -0.375002 0.240358 0.373677
-0.373562 0.269774 0.367808 -0.374964 0.241334 0.373485
-0.373523 0.270754 0.367614 -0.374926 0.24231 0.373293
-0.373484 0.271734 0.367421 -0.374887 0.243286 0.373101
-0.373445 0.272715 0.367227 -0.374849 0.244262 0.372909
-0.373407 0.273695 0.367034 -0.37481 0.245239 0.372716
-0.373368 0.274675 0.36684 -0.374772 0.246217 0.372524
-0.373329 0.275656 0.366647 -0.374714 0.247683 0.372235
-0.373291 0.276636 0.366453 -0.374695 0.248172 0.372139
-0.373252 0.277616 0.36626 -0.374656 0.24915 0.371947
-0.373213 0.278597 0.366066 -0.374618 0.250127 0.371754
-0.373175 0.279577 0.365873 -0.374579 0.251105 0.371562
-0.373136 0.280557 0.365679 -0.374541 0.252084 0.371369
-0.373097 0.281538 0.365486 -0.374502 0.253062 0.371177
-0.373058 0.282518 0.365292 -0.374463 0.254041 0.370984
-0.37302 0.283498 0.365099 -0.374406 0.255508 0.370695
-0.372981 0.284479 0.364906 -0.374367 0.256487 0.370503
-0.372942 0.285459 0.364712 -0.374348 0.256976 0.370406
-0.372904 0.286439 0.364519 -0.37429 0.258443 0.370118
-0.372865 0.28742 0.364325 -0.374251 0.259422 0.369925
-0.372826 0.2884 0.364132 -0.374232 0.259911 0.369829
-0.372788 0.28938 0.363938 -0.374173 0.261378 0.36954
-0.372749 0.290361 0.363745 -0.374135 0.262357 0.369347
-0.37271 0.291341 0.363551 -0.374096 0.263336 0.369154
-0.372672 0.292321 0.363358 -0.374077 0.263825 0.369058
-0.372633 0.293302 0.363164 -0.374038 0.264806 0.368865
-0.372594 0.294282 0.362971 -0.373999 0.265787 0.368672
-0.372555 0.295262 0.362777 -0.373961 0.266768 0.368479
-0.372517 0.296243 0.362584 -0.373922 0.267749 0.368286
-0.372478 0.297223 0.36239 -0.373883 0.26873 0.368093
-0.372439 0.298203 0.362197 -0.373844 0.26971 0.3679
-0.372401 0.299184 0.362003 -0.373786 0.27118 0.36761
-0.372362 0.300164 0.36181 -0.373767 0.27167 0.367514
-0.372323 0.301144 0.361616 -0.373728 0.27265 0.367321
-0.372285 0.302125 0.361423 -0.373689 0.27363 0.367128
-0.372246 0.303105 0.361229 -0.373631 0.275099 0.366839
-0.372207 0.304085 0.361036 -0.373611 0.275589 0.366742
-0.372168 0.305066 0.360842 -0.373553 0.277059 0.366453
-0.37213 0.306046 0.360649 -0.373514 0.278038 0.36626
-0.372091 0.307026 0.360455 -0.373475 0.279018 0.366067
-0.372052 0.308007 0.360262 -0.373437 0.279998 0.365874
-0.372014 0.308987 0.360068 -0.373398 0.280978 0.365681
-0.371975 0.309968 0.359875 -0.373359 0.281958 0.365488
-0.371936 0.310948 0.359681 -0.37332 0.282939 0.365295
-0.371898 0.311928 0.359488 -0.373301 0.283429 0.365199
-0.371859 0.312909 0.359294 -0.373242 0.2849 0.364909
-0.37182 0.313889 0.359101 -0.373204 0.28588 0.364716
-0.371781 0.314869 0.358907 -0.373165 0.286861 0.364523
-0.371743 0.31585 0.358714 -0.373145 0.287351 0.364426
-0.371704 0.31683 0.35852 -0.373087 0.288822 0.364137
-0.371665 0.31781 0.358327 -0.373048 0.289803 0.363944
-0.371627 0.318791 0.358133 -0.373009 0.290784 0.36375
-0.371588 0.319771 0.35794 -0.37299 0.291275 0.363654
-0.371549 0.320751 0.357746 -0.372932 0.292746 0.363364
-0.371511 0.321732 0.357553 -0.372893 0.293726 0.363171
-0.371472 0.322712 0.357359 -0.372854 0.294706 0.362978
-0.371433 0.323692 0.357166 -0.372815 0.295687 0.362785
-0.371395 0.324673 0.356973 -0.372776 0.296667 0.362592
-0.371356 0.325653 0.356779 -0.372737 0.297647 0.362399
-0.371317 0.326633 0.356586 -0.372698 0.298628 0.362206
-0.371278 0.327614 0.356392 -0.372659 0.299608 0.362013
-0.37124 0.328594 0.356199 -0.372621 0.300588 0.36182
-0.371201 0.329574 0.356005 -0.372582 0.301569 0.361627
-0.371162 0.330555 0.355812 -0.372543 0.302549 0.361434
-0.371124 0.331535 0.355618 -0.372504 0.303529 0.361241
-0.371085 0.332515 0.355425 -0.372465 0.30451 0.361048
-0.371046 0.333496 0.355231 -0.372426 0.30549 0.360855
-0.371008 0.334476 0.355038 -0.372387 0.306471 0.360661
-0.370969 0.335456 0.354844 -0.372348 0.307452 0.360468
-0.37093 0.336437 0.354651 -0.372329 0.307942 0.360372
-0.370891 0.337417 0.354457 -0.372271 0.309414 0.360082
-0.370853 0.338397 0.354264 -0.372232 0.310395 0.359889
-0.370814 0.339378 0.35407 -0.372193 0.311375 0.359696
-0.370775 0.340358 0.353877 -0.372154 0.312356 0.359503
-0.370737 0.341338 0.353683 -0.372135 0.312846 0.359406
-0.370698 0.342319 0.35349 -0.372076 0.314317 0.359116
-0.370659 0.343299 0.353296 -0.372037 0.315298 0.358923
-0.370621 0.344279 0.353103 -0.371999 0.316278 0.35873
-0.370582 0.34526 0.352909 -0.37196 0.317259 0.358537
-0.370543 0.34624 0.352716 -0.371921 0.318239 0.358344
-0.370504 0.34722 0.352522 -0.371882 0.319219 0.358151
-0.370466 0.348201 0.352329 -0.371862 0.319709 0.358054
-0.370427 0.349181 0.352135 -0.371824 0.32069 0.357861
-0.370388 0.350161 0.351942 -0.371765 0.322161 0.357571
-0.37035 0.351142 0.351748 -0.371726 0.323141 0.357378
-0.370311 0.352122 0.351555 -0.371688 0.324122 0.357185
-0.370272 0.353102 0.351361 -0.371649 0.325102 0.356992
-0.370234 0.354083 0.351168 -0.37161 0.326082 0.356799
-0.370195 0.355063 0.350974 -0.371571 0.327063 0.356606
-0.370156 0.356043 0.350781 -0.371532 0.328044 0.356413
-0.370117 0.357024 0.350587 -0.371513 0.328535 0.356316
-0.370079 0.358004 0.350394 -0.371454 0.330007 0.356026
-0.37004 0.358984 0.3502 -0.371435 0.330498 0.355929
-0.370001 0.359965 0.350007 -0.371377 0.331969 0.35564
-0.369963 0.360945 0.349813 -0.371357 0.33246 0.355543
-0.370001 0.359965 0.350007 -0.371318 0.33344 0.35535
-0.369963 0.360945 0.349813 -0.371279 0.334421 0.355157
-0.370001 0.359965 0.350007 -0.371241 0.335402 0.354963
-0.369963 0.360945 0.349813 -0.371221 0.335892 0.354867
-0.370001 0.359965 0.350007 -0.371163 0.337362 0.354577
-0.369963 0.360945 0.349813 -0.371104 0.338821 0.35429
-0.370001 0.359965 0.350007 -0.371065 0.339781 0.3541
-0.369963 0.360945 0.349813 -0.371026 0.340728 0.353913
-0.370001 0.359965 0.350007 -0.370986 0.341658 0.353728
-0.369963 0.360945 0.349813 -0.370947 0.34257 0.353547
-0.370001 0.359965 0.350007 -0.370927 0.343018 0.353458
-0.369963 0.360945 0.349813 -0.370868 0.34433 0.353197
-0.370001 0.359965 0.350007 -0.370829 0.345176 0.353028
-0.369963 0.360945 0.349813 -0.370791 0.345996 0.352864
-0.370001 0.359965 0.350007 -0.370752 0.34679 0.352704
-0.369963 0.360945 0.349813 -0.370714 0.347558 0.35255
-0.370001 0.359965 0.350007 -0.370677 0.348298 0.3524
-0.369963 0.360945 0.349813 -0.370641 0.349012 0.352256
-0.370001 0.359965 0.350007 -0.370623 0.349359 0.352186
-0.369963 0.360945 0.349813 -0.37057 0.350357 0.351984
-0.370001 0.359965 0.350007 -0.370536 0.350988 0.351856
-0.369963 0.360945 0.349813 -0.370503 0.351593 0.351733
-0.370001 0.359965 0.350007 -0.370471 0.352171 0.351615
-0.369963 0.360945 0.349813 -0.37044 0.352722 0.351502
-0.370001 0.359965 0.350007 -0.37041 0.353248 0.351395
-0.369963 0.360945 0.349813 -0.370381 0.353748 0.351292
-0.370001 0.359965 0.350007 -0.370354 0.354224 0.351195
-0.369963 0.360945 0.349813 -0.370327 0.354675 0.351102
-0.370001 0.359965 0.350007 -0.370302 0.355104 0.351014
-0.369963 0.360945 0.349813 -0.370278 0.35551 0.35093
-0.370001 0.359965 0.350007 -0.370255 0.355894 0.350851
-0.369963 0.360945 0.349813 -0.370233 0.356256 0.350777
-0.370001 0.359965 0.350007 -0.370212 0.356599 0.350706
-0.369963 0.360945 0.349813 -0.370192 0.356922 0.350639
-0.370001 0.359965 0.350007 -0.370174 0.357226 0.350577
-0.369963 0.360945 0.349813 -0.370156 0.357512 0.350518
-0.370001 0.359965 0.350007 -0.37014 0.357781 0.350462
-0.369963 0.360945 0.349813 -0.370124 0.358033 0.35041
-0.370001 0.359965 0.350007 -0.37011 0.358269 0.350361
-0.369963 0.360945 0.349813 -0.370096 0.358491 0.350315
-0.370001 0.359965 0.350007 -0.370083 0.358698 0.350272
-0.369963 0.360945 0.349813 -0.370077 0.358796 0.350252
-0.370001 0.359965 0.350007 -0.37006 0.359072 0.350195
