-0.369641 0.363585 0.35025 -0.369621 0.364076 0.350154
-0.36966 0.363095 0.350346 -0.369597 0.364096 0.350148
-0.36968 0.362605 0.350442 -0.369573 0.364116 0.350143
-0.369699 0.362114 0.350538 -0.36955 0.364136 0.350138
-0.369719 0.361624 0.350635 -0.369527 0.364155 0.350132
-0.369738 0.361134 0.350731 -0.369505 0.364174 0.350127
-0.369758 0.360644 0.350827 -0.369483 0.364192 0.350122
-0.369777 0.360153 0.350923 -0.369462 0.36421 0.350117
-0.369797 0.359663 0.351019 -0.369441 0.364226 0.350113
-0.369816 0.359173 0.351115 -0.369421 0.364241 0.350109
-0.369836 0.358682 0.351212 -0.369403 0.364251 0.350106
-0.369855 0.358192 0.351308 -0.369386 0.364258 0.350103
-0.369875 0.357702 0.351404 -0.369371 0.364261 0.350102
-0.369894 0.357212 0.3515 -0.369357 0.364259 0.350101
-0.369914 0.356721 0.351596 -0.369333 0.36424 0.350103
-0.369933 0.356231 0.351692 -0.369323 0.364223 0.350106
-0.369953 0.355741 0.351788 -0.369314 0.364201 0.35011
-0.369972 0.35525 0.351885 -0.369307 0.364173 0.350115
-0.369992 0.35476 0.351981 -0.3693 0.364139 0.350121
-0.370011 0.35427 0.352077 -0.369295 0.3641 0.350128
-0.370031 0.35378 0.352173 -0.369291 0.364054 0.350137
-0.37005 0.353289 0.352269 -0.369288 0.364003 0.350147
-0.37007 0.352799 0.352365 -0.369286 0.363945 0.350158
-0.370089 0.352309 0.352462 -0.369285 0.363882 0.35017
-0.370109 0.351819 0.352558 -0.369285 0.363737 0.350199
-0.370128 0.351328 0.352654 -0.369287 0.363657 0.350215
-0.370148 0.350838 0.35275 -0.36929 0.363571 0.350232
-0.370167 0.350348 0.352846 -0.369293 0.363479 0.35025
-0.370187 0.349857 0.352942 -0.369297 0.363381 0.35027
-0.370206 0.349367 0.353038 -0.369302 0.363275 0.350291
-0.370225 0.348877 0.353135 -0.369308 0.363163 0.350313
-0.370245 0.348387 0.353231 -0.369315 0.363043 0.350337
-0.370264 0.347896 0.353327 -0.369322 0.362917 0.350362
-0.370284 0.347406 0.353423 -0.36933 0.362784 0.350389
-0.370303 0.346916 0.353519 -0.369339 0.362644 0.350417
-0.370323 0.346425 0.353615 -0.369348 0.362499 0.350446
-0.370342 0.345935 0.353711 -0.369358 0.362348 0.350477
-0.370362 0.345445 0.353808 -0.369368 0.362193 0.350508
-0.370381 0.344955 0.353904 -0.369379 0.362032 0.350541
-0.370401 0.344464 0.354 -0.369403 0.361692 0.350609
-0.37042 0.343974 0.354096 -0.369415 0.361511 0.350645
-0.37044 0.343484 0.354192 -0.369428 0.361324 0.350683
-0.370459 0.342993 0.354288 -0.369442 0.361131 0.350722
-0.370479 0.342503 0.354385 -0.369456 0.36093 0.350763
-0.370498 0.342013 0.354481 -0.369471 0.360723 0.350805
-0.370518 0.341523 0.354577 -0.369486 0.360509 0.350848
-0.370537 0.341032 0.354673 -0.369502 0.360289 0.350892
-0.370557 0.340542 0.354769 -0.369518 0.360064 0.350938
-0.370576 0.340052 0.354865 -0.369551 0.359597 0.351032
-0.370596 0.339562 0.354961 -0.369603 0.358857 0.351181
-0.370615 0.339071 0.355058 -0.369621 0.358599 0.351233
-0.370635 0.338581 0.355154 -0.369639 0.358335 0.351287
-0.370654 0.338091 0.35525 -0.369658 0.358067 0.351341
-0.370674 0.3376 0.355346 -0.369677 0.357794 0.351396
-0.370693 0.33711 0.355442 -0.369696 0.357515 0.351452
-0.370713 0.33662 0.355538 -0.369715 0.357232 0.351509
-0.370732 0.33613 0.355634 -0.369735 0.356945 0.351567
-0.370752 0.335639 0.355731 -0.369754 0.356653 0.351626
-0.370771 0.335149 0.355827 -0.369774 0.356357 0.351686
-0.370791 0.334659 0.355923 -0.369794 0.356057 0.351746
-0.37081 0.334168 0.356019 -0.369814 0.355752 0.351807
-0.37083 0.333678 0.356115 -0.369834 0.355444 0.351869
-0.370849 0.333188 0.356211 -0.369855 0.355131 0.351932
-0.370869 0.332698 0.356308 -0.369875 0.354815 0.351996
-0.370888 0.332207 0.356404 -0.369896 0.354495 0.35206
-0.370908 0.331717 0.3565 -0.369937 0.353847 0.35219
-0.370927 0.331227 0.356596 -0.369958 0.353518 0.352256
-0.370947 0.330736 0.356692 -0.369979 0.353186 0.352323
-0.370966 0.330246 0.356788 -0.369999 0.35285 0.352391
-0.370986 0.329756 0.356884 -0.37002 0.35251 0.352459
-0.371005 0.329266 0.356981 -0.370041 0.352167 0.352528
-0.371025 0.328775 0.357077 -0.370063 0.35182 0.352597
-0.371044 0.328285 0.357173 -0.370084 0.35147 0.352667
-0.371064 0.327795 0.357269 -0.370105 0.351116 0.352738
-0.371083 0.327305 0.357365 -0.370126 0.350759 0.35281
-0.371103 0.326814 0.357461 -0.370148 0.350399 0.352882
-0.371122 0.326324 0.357558 -0.370169 0.350036 0.352954
-0.371142 0.325834 0.357654 -0.370191 0.349669 0.353028
-0.371161 0.325343 0.35775 -0.370212 0.349299 0.353102
-0.371181 0.324853 0.357846 -0.370234 0.348926 0.353176
-0.3712 0.324363 0.357942 -0.370255 0.348549 0.353252
-0.37122 0.323873 0.358038 -0.370277 0.34817 0.353327
-0.371239 0.323382 0.358134 -0.370299 0.347788 0.353404
-0.371259 0.322892 0.358231 -0.370321 0.347402 0.353481
-0.371278 0.322402 0.358327 -0.370342 0.347014 0.353558
-0.371298 0.321911 0.358423 -0.370364 0.346624 0.353636
-0.371317 0.321421 0.358519 -0.370386 0.346232 0.353714
-0.371337 0.320931 0.358615 -0.370407 0.345839 0.353793
-0.371356 0.320441 0.358711 -0.37045 0.34505 0.35395
-0.371376 0.31995 0.358807 -0.370471 0.344653 0.354029
-0.371395 0.31946 0.358904 -0.370492 0.344254 0.354108
-0.371415 0.31897 0.359 -0.370514 0.343852 0.354188
-0.371434 0.318479 0.359096 -0.370556 0.34304 0.35435
-0.371454 0.317989 0.359192 -0.370578 0.34263 0.354431
-0.371473 0.317499 0.359288 -0.370599 0.342218 0.354513
-0.371493 0.317009 0.359384 -0.370621 0.341804 0.354595
-0.371512 0.316518 0.359481 -0.370642 0.341388 0.354678
-0.371532 0.316028 0.359577 -0.370663 0.340971 0.354761
-0.371551 0.315538 0.359673 -0.370684 0.340552 0.354844
-0.371571 0.315047 0.359769 -0.370706 0.340131 0.354927
-0.37159 0.314557 0.359865 -0.370727 0.33971 0.355011
-0.371609 0.314067 0.359961 -0.370769 0.338863 0.355179
-0.371629 0.313577 0.360057 -0.370789 0.338438 0.355263
-0.371648 0.313086 0.360154 -0.37081 0.338012 0.355347
-0.371668 0.312596 0.36025 -0.370831 0.337585 0.355432
-0.371687 0.312106 0.360346 -0.370852 0.337157 0.355516
-0.371707 0.311616 0.360442 -0.370893 0.336298 0.355686
-0.371726 0.311125 0.360538 -0.370913 0.335867 0.355771
-0.371746 0.310635 0.360634 -0.370933 0.335435 0.355857
-0.371765 0.310145 0.36073 -0.370954 0.335002 0.355942
-0.371785 0.309654 0.360827 -0.370974 0.334568 0.356028
-0.371804 0.309164 0.360923 -0.370994 0.334134 0.356114
-0.371824 0.308674 0.361019 -0.371014 0.333699 0.356199
-0.371843 0.308184 0.361115 -0.371034 0.333263 0.356285
-0.371863 0.307693 0.361211 -0.371054 0.332827 0.356371
-0.371882 0.307203 0.361307 -0.371074 0.33239 0.356457
-0.371902 0.306713 0.361404 -0.371094 0.331953 0.356544
-0.371921 0.306222 0.3615 -0.371114 0.331515 0.35663
-0.371941 0.305732 0.361596 -0.371133 0.331076 0.356716
-0.37196 0.305242 0.361692 -0.371153 0.330637 0.356803
-0.37198 0.304752 0.361788 -0.371172 0.330197 0.356889
-0.371999 0.304261 0.361884 -0.371192 0.329756 0.356976
-0.372019 0.303771 0.36198 -0.371212 0.329314 0.357063
-0.372038 0.303281 0.362077 -0.37125 0.328429 0.357237
-0.372058 0.30279 0.362173 -0.37127 0.327985 0.357325
-0.372077 0.3023 0.362269 -0.371289 0.327541 0.357412
-0.372097 0.30181 0.362365 -0.371309 0.327096 0.357499
-0.372116 0.30132 0.362461 -0.371328 0.326651 0.357587
-0.372136 0.300829 0.362557 -0.371347 0.326206 0.357674
-0.372155 0.300339 0.362654 -0.371366 0.325761 0.357762
-0.372175 0.299849 0.36275 -0.371385 0.325315 0.357849
-0.372194 0.299359 0.362846 -0.371404 0.324868 0.357937
-0.372214 0.298868 0.362942 -0.371442 0.323975 0.358112
-0.372233 0.298378 0.363038 -0.371461 0.323527 0.3582
-0.372253 0.297888 0.363134 -0.37148 0.323079 0.358288
-0.372272 0.297397 0.36323 -0.371499 0.32263 0.358376
-0.372292 0.296907 0.363327 -0.371518 0.322181 0.358464
-0.372311 0.296417 0.363423 -0.371537 0.321733 0.358552
-0.372331 0.295927 0.363519 -0.371556 0.321284 0.35864
-0.37235 0.295436 0.363615 -0.371574 0.320835 0.358728
-0.37237 0.294946 0.363711 -0.371593 0.320386 0.358816
-0.372389 0.294456 0.363807 -0.371611 0.319938 0.358904
-0.372409 0.293965 0.363903 -0.37163 0.319489 0.358992
-0.372428 0.293475 0.364 -0.371648 0.319042 0.35908
-0.372448 0.292985 0.364096 -0.371685 0.318146 0.359255
-0.372467 0.292495 0.364192 -0.371703 0.317699 0.359343
-0.372487 0.292004 0.364288 -0.371721 0.317251 0.35943
-0.372506 0.291514 0.364384 -0.371739 0.316804 0.359518
-0.372526 0.291024 0.36448 -0.371757 0.316356 0.359606
-0.372545 0.290533 0.364577 -0.371776 0.315908 0.359693
-0.372565 0.290043 0.364673 -0.371794 0.31546 0.359781
-0.372584 0.289553 0.364769 -0.371812 0.315011 0.359869
-0.372604 0.289063 0.364865 -0.37183 0.314563 0.359957
-0.372623 0.288572 0.364961 -0.371848 0.314114 0.360045
-0.372643 0.288082 0.365057 -0.371866 0.313665 0.360132
-0.372662 0.287592 0.365153 -0.371884 0.313215 0.36022
-0.372682 0.287102 0.36525 -0.371902 0.312765 0.360308
-0.372701 0.286611 0.365346 -0.37192 0.312315 0.360397
-0.372721 0.286121 0.365442 -0.371975 0.310965 0.360661
-0.37274 0.285631 0.365538 -0.371992 0.310517 0.360748
-0.37276 0.28514 0.365634 -0.37201 0.310071 0.360836
-0.372779 0.28465 0.36573 -0.372028 0.309626 0.360923
-0.372799 0.28416 0.365826 -0.372045 0.309182 0.361009
-0.372818 0.28367 0.365923 -0.372062 0.308741 0.361095
-0.372838 0.283179 0.366019 -0.372079 0.3083 0.361181
-0.372857 0.282689 0.366115 -0.372096 0.307861 0.361267
-0.372877 0.282199 0.366211 -0.372113 0.307421 0.361353
-0.372896 0.281708 0.366307 -0.37213 0.306981 0.361439
-0.372916 0.281218 0.366403 -0.372147 0.30654 0.361525
-0.372935 0.280728 0.3665 -0.372164 0.3061 0.361611
-0.372955 0.280238 0.366596 -0.372182 0.305661 0.361697
-0.372974 0.279747 0.366692 -0.372198 0.305223 0.361782
-0.372993 0.279257 0.366788 -0.372232 0.304348 0.361953
-0.373013 0.278767 0.366884 -0.372249 0.30391 0.362039
-0.373032 0.278276 0.36698 -0.372266 0.303471 0.362124
-0.373052 0.277786 0.367076 -0.372283 0.303032 0.36221
-0.373071 0.277296 0.367173 -0.3723 0.302592 0.362296
-0.373091 0.276806 0.367269 -0.372318 0.302151 0.362382
-0.37311 0.276315 0.367365 -0.372335 0.30171 0.362468
-0.37313 0.275825 0.367461 -0.372352 0.301268 0.362555
-0.373149 0.275335 0.367557 -0.37237 0.300825 0.362641
-0.373169 0.274844 0.367653 -0.372387 0.300382 0.362728
-0.373188 0.274354 0.36775 -0.372405 0.299938 0.362815
-0.373208 0.273864 0.367846 -0.372422 0.299493 0.362902
-0.373227 0.273374 0.367942 -0.37244 0.299047 0.362989
-0.373247 0.272883 0.368038 -0.372458 0.298601 0.363076
-0.373266 0.272393 0.368134 -0.372476 0.298154 0.363164
-0.373286 0.271903 0.36823 -0.372494 0.297707 0.363251
-0.373305 0.271413 0.368326 -0.372511 0.297259 0.363339
-0.373325 0.270922 0.368423 -0.372529 0.296812 0.363426
-0.373344 0.270432 0.368519 -0.372547 0.296365 0.363514
-0.373364 0.269942 0.368615 -0.372582 0.295474 0.363688
-0.373383 0.269451 0.368711 -0.3726 0.295031 0.363774
-0.373403 0.268961 0.368807 -0.372617 0.294591 0.363861
-0.373422 0.268471 0.368903 -0.372634 0.294152 0.363946
-0.373442 0.267981 0.368999 -0.372651 0.293713 0.364032
-0.373461 0.26749 0.369096 -0.372668 0.293273 0.364118
-0.373481 0.267 0.369192 -0.372685 0.292833 0.364204
-0.3735 0.26651 0.369288 -0.372703 0.292391 0.36429
-0.37352 0.266019 0.369384 -0.37272 0.291949 0.364377
-0.373539 0.265529 0.36948 -0.372773 0.290613 0.364638
-0.373559 0.265039 0.369576 -0.372791 0.290166 0.364726
-0.373578 0.264549 0.369673 -0.372809 0.289719 0.364813
-0.373598 0.264058 0.369769 -0.372827 0.289271 0.364901
-0.373617 0.263568 0.369865 -0.372845 0.288822 0.364989
-0.373637 0.263078 0.369961 -0.372863 0.288373 0.365077
-0.373656 0.262587 0.370057 -0.372881 0.287924 0.365164
-0.373676 0.262097 0.370153 -0.372899 0.287475 0.365252
-0.373695 0.261607 0.370249 -0.372917 0.287026 0.36534
-0.373715 0.261117 0.370346 -0.372935 0.286577 0.365428
-0.373734 0.260626 0.370442 -0.372953 0.286127 0.365516
-0.373754 0.260136 0.370538 -0.372971 0.285678 0.365604
-0.373773 0.259646 0.370634 -0.372989 0.285228 0.365692
-0.373793 0.259156 0.37073 -0.373008 0.284777 0.365781
-0.373812 0.258665 0.370826 -0.373026 0.284327 0.365869
-0.373832 0.258175 0.370922 -0.373044 0.283876 0.365957
-0.373851 0.257685 0.371019 -0.37308 0.282973 0.366134
-0.373871 0.257194 0.371115 -0.373098 0.282522 0.366222
-0.37389 0.256704 0.371211 -0.373116 0.282071 0.36631
-0.37391 0.256214 0.371307 -0.373134 0.28162 0.366399
-0.373929 0.255724 0.371403 -0.373153 0.281169 0.366487
-0.373949 0.255233 0.371499 -0.373171 0.280717 0.366575
-0.373968 0.254743 0.371596 -0.373189 0.280266 0.366664
-0.373988 0.254253 0.371692 -0.373207 0.279815 0.366752
-0.374007 0.253762 0.371788 -0.373225 0.279365 0.36684
-0.374027 0.253272 0.371884 -0.373243 0.278917 0.366928
-0.374046 0.252782 0.37198 -0.37326 0.278471 0.367015
-0.374066 0.252292 0.372076 -0.373278 0.278025 0.367102
-0.374085 0.251801 0.372172 -0.373295 0.277581 0.367189
-0.374105 0.251311 0.372269 -0.37333 0.276692 0.367363
-0.374124 0.250821 0.372365 -0.373348 0.276247 0.36745
-0.374144 0.25033 0.372461 -0.373365 0.275802 0.367537
-0.374163 0.24984 0.372557 -0.373383 0.275356 0.367624
-0.374183 0.24935 0.372653 -0.3734 0.27491 0.367711
-0.374202 0.24886 0.372749 -0.373418 0.274463 0.367799
-0.374222 0.248369 0.372846 -0.373436 0.274016 0.367886
-0.374241 0.247879 0.372942 -0.373454 0.273568 0.367974
-0.374261 0.247389 0.373038 -0.373472 0.27312 0.368062
-0.37428 0.246899 0.373134 -0.37349 0.272671 0.36815
-0.3743 0.246408 0.37323 -0.373507 0.272221 0.368238
-0.374319 0.245918 0.373326 -0.373526 0.271771 0.368326
-0.374339 0.245428 0.373422 -0.373544 0.27132 0.368414
-0.374358 0.244937 0.373519 -0.373562 0.270869 0.368502
-0.374377 0.244447 0.373615 -0.37358 0.270417 0.368591
-0.374397 0.243957 0.373711 -0.373598 0.269964 0.368679
-0.374416 0.243467 0.373807 -0.373617 0.269511 0.368768
-0.374436 0.242976 0.373903 -0.373635 0.269057 0.368857
-0.374455 0.242486 0.373999 -0.373653 0.268603 0.368946
-0.374475 0.241996 0.374095 -0.37369 0.267692 0.369125
-0.374494 0.241505 0.374192 -0.373709 0.267235 0.369214
-0.374514 0.241015 0.374288 -0.373727 0.266778 0.369304
-0.374533 0.240525 0.374384 -0.373746 0.266321 0.369393
-0.374553 0.240035 0.37448 -0.373765 0.265863 0.369483
-0.374572 0.239544 0.374576 -0.373783 0.265405 0.369573
-0.374592 0.239054 0.374672 -0.373802 0.264946 0.369662
-0.374611 0.238564 0.374769 -0.373821 0.264487 0.369752
-0.374631 0.238073 0.374865 -0.373839 0.264028 0.369842
-0.37465 0.237583 0.374961 -0.373858 0.263569 0.369932
-0.37467 0.237093 0.375057 -0.373877 0.26311 0.370022
-0.374689 0.236603 0.375153 -0.373895 0.26265 0.370112
-0.374709 0.236112 0.375249 -0.373914 0.26219 0.370202
-0.374728 0.235622 0.375345 -0.373933 0.26173 0.370293
-0.374748 0.235132 0.375442 -0.373951 0.261271 0.370382
-0.374767 0.234641 0.375538 -0.37397 0.260812 0.370472
-0.374787 0.234151 0.375634 -0.373988 0.260355 0.370562
-0.374806 0.233661 0.37573 -0.374007 0.259899 0.370651
-0.374826 0.233171 0.375826 -0.374025 0.259443 0.37074
-0.374845 0.23268 0.375922 -0.374043 0.258987 0.37083
-0.374865 0.23219 0.376019 -0.374062 0.258529 0.370919
-0.374884 0.2317 0.376115 -0.374098 0.257613 0.371099
-0.374904 0.23121 0.376211 -0.374117 0.257155 0.371188
-0.374923 0.230719 0.376307 -0.374135 0.256696 0.371278
-0.374943 0.230229 0.376403 -0.374154 0.256237 0.371368
-0.374962 0.229739 0.376499 -0.374172 0.255777 0.371458
-0.374982 0.229248 0.376595 -0.374191 0.255317 0.371548
-0.375001 0.228758 0.376692 -0.374209 0.254858 0.371638
-0.375021 0.228268 0.376788 -0.374228 0.254397 0.371728
-0.37504 0.227778 0.376884 -0.374247 0.253937 0.371818
-0.37506 0.227287 0.37698 -0.374265 0.253476 0.371909
-0.375079 0.226797 0.377076 -0.374284 0.253014 0.371999
-0.375099 0.226307 0.377172 -0.374303 0.252552 0.372089
-0.375118 0.225816 0.377268 -0.374321 0.25209 0.37218
-0.375138 0.225326 0.377365 -0.37434 0.251628 0.372271
-0.375157 0.224836 0.377461 -0.374359 0.251165 0.372361
-0.375177 0.224346 0.377557 -0.374377 0.250702 0.372452
-0.375196 0.223855 0.377653 -0.374396 0.250239 0.372542
-0.375216 0.223365 0.377749 -0.374415 0.249777 0.372633
-0.375235 0.222875 0.377845 -0.374433 0.249317 0.372723
-0.375255 0.222384 0.377942 -0.374451 0.248858 0.372813
-0.375274 0.221894 0.378038 -0.374487 0.247946 0.372991
-0.375294 0.221404 0.378134 -0.374505 0.247493 0.37308
-0.375313 0.220914 0.37823 -0.374523 0.247042 0.373168
-0.375333 0.220423 0.378326 -0.37454 0.246591 0.373256
-0.375352 0.219933 0.378422 -0.374558 0.246141 0.373344
-0.375372 0.219443 0.378518 -0.374576 0.245689 0.373432
-0.375391 0.218953 0.378615 -0.374593 0.245236 0.373521
-0.375411 0.218462 0.378711 -0.374611 0.244782 0.37361
-0.37543 0.217972 0.378807 -0.374629 0.244327 0.373699
-0.37545 0.217482 0.378903 -0.374647 0.243872 0.373788
-0.375469 0.216991 0.378999 -0.374665 0.243415 0.373877
-0.375489 0.216501 0.379095 -0.374684 0.242958 0.373967
-0.375508 0.216011 0.379191 -0.374702 0.2425 0.374056
-0.375528 0.215521 0.379288 -0.37472 0.242043 0.374146
-0.375547 0.21503 0.379384 -0.374775 0.240669 0.374414
-0.375567 0.21454 0.37948 -0.374793 0.240213 0.374504
-0.375586 0.21405 0.379576 -0.374811 0.239756 0.374593
-0.375606 0.213559 0.379672 -0.37483 0.2393 0.374682
-0.375625 0.213069 0.379768 -0.374848 0.238844 0.374772
-0.375645 0.212579 0.379865 -0.374866 0.238387 0.374861
-0.375664 0.212089 0.379961 -0.374884 0.237929 0.374951
-0.375684 0.211598 0.380057 -0.374902 0.237471 0.37504
-0.375703 0.211108 0.380153 -0.374921 0.237013 0.37513
-0.375723 0.210618 0.380249 -0.374939 0.236555 0.375219
-0.375742 0.210127 0.380345 -0.374957 0.236096 0.375309
-0.375762 0.209637 0.380441 -0.374976 0.235638 0.375399
-0.375781 0.209147 0.380538 -0.374994 0.235178 0.375489
-0.3758 0.208657 0.380634 -0.375013 0.234719 0.375579
-0.37582 0.208166 0.38073 -0.375031 0.23426 0.375669
-0.375839 0.207676 0.380826 -0.375049 0.233802 0.375758
-0.375859 0.207186 0.380922 -0.375085 0.23289 0.375937
-0.375878 0.206695 0.381018 -0.375103 0.232436 0.376025
-0.375898 0.206205 0.381115 -0.375121 0.231983 0.376114
-0.375917 0.205715 0.381211 -0.375139 0.23153 0.376203
-0.375937 0.205225 0.381307 -0.375157 0.231076 0.376291
-0.375956 0.204734 0.381403 -0.375175 0.230623 0.37638
-0.375976 0.204244 0.381499 -0.375193 0.230168 0.376469
-0.375995 0.203754 0.381595 -0.375211 0.229714 0.376558
-0.376015 0.203264 0.381691 -0.375229 0.229258 0.376647
-0.376034 0.202773 0.381788 -0.375247 0.228803 0.376736
-0.376054 0.202283 0.381884 -0.375265 0.228347 0.376825
-0.376073 0.201793 0.38198 -0.375283 0.22789 0.376915
-0.376093 0.201302 0.382076 -0.375301 0.227433 0.377004
-0.376112 0.200812 0.382172 -0.37532 0.226975 0.377094
-0.376132 0.200322 0.382268 -0.375338 0.226518 0.377183
-0.376151 0.199832 0.382364 -0.375356 0.226061 0.377273
-0.376171 0.199341 0.382461 -0.375374 0.225604 0.377362
-0.37619 0.198851 0.382557 -0.375392 0.225148 0.377451
-0.37621 0.198361 0.382653 -0.375429 0.224236 0.37763
-0.376229 0.19787 0.382749 -0.375447 0.22378 0.377719
-0.376249 0.19738 0.382845 -0.375465 0.223323 0.377808
-0.376268 0.19689 0.382941 -0.375483 0.222866 0.377898
-0.376288 0.1964 0.383038 -0.375502 0.222408 0.377987
-0.376307 0.195909 0.383134 -0.37552 0.22195 0.378077
-0.376327 0.195419 0.38323 -0.375538 0.221492 0.378166
-0.376346 0.194929 0.383326 -0.375557 0.221033 0.378256
-0.376366 0.194438 0.383422 -0.375631 0.219195 0.378616
-0.376385 0.193948 0.383518 -0.375649 0.218735 0.378706
-0.376405 0.193458 0.383614 -0.375668 0.218275 0.378796
-0.376424 0.192968 0.383711 -0.375686 0.217816 0.378886
-0.376444 0.192477 0.383807 -0.375704 0.217358 0.378976
-0.376463 0.191987 0.383903 -0.375722 0.216901 0.379065
-0.376483 0.191497 0.383999 -0.37574 0.216447 0.379154
-0.376502 0.191007 0.384095 -0.375776 0.215544 0.37933
-0.376522 0.190516 0.384191 -0.375793 0.215094 0.379418
-0.376541 0.190026 0.384287 -0.37581 0.214645 0.379506
-0.376561 0.189536 0.384384 -0.375828 0.214197 0.379594
-0.37658 0.189045 0.38448 -0.375845 0.21375 0.379681
-0.3766 0.188555 0.384576 -0.375862 0.213305 0.379768
-0.376619 0.188065 0.384672 -0.375879 0.21286 0.379855
-0.376639 0.187575 0.384768 -0.375896 0.212416 0.379942
-0.376658 0.187084 0.384864 -0.375913 0.211974 0.380028
-0.376678 0.186594 0.384961 -0.37593 0.211533 0.380114
-0.376697 0.186104 0.385057 -0.375947 0.211092 0.3802
-0.376717 0.185613 0.385153 -0.375964 0.210653 0.380286
-0.376736 0.185123 0.385249 -0.37598 0.210214 0.380372
-0.376756 0.184633 0.385345 -0.375997 0.209775 0.380458
-0.376775 0.184143 0.385441 -0.376014 0.209336 0.380544
-0.376795 0.183652 0.385537 -0.376048 0.208456 0.380716
-0.376814 0.183162 0.385634 -0.376065 0.208016 0.380802
-0.376834 0.182672 0.38573 -0.376099 0.207135 0.380974
-0.376853 0.182181 0.385826 -0.376116 0.206695 0.38106
-0.376873 0.181691 0.385922 -0.376133 0.206256 0.381146
-0.376892 0.181201 0.386018 -0.37615 0.205816 0.381232
-0.376912 0.180711 0.386114 -0.376167 0.205377 0.381317
-0.376931 0.18022 0.386211 -0.376184 0.204938 0.381403
-0.376951 0.17973 0.386307 -0.376201 0.2045 0.381489
-0.37697 0.17924 0.386403 -0.376218 0.204061 0.381575
-0.37699 0.17875 0.386499 -0.376235 0.203622 0.381661
-0.377009 0.178259 0.386595 -0.376252 0.203183 0.381746
-0.377029 0.177769 0.386691 -0.376269 0.202744 0.381832
-0.377048 0.177279 0.386787 -0.376287 0.202305 0.381918
-0.377068 0.176788 0.386884 -0.376304 0.201866 0.382004
-0.377087 0.176298 0.38698 -0.376321 0.201427 0.38209
-0.377107 0.175808 0.387076 -0.376338 0.200988 0.382176
-0.377126 0.175318 0.387172 -0.376355 0.200551 0.382261
-0.377146 0.174827 0.387268 -0.376372 0.200113 0.382347
-0.377165 0.174337 0.387364 -0.376389 0.199676 0.382432
-0.377184 0.173847 0.38746 -0.376406 0.199239 0.382518
-0.377204 0.173356 0.387557 -0.376423 0.198801 0.382603
-0.377223 0.172866 0.387653 -0.376458 0.197925 0.382775
-0.377243 0.172376 0.387749 -0.376475 0.197486 0.382861
-0.377262 0.171886 0.387845 -0.376493 0.197047 0.382946
-0.377282 0.171395 0.387941 -0.37651 0.196607 0.383032
-0.377301 0.170905 0.388037 -0.376527 0.196167 0.383119
-0.377321 0.170415 0.388134 -0.376545 0.195726 0.383205
-0.37734 0.169924 0.38823 -0.376563 0.195285 0.383291
-0.37736 0.169434 0.388326 -0.37658 0.194843 0.383378
-0.377379 0.168944 0.388422 -0.376598 0.194401 0.383464
-0.377399 0.168454 0.388518 -0.376616 0.193958 0.383551
-0.377418 0.167963 0.388614 -0.376634 0.193514 0.383638
-0.377438 0.167473 0.38871 -0.376651 0.19307 0.383725
-0.377457 0.166983 0.388807 -0.376669 0.192624 0.383812
-0.377477 0.166492 0.388903 -0.376687 0.192178 0.383899
-0.377496 0.166002 0.388999 -0.376706 0.191731 0.383987
-0.377516 0.165512 0.389095 -0.376724 0.191283 0.384075
-0.377535 0.165022 0.389191 -0.376742 0.190835 0.384162
-0.377555 0.164531 0.389287 -0.37676 0.190387 0.38425
-0.377574 0.164041 0.389383 -0.376778 0.189939 0.384338
-0.377594 0.163551 0.38948 -0.376796 0.189493 0.384425
-0.377613 0.163061 0.389576 -0.376814 0.189047 0.384512
-0.377633 0.16257 0.389672 -0.376832 0.188604 0.384599
-0.377652 0.16208 0.389768 -0.37685 0.188162 0.384686
-0.377672 0.16159 0.389864 -0.376884 0.187281 0.384858
-0.377691 0.161099 0.38996 -0.376902 0.18684 0.384944
-0.377711 0.160609 0.390057 -0.376955 0.185513 0.385204
-0.37773 0.160119 0.390153 -0.376973 0.185069 0.385291
-0.37775 0.159629 0.390249 -0.376991 0.184625 0.385378
-0.377769 0.159138 0.390345 -0.377008 0.18418 0.385465
-0.377789 0.158648 0.390441 -0.377026 0.183735 0.385552
-0.377808 0.158158 0.390537 -0.377044 0.18329 0.385639
-0.377828 0.157667 0.390633 -0.377062 0.182845 0.385726
-0.377847 0.157177 0.39073 -0.37708 0.1824 0.385814
-0.377867 0.156687 0.390826 -0.377098 0.181954 0.385901
-0.377886 0.156197 0.390922 -0.377116 0.181509 0.385988
-0.377906 0.155706 0.391018 -0.377134 0.181063 0.386075
-0.377925 0.155216 0.391114 -0.377152 0.180617 0.386162
-0.377945 0.154726 0.39121 -0.37717 0.180171 0.38625
-0.377964 0.154235 0.391307 -0.377188 0.179724 0.386337
-0.377984 0.153745 0.391403 -0.377206 0.179277 0.386425
-0.378003 0.153255 0.391499 -0.377224 0.17883 0.386512
-0.378023 0.152765 0.391595 -0.377242 0.178382 0.3866
-0.378042 0.152274 0.391691 -0.37726 0.177934 0.386688
-0.378062 0.151784 0.391787 -0.377278 0.177487 0.386775
-0.378081 0.151294 0.391883 -0.377296 0.177039 0.386863
-0.378101 0.150804 0.39198 -0.377314 0.176591 0.386951
-0.37812 0.150313 0.392076 -0.377332 0.176142 0.387039
-0.37814 0.149823 0.392172 -0.377368 0.175244 0.387215
-0.378159 0.149333 0.392268 -0.377387 0.174793 0.387303
-0.378179 0.148842 0.392364 -0.377405 0.174343 0.387391
-0.378198 0.148352 0.39246 -0.377423 0.173892 0.387479
-0.378218 0.147862 0.392556 -0.377441 0.173442 0.387567
-0.378237 0.147372 0.392653 -0.37746 0.172991 0.387656
-0.378257 0.146881 0.392749 -0.377478 0.172539 0.387744
-0.378276 0.146391 0.392845 -0.377496 0.172088 0.387832
-0.378296 0.145901 0.392941 -0.377515 0.171636 0.387921
-0.378315 0.14541 0.393037 -0.377533 0.171184 0.388009
-0.378335 0.14492 0.393133 -0.377551 0.170731 0.388098
-0.378354 0.14443 0.39323 -0.37757 0.170278 0.388187
-0.378374 0.14394 0.393326 -0.377588 0.169825 0.388276
-0.378393 0.143449 0.393422 -0.377607 0.169371 0.388364
-0.378413 0.142959 0.393518 -0.377625 0.168917 0.388453
-0.378432 0.142469 0.393614 -0.377644 0.168462 0.388542
-0.378452 0.141978 0.39371 -0.377662 0.168007 0.388632
-0.378471 0.141488 0.393806 -0.377681 0.167551 0.388721
-0.378491 0.140998 0.393903 -0.377699 0.167094 0.38881
-0.37851 0.140508 0.393999 -0.377718 0.166638 0.3889
-0.37853 0.140017 0.394095 -0.377737 0.16618 0.388989
-0.378549 0.139527 0.394191 -0.377755 0.165723 0.389079
-0.378568 0.139037 0.394287 -0.377774 0.165265 0.389168
-0.378588 0.138547 0.394383 -0.377792 0.164808 0.389258
-0.378607 0.138056 0.394479 -0.377811 0.164351 0.389348
-0.378627 0.137566 0.394576 -0.377829 0.163895 0.389437
-0.378646 0.137076 0.394672 -0.377848 0.163441 0.389526
-0.378666 0.136585 0.394768 -0.377884 0.162538 0.389703
-0.378685 0.136095 0.394864 -0.377901 0.162087 0.389791
-0.378705 0.135605 0.39496 -0.377919 0.161637 0.389879
-0.378724 0.135115 0.395056 -0.377937 0.161185 0.389967
-0.378744 0.134624 0.395153 -0.377955 0.160733 0.390056
-0.378763 0.134134 0.395249 -0.377973 0.16028 0.390144
-0.378783 0.133644 0.395345 -0.377992 0.159827 0.390233
-0.378802 0.133153 0.395441 -0.37801 0.159372 0.390322
-0.378822 0.132663 0.395537 -0.378028 0.158917 0.390411
-0.378841 0.132173 0.395633 -0.378047 0.158461 0.390501
-0.378861 0.131683 0.395729 -0.378065 0.158004 0.39059
-0.37888 0.131192 0.395826 -0.378083 0.157547 0.39068
-0.3789 0.130702 0.395922 -0.378102 0.157089 0.390769
-0.378919 0.130212 0.396018 -0.378121 0.15663 0.390859
-0.378939 0.129721 0.396114 -0.378139 0.15617 0.390949
-0.378958 0.129231 0.39621 -0.378158 0.155709 0.391039
-0.378978 0.128741 0.396306 -0.378177 0.155249 0.391129
-0.378997 0.128251 0.396403 -0.378196 0.154789 0.39122
-0.379017 0.12776 0.396499 -0.378232 0.153872 0.391399
-0.379036 0.12727 0.396595 -0.378251 0.153416 0.391488
-0.379056 0.12678 0.396691 -0.378269 0.152962 0.391577
-0.379075 0.126289 0.396787 -0.378287 0.152509 0.391666
-0.379095 0.125799 0.396883 -0.378304 0.152058 0.391754
-0.379114 0.125309 0.396979 -0.378322 0.151608 0.391842
-0.379134 0.124819 0.397076 -0.37834 0.151158 0.39193
-0.379153 0.124328 0.397172 -0.378357 0.150708 0.392018
-0.379173 0.123838 0.397268 -0.378393 0.149807 0.392195
-0.379192 0.123348 0.397364 -0.378411 0.149354 0.392283
-0.379212 0.122858 0.39746 -0.378429 0.148901 0.392372
-0.379231 0.122367 0.397556 -0.378447 0.148447 0.392461
-0.379251 0.121877 0.397652 -0.378465 0.147991 0.39255
-0.37927 0.121387 0.397749 -0.378483 0.147535 0.39264
-0.37929 0.120896 0.397845 -0.378502 0.147077 0.392729
-0.379309 0.120406 0.397941 -0.37852 0.14662 0.392819
-0.379329 0.119916 0.398037 -0.378539 0.146161 0.392908
-0.379348 0.119426 0.398133 -0.378557 0.145702 0.392998
-0.379368 0.118935 0.398229 -0.378576 0.145243 0.393088
-0.379387 0.118445 0.398326 -0.378594 0.144783 0.393178
-0.379407 0.117955 0.398422 -0.378613 0.144322 0.393268
-0.379426 0.117464 0.398518 -0.378632 0.143861 0.393359
-0.379446 0.116974 0.398614 -0.378669 0.142937 0.39354
-0.379465 0.116484 0.39871 -0.378688 0.142475 0.39363
-0.379485 0.115994 0.398806 -0.378707 0.142012 0.393721
-0.379504 0.115503 0.398902 -0.378726 0.14155 0.393811
-0.379524 0.115013 0.398999 -0.378744 0.141088 0.393902
-0.379543 0.114523 0.399095 -0.378763 0.140627 0.393992
-0.379563 0.114032 0.399191 -0.378781 0.140166 0.394082
-0.379582 0.113542 0.399287 -0.3788 0.139704 0.394173
-0.379602 0.113052 0.399383 -0.378819 0.139243 0.394263
-0.379621 0.112562 0.399479 -0.378837 0.138781 0.394354
-0.379641 0.112071 0.399575 -0.378856 0.138319 0.394444
-0.37966 0.111581 0.399672 -0.378893 0.137394 0.394625
-0.37968 0.111091 0.399768 -0.378912 0.136931 0.394716
-0.379699 0.110601 0.399864 -0.37893 0.136468 0.394806
-0.379719 0.11011 0.39996 -0.378949 0.136005 0.394897
-0.379738 0.10962 0.400056 -0.378968 0.135543 0.394988
-0.379758 0.10913 0.400152 -0.378986 0.13508 0.395078
-0.379777 0.108639 0.400249 -0.379005 0.134618 0.395169
-0.379797 0.108149 0.400345 -0.379023 0.134157 0.395259
-0.379816 0.107659 0.400441 -0.379041 0.133696 0.395349
-0.379836 0.107169 0.400537 -0.37906 0.133236 0.395439
-0.379855 0.106678 0.400633 -0.379078 0.132777 0.395529
-0.379875 0.106188 0.400729 -0.379096 0.132318 0.395619
-0.379894 0.105698 0.400825 -0.379132 0.131406 0.395797
-0.379914 0.105207 0.400922 -0.379167 0.130496 0.395976
-0.379933 0.104717 0.401018 -0.379185 0.130041 0.396065
-0.379952 0.104227 0.401114 -0.379203 0.129585 0.396154
-0.379972 0.103737 0.40121 -0.379221 0.12913 0.396243
-0.379991 0.103246 0.401306 -0.379239 0.128675 0.396332
-0.380011 0.102756 0.401402 -0.379257 0.12822 0.396421
-0.38003 0.102266 0.401499 -0.379275 0.127765 0.39651
-0.38005 0.101775 0.401595 -0.379292 0.127311 0.396599
-0.380069 0.101285 0.401691 -0.37931 0.126858 0.396688
-0.380089 0.100795 0.401787 -0.379328 0.126406 0.396776
-0.380108 0.100305 0.401883 -0.379345 0.125956 0.396864
-0.380128 0.0998143 0.401979 -0.379362 0.125508 0.396952
-0.380147 0.0993241 0.402075 -0.379379 0.125061 0.397039
-0.380167 0.0988338 0.402172 -0.379396 0.124618 0.397126
-0.380186 0.0983435 0.402268 -0.379413 0.124176 0.397213
-0.380206 0.0978532 0.402364 -0.37943 0.123734 0.397299
-0.380225 0.0973629 0.40246 -0.37948 0.122405 0.397559
-0.380245 0.0968727 0.402556 -0.379498 0.12196 0.397646
-0.380264 0.0963824 0.402652 -0.379515 0.121515 0.397734
-0.380284 0.0958921 0.402748 -0.379532 0.121069 0.397821
-0.380303 0.0954018 0.402845 -0.37955 0.120622 0.397908
-0.380323 0.0949115 0.402941 -0.379567 0.120176 0.397996
-0.380342 0.0944213 0.403037 -0.379584 0.119729 0.398083
-0.380362 0.093931 0.403133 -0.379602 0.119283 0.398171
-0.380381 0.0934407 0.403229 -0.379637 0.118391 0.398345
-0.380401 0.0929504 0.403325 -0.379654 0.117945 0.398433
-0.38042 0.0924601 0.403422 -0.379671 0.117499 0.39852
-0.38044 0.0919699 0.403518 -0.379689 0.117054 0.398607
-0.380459 0.0914796 0.403614 -0.379724 0.116162 0.398782
-0.380479 0.0909893 0.40371 -0.379741 0.115716 0.398869
-0.380498 0.090499 0.403806 -0.379759 0.11527 0.398957
-0.380518 0.0900087 0.403902 -0.379776 0.114824 0.399044
-0.380537 0.0895184 0.403998 -0.379794 0.114378 0.399131
-0.380557 0.0890282 0.404095 -0.379811 0.113934 0.399218
-0.380576 0.0885379 0.404191 -0.379828 0.11349 0.399305
-0.380596 0.0880476 0.404287 -0.379846 0.113047 0.399392
-0.380615 0.0875573 0.404383 -0.37988 0.112164 0.399565
-0.380635 0.087067 0.404479 -0.379897 0.111722 0.399651
-0.380654 0.0865768 0.404575 -0.379914 0.111282 0.399737
-0.380674 0.0860865 0.404672 -0.379931 0.110841 0.399824
-0.380693 0.0855962 0.404768 -0.379949 0.110401 0.39991
-0.380713 0.0851059 0.404864 -0.379966 0.10996 0.399996
-0.380732 0.0846156 0.40496 -0.379983 0.10952 0.400083
-0.380752 0.0841254 0.405056 -0.38 0.109079 0.400169
-0.380771 0.0836351 0.405152 -0.380017 0.108638 0.400255
-0.380791 0.0831448 0.405248 -0.380035 0.108196 0.400342
-0.38081 0.0826545 0.405345 -0.380052 0.107754 0.400428
-0.38083 0.0821642 0.405441 -0.380069 0.107312 0.400515
-0.380849 0.081674 0.405537 -0.380087 0.10687 0.400601
-0.380869 0.0811837 0.405633 -0.380104 0.106428 0.400688
-0.380888 0.0806934 0.405729 -0.380122 0.105986 0.400775
-0.380908 0.0802031 0.405825 -0.380139 0.105543 0.400861
-0.380927 0.0797128 0.405921 -0.380157 0.105102 0.400948
-0.380947 0.0792226 0.406018 -0.380174 0.10466 0.401034
-0.380966 0.0787323 0.406114 -0.380191 0.104217 0.401121
-0.380986 0.078242 0.40621 -0.380226 0.103332 0.401295
-0.381005 0.0777517 0.406306 -0.380244 0.102888 0.401381
-0.381025 0.0772614 0.406402 -0.380262 0.102444 0.401468
-0.381044 0.0767712 0.406498 -0.380279 0.102 0.401555
-0.381064 0.0762809 0.406595 -0.380297 0.101555 0.401643
-0.381083 0.0757906 0.406691 -0.380315 0.101111 0.40173
-0.381103 0.0753003 0.406787 -0.380333 0.100666 0.401817
-0.381122 0.07481 0.406883 -0.38035 0.100222 0.401904
-0.381142 0.0743198 0.406979 -0.380368 0.0997782 0.401991
-0.381161 0.0738295 0.407075 -0.380403 0.0988906 0.402165
-0.381181 0.0733392 0.407171 -0.380421 0.0984468 0.402251
-0.3812 0.0728489 0.407268 -0.380439 0.0980029 0.402338
-0.38122 0.0723586 0.407364 -0.380527 0.0957821 0.402774
-0.381239 0.0718683 0.40746 -0.380543 0.09534 0.40286
-0.381259 0.0713781 0.407556 -0.380559 0.0948994 0.402946
-0.381278 0.0708878 0.407652 -0.380574 0.0944605 0.403032
-0.381298 0.0703975 0.407748 -0.380589 0.0940231 0.403118
-0.381317 0.0699072 0.407844 -0.380617 0.0931531 0.403288
-0.381337 0.0694169 0.407941 -0.38063 0.0927205 0.403373
-0.381356 0.0689267 0.408037 -0.380643 0.0922895 0.403457
-0.381375 0.0684364 0.408133 -0.380655 0.09186 0.403541
-0.381395 0.0679461 0.408229 -0.380666 0.0914322 0.403625
-0.381414 0.0674558 0.408325 -0.380677 0.0910059 0.403709
-0.381434 0.0669655 0.408421 -0.380687 0.0905812 0.403792
-0.381453 0.0664753 0.408518 -0.380697 0.0901581 0.403874
-0.381473 0.065985 0.408614 -0.380706 0.0897366 0.403957
-0.381492 0.0654947 0.40871 -0.380715 0.0893166 0.404039
-0.381512 0.0650044 0.408806 -0.380723 0.0888982 0.404121
-0.381531 0.0645141 0.408902 -0.380738 0.0880663 0.404284
-0.381551 0.0640239 0.408998 -0.380745 0.0876526 0.404365
-0.38157 0.0635336 0.409094 -0.380751 0.0872406 0.404445
-0.38159 0.0630433 0.409191 -0.380757 0.0868301 0.404525
-0.381609 0.062553 0.409287 -0.380762 0.0864212 0.404605
-0.381629 0.0620627 0.409383 -0.380767 0.0860139 0.404685
-0.381648 0.0615725 0.409479 -0.380771 0.0856082 0.404764
-0.381668 0.0610822 0.409575 -0.380775 0.085204 0.404843
-0.381687 0.0605919 0.409671 -0.380779 0.0848015 0.404922
-0.381707 0.0601016 0.409768 -0.380781 0.0844005 0.405
-0.381726 0.0596113 0.409864 -0.380784 0.084001 0.405079
-0.381746 0.0591211 0.40996 -0.380786 0.0836032 0.405156
-0.381765 0.0586308 0.410056 -0.380787 0.0832069 0.405234
-0.381785 0.0581405 0.410152 -0.380789 0.0828122 0.405311
-0.381804 0.0576502 0.410248 -0.380789 0.0824191 0.405388
-0.381824 0.0571599 0.410344 -0.38079 0.0820275 0.405464
-0.381843 0.0566697 0.410441 -0.380789 0.0816375 0.40554
-0.381863 0.0561794 0.410537 -0.380789 0.0812491 0.405616
-0.381882 0.0556891 0.410633 -0.380788 0.0808623 0.405692
-0.381902 0.0551988 0.410729 -0.380785 0.0800933 0.405842
-0.381921 0.0547085 0.410825 -0.380782 0.0797112 0.405917
-0.381941 0.0542182 0.410921 -0.38078 0.0793306 0.405991
-0.38196 0.053728 0.411017 -0.380777 0.0789516 0.406065
-0.38198 0.0532377 0.411114 -0.380774 0.0785742 0.406139
-0.381999 0.0527474 0.41121 -0.380766 0.077824 0.406285
-0.382019 0.0522571 0.411306 -0.380761 0.0774513 0.406358
-0.382038 0.0517668 0.411402 -0.380756 0.0770801 0.406431
-0.382058 0.0512766 0.411498 -0.380746 0.0763425 0.406575
-0.382077 0.0507863 0.411594 -0.38074 0.075976 0.406646
-0.382097 0.050296 0.411691 -0.380734 0.0756111 0.406718
-0.382116 0.0498057 0.411787 -0.380727 0.0752477 0.406788
-0.382136 0.0493154 0.411883 -0.38072 0.0748859 0.406859
-0.382155 0.0488252 0.411979 -0.380713 0.0745257 0.406929
-0.382175 0.0483349 0.412075 -0.380705 0.074167 0.406999
-0.382194 0.0478446 0.412171 -0.380697 0.0738099 0.407069
-0.382214 0.0473543 0.412267 -0.380689 0.0734543 0.407139
-0.382233 0.046864 0.412364 -0.38068 0.0731003 0.407208
-0.382253 0.0463738 0.41246 -0.380672 0.0727479 0.407277
-0.382272 0.0458835 0.412556 -0.380662 0.072397 0.407345
-0.382292 0.0453932 0.412652 -0.380653 0.0720476 0.407413
-0.382311 0.0449029 0.412748 -0.380643 0.0716999 0.407481
-0.382331 0.0444126 0.412844 -0.380633 0.0713536 0.407549
-0.38235 0.0439224 0.41294 -0.380612 0.0706658 0.407683
-0.38237 0.0434321 0.413037 -0.380601 0.0703242 0.40775
-0.382389 0.0429418 0.413133 -0.38059 0.0699842 0.407816
-0.382409 0.0424515 0.413229 -0.380579 0.0696457 0.407882
-0.382428 0.0419612 0.413325 -0.380567 0.0693088 0.407948
-0.382448 0.041471 0.413421 -0.380555 0.0689734 0.408013
-0.382467 0.0409807 0.413517 -0.380543 0.0686396 0.408079
-0.382487 0.0404904 0.413614 -0.380531 0.0683073 0.408143
-0.382506 0.0400001 0.41371 -0.380518 0.0679765 0.408208
-0.382526 0.0395098 0.413806 -0.380505 0.0676473 0.408272
-0.382545 0.0390196 0.413902 -0.380492 0.0673197 0.408336
-0.382565 0.0385293 0.413998 -0.380465 0.066669 0.408463
-0.382584 0.038039 0.414094 -0.380451 0.0663459 0.408526
-0.382604 0.0375487 0.41419 -0.380437 0.0660244 0.408589
-0.382623 0.0370584 0.414287 -0.380422 0.0657045 0.408651
-0.382643 0.0365681 0.414383 -0.380408 0.0653861 0.408714
-0.382662 0.0360779 0.414479 -0.380393 0.0650692 0.408775
-0.382682 0.0355876 0.414575 -0.380378 0.0647539 0.408837
-0.382701 0.0350973 0.414671 -0.380363 0.0644401 0.408898
-0.382721 0.034607 0.414767 -0.380347 0.0641278 0.408959
-0.38274 0.0341167 0.414864 -0.380332 0.0638171 0.40902
-0.382759 0.0336265 0.41496 -0.380316 0.0635079 0.40908
-0.382779 0.0331362 0.415056 -0.3803 0.0632002 0.40914
-0.382798 0.0326459 0.415152 -0.380284 0.0628941 0.4092
-0.382818 0.0321556 0.415248 -0.380251 0.0622864 0.409319
-0.382837 0.0316653 0.415344 -0.380234 0.0619848 0.409377
-0.382857 0.0311751 0.41544 -0.380218 0.0616848 0.409436
-0.382876 0.0306848 0.415537 -0.380201 0.0613863 0.409494
-0.382896 0.0301945 0.415633 -0.380183 0.0610894 0.409552
-0.382915 0.0297042 0.415729 -0.380166 0.060794 0.40961
-0.382935 0.0292139 0.415825 -0.380149 0.0605001 0.409667
-0.382954 0.0287237 0.415921 -0.380131 0.0602077 0.409724
-0.382974 0.0282334 0.416017 -0.380113 0.0599168 0.409781
-0.382993 0.0277431 0.416113 -0.380095 0.0596275 0.409838
-0.383013 0.0272528 0.41621 -0.380077 0.0593397 0.409894
-0.383032 0.0267625 0.416306 -0.380059 0.0590534 0.40995
-0.383052 0.0262723 0.416402 -0.380041 0.0587686 0.410005
-0.383071 0.025782 0.416498 -0.380022 0.0584854 0.410061
-0.383091 0.0252917 0.416594 -0.380004 0.0582036 0.410116
-0.38311 0.0248014 0.41669 -0.379985 0.0579234 0.41017
-0.38313 0.0243111 0.416787 -0.379966 0.0576447 0.410225
-0.383149 0.0238209 0.416883 -0.37989 0.0565451 0.410439
-0.383169 0.0233306 0.416979 -0.37987 0.056274 0.410492
-0.383188 0.0228403 0.417075 -0.379851 0.0560044 0.410545
-0.383208 0.02235 0.417171 -0.379831 0.0557363 0.410597
-0.383227 0.0218597 0.417267 -0.379812 0.0554697 0.410649
-0.383247 0.0213695 0.417363 -0.379792 0.0552046 0.410701
-0.383266 0.0208792 0.41746 -0.379772 0.054941 0.410752
-0.383286 0.0203889 0.417556 -0.379752 0.054679 0.410804
-0.383305 0.0198986 0.417652 -0.379732 0.0544184 0.410854
-0.383325 0.0194083 0.417748 -0.379712 0.0541593 0.410905
-0.383344 0.0189181 0.417844 -0.379692 0.0539018 0.410955
-0.383364 0.0184278 0.41794 -0.379672 0.0536458 0.411005
-0.383383 0.0179375 0.418036 -0.379652 0.0533912 0.411055
-0.383403 0.0174472 0.418133 -0.379631 0.0531382 0.411104
-0.383422 0.0169569 0.418229 -0.379611 0.0528867 0.411154
-0.383442 0.0164666 0.418325 -0.37959 0.0526366 0.411202
-0.383461 0.0159764 0.418421 -0.37957 0.0523881 0.411251
-0.383481 0.0154861 0.418517 -0.379549 0.0521411 0.411299
-0.3835 0.0149958 0.418613 -0.379508 0.0516515 0.411395
-0.38352 0.0145055 0.41871 -0.379487 0.051409 0.411442
-0.383539 0.0140152 0.418806 -0.379467 0.0511679 0.411489
-0.383559 0.013525 0.418902 -0.379446 0.0509284 0.411536
-0.383578 0.0130347 0.418998 -0.379425 0.0506903 0.411583
-0.383598 0.0125444 0.419094 -0.379404 0.0504538 0.411629
-0.383617 0.0120541 0.41919 -0.379384 0.0502187 0.411675
-0.383637 0.0115638 0.419286 -0.379363 0.0499851 0.41172
-0.383656 0.0110736 0.419383 -0.379342 0.049753 0.411766
-0.383676 0.0105833 0.419479 -0.379321 0.0495224 0.411811
-0.383695 0.010093 0.419575 -0.3793 0.0492933 0.411855
-0.383715 0.00960272 0.419671 -0.379279 0.0490657 0.4119
-0.383734 0.00911244 0.419767 -0.379258 0.0488396 0.411944
-0.383754 0.00862216 0.419863 -0.379237 0.048615 0.411988
-0.383773 0.00813188 0.41996 -0.379216 0.0483918 0.412032
-0.383793 0.0076416 0.420056 -0.379195 0.0481701 0.412075
-0.383812 0.00715132 0.420152 -0.379174 0.0479499 0.412118
-0.383832 0.00666104 0.420248 -0.379153 0.0477312 0.412161
-0.383851 0.00617076 0.420344 -0.379132 0.047514 0.412203
-0.383871 0.00568048 0.42044 -0.379111 0.0472983 0.412245
-0.38389 0.0051902 0.420536 -0.37909 0.047084 0.412287
-0.38391 0.00469991 0.420633 -0.37907 0.0468713 0.412329
-0.383929 0.00420963 0.420729 -0.379049 0.04666 0.41237
-0.383949 0.00371935 0.420825 -0.379028 0.0464502 0.412411
-0.383968 0.00322907 0.420921 -0.378986 0.046035 0.412492
-0.383988 0.00273879 0.421017 -0.378965 0.0458296 0.412532
-0.384007 0.00224851 0.421113 -0.378945 0.0456257 0.412572
-0.384027 0.00175823 0.421209 -0.378924 0.0454233 0.412612
-0.384046 0.00126795 0.421306 -0.378903 0.0452223 0.412651
-0.384066 0.00077767 0.421402 -0.378882 0.0450228 0.41269
-0.384085 0.00028739 0.421498 -0.378862 0.0448248 0.412729
-0.384105 -0.000202891 0.421594 -0.378841 0.0446283 0.412767
-0.384124 -0.000693171 0.42169 -0.378821 0.0444332 0.412805
-0.384143 -0.00118345 0.421786 -0.3788 0.0442396 0.412843
-0.384163 -0.00167373 0.421883 -0.37878 0.0440475 0.412881
-0.384182 -0.00216401 0.421979 -0.378759 0.0438568 0.412918
-0.384202 -0.00265429 0.422075 -0.378739 0.0436676 0.412955
-0.384221 -0.00314457 0.422171 -0.378719 0.0434799 0.412991
-0.384241 -0.00363485 0.422267 -0.378698 0.0432937 0.413028
-0.38426 -0.00412514 0.422363 -0.378678 0.0431089 0.413064
-0.38428 -0.00461542 0.422459 -0.378658 0.0429256 0.4131
-0.384299 -0.0051057 0.422556 -0.378618 0.0425633 0.413171
-0.384319 -0.00559598 0.422652 -0.378598 0.0423844 0.413206
-0.384338 -0.00608626 0.422748 -0.378578 0.0422069 0.41324
-0.384358 -0.00657654 0.422844 -0.378559 0.0420309 0.413275
-0.384377 -0.00706682 0.42294 -0.378539 0.0418564 0.413309
-0.384397 -0.0075571 0.423036 -0.378519 0.0416833 0.413343
-0.384416 -0.00804738 0.423132 -0.3785 0.0415117 0.413376
-0.384436 -0.00853766 0.423229 -0.37848 0.0413415 0.41341
-0.384455 -0.00902794 0.423325 -0.378461 0.0411728 0.413443
-0.384475 -0.00951822 0.423421 -0.378442 0.0410055 0.413475
-0.384494 -0.0100085 0.423517 -0.378423 0.0408397 0.413508
-0.384514 -0.0104988 0.423613 -0.378403 0.0406754 0.41354
-0.384533 -0.0109891 0.423709 -0.378384 0.0405125 0.413572
-0.384553 -0.0114793 0.423806 -0.378366 0.0403511 0.413603
-0.384572 -0.0119696 0.423902 -0.378347 0.0401911 0.413635
-0.384592 -0.0124599 0.423998 -0.378328 0.0400326 0.413666
-0.384611 -0.0129502 0.424094 -0.378309 0.0398755 0.413696
-0.384631 -0.0134405 0.42419 -0.378291 0.0397199 0.413727
-0.38465 -0.0139307 0.424286 -0.378273 0.0395658 0.413757
-0.38467 -0.014421 0.424382 -0.378254 0.0394131 0.413787
-0.384689 -0.0149113 0.424479 -0.378236 0.0392618 0.413816
-0.384709 -0.0154016 0.424575 -0.378218 0.039112 0.413846
-0.384728 -0.0158919 0.424671 -0.3782 0.0389636 0.413875
-0.384748 -0.0163821 0.424767 -0.378182 0.0388167 0.413904
-0.384767 -0.0168724 0.424863 -0.378164 0.0386713 0.413932
-0.384787 -0.0173627 0.424959 -0.378129 0.0383847 0.413988
-0.384806 -0.017853 0.425056 -0.378112 0.0382436 0.414016
-0.384826 -0.0183433 0.425152 -0.378094 0.0381039 0.414043
-0.384845 -0.0188336 0.425248 -0.378077 0.0379656 0.41407
-0.384865 -0.0193238 0.425344 -0.37806 0.0378289 0.414097
-0.384884 -0.0198141 0.42544 -0.378043 0.0376935 0.414123
-0.384904 -0.0203044 0.425536 -0.378027 0.0375596 0.41415
-0.384923 -0.0207947 0.425632 -0.37801 0.0374271 0.414175
-0.384943 -0.021285 0.425729 -0.377993 0.0372961 0.414201
-0.384962 -0.0217752 0.425825 -0.377977 0.0371665 0.414226
-0.384982 -0.0222655 0.425921 -0.377961 0.0370384 0.414252
-0.385001 -0.0227558 0.426017 -0.377945 0.0369117 0.414276
-0.385021 -0.0232461 0.426113 -0.377929 0.0367865 0.414301
-0.38504 -0.0237364 0.426209 -0.377913 0.0366626 0.414325
-0.38506 -0.0242266 0.426305 -0.377897 0.0365403 0.414349
-0.385079 -0.0247169 0.426402 -0.377882 0.0364193 0.414373
-0.385099 -0.0252072 0.426498 -0.377866 0.0362998 0.414396
-0.385118 -0.0256975 0.426594 -0.377851 0.0361818 0.414419
-0.385138 -0.0261878 0.42669 -0.377836 0.0360651 0.414442
-0.385157 -0.026678 0.426786 -0.377806 0.0358362 0.414487
-0.385177 -0.0271683 0.426882 -0.377791 0.0357239 0.414509
-0.385196 -0.0276586 0.426979 -0.377777 0.035613 0.414531
-0.385216 -0.0281489 0.427075 -0.377762 0.0355035 0.414552
-0.385235 -0.0286392 0.427171 -0.377748 0.0353955 0.414573
-0.385255 -0.0291294 0.427267 -0.377734 0.0352889 0.414594
-0.385274 -0.0296197 0.427363 -0.37772 0.0351838 0.414615
-0.385294 -0.03011 0.427459 -0.377707 0.03508 0.414635
-0.385313 -0.0306003 0.427555 -0.377693 0.0349777 0.414655
-0.385333 -0.0310906 0.427652 -0.377679 0.0348769 0.414675
-0.385352 -0.0315808 0.427748 -0.377666 0.0347775 0.414694
-0.385372 -0.0320711 0.427844 -0.377653 0.0346795 0.414713
-0.385391 -0.0325614 0.42794 -0.37764 0.0345829 0.414732
-0.385411 -0.0330517 0.428036 -0.377627 0.0344878 0.414751
-0.38543 -0.033542 0.428132 -0.377615 0.034394 0.414769
-0.38545 -0.0340322 0.428229 -0.377602 0.0343018 0.414787
-0.385469 -0.0345225 0.428325 -0.37759 0.0342109 0.414805
-0.385489 -0.0350128 0.428421 -0.377578 0.0341215 0.414823
-0.385508 -0.0355031 0.428517 -0.377566 0.0340335 0.41484
-0.385528 -0.0359934 0.428613 -0.377554 0.0339469 0.414857
-0.385547 -0.0364837 0.428709 -0.377543 0.0338618 0.414874
-0.385566 -0.0369739 0.428805 -0.377531 0.0337781 0.41489
-0.385586 -0.0374642 0.428902 -0.37752 0.0336958 0.414906
-0.385605 -0.0379545 0.428998 -0.377498 0.0335355 0.414938
-0.385625 -0.0384448 0.429094 -0.377487 0.0334574 0.414953
-0.385644 -0.0389351 0.42919 -0.377477 0.0333808 0.414968
-0.385664 -0.0394253 0.429286 -0.377466 0.0333057 0.414983
-0.385683 -0.0399156 0.429382 -0.377456 0.0332319 0.414997
-0.385703 -0.0404059 0.429478 -0.377446 0.0331596 0.415011
-0.385722 -0.0408962 0.429575 -0.377436 0.0330887 0.415025
-0.385742 -0.0413865 0.429671 -0.377427 0.0330192 0.415039
-0.385761 -0.0418767 0.429767 -0.377417 0.0329512 0.415052
-0.385781 -0.042367 0.429863 -0.377399 0.0328193 0.415078
-0.3858 -0.0428573 0.429959 -0.37739 0.0327556 0.41509
-0.38582 -0.0433476 0.430055 -0.377381 0.0326932 0.415103
-0.385839 -0.0438379 0.430152 -0.377373 0.0326322 0.415114
-0.385859 -0.0443281 0.430248 -0.377365 0.0325727 0.415126
-0.385878 -0.0448184 0.430344 -0.377356 0.0325146 0.415138
-0.385898 -0.0453087 0.43044 -0.377348 0.0324579 0.415149
-0.385917 -0.045799 0.430536 -0.377341 0.0324027 0.415159
-0.385937 -0.0462893 0.430632 -0.377333 0.0323488 0.41517
-0.385956 -0.0467795 0.430728 -0.377326 0.0322964 0.41518
-0.385976 -0.0472698 0.430825 -0.377319 0.0322454 0.41519
-0.385995 -0.0477601 0.430921 -0.377312 0.0321958 0.4152
-0.386015 -0.0482504 0.431017 -0.377305 0.0321476 0.415209
-0.386034 -0.0487407 0.431113 -0.377298 0.0321009 0.415219
-0.386054 -0.0492309 0.431209 -0.377292 0.0320555 0.415227
-0.386073 -0.0497212 0.431305 -0.377286 0.0320116 0.415236
-0.386093 -0.0502115 0.431401 -0.377279 0.0319691 0.415244
-0.386112 -0.0507018 0.431498 -0.377274 0.031928 0.415252
-0.386132 -0.0511921 0.431594 -0.377268 0.0318884 0.41526
-0.386151 -0.0516823 0.43169 -0.377263 0.0318501 0.415268
-0.386171 -0.0521726 0.431786 -0.377257 0.0318133 0.415275
-0.38619 -0.0526629 0.431882 -0.377252 0.0317779 0.415282
-0.38621 -0.0531532 0.431978 -0.377247 0.0317439 0.415289
-0.386229 -0.0536435 0.432075 -0.377243 0.0317113 0.415295
-0.386249 -0.0541337 0.432171 -0.377238 0.0316802 0.415301
-0.386268 -0.054624 0.432267 -0.377234 0.0316504 0.415307
-0.386288 -0.0551143 0.432363 -0.37723 0.0316221 0.415312
-0.386307 -0.0556046 0.432459 -0.377226 0.0315952 0.415318
-0.386327 -0.0560949 0.432555 -0.377223 0.0315697 0.415323
-0.386346 -0.0565852 0.432651 -0.377216 0.0315229 0.415332
-0.386366 -0.0570754 0.432748 -0.377213 0.0315017 0.415336
-0.386385 -0.0575657 0.432844 -0.37721 0.0314818 0.41534
-0.386405 -0.058056 0.43294 -0.377207 0.0314634 0.415344
-0.386424 -0.0585463 0.433036 -0.377205 0.0314464 0.415347
-0.386444 -0.0590366 0.433132 -0.377203 0.0314308 0.41535
-0.386463 -0.0595268 0.433228 -0.377201 0.0314166 0.415353
-0.386483 -0.0600171 0.433325 -0.377199 0.0314039 0.415355
-0.386502 -0.0605074 0.433421 -0.377197 0.0313925 0.415357
-0.386522 -0.0609977 0.433517 -0.377193 0.0313613 0.415364
-0.386541 -0.061488 0.433613 -0.377192 0.031357 0.415364
-0.386561 -0.0619782 0.433709 -0.377192 0.0313541 0.415365
-0.38658 -0.0624685 0.433805 -0.377192 0.0313527 0.415365
-0.3866 -0.0629588 0.433901 -0.377191 0.0313525 0.415365
-0.386619 -0.0634491 0.433998 -0.377203 0.0313638 0.415363
-0.386639 -0.0639394 0.434094 -0.377231 0.0313464 0.415367
-0.386658 -0.0644296 0.43419 -0.377276 0.0312651 0.415385
-0.386678 -0.0649199 0.434286 -0.377334 0.0311209 0.415415
-0.386697 -0.0654102 0.434382 -0.377395 0.0309581 0.415448
-0.386717 -0.0659005 0.434478 -0.377464 0.0307504 0.415491
-0.386736 -0.0663908 0.434574 -0.377547 0.03048 0.415547
-0.386756 -0.066881 0.434671 -0.377642 0.0301466 0.415616
-0.386775 -0.0673713 0.434767 -0.377872 0.0292907 0.415791
-0.386795 -0.0678616 0.434863 -0.378005 0.0287679 0.415898
-0.386814 -0.0683519 0.434959 -0.378151 0.0281819 0.416018
-0.386834 -0.0688422 0.435055 -0.378309 0.0275324 0.416151
-0.386853 -0.0693324 0.435151 -0.378479 0.0268195 0.416296
-0.386873 -0.0698227 0.435248 -0.37866 0.0260428 0.416454
-0.386892 -0.070313 0.435344 -0.378851 0.0252039 0.416625
-0.386912 -0.0708033 0.43544 -0.379052 0.0243068 0.416808
-0.386931 -0.0712936 0.435536 -0.379262 0.0233553 0.417001
-0.38695 -0.0717838 0.435632 -0.379478 0.0223531 0.417204
-0.38697 -0.0722741 0.435728 -0.379701 0.0213037 0.417417
-0.386989 -0.0727644 0.435824 -0.379928 0.0202105 0.417639
-0.387009 -0.0732547 0.435921 -0.38016 0.0190768 0.417868
-0.387028 -0.073745 0.436017 -0.380395 0.0179055 0.418105
-0.387048 -0.0742353 0.436113 -0.380632 0.0166997 0.418348
-0.387067 -0.0747255 0.436209 -0.380871 0.0154624 0.418598
-0.387087 -0.0752158 0.436305 -0.381111 0.0141962 0.418853
-0.387106 -0.0757061 0.436401 -0.38135 0.0129039 0.419113
-0.387126 -0.0761964 0.436497 -0.381589 0.0115882 0.419378
-0.387145 -0.0766867 0.436594 -0.381826 0.0102513 0.419646
-0.387165 -0.0771769 0.43669 -0.382062 0.00889565 0.419918
-0.387184 -0.0776672 0.436786 -0.382295 0.00752347 0.420193
-0.387204 -0.0781575 0.436882 -0.382525 0.00613686 0.42047
-0.387223 -0.0786478 0.436978 -0.382752 0.00473824 0.42075
-0.387243 -0.0791381 0.437074 -0.382975 0.00332991 0.421031
-0.387262 -0.0796283 0.437171 -0.383193 0.00191405 0.421313
-0.387282 -0.0801186 0.437267 -0.383616 -0.000933341 0.42188
-0.387301 -0.0806089 0.437363 -0.38382 -0.00236352 0.422164
-0.387321 -0.0810992 0.437459 -0.384403 -0.00667161 0.423019
-0.38734 -0.0815895 0.437555 -0.384587 -0.00810936 0.423303
-0.38736 -0.0820797 0.437651 -0.384766 -0.00954562 0.423588
-0.387379 -0.08257 0.437747 -0.384939 -0.0109791 0.423871
-0.387399 -0.0830603 0.437844 -0.385107 -0.0124088 0.424153
-0.387418 -0.0835506 0.43794 -0.385269 -0.0138339 0.424434
-0.387438 -0.0840409 0.438036 -0.385426 -0.0152536 0.424714
-0.387457 -0.0845311 0.438132 -0.385577 -0.016667 0.424992
-0.387477 -0.0850214 0.438228 -0.385723 -0.0180736 0.425269
-0.387496 -0.0855117 0.438324 -0.385863 -0.0194725 0.425544
-0.387516 -0.086002 0.438421 -0.385998 -0.0208632 0.425818
-0.387535 -0.0864923 0.438517 -0.386128 -0.0222451 0.426089
-0.387555 -0.0869825 0.438613 -0.386252 -0.0236174 0.426358
-0.387574 -0.0874728 0.438709 -0.386372 -0.0249793 0.426625
-0.387594 -0.0879631 0.438805 -0.386485 -0.0263301 0.42689
-0.387613 -0.0884534 0.438901 -0.386594 -0.0276692 0.427152
-0.387633 -0.0889437 0.438997 -0.386698 -0.0289957 0.427411
-0.387652 -0.0894339 0.439094 -0.386797 -0.0303088 0.427668
-0.387672 -0.0899242 0.43919 -0.38689 -0.0316076 0.427922
-0.387691 -0.0904145 0.439286 -0.386979 -0.0328916 0.428173
-0.387711 -0.0909048 0.439382 -0.387063 -0.0341614 0.42842
-0.38773 -0.0913951 0.439478 -0.387143 -0.0354176 0.428665
-0.38775 -0.0918854 0.439574 -0.387291 -0.0378917 0.429148
-0.387769 -0.0923756 0.43967 -0.387359 -0.0391101 0.429385
-0.387789 -0.0928659 0.439767 -0.387424 -0.040316 0.42962
-0.387808 -0.0933562 0.439863 -0.387485 -0.0415094 0.429852
-0.387828 -0.0938465 0.439959 -0.387543 -0.0426902 0.430082
-0.387847 -0.0943368 0.440055 -0.387598 -0.0438584 0.430309
-0.387867 -0.094827 0.440151 -0.3877 -0.046156 0.430756
-0.387886 -0.0953173 0.440247 -0.387746 -0.0472852 0.430975
-0.387906 -0.0958076 0.440344 -0.387789 -0.0484013 0.431192
-0.387925 -0.0962979 0.44044 -0.38783 -0.049504 0.431406
-0.387945 -0.0967882 0.440536 -0.387869 -0.0505934 0.431618
-0.387964 -0.0972784 0.440632 -0.387905 -0.0516694 0.431826
-0.387984 -0.0977687 0.440728 -0.387938 -0.052732 0.432033
-0.388003 -0.098259 0.440824 -0.38797 -0.0537814 0.432236
-0.388023 -0.0987493 0.44092 -0.387999 -0.0548176 0.432437
-0.388042 -0.0992396 0.441017 -0.388027 -0.0558409 0.432636
-0.388062 -0.0997298 0.441113 -0.388052 -0.0568514 0.432832
-0.388081 -0.10022 0.441209 -0.388076 -0.0578491 0.433025
-0.388101 -0.10071 0.441305 -0.388098 -0.0588342 0.433216
-0.38812 -0.101201 0.441401 -0.388119 -0.059807 0.433405
-0.38814 -0.101691 0.441497 -0.388138 -0.0607673 0.433591
-0.388159 -0.102181 0.441593 -0.388156 -0.0617153 0.433775
-0.388179 -0.102672 0.44169 -0.388172 -0.062651 0.433956
-0.388198 -0.103162 0.441786 -0.388187 -0.0635744 0.434135
-0.388218 -0.103652 0.441882 -0.388201 -0.0644853 0.434311
-0.388237 -0.104142 0.441978 -0.388214 -0.0653831 0.434485
-0.388257 -0.104633 0.442074 -0.388226 -0.0662677 0.434656
-0.388276 -0.105123 0.44217 -0.388236 -0.0671389 0.434825
-0.388296 -0.105613 0.442267 -0.388245 -0.0679974 0.434991
-0.388315 -0.106103 0.442363 -0.388254 -0.0688443 0.435155
-0.388334 -0.106594 0.442459 -0.388262 -0.0696804 0.435317
-0.388354 -0.107084 0.442555 -0.388269 -0.0705064 0.435477
-0.388373 -0.107574 0.442651 -0.388282 -0.0721296 0.435791
-0.388393 -0.108065 0.442747 -0.388288 -0.0729272 0.435946
-0.388412 -0.108555 0.442843 -0.388304 -0.0752668 0.436399
-0.388432 -0.109045 0.44294 -0.388309 -0.0760294 0.436547
-0.388451 -0.109535 0.443036 -0.388314 -0.0767835 0.436693
-0.388471 -0.110026 0.443132 -0.388318 -0.077529 0.436837
-0.38849 -0.110516 0.443228 -0.388323 -0.0782658 0.43698
-0.38851 -0.111006 0.443324 -0.388327 -0.0789939 0.437121
-0.388529 -0.111497 0.44342 -0.388331 -0.0797131 0.437261
-0.388549 -0.111987 0.443517 -0.388334 -0.0804238 0.437398
-0.388568 -0.112477 0.443613 -0.388338 -0.0811261 0.437535
-0.388588 -0.112967 0.443709 -0.388342 -0.0818203 0.437669
-0.388607 -0.113458 0.443805 -0.388345 -0.0825067 0.437802
-0.388627 -0.113948 0.443901 -0.388349 -0.0831854 0.437934
-0.388646 -0.114438 0.443997 -0.388352 -0.0838567 0.438064
-0.388666 -0.114929 0.444093 -0.388356 -0.0845209 0.438193
-0.388685 -0.115419 0.44419 -0.38836 -0.0851781 0.438321
-0.388705 -0.115909 0.444286 -0.388363 -0.0858286 0.438447
-0.388724 -0.116399 0.444382 -0.388367 -0.0864726 0.438572
-0.388744 -0.11689 0.444478 -0.388371 -0.0871103 0.438696
-0.388763 -0.11738 0.444574 -0.388375 -0.0877418 0.438819
-0.388783 -0.11787 0.44467 -0.38838 -0.0883675 0.43894
-0.388802 -0.118361 0.444766 -0.388384 -0.0889874 0.439061
-0.388822 -0.118851 0.444863 -0.388389 -0.0896017 0.43918
-0.388841 -0.119341 0.444959 -0.388394 -0.0902108 0.439299
-0.388861 -0.119831 0.445055 -0.388399 -0.090814 0.439416
-0.38888 -0.120322 0.445151 -0.388404 -0.0914111 0.439532
-0.3889 -0.120812 0.445247 -0.38841 -0.0920018 0.439647
-0.388919 -0.121302 0.445343 -0.388415 -0.0925856 0.43976
-0.388939 -0.121792 0.44544 -0.38842 -0.0931625 0.439873
-0.388958 -0.122283 0.445536 -0.388426 -0.0937322 0.439983
-0.388978 -0.122773 0.445632 -0.388431 -0.0942946 0.440093
-0.388997 -0.123263 0.445728 -0.388442 -0.0953981 0.440308
-0.389017 -0.123754 0.445824 -0.388447 -0.0959418 0.440413
-0.389036 -0.124244 0.44592 -0.388453 -0.0964817 0.440518
-0.389056 -0.124734 0.446016 -0.38846 -0.097019 0.440623
-0.389075 -0.125224 0.446113 -0.388467 -0.0975536 0.440727
-0.389095 -0.125715 0.446209 -0.388474 -0.0980858 0.440831
-0.389114 -0.126205 0.446305 -0.388481 -0.0986157 0.440934
-0.389134 -0.126695 0.446401 -0.388489 -0.0991433 0.441037
-0.389153 -0.127186 0.446497 -0.388498 -0.0996687 0.44114
-0.389173 -0.127676 0.446593 -0.388506 -0.100192 0.441242
-0.389192 -0.128166 0.446689 -0.388515 -0.100713 0.441344
-0.389212 -0.128656 0.446786 -0.388525 -0.101233 0.441445
-0.389231 -0.129147 0.446882 -0.388534 -0.10175 0.441546
-0.389251 -0.129637 0.446978 -0.388545 -0.102266 0.441647
-0.38927 -0.130127 0.447074 -0.388555 -0.10278 0.441747
-0.38929 -0.130618 0.44717 -0.388577 -0.103803 0.441947
-0.389309 -0.131108 0.447266 -0.388588 -0.104312 0.442047
-0.389329 -0.131598 0.447363 -0.3886 -0.104819 0.442146
-0.389348 -0.132088 0.447459 -0.388612 -0.105324 0.442245
-0.389368 -0.132579 0.447555 -0.388624 -0.105827 0.442343
-0.389387 -0.133069 0.447651 -0.388636 -0.106329 0.442442
-0.389407 -0.133559 0.447747 -0.388649 -0.106829 0.44254
-0.389426 -0.134049 0.447843 -0.388662 -0.107328 0.442637
-0.389446 -0.13454 0.447939 -0.388675 -0.107826 0.442735
-0.389465 -0.13503 0.448036 -0.388688 -0.108322 0.442832
-0.389485 -0.13552 0.448132 -0.388702 -0.108817 0.442929
-0.389504 -0.136011 0.448228 -0.388716 -0.109311 0.443026
-0.389524 -0.136501 0.448324 -0.38873 -0.109804 0.443123
-0.389543 -0.136991 0.44842 -0.388744 -0.110296 0.443219
-0.389563 -0.137481 0.448516 -0.388759 -0.110786 0.443315
-0.389582 -0.137972 0.448613 -0.388773 -0.111276 0.443411
-0.389602 -0.138462 0.448709 -0.388788 -0.111764 0.443507
-0.389621 -0.138952 0.448805 -0.388803 -0.112251 0.443603
-0.389641 -0.139443 0.448901 -0.388819 -0.112737 0.443698
-0.38966 -0.139933 0.448997 -0.388834 -0.113221 0.443793
-0.38968 -0.140423 0.449093 -0.388849 -0.113704 0.443888
-0.389699 -0.140913 0.449189 -0.388865 -0.114186 0.443982
-0.389718 -0.141404 0.449286 -0.38888 -0.114666 0.444076
-0.389738 -0.141894 0.449382 -0.388912 -0.115621 0.444264
-0.389757 -0.142384 0.449478 -0.388928 -0.116098 0.444357
-0.389777 -0.142875 0.449574 -0.388944 -0.116573 0.444451
-0.389796 -0.143365 0.44967 -0.38896 -0.117049 0.444544
-0.389816 -0.143855 0.449766 -0.388977 -0.117524 0.444637
-0.389835 -0.144345 0.449862 -0.388993 -0.117999 0.444731
-0.389855 -0.144836 0.449959 -0.38901 -0.118473 0.444824
-0.389874 -0.145326 0.450055 -0.389027 -0.118947 0.444917
-0.389894 -0.145816 0.450151 -0.389061 -0.119893 0.445103
-0.389913 -0.146306 0.450247 -0.389078 -0.120365 0.445195
-0.389933 -0.146797 0.450343 -0.389095 -0.120836 0.445288
-0.389952 -0.147287 0.450439 -0.389112 -0.121306 0.44538
-0.389972 -0.147777 0.450536 -0.38913 -0.121776 0.445473
-0.389991 -0.148268 0.450632 -0.389147 -0.122245 0.445565
-0.390011 -0.148758 0.450728 -0.3892 -0.12365 0.445841
-0.39003 -0.149248 0.450824 -0.389235 -0.124584 0.446024
-0.39005 -0.149738 0.45092 -0.389253 -0.125051 0.446116
-0.390069 -0.150229 0.451016 -0.389271 -0.125516 0.446208
-0.390089 -0.150719 0.451112 -0.389289 -0.125981 0.446299
-0.390108 -0.151209 0.451209 -0.389307 -0.126444 0.44639
-0.390128 -0.1517 0.451305 -0.389324 -0.126906 0.446481
-0.390147 -0.15219 0.451401 -0.389342 -0.127367 0.446571
-0.390167 -0.15268 0.451497 -0.38936 -0.127827 0.446662
-0.390186 -0.15317 0.451593 -0.389378 -0.128285 0.446752
-0.390206 -0.153661 0.451689 -0.389395 -0.128742 0.446842
-0.390225 -0.154151 0.451785 -0.389413 -0.129198 0.446931
-0.390245 -0.154641 0.451882 -0.38943 -0.129654 0.447021
-0.390264 -0.155132 0.451978 -0.389448 -0.130108 0.44711
-0.390284 -0.155622 0.452074 -0.389466 -0.130561 0.447199
-0.390303 -0.156112 0.45217 -0.389501 -0.131466 0.447376
-0.390323 -0.156602 0.452266 -0.389518 -0.131917 0.447465
-0.390342 -0.157093 0.452362 -0.389536 -0.132368 0.447554
-0.390362 -0.157583 0.452459 -0.389554 -0.132818 0.447642
-0.390381 -0.158073 0.452555 -0.389571 -0.133267 0.44773
-0.390401 -0.158564 0.452651 -0.389589 -0.133716 0.447818
-0.39042 -0.159054 0.452747 -0.389606 -0.134164 0.447906
-0.39044 -0.159544 0.452843 -0.389624 -0.134611 0.447994
-0.390459 -0.160034 0.452939 -0.389642 -0.135057 0.448082
-0.390479 -0.160525 0.453035 -0.389677 -0.135947 0.448256
-0.390498 -0.161015 0.453132 -0.389694 -0.136391 0.448344
-0.390518 -0.161505 0.453228 -0.389711 -0.136834 0.448431
-0.390537 -0.161995 0.453324 -0.389729 -0.137277 0.448518
-0.390557 -0.162486 0.45342 -0.389746 -0.137719 0.448604
-0.390576 -0.162976 0.453516 -0.389764 -0.138161 0.448691
-0.390596 -0.163466 0.453612 -0.389781 -0.138602 0.448778
-0.390615 -0.163957 0.453709 -0.389799 -0.139043 0.448864
-0.390635 -0.164447 0.453805 -0.389816 -0.139484 0.448951
-0.390654 -0.164937 0.453901 -0.389834 -0.139925 0.449038
-0.390674 -0.165427 0.453997 -0.389851 -0.140366 0.449124
-0.390693 -0.165918 0.454093 -0.389869 -0.140807 0.449211
-0.390713 -0.166408 0.454189 -0.389887 -0.141248 0.449297
-0.390732 -0.166898 0.454285 -0.389904 -0.14169 0.449384
-0.390752 -0.167389 0.454382 -0.389922 -0.142131 0.449471
-0.390771 -0.167879 0.454478 -0.38994 -0.142572 0.449558
-0.390791 -0.168369 0.454574 -0.389957 -0.143014 0.449644
-0.39081 -0.168859 0.45467 -0.389975 -0.143455 0.449731
-0.39083 -0.16935 0.454766 -0.389993 -0.143896 0.449818
-0.390849 -0.16984 0.454862 -0.390011 -0.144336 0.449904
-0.390869 -0.17033 0.454958 -0.390028 -0.144776 0.44999
-0.390888 -0.170821 0.455055 -0.390046 -0.145216 0.450077
-0.390908 -0.171311 0.455151 -0.390064 -0.145656 0.450163
-0.390927 -0.171801 0.455247 -0.390081 -0.146096 0.45025
-0.390947 -0.172291 0.455343 -0.390099 -0.146537 0.450336
-0.390966 -0.172782 0.455439 -0.390117 -0.146979 0.450423
-0.390986 -0.173272 0.455535 -0.390153 -0.147862 0.450597
-0.391005 -0.173762 0.455632 -0.390171 -0.148305 0.450684
-0.391025 -0.174252 0.455728 -0.390189 -0.148748 0.450771
-0.391044 -0.174743 0.455824 -0.390207 -0.149192 0.450858
-0.391064 -0.175233 0.45592 -0.390225 -0.149636 0.450946
-0.391083 -0.175723 0.456016 -0.390244 -0.150081 0.451033
-0.391103 -0.176214 0.456112 -0.390262 -0.150527 0.451121
-0.391122 -0.176704 0.456208 -0.39028 -0.150973 0.451208
-0.391141 -0.177194 0.456305 -0.390299 -0.15142 0.451296
-0.391161 -0.177684 0.456401 -0.390317 -0.151867 0.451384
-0.39118 -0.178175 0.456497 -0.390335 -0.152315 0.451472
-0.3912 -0.178665 0.456593 -0.390354 -0.152763 0.451561
-0.391219 -0.179155 0.456689 -0.390372 -0.153212 0.451649
-0.391239 -0.179646 0.456785 -0.390391 -0.153661 0.451737
-0.391258 -0.180136 0.456882 -0.390409 -0.154111 0.451826
-0.391278 -0.180626 0.456978 -0.390428 -0.154562 0.451915
-0.391297 -0.181116 0.457074 -0.390447 -0.155014 0.452003
-0.391317 -0.181607 0.45717 -0.390465 -0.155466 0.452092
-0.391336 -0.182097 0.457266 -0.390484 -0.155919 0.452181
-0.391356 -0.182587 0.457362 -0.390503 -0.156372 0.452271
-0.391375 -0.183078 0.457458 -0.390522 -0.156826 0.45236
-0.391395 -0.183568 0.457555 -0.390541 -0.157281 0.452449
-0.391414 -0.184058 0.457651 -0.390559 -0.157735 0.452539
-0.391434 -0.184548 0.457747 -0.390578 -0.158188 0.452628
-0.391453 -0.185039 0.457843 -0.390597 -0.158641 0.452717
-0.391473 -0.185529 0.457939 -0.390634 -0.159545 0.452895
-0.391492 -0.186019 0.458035 -0.390652 -0.159998 0.452984
-0.391512 -0.186509 0.458131 -0.390671 -0.160452 0.453073
-0.391531 -0.187 0.458228 -0.39069 -0.160906 0.453163
-0.391551 -0.18749 0.458324 -0.390708 -0.161361 0.453252
-0.39157 -0.18798 0.45842 -0.390727 -0.161817 0.453342
-0.39159 -0.188471 0.458516 -0.390746 -0.162272 0.453431
-0.391609 -0.188961 0.458612 -0.390764 -0.162727 0.453521
-0.391629 -0.189451 0.458708 -0.390783 -0.163182 0.45361
-0.391648 -0.189941 0.458805 -0.390802 -0.163638 0.4537
-0.391668 -0.190432 0.458901 -0.39082 -0.164095 0.45379
-0.391687 -0.190922 0.458997 -0.390839 -0.164552 0.45388
-0.391707 -0.191412 0.459093 -0.390858 -0.16501 0.45397
-0.391726 -0.191903 0.459189 -0.390877 -0.165468 0.45406
-0.391746 -0.192393 0.459285 -0.390895 -0.165927 0.45415
-0.391765 -0.192883 0.459381 -0.390914 -0.166387 0.454241
-0.391785 -0.193373 0.459478 -0.390933 -0.166847 0.454331
-0.391804 -0.193864 0.459574 -0.390952 -0.167308 0.454422
-0.391824 -0.194354 0.45967 -0.390971 -0.16777 0.454513
-0.391843 -0.194844 0.459766 -0.39099 -0.168232 0.454604
-0.391863 -0.195335 0.459862 -0.391009 -0.168695 0.454695
-0.391882 -0.195825 0.459958 -0.391028 -0.169158 0.454786
-0.391902 -0.196315 0.460054 -0.391047 -0.169622 0.454877
-0.391921 -0.196805 0.460151 -0.391066 -0.170086 0.454969
-0.391941 -0.197296 0.460247 -0.391085 -0.170549 0.45506
-0.39196 -0.197786 0.460343 -0.391104 -0.171011 0.455151
-0.39198 -0.198276 0.460439 -0.391123 -0.171472 0.455241
-0.391999 -0.198767 0.460535 -0.391141 -0.171932 0.455332
-0.392019 -0.199257 0.460631 -0.39116 -0.172391 0.455422
-0.392038 -0.199747 0.460728 -0.391178 -0.17285 0.455512
-0.392058 -0.200237 0.460824 -0.391197 -0.17331 0.455603
-0.392077 -0.200728 0.46092 -0.391234 -0.174231 0.455784
-0.392097 -0.201218 0.461016 -0.391252 -0.174693 0.455875
-0.392116 -0.201708 0.461112 -0.391271 -0.175155 0.455966
-0.392136 -0.202198 0.461208 -0.39129 -0.175618 0.456057
-0.392155 -0.202689 0.461304 -0.391308 -0.176081 0.456148
-0.392175 -0.203179 0.461401 -0.391327 -0.176545 0.456239
-0.392194 -0.203669 0.461497 -0.391346 -0.17701 0.45633
-0.392214 -0.20416 0.461593 -0.391365 -0.177475 0.456422
-0.392233 -0.20465 0.461689 -0.391384 -0.177941 0.456514
-0.392253 -0.20514 0.461785 -0.391403 -0.178407 0.456605
-0.392272 -0.20563 0.461881 -0.391422 -0.178874 0.456697
-0.392292 -0.206121 0.461978 -0.39144 -0.179341 0.456789
-0.392311 -0.206611 0.462074 -0.391459 -0.179809 0.456881
-0.392331 -0.207101 0.46217 -0.391478 -0.180277 0.456973
-0.39235 -0.207592 0.462266 -0.391497 -0.180746 0.457065
-0.39237 -0.208082 0.462362 -0.391516 -0.181215 0.457158
-0.392389 -0.208572 0.462458 -0.391535 -0.181685 0.45725
-0.392409 -0.209062 0.462554 -0.391555 -0.182155 0.457343
-0.392428 -0.209553 0.462651 -0.391574 -0.182626 0.457435
-0.392448 -0.210043 0.462747 -0.391593 -0.183097 0.457528
-0.392467 -0.210533 0.462843 -0.391612 -0.183569 0.457621
-0.392487 -0.211024 0.462939 -0.391631 -0.184041 0.457714
-0.392506 -0.211514 0.463035 -0.39165 -0.184513 0.457807
-0.392525 -0.212004 0.463131 -0.391669 -0.184986 0.4579
-0.392545 -0.212494 0.463227 -0.391689 -0.18546 0.457993
-0.392564 -0.212985 0.463324 -0.391708 -0.185934 0.458086
-0.392584 -0.213475 0.46342 -0.391727 -0.186408 0.45818
-0.392603 -0.213965 0.463516 -0.391746 -0.186882 0.458273
-0.392623 -0.214455 0.463612 -0.391765 -0.187356 0.458366
-0.392642 -0.214946 0.463708 -0.391784 -0.187829 0.458459
-0.392662 -0.215436 0.463804 -0.391803 -0.188301 0.458552
-0.392681 -0.215926 0.463901 -0.39184 -0.189239 0.458736
-0.392701 -0.216417 0.463997 -0.391859 -0.189704 0.458828
-0.39272 -0.216907 0.464093 -0.391877 -0.190166 0.458918
-0.39274 -0.217397 0.464189 -0.391895 -0.190627 0.459009
-0.392759 -0.217887 0.464285 -0.391912 -0.191086 0.459099
-0.392779 -0.218378 0.464381 -0.39193 -0.191546 0.459189
-0.392798 -0.218868 0.464477 -0.391948 -0.192007 0.45928
-0.392818 -0.219358 0.464574 -0.391966 -0.192469 0.45937
-0.392837 -0.219849 0.46467 -0.391984 -0.192931 0.459461
-0.392857 -0.220339 0.464766 -0.392002 -0.193395 0.459552
-0.392876 -0.220829 0.464862 -0.392021 -0.193859 0.459643
-0.392896 -0.221319 0.464958 -0.392039 -0.194324 0.459735
-0.392915 -0.22181 0.465054 -0.392057 -0.194791 0.459826
-0.392935 -0.2223 0.46515 -0.392076 -0.195258 0.459918
-0.392954 -0.22279 0.465247 -0.392095 -0.195725 0.46001
-0.392974 -0.223281 0.465343 -0.392113 -0.196194 0.460102
-0.392993 -0.223771 0.465439 -0.392132 -0.196663 0.460195
-0.393013 -0.224261 0.465535 -0.392151 -0.197133 0.460287
-0.393032 -0.224751 0.465631 -0.392169 -0.197604 0.46038
-0.393052 -0.225242 0.465727 -0.392188 -0.198076 0.460472
-0.393071 -0.225732 0.465824 -0.392207 -0.198548 0.460565
-0.393091 -0.226222 0.46592 -0.392226 -0.199021 0.460658
-0.39311 -0.226712 0.466016 -0.392245 -0.199494 0.460751
-0.39313 -0.227203 0.466112 -0.392264 -0.199968 0.460845
-0.393149 -0.227693 0.466208 -0.392283 -0.200443 0.460938
-0.393169 -0.228183 0.466304 -0.392302 -0.200918 0.461032
-0.393188 -0.228674 0.4664 -0.392321 -0.201394 0.461125
-0.393208 -0.229164 0.466497 -0.39234 -0.20187 0.461219
-0.393227 -0.229654 0.466593 -0.392359 -0.202345 0.461312
-0.393247 -0.230144 0.466689 -0.392378 -0.20282 0.461406
-0.393266 -0.230635 0.466785 -0.392416 -0.203763 0.461591
-0.393286 -0.231125 0.466881 -0.392434 -0.204231 0.461683
-0.393305 -0.231615 0.466977 -0.392452 -0.204696 0.461774
-0.393325 -0.232106 0.467074 -0.39247 -0.205158 0.461865
-0.393344 -0.232596 0.46717 -0.392488 -0.205618 0.461955
-0.393364 -0.233086 0.467266 -0.392505 -0.206077 0.462045
-0.393383 -0.233576 0.467362 -0.392523 -0.206536 0.462135
-0.393403 -0.234067 0.467458 -0.392541 -0.206996 0.462225
-0.393422 -0.234557 0.467554 -0.392559 -0.207458 0.462316
-0.393442 -0.235047 0.46765 -0.392577 -0.207921 0.462407
-0.393461 -0.235538 0.467747 -0.392595 -0.208385 0.462498
-0.393481 -0.236028 0.467843 -0.392613 -0.20885 0.462589
-0.3935 -0.236518 0.467939 -0.392631 -0.209317 0.462681
-0.39352 -0.237008 0.468035 -0.39265 -0.209784 0.462773
-0.393539 -0.237499 0.468131 -0.392668 -0.210254 0.462865
-0.393559 -0.237989 0.468227 -0.392687 -0.210724 0.462958
-0.393578 -0.238479 0.468323 -0.392706 -0.211196 0.463051
-0.393598 -0.23897 0.46842 -0.392725 -0.21167 0.463144
-0.393617 -0.23946 0.468516 -0.392744 -0.212144 0.463237
-0.393637 -0.23995 0.468612 -0.392782 -0.213094 0.463424
-0.393656 -0.24044 0.468708 -0.392801 -0.213569 0.463518
-0.393676 -0.240931 0.468804 -0.39282 -0.214045 0.463611
-0.393695 -0.241421 0.4689 -0.392839 -0.214521 0.463705
-0.393715 -0.241911 0.468997 -0.392858 -0.214997 0.463798
-0.393734 -0.242401 0.469093 -0.392877 -0.215473 0.463892
-0.393754 -0.242892 0.469189 -0.392896 -0.21595 0.463986
-0.393773 -0.243382 0.469285 -0.392915 -0.216426 0.46408
-0.393793 -0.243872 0.469381 -0.392934 -0.216903 0.464173
-0.393812 -0.244363 0.469477 -0.392953 -0.21738 0.464267
-0.393832 -0.244853 0.469573 -0.392973 -0.217857 0.464361
-0.393851 -0.245343 0.46967 -0.392992 -0.218334 0.464455
-0.393871 -0.245833 0.469766 -0.393011 -0.218811 0.464549
-0.39389 -0.246324 0.469862 -0.39303 -0.219288 0.464643
-0.393909 -0.246814 0.469958 -0.393049 -0.219766 0.464737
-0.393929 -0.247304 0.470054 -0.393068 -0.220244 0.464831
-0.393948 -0.247795 0.47015 -0.393087 -0.220722 0.464925
-0.393968 -0.248285 0.470246 -0.393106 -0.2212 0.465019
-0.393987 -0.248775 0.470343 -0.393125 -0.221679 0.465113
-0.394007 -0.249265 0.470439 -0.393144 -0.222157 0.465207
-0.394026 -0.249756 0.470535 -0.393163 -0.222636 0.465301
-0.394046 -0.250246 0.470631 -0.393182 -0.223115 0.465395
-0.394065 -0.250736 0.470727 -0.393202 -0.223594 0.46549
-0.394085 -0.251227 0.470823 -0.393221 -0.224074 0.465584
-0.394104 -0.251717 0.47092 -0.39324 -0.224553 0.465678
-0.394124 -0.252207 0.471016 -0.393259 -0.225033 0.465773
-0.394143 -0.252697 0.471112 -0.393278 -0.225513 0.465867
-0.394163 -0.253188 0.471208 -0.393297 -0.225993 0.465961
-0.394182 -0.253678 0.471304 -0.393316 -0.226473 0.466056
-0.394202 -0.254168 0.4714 -0.393335 -0.226952 0.46615
-0.394221 -0.254658 0.471496 -0.393354 -0.22743 0.466244
-0.394241 -0.255149 0.471593 -0.393373 -0.227905 0.466337
-0.39426 -0.255639 0.471689 -0.393391 -0.228379 0.46643
-0.39428 -0.256129 0.471785 -0.39341 -0.228849 0.466522
-0.394299 -0.25662 0.471881 -0.393428 -0.229316 0.466614
-0.394319 -0.25711 0.471977 -0.393463 -0.230242 0.466795
-0.394338 -0.2576 0.472073 -0.39348 -0.230702 0.466886
-0.394358 -0.25809 0.47217 -0.393498 -0.231162 0.466976
-0.394377 -0.258581 0.472266 -0.393515 -0.231624 0.467066
-0.394397 -0.259071 0.472362 -0.393533 -0.232086 0.467157
-0.394416 -0.259561 0.472458 -0.393551 -0.23255 0.467248
-0.394436 -0.260052 0.472554 -0.393569 -0.233015 0.467339
-0.394455 -0.260542 0.47265 -0.393587 -0.23348 0.46743
-0.394475 -0.261032 0.472746 -0.393605 -0.233946 0.467522
-0.394494 -0.261522 0.472843 -0.393623 -0.234414 0.467613
-0.394514 -0.262013 0.472939 -0.393642 -0.234882 0.467705
-0.394533 -0.262503 0.473035 -0.39366 -0.235351 0.467798
-0.394553 -0.262993 0.473131 -0.393678 -0.235821 0.46789
-0.394572 -0.263484 0.473227 -0.393697 -0.236292 0.467982
-0.394592 -0.263974 0.473323 -0.393716 -0.236763 0.468075
-0.394611 -0.264464 0.473419 -0.393734 -0.237235 0.468168
-0.394631 -0.264954 0.473516 -0.393753 -0.237708 0.468261
-0.39465 -0.265445 0.473612 -0.393772 -0.238179 0.468353
-0.39467 -0.265935 0.473708 -0.39379 -0.23865 0.468446
-0.394689 -0.266425 0.473804 -0.393809 -0.23912 0.468538
-0.394709 -0.266916 0.4739 -0.393845 -0.240057 0.468722
-0.394728 -0.267406 0.473996 -0.393864 -0.240525 0.468814
-0.394748 -0.267896 0.474093 -0.393882 -0.240994 0.468906
-0.394767 -0.268386 0.474189 -0.3939 -0.241463 0.468998
-0.394787 -0.268877 0.474285 -0.393919 -0.241933 0.469091
-0.394806 -0.269367 0.474381 -0.393937 -0.242404 0.469183
-0.394826 -0.269857 0.474477 -0.393956 -0.242875 0.469276
-0.394845 -0.270347 0.474573 -0.393975 -0.243347 0.469368
-0.394865 -0.270838 0.474669 -0.393993 -0.24382 0.469461
-0.394884 -0.271328 0.474766 -0.394012 -0.244293 0.469554
-0.394904 -0.271818 0.474862 -0.394031 -0.244766 0.469647
-0.394923 -0.272309 0.474958 -0.39405 -0.24524 0.469741
-0.394943 -0.272799 0.475054 -0.394069 -0.245714 0.469834
-0.394962 -0.273289 0.47515 -0.394087 -0.246189 0.469927
-0.394982 -0.273779 0.475246 -0.394106 -0.246664 0.470021
-0.395001 -0.27427 0.475342 -0.394125 -0.24714 0.470114
-0.395021 -0.27476 0.475439 -0.394144 -0.247616 0.470208
-0.39504 -0.27525 0.475535 -0.394163 -0.248094 0.470302
-0.39506 -0.275741 0.475631 -0.394182 -0.248572 0.470396
-0.395079 -0.276231 0.475727 -0.394202 -0.24905 0.47049
-0.395099 -0.276721 0.475823 -0.39424 -0.250009 0.470679
-0.395118 -0.277211 0.475919 -0.394259 -0.250487 0.470773
-0.395138 -0.277702 0.476016 -0.394278 -0.250966 0.470867
-0.395157 -0.278192 0.476112 -0.394297 -0.251444 0.470961
-0.395177 -0.278682 0.476208 -0.394316 -0.251922 0.471055
-0.395196 -0.279173 0.476304 -0.394335 -0.2524 0.471149
-0.395216 -0.279663 0.4764 -0.394354 -0.252878 0.471243
-0.395235 -0.280153 0.476496 -0.394373 -0.253355 0.471337
-0.395255 -0.280643 0.476592 -0.394392 -0.253833 0.471431
-0.395274 -0.281134 0.476689 -0.394411 -0.254311 0.471525
-0.395293 -0.281624 0.476785 -0.39443 -0.254788 0.471618
-0.395313 -0.282114 0.476881 -0.394449 -0.255266 0.471712
-0.395332 -0.282604 0.476977 -0.394468 -0.255743 0.471806
-0.395352 -0.283095 0.477073 -0.394487 -0.256221 0.4719
-0.395371 -0.283585 0.477169 -0.394506 -0.256698 0.471994
-0.395391 -0.284075 0.477266 -0.394525 -0.257174 0.472087
-0.39541 -0.284566 0.477362 -0.394543 -0.257648 0.47218
-0.39543 -0.285056 0.477458 -0.394562 -0.25812 0.472273
-0.395449 -0.285546 0.477554 -0.394598 -0.259061 0.472458
-0.395469 -0.286036 0.47765 -0.394617 -0.259531 0.47255
-0.395488 -0.286527 0.477746 -0.394635 -0.260002 0.472642
-0.395508 -0.287017 0.477842 -0.394653 -0.260473 0.472735
-0.395527 -0.287507 0.477939 -0.394672 -0.260944 0.472827
-0.395547 -0.287998 0.478035 -0.39469 -0.261416 0.47292
-0.395566 -0.288488 0.478131 -0.394709 -0.261887 0.473012
-0.395586 -0.288978 0.478227 -0.394727 -0.262359 0.473105
-0.395605 -0.289468 0.478323 -0.394746 -0.262831 0.473198
-0.395625 -0.289959 0.478419 -0.394764 -0.263302 0.47329
-0.395644 -0.290449 0.478515 -0.394783 -0.263774 0.473383
-0.395664 -0.290939 0.478612 -0.394801 -0.264246 0.473476
-0.395683 -0.29143 0.478708 -0.39482 -0.264718 0.473568
-0.395703 -0.29192 0.478804 -0.394839 -0.26519 0.473661
-0.395722 -0.29241 0.4789 -0.394857 -0.265663 0.473754
-0.395742 -0.2929 0.478996 -0.394876 -0.266135 0.473846
-0.395761 -0.293391 0.479092 -0.394894 -0.266608 0.473939
-0.395781 -0.293881 0.479189 -0.394913 -0.26708 0.474032
-0.3958 -0.294371 0.479285 -0.394931 -0.267551 0.474125
-0.39582 -0.294861 0.479381 -0.394968 -0.268492 0.474309
-0.395839 -0.295352 0.479477 -0.394986 -0.268959 0.474401
-0.395859 -0.295842 0.479573 -0.395004 -0.269425 0.474492
-0.395878 -0.296332 0.479669 -0.395022 -0.269888 0.474583
-0.395898 -0.296823 0.479765 -0.39504 -0.270351 0.474674
-0.395917 -0.297313 0.479862 -0.395058 -0.270814 0.474764
-0.395937 -0.297803 0.479958 -0.395076 -0.271278 0.474855
-0.395956 -0.298293 0.480054 -0.395094 -0.271742 0.474946
-0.395976 -0.298784 0.48015 -0.395112 -0.272207 0.475038
-0.395995 -0.299274 0.480246 -0.39513 -0.272672 0.475129
-0.396015 -0.299764 0.480342 -0.395148 -0.273138 0.47522
-0.396034 -0.300255 0.480438 -0.395166 -0.273604 0.475312
-0.396054 -0.300745 0.480535 -0.395185 -0.274071 0.475403
-0.396073 -0.301235 0.480631 -0.395203 -0.274538 0.475495
-0.396093 -0.301725 0.480727 -0.395221 -0.275005 0.475587
-0.396112 -0.302216 0.480823 -0.39524 -0.275473 0.475679
-0.396132 -0.302706 0.480919 -0.395258 -0.275941 0.475771
-0.396151 -0.303196 0.481015 -0.395277 -0.27641 0.475863
-0.396171 -0.303687 0.481112 -0.395295 -0.276879 0.475955
-0.39619 -0.304177 0.481208 -0.395314 -0.277349 0.476047
-0.39621 -0.304667 0.481304 -0.395332 -0.277819 0.476139
-0.396229 -0.305157 0.4814 -0.395351 -0.27829 0.476232
-0.396249 -0.305648 0.481496 -0.395369 -0.278761 0.476325
-0.396268 -0.306138 0.481592 -0.395388 -0.279232 0.476417
-0.396288 -0.306628 0.481688 -0.395407 -0.279703 0.47651
-0.396307 -0.307119 0.481785 -0.395425 -0.280175 0.476602
-0.396327 -0.307609 0.481881 -0.395444 -0.280646 0.476695
-0.396346 -0.308099 0.481977 -0.395463 -0.281117 0.476788
-0.396366 -0.308589 0.482073 -0.395481 -0.281586 0.47688
-0.396385 -0.30908 0.482169 -0.3955 -0.282054 0.476972
-0.396405 -0.30957 0.482265 -0.395518 -0.282519 0.477063
-0.396424 -0.31006 0.482362 -0.395536 -0.282984 0.477154
-0.396444 -0.31055 0.482458 -0.395554 -0.283447 0.477245
-0.396463 -0.311041 0.482554 -0.395572 -0.283912 0.477336
-0.396483 -0.311531 0.48265 -0.39559 -0.284377 0.477427
-0.396502 -0.312021 0.482746 -0.395609 -0.284844 0.477519
-0.396522 -0.312512 0.482842 -0.395627 -0.285311 0.477611
-0.396541 -0.313002 0.482938 -0.395646 -0.285779 0.477703
-0.396561 -0.313492 0.483035 -0.395664 -0.286249 0.477795
-0.39658 -0.313982 0.483131 -0.395683 -0.286719 0.477888
-0.3966 -0.314473 0.483227 -0.395702 -0.287191 0.47798
-0.396619 -0.314963 0.483323 -0.39572 -0.287663 0.478073
-0.396639 -0.315453 0.483419 -0.395739 -0.288136 0.478166
-0.396658 -0.315944 0.483515 -0.395758 -0.288609 0.478259
-0.396678 -0.316434 0.483611 -0.395777 -0.289083 0.478352
-0.396697 -0.316924 0.483708 -0.395815 -0.290032 0.478539
-0.396716 -0.317414 0.483804 -0.395834 -0.290507 0.478633
-0.396736 -0.317905 0.4839 -0.395853 -0.290983 0.478726
-0.396755 -0.318395 0.483996 -0.395872 -0.291459 0.47882
-0.396775 -0.318885 0.484092 -0.395891 -0.291936 0.478914
-0.396794 -0.319376 0.484188 -0.39591 -0.292413 0.479008
-0.396814 -0.319866 0.484285 -0.395929 -0.292891 0.479102
-0.396833 -0.320356 0.484381 -0.395949 -0.293369 0.479196
-0.396853 -0.320846 0.484477 -0.395968 -0.293848 0.47929
-0.396872 -0.321337 0.484573 -0.395987 -0.294326 0.479384
-0.396892 -0.321827 0.484669 -0.396006 -0.294804 0.479478
-0.396911 -0.322317 0.484765 -0.396025 -0.295283 0.479572
-0.396931 -0.322807 0.484861 -0.396044 -0.295762 0.479667
-0.39695 -0.323298 0.484958 -0.396064 -0.296241 0.479761
-0.39697 -0.323788 0.485054 -0.396083 -0.29672 0.479855
-0.396989 -0.324278 0.48515 -0.396102 -0.297199 0.479949
-0.397009 -0.324769 0.485246 -0.396121 -0.297679 0.480044
-0.397028 -0.325259 0.485342 -0.39614 -0.298158 0.480138
-0.397048 -0.325749 0.485438 -0.396159 -0.298638 0.480232
-0.397067 -0.326239 0.485535 -0.396179 -0.299117 0.480327
-0.397087 -0.32673 0.485631 -0.396198 -0.299596 0.480421
-0.397106 -0.32722 0.485727 -0.396217 -0.300074 0.480515
-0.397126 -0.32771 0.485823 -0.396236 -0.300553 0.480609
-0.397145 -0.328201 0.485919 -0.396255 -0.301032 0.480703
-0.397165 -0.328691 0.486015 -0.396274 -0.301511 0.480797
-0.397184 -0.329181 0.486111 -0.396293 -0.30199 0.480891
-0.397204 -0.329671 0.486208 -0.396312 -0.302467 0.480985
-0.397223 -0.330162 0.486304 -0.396331 -0.302944 0.481079
-0.397243 -0.330652 0.4864 -0.39635 -0.303419 0.481172
-0.397262 -0.331142 0.486496 -0.396368 -0.303892 0.481265
-0.397282 -0.331633 0.486592 -0.396405 -0.304837 0.481451
-0.397301 -0.332123 0.486688 -0.396424 -0.30531 0.481543
-0.397321 -0.332613 0.486784 -0.396442 -0.305783 0.481636
-0.39734 -0.333103 0.486881 -0.396461 -0.306256 0.481729
-0.39736 -0.333594 0.486977 -0.396479 -0.30673 0.481822
-0.397379 -0.334084 0.487073 -0.396498 -0.307203 0.481915
-0.397399 -0.334574 0.487169 -0.396517 -0.307678 0.482008
-0.397418 -0.335064 0.487265 -0.396535 -0.308152 0.482101
-0.397438 -0.335555 0.487361 -0.396554 -0.308627 0.482195
-0.397457 -0.336045 0.487458 -0.396573 -0.309102 0.482288
-0.397477 -0.336535 0.487554 -0.396592 -0.309577 0.482381
-0.397496 -0.337026 0.48765 -0.396611 -0.310052 0.482475
-0.397516 -0.337516 0.487746 -0.396629 -0.310528 0.482568
-0.397535 -0.338006 0.487842 -0.396648 -0.311004 0.482662
-0.397555 -0.338496 0.487938 -0.396667 -0.311481 0.482755
-0.397574 -0.338987 0.488034 -0.396686 -0.311957 0.482849
-0.397594 -0.339477 0.488131 -0.396705 -0.312434 0.482943
-0.397613 -0.339967 0.488227 -0.396724 -0.312912 0.483036
-0.397633 -0.340458 0.488323 -0.396743 -0.313389 0.48313
-0.397652 -0.340948 0.488419 -0.396762 -0.313867 0.483224
-0.397672 -0.341438 0.488515 -0.396781 -0.314345 0.483318
-0.397691 -0.341928 0.488611 -0.3968 -0.314823 0.483412
-0.397711 -0.342419 0.488707 -0.396819 -0.315302 0.483506
-0.39773 -0.342909 0.488804 -0.396838 -0.315781 0.4836
-0.39775 -0.343399 0.4889 -0.396857 -0.31626 0.483695
-0.397769 -0.34389 0.488996 -0.396876 -0.316739 0.483789
-0.397789 -0.34438 0.489092 -0.396895 -0.317219 0.483883
-0.397808 -0.34487 0.489188 -0.396914 -0.317699 0.483977
-0.397828 -0.34536 0.489284 -0.396933 -0.318179 0.484072
-0.397847 -0.345851 0.489381 -0.396952 -0.318659 0.484166
-0.397867 -0.346341 0.489477 -0.396971 -0.319139 0.484261
-0.397886 -0.346831 0.489573 -0.39699 -0.319619 0.484355
-0.397906 -0.347322 0.489669 -0.397009 -0.320096 0.484449
-0.397925 -0.347812 0.489765 -0.397028 -0.320572 0.484542
-0.397945 -0.348302 0.489861 -0.397046 -0.321046 0.484635
-0.397964 -0.348792 0.489957 -0.397065 -0.32152 0.484728
-0.397984 -0.349283 0.490054 -0.397083 -0.321993 0.484821
-0.398003 -0.349773 0.49015 -0.397102 -0.322467 0.484914
-0.398023 -0.350263 0.490246 -0.397121 -0.322941 0.485007
-0.398042 -0.350753 0.490342 -0.397139 -0.323415 0.4851
-0.398062 -0.351244 0.490438 -0.397158 -0.323889 0.485193
-0.398081 -0.351734 0.490534 -0.397195 -0.324838 0.485379
-0.3981 -0.352224 0.490631 -0.397214 -0.325313 0.485472
-0.39812 -0.352715 0.490727 -0.397233 -0.325788 0.485566
-0.398139 -0.353205 0.490823 -0.397251 -0.326263 0.485659
-0.398159 -0.353695 0.490919 -0.39727 -0.326739 0.485752
-0.398178 -0.354185 0.491015 -0.397289 -0.327215 0.485846
-0.398198 -0.354676 0.491111 -0.397308 -0.327691 0.485939
-0.398217 -0.355166 0.491207 -0.397326 -0.328167 0.486033
-0.398237 -0.355656 0.491304 -0.397345 -0.328644 0.486127
-0.398256 -0.356147 0.4914 -0.397364 -0.329121 0.48622
-0.398276 -0.356637 0.491496 -0.397383 -0.329598 0.486314
-0.398295 -0.357127 0.491592 -0.397402 -0.330075 0.486408
-0.398315 -0.357617 0.491688 -0.397421 -0.330553 0.486502
-0.398334 -0.358108 0.491784 -0.39744 -0.331031 0.486596
-0.398354 -0.358598 0.49188 -0.397459 -0.331509 0.48669
-0.398373 -0.359088 0.491977 -0.397478 -0.331988 0.486784
-0.398393 -0.359579 0.492073 -0.397516 -0.332946 0.486972
-0.398412 -0.360069 0.492169 -0.397535 -0.333425 0.487066
-0.398432 -0.360559 0.492265 -0.397554 -0.333904 0.48716
-0.398451 -0.361049 0.492361 -0.397573 -0.334384 0.487255
-0.398471 -0.36154 0.492457 -0.397592 -0.334863 0.487349
-0.39849 -0.36203 0.492554 -0.397611 -0.335341 0.487443
-0.39851 -0.36252 0.49265 -0.39763 -0.335819 0.487537
-0.398529 -0.36301 0.492746 -0.397649 -0.336296 0.48763
-0.398549 -0.363501 0.492842 -0.397667 -0.336773 0.487724
-0.398568 -0.363991 0.492938 -0.397686 -0.337249 0.487817
-0.398588 -0.364481 0.493034 -0.397705 -0.337726 0.487911
-0.398607 -0.364972 0.49313 -0.397724 -0.338202 0.488004
-0.398627 -0.365462 0.493227 -0.397743 -0.338678 0.488098
-0.398646 -0.365952 0.493323 -0.397761 -0.339155 0.488192
-0.398666 -0.366442 0.493419 -0.39778 -0.339631 0.488285
-0.398685 -0.366933 0.493515 -0.397799 -0.340107 0.488379
-0.398705 -0.367423 0.493611 -0.397818 -0.340584 0.488472
-0.398724 -0.367913 0.493707 -0.397837 -0.34106 0.488566
-0.398744 -0.368404 0.493803 -0.397855 -0.341537 0.488659
-0.398763 -0.368894 0.4939 -0.397874 -0.342013 0.488753
-0.398783 -0.369384 0.493996 -0.397893 -0.342489 0.488846
-0.398802 -0.369874 0.494092 -0.397912 -0.342964 0.48894
-0.398822 -0.370365 0.494188 -0.39793 -0.343439 0.489033
-0.398841 -0.370855 0.494284 -0.397949 -0.343912 0.489125
-0.398861 -0.371345 0.49438 -0.397967 -0.344384 0.489218
-0.39888 -0.371836 0.494477 -0.397986 -0.344855 0.48931
-0.3989 -0.372326 0.494573 -0.398004 -0.345325 0.489403
-0.398919 -0.372816 0.494669 -0.398022 -0.345794 0.489494
-0.398939 -0.373306 0.494765 -0.39804 -0.346262 0.489586
-0.398958 -0.373797 0.494861 -0.398059 -0.34673 0.489678
-0.398978 -0.374287 0.494957 -0.398095 -0.347664 0.489861
-0.398997 -0.374777 0.495053 -0.398113 -0.348131 0.489952
-0.399017 -0.375268 0.49515 -0.398131 -0.348598 0.490044
-0.399036 -0.375758 0.495246 -0.39815 -0.349065 0.490135
-0.399056 -0.376248 0.495342 -0.398168 -0.349532 0.490227
-0.399075 -0.376738 0.495438 -0.398186 -0.349999 0.490318
-0.399095 -0.377229 0.495534 -0.398204 -0.350467 0.49041
-0.399114 -0.377719 0.49563 -0.398223 -0.350936 0.490502
-0.399134 -0.378209 0.495727 -0.398241 -0.351404 0.490594
-0.399153 -0.378699 0.495823 -0.39826 -0.351874 0.490686
-0.399173 -0.37919 0.495919 -0.398278 -0.352344 0.490778
-0.399192 -0.37968 0.496015 -0.398297 -0.352815 0.490871
-0.399212 -0.38017 0.496111 -0.398315 -0.353286 0.490963
-0.399231 -0.380661 0.496207 -0.398334 -0.353757 0.491056
-0.399251 -0.381151 0.496303 -0.398353 -0.35423 0.491149
-0.39927 -0.381641 0.4964 -0.398371 -0.354702 0.491242
-0.39929 -0.382131 0.496496 -0.39839 -0.355175 0.491334
-0.399309 -0.382622 0.496592 -0.398409 -0.355649 0.491428
-0.399329 -0.383112 0.496688 -0.398428 -0.356123 0.491521
-0.399348 -0.383602 0.496784 -0.398447 -0.356597 0.491614
-0.399368 -0.384093 0.49688 -0.398465 -0.357072 0.491707
-0.399387 -0.384583 0.496976 -0.398484 -0.357547 0.491801
-0.399407 -0.385073 0.497073 -0.398503 -0.358022 0.491894
-0.399426 -0.385563 0.497169 -0.398522 -0.358498 0.491988
-0.399446 -0.386054 0.497265 -0.398541 -0.358974 0.492081
-0.399465 -0.386544 0.497361 -0.39856 -0.359449 0.492175
-0.399484 -0.387034 0.497457 -0.398597 -0.360395 0.49236
-0.399504 -0.387525 0.497553 -0.398616 -0.360865 0.492453
-0.399523 -0.388015 0.49765 -0.398635 -0.361335 0.492545
-0.399543 -0.388505 0.497746 -0.398653 -0.361805 0.492637
-0.399562 -0.388995 0.497842 -0.398672 -0.362275 0.492729
-0.399582 -0.389486 0.497938 -0.39869 -0.362746 0.492822
-0.399601 -0.389976 0.498034 -0.398709 -0.363216 0.492914
-0.399621 -0.390466 0.49813 -0.398727 -0.363688 0.493007
-0.39964 -0.390956 0.498226 -0.398746 -0.364159 0.493099
-0.39966 -0.391447 0.498323 -0.398765 -0.364632 0.493192
-0.399679 -0.391937 0.498419 -0.398783 -0.365104 0.493285
-0.399699 -0.392427 0.498515 -0.398802 -0.365577 0.493378
-0.399718 -0.392918 0.498611 -0.398821 -0.366051 0.493471
-0.399738 -0.393408 0.498707 -0.39884 -0.366525 0.493564
-0.399757 -0.393898 0.498803 -0.398859 -0.366999 0.493657
-0.399777 -0.394388 0.498899 -0.398877 -0.367473 0.493751
-0.399796 -0.394879 0.498996 -0.398896 -0.367948 0.493844
-0.399816 -0.395369 0.499092 -0.398915 -0.368423 0.493937
-0.399835 -0.395859 0.499188 -0.398934 -0.368898 0.494031
-0.399855 -0.39635 0.499284 -0.398953 -0.369374 0.494124
-0.399874 -0.39684 0.49938 -0.398972 -0.369849 0.494218
-0.399894 -0.39733 0.499476 -0.398991 -0.370325 0.494311
-0.399913 -0.39782 0.499573 -0.39901 -0.370801 0.494405
-0.399933 -0.398311 0.499669 -0.399029 -0.371277 0.494499
-0.399952 -0.398801 0.499765 -0.399048 -0.371753 0.494592
-0.399972 -0.399291 0.499861 -0.399067 -0.372229 0.494686
-0.399991 -0.399782 0.499957 -0.399086 -0.372704 0.494779
-0.400011 -0.400272 0.500053 -0.399105 -0.37318 0.494873
-0.399991 -0.399782 0.499957 -0.399124 -0.373657 0.494966
-0.400011 -0.400272 0.500053 -0.399143 -0.374133 0.49506
-0.399991 -0.399782 0.499957 -0.399161 -0.374608 0.495153
-0.400011 -0.400272 0.500053 -0.39918 -0.375083 0.495247
-0.399991 -0.399782 0.499957 -0.399199 -0.375555 0.495339
-0.400011 -0.400272 0.500053 -0.399217 -0.376025 0.495431
-0.399991 -0.399782 0.499957 -0.399236 -0.376493 0.495523
-0.400011 -0.400272 0.500053 -0.399272 -0.377418 0.495704
-0.399991 -0.399782 0.499957 -0.399289 -0.377876 0.495794
-0.400011 -0.400272 0.500053 -0.399306 -0.378329 0.495882
-0.399991 -0.399782 0.499957 -0.399323 -0.378778 0.49597
-0.400011 -0.400272 0.500053 -0.39934 -0.379222 0.496056
-0.399991 -0.399782 0.499957 -0.399356 -0.379662 0.496142
-0.400011 -0.400272 0.500053 -0.399373 -0.380098 0.496226
-0.399991 -0.399782 0.499957 -0.399388 -0.380531 0.496311
-0.400011 -0.400272 0.500053 -0.399404 -0.380962 0.496394
-0.399991 -0.399782 0.499957 -0.39942 -0.381389 0.496477
-0.400011 -0.400272 0.500053 -0.399435 -0.381812 0.496559
-0.399991 -0.399782 0.499957 -0.39945 -0.382232 0.49664
-0.400011 -0.400272 0.500053 -0.399465 -0.382648 0.496721
-0.399991 -0.399782 0.499957 -0.39948 -0.383059 0.4968
-0.400011 -0.400272 0.500053 -0.399495 -0.383466 0.496879
-0.399991 -0.399782 0.499957 -0.399509 -0.383868 0.496956
-0.400011 -0.400272 0.500053 -0.399523 -0.384265 0.497033
-0.399991 -0.399782 0.499957 -0.399536 -0.384656 0.497108
-0.400011 -0.400272 0.500053 -0.39955 -0.385043 0.497182
-0.399991 -0.399782 0.499957 -0.399563 -0.385425 0.497256
-0.400011 -0.400272 0.500053 -0.399576 -0.385801 0.497328
-0.399991 -0.399782 0.499957 -0.399588 -0.386173 0.497399
-0.400011 -0.400272 0.500053 -0.3996 -0.386538 0.497469
-0.399991 -0.399782 0.499957 -0.399612 -0.386898 0.497538
-0.400011 -0.400272 0.500053 -0.399624 -0.387251 0.497605
-0.399991 -0.399782 0.499957 -0.399635 -0.387599 0.497672
-0.400011 -0.400272 0.500053 -0.399646 -0.38794 0.497737
-0.399991 -0.399782 0.499957 -0.399657 -0.388275 0.4978
-0.400011 -0.400272 0.500053 -0.399668 -0.388604 0.497863
-0.399991 -0.399782 0.499957 -0.399678 -0.388926 0.497924
-0.400011 -0.400272 0.500053 -0.399688 -0.389243 0.497984
-0.399991 -0.399782 0.499957 -0.399698 -0.389553 0.498043
-0.400011 -0.400272 0.500053 -0.399716 -0.390157 0.498157
-0.399991 -0.399782 0.499957 -0.399725 -0.39045 0.498213
-0.400011 -0.400272 0.500053 -0.399734 -0.390736 0.498267
-0.399991 -0.399782 0.499957 -0.399742 -0.391016 0.498319
-0.400011 -0.400272 0.500053 -0.39975 -0.391291 0.498371
-0.399991 -0.399782 0.499957 -0.399758 -0.391559 0.498421
-0.400011 -0.400272 0.500053 -0.399766 -0.391821 0.498471
-0.399991 -0.399782 0.499957 -0.399774 -0.392078 0.498519
-0.400011 -0.400272 0.500053 -0.399781 -0.392329 0.498566
-0.399991 -0.399782 0.499957 -0.399788 -0.392575 0.498612
-0.400011 -0.400272 0.500053 -0.399795 -0.392815 0.498657
-0.399991 -0.399782 0.499957 -0.399802 -0.393049 0.498701
-0.400011 -0.400272 0.500053 -0.399808 -0.393278 0.498744
-0.399991 -0.399782 0.499957 -0.399814 -0.393502 0.498786
-0.400011 -0.400272 0.500053 -0.399821 -0.39372 0.498827
-0.399991 -0.399782 0.499957 -0.399827 -0.393932 0.498866
-0.400011 -0.400272 0.500053 -0.399832 -0.394139 0.498905
-0.399991 -0.399782 0.499957 -0.399838 -0.394341 0.498942
-0.400011 -0.400272 0.500053 -0.399843 -0.394537 0.498979
-0.399991 -0.399782 0.499957 -0.399849 -0.394729 0.499015
-0.400011 -0.400272 0.500053 -0.399854 -0.394916 0.49905
-0.399991 -0.399782 0.499957 -0.399859 -0.395098 0.499083
-0.400011 -0.400272 0.500053 -0.399864 -0.395275 0.499116
-0.399991 -0.399782 0.499957 -0.399868 -0.395448 0.499149
-0.400011 -0.400272 0.500053 -0.399873 -0.395616 0.49918
-0.399991 -0.399782 0.499957 -0.399877 -0.395779 0.49921
-0.400011 -0.400272 0.500053 -0.399882 -0.395938 0.49924
-0.399991 -0.399782 0.499957 -0.399886 -0.396093 0.499269
-0.400011 -0.400272 0.500053 -0.39989 -0.396244 0.499297
-0.399991 -0.399782 0.499957 -0.399894 -0.39639 0.499324
-0.400011 -0.400272 0.500053 -0.399898 -0.396532 0.49935
-0.399991 -0.399782 0.499957 -0.399901 -0.39667 0.499376
-0.400011 -0.400272 0.500053 -0.399908 -0.396935 0.499425
-0.399991 -0.399782 0.499957 -0.399912 -0.397061 0.499448
-0.400011 -0.400272 0.500053 -0.399915 -0.397184 0.499471
-0.399991 -0.399782 0.499957 -0.399918 -0.397303 0.499493
-0.400011 -0.400272 0.500053 -0.399921 -0.397418 0.499515
-0.399991 -0.399782 0.499957 -0.399924 -0.397529 0.499535
-0.400011 -0.400272 0.500053 -0.399927 -0.397636 0.499555
-0.399991 -0.399782 0.499957 -0.39993 -0.39774 0.499574
-0.400011 -0.400272 0.500053 -0.399933 -0.397839 0.499593
-0.399991 -0.399782 0.499957 -0.399935 -0.397935 0.49961
-0.400011 -0.400272 0.500053 -0.399937 -0.398028 0.499627
-0.399991 -0.399782 0.499957 -0.39994 -0.398117 0.499644
-0.400011 -0.400272 0.500053 -0.399942 -0.398202 0.49966
-0.399991 -0.399782 0.499957 -0.399944 -0.398285 0.499675
-0.400011 -0.400272 0.500053 -0.399946 -0.398364 0.49969
-0.399991 -0.399782 0.499957 -0.399948 -0.39844 0.499704
-0.400011 -0.400272 0.500053 -0.39995 -0.398513 0.499717
-0.399991 -0.399782 0.499957 -0.399952 -0.398584 0.49973
-0.400011 -0.400272 0.500053 -0.399954 -0.398651 0.499743
-0.399991 -0.399782 0.499957 -0.399955 -0.398716 0.499755
-0.400011 -0.400272 0.500053 -0.399957 -0.398778 0.499766
-0.399991 -0.399782 0.499957 -0.399958 -0.398838 0.499777
-0.400011 -0.400272 0.500053 -0.39996 -0.398895 0.499788
-0.399991 -0.399782 0.499957 -0.399961 -0.39895 0.499798
-0.400011 -0.400272 0.500053 -0.399963 -0.399003 0.499808
-0.399991 -0.399782 0.499957 -0.399964 -0.399053 0.499817
