-0.369648 0.363579 0.350252 -0.369628 0.36407 0.350155
-0.369667 0.363089 0.350348 -0.369604 0.36409 0.35015
-0.369687 0.362599 0.350444 -0.36958 0.36411 0.350144
-0.369706 0.362109 0.35054 -0.369557 0.36413 0.350139
-0.369726 0.361618 0.350636 -0.369534 0.364149 0.350134
-0.369745 0.361128 0.350732 -0.369511 0.364168 0.350129
-0.369765 0.360638 0.350828 -0.369489 0.364187 0.350124
-0.369784 0.360148 0.350925 -0.369468 0.364205 0.350119
-0.369803 0.359657 0.351021 -0.369447 0.364221 0.350114
-0.369823 0.359167 0.351117 -0.369428 0.364236 0.35011
-0.369842 0.358677 0.351213 -0.36941 0.364248 0.350107
-0.369862 0.358186 0.351309 -0.369394 0.364257 0.350104
-0.369881 0.357696 0.351405 -0.369379 0.364263 0.350102
-0.369901 0.357206 0.351502 -0.369353 0.364263 0.3501
-0.36992 0.356716 0.351598 -0.369342 0.364255 0.350101
-0.36994 0.356225 0.351694 -0.369332 0.364243 0.350103
-0.369959 0.355735 0.35179 -0.369324 0.364225 0.350106
-0.369979 0.355245 0.351886 -0.369317 0.364202 0.35011
-0.369998 0.354754 0.351982 -0.36931 0.364172 0.350115
-0.370018 0.354264 0.352078 -0.369305 0.364137 0.350122
-0.370037 0.353774 0.352175 -0.369301 0.364095 0.35013
-0.370057 0.353284 0.352271 -0.369298 0.364047 0.350139
-0.370076 0.352793 0.352367 -0.369296 0.363993 0.350149
-0.370096 0.352303 0.352463 -0.369296 0.363932 0.350161
-0.370115 0.351813 0.352559 -0.369296 0.363865 0.350174
-0.370135 0.351322 0.352655 -0.369298 0.363712 0.350205
-0.370154 0.350832 0.352751 -0.369301 0.363625 0.350222
-0.370174 0.350342 0.352848 -0.369305 0.363532 0.350241
-0.370193 0.349852 0.352944 -0.36932 0.363211 0.350305
-0.370213 0.349361 0.35304 -0.369327 0.36309 0.350329
-0.370232 0.348871 0.353136 -0.369335 0.362962 0.350355
-0.370252 0.348381 0.353232 -0.369343 0.362828 0.350382
-0.370271 0.34789 0.353328 -0.369352 0.362687 0.35041
-0.370291 0.3474 0.353425 -0.369361 0.36254 0.35044
-0.37031 0.34691 0.353521 -0.369371 0.362387 0.35047
-0.37033 0.34642 0.353617 -0.369382 0.362228 0.350502
-0.370349 0.345929 0.353713 -0.369393 0.362063 0.350535
-0.370369 0.345439 0.353809 -0.369405 0.361893 0.35057
-0.370388 0.344949 0.353905 -0.369417 0.361716 0.350606
-0.370408 0.344459 0.354001 -0.36943 0.361533 0.350642
-0.370427 0.343968 0.354098 -0.369443 0.361345 0.35068
-0.370447 0.343478 0.354194 -0.369471 0.360951 0.35076
-0.370466 0.342988 0.35429 -0.369485 0.360746 0.350801
-0.370486 0.342497 0.354386 -0.3695 0.360535 0.350844
-0.370505 0.342007 0.354482 -0.369515 0.360319 0.350887
-0.370525 0.341517 0.354578 -0.369563 0.359637 0.351025
-0.370544 0.341027 0.354675 -0.369614 0.358905 0.351173
-0.370564 0.340536 0.354771 -0.369632 0.358652 0.351224
-0.370583 0.340046 0.354867 -0.36965 0.358394 0.351276
-0.370603 0.339556 0.354963 -0.369668 0.358133 0.351328
-0.370622 0.339065 0.355059 -0.369686 0.357868 0.351382
-0.370642 0.338575 0.355155 -0.369704 0.357599 0.351436
-0.370661 0.338085 0.355251 -0.369722 0.357327 0.351491
-0.37068 0.337595 0.355348 -0.369741 0.357052 0.351546
-0.3707 0.337104 0.355444 -0.369759 0.356773 0.351602
-0.370719 0.336614 0.35554 -0.369778 0.35649 0.351659
-0.370739 0.336124 0.355636 -0.369797 0.356204 0.351716
-0.370758 0.335633 0.355732 -0.369835 0.355622 0.351833
-0.370778 0.335143 0.355828 -0.369854 0.355325 0.351893
-0.370797 0.334653 0.355924 -0.369873 0.355026 0.351953
-0.370817 0.334163 0.356021 -0.369892 0.354724 0.352014
-0.370836 0.333672 0.356117 -0.369912 0.354418 0.352075
-0.370856 0.333182 0.356213 -0.369931 0.354109 0.352137
-0.370875 0.332692 0.356309 -0.36995 0.353797 0.352199
-0.370895 0.332202 0.356405 -0.36997 0.353482 0.352262
-0.370914 0.331711 0.356501 -0.36999 0.353164 0.352326
-0.370934 0.331221 0.356598 -0.370009 0.352843 0.35239
-0.370953 0.330731 0.356694 -0.370029 0.352518 0.352455
-0.370973 0.33024 0.35679 -0.370049 0.35219 0.352521
-0.370992 0.32975 0.356886 -0.370069 0.351858 0.352587
-0.371012 0.32926 0.356982 -0.370089 0.351524 0.352654
-0.371031 0.32877 0.357078 -0.370109 0.351186 0.352722
-0.371051 0.328279 0.357174 -0.370129 0.350845 0.35279
-0.37107 0.327789 0.357271 -0.370149 0.3505 0.352859
-0.37109 0.327299 0.357367 -0.370169 0.350153 0.352928
-0.371109 0.326808 0.357463 -0.370189 0.349802 0.352998
-0.371129 0.326318 0.357559 -0.37021 0.349448 0.353069
-0.371148 0.325828 0.357655 -0.37023 0.349091 0.35314
-0.371168 0.325338 0.357751 -0.370251 0.348731 0.353212
-0.371187 0.324847 0.357847 -0.370271 0.348368 0.353285
-0.371207 0.324357 0.357944 -0.370292 0.348002 0.353358
-0.371226 0.323867 0.35804 -0.370312 0.347633 0.353431
-0.371246 0.323376 0.358136 -0.370333 0.347261 0.353506
-0.371265 0.322886 0.358232 -0.370353 0.346888 0.35358
-0.371285 0.322396 0.358328 -0.370374 0.346513 0.353655
-0.371304 0.321906 0.358424 -0.370415 0.345756 0.353805
-0.371324 0.321415 0.358521 -0.370435 0.345374 0.353881
-0.371343 0.320925 0.358617 -0.370456 0.34499 0.353958
-0.371363 0.320435 0.358713 -0.370476 0.344603 0.354035
-0.371382 0.319944 0.358809 -0.370497 0.344214 0.354112
-0.371402 0.319454 0.358905 -0.370518 0.343823 0.35419
-0.371421 0.318964 0.359001 -0.370538 0.343429 0.354268
-0.371441 0.318474 0.359097 -0.370559 0.343033 0.354347
-0.37146 0.317983 0.359194 -0.370579 0.342634 0.354426
-0.37148 0.317493 0.35929 -0.3706 0.342234 0.354506
-0.371499 0.317003 0.359386 -0.370621 0.341831 0.354586
-0.371518 0.316513 0.359482 -0.370641 0.341425 0.354666
-0.371538 0.316022 0.359578 -0.370662 0.341018 0.354747
-0.371557 0.315532 0.359674 -0.370683 0.340608 0.354829
-0.371577 0.315042 0.359771 -0.370703 0.340196 0.35491
-0.371596 0.314551 0.359867 -0.370724 0.339783 0.354992
-0.371616 0.314061 0.359963 -0.370745 0.339369 0.355075
-0.371635 0.313571 0.360059 -0.370785 0.338538 0.355239
-0.371655 0.313081 0.360155 -0.370806 0.338121 0.355322
-0.371674 0.31259 0.360251 -0.370826 0.337704 0.355404
-0.371694 0.3121 0.360347 -0.370846 0.337285 0.355487
-0.371713 0.31161 0.360444 -0.370866 0.336864 0.35557
-0.371733 0.311119 0.36054 -0.370886 0.336442 0.355654
-0.371752 0.310629 0.360636 -0.370906 0.336018 0.355738
-0.371772 0.310139 0.360732 -0.370927 0.335592 0.355822
-0.371791 0.309649 0.360828 -0.370947 0.335164 0.355906
-0.371811 0.309158 0.360924 -0.370967 0.334736 0.355991
-0.37183 0.308668 0.36102 -0.370987 0.334305 0.356076
-0.37185 0.308178 0.361117 -0.371007 0.333873 0.356162
-0.371869 0.307687 0.361213 -0.371028 0.33344 0.356247
-0.371889 0.307197 0.361309 -0.371048 0.333004 0.356333
-0.371908 0.306707 0.361405 -0.371088 0.33213 0.356506
-0.371928 0.306217 0.361501 -0.371108 0.331691 0.356593
-0.371947 0.305726 0.361597 -0.371128 0.33125 0.35668
-0.371967 0.305236 0.361694 -0.371149 0.330808 0.356767
-0.371986 0.304746 0.36179 -0.371169 0.330365 0.356854
-0.372006 0.304256 0.361886 -0.371189 0.329922 0.356942
-0.372025 0.303765 0.361982 -0.371209 0.329478 0.357029
-0.372045 0.303275 0.362078 -0.371229 0.329033 0.357117
-0.372064 0.302785 0.362174 -0.371249 0.328587 0.357205
-0.372084 0.302294 0.36227 -0.371268 0.32814 0.357293
-0.372103 0.301804 0.362367 -0.371288 0.327692 0.357381
-0.372123 0.301314 0.362463 -0.371308 0.327244 0.357469
-0.372142 0.300824 0.362559 -0.371328 0.326795 0.357558
-0.372162 0.300333 0.362655 -0.371348 0.326344 0.357647
-0.372181 0.299843 0.362751 -0.371367 0.325894 0.357735
-0.372201 0.299353 0.362847 -0.371387 0.325443 0.357824
-0.37222 0.298862 0.362943 -0.371407 0.324992 0.357913
-0.37224 0.298372 0.36304 -0.371426 0.324541 0.358001
-0.372259 0.297882 0.363136 -0.371445 0.324091 0.35809
-0.372279 0.297392 0.363232 -0.371465 0.323641 0.358178
-0.372298 0.296901 0.363328 -0.371484 0.323191 0.358267
-0.372318 0.296411 0.363424 -0.371503 0.322741 0.358355
-0.372337 0.295921 0.36352 -0.371541 0.32184 0.358532
-0.372357 0.29543 0.363617 -0.37156 0.321389 0.35862
-0.372376 0.29494 0.363713 -0.371579 0.320937 0.358709
-0.372395 0.29445 0.363809 -0.371617 0.320032 0.358887
-0.372415 0.29396 0.363905 -0.371636 0.319578 0.358976
-0.372434 0.293469 0.364001 -0.371655 0.319123 0.359065
-0.372454 0.292979 0.364097 -0.371673 0.318668 0.359154
-0.372473 0.292489 0.364193 -0.371692 0.318213 0.359244
-0.372493 0.291998 0.36429 -0.371711 0.317758 0.359333
-0.372512 0.291508 0.364386 -0.37173 0.317303 0.359422
-0.372532 0.291018 0.364482 -0.371749 0.316849 0.359511
-0.372551 0.290528 0.364578 -0.371786 0.315941 0.359689
-0.372571 0.290037 0.364674 -0.371804 0.315488 0.359778
-0.37259 0.289547 0.36477 -0.371823 0.315034 0.359867
-0.37261 0.289057 0.364866 -0.371841 0.31458 0.359955
-0.372629 0.288567 0.364963 -0.371859 0.314127 0.360044
-0.372649 0.288076 0.365059 -0.371878 0.313673 0.360133
-0.372668 0.287586 0.365155 -0.371896 0.31322 0.360222
-0.372688 0.287096 0.365251 -0.371914 0.312766 0.360311
-0.372707 0.286605 0.365347 -0.371933 0.312312 0.3604
-0.372727 0.286115 0.365443 -0.371951 0.311857 0.360488
-0.372746 0.285625 0.36554 -0.371969 0.311403 0.360577
-0.372766 0.285135 0.365636 -0.372006 0.310493 0.360756
-0.372785 0.284644 0.365732 -0.372024 0.310037 0.360845
-0.372805 0.284154 0.365828 -0.372042 0.309582 0.360934
-0.372824 0.283664 0.365924 -0.37206 0.309126 0.361023
-0.372844 0.283173 0.36602 -0.372079 0.308671 0.361112
-0.372863 0.282683 0.366116 -0.372097 0.308215 0.361201
-0.372883 0.282193 0.366213 -0.372115 0.30776 0.36129
-0.372902 0.281703 0.366309 -0.372133 0.307304 0.361379
-0.372922 0.281212 0.366405 -0.372151 0.306849 0.361469
-0.372941 0.280722 0.366501 -0.372169 0.306394 0.361558
-0.372961 0.280232 0.366597 -0.372188 0.305938 0.361647
-0.37298 0.279741 0.366693 -0.372206 0.305483 0.361736
-0.373 0.279251 0.36679 -0.372224 0.305028 0.361825
-0.373019 0.278761 0.366886 -0.372242 0.304574 0.361913
-0.373039 0.278271 0.366982 -0.37226 0.30412 0.362002
-0.373058 0.27778 0.367078 -0.372277 0.303668 0.362091
-0.373078 0.27729 0.367174 -0.372295 0.303218 0.362179
-0.373097 0.2768 0.36727 -0.372312 0.30277 0.362266
-0.373117 0.276309 0.367366 -0.372329 0.302324 0.362353
-0.373136 0.275819 0.367463 -0.372364 0.301432 0.362527
-0.373156 0.275329 0.367559 -0.372381 0.300986 0.362614
-0.373175 0.274839 0.367655 -0.372398 0.300539 0.362702
-0.373195 0.274348 0.367751 -0.372416 0.300092 0.362789
-0.373214 0.273858 0.367847 -0.372433 0.299643 0.362876
-0.373234 0.273368 0.367943 -0.372451 0.299195 0.362964
-0.373253 0.272878 0.368039 -0.372468 0.298745 0.363052
-0.373272 0.272387 0.368136 -0.372486 0.298295 0.36314
-0.373292 0.271897 0.368232 -0.372504 0.297844 0.363228
-0.373311 0.271407 0.368328 -0.372521 0.297393 0.363316
-0.373331 0.270916 0.368424 -0.372539 0.296941 0.363405
-0.37335 0.270426 0.36852 -0.372557 0.296488 0.363493
-0.37337 0.269936 0.368616 -0.372575 0.296036 0.363582
-0.373389 0.269446 0.368713 -0.372593 0.295583 0.36367
-0.373409 0.268955 0.368809 -0.372611 0.295129 0.363759
-0.373428 0.268465 0.368905 -0.372629 0.294676 0.363848
-0.373448 0.267975 0.369001 -0.372647 0.294222 0.363936
-0.373467 0.267484 0.369097 -0.372665 0.293768 0.364025
-0.373487 0.266994 0.369193 -0.372701 0.292858 0.364203
-0.373506 0.266504 0.369289 -0.372719 0.292402 0.364293
-0.373526 0.266014 0.369386 -0.372738 0.291946 0.364382
-0.373545 0.265523 0.369482 -0.372756 0.291489 0.364471
-0.373565 0.265033 0.369578 -0.372774 0.291031 0.364561
-0.373584 0.264543 0.369674 -0.372793 0.290574 0.36465
-0.373604 0.264052 0.36977 -0.372811 0.290115 0.36474
-0.373623 0.263562 0.369866 -0.372829 0.289657 0.36483
-0.373643 0.263072 0.369962 -0.372848 0.289198 0.36492
-0.373662 0.262582 0.370059 -0.372866 0.288738 0.36501
-0.373682 0.262091 0.370155 -0.372885 0.288279 0.3651
-0.373701 0.261601 0.370251 -0.372903 0.287818 0.36519
-0.373721 0.261111 0.370347 -0.372922 0.287358 0.36528
-0.37374 0.260621 0.370443 -0.37294 0.286897 0.36537
-0.37376 0.26013 0.370539 -0.372959 0.286435 0.365461
-0.373779 0.25964 0.370636 -0.372978 0.285973 0.365551
-0.373799 0.25915 0.370732 -0.372996 0.28551 0.365642
-0.373818 0.258659 0.370828 -0.373015 0.285047 0.365732
-0.373838 0.258169 0.370924 -0.373034 0.284584 0.365823
-0.373857 0.257679 0.37102 -0.373053 0.28412 0.365914
-0.373877 0.257189 0.371116 -0.373071 0.283656 0.366005
-0.373896 0.256698 0.371212 -0.37309 0.283191 0.366096
-0.373916 0.256208 0.371309 -0.373109 0.282727 0.366187
-0.373935 0.255718 0.371405 -0.373128 0.282263 0.366278
-0.373955 0.255227 0.371501 -0.373147 0.281798 0.366369
-0.373974 0.254737 0.371597 -0.373165 0.281333 0.36646
-0.373994 0.254247 0.371693 -0.373184 0.280868 0.366551
-0.374013 0.253757 0.371789 -0.373203 0.280402 0.366642
-0.374033 0.253266 0.371886 -0.373222 0.279935 0.366734
-0.374052 0.252776 0.371982 -0.37326 0.279002 0.366916
-0.374072 0.252286 0.372078 -0.373279 0.278535 0.367008
-0.374091 0.251795 0.372174 -0.373298 0.278067 0.367099
-0.374111 0.251305 0.37227 -0.373316 0.2776 0.367191
-0.37413 0.250815 0.372366 -0.373335 0.277132 0.367282
-0.374149 0.250325 0.372462 -0.373354 0.276664 0.367374
-0.374169 0.249834 0.372559 -0.373373 0.276196 0.367466
-0.374188 0.249344 0.372655 -0.373392 0.275728 0.367557
-0.374208 0.248854 0.372751 -0.373411 0.275259 0.367649
-0.374227 0.248363 0.372847 -0.37343 0.27479 0.367741
-0.374247 0.247873 0.372943 -0.373449 0.274321 0.367833
-0.374266 0.247383 0.373039 -0.373468 0.273852 0.367925
-0.374286 0.246893 0.373135 -0.373487 0.273383 0.368017
-0.374305 0.246402 0.373232 -0.373506 0.272913 0.368109
-0.374325 0.245912 0.373328 -0.373525 0.272443 0.368201
-0.374344 0.245422 0.373424 -0.373544 0.271973 0.368293
-0.374364 0.244932 0.37352 -0.373563 0.271503 0.368385
-0.374383 0.244441 0.373616 -0.373677 0.268677 0.368938
-0.374403 0.243951 0.373712 -0.373696 0.268208 0.36903
-0.374422 0.243461 0.373809 -0.373733 0.267277 0.369212
-0.374442 0.24297 0.373905 -0.373751 0.266815 0.369302
-0.374461 0.24248 0.374001 -0.373769 0.266356 0.369392
-0.374481 0.24199 0.374097 -0.373786 0.265901 0.369481
-0.3745 0.2415 0.374193 -0.373803 0.265449 0.369569
-0.37452 0.241009 0.374289 -0.37382 0.265 0.369657
-0.374539 0.240519 0.374385 -0.373837 0.264554 0.369744
-0.374559 0.240029 0.374482 -0.373853 0.26411 0.36983
-0.374578 0.239538 0.374578 -0.37387 0.263669 0.369916
-0.374598 0.239048 0.374674 -0.373886 0.263229 0.370002
-0.374617 0.238558 0.37477 -0.373902 0.26279 0.370087
-0.374637 0.238068 0.374866 -0.373918 0.262352 0.370173
-0.374656 0.237577 0.374962 -0.373934 0.261914 0.370258
-0.374676 0.237087 0.375058 -0.373951 0.261477 0.370343
-0.374695 0.236597 0.375155 -0.373967 0.26104 0.370429
-0.374715 0.236106 0.375251 -0.373983 0.260604 0.370514
-0.374734 0.235616 0.375347 -0.373999 0.260167 0.370599
-0.374754 0.235126 0.375443 -0.374016 0.259731 0.370684
-0.374773 0.234636 0.375539 -0.374032 0.259294 0.370769
-0.374793 0.234145 0.375635 -0.374048 0.258858 0.370854
-0.374812 0.233655 0.375732 -0.374065 0.258422 0.370939
-0.374832 0.233165 0.375828 -0.374081 0.257986 0.371024
-0.374851 0.232675 0.375924 -0.374098 0.25755 0.371109
-0.374871 0.232184 0.37602 -0.374114 0.257115 0.371194
-0.37489 0.231694 0.376116 -0.374131 0.256679 0.371279
-0.37491 0.231204 0.376212 -0.374164 0.255809 0.371449
-0.374929 0.230713 0.376308 -0.37418 0.255374 0.371534
-0.374949 0.230223 0.376405 -0.374197 0.254939 0.371619
-0.374968 0.229733 0.376501 -0.374213 0.254504 0.371704
-0.374987 0.229243 0.376597 -0.37423 0.254068 0.371789
-0.375007 0.228752 0.376693 -0.374247 0.253632 0.371874
-0.375026 0.228262 0.376789 -0.374264 0.253197 0.371959
-0.375046 0.227772 0.376885 -0.37428 0.252761 0.372044
-0.375065 0.227281 0.376981 -0.374297 0.252325 0.37213
-0.375085 0.226791 0.377078 -0.374314 0.251889 0.372215
-0.375104 0.226301 0.377174 -0.374331 0.251453 0.3723
-0.375124 0.225811 0.37727 -0.374364 0.250587 0.372469
-0.375143 0.22532 0.377366 -0.374381 0.250157 0.372553
-0.375163 0.22483 0.377462 -0.374397 0.249727 0.372637
-0.375182 0.22434 0.377558 -0.374414 0.249299 0.372721
-0.375202 0.223849 0.377655 -0.37443 0.248869 0.372804
-0.375221 0.223359 0.377751 -0.374447 0.248439 0.372888
-0.375241 0.222869 0.377847 -0.374463 0.248008 0.372973
-0.37526 0.222379 0.377943 -0.37448 0.247576 0.373057
-0.37528 0.221888 0.378039 -0.374514 0.246709 0.373227
-0.375299 0.221398 0.378135 -0.374531 0.246275 0.373312
-0.375319 0.220908 0.378231 -0.374548 0.24584 0.373397
-0.375338 0.220417 0.378328 -0.374566 0.245404 0.373482
-0.375358 0.219927 0.378424 -0.374583 0.244968 0.373567
-0.375377 0.219437 0.37852 -0.3746 0.244531 0.373653
-0.375397 0.218947 0.378616 -0.374635 0.243656 0.373824
-0.375416 0.218456 0.378712 -0.374653 0.243217 0.37391
-0.375436 0.217966 0.378808 -0.374671 0.242777 0.373996
-0.375455 0.217476 0.378905 -0.374688 0.242337 0.374082
-0.375475 0.216986 0.379001 -0.374706 0.241897 0.374168
-0.375494 0.216495 0.379097 -0.374724 0.241457 0.374254
-0.375514 0.216005 0.379193 -0.374741 0.241016 0.374341
-0.375533 0.215515 0.379289 -0.374759 0.240576 0.374427
-0.375553 0.215024 0.379385 -0.374777 0.240135 0.374513
-0.375572 0.214534 0.379481 -0.374795 0.239694 0.374599
-0.375592 0.214044 0.379578 -0.374813 0.239253 0.374686
-0.375611 0.213554 0.379674 -0.37483 0.238811 0.374772
-0.375631 0.213063 0.37977 -0.374848 0.23837 0.374859
-0.37565 0.212573 0.379866 -0.374866 0.237929 0.374945
-0.37567 0.212083 0.379962 -0.374884 0.237488 0.375031
-0.375689 0.211592 0.380058 -0.374901 0.237047 0.375118
-0.375709 0.211102 0.380154 -0.374937 0.236164 0.37529
-0.375728 0.210612 0.380251 -0.374955 0.235722 0.375377
-0.375748 0.210122 0.380347 -0.374973 0.235281 0.375463
-0.375767 0.209631 0.380443 -0.37499 0.234838 0.37555
-0.375787 0.209141 0.380539 -0.375008 0.234396 0.375637
-0.375806 0.208651 0.380635 -0.375026 0.233952 0.375723
-0.375826 0.20816 0.380731 -0.375044 0.233508 0.37581
-0.375845 0.20767 0.380828 -0.375062 0.233064 0.375897
-0.375864 0.20718 0.380924 -0.37508 0.23262 0.375984
-0.375884 0.20669 0.38102 -0.375098 0.232175 0.376071
-0.375903 0.206199 0.381116 -0.375116 0.23173 0.376159
-0.375923 0.205709 0.381212 -0.375134 0.231284 0.376246
-0.375942 0.205219 0.381308 -0.375152 0.230839 0.376333
-0.375962 0.204729 0.381404 -0.375171 0.230394 0.37642
-0.375981 0.204238 0.381501 -0.375189 0.229948 0.376507
-0.376001 0.203748 0.381597 -0.375225 0.229055 0.376682
-0.37602 0.203258 0.381693 -0.375243 0.228608 0.37677
-0.37604 0.202767 0.381789 -0.375261 0.22816 0.376858
-0.376059 0.202277 0.381885 -0.37528 0.227711 0.376946
-0.376079 0.201787 0.381981 -0.375298 0.227263 0.377033
-0.376098 0.201297 0.382077 -0.375316 0.226814 0.377121
-0.376118 0.200806 0.382174 -0.375334 0.226365 0.377209
-0.376137 0.200316 0.38227 -0.375353 0.225915 0.377297
-0.376157 0.199826 0.382366 -0.375371 0.225466 0.377385
-0.376176 0.199335 0.382462 -0.375389 0.225016 0.377474
-0.376196 0.198845 0.382558 -0.375408 0.224565 0.377562
-0.376215 0.198355 0.382654 -0.375426 0.224114 0.37765
-0.376235 0.197865 0.382751 -0.375445 0.223662 0.377739
-0.376254 0.197374 0.382847 -0.375482 0.222757 0.377916
-0.376274 0.196884 0.382943 -0.3755 0.222304 0.378005
-0.376293 0.196394 0.383039 -0.375519 0.22185 0.378094
-0.376313 0.195903 0.383135 -0.375537 0.221396 0.378183
-0.376332 0.195413 0.383231 -0.375556 0.220942 0.378272
-0.376352 0.194923 0.383327 -0.375574 0.220487 0.378361
-0.376371 0.194433 0.383424 -0.375593 0.220032 0.37845
-0.376391 0.193942 0.38352 -0.375612 0.219577 0.378539
-0.37641 0.193452 0.383616 -0.37563 0.219122 0.378628
-0.37643 0.192962 0.383712 -0.375649 0.218667 0.378717
-0.376449 0.192471 0.383808 -0.375667 0.218211 0.378807
-0.376469 0.191981 0.383904 -0.375686 0.217755 0.378896
-0.376488 0.191491 0.384001 -0.375704 0.217299 0.378985
-0.376508 0.191001 0.384097 -0.375723 0.216843 0.379075
-0.376527 0.19051 0.384193 -0.375742 0.216387 0.379164
-0.376547 0.19002 0.384289 -0.37576 0.215931 0.379253
-0.376566 0.18953 0.384385 -0.375779 0.215475 0.379343
-0.376586 0.18904 0.384481 -0.375797 0.215021 0.379432
-0.376605 0.188549 0.384577 -0.375815 0.214567 0.37952
-0.376625 0.188059 0.384674 -0.375833 0.214115 0.379609
-0.376644 0.187569 0.38477 -0.375851 0.213665 0.379697
-0.376664 0.187078 0.384866 -0.375886 0.21277 0.379872
-0.376683 0.186588 0.384962 -0.375904 0.212325 0.379959
-0.376703 0.186098 0.385058 -0.375921 0.21188 0.380046
-0.376722 0.185608 0.385154 -0.375939 0.211435 0.380133
-0.376741 0.185117 0.38525 -0.375956 0.210989 0.38022
-0.376761 0.184627 0.385347 -0.375974 0.210542 0.380308
-0.37678 0.184137 0.385443 -0.375992 0.210094 0.380396
-0.3768 0.183646 0.385539 -0.37601 0.209645 0.380483
-0.376819 0.183156 0.385635 -0.376028 0.209195 0.380571
-0.376839 0.182666 0.385731 -0.376046 0.208745 0.38066
-0.376858 0.182176 0.385827 -0.376064 0.208293 0.380748
-0.376878 0.181685 0.385924 -0.376082 0.207841 0.380836
-0.376897 0.181195 0.38602 -0.3761 0.207387 0.380925
-0.376917 0.180705 0.386116 -0.376118 0.206933 0.381014
-0.376936 0.180214 0.386212 -0.376137 0.206477 0.381103
-0.376956 0.179724 0.386308 -0.376155 0.206021 0.381193
-0.376975 0.179234 0.386404 -0.376174 0.205564 0.381282
-0.376995 0.178744 0.3865 -0.376193 0.205106 0.381372
-0.377014 0.178253 0.386597 -0.376211 0.204648 0.381462
-0.377034 0.177763 0.386693 -0.37623 0.204188 0.381552
-0.377053 0.177273 0.386789 -0.376249 0.203728 0.381642
-0.377073 0.176783 0.386885 -0.376268 0.203268 0.381732
-0.377092 0.176292 0.386981 -0.376287 0.202807 0.381822
-0.377112 0.175802 0.387077 -0.376305 0.202346 0.381913
-0.377131 0.175312 0.387173 -0.376324 0.201886 0.382003
-0.377151 0.174821 0.38727 -0.376343 0.201427 0.382093
-0.37717 0.174331 0.387366 -0.376361 0.200969 0.382182
-0.37719 0.173841 0.387462 -0.376379 0.200513 0.382271
-0.377209 0.173351 0.387558 -0.376397 0.20006 0.38236
-0.377229 0.17286 0.387654 -0.376433 0.199156 0.382537
-0.377248 0.17237 0.38775 -0.376451 0.198704 0.382625
-0.377268 0.17188 0.387847 -0.376469 0.19825 0.382714
-0.377287 0.171389 0.387943 -0.376487 0.197796 0.382803
-0.377307 0.170899 0.388039 -0.376505 0.19734 0.382892
-0.377326 0.170409 0.388135 -0.376524 0.196884 0.382982
-0.377346 0.169919 0.388231 -0.376542 0.196426 0.383071
-0.377365 0.169428 0.388327 -0.376561 0.195968 0.383161
-0.377385 0.168938 0.388423 -0.376579 0.195508 0.383251
-0.377404 0.168448 0.38852 -0.376598 0.195048 0.383341
-0.377424 0.167957 0.388616 -0.376617 0.194587 0.383431
-0.377443 0.167467 0.388712 -0.376636 0.194125 0.383522
-0.377463 0.166977 0.388808 -0.376654 0.193662 0.383612
-0.377482 0.166487 0.388904 -0.376673 0.193198 0.383703
-0.377502 0.165996 0.389 -0.376692 0.192733 0.383794
-0.377521 0.165506 0.389096 -0.376711 0.192268 0.383885
-0.377541 0.165016 0.389193 -0.376731 0.191802 0.383977
-0.37756 0.164525 0.389289 -0.37675 0.191335 0.384068
-0.377579 0.164035 0.389385 -0.376769 0.190867 0.38416
-0.377599 0.163545 0.389481 -0.376788 0.190399 0.384251
-0.377618 0.163055 0.389577 -0.376808 0.18993 0.384343
-0.377638 0.162564 0.389673 -0.376827 0.18946 0.384435
-0.377657 0.162074 0.38977 -0.376846 0.188989 0.384528
-0.377677 0.161584 0.389866 -0.376866 0.188517 0.38462
-0.377696 0.161094 0.389962 -0.376885 0.188045 0.384712
-0.377716 0.160603 0.390058 -0.376905 0.187573 0.384805
-0.377735 0.160113 0.390154 -0.376924 0.187099 0.384898
-0.377755 0.159623 0.39025 -0.376944 0.186625 0.384991
-0.377774 0.159132 0.390346 -0.376963 0.186151 0.385083
-0.377794 0.158642 0.390443 -0.376983 0.185677 0.385176
-0.377813 0.158152 0.390539 -0.377002 0.185203 0.385269
-0.377833 0.157662 0.390635 -0.377022 0.184729 0.385362
-0.377852 0.157171 0.390731 -0.377061 0.183781 0.385548
-0.377872 0.156681 0.390827 -0.37708 0.183306 0.385641
-0.377891 0.156191 0.390923 -0.3771 0.182832 0.385733
-0.377911 0.1557 0.39102 -0.377119 0.182358 0.385826
-0.37793 0.15521 0.391116 -0.377138 0.181883 0.385919
-0.37795 0.15472 0.391212 -0.377158 0.181409 0.386012
-0.377969 0.15423 0.391308 -0.377177 0.180934 0.386105
-0.377989 0.153739 0.391404 -0.377196 0.180459 0.386198
-0.378008 0.153249 0.3915 -0.377216 0.179984 0.386291
-0.378028 0.152759 0.391596 -0.377235 0.179508 0.386384
-0.378047 0.152268 0.391693 -0.377254 0.179033 0.386477
-0.378067 0.151778 0.391789 -0.377274 0.178557 0.38657
-0.378086 0.151288 0.391885 -0.377293 0.178081 0.386664
-0.378106 0.150798 0.391981 -0.377312 0.177605 0.386757
-0.378125 0.150307 0.392077 -0.377332 0.177128 0.38685
-0.378145 0.149817 0.392173 -0.377351 0.176652 0.386943
-0.378164 0.149327 0.392269 -0.37737 0.176175 0.387037
-0.378184 0.148837 0.392366 -0.37739 0.175698 0.38713
-0.378203 0.148346 0.392462 -0.377428 0.174746 0.387317
-0.378223 0.147856 0.392558 -0.377447 0.174272 0.387409
-0.378242 0.147366 0.392654 -0.377466 0.173799 0.387502
-0.378262 0.146875 0.39275 -0.377484 0.173329 0.387594
-0.378281 0.146385 0.392846 -0.377503 0.172859 0.387686
-0.378301 0.145895 0.392943 -0.377521 0.172389 0.387778
-0.37832 0.145405 0.393039 -0.37754 0.171919 0.38787
-0.37834 0.144914 0.393135 -0.377559 0.171449 0.387962
-0.378359 0.144424 0.393231 -0.377577 0.170979 0.388054
-0.378379 0.143934 0.393327 -0.377596 0.170509 0.388146
-0.378398 0.143443 0.393423 -0.377614 0.170038 0.388238
-0.378418 0.142953 0.393519 -0.377633 0.169567 0.38833
-0.378437 0.142463 0.393616 -0.377652 0.169096 0.388422
-0.378456 0.141973 0.393712 -0.37767 0.168624 0.388514
-0.378476 0.141482 0.393808 -0.377689 0.168153 0.388607
-0.378495 0.140992 0.393904 -0.377708 0.167681 0.388699
-0.378515 0.140502 0.394 -0.377727 0.167209 0.388791
-0.378534 0.140011 0.394096 -0.377745 0.166737 0.388884
-0.378554 0.139521 0.394192 -0.377764 0.166266 0.388976
-0.378573 0.139031 0.394289 -0.377783 0.165795 0.389068
-0.378593 0.138541 0.394385 -0.377801 0.165324 0.38916
-0.378612 0.13805 0.394481 -0.37782 0.164854 0.389252
-0.378632 0.13756 0.394577 -0.377838 0.164385 0.389344
-0.378651 0.13707 0.394673 -0.377875 0.163447 0.389527
-0.378671 0.136579 0.394769 -0.377894 0.162979 0.389619
-0.37869 0.136089 0.394866 -0.377912 0.16251 0.389711
-0.37871 0.135599 0.394962 -0.377931 0.162041 0.389802
-0.378729 0.135109 0.395058 -0.377949 0.161572 0.389894
-0.378749 0.134618 0.395154 -0.377968 0.161103 0.389986
-0.378768 0.134128 0.39525 -0.377986 0.160633 0.390078
-0.378788 0.133638 0.395346 -0.378005 0.160163 0.39017
-0.378807 0.133148 0.395442 -0.378023 0.159693 0.390262
-0.378827 0.132657 0.395539 -0.378042 0.159223 0.390354
-0.378846 0.132167 0.395635 -0.378061 0.158752 0.390446
-0.378866 0.131677 0.395731 -0.378079 0.158281 0.390538
-0.378885 0.131186 0.395827 -0.378098 0.157811 0.39063
-0.378905 0.130696 0.395923 -0.378117 0.15734 0.390722
-0.378924 0.130206 0.396019 -0.378135 0.15687 0.390814
-0.378944 0.129716 0.396116 -0.378154 0.1564 0.390906
-0.378963 0.129225 0.396212 -0.378172 0.15593 0.390998
-0.378983 0.128735 0.396308 -0.378191 0.155459 0.39109
-0.379002 0.128245 0.396404 -0.37821 0.154989 0.391182
-0.379022 0.127754 0.3965 -0.378229 0.154518 0.391274
-0.379041 0.127264 0.396596 -0.378247 0.154047 0.391367
-0.379061 0.126774 0.396692 -0.378284 0.153107 0.391551
-0.37908 0.126284 0.396789 -0.378303 0.152638 0.391642
-0.3791 0.125793 0.396885 -0.378322 0.152168 0.391734
-0.379119 0.125303 0.396981 -0.37834 0.151699 0.391826
-0.379139 0.124813 0.397077 -0.378359 0.151228 0.391918
-0.379158 0.124322 0.397173 -0.378377 0.150758 0.39201
-0.379178 0.123832 0.397269 -0.378396 0.150287 0.392102
-0.379197 0.123342 0.397365 -0.378415 0.149816 0.392194
-0.379217 0.122852 0.397462 -0.378434 0.149347 0.392286
-0.379236 0.122361 0.397558 -0.378452 0.148878 0.392378
-0.379256 0.121871 0.397654 -0.37847 0.14841 0.39247
-0.379275 0.121381 0.39775 -0.378489 0.147945 0.392561
-0.379295 0.120891 0.397846 -0.378507 0.147482 0.392651
-0.379314 0.1204 0.397942 -0.378524 0.147021 0.392742
-0.379333 0.11991 0.398039 -0.378542 0.146561 0.392832
-0.379353 0.11942 0.398135 -0.378578 0.14564 0.393012
-0.379372 0.118929 0.398231 -0.378595 0.145179 0.393102
-0.379392 0.118439 0.398327 -0.378613 0.144717 0.393192
-0.379411 0.117949 0.398423 -0.378631 0.144255 0.393283
-0.379431 0.117459 0.398519 -0.37865 0.143791 0.393373
-0.37945 0.116968 0.398615 -0.378668 0.143327 0.393464
-0.37947 0.116478 0.398712 -0.378686 0.142862 0.393555
-0.379489 0.115988 0.398808 -0.378705 0.142397 0.393646
-0.379509 0.115497 0.398904 -0.378723 0.141931 0.393738
-0.379528 0.115007 0.399 -0.378742 0.141465 0.393829
-0.379548 0.114517 0.399096 -0.37876 0.140998 0.39392
-0.379567 0.114027 0.399192 -0.378779 0.140532 0.394011
-0.379587 0.113536 0.399288 -0.378797 0.140064 0.394103
-0.379606 0.113046 0.399385 -0.378816 0.139597 0.394194
-0.379626 0.112556 0.399481 -0.378853 0.138661 0.394378
-0.379645 0.112065 0.399577 -0.378872 0.138192 0.394469
-0.379665 0.111575 0.399673 -0.378891 0.137723 0.394561
-0.379684 0.111085 0.399769 -0.378909 0.137255 0.394653
-0.379704 0.110595 0.399865 -0.378928 0.136786 0.394745
-0.379723 0.110104 0.399962 -0.378947 0.136317 0.394836
-0.379743 0.109614 0.400058 -0.378966 0.135849 0.394928
-0.379762 0.109124 0.400154 -0.378984 0.135382 0.39502
-0.379782 0.108633 0.40025 -0.379003 0.134916 0.395111
-0.379801 0.108143 0.400346 -0.379021 0.134452 0.395202
-0.379821 0.107653 0.400442 -0.379039 0.133989 0.395292
-0.37984 0.107163 0.400538 -0.379057 0.133528 0.395382
-0.37986 0.106672 0.400635 -0.379075 0.133068 0.395472
-0.379879 0.106182 0.400731 -0.379093 0.132609 0.395562
-0.379899 0.105692 0.400827 -0.379128 0.131693 0.395742
-0.379918 0.105202 0.400923 -0.379146 0.131235 0.395831
-0.379938 0.104711 0.401019 -0.379164 0.130776 0.395921
-0.379957 0.104221 0.401115 -0.379182 0.130317 0.396011
-0.379977 0.103731 0.401211 -0.3792 0.129858 0.396101
-0.379996 0.10324 0.401308 -0.379218 0.129398 0.396191
-0.380016 0.10275 0.401404 -0.379236 0.128937 0.396281
-0.380035 0.10226 0.4015 -0.379254 0.128477 0.396371
-0.380055 0.10177 0.401596 -0.379272 0.128016 0.396461
-0.380074 0.101279 0.401692 -0.37929 0.127554 0.396552
-0.380094 0.100789 0.401788 -0.379308 0.127092 0.396642
-0.380113 0.100299 0.401885 -0.379327 0.12663 0.396733
-0.380133 0.0998084 0.401981 -0.379345 0.126168 0.396823
-0.380152 0.0993181 0.402077 -0.379363 0.125705 0.396914
-0.380172 0.0988279 0.402173 -0.379382 0.125243 0.397004
-0.380191 0.0983376 0.402269 -0.3794 0.124782 0.397094
-0.38021 0.0978473 0.402365 -0.379418 0.124321 0.397185
-0.38023 0.097357 0.402461 -0.379436 0.123863 0.397274
-0.380249 0.0968667 0.402558 -0.379472 0.122951 0.397453
-0.380269 0.0963765 0.402654 -0.379489 0.122497 0.397542
-0.380288 0.0958862 0.40275 -0.379507 0.122042 0.397631
-0.380308 0.0953959 0.402846 -0.379525 0.121587 0.39772
-0.380327 0.0949056 0.402942 -0.379542 0.121131 0.397809
-0.380347 0.0944153 0.403038 -0.37956 0.120675 0.397899
-0.380366 0.0939251 0.403135 -0.379578 0.120217 0.397988
-0.380386 0.0934348 0.403231 -0.379596 0.11976 0.398078
-0.380405 0.0929445 0.403327 -0.379614 0.119301 0.398167
-0.380425 0.0924542 0.403423 -0.379633 0.118842 0.398257
-0.380444 0.0919639 0.403519 -0.379651 0.118382 0.398347
-0.380464 0.0914737 0.403615 -0.379669 0.117922 0.398438
-0.380483 0.0909834 0.403711 -0.379688 0.117461 0.398528
-0.380503 0.0904931 0.403808 -0.379706 0.116999 0.398618
-0.380522 0.0900028 0.403904 -0.379725 0.116536 0.398709
-0.380542 0.0895125 0.404 -0.379743 0.116073 0.3988
-0.380561 0.0890223 0.404096 -0.379762 0.11561 0.39889
-0.380581 0.088532 0.404192 -0.37978 0.115147 0.398981
-0.3806 0.0880417 0.404288 -0.379799 0.114683 0.399072
-0.38062 0.0875514 0.404384 -0.379818 0.114221 0.399162
-0.380639 0.0870611 0.404481 -0.379836 0.113759 0.399253
-0.380659 0.0865708 0.404577 -0.379854 0.113297 0.399343
-0.380678 0.0860806 0.404673 -0.379873 0.112836 0.399434
-0.380698 0.0855903 0.404769 -0.379891 0.112376 0.399524
-0.380717 0.0851 0.404865 -0.379909 0.111918 0.399613
-0.380737 0.0846097 0.404961 -0.379927 0.111461 0.399703
-0.380756 0.0841194 0.405058 -0.379945 0.111006 0.399792
-0.380776 0.0836292 0.405154 -0.379962 0.110554 0.39988
-0.380795 0.0831389 0.40525 -0.37998 0.110103 0.399969
-0.380815 0.0826486 0.405346 -0.379997 0.109653 0.400057
-0.380834 0.0821583 0.405442 -0.380015 0.109202 0.400145
-0.380854 0.081668 0.405538 -0.38005 0.108294 0.400323
-0.380873 0.0811778 0.405634 -0.380068 0.107837 0.400413
-0.380893 0.0806875 0.405731 -0.380087 0.107378 0.400502
-0.380912 0.0801972 0.405827 -0.380105 0.106918 0.400593
-0.380932 0.0797069 0.405923 -0.380124 0.106457 0.400683
-0.380951 0.0792166 0.406019 -0.380142 0.105994 0.400774
-0.380971 0.0787264 0.406115 -0.380161 0.10553 0.400864
-0.38099 0.0782361 0.406211 -0.38018 0.105065 0.400955
-0.38101 0.0777458 0.406307 -0.380199 0.1046 0.401047
-0.381029 0.0772555 0.406404 -0.380218 0.104133 0.401138
-0.381048 0.0767652 0.4065 -0.380256 0.103198 0.401321
-0.381068 0.076275 0.406596 -0.380295 0.10226 0.401505
-0.381087 0.0757847 0.406692 -0.380314 0.10179 0.401597
-0.381107 0.0752944 0.406788 -0.380333 0.101319 0.401689
-0.381126 0.0748041 0.406884 -0.380353 0.100848 0.401782
-0.381146 0.0743138 0.406981 -0.380372 0.100376 0.401874
-0.381165 0.0738235 0.407077 -0.380391 0.0999046 0.401966
-0.381185 0.0733333 0.407173 -0.380411 0.0994334 0.402059
-0.381204 0.072843 0.407269 -0.38043 0.0989625 0.402151
-0.381224 0.0723527 0.407365 -0.380449 0.098492 0.402243
-0.381243 0.0718624 0.407461 -0.380468 0.0980217 0.402335
-0.381263 0.0713721 0.407557 -0.380487 0.0975517 0.402427
-0.381282 0.0708819 0.407654 -0.380506 0.0970821 0.402519
-0.381302 0.0703916 0.40775 -0.380525 0.0966126 0.402611
-0.381321 0.0699013 0.407846 -0.380544 0.0961433 0.402703
-0.381341 0.069411 0.407942 -0.380563 0.0956742 0.402795
-0.38136 0.0689207 0.408038 -0.380582 0.0952057 0.402887
-0.38138 0.0684305 0.408134 -0.380619 0.0942718 0.40307
-0.381399 0.0679402 0.408231 -0.380638 0.0938071 0.403161
-0.381419 0.0674499 0.408327 -0.380656 0.0933446 0.403252
-0.381438 0.0669596 0.408423 -0.380674 0.0928846 0.403342
-0.381458 0.0664693 0.408519 -0.380692 0.0924276 0.403431
-0.381477 0.0659791 0.408615 -0.380709 0.0919738 0.40352
-0.381497 0.0654888 0.408711 -0.380726 0.0915223 0.403609
-0.381516 0.0649985 0.408807 -0.380743 0.0910719 0.403697
-0.381536 0.0645082 0.408904 -0.38076 0.0906216 0.403785
-0.381555 0.0640179 0.409 -0.380778 0.0901704 0.403873
-0.381575 0.0635277 0.409096 -0.380795 0.0897185 0.403962
-0.381594 0.0630374 0.409192 -0.380812 0.0892656 0.404051
-0.381614 0.0625471 0.409288 -0.38083 0.088812 0.40414
-0.381633 0.0620568 0.409384 -0.380848 0.0883574 0.404229
-0.381653 0.0615665 0.40948 -0.380865 0.087902 0.404318
-0.381672 0.0610762 0.409577 -0.380883 0.0874458 0.404407
-0.381692 0.060586 0.409673 -0.380901 0.0869888 0.404497
-0.381711 0.0600957 0.409769 -0.380919 0.0865311 0.404586
-0.381731 0.0596054 0.409865 -0.380937 0.0860729 0.404676
-0.38175 0.0591151 0.409961 -0.380956 0.0856144 0.404766
-0.38177 0.0586248 0.410057 -0.380974 0.0851561 0.404856
-0.381789 0.0581346 0.410154 -0.380992 0.0846981 0.404946
-0.381809 0.0576443 0.41025 -0.38101 0.0842401 0.405035
-0.381828 0.057154 0.410346 -0.381028 0.0837818 0.405125
-0.381848 0.0566637 0.410442 -0.381046 0.0833228 0.405215
-0.381867 0.0561734 0.410538 -0.381064 0.0828628 0.405305
-0.381887 0.0556832 0.410634 -0.381083 0.0824021 0.405395
-0.381906 0.0551929 0.41073 -0.381101 0.0819411 0.405486
-0.381925 0.0547026 0.410827 -0.38112 0.0814798 0.405576
-0.381945 0.0542123 0.410923 -0.381156 0.0805573 0.405757
-0.381964 0.053722 0.411019 -0.381175 0.0800958 0.405847
-0.381984 0.0532318 0.411115 -0.381193 0.0796339 0.405938
-0.382003 0.0527415 0.411211 -0.381212 0.0791716 0.406028
-0.382023 0.0522512 0.411307 -0.38123 0.0787088 0.406119
-0.382042 0.0517609 0.411403 -0.381249 0.0782455 0.40621
-0.382062 0.0512706 0.4115 -0.381268 0.0777817 0.406301
-0.382081 0.0507804 0.411596 -0.381286 0.0773173 0.406392
-0.382101 0.0502901 0.411692 -0.381305 0.0768525 0.406483
-0.38212 0.0497998 0.411788 -0.381324 0.0763871 0.406574
-0.38214 0.0493095 0.411884 -0.381343 0.0759212 0.406665
-0.382159 0.0488192 0.41198 -0.381361 0.0754548 0.406757
-0.382179 0.048329 0.412077 -0.38138 0.0749879 0.406848
-0.382198 0.0478387 0.412173 -0.381399 0.0745204 0.40694
-0.382218 0.0473484 0.412269 -0.381418 0.0740525 0.407032
-0.382237 0.0468581 0.412365 -0.381437 0.0735841 0.407123
-0.382257 0.0463678 0.412461 -0.381456 0.0731152 0.407215
-0.382276 0.0458775 0.412557 -0.381475 0.0726459 0.407307
-0.382296 0.0453873 0.412653 -0.381494 0.0721761 0.407399
-0.382315 0.044897 0.41275 -0.381514 0.0717058 0.407492
-0.382335 0.0444067 0.412846 -0.381533 0.0712353 0.407584
-0.382354 0.0439164 0.412942 -0.381552 0.0707646 0.407676
-0.382374 0.0434261 0.413038 -0.381571 0.0702938 0.407768
-0.382393 0.0429359 0.413134 -0.381609 0.0693526 0.407953
-0.382413 0.0424456 0.41323 -0.381628 0.0688821 0.408045
-0.382432 0.0419553 0.413326 -0.381647 0.0684115 0.408137
-0.382452 0.041465 0.413423 -0.381666 0.067941 0.408229
-0.382471 0.0409747 0.413519 -0.381685 0.0674705 0.408322
-0.382491 0.0404845 0.413615 -0.381704 0.0669998 0.408414
-0.38251 0.0399942 0.413711 -0.381723 0.066529 0.408506
-0.38253 0.0395039 0.413807 -0.381742 0.0660581 0.408599
-0.382549 0.0390136 0.413903 -0.381761 0.065587 0.408691
-0.382569 0.0385233 0.414 -0.38178 0.0651156 0.408783
-0.382588 0.0380331 0.414096 -0.381799 0.0646441 0.408876
-0.382608 0.0375428 0.414192 -0.381818 0.0641723 0.408968
-0.382627 0.0370525 0.414288 -0.381837 0.0637005 0.409061
-0.382647 0.0365622 0.414384 -0.381856 0.0632291 0.409153
-0.382666 0.0360719 0.41448 -0.381875 0.0627583 0.409245
-0.382686 0.0355817 0.414576 -0.381894 0.0622885 0.409337
-0.382705 0.0350914 0.414673 -0.381912 0.0618194 0.409429
-0.382725 0.0346011 0.414769 -0.381931 0.0613506 0.409521
-0.382744 0.0341108 0.414865 -0.38195 0.0608821 0.409613
-0.382764 0.0336205 0.414961 -0.381987 0.0599451 0.409797
-0.382783 0.0331302 0.415057 -0.382005 0.0594765 0.409889
-0.382802 0.03264 0.415153 -0.382024 0.0590079 0.409981
-0.382822 0.0321497 0.41525 -0.382061 0.0580703 0.410164
-0.382841 0.0316594 0.415346 -0.38208 0.0576013 0.410256
-0.382861 0.0311691 0.415442 -0.382099 0.0571323 0.410348
-0.38288 0.0306788 0.415538 -0.382117 0.0566632 0.41044
-0.3829 0.0301886 0.415634 -0.382136 0.0561941 0.410532
-0.382919 0.0296983 0.41573 -0.382154 0.0557252 0.410624
-0.382939 0.029208 0.415826 -0.382173 0.0552565 0.410716
-0.382958 0.0287177 0.415923 -0.382192 0.0547882 0.410808
-0.382978 0.0282274 0.416019 -0.38221 0.0543203 0.410899
-0.382997 0.0277372 0.416115 -0.382229 0.0538526 0.410991
-0.383017 0.0272469 0.416211 -0.382247 0.0533851 0.411083
-0.383036 0.0267566 0.416307 -0.382266 0.0529178 0.411174
-0.383056 0.0262663 0.416403 -0.382284 0.0524506 0.411266
-0.383075 0.025776 0.416499 -0.382302 0.0519835 0.411358
-0.383095 0.0252858 0.416596 -0.382321 0.0515165 0.411449
-0.383114 0.0247955 0.416692 -0.382339 0.0510495 0.411541
-0.383134 0.0243052 0.416788 -0.382358 0.0505826 0.411632
-0.383153 0.0238149 0.416884 -0.382376 0.0501158 0.411724
-0.383173 0.0233246 0.41698 -0.382395 0.0496489 0.411815
-0.383192 0.0228344 0.417076 -0.382413 0.0491819 0.411907
-0.383212 0.0223441 0.417173 -0.382431 0.0487155 0.411998
-0.383231 0.0218538 0.417269 -0.38245 0.0482501 0.41209
-0.383251 0.0213635 0.417365 -0.382468 0.0477862 0.412181
-0.38327 0.0208732 0.417461 -0.382486 0.0473244 0.412271
-0.38329 0.0203829 0.417557 -0.382504 0.0468642 0.412361
-0.383309 0.0198927 0.417653 -0.382521 0.0464051 0.412451
-0.383329 0.0194024 0.417749 -0.382556 0.0454894 0.412631
-0.383348 0.0189121 0.417846 -0.382574 0.045032 0.412721
-0.383368 0.0184218 0.417942 -0.382592 0.0445747 0.41281
-0.383387 0.0179315 0.418038 -0.382609 0.0441172 0.4129
-0.383407 0.0174413 0.418134 -0.382627 0.0436592 0.41299
-0.383426 0.016951 0.41823 -0.382645 0.0432007 0.41308
-0.383446 0.0164607 0.418326 -0.382663 0.0427418 0.41317
-0.383465 0.0159704 0.418422 -0.382681 0.0422825 0.41326
-0.383485 0.0154801 0.418519 -0.382699 0.0418226 0.41335
-0.383504 0.0149899 0.418615 -0.382717 0.0413623 0.41344
-0.383524 0.0144996 0.418711 -0.382735 0.0409014 0.413531
-0.383543 0.0140093 0.418807 -0.382753 0.04044 0.413621
-0.383563 0.013519 0.418903 -0.382771 0.039978 0.413712
-0.383582 0.0130287 0.418999 -0.38279 0.0395155 0.413803
-0.383602 0.0125385 0.419096 -0.382808 0.0390525 0.413893
-0.383621 0.0120482 0.419192 -0.382826 0.0385889 0.413984
-0.38364 0.0115579 0.419288 -0.382845 0.0381249 0.414075
-0.38366 0.0110676 0.419384 -0.382882 0.0371976 0.414257
-0.383679 0.0105773 0.41948 -0.3829 0.0367354 0.414348
-0.383699 0.0100871 0.419576 -0.382918 0.0362749 0.414438
-0.383718 0.00959677 0.419672 -0.382936 0.0358155 0.414528
-0.383738 0.00910649 0.419769 -0.382954 0.0353565 0.414618
-0.383757 0.00861621 0.419865 -0.382972 0.0348976 0.414708
-0.383777 0.00812593 0.419961 -0.38299 0.0344382 0.414798
-0.383796 0.00763565 0.420057 -0.383008 0.0339784 0.414889
-0.383816 0.00714537 0.420153 -0.383026 0.0335181 0.414979
-0.383835 0.00665509 0.420249 -0.383044 0.0330573 0.415069
-0.383855 0.00616481 0.420346 -0.383063 0.032596 0.41516
-0.383874 0.00567453 0.420442 -0.383081 0.0321342 0.41525
-0.383894 0.00518424 0.420538 -0.383099 0.0316718 0.415341
-0.383913 0.00469396 0.420634 -0.383118 0.031209 0.415432
-0.383933 0.00420368 0.42073 -0.383136 0.0307457 0.415523
-0.383952 0.0037134 0.420826 -0.383155 0.0302818 0.415614
-0.383972 0.00322312 0.420922 -0.383173 0.0298175 0.415705
-0.383991 0.00273284 0.421019 -0.383192 0.0293526 0.415796
-0.384011 0.00224256 0.421115 -0.383211 0.0288872 0.415887
-0.38403 0.00175228 0.421211 -0.383229 0.0284218 0.415978
-0.38405 0.001262 0.421307 -0.383248 0.0279567 0.41607
-0.384069 0.000771718 0.421403 -0.383266 0.0274923 0.416161
-0.384089 0.000281437 0.421499 -0.383285 0.0270291 0.416252
-0.384108 -0.000208844 0.421595 -0.383303 0.0265665 0.416342
-0.384128 -0.000699125 0.421692 -0.383321 0.0261043 0.416433
-0.384147 -0.00118941 0.421788 -0.38334 0.0256421 0.416524
-0.384167 -0.00167969 0.421884 -0.383358 0.0251796 0.416615
-0.384186 -0.00216997 0.42198 -0.383376 0.0247166 0.416705
-0.384206 -0.00266025 0.422076 -0.383395 0.0242529 0.416796
-0.384225 -0.00315053 0.422172 -0.383413 0.0237885 0.416887
-0.384245 -0.00364081 0.422269 -0.383432 0.0233231 0.416979
-0.384264 -0.00413109 0.422365 -0.383451 0.0228571 0.41707
-0.384284 -0.00462137 0.422461 -0.38347 0.0223904 0.417162
-0.384303 -0.00511165 0.422557 -0.383488 0.0219233 0.417253
-0.384323 -0.00560193 0.422653 -0.383507 0.021456 0.417345
-0.384342 -0.00609221 0.422749 -0.383526 0.0209882 0.417437
-0.384362 -0.00658249 0.422845 -0.383545 0.02052 0.417529
-0.384381 -0.00707277 0.422942 -0.383583 0.0195815 0.417713
-0.384401 -0.00756306 0.423038 -0.383602 0.0191113 0.417805
-0.38442 -0.00805334 0.423134 -0.383621 0.0186406 0.417897
-0.38444 -0.00854362 0.42323 -0.38364 0.0181695 0.41799
-0.384459 -0.0090339 0.423326 -0.383659 0.0176981 0.418082
-0.384479 -0.00952418 0.423422 -0.383678 0.0172263 0.418175
-0.384498 -0.0100145 0.423518 -0.383697 0.0167542 0.418268
-0.384517 -0.0105047 0.423615 -0.383716 0.0162819 0.41836
-0.384537 -0.010995 0.423711 -0.383755 0.0153366 0.418546
-0.384556 -0.0114853 0.423807 -0.383774 0.0148639 0.418638
-0.384576 -0.0119756 0.423903 -0.383793 0.0143913 0.418731
-0.384595 -0.0124659 0.423999 -0.383812 0.013919 0.418824
-0.384615 -0.0129561 0.424095 -0.383831 0.0134469 0.418916
-0.384634 -0.0134464 0.424192 -0.38385 0.012975 0.419009
-0.384654 -0.0139367 0.424288 -0.383869 0.0125033 0.419102
-0.384673 -0.014427 0.424384 -0.383888 0.0120316 0.419194
-0.384693 -0.0149173 0.42448 -0.383907 0.0115601 0.419287
-0.384712 -0.0154075 0.424576 -0.383926 0.0110887 0.419379
-0.384732 -0.0158978 0.424672 -0.383944 0.0106172 0.419472
-0.384751 -0.0163881 0.424768 -0.383963 0.0101458 0.419564
-0.384771 -0.0168784 0.424865 -0.383982 0.00967428 0.419657
-0.38479 -0.0173687 0.424961 -0.384001 0.00920277 0.419749
-0.38481 -0.017859 0.425057 -0.38402 0.00873122 0.419842
-0.384829 -0.0183492 0.425153 -0.384039 0.00825962 0.419934
-0.384849 -0.0188395 0.425249 -0.384058 0.00778853 0.420027
-0.384868 -0.0193298 0.425345 -0.384076 0.00731848 0.420119
-0.384888 -0.0198201 0.425441 -0.384095 0.00684997 0.420211
-0.384907 -0.0203104 0.425538 -0.384113 0.00638348 0.420303
-0.384927 -0.0208006 0.425634 -0.384131 0.00591943 0.420394
-0.384946 -0.0212909 0.42573 -0.384149 0.00545823 0.420484
-0.384966 -0.0217812 0.425826 -0.384166 0.00500028 0.420574
-0.384985 -0.0222715 0.425922 -0.384184 0.00454591 0.420663
-0.385005 -0.0227618 0.426018 -0.384218 0.00364289 0.42084
-0.385024 -0.023252 0.426115 -0.384235 0.0031919 0.420929
-0.385044 -0.0237423 0.426211 -0.384252 0.0027398 0.421018
-0.385063 -0.0242326 0.426307 -0.384269 0.00228661 0.421107
-0.385083 -0.0247229 0.426403 -0.384286 0.00183231 0.421196
-0.385102 -0.0252132 0.426499 -0.384304 0.00137693 0.421285
-0.385122 -0.0257034 0.426595 -0.384322 0.000920461 0.421375
-0.385141 -0.0261937 0.426691 -0.384339 0.00046295 0.421464
-0.385161 -0.026684 0.426788 -0.384357 4.43922e-06 0.421554
-0.38518 -0.0271743 0.426884 -0.384375 -0.000455033 0.421645
-0.3852 -0.0276646 0.42698 -0.384393 -0.000915428 0.421735
-0.385219 -0.0281548 0.427076 -0.384412 -0.00137673 0.421826
-0.385239 -0.0286451 0.427172 -0.38443 -0.00183891 0.421916
-0.385258 -0.0291354 0.427268 -0.384448 -0.00230195 0.422007
-0.385278 -0.0296257 0.427365 -0.384467 -0.00276584 0.422098
-0.385297 -0.030116 0.427461 -0.384485 -0.0032304 0.422189
-0.385317 -0.0306063 0.427557 -0.384504 -0.00369549 0.422281
-0.385336 -0.0310965 0.427653 -0.384522 -0.00416096 0.422372
-0.385356 -0.0315868 0.427749 -0.384541 -0.00462665 0.422464
-0.385375 -0.0320771 0.427845 -0.384578 -0.00555939 0.422647
-0.385394 -0.0325674 0.427941 -0.384597 -0.00602672 0.422738
-0.385414 -0.0330577 0.428038 -0.384616 -0.00649488 0.42283
-0.385433 -0.0335479 0.428134 -0.384635 -0.0069637 0.422922
-0.385453 -0.0340382 0.42823 -0.384654 -0.00743307 0.423014
-0.385472 -0.0345285 0.428326 -0.384673 -0.00790284 0.423107
-0.385492 -0.0350188 0.428422 -0.384692 -0.0083729 0.423199
-0.385511 -0.0355091 0.428518 -0.384711 -0.00884323 0.423291
-0.385531 -0.0359993 0.428614 -0.38473 -0.00931381 0.423384
-0.38555 -0.0364896 0.428711 -0.384749 -0.00978463 0.423476
-0.38557 -0.0369799 0.428807 -0.384768 -0.0102557 0.423569
-0.385589 -0.0374702 0.428903 -0.384787 -0.0107269 0.423661
-0.385609 -0.0379605 0.428999 -0.384806 -0.0111984 0.423754
-0.385628 -0.0384507 0.429095 -0.384825 -0.0116702 0.423846
-0.385648 -0.038941 0.429191 -0.384844 -0.0121422 0.423939
-0.385667 -0.0394313 0.429288 -0.384863 -0.0126142 0.424032
-0.385687 -0.0399216 0.429384 -0.384882 -0.0130859 0.424124
-0.385706 -0.0404119 0.42948 -0.384901 -0.013557 0.424217
-0.385726 -0.0409021 0.429576 -0.38492 -0.0140274 0.424309
-0.385745 -0.0413924 0.429672 -0.384957 -0.0149663 0.424493
-0.385765 -0.0418827 0.429768 -0.384976 -0.0154352 0.424586
-0.385784 -0.042373 0.429864 -0.384995 -0.015904 0.424678
-0.385804 -0.0428633 0.429961 -0.385013 -0.0163726 0.42477
-0.385823 -0.0433535 0.430057 -0.385032 -0.0168412 0.424862
-0.385843 -0.0438438 0.430153 -0.38505 -0.0173099 0.424954
-0.385862 -0.0443341 0.430249 -0.385069 -0.0177788 0.425046
-0.385882 -0.0448244 0.430345 -0.385088 -0.0182479 0.425138
-0.385901 -0.0453147 0.430441 -0.385106 -0.0187172 0.42523
-0.385921 -0.045805 0.430537 -0.385125 -0.0191868 0.425322
-0.38594 -0.0462952 0.430634 -0.385144 -0.0196566 0.425414
-0.38596 -0.0467855 0.43073 -0.385163 -0.0201267 0.425507
-0.385979 -0.0472758 0.430826 -0.385181 -0.020597 0.425599
-0.385999 -0.0477661 0.430922 -0.3852 -0.0210676 0.425691
-0.386018 -0.0482564 0.431018 -0.385219 -0.0215384 0.425784
-0.386038 -0.0487466 0.431114 -0.385238 -0.0220091 0.425876
-0.386057 -0.0492369 0.431211 -0.385256 -0.0224795 0.425969
-0.386077 -0.0497272 0.431307 -0.385275 -0.0229493 0.426061
-0.386096 -0.0502175 0.431403 -0.385294 -0.0234183 0.426153
-0.386116 -0.0507078 0.431499 -0.385312 -0.023886 0.426245
-0.386135 -0.051198 0.431595 -0.385348 -0.0248156 0.426427
-0.386155 -0.0516883 0.431691 -0.385366 -0.0252766 0.426518
-0.386174 -0.0521786 0.431787 -0.385384 -0.0257359 0.426608
-0.386194 -0.0526689 0.431884 -0.385401 -0.0261943 0.426698
-0.386213 -0.0531592 0.43198 -0.385419 -0.0266526 0.426788
-0.386233 -0.0536494 0.432076 -0.385437 -0.0271117 0.426878
-0.386252 -0.0541397 0.432172 -0.385454 -0.0275715 0.426968
-0.386271 -0.05463 0.432268 -0.385472 -0.028032 0.427059
-0.386291 -0.0551203 0.432364 -0.38549 -0.0284933 0.427149
-0.38631 -0.0556106 0.432461 -0.385508 -0.0289553 0.42724
-0.38633 -0.0561008 0.432557 -0.385527 -0.0294179 0.427331
-0.386349 -0.0565911 0.432653 -0.385545 -0.0298809 0.427422
-0.386369 -0.0570814 0.432749 -0.385563 -0.0303442 0.427513
-0.386388 -0.0575717 0.432845 -0.385581 -0.0308076 0.427604
-0.386408 -0.058062 0.432941 -0.385599 -0.0312706 0.427695
-0.386427 -0.0585523 0.433037 -0.385617 -0.0317325 0.427785
-0.386447 -0.0590425 0.433134 -0.385635 -0.0321931 0.427876
-0.386466 -0.0595328 0.43323 -0.385653 -0.0326517 0.427966
-0.386486 -0.0600231 0.433326 -0.385688 -0.0335666 0.428146
-0.386505 -0.0605134 0.433422 -0.385706 -0.0340245 0.428235
-0.386525 -0.0610037 0.433518 -0.385724 -0.0344837 0.428326
-0.386544 -0.0614939 0.433614 -0.385742 -0.0349441 0.428416
-0.386564 -0.0619842 0.43371 -0.38576 -0.0354056 0.428507
-0.386583 -0.0624745 0.433807 -0.385779 -0.035868 0.428597
-0.386603 -0.0629648 0.433903 -0.385797 -0.0363312 0.428688
-0.386622 -0.0634551 0.433999 -0.385815 -0.0367952 0.42878
-0.386642 -0.0639453 0.434095 -0.385834 -0.0372598 0.428871
-0.386661 -0.0644356 0.434191 -0.385852 -0.0377251 0.428962
-0.386681 -0.0649259 0.434287 -0.385871 -0.0381909 0.429054
-0.3867 -0.0654162 0.434384 -0.38589 -0.0386573 0.429145
-0.38672 -0.0659065 0.43448 -0.385908 -0.0391242 0.429237
-0.386739 -0.0663967 0.434576 -0.385927 -0.0395917 0.429329
-0.386759 -0.066887 0.434672 -0.385946 -0.0400597 0.429421
-0.386778 -0.0673773 0.434768 -0.385965 -0.040528 0.429513
-0.386798 -0.0678676 0.434864 -0.385983 -0.0409966 0.429605
-0.386817 -0.0683579 0.43496 -0.386002 -0.0414652 0.429697
-0.386837 -0.0688481 0.435057 -0.386021 -0.0419339 0.429789
-0.386856 -0.0693384 0.435153 -0.38604 -0.0424022 0.429881
-0.386876 -0.0698287 0.435249 -0.386058 -0.04287 0.429973
-0.386895 -0.070319 0.435345 -0.386077 -0.0433371 0.430065
-0.386915 -0.0708093 0.435441 -0.386096 -0.0438031 0.430156
-0.386934 -0.0712996 0.435537 -0.386114 -0.0442686 0.430248
-0.386954 -0.0717898 0.435633 -0.386132 -0.0447338 0.430339
-0.386973 -0.0722801 0.43573 -0.386151 -0.0451992 0.43043
-0.386993 -0.0727704 0.435826 -0.386169 -0.0456651 0.430522
-0.387012 -0.0732607 0.435922 -0.386188 -0.0461314 0.430613
-0.387032 -0.073751 0.436018 -0.386225 -0.0470654 0.430797
-0.387051 -0.0742412 0.436114 -0.386244 -0.0475329 0.430889
-0.387071 -0.0747315 0.43621 -0.386262 -0.0480009 0.430981
-0.38709 -0.0752218 0.436307 -0.386281 -0.0484692 0.431073
-0.387109 -0.0757121 0.436403 -0.3863 -0.0489378 0.431165
-0.387129 -0.0762024 0.436499 -0.386337 -0.049876 0.431349
-0.387148 -0.0766926 0.436595 -0.386356 -0.0503455 0.431441
-0.387168 -0.0771829 0.436691 -0.386375 -0.0508152 0.431534
-0.387187 -0.0776732 0.436787 -0.386394 -0.0512853 0.431626
-0.387207 -0.0781635 0.436883 -0.386412 -0.0517555 0.431718
-0.387226 -0.0786538 0.43698 -0.386431 -0.0522257 0.431811
-0.387246 -0.079144 0.437076 -0.38645 -0.052696 0.431903
-0.387265 -0.0796343 0.437172 -0.386469 -0.0531662 0.431995
-0.387285 -0.0801246 0.437268 -0.386488 -0.0536363 0.432088
-0.387304 -0.0806149 0.437364 -0.386506 -0.0541065 0.43218
-0.387324 -0.0811052 0.43746 -0.386525 -0.0545766 0.432273
-0.387343 -0.0815954 0.437556 -0.386544 -0.0550468 0.432365
-0.387363 -0.0820857 0.437653 -0.386581 -0.0559875 0.43255
-0.387382 -0.082576 0.437749 -0.3866 -0.0564579 0.432642
-0.387402 -0.0830663 0.437845 -0.386619 -0.0569284 0.432735
-0.387421 -0.0835566 0.437941 -0.386638 -0.057399 0.432827
-0.387441 -0.0840469 0.438037 -0.386656 -0.0578693 0.432919
-0.38746 -0.0845371 0.438133 -0.386675 -0.0583395 0.433012
-0.38748 -0.0850274 0.43823 -0.386694 -0.0588092 0.433104
-0.387499 -0.0855177 0.438326 -0.386712 -0.0592786 0.433196
-0.387519 -0.086008 0.438422 -0.386731 -0.0597478 0.433289
-0.387538 -0.0864983 0.438518 -0.38675 -0.0602167 0.433381
-0.387558 -0.0869885 0.438614 -0.386768 -0.0606854 0.433473
-0.387577 -0.0874788 0.43871 -0.386787 -0.061154 0.433565
-0.387597 -0.0879691 0.438806 -0.386805 -0.0616225 0.433657
-0.387616 -0.0884594 0.438903 -0.386824 -0.0620908 0.433749
-0.387636 -0.0889497 0.438999 -0.386842 -0.0625591 0.433841
-0.387655 -0.0894399 0.439095 -0.386861 -0.0630271 0.433933
-0.387675 -0.0899302 0.439191 -0.386879 -0.0634945 0.434025
-0.387694 -0.0904205 0.439287 -0.386897 -0.0639612 0.434116
-0.387714 -0.0909108 0.439383 -0.386934 -0.0648911 0.434299
-0.387733 -0.0914011 0.43948 -0.386952 -0.0653539 0.43439
-0.387753 -0.0918913 0.439576 -0.386969 -0.0658149 0.43448
-0.387772 -0.0923816 0.439672 -0.386987 -0.0662739 0.43457
-0.387792 -0.0928719 0.439768 -0.387005 -0.0667315 0.43466
-0.387811 -0.0933622 0.439864 -0.387022 -0.0671885 0.43475
-0.387831 -0.0938525 0.43996 -0.38704 -0.0676453 0.43484
-0.38785 -0.0943427 0.440056 -0.387057 -0.0681025 0.434929
-0.38787 -0.094833 0.440153 -0.387075 -0.0685603 0.435019
-0.387889 -0.0953233 0.440249 -0.387092 -0.0690185 0.435109
-0.387909 -0.0958136 0.440345 -0.38711 -0.0694772 0.435199
-0.387928 -0.0963039 0.440441 -0.387128 -0.0699365 0.43529
-0.387948 -0.0967942 0.440537 -0.387146 -0.0703964 0.43538
-0.387967 -0.0972844 0.440633 -0.387164 -0.0708567 0.43547
-0.387986 -0.0977747 0.440729 -0.387182 -0.0713176 0.435561
-0.388006 -0.098265 0.440826 -0.3872 -0.071779 0.435652
-0.388025 -0.0987553 0.440922 -0.387218 -0.0722408 0.435742
-0.388045 -0.0992456 0.441018 -0.387236 -0.0727031 0.435833
-0.388064 -0.0997358 0.441114 -0.387255 -0.073166 0.435924
-0.388084 -0.100226 0.44121 -0.387273 -0.0736293 0.436015
-0.388103 -0.100716 0.441306 -0.387291 -0.0740932 0.436106
-0.388123 -0.101207 0.441403 -0.38731 -0.0745575 0.436198
-0.388142 -0.101697 0.441499 -0.387328 -0.0750224 0.436289
-0.388162 -0.102187 0.441595 -0.387346 -0.0754878 0.43638
-0.388181 -0.102678 0.441691 -0.387365 -0.0759536 0.436472
-0.388201 -0.103168 0.441787 -0.387384 -0.0764196 0.436563
-0.38822 -0.103658 0.441883 -0.387402 -0.0768857 0.436655
-0.38824 -0.104148 0.441979 -0.387421 -0.0773518 0.436747
-0.388259 -0.104639 0.442076 -0.387439 -0.0778178 0.436838
-0.388279 -0.105129 0.442172 -0.387458 -0.0782839 0.43693
-0.388298 -0.105619 0.442268 -0.387476 -0.0787501 0.437021
-0.388318 -0.106109 0.442364 -0.387495 -0.0792163 0.437113
-0.388337 -0.1066 0.44246 -0.387513 -0.0796826 0.437205
-0.388357 -0.10709 0.442556 -0.387532 -0.0801491 0.437296
-0.388376 -0.10758 0.442652 -0.38755 -0.0806158 0.437388
-0.388396 -0.108071 0.442749 -0.387588 -0.0815496 0.437572
-0.388415 -0.108561 0.442845 -0.387606 -0.0820166 0.437663
-0.388435 -0.109051 0.442941 -0.387625 -0.0824836 0.437755
-0.388454 -0.109541 0.443037 -0.387643 -0.0829505 0.437847
-0.388474 -0.110032 0.443133 -0.387662 -0.0834174 0.437939
-0.388493 -0.110522 0.443229 -0.38768 -0.0838844 0.43803
-0.388513 -0.111012 0.443326 -0.387699 -0.0843516 0.438122
-0.388532 -0.111503 0.443422 -0.387718 -0.0848192 0.438214
-0.388552 -0.111993 0.443518 -0.387736 -0.0852872 0.438306
-0.388571 -0.112483 0.443614 -0.387755 -0.0857555 0.438398
-0.388591 -0.112973 0.44371 -0.387774 -0.0862242 0.43849
-0.38861 -0.113464 0.443806 -0.387792 -0.0866932 0.438582
-0.38863 -0.113954 0.443902 -0.387811 -0.087162 0.438675
-0.388649 -0.114444 0.443999 -0.38783 -0.0876301 0.438767
-0.388669 -0.114935 0.444095 -0.387848 -0.0880969 0.438858
-0.388688 -0.115425 0.444191 -0.387866 -0.088562 0.43895
-0.388708 -0.115915 0.444287 -0.387885 -0.0890259 0.439041
-0.388727 -0.116405 0.444383 -0.387921 -0.0899524 0.439223
-0.388747 -0.116896 0.444479 -0.387939 -0.0904159 0.439314
-0.388766 -0.117386 0.444576 -0.387957 -0.0908799 0.439405
-0.388786 -0.117876 0.444672 -0.387976 -0.0913442 0.439496
-0.388805 -0.118367 0.444768 -0.387994 -0.0918089 0.439588
-0.388825 -0.118857 0.444864 -0.388012 -0.092274 0.439679
-0.388844 -0.119347 0.44496 -0.388031 -0.0927395 0.43977
-0.388863 -0.119837 0.445056 -0.388049 -0.0932053 0.439862
-0.388883 -0.120328 0.445152 -0.388068 -0.0936716 0.439954
-0.388902 -0.120818 0.445249 -0.388086 -0.0941383 0.440045
-0.388922 -0.121308 0.445345 -0.388105 -0.0946053 0.440137
-0.388941 -0.121798 0.445441 -0.388123 -0.0950728 0.440229
-0.388961 -0.122289 0.445537 -0.388142 -0.0955407 0.440321
-0.38898 -0.122779 0.445633 -0.38816 -0.096009 0.440413
-0.389 -0.123269 0.445729 -0.388179 -0.0964773 0.440505
-0.389019 -0.12376 0.445825 -0.388198 -0.0969451 0.440597
-0.389039 -0.12425 0.445922 -0.388216 -0.0974121 0.440689
-0.389058 -0.12474 0.446018 -0.388253 -0.0983427 0.440872
-0.389078 -0.12523 0.446114 -0.388271 -0.0988065 0.440963
-0.389097 -0.125721 0.44621 -0.388289 -0.0992692 0.441054
-0.389117 -0.126211 0.446306 -0.388307 -0.0997311 0.441144
-0.389136 -0.126701 0.446402 -0.388325 -0.100192 0.441235
-0.389156 -0.127192 0.446499 -0.388343 -0.100654 0.441326
-0.389175 -0.127682 0.446595 -0.388361 -0.101115 0.441416
-0.389195 -0.128172 0.446691 -0.388379 -0.101577 0.441507
-0.389214 -0.128662 0.446787 -0.388397 -0.10204 0.441598
-0.389234 -0.129153 0.446883 -0.388415 -0.102503 0.441689
-0.389253 -0.129643 0.446979 -0.388434 -0.102967 0.44178
-0.389273 -0.130133 0.447075 -0.388452 -0.103431 0.441871
-0.389292 -0.130624 0.447172 -0.38847 -0.103896 0.441963
-0.389312 -0.131114 0.447268 -0.388507 -0.104827 0.442146
-0.389331 -0.131604 0.447364 -0.388526 -0.105294 0.442237
-0.389351 -0.132094 0.44746 -0.388544 -0.105761 0.442329
-0.38937 -0.132585 0.447556 -0.388563 -0.106228 0.442421
-0.38939 -0.133075 0.447652 -0.388582 -0.106696 0.442513
-0.389409 -0.133565 0.447748 -0.3886 -0.107163 0.442605
-0.389429 -0.134055 0.447845 -0.388619 -0.10763 0.442697
-0.389448 -0.134546 0.447941 -0.388637 -0.108098 0.442789
-0.389468 -0.135036 0.448037 -0.388656 -0.108565 0.44288
-0.389487 -0.135526 0.448133 -0.388674 -0.109033 0.442972
-0.389507 -0.136017 0.448229 -0.388693 -0.109501 0.443064
-0.389526 -0.136507 0.448325 -0.388712 -0.109968 0.443156
-0.389546 -0.136997 0.448422 -0.38873 -0.110437 0.443248
-0.389565 -0.137487 0.448518 -0.388749 -0.110905 0.44334
-0.389585 -0.137978 0.448614 -0.388768 -0.111374 0.443432
-0.389604 -0.138468 0.44871 -0.388786 -0.111843 0.443525
-0.389624 -0.138958 0.448806 -0.388805 -0.112312 0.443617
-0.389643 -0.139449 0.448902 -0.388824 -0.112781 0.443709
-0.389663 -0.139939 0.448998 -0.388842 -0.113251 0.443801
-0.389682 -0.140429 0.449095 -0.388861 -0.11372 0.443894
-0.389701 -0.140919 0.449191 -0.38888 -0.11419 0.443986
-0.389721 -0.14141 0.449287 -0.388899 -0.114661 0.444079
-0.38974 -0.1419 0.449383 -0.388917 -0.115131 0.444171
-0.38976 -0.14239 0.449479 -0.388936 -0.115601 0.444264
-0.389779 -0.142881 0.449575 -0.388973 -0.116542 0.444448
-0.389799 -0.143371 0.449671 -0.388992 -0.117011 0.444541
-0.389818 -0.143861 0.449768 -0.389011 -0.117481 0.444633
-0.389838 -0.144351 0.449864 -0.389029 -0.11795 0.444725
-0.389857 -0.144842 0.44996 -0.389066 -0.118888 0.44491
-0.389877 -0.145332 0.450056 -0.389085 -0.119357 0.445002
-0.389896 -0.145822 0.450152 -0.389104 -0.119826 0.445094
-0.389916 -0.146313 0.450248 -0.389122 -0.120296 0.445186
-0.389935 -0.146803 0.450345 -0.389141 -0.120766 0.445279
-0.389955 -0.147293 0.450441 -0.38916 -0.121237 0.445371
-0.389974 -0.147783 0.450537 -0.389178 -0.121707 0.445464
-0.389994 -0.148274 0.450633 -0.389197 -0.122176 0.445556
-0.390013 -0.148764 0.450729 -0.389215 -0.122645 0.445648
-0.390033 -0.149254 0.450825 -0.389234 -0.123114 0.44574
-0.390052 -0.149744 0.450921 -0.389252 -0.123582 0.445832
-0.390072 -0.150235 0.451018 -0.389271 -0.124051 0.445924
-0.390091 -0.150725 0.451114 -0.389289 -0.124518 0.446016
-0.390111 -0.151215 0.45121 -0.389307 -0.124985 0.446108
-0.39013 -0.151706 0.451306 -0.389326 -0.12545 0.446199
-0.39015 -0.152196 0.451402 -0.389344 -0.125915 0.446291
-0.390169 -0.152686 0.451498 -0.389362 -0.126378 0.446382
-0.390189 -0.153176 0.451595 -0.38938 -0.126839 0.446472
-0.390208 -0.153667 0.451691 -0.389414 -0.127752 0.446651
-0.390228 -0.154157 0.451787 -0.389432 -0.128205 0.44674
-0.390247 -0.154647 0.451883 -0.389449 -0.128657 0.446829
-0.390267 -0.155138 0.451979 -0.389466 -0.129109 0.446917
-0.390286 -0.155628 0.452075 -0.389483 -0.129561 0.447006
-0.390306 -0.156118 0.452171 -0.3895 -0.130014 0.447095
-0.390325 -0.156608 0.452268 -0.389517 -0.130468 0.447184
-0.390345 -0.157099 0.452364 -0.389535 -0.130922 0.447273
-0.390364 -0.157589 0.45246 -0.389552 -0.131377 0.447363
-0.390384 -0.158079 0.452556 -0.389588 -0.132288 0.447542
-0.390403 -0.15857 0.452652 -0.389605 -0.132745 0.447631
-0.390423 -0.15906 0.452748 -0.389623 -0.133203 0.447721
-0.390442 -0.15955 0.452844 -0.389641 -0.133661 0.447811
-0.390462 -0.16004 0.452941 -0.389659 -0.134119 0.447901
-0.390481 -0.160531 0.453037 -0.389677 -0.134578 0.447991
-0.390501 -0.161021 0.453133 -0.389695 -0.135036 0.448081
-0.39052 -0.161511 0.453229 -0.389713 -0.135495 0.448171
-0.39054 -0.162001 0.453325 -0.389731 -0.135954 0.448262
-0.390559 -0.162492 0.453421 -0.389749 -0.136413 0.448352
-0.390578 -0.162982 0.453518 -0.389767 -0.136872 0.448442
-0.390598 -0.163472 0.453614 -0.389785 -0.13733 0.448532
-0.390617 -0.163963 0.45371 -0.389803 -0.137788 0.448622
-0.390637 -0.164453 0.453806 -0.38982 -0.138245 0.448712
-0.390656 -0.164943 0.453902 -0.389838 -0.138701 0.448801
-0.390676 -0.165433 0.453998 -0.389856 -0.139156 0.448891
-0.390695 -0.165924 0.454094 -0.389873 -0.139611 0.44898
-0.390715 -0.166414 0.454191 -0.389891 -0.140066 0.449069
-0.390734 -0.166904 0.454287 -0.389909 -0.140522 0.449159
-0.390754 -0.167395 0.454383 -0.389945 -0.141433 0.449338
-0.390773 -0.167885 0.454479 -0.389962 -0.141887 0.449427
-0.390793 -0.168375 0.454575 -0.38998 -0.14234 0.449516
-0.390812 -0.168865 0.454671 -0.389997 -0.142792 0.449605
-0.390832 -0.169356 0.454767 -0.390015 -0.143244 0.449694
-0.390851 -0.169846 0.454864 -0.390032 -0.143696 0.449782
-0.390871 -0.170336 0.45496 -0.39005 -0.144149 0.449871
-0.39089 -0.170827 0.455056 -0.390068 -0.144602 0.44996
-0.39091 -0.171317 0.455152 -0.390085 -0.145056 0.450049
-0.390929 -0.171807 0.455248 -0.390103 -0.14551 0.450139
-0.390949 -0.172297 0.455344 -0.390121 -0.145966 0.450228
-0.390968 -0.172788 0.455441 -0.390139 -0.146422 0.450318
-0.390988 -0.173278 0.455537 -0.390157 -0.146878 0.450407
-0.391007 -0.173768 0.455633 -0.390193 -0.147794 0.450587
-0.391027 -0.174259 0.455729 -0.390211 -0.148253 0.450678
-0.391046 -0.174749 0.455825 -0.39023 -0.148712 0.450768
-0.391066 -0.175239 0.455921 -0.390248 -0.149172 0.450858
-0.391085 -0.175729 0.456017 -0.390266 -0.149633 0.450949
-0.391105 -0.17622 0.456114 -0.390285 -0.150094 0.45104
-0.391124 -0.17671 0.45621 -0.390303 -0.150556 0.451131
-0.391144 -0.1772 0.456306 -0.390322 -0.151018 0.451222
-0.391163 -0.17769 0.456402 -0.39034 -0.15148 0.451312
-0.391183 -0.178181 0.456498 -0.390359 -0.151942 0.451403
-0.391202 -0.178671 0.456594 -0.390377 -0.152404 0.451494
-0.391222 -0.179161 0.456691 -0.390395 -0.152866 0.451585
-0.391241 -0.179652 0.456787 -0.390414 -0.153329 0.451676
-0.391261 -0.180142 0.456883 -0.390432 -0.153792 0.451767
-0.39128 -0.180632 0.456979 -0.390451 -0.154255 0.451858
-0.3913 -0.181122 0.457075 -0.390488 -0.155182 0.452041
-0.391319 -0.181613 0.457171 -0.390507 -0.155647 0.452132
-0.391339 -0.182103 0.457267 -0.390525 -0.156111 0.452223
-0.391358 -0.182593 0.457364 -0.390544 -0.156574 0.452315
-0.391378 -0.183084 0.45746 -0.390562 -0.157037 0.452406
-0.391397 -0.183574 0.457556 -0.39058 -0.1575 0.452496
-0.391417 -0.184064 0.457652 -0.390599 -0.157961 0.452587
-0.391436 -0.184554 0.457748 -0.390617 -0.158423 0.452678
-0.391455 -0.185045 0.457844 -0.390635 -0.158885 0.452769
-0.391475 -0.185535 0.45794 -0.390654 -0.159347 0.45286
-0.391494 -0.186025 0.458037 -0.390672 -0.159809 0.45295
-0.391514 -0.186516 0.458133 -0.39069 -0.160271 0.453041
-0.391533 -0.187006 0.458229 -0.390709 -0.160733 0.453132
-0.391553 -0.187496 0.458325 -0.390727 -0.161196 0.453223
-0.391572 -0.187986 0.458421 -0.390745 -0.161659 0.453314
-0.391592 -0.188477 0.458517 -0.390764 -0.162122 0.453405
-0.391611 -0.188967 0.458614 -0.390782 -0.162585 0.453496
-0.391631 -0.189457 0.45871 -0.390801 -0.163048 0.453587
-0.39165 -0.189947 0.458806 -0.390819 -0.163512 0.453678
-0.39167 -0.190438 0.458902 -0.390838 -0.163976 0.45377
-0.391689 -0.190928 0.458998 -0.390856 -0.164441 0.453861
-0.391709 -0.191418 0.459094 -0.390875 -0.164905 0.453952
-0.391728 -0.191909 0.45919 -0.390893 -0.16537 0.454044
-0.391748 -0.192399 0.459287 -0.390911 -0.165834 0.454135
-0.391767 -0.192889 0.459383 -0.39093 -0.166298 0.454226
-0.391787 -0.193379 0.459479 -0.390948 -0.166762 0.454317
-0.391806 -0.19387 0.459575 -0.390967 -0.167224 0.454408
-0.391826 -0.19436 0.459671 -0.390985 -0.167685 0.454499
-0.391845 -0.19485 0.459767 -0.391003 -0.168144 0.454589
-0.391865 -0.195341 0.459863 -0.39102 -0.168602 0.454679
-0.391884 -0.195831 0.45996 -0.391038 -0.169059 0.454769
-0.391904 -0.196321 0.460056 -0.391074 -0.169975 0.454948
-0.391923 -0.196811 0.460152 -0.391092 -0.170434 0.455039
-0.391943 -0.197302 0.460248 -0.39111 -0.170894 0.455129
-0.391962 -0.197792 0.460344 -0.391128 -0.171355 0.45522
-0.391982 -0.198282 0.46044 -0.391147 -0.171817 0.45531
-0.392001 -0.198773 0.460537 -0.391165 -0.17228 0.455401
-0.392021 -0.199263 0.460633 -0.391183 -0.172743 0.455492
-0.39204 -0.199753 0.460729 -0.391202 -0.173206 0.455584
-0.39206 -0.200243 0.460825 -0.39122 -0.173671 0.455675
-0.392079 -0.200734 0.460921 -0.391239 -0.174135 0.455766
-0.392099 -0.201224 0.461017 -0.391257 -0.1746 0.455857
-0.392118 -0.201714 0.461113 -0.391276 -0.175065 0.455949
-0.392138 -0.202205 0.46121 -0.391313 -0.175997 0.456132
-0.392157 -0.202695 0.461306 -0.391332 -0.176464 0.456224
-0.392177 -0.203185 0.461402 -0.39135 -0.17693 0.456316
-0.392196 -0.203675 0.461498 -0.391369 -0.177396 0.456407
-0.392216 -0.204166 0.461594 -0.391387 -0.177862 0.456499
-0.392235 -0.204656 0.46169 -0.391406 -0.178329 0.456591
-0.392255 -0.205146 0.461786 -0.391424 -0.178795 0.456682
-0.392274 -0.205636 0.461883 -0.391443 -0.179261 0.456774
-0.392294 -0.206127 0.461979 -0.391461 -0.179727 0.456866
-0.392313 -0.206617 0.462075 -0.39148 -0.180194 0.456957
-0.392332 -0.207107 0.462171 -0.391499 -0.180661 0.457049
-0.392352 -0.207598 0.462267 -0.391517 -0.181127 0.457141
-0.392371 -0.208088 0.462363 -0.391536 -0.181594 0.457233
-0.392391 -0.208578 0.46246 -0.391554 -0.182062 0.457325
-0.39241 -0.209068 0.462556 -0.391573 -0.182529 0.457416
-0.39243 -0.209559 0.462652 -0.391592 -0.182997 0.457508
-0.392449 -0.210049 0.462748 -0.39161 -0.183464 0.4576
-0.392469 -0.210539 0.462844 -0.391629 -0.183932 0.457692
-0.392488 -0.21103 0.46294 -0.391647 -0.184401 0.457784
-0.392508 -0.21152 0.463036 -0.391666 -0.184869 0.457877
-0.392527 -0.21201 0.463133 -0.391685 -0.185337 0.457969
-0.392547 -0.2125 0.463229 -0.391703 -0.185805 0.45806
-0.392566 -0.212991 0.463325 -0.391722 -0.186271 0.458152
-0.392586 -0.213481 0.463421 -0.39174 -0.186735 0.458243
-0.392605 -0.213971 0.463517 -0.391758 -0.187197 0.458334
-0.392625 -0.214462 0.463613 -0.391776 -0.187658 0.458424
-0.392644 -0.214952 0.46371 -0.391794 -0.188116 0.458514
-0.392664 -0.215442 0.463806 -0.391811 -0.188574 0.458604
-0.392683 -0.215932 0.463902 -0.391846 -0.189486 0.458783
-0.392703 -0.216423 0.463998 -0.391864 -0.189942 0.458873
-0.392722 -0.216913 0.464094 -0.391882 -0.190399 0.458962
-0.392742 -0.217403 0.46419 -0.3919 -0.190858 0.459052
-0.392761 -0.217893 0.464286 -0.391918 -0.191317 0.459143
-0.392781 -0.218384 0.464383 -0.391936 -0.191777 0.459233
-0.3928 -0.218874 0.464479 -0.391954 -0.192238 0.459323
-0.39282 -0.219364 0.464575 -0.391972 -0.192699 0.459414
-0.392839 -0.219855 0.464671 -0.39199 -0.193161 0.459505
-0.392859 -0.220345 0.464767 -0.392008 -0.193624 0.459596
-0.392878 -0.220835 0.464863 -0.392027 -0.194087 0.459687
-0.392898 -0.221325 0.464959 -0.392045 -0.194551 0.459778
-0.392917 -0.221816 0.465056 -0.392063 -0.195016 0.459869
-0.392937 -0.222306 0.465152 -0.3921 -0.195948 0.460053
-0.392956 -0.222796 0.465248 -0.392119 -0.196415 0.460144
-0.392976 -0.223287 0.465344 -0.392138 -0.196882 0.460236
-0.392995 -0.223777 0.46544 -0.392156 -0.19735 0.460328
-0.393015 -0.224267 0.465536 -0.392194 -0.198287 0.460513
-0.393034 -0.224757 0.465633 -0.392213 -0.198756 0.460605
-0.393054 -0.225248 0.465729 -0.392231 -0.199225 0.460697
-0.393073 -0.225738 0.465825 -0.39225 -0.199693 0.460789
-0.393093 -0.226228 0.465921 -0.392268 -0.200161 0.460881
-0.393112 -0.226719 0.466017 -0.392287 -0.200628 0.460973
-0.393132 -0.227209 0.466113 -0.392306 -0.201095 0.461065
-0.393151 -0.227699 0.466209 -0.392324 -0.201562 0.461157
-0.39317 -0.228189 0.466306 -0.392342 -0.202028 0.461248
-0.39319 -0.22868 0.466402 -0.392361 -0.202495 0.46134
-0.393209 -0.22917 0.466498 -0.392379 -0.202961 0.461432
-0.393229 -0.22966 0.466594 -0.392398 -0.203427 0.461523
-0.393248 -0.230151 0.46669 -0.392416 -0.203894 0.461615
-0.393268 -0.230641 0.466786 -0.392435 -0.20436 0.461707
-0.393287 -0.231131 0.466882 -0.392453 -0.204826 0.461798
-0.393307 -0.231621 0.466979 -0.392471 -0.205293 0.46189
-0.393326 -0.232112 0.467075 -0.39249 -0.205759 0.461981
-0.393346 -0.232602 0.467171 -0.392508 -0.206225 0.462073
-0.393365 -0.233092 0.467267 -0.392527 -0.206692 0.462165
-0.393385 -0.233582 0.467363 -0.392545 -0.207158 0.462256
-0.393404 -0.234073 0.467459 -0.392564 -0.207624 0.462348
-0.393424 -0.234563 0.467556 -0.392582 -0.208089 0.462439
-0.393443 -0.235053 0.467652 -0.3926 -0.208553 0.46253
-0.393463 -0.235544 0.467748 -0.392618 -0.209014 0.462621
-0.393482 -0.236034 0.467844 -0.392636 -0.209474 0.462711
-0.393502 -0.236524 0.46794 -0.392671 -0.210393 0.462892
-0.393521 -0.237014 0.468036 -0.392689 -0.210853 0.462982
-0.393541 -0.237505 0.468132 -0.392707 -0.211312 0.463072
-0.39356 -0.237995 0.468229 -0.392725 -0.211773 0.463162
-0.39358 -0.238485 0.468325 -0.392743 -0.212233 0.463253
-0.393599 -0.238976 0.468421 -0.392761 -0.212693 0.463343
-0.393619 -0.239466 0.468517 -0.392779 -0.213154 0.463434
-0.393638 -0.239956 0.468613 -0.392797 -0.213616 0.463524
-0.393658 -0.240446 0.468709 -0.392815 -0.214077 0.463615
-0.393677 -0.240937 0.468806 -0.392833 -0.214539 0.463706
-0.393697 -0.241427 0.468902 -0.392852 -0.215002 0.463796
-0.393716 -0.241917 0.468998 -0.39287 -0.215464 0.463887
-0.393736 -0.242408 0.469094 -0.392888 -0.215927 0.463978
-0.393755 -0.242898 0.46919 -0.392906 -0.216391 0.464069
-0.393775 -0.243388 0.469286 -0.392925 -0.216855 0.464161
-0.393794 -0.243878 0.469382 -0.392943 -0.217319 0.464252
-0.393814 -0.244369 0.469479 -0.392961 -0.217784 0.464343
-0.393833 -0.244859 0.469575 -0.39298 -0.218249 0.464435
-0.393853 -0.245349 0.469671 -0.392998 -0.218714 0.464526
-0.393872 -0.245839 0.469767 -0.393017 -0.21918 0.464618
-0.393892 -0.24633 0.469863 -0.393035 -0.219646 0.464709
-0.393911 -0.24682 0.469959 -0.393053 -0.220111 0.464801
-0.393931 -0.24731 0.470055 -0.393072 -0.220576 0.464892
-0.39395 -0.247801 0.470152 -0.39309 -0.221042 0.464984
-0.39397 -0.248291 0.470248 -0.393109 -0.221508 0.465075
-0.393989 -0.248781 0.470344 -0.393127 -0.221975 0.465167
-0.394009 -0.249271 0.47044 -0.393146 -0.222442 0.465259
-0.394028 -0.249762 0.470536 -0.393164 -0.22291 0.465351
-0.394047 -0.250252 0.470632 -0.393183 -0.223378 0.465443
-0.394067 -0.250742 0.470729 -0.393202 -0.223847 0.465535
-0.394086 -0.251233 0.470825 -0.39322 -0.224317 0.465628
-0.394106 -0.251723 0.470921 -0.393239 -0.224787 0.46572
-0.394125 -0.252213 0.471017 -0.393258 -0.225257 0.465812
-0.394145 -0.252703 0.471113 -0.393277 -0.225728 0.465905
-0.394164 -0.253194 0.471209 -0.393296 -0.226199 0.465998
-0.394184 -0.253684 0.471305 -0.393314 -0.22667 0.46609
-0.394203 -0.254174 0.471402 -0.393333 -0.227141 0.466183
-0.394223 -0.254665 0.471498 -0.393352 -0.227611 0.466276
-0.394242 -0.255155 0.471594 -0.393371 -0.228081 0.466368
-0.394262 -0.255645 0.47169 -0.393389 -0.228551 0.46646
-0.394281 -0.256135 0.471786 -0.393408 -0.22902 0.466553
-0.394301 -0.256626 0.471882 -0.393427 -0.22949 0.466645
-0.39432 -0.257116 0.471978 -0.393445 -0.22996 0.466737
-0.39434 -0.257606 0.472075 -0.393464 -0.230431 0.46683
-0.394359 -0.258097 0.472171 -0.393483 -0.230902 0.466922
-0.394379 -0.258587 0.472267 -0.393502 -0.231374 0.467015
-0.394398 -0.259077 0.472363 -0.39352 -0.231846 0.467108
-0.394418 -0.259567 0.472459 -0.393558 -0.232791 0.467294
-0.394437 -0.260058 0.472555 -0.393577 -0.233263 0.467387
-0.394457 -0.260548 0.472652 -0.393596 -0.233735 0.46748
-0.394476 -0.261038 0.472748 -0.393614 -0.234207 0.467572
-0.394496 -0.261528 0.472844 -0.393633 -0.234679 0.467665
-0.394515 -0.262019 0.47294 -0.393652 -0.235151 0.467758
-0.394535 -0.262509 0.473036 -0.393671 -0.235623 0.467851
-0.394554 -0.262999 0.473132 -0.393689 -0.236096 0.467944
-0.394574 -0.26349 0.473228 -0.393708 -0.23657 0.468037
-0.394593 -0.26398 0.473325 -0.393727 -0.237043 0.46813
-0.394613 -0.26447 0.473421 -0.393746 -0.237517 0.468223
-0.394632 -0.26496 0.473517 -0.393765 -0.237991 0.468317
-0.394652 -0.265451 0.473613 -0.393784 -0.238466 0.46841
-0.394671 -0.265941 0.473709 -0.393803 -0.23894 0.468503
-0.394691 -0.266431 0.473805 -0.393822 -0.239416 0.468597
-0.39471 -0.266922 0.473901 -0.393841 -0.239891 0.46869
-0.39473 -0.267412 0.473998 -0.39386 -0.240367 0.468784
-0.394749 -0.267902 0.474094 -0.393879 -0.240843 0.468877
-0.394769 -0.268392 0.47419 -0.393898 -0.241319 0.468971
-0.394788 -0.268883 0.474286 -0.393917 -0.241795 0.469065
-0.394808 -0.269373 0.474382 -0.393936 -0.242272 0.469158
-0.394827 -0.269863 0.474478 -0.393955 -0.24275 0.469252
-0.394847 -0.270354 0.474575 -0.393974 -0.243227 0.469346
-0.394866 -0.270844 0.474671 -0.393993 -0.243705 0.46944
-0.394886 -0.271334 0.474767 -0.394012 -0.244183 0.469534
-0.394905 -0.271824 0.474863 -0.394031 -0.244661 0.469628
-0.394924 -0.272315 0.474959 -0.39405 -0.24514 0.469723
-0.394944 -0.272805 0.475055 -0.394069 -0.245619 0.469817
-0.394963 -0.273295 0.475151 -0.394088 -0.246098 0.469911
-0.394983 -0.273786 0.475248 -0.394108 -0.246578 0.470005
-0.395002 -0.274276 0.475344 -0.394127 -0.247057 0.4701
-0.395022 -0.274766 0.47544 -0.394146 -0.247535 0.470194
-0.395041 -0.275256 0.475536 -0.394183 -0.248487 0.470381
-0.395061 -0.275747 0.475632 -0.394202 -0.248961 0.470474
-0.39508 -0.276237 0.475728 -0.394221 -0.249434 0.470567
-0.3951 -0.276727 0.475825 -0.394239 -0.249907 0.470659
-0.395119 -0.277217 0.475921 -0.394258 -0.25038 0.470752
-0.395139 -0.277708 0.476017 -0.394276 -0.250853 0.470845
-0.395158 -0.278198 0.476113 -0.394295 -0.251327 0.470938
-0.395178 -0.278688 0.476209 -0.394313 -0.2518 0.471031
-0.395197 -0.279179 0.476305 -0.394332 -0.252274 0.471124
-0.395217 -0.279669 0.476401 -0.394351 -0.252748 0.471218
-0.395236 -0.280159 0.476498 -0.394369 -0.253223 0.471311
-0.395256 -0.280649 0.476594 -0.394388 -0.253698 0.471404
-0.395275 -0.28114 0.47669 -0.394426 -0.254648 0.471591
-0.395295 -0.28163 0.476786 -0.394444 -0.255123 0.471684
-0.395314 -0.28212 0.476882 -0.394463 -0.255599 0.471778
-0.395334 -0.282611 0.476978 -0.394482 -0.256075 0.471871
-0.395353 -0.283101 0.477074 -0.394501 -0.256551 0.471965
-0.395373 -0.283591 0.477171 -0.39452 -0.257028 0.472058
-0.395392 -0.284081 0.477267 -0.394538 -0.257504 0.472152
-0.395412 -0.284572 0.477363 -0.394557 -0.25798 0.472245
-0.395431 -0.285062 0.477459 -0.394576 -0.258455 0.472339
-0.395451 -0.285552 0.477555 -0.394595 -0.258931 0.472432
-0.39547 -0.286043 0.477651 -0.394613 -0.259406 0.472526
-0.39549 -0.286533 0.477748 -0.394632 -0.259881 0.472619
-0.395509 -0.287023 0.477844 -0.394651 -0.260356 0.472712
-0.395529 -0.287513 0.47794 -0.39467 -0.260831 0.472805
-0.395548 -0.288004 0.478036 -0.394688 -0.261306 0.472899
-0.395568 -0.288494 0.478132 -0.394707 -0.261781 0.472992
-0.395587 -0.288984 0.478228 -0.394744 -0.262731 0.473179
-0.395607 -0.289474 0.478324 -0.394763 -0.263207 0.473272
-0.395626 -0.289965 0.478421 -0.394782 -0.263683 0.473366
-0.395646 -0.290455 0.478517 -0.394801 -0.26416 0.473459
-0.395665 -0.290945 0.478613 -0.39482 -0.264636 0.473553
-0.395685 -0.291436 0.478709 -0.394838 -0.265112 0.473647
-0.395704 -0.291926 0.478805 -0.394857 -0.265588 0.47374
-0.395724 -0.292416 0.478901 -0.394876 -0.266063 0.473833
-0.395743 -0.292906 0.478997 -0.394895 -0.266538 0.473927
-0.395763 -0.293397 0.479094 -0.394913 -0.267013 0.47402
-0.395782 -0.293887 0.47919 -0.394932 -0.267487 0.474113
-0.395801 -0.294377 0.479286 -0.39495 -0.267961 0.474206
-0.395821 -0.294868 0.479382 -0.394969 -0.268436 0.474299
-0.39584 -0.295358 0.479478 -0.394988 -0.268909 0.474392
-0.39586 -0.295848 0.479574 -0.395006 -0.269383 0.474485
-0.395879 -0.296338 0.479671 -0.395025 -0.269856 0.474578
-0.395899 -0.296829 0.479767 -0.395043 -0.27033 0.474671
-0.395918 -0.297319 0.479863 -0.395062 -0.270803 0.474764
-0.395938 -0.297809 0.479959 -0.395081 -0.271276 0.474857
-0.395957 -0.2983 0.480055 -0.395099 -0.271749 0.47495
-0.395977 -0.29879 0.480151 -0.395118 -0.272222 0.475043
-0.395996 -0.29928 0.480247 -0.395136 -0.272695 0.475136
-0.396016 -0.29977 0.480344 -0.395155 -0.273168 0.475228
-0.396035 -0.300261 0.48044 -0.395173 -0.273641 0.475321
-0.396055 -0.300751 0.480536 -0.395192 -0.274114 0.475414
-0.396074 -0.301241 0.480632 -0.39521 -0.274587 0.475507
-0.396094 -0.301732 0.480728 -0.395229 -0.27506 0.4756
-0.396113 -0.302222 0.480824 -0.395248 -0.275532 0.475693
-0.396133 -0.302712 0.48092 -0.395284 -0.276474 0.475878
-0.396152 -0.303202 0.481017 -0.395303 -0.276943 0.475969
-0.396172 -0.303693 0.481113 -0.395321 -0.27741 0.476061
-0.396191 -0.304183 0.481209 -0.395339 -0.277876 0.476153
-0.396211 -0.304673 0.481305 -0.395357 -0.278343 0.476244
-0.39623 -0.305163 0.481401 -0.395375 -0.27881 0.476336
-0.39625 -0.305654 0.481497 -0.395393 -0.279277 0.476427
-0.396269 -0.306144 0.481594 -0.395411 -0.279744 0.476519
-0.396289 -0.306634 0.48169 -0.39543 -0.280211 0.476611
-0.396308 -0.307125 0.481786 -0.395448 -0.280679 0.476702
-0.396328 -0.307615 0.481882 -0.395466 -0.281146 0.476794
-0.396347 -0.308105 0.481978 -0.395484 -0.281614 0.476886
-0.396367 -0.308595 0.482074 -0.395503 -0.282082 0.476978
-0.396386 -0.309086 0.48217 -0.395521 -0.28255 0.477069
-0.396406 -0.309576 0.482267 -0.395539 -0.283018 0.477161
-0.396425 -0.310066 0.482363 -0.395558 -0.283486 0.477253
-0.396445 -0.310557 0.482459 -0.395576 -0.283955 0.477345
-0.396464 -0.311047 0.482555 -0.395594 -0.284424 0.477437
-0.396484 -0.311537 0.482651 -0.395613 -0.284893 0.477529
-0.396503 -0.312027 0.482747 -0.395631 -0.285361 0.477621
-0.396523 -0.312518 0.482844 -0.39565 -0.285829 0.477713
-0.396542 -0.313008 0.48294 -0.395668 -0.286296 0.477805
-0.396562 -0.313498 0.483036 -0.395686 -0.286763 0.477896
-0.396581 -0.313989 0.483132 -0.395704 -0.287229 0.477988
-0.396601 -0.314479 0.483228 -0.395723 -0.287695 0.478079
-0.39662 -0.314969 0.483324 -0.395741 -0.288161 0.478171
-0.396639 -0.315459 0.48342 -0.395759 -0.288627 0.478262
-0.396659 -0.31595 0.483517 -0.395777 -0.289093 0.478354
-0.396678 -0.31644 0.483613 -0.395796 -0.289559 0.478445
-0.396698 -0.31693 0.483709 -0.395814 -0.290026 0.478537
-0.396717 -0.31742 0.483805 -0.395832 -0.290492 0.478628
-0.396737 -0.317911 0.483901 -0.39585 -0.290959 0.47872
-0.396756 -0.318401 0.483997 -0.395887 -0.291894 0.478904
-0.396776 -0.318891 0.484093 -0.395906 -0.292363 0.478996
-0.396795 -0.319382 0.48419 -0.395924 -0.292832 0.479088
-0.396815 -0.319872 0.484286 -0.395943 -0.293301 0.47918
-0.396834 -0.320362 0.484382 -0.395961 -0.29377 0.479272
-0.396854 -0.320852 0.484478 -0.39598 -0.294239 0.479364
-0.396873 -0.321343 0.484574 -0.395998 -0.294708 0.479457
-0.396893 -0.321833 0.48467 -0.396017 -0.295178 0.479549
-0.396912 -0.322323 0.484767 -0.396036 -0.295648 0.479641
-0.396932 -0.322814 0.484863 -0.396054 -0.296118 0.479734
-0.396951 -0.323304 0.484959 -0.396073 -0.296589 0.479826
-0.396971 -0.323794 0.485055 -0.396092 -0.297059 0.479919
-0.39699 -0.324284 0.485151 -0.39611 -0.29753 0.480011
-0.39701 -0.324775 0.485247 -0.396148 -0.298473 0.480196
-0.397029 -0.325265 0.485343 -0.396166 -0.298945 0.480289
-0.397049 -0.325755 0.48544 -0.396185 -0.299417 0.480382
-0.397068 -0.326246 0.485536 -0.396204 -0.29989 0.480475
-0.397088 -0.326736 0.485632 -0.396223 -0.300362 0.480568
-0.397107 -0.327226 0.485728 -0.396242 -0.300834 0.480661
-0.397127 -0.327716 0.485824 -0.39626 -0.301307 0.480753
-0.397146 -0.328207 0.48592 -0.396279 -0.301779 0.480846
-0.397166 -0.328697 0.486016 -0.396298 -0.302251 0.480939
-0.397185 -0.329187 0.486113 -0.396317 -0.302723 0.481032
-0.397205 -0.329678 0.486209 -0.396335 -0.303195 0.481125
-0.397224 -0.330168 0.486305 -0.396354 -0.303666 0.481217
-0.397244 -0.330658 0.486401 -0.396373 -0.304138 0.48131
-0.397263 -0.331148 0.486497 -0.396391 -0.30461 0.481403
-0.397283 -0.331639 0.486593 -0.39641 -0.305081 0.481495
-0.397302 -0.332129 0.48669 -0.396429 -0.305553 0.481588
-0.397322 -0.332619 0.486786 -0.396466 -0.306496 0.481773
-0.397341 -0.333109 0.486882 -0.396485 -0.306968 0.481866
-0.397361 -0.3336 0.486978 -0.396503 -0.307439 0.481959
-0.39738 -0.33409 0.487074 -0.396522 -0.307911 0.482051
-0.3974 -0.33458 0.48717 -0.396541 -0.308382 0.482144
-0.397419 -0.335071 0.487266 -0.396559 -0.308852 0.482236
-0.397439 -0.335561 0.487363 -0.396578 -0.309323 0.482329
-0.397458 -0.336051 0.487459 -0.396596 -0.309793 0.482421
-0.397478 -0.336541 0.487555 -0.396615 -0.310263 0.482513
-0.397497 -0.337032 0.487651 -0.396633 -0.310732 0.482605
-0.397516 -0.337522 0.487747 -0.396652 -0.311202 0.482698
-0.397536 -0.338012 0.487843 -0.39667 -0.311671 0.48279
-0.397555 -0.338503 0.48794 -0.396689 -0.312141 0.482882
-0.397575 -0.338993 0.488036 -0.396707 -0.31261 0.482974
-0.397594 -0.339483 0.488132 -0.396726 -0.313079 0.483066
-0.397614 -0.339973 0.488228 -0.396744 -0.313548 0.483158
-0.397633 -0.340464 0.488324 -0.396763 -0.314018 0.48325
-0.397653 -0.340954 0.48842 -0.396781 -0.314487 0.483343
-0.397672 -0.341444 0.488516 -0.3968 -0.314956 0.483435
-0.397692 -0.341935 0.488613 -0.396818 -0.315425 0.483527
-0.397711 -0.342425 0.488709 -0.396837 -0.315895 0.483619
-0.397731 -0.342915 0.488805 -0.396855 -0.316364 0.483711
-0.39775 -0.343405 0.488901 -0.396874 -0.316834 0.483803
-0.39777 -0.343896 0.488997 -0.396892 -0.317303 0.483896
-0.397789 -0.344386 0.489093 -0.39693 -0.318243 0.48408
-0.397809 -0.344876 0.489189 -0.396948 -0.318713 0.484173
-0.397828 -0.345366 0.489286 -0.396967 -0.319183 0.484265
-0.397848 -0.345857 0.489382 -0.396985 -0.319652 0.484357
-0.397867 -0.346347 0.489478 -0.397003 -0.320119 0.484449
-0.397887 -0.346837 0.489574 -0.397022 -0.320586 0.48454
-0.397906 -0.347328 0.48967 -0.39704 -0.321053 0.484632
-0.397926 -0.347818 0.489766 -0.397058 -0.32152 0.484723
-0.397945 -0.348308 0.489863 -0.397077 -0.321986 0.484815
-0.397965 -0.348798 0.489959 -0.397095 -0.322453 0.484907
-0.397984 -0.349289 0.490055 -0.397113 -0.322919 0.484998
-0.398004 -0.349779 0.490151 -0.397132 -0.323386 0.48509
-0.398023 -0.350269 0.490247 -0.39715 -0.323853 0.485181
-0.398043 -0.35076 0.490343 -0.397169 -0.324321 0.485273
-0.398062 -0.35125 0.490439 -0.397187 -0.324788 0.485365
-0.398082 -0.35174 0.490536 -0.397205 -0.325256 0.485457
-0.398101 -0.35223 0.490632 -0.397224 -0.325724 0.485549
-0.398121 -0.352721 0.490728 -0.397242 -0.326192 0.485641
-0.39814 -0.353211 0.490824 -0.397279 -0.327129 0.485825
-0.39816 -0.353701 0.49092 -0.397298 -0.327597 0.485917
-0.398179 -0.354192 0.491016 -0.397335 -0.328535 0.486101
-0.398199 -0.354682 0.491112 -0.397353 -0.329003 0.486193
-0.398218 -0.355172 0.491209 -0.397372 -0.329471 0.486285
-0.398238 -0.355662 0.491305 -0.39739 -0.329939 0.486377
-0.398257 -0.356153 0.491401 -0.397409 -0.330407 0.486468
-0.398277 -0.356643 0.491497 -0.397427 -0.330874 0.48656
-0.398296 -0.357133 0.491593 -0.397446 -0.33134 0.486652
-0.398316 -0.357624 0.491689 -0.397464 -0.331805 0.486743
-0.398335 -0.358114 0.491786 -0.397482 -0.33227 0.486834
-0.398355 -0.358604 0.491882 -0.3975 -0.332735 0.486925
-0.398374 -0.359094 0.491978 -0.397518 -0.333199 0.487016
-0.398393 -0.359585 0.492074 -0.397537 -0.333663 0.487107
-0.398413 -0.360075 0.49217 -0.397555 -0.334127 0.487198
-0.398432 -0.360565 0.492266 -0.397573 -0.33459 0.487289
-0.398452 -0.361055 0.492362 -0.397591 -0.335053 0.48738
-0.398471 -0.361546 0.492459 -0.397609 -0.335517 0.487471
-0.398491 -0.362036 0.492555 -0.397627 -0.33598 0.487562
-0.39851 -0.362526 0.492651 -0.397646 -0.336443 0.487653
-0.39853 -0.363017 0.492747 -0.397664 -0.336906 0.487744
-0.398549 -0.363507 0.492843 -0.397682 -0.337369 0.487834
-0.398569 -0.363997 0.492939 -0.3977 -0.337832 0.487925
-0.398588 -0.364487 0.493035 -0.397718 -0.338295 0.488016
-0.398608 -0.364978 0.493132 -0.397736 -0.338758 0.488107
-0.398627 -0.365468 0.493228 -0.397755 -0.339221 0.488198
-0.398647 -0.365958 0.493324 -0.397773 -0.339683 0.488288
-0.398666 -0.366449 0.49342 -0.397791 -0.340144 0.488379
-0.398686 -0.366939 0.493516 -0.397827 -0.341062 0.488559
-0.398705 -0.367429 0.493612 -0.397844 -0.341519 0.488648
-0.398725 -0.367919 0.493709 -0.397862 -0.341975 0.488738
-0.398744 -0.36841 0.493805 -0.39788 -0.34243 0.488827
-0.398764 -0.3689 0.493901 -0.397897 -0.342885 0.488916
-0.398783 -0.36939 0.493997 -0.397915 -0.343339 0.489005
-0.398803 -0.369881 0.494093 -0.397933 -0.343794 0.489094
-0.398822 -0.370371 0.494189 -0.39795 -0.344249 0.489183
-0.398842 -0.370861 0.494285 -0.397968 -0.344704 0.489272
-0.398861 -0.371351 0.494382 -0.397986 -0.34516 0.489362
-0.398881 -0.371842 0.494478 -0.398004 -0.345617 0.489451
-0.3989 -0.372332 0.494574 -0.398022 -0.346074 0.489541
-0.39892 -0.372822 0.49467 -0.39804 -0.346531 0.489631
-0.398939 -0.373312 0.494766 -0.398058 -0.346989 0.489721
-0.398959 -0.373803 0.494862 -0.398076 -0.347448 0.489811
-0.398978 -0.374293 0.494959 -0.398094 -0.347907 0.489901
-0.398998 -0.374783 0.495055 -0.398112 -0.348367 0.489991
-0.399017 -0.375274 0.495151 -0.39813 -0.348827 0.490081
-0.399037 -0.375764 0.495247 -0.398148 -0.349288 0.490172
-0.399056 -0.376254 0.495343 -0.398167 -0.349749 0.490263
-0.399076 -0.376744 0.495439 -0.398185 -0.350211 0.490353
-0.399095 -0.377235 0.495535 -0.398203 -0.350673 0.490444
-0.399115 -0.377725 0.495632 -0.398222 -0.351136 0.490535
-0.399134 -0.378215 0.495728 -0.39824 -0.351598 0.490626
-0.399154 -0.378706 0.495824 -0.398258 -0.352061 0.490717
-0.399173 -0.379196 0.49592 -0.398277 -0.352524 0.490808
-0.399193 -0.379686 0.496016 -0.398295 -0.352987 0.490899
-0.399212 -0.380176 0.496112 -0.398314 -0.353451 0.49099
-0.399231 -0.380667 0.496208 -0.398332 -0.353916 0.491082
-0.399251 -0.381157 0.496305 -0.398351 -0.354381 0.491173
-0.39927 -0.381647 0.496401 -0.398369 -0.354846 0.491264
-0.39929 -0.382138 0.496497 -0.398388 -0.355311 0.491356
-0.399309 -0.382628 0.496593 -0.398407 -0.355777 0.491447
-0.399329 -0.383118 0.496689 -0.398425 -0.356241 0.491539
-0.399348 -0.383608 0.496785 -0.398462 -0.357169 0.491721
-0.399368 -0.384099 0.496882 -0.39848 -0.357632 0.491812
-0.399387 -0.384589 0.496978 -0.398499 -0.358094 0.491903
-0.399407 -0.385079 0.497074 -0.398517 -0.358557 0.491994
-0.399426 -0.38557 0.49717 -0.398535 -0.35902 0.492085
-0.399446 -0.38606 0.497266 -0.398554 -0.359484 0.492176
-0.399465 -0.38655 0.497362 -0.398572 -0.359949 0.492267
-0.399485 -0.38704 0.497458 -0.398591 -0.360413 0.492359
-0.399504 -0.387531 0.497555 -0.398609 -0.360879 0.49245
-0.399524 -0.388021 0.497651 -0.398628 -0.361345 0.492542
-0.399543 -0.388511 0.497747 -0.398646 -0.361811 0.492634
-0.399563 -0.389001 0.497843 -0.398665 -0.362278 0.492725
-0.399582 -0.389492 0.497939 -0.398684 -0.362745 0.492817
-0.399602 -0.389982 0.498035 -0.398703 -0.363213 0.492909
-0.399621 -0.390472 0.498131 -0.398721 -0.363682 0.493002
-0.399641 -0.390963 0.498228 -0.39874 -0.364151 0.493094
-0.39966 -0.391453 0.498324 -0.398759 -0.36462 0.493186
-0.39968 -0.391943 0.49842 -0.398778 -0.36509 0.493279
-0.399699 -0.392433 0.498516 -0.398797 -0.36556 0.493371
-0.399719 -0.392924 0.498612 -0.398816 -0.366031 0.493464
-0.399738 -0.393414 0.498708 -0.398834 -0.366503 0.493557
-0.399758 -0.393904 0.498805 -0.398853 -0.366974 0.49365
-0.399777 -0.394395 0.498901 -0.398872 -0.367447 0.493743
-0.399797 -0.394885 0.498997 -0.398891 -0.367919 0.493836
-0.399816 -0.395375 0.499093 -0.39891 -0.368393 0.493929
-0.399836 -0.395865 0.499189 -0.398929 -0.368866 0.494022
-0.399855 -0.396356 0.499285 -0.398949 -0.36934 0.494115
-0.399875 -0.396846 0.499381 -0.398968 -0.369815 0.494209
-0.399894 -0.397336 0.499478 -0.398987 -0.37029 0.494302
-0.399914 -0.397827 0.499574 -0.399006 -0.370765 0.494396
-0.399933 -0.398317 0.49967 -0.399025 -0.371239 0.494489
-0.399953 -0.398807 0.499766 -0.399044 -0.371713 0.494582
-0.399972 -0.399297 0.499862 -0.399063 -0.372185 0.494675
-0.399992 -0.399788 0.499958 -0.399081 -0.372657 0.494768
-0.400011 -0.400278 0.500055 -0.3991 -0.373128 0.494861
-0.399992 -0.399788 0.499958 -0.399119 -0.373599 0.494953
-0.400011 -0.400278 0.500055 -0.399157 -0.374542 0.495139
-0.399992 -0.399788 0.499958 -0.399175 -0.375014 0.495231
-0.400011 -0.400278 0.500055 -0.399194 -0.375486 0.495324
-0.399992 -0.399788 0.499958 -0.399213 -0.375958 0.495417
-0.400011 -0.400278 0.500055 -0.399232 -0.37643 0.49551
-0.399992 -0.399788 0.499958 -0.399251 -0.376902 0.495603
-0.400011 -0.400278 0.500055 -0.399269 -0.377374 0.495695
-0.399992 -0.399788 0.499958 -0.399288 -0.377845 0.495788
-0.400011 -0.400278 0.500055 -0.399306 -0.378314 0.49588
-0.399992 -0.399788 0.499958 -0.399325 -0.378782 0.495972
-0.400011 -0.400278 0.500055 -0.399343 -0.379247 0.496063
-0.399992 -0.399788 0.499958 -0.399361 -0.379709 0.496153
-0.400011 -0.400278 0.500055 -0.399379 -0.380168 0.496243
-0.399992 -0.399788 0.499958 -0.399397 -0.380624 0.496332
-0.400011 -0.400278 0.500055 -0.399414 -0.381076 0.496421
-0.399992 -0.399788 0.499958 -0.399431 -0.381524 0.496508
-0.400011 -0.400278 0.500055 -0.399448 -0.381968 0.496595
-0.399992 -0.399788 0.499958 -0.399464 -0.382406 0.49668
-0.400011 -0.400278 0.500055 -0.39948 -0.38284 0.496764
-0.399992 -0.399788 0.499958 -0.399496 -0.383269 0.496847
-0.400011 -0.400278 0.500055 -0.399511 -0.383693 0.49693
-0.399992 -0.399788 0.499958 -0.399526 -0.38411 0.49701
-0.400011 -0.400278 0.500055 -0.399541 -0.384522 0.49709
-0.399992 -0.399788 0.499958 -0.399569 -0.385326 0.497245
-0.400011 -0.400278 0.500055 -0.399583 -0.385718 0.49732
-0.399992 -0.399788 0.499958 -0.399596 -0.386105 0.497395
-0.400011 -0.400278 0.500055 -0.399609 -0.386485 0.497467
-0.399992 -0.399788 0.499958 -0.399622 -0.386859 0.497539
-0.400011 -0.400278 0.500055 -0.399634 -0.387226 0.497609
-0.399992 -0.399788 0.499958 -0.399646 -0.387586 0.497678
-0.400011 -0.400278 0.500055 -0.399657 -0.38794 0.497745
-0.399992 -0.399788 0.499958 -0.399668 -0.388286 0.497811
-0.400011 -0.400278 0.500055 -0.399679 -0.388626 0.497876
-0.399992 -0.399788 0.499958 -0.39969 -0.388958 0.497939
-0.400011 -0.400278 0.500055 -0.3997 -0.389284 0.498001
-0.399992 -0.399788 0.499958 -0.39971 -0.389603 0.498061
-0.400011 -0.400278 0.500055 -0.399719 -0.389916 0.49812
-0.399992 -0.399788 0.499958 -0.399729 -0.390222 0.498178
-0.400011 -0.400278 0.500055 -0.399738 -0.390521 0.498234
-0.399992 -0.399788 0.499958 -0.399746 -0.390814 0.49829
-0.400011 -0.400278 0.500055 -0.399755 -0.3911 0.498343
-0.399992 -0.399788 0.499958 -0.399763 -0.391379 0.498396
-0.400011 -0.400278 0.500055 -0.399771 -0.391652 0.498447
-0.399992 -0.399788 0.499958 -0.399779 -0.391918 0.498497
-0.400011 -0.400278 0.500055 -0.399786 -0.392178 0.498546
-0.399992 -0.399788 0.499958 -0.399793 -0.392431 0.498593
-0.400011 -0.400278 0.500055 -0.3998 -0.392678 0.498639
-0.399992 -0.399788 0.499958 -0.399807 -0.392918 0.498684
-0.400011 -0.400278 0.500055 -0.399813 -0.393153 0.498728
-0.399992 -0.399788 0.499958 -0.399826 -0.393606 0.498812
-0.400011 -0.400278 0.500055 -0.399832 -0.393824 0.498853
-0.399992 -0.399788 0.499958 -0.399837 -0.394036 0.498892
-0.400011 -0.400278 0.500055 -0.399843 -0.394243 0.49893
-0.399992 -0.399788 0.499958 -0.399848 -0.394444 0.498968
-0.400011 -0.400278 0.500055 -0.399853 -0.394639 0.499004
-0.399992 -0.399788 0.499958 -0.399858 -0.39483 0.499039
-0.400011 -0.400278 0.500055 -0.399863 -0.395015 0.499073
-0.399992 -0.399788 0.499958 -0.399868 -0.395195 0.499107
-0.400011 -0.400278 0.500055 -0.399873 -0.39537 0.499139
-0.399992 -0.399788 0.499958 -0.399877 -0.39554 0.499171
-0.400011 -0.400278 0.500055 -0.399881 -0.395706 0.499201
-0.399992 -0.399788 0.499958 -0.399885 -0.395866 0.499231
-0.400011 -0.400278 0.500055 -0.399889 -0.396022 0.49926
-0.399992 -0.399788 0.499958 -0.399893 -0.396174 0.499288
-0.400011 -0.400278 0.500055 -0.399897 -0.396321 0.499315
-0.399992 -0.399788 0.499958 -0.399901 -0.396465 0.499342
-0.400011 -0.400278 0.500055 -0.399904 -0.396604 0.499367
-0.399992 -0.399788 0.499958 -0.399908 -0.396739 0.499392
-0.400011 -0.400278 0.500055 -0.399911 -0.396871 0.499416
-0.399992 -0.399788 0.499958 -0.399914 -0.396998 0.49944
-0.400011 -0.400278 0.500055 -0.399917 -0.397122 0.499463
-0.399992 -0.399788 0.499958 -0.399921 -0.397242 0.499485
-0.400011 -0.400278 0.500055 -0.399924 -0.397359 0.499507
-0.399992 -0.399788 0.499958 -0.399926 -0.397472 0.499527
-0.400011 -0.400278 0.500055 -0.399929 -0.397581 0.499548
-0.399992 -0.399788 0.499958 -0.399932 -0.397688 0.499567
-0.400011 -0.400278 0.500055 -0.399935 -0.39779 0.499586
-0.399992 -0.399788 0.499958 -0.399937 -0.39789 0.499605
-0.400011 -0.400278 0.500055 -0.399939 -0.397987 0.499622
-0.399992 -0.399788 0.499958 -0.399944 -0.39817 0.499656
-0.400011 -0.400278 0.500055 -0.399946 -0.398256 0.499672
-0.399992 -0.399788 0.499958 -0.399948 -0.398339 0.499687
-0.400011 -0.400278 0.500055 -0.39995 -0.398419 0.499702
-0.399992 -0.399788 0.499958 -0.399952 -0.398495 0.499716
-0.400011 -0.400278 0.500055 -0.399954 -0.398569 0.49973
-0.399992 -0.399788 0.499958 -0.399956 -0.398639 0.499743
-0.400011 -0.400278 0.500055 -0.399958 -0.398707 0.499755
-0.399992 -0.399788 0.499958 -0.399959 -0.398772 0.499767
-0.400011 -0.400278 0.500055 -0.399961 -0.398835 0.499778
-0.399992 -0.399788 0.499958 -0.399962 -0.398895 0.499789
-0.400011 -0.400278 0.500055 -0.399964 -0.398952 0.4998
-0.399992 -0.399788 0.499958 -0.399965 -0.399008 0.49981
-0.400011 -0.400278 0.500055 -0.399966 -0.399061 0.49982
