0.499336 -0.300074 0.340118 0.500315 -0.299964 0.339943
0.498357 -0.300183 0.340292 0.500315 -0.299964 0.339943
0.497379 -0.300291 0.340466 0.500315 -0.299964 0.339943
0.4964 -0.3004 0.34064 0.500315 -0.299964 0.339943
0.495421 -0.300509 0.340814 0.50031 -0.299965 0.339944
0.494442 -0.300618 0.340988 0.500305 -0.299965 0.339945
0.493464 -0.300726 0.341162 0.500274 -0.299969 0.339951
0.492485 -0.300835 0.341336 0.500236 -0.299973 0.339957
0.491506 -0.300944 0.34151 0.500184 -0.299979 0.339967
0.490527 -0.301053 0.341684 0.500115 -0.299987 0.339979
0.489549 -0.301161 0.341858 0.500025 -0.299997 0.339996
0.48857 -0.30127 0.342032 0.499913 -0.30001 0.340016
0.487591 -0.301379 0.342206 0.499775 -0.300026 0.340041
0.486613 -0.301487 0.34238 0.499612 -0.300045 0.340071
0.485634 -0.301596 0.342554 0.499521 -0.300055 0.340088
0.484655 -0.301705 0.342728 0.499423 -0.300067 0.340106
0.483676 -0.301814 0.342902 0.499087 -0.300106 0.340167
0.482698 -0.301922 0.343076 0.498828 -0.300136 0.340215
0.481719 -0.302031 0.34325 0.498541 -0.30017 0.340268
0.48074 -0.30214 0.343424 0.498226 -0.300206 0.340326
0.479761 -0.302249 0.343598 0.497706 -0.300268 0.340422
0.478783 -0.302357 0.343772 0.49752 -0.300289 0.340457
0.477804 -0.302466 0.343946 0.497129 -0.300335 0.340529
0.476825 -0.302575 0.34412 0.496492 -0.30041 0.340647
0.475847 -0.302684 0.344294 0.496034 -0.300464 0.340732
0.474868 -0.302792 0.344468 0.495549 -0.300522 0.340822
0.473889 -0.302901 0.344642 0.495041 -0.300582 0.340916
0.47291 -0.30301 0.344816 0.493674 -0.300743 0.34117
0.471932 -0.303119 0.34499 0.493383 -0.300777 0.341224
0.470953 -0.303227 0.345164 0.492485 -0.300883 0.34139
0.469974 -0.303336 0.345338 0.492178 -0.300919 0.341447
0.468996 -0.303445 0.345512 0.491238 -0.301029 0.34162
0.468017 -0.303554 0.345686 0.490593 -0.301104 0.341739
0.467038 -0.303662 0.34586 0.490265 -0.301143 0.3418
0.466059 -0.303771 0.346034 0.48926 -0.30126 0.341984
0.465081 -0.30388 0.346208 0.488573 -0.30134 0.34211
0.464102 -0.303989 0.346382 0.487872 -0.301421 0.342239
0.463123 -0.304097 0.346556 0.487516 -0.301463 0.342304
0.462144 -0.304206 0.34673 0.48643 -0.301589 0.342503
0.461166 -0.304315 0.346904 0.486061 -0.301632 0.342571
0.460187 -0.304424 0.347078 0.485315 -0.301718 0.342707
0.459208 -0.304532 0.347252 0.484557 -0.301806 0.342846
0.45823 -0.304641 0.347426 0.483788 -0.301895 0.342986
0.457251 -0.30475 0.3476 0.483007 -0.301985 0.343129
0.456272 -0.304859 0.347774 0.481816 -0.302122 0.343346
0.455293 -0.304967 0.347948 0.481414 -0.302169 0.343419
0.454315 -0.305076 0.348122 0.480602 -0.302262 0.343567
0.453336 -0.305185 0.348296 0.47978 -0.302357 0.343716
0.452357 -0.305294 0.34847 0.478949 -0.302452 0.343867
0.451379 -0.305402 0.348644 0.478109 -0.302548 0.34402
0.4504 -0.305511 0.348818 0.477261 -0.302646 0.344174
0.449421 -0.30562 0.348992 0.476405 -0.302744 0.344329
0.448442 -0.305729 0.349166 0.475541 -0.302843 0.344485
0.447464 -0.305837 0.34934 0.474668 -0.302942 0.344643
0.446485 -0.305946 0.349514 0.473788 -0.303043 0.344802
0.445506 -0.306055 0.349688 0.472901 -0.303144 0.344963
0.444527 -0.306164 0.349862 0.472008 -0.303246 0.345124
0.443549 -0.306272 0.350036 0.471109 -0.303348 0.345286
0.44257 -0.306381 0.35021 0.470205 -0.303451 0.345449
0.441591 -0.30649 0.350384 0.469295 -0.303554 0.345613
0.440613 -0.306599 0.350558 0.468381 -0.303658 0.345778
0.439634 -0.306707 0.350732 0.467462 -0.303762 0.345943
0.438655 -0.306816 0.350906 0.466539 -0.303867 0.346109
0.437676 -0.306925 0.35108 0.465611 -0.303972 0.346275
0.436698 -0.307034 0.351254 0.46468 -0.304077 0.346443
0.435719 -0.307142 0.351428 0.463745 -0.304183 0.34661
0.43474 -0.307251 0.351602 0.462806 -0.304289 0.346778
0.433761 -0.30736 0.351776 0.461865 -0.304395 0.346947
0.432783 -0.307469 0.35195 0.46092 -0.304501 0.347116
0.431804 -0.307577 0.352124 0.459972 -0.304608 0.347286
0.430825 -0.307686 0.352298 0.459022 -0.304715 0.347456
0.429847 -0.307795 0.352472 0.458068 -0.304822 0.347626
0.428868 -0.307904 0.352646 0.457113 -0.304929 0.347797
0.427889 -0.308012 0.35282 0.456155 -0.305037 0.347968
0.42691 -0.308121 0.352994 0.455196 -0.305144 0.348139
0.425932 -0.30823 0.353168 0.454715 -0.305198 0.348225
0.424953 -0.308339 0.353342 0.453271 -0.30536 0.348482
0.423974 -0.308447 0.353516 0.452304 -0.305468 0.348655
0.422996 -0.308556 0.35369 0.451334 -0.305577 0.348828
0.422017 -0.308665 0.353864 0.450362 -0.305686 0.349001
0.421038 -0.308774 0.354038 0.449389 -0.305795 0.349174
0.420059 -0.308882 0.354212 0.448415 -0.305904 0.349348
0.419081 -0.308991 0.354386 0.44744 -0.306013 0.349521
0.418102 -0.3091 0.35456 0.446465 -0.306122 0.349694
0.417123 -0.309209 0.354734 0.445489 -0.306231 0.349868
0.416144 -0.309317 0.354908 0.444511 -0.30634 0.350042
0.415166 -0.309426 0.355082 0.443533 -0.306449 0.350216
0.414187 -0.309535 0.355256 0.442554 -0.306559 0.35039
0.413208 -0.309644 0.35543 0.441572 -0.306668 0.350564
0.41223 -0.309752 0.355604 0.440589 -0.306778 0.350739
0.411251 -0.309861 0.355778 0.439607 -0.306888 0.350914
0.410272 -0.30997 0.355952 0.438625 -0.306997 0.351088
0.409293 -0.310079 0.356126 0.437643 -0.307106 0.351262
0.408315 -0.310187 0.3563 0.436662 -0.307216 0.351436
0.407336 -0.310296 0.356474 0.435682 -0.307325 0.35161
0.406357 -0.310405 0.356648 0.434701 -0.307434 0.351784
0.405378 -0.310514 0.356822 0.433722 -0.307543 0.351958
0.4044 -0.310622 0.356996 0.432742 -0.307652 0.352132
0.403421 -0.310731 0.35717 0.431762 -0.307761 0.352305
0.402442 -0.31084 0.357344 0.430783 -0.307869 0.352479
0.401464 -0.310948 0.357518 0.429804 -0.307978 0.352652
0.400485 -0.311057 0.357692 0.428825 -0.308087 0.352826
0.399506 -0.311166 0.357866 0.427846 -0.308196 0.352999
0.398527 -0.311275 0.35804 0.426867 -0.308305 0.353173
0.397549 -0.311383 0.358214 0.425888 -0.308414 0.353346
0.39657 -0.311492 0.358388 0.424909 -0.308522 0.35352
0.395591 -0.311601 0.358562 0.423931 -0.308631 0.353693
0.394613 -0.31171 0.358736 0.422952 -0.30874 0.353867
0.393634 -0.311818 0.35891 0.421973 -0.308849 0.35404
0.392655 -0.311927 0.359084 0.420994 -0.308958 0.354214
0.391676 -0.312036 0.359258 0.420016 -0.309066 0.354387
0.390698 -0.312145 0.359432 0.419037 -0.309175 0.35456
0.389719 -0.312253 0.359606 0.418059 -0.309284 0.354734
0.38874 -0.312362 0.35978 0.41708 -0.309393 0.354907
0.387761 -0.312471 0.359954 0.416102 -0.309502 0.355081
0.386783 -0.31258 0.360128 0.415124 -0.30961 0.355254
0.385804 -0.312688 0.360302 0.414145 -0.309719 0.355428
0.384825 -0.312797 0.360476 0.413167 -0.309828 0.355601
0.383847 -0.312906 0.360649 0.412189 -0.309937 0.355774
0.382868 -0.313015 0.360823 0.411211 -0.310046 0.355948
0.381889 -0.313123 0.360997 0.410233 -0.310154 0.356121
0.38091 -0.313232 0.361171 0.409255 -0.310263 0.356295
0.379932 -0.313341 0.361345 0.408277 -0.310372 0.356468
0.378953 -0.31345 0.361519 0.407299 -0.310481 0.356641
0.377974 -0.313558 0.361693 0.406321 -0.31059 0.356815
0.376996 -0.313667 0.361867 0.405833 -0.310644 0.356901
0.376017 -0.313776 0.362041 0.404365 -0.310808 0.357162
0.375038 -0.313885 0.362215 0.403385 -0.310917 0.357336
0.374059 -0.313993 0.362389 0.402402 -0.311027 0.35751
0.373081 -0.314102 0.362563 0.401415 -0.311137 0.357685
0.372102 -0.314211 0.362737 0.400427 -0.311247 0.357861
0.371123 -0.31432 0.362911 0.399439 -0.311358 0.358037
0.370144 -0.314428 0.363085 0.398452 -0.311468 0.358212
0.369166 -0.314537 0.363259 0.397466 -0.311578 0.358387
0.368187 -0.314646 0.363433 0.396481 -0.311688 0.358562
0.367208 -0.314755 0.363607 0.395497 -0.311797 0.358736
0.36623 -0.314863 0.363781 0.394514 -0.311907 0.358911
0.365251 -0.314972 0.363955 0.393532 -0.312017 0.359085
0.364272 -0.315081 0.364129 0.39255 -0.312126 0.359259
0.363293 -0.31519 0.364303 0.391569 -0.312235 0.359433
0.362315 -0.315298 0.364477 0.390588 -0.312344 0.359607
0.361336 -0.315407 0.364651 0.389608 -0.312454 0.359781
0.360357 -0.315516 0.364825 0.388629 -0.312563 0.359955
0.359378 -0.315625 0.364999 0.38765 -0.312672 0.360128
0.3584 -0.315733 0.365173 0.386671 -0.312781 0.360302
0.357421 -0.315842 0.365347 0.385693 -0.312889 0.360475
0.356442 -0.315951 0.365521 0.384715 -0.312998 0.360648
0.355464 -0.31606 0.365695 0.383737 -0.313107 0.360822
0.354485 -0.316168 0.365869 0.38276 -0.313216 0.360995
0.353506 -0.316277 0.366043 0.381783 -0.313325 0.361168
0.352527 -0.316386 0.366217 0.380805 -0.313434 0.361342
0.351549 -0.316495 0.366391 0.379829 -0.313542 0.361515
0.35057 -0.316603 0.366565 0.378852 -0.313651 0.361688
0.349591 -0.316712 0.366739 0.377875 -0.31376 0.361861
0.348613 -0.316821 0.366913 0.376897 -0.313869 0.362035
0.347634 -0.31693 0.367087 0.375919 -0.313978 0.362208
0.346655 -0.317038 0.367261 0.374942 -0.314087 0.362382
0.345676 -0.317147 0.367435 0.373965 -0.314196 0.362555
0.344698 -0.317256 0.367609 0.372987 -0.314305 0.362728
0.343719 -0.317365 0.367783 0.37201 -0.314414 0.362902
0.34274 -0.317473 0.367957 0.371034 -0.314523 0.363075
0.341761 -0.317582 0.368131 0.370057 -0.314632 0.363248
0.340783 -0.317691 0.368305 0.36908 -0.314741 0.363422
0.339804 -0.3178 0.368479 0.368103 -0.314849 0.363595
0.338825 -0.317908 0.368653 0.367127 -0.314958 0.363768
0.337847 -0.318017 0.368827 0.36615 -0.315067 0.363941
0.336868 -0.318126 0.369001 0.365173 -0.315176 0.364115
0.335889 -0.318235 0.369175 0.364685 -0.315231 0.364201
0.33491 -0.318343 0.369349 0.36322 -0.315394 0.364461
0.333932 -0.318452 0.369523 0.362244 -0.315503 0.364634
0.332953 -0.318561 0.369697 0.361267 -0.315612 0.364807
0.331974 -0.31867 0.369871 0.36029 -0.315721 0.364981
0.330996 -0.318778 0.370045 0.359314 -0.31583 0.365154
0.330017 -0.318887 0.370219 0.358337 -0.315939 0.365327
0.329038 -0.318996 0.370393 0.35736 -0.316047 0.3655
0.328059 -0.319105 0.370567 0.356383 -0.316156 0.365674
0.327081 -0.319213 0.370741 0.355406 -0.316265 0.365847
0.326102 -0.319322 0.370915 0.354429 -0.316374 0.36602
0.325123 -0.319431 0.371089 0.353451 -0.316484 0.366194
0.324144 -0.31954 0.371263 0.352474 -0.316593 0.366367
0.323166 -0.319648 0.371437 0.351496 -0.316702 0.366541
0.322187 -0.319757 0.371611 0.350518 -0.316811 0.366714
0.321208 -0.319866 0.371785 0.34954 -0.31692 0.366888
0.32023 -0.319974 0.371959 0.348562 -0.317029 0.367061
0.319251 -0.320083 0.372133 0.347583 -0.317139 0.367235
0.318272 -0.320192 0.372307 0.346604 -0.317248 0.367409
0.317293 -0.320301 0.372481 0.345625 -0.317357 0.367582
0.316315 -0.320409 0.372655 0.344646 -0.317466 0.367756
0.315336 -0.320518 0.372829 0.343668 -0.317576 0.36793
0.314357 -0.320627 0.373003 0.342689 -0.317685 0.368103
0.313378 -0.320736 0.373177 0.34171 -0.317794 0.368277
0.3124 -0.320844 0.373351 0.340732 -0.317903 0.36845
0.311421 -0.320953 0.373525 0.339753 -0.318013 0.368624
0.310442 -0.321062 0.373699 0.338775 -0.318122 0.368797
0.309464 -0.321171 0.373873 0.337796 -0.318231 0.368971
0.308485 -0.321279 0.374047 0.336817 -0.31834 0.369145
0.307506 -0.321388 0.374221 0.335835 -0.31845 0.369319
0.306527 -0.321497 0.374395 0.334852 -0.31856 0.369493
0.305549 -0.321606 0.374569 0.333869 -0.31867 0.369668
0.30457 -0.321714 0.374743 0.332887 -0.31878 0.369842
0.303591 -0.321823 0.374917 0.331905 -0.318889 0.370016
0.302613 -0.321932 0.375091 0.330924 -0.318999 0.37019
0.301634 -0.322041 0.375265 0.329943 -0.319109 0.370364
0.300655 -0.322149 0.375439 0.329453 -0.319163 0.370451
0.299676 -0.322258 0.375613 0.327982 -0.319327 0.370712
0.298698 -0.322367 0.375787 0.327003 -0.319437 0.370886
0.297719 -0.322476 0.375961 0.326023 -0.319546 0.371059
0.29674 -0.322584 0.376135 0.325046 -0.319655 0.371233
0.295761 -0.322693 0.376309 0.324073 -0.319763 0.371405
0.294783 -0.322802 0.376483 0.3231 -0.319871 0.371577
0.293804 -0.322911 0.376657 0.322128 -0.31998 0.37175
0.292825 -0.323019 0.376831 0.321155 -0.320088 0.371922
0.291847 -0.323128 0.377005 0.320181 -0.320197 0.372094
0.290868 -0.323237 0.377179 0.319207 -0.320305 0.372267
0.289889 -0.323346 0.377353 0.318232 -0.320414 0.37244
0.28891 -0.323454 0.377527 0.317257 -0.320523 0.372613
0.287932 -0.323563 0.377701 0.316281 -0.320631 0.372786
0.286953 -0.323672 0.377875 0.315305 -0.32074 0.372959
0.285974 -0.323781 0.378049 0.314328 -0.320849 0.373132
0.284996 -0.323889 0.378223 0.31335 -0.320959 0.373305
0.284017 -0.323998 0.378397 0.312369 -0.321068 0.373479
0.283038 -0.324107 0.378571 0.311388 -0.321178 0.373654
0.282059 -0.324216 0.378745 0.310406 -0.321288 0.373828
0.281081 -0.324324 0.378919 0.309424 -0.321398 0.374002
0.280102 -0.324433 0.379093 0.308442 -0.321508 0.374176
0.279123 -0.324542 0.379267 0.30746 -0.321617 0.37435
0.278144 -0.324651 0.379441 0.306478 -0.321727 0.374524
0.277166 -0.324759 0.379615 0.305497 -0.321837 0.374698
0.276187 -0.324868 0.379789 0.304516 -0.321946 0.374872
0.275208 -0.324977 0.379963 0.303533 -0.322056 0.375047
0.27423 -0.325086 0.380137 0.302548 -0.322167 0.375221
0.273251 -0.325194 0.380311 0.301562 -0.322277 0.375396
0.272272 -0.325303 0.380485 0.300576 -0.322387 0.375571
0.271293 -0.325412 0.380659 0.299592 -0.322497 0.375746
0.270315 -0.325521 0.380833 0.298608 -0.322607 0.37592
0.269336 -0.325629 0.381007 0.297625 -0.322717 0.376094
0.268357 -0.325738 0.381181 0.296643 -0.322827 0.376268
0.267378 -0.325847 0.381355 0.295662 -0.322936 0.376442
0.2664 -0.325956 0.381529 0.294681 -0.323046 0.376616
0.265421 -0.326064 0.381703 0.293701 -0.323155 0.37679
0.264442 -0.326173 0.381877 0.292721 -0.323264 0.376963
0.263464 -0.326282 0.382051 0.291742 -0.323374 0.377137
0.262485 -0.326391 0.382225 0.290763 -0.323483 0.37731
0.261506 -0.326499 0.382399 0.289785 -0.323592 0.377484
0.260527 -0.326608 0.382573 0.288807 -0.323701 0.377657
0.259549 -0.326717 0.382747 0.287829 -0.32381 0.37783
0.25857 -0.326826 0.382921 0.286851 -0.323919 0.378004
0.257591 -0.326934 0.383095 0.285872 -0.324028 0.378177
0.256613 -0.327043 0.383269 0.284891 -0.324138 0.378351
0.255634 -0.327152 0.383443 0.283908 -0.324248 0.378525
0.254655 -0.327261 0.383617 0.282923 -0.324358 0.3787
0.253676 -0.327369 0.383791 0.281938 -0.324468 0.378875
0.252698 -0.327478 0.383965 0.280954 -0.324578 0.379049
0.251719 -0.327587 0.384139 0.27997 -0.324688 0.379223
0.25074 -0.327696 0.384313 0.278986 -0.324798 0.379398
0.249761 -0.327804 0.384487 0.278001 -0.324908 0.379573
0.248783 -0.327913 0.384661 0.277014 -0.325019 0.379748
0.247804 -0.328022 0.384835 0.276025 -0.32513 0.379923
0.246825 -0.328131 0.385009 0.275036 -0.32524 0.380098
0.245847 -0.328239 0.385183 0.274045 -0.325351 0.380274
0.244868 -0.328348 0.385357 0.273054 -0.325463 0.38045
0.243889 -0.328457 0.385531 0.272062 -0.325574 0.380626
0.24291 -0.328566 0.385705 0.271071 -0.325685 0.380802
0.241932 -0.328674 0.385879 0.270079 -0.325796 0.380977
0.240953 -0.328783 0.386053 0.269087 -0.325907 0.381153
0.239974 -0.328892 0.386227 0.268094 -0.326018 0.381329
0.238995 -0.329001 0.386401 0.267101 -0.326129 0.381506
0.238017 -0.329109 0.386575 0.266108 -0.326241 0.381682
0.237038 -0.329218 0.386749 0.265115 -0.326352 0.381858
0.236059 -0.329327 0.386923 0.264121 -0.326463 0.382034
0.235081 -0.329435 0.387097 0.263128 -0.326574 0.38221
0.234102 -0.329544 0.387271 0.262135 -0.326685 0.382386
0.233123 -0.329653 0.387445 0.261142 -0.326796 0.382562
0.232144 -0.329762 0.387619 0.260149 -0.326907 0.382738
0.231166 -0.32987 0.387793 0.259157 -0.327018 0.382914
0.230187 -0.329979 0.387967 0.258165 -0.327129 0.38309
0.229208 -0.330088 0.388141 0.257173 -0.32724 0.383265
0.22823 -0.330197 0.388315 0.256182 -0.32735 0.383441
0.227251 -0.330305 0.388489 0.255191 -0.327461 0.383616
0.226272 -0.330414 0.388663 0.254203 -0.327571 0.383791
0.225293 -0.330523 0.388837 0.253218 -0.327681 0.383966
0.224315 -0.330632 0.389011 0.252235 -0.32779 0.38414
0.223336 -0.33074 0.389185 0.251255 -0.327899 0.384313
0.222357 -0.330849 0.389359 0.250277 -0.328008 0.384486
0.221378 -0.330958 0.389533 0.2493 -0.328116 0.384659
0.2204 -0.331067 0.389707 0.248325 -0.328224 0.384832
0.219421 -0.331175 0.389881 0.247352 -0.328332 0.385004
0.218442 -0.331284 0.390055 0.246378 -0.32844 0.385176
0.217464 -0.331393 0.390229 0.245403 -0.328549 0.385349
0.216485 -0.331502 0.390403 0.244428 -0.328657 0.385521
0.215506 -0.33161 0.390577 0.243454 -0.328765 0.385694
0.214527 -0.331719 0.390751 0.242481 -0.328873 0.385866
0.213549 -0.331828 0.390925 0.24151 -0.328981 0.386038
0.21257 -0.331937 0.391099 0.240539 -0.329089 0.38621
0.211591 -0.332045 0.391273 0.239569 -0.329197 0.386381
0.210613 -0.332154 0.391447 0.238598 -0.329305 0.386553
0.209634 -0.332263 0.391621 0.237626 -0.329413 0.386725
0.208655 -0.332372 0.391795 0.236651 -0.329522 0.386898
0.207676 -0.33248 0.391969 0.235676 -0.32963 0.387071
0.206698 -0.332589 0.392143 0.2347 -0.329739 0.387243
0.205719 -0.332698 0.392317 0.233726 -0.329848 0.387416
0.20474 -0.332807 0.392491 0.232751 -0.329957 0.387589
0.203761 -0.332915 0.392665 0.231775 -0.330066 0.387762
0.202783 -0.333024 0.392839 0.2308 -0.330175 0.387934
0.201804 -0.333133 0.393013 0.229825 -0.330283 0.388107
0.200825 -0.333242 0.393187 0.22885 -0.330392 0.38828
0.199847 -0.33335 0.393361 0.227874 -0.330501 0.388453
0.198868 -0.333459 0.393535 0.226897 -0.33061 0.388626
0.197889 -0.333568 0.393709 0.22592 -0.33072 0.388799
0.19691 -0.333677 0.393883 0.224942 -0.330829 0.388972
0.195932 -0.333785 0.394057 0.223963 -0.330938 0.389146
0.194953 -0.333894 0.394231 0.222982 -0.331048 0.389319
0.193974 -0.334003 0.394405 0.222001 -0.331158 0.389493
0.192995 -0.334112 0.394579 0.22053 -0.331323 0.389754
0.192017 -0.33422 0.394753 0.22004 -0.331377 0.389841
0.191038 -0.334329 0.394927 0.219062 -0.331487 0.390014
0.190059 -0.334438 0.395101 0.218086 -0.331596 0.390187
0.189081 -0.334547 0.395275 0.216623 -0.331759 0.390446
0.188102 -0.334655 0.395449 0.21565 -0.331867 0.390618
0.187123 -0.334764 0.395623 0.215163 -0.331921 0.390705
0.186144 -0.334873 0.395797 0.214191 -0.33203 0.390877
0.185166 -0.334982 0.395971 0.213222 -0.332138 0.391048
0.184187 -0.33509 0.396145 0.211775 -0.332298 0.391305
0.183208 -0.335199 0.396319 0.210814 -0.332405 0.391475
0.18223 -0.335308 0.396493 0.209854 -0.332511 0.391644
0.181251 -0.335417 0.396667 0.208894 -0.332617 0.391814
0.180272 -0.335525 0.396841 0.207933 -0.332724 0.391985
0.179293 -0.335634 0.397015 0.206971 -0.332831 0.392155
0.178315 -0.335743 0.397189 0.206008 -0.332938 0.392325
0.177336 -0.335852 0.397363 0.205043 -0.333045 0.392496
0.176357 -0.33596 0.397536 0.204078 -0.333153 0.392667
0.175378 -0.336069 0.39771 0.203112 -0.333261 0.392838
0.1744 -0.336178 0.397884 0.202145 -0.333369 0.39301
0.173421 -0.336287 0.398058 0.201177 -0.333477 0.393181
0.172442 -0.336395 0.398232 0.200209 -0.333585 0.393353
0.171464 -0.336504 0.398406 0.199724 -0.333639 0.393439
0.170485 -0.336613 0.39858 0.198271 -0.333801 0.393696
0.169506 -0.336722 0.398754 0.197304 -0.333909 0.393867
0.168527 -0.33683 0.398928 0.19634 -0.334017 0.394038
0.167549 -0.336939 0.399102 0.195375 -0.334124 0.394209
0.16657 -0.337048 0.399276 0.194408 -0.334232 0.39438
0.165591 -0.337157 0.39945 0.193441 -0.33434 0.394552
0.164613 -0.337265 0.399624 0.192472 -0.334448 0.394724
0.163634 -0.337374 0.399798 0.191502 -0.334557 0.394895
0.162655 -0.337483 0.399972 0.190531 -0.334665 0.395067
0.161676 -0.337592 0.400146 0.189559 -0.334774 0.39524
0.160698 -0.3377 0.40032 0.188586 -0.334883 0.395412
0.159719 -0.337809 0.400494 0.187612 -0.334992 0.395585
0.15874 -0.337918 0.400668 0.186638 -0.335101 0.395757
0.157761 -0.338027 0.400842 0.185663 -0.33521 0.39593
0.156783 -0.338135 0.401016 0.184687 -0.335319 0.396103
0.155804 -0.338244 0.40119 0.183711 -0.335429 0.396276
0.154825 -0.338353 0.401364 0.182735 -0.335538 0.396449
0.153847 -0.338461 0.401538 0.181758 -0.335648 0.396623
0.152868 -0.33857 0.401712 0.18078 -0.335757 0.396796
0.151889 -0.338679 0.401886 0.179802 -0.335866 0.396969
0.15091 -0.338788 0.40206 0.178824 -0.335976 0.397143
0.149932 -0.338896 0.402234 0.177846 -0.336085 0.397316
0.148953 -0.339005 0.402408 0.177356 -0.33614 0.397403
0.147974 -0.339114 0.402582 0.175886 -0.336305 0.397663
0.146995 -0.339223 0.402756 0.174904 -0.336415 0.397837
0.146017 -0.339331 0.40293 0.173922 -0.336525 0.398012
0.145038 -0.33944 0.403104 0.17294 -0.336635 0.398186
0.144059 -0.339549 0.403278 0.171958 -0.336745 0.39836
0.143081 -0.339658 0.403452 0.170976 -0.336854 0.398534
0.142102 -0.339766 0.403626 0.169995 -0.336964 0.398708
0.141123 -0.339875 0.4038 0.169504 -0.337019 0.398795
0.140144 -0.339984 0.403974 0.168033 -0.337183 0.399055
0.139166 -0.340093 0.404148 0.167052 -0.337293 0.399229
0.138187 -0.340201 0.404322 0.166072 -0.337402 0.399403
0.137208 -0.34031 0.404496 0.165091 -0.337512 0.399577
0.13623 -0.340419 0.40467 0.164111 -0.337621 0.399751
0.135251 -0.340528 0.404844 0.163131 -0.337731 0.399924
0.134272 -0.340636 0.405018 0.162151 -0.33784 0.400098
0.133293 -0.340745 0.405192 0.161171 -0.337949 0.400272
0.132315 -0.340854 0.405366 0.160191 -0.338058 0.400445
0.131336 -0.340963 0.40554 0.159212 -0.338168 0.400619
0.130357 -0.341071 0.405714 0.158232 -0.338277 0.400792
0.129378 -0.34118 0.405888 0.157253 -0.338386 0.400966
0.1284 -0.341289 0.406062 0.156273 -0.338495 0.40114
0.127421 -0.341398 0.406236 0.155294 -0.338604 0.401313
0.126442 -0.341506 0.40641 0.154315 -0.338713 0.401487
0.125464 -0.341615 0.406584 0.153335 -0.338822 0.40166
0.124485 -0.341724 0.406758 0.152356 -0.338932 0.401834
0.123506 -0.341833 0.406932 0.151377 -0.339041 0.402007
0.122527 -0.341941 0.407106 0.150398 -0.33915 0.402181
0.121549 -0.34205 0.40728 0.149419 -0.339259 0.402355
0.12057 -0.342159 0.407454 0.14844 -0.339368 0.402528
0.119591 -0.342268 0.407628 0.147461 -0.339477 0.402702
0.118613 -0.342376 0.407802 0.146482 -0.339586 0.402875
0.117634 -0.342485 0.407976 0.145503 -0.339695 0.403049
0.116655 -0.342594 0.40815 0.144524 -0.339804 0.403222
0.115676 -0.342703 0.408324 0.143546 -0.339913 0.403396
0.114698 -0.342811 0.408498 0.142567 -0.340022 0.403569
0.113719 -0.34292 0.408672 0.141589 -0.340131 0.403743
0.11274 -0.343029 0.408846 0.14061 -0.34024 0.403916
0.111761 -0.343138 0.40902 0.139631 -0.340349 0.40409
0.110783 -0.343246 0.409194 0.138653 -0.340458 0.404263
0.109804 -0.343355 0.409368 0.137674 -0.340567 0.404437
0.108825 -0.343464 0.409542 0.136696 -0.340676 0.40461
0.107847 -0.343573 0.409716 0.135718 -0.340785 0.404784
0.106868 -0.343681 0.40989 0.134739 -0.340894 0.404957
0.105889 -0.34379 0.410064 0.133761 -0.341002 0.405131
0.10491 -0.343899 0.410238 0.132782 -0.341111 0.405304
0.103932 -0.344008 0.410412 0.131804 -0.34122 0.405478
0.102953 -0.344116 0.410586 0.130826 -0.341329 0.405651
0.101974 -0.344225 0.41076 0.129847 -0.341438 0.405824
0.100995 -0.344334 0.410934 0.128869 -0.341547 0.405998
0.100017 -0.344443 0.411108 0.127891 -0.341656 0.406171
0.099038 -0.344551 0.411282 0.126912 -0.341765 0.406345
0.0980593 -0.34466 0.411456 0.125934 -0.341874 0.406518
0.0970806 -0.344769 0.41163 0.124956 -0.341983 0.406692
0.0961019 -0.344878 0.411804 0.123978 -0.342092 0.406866
0.0951231 -0.344986 0.411978 0.122999 -0.342201 0.407039
0.0941444 -0.345095 0.412152 0.122021 -0.342309 0.407213
0.0931657 -0.345204 0.412326 0.121043 -0.342418 0.407386
0.092187 -0.345313 0.4125 0.120064 -0.342527 0.40756
0.0912082 -0.345421 0.412674 0.119086 -0.342636 0.407733
0.0902295 -0.34553 0.412848 0.118108 -0.342745 0.407907
0.0892508 -0.345639 0.413022 0.11713 -0.342854 0.40808
0.0882721 -0.345748 0.413196 0.116151 -0.342963 0.408254
0.0872934 -0.345856 0.41337 0.115173 -0.343072 0.408427
0.0863146 -0.345965 0.413544 0.114195 -0.343181 0.408601
0.0853359 -0.346074 0.413718 0.113217 -0.343289 0.408774
0.0843572 -0.346183 0.413892 0.112239 -0.343398 0.408948
0.0833785 -0.346291 0.414066 0.11126 -0.343507 0.409122
0.0823997 -0.3464 0.41424 0.110282 -0.343616 0.409295
0.081421 -0.346509 0.414414 0.109793 -0.34367 0.409382
0.0804423 -0.346618 0.414588 0.108326 -0.343834 0.409642
0.0794636 -0.346726 0.414762 0.107347 -0.343943 0.409816
0.0784848 -0.346835 0.414936 0.106369 -0.344051 0.409989
0.0775061 -0.346944 0.41511 0.105391 -0.34416 0.410163
0.0765274 -0.347053 0.415284 0.104413 -0.344269 0.410337
0.0755487 -0.347161 0.415458 0.103434 -0.344378 0.41051
0.0745699 -0.34727 0.415632 0.102456 -0.344487 0.410684
0.0735912 -0.347379 0.415806 0.101478 -0.344595 0.410857
0.0726125 -0.347487 0.41598 0.1005 -0.344704 0.411031
0.0716338 -0.347596 0.416154 0.0995217 -0.344813 0.411205
0.0706551 -0.347705 0.416328 0.0985435 -0.344922 0.411378
0.0696763 -0.347814 0.416502 0.0975653 -0.345031 0.411552
0.0686976 -0.347922 0.416676 0.0965871 -0.34514 0.411726
0.0677189 -0.348031 0.41685 0.0956089 -0.345248 0.411899
0.0667402 -0.34814 0.417024 0.0946307 -0.345357 0.412073
0.0657614 -0.348249 0.417198 0.0936525 -0.345466 0.412247
0.0647827 -0.348357 0.417372 0.0926743 -0.345575 0.41242
0.063804 -0.348466 0.417546 0.0916961 -0.345683 0.412594
0.0628253 -0.348575 0.41772 0.0907179 -0.345792 0.412768
0.0618465 -0.348684 0.417894 0.0897398 -0.345901 0.412941
0.0608678 -0.348792 0.418068 0.0892507 -0.345955 0.413028
0.0598891 -0.348901 0.418242 0.0872944 -0.346173 0.413376
0.0589104 -0.34901 0.418416 0.0868053 -0.346227 0.413462
0.0579316 -0.349119 0.41859 0.0863162 -0.346282 0.413549
0.0569529 -0.349227 0.418764 0.0829196 -0.346657 0.414152
0.0559742 -0.349336 0.418938 0.0819609 -0.346763 0.414323
0.0549955 -0.349445 0.419112 0.0810055 -0.346868 0.414492
0.0540168 -0.349554 0.419286 0.080055 -0.346972 0.414661
0.053038 -0.349662 0.41946 0.07911 -0.347075 0.414829
0.0520593 -0.349771 0.419634 0.0781695 -0.347178 0.414996
0.0510806 -0.34988 0.419808 0.077233 -0.34728 0.415162
0.0501019 -0.349989 0.419982 0.0762998 -0.347381 0.415328
0.0491231 -0.350097 0.420156 0.0753693 -0.347483 0.415493
0.0481444 -0.350206 0.42033 0.0744409 -0.347584 0.415658
0.0471657 -0.350315 0.420504 0.0735142 -0.347685 0.415823
0.046187 -0.350424 0.420678 0.0725887 -0.347786 0.415987
0.0452082 -0.350532 0.420852 0.0716641 -0.347887 0.416151
0.0442295 -0.350641 0.421026 0.07074 -0.347988 0.416316
0.0432508 -0.35075 0.4212 0.0698161 -0.348089 0.41648
0.0422721 -0.350859 0.421374 0.0688921 -0.34819 0.416644
0.0412933 -0.350967 0.421548 0.0679677 -0.348292 0.416808
0.0403146 -0.351076 0.421722 0.0670429 -0.348393 0.416973
0.0393359 -0.351185 0.421896 0.0661171 -0.348495 0.417137
0.0383572 -0.351294 0.42207 0.0651897 -0.348598 0.417302
0.0373785 -0.351402 0.422244 0.0642607 -0.3487 0.417467
0.0363997 -0.351511 0.422418 0.0633306 -0.348803 0.417632
0.035421 -0.35162 0.422592 0.0623994 -0.348907 0.417798
0.0344423 -0.351729 0.422766 0.0614671 -0.34901 0.417964
0.0334636 -0.351837 0.42294 0.0605336 -0.349114 0.41813
0.0324848 -0.351946 0.423114 0.0595988 -0.349218 0.418296
0.0315061 -0.352055 0.423288 0.0586627 -0.349322 0.418462
0.0305274 -0.352164 0.423462 0.0577253 -0.349426 0.418629
0.0295487 -0.352272 0.423636 0.0567864 -0.349531 0.418796
0.0285699 -0.352381 0.42381 0.0558462 -0.349636 0.418963
0.0275912 -0.35249 0.423984 0.0549045 -0.349741 0.41913
0.0266125 -0.352599 0.424158 0.0539613 -0.349846 0.419298
0.0256338 -0.352707 0.424332 0.0530168 -0.349952 0.419466
0.024655 -0.352816 0.424506 0.0520709 -0.350058 0.419634
0.0236763 -0.352925 0.42468 0.0511235 -0.350164 0.419803
0.0226976 -0.353034 0.424854 0.0506493 -0.350217 0.419887
0.0217189 -0.353142 0.425028 0.0492258 -0.350376 0.42014
0.0207402 -0.353251 0.425202 0.0482789 -0.350482 0.420309
0.0197614 -0.35336 0.425376 0.0473334 -0.350587 0.420477
0.0187827 -0.353469 0.42555 0.0463869 -0.350693 0.420645
0.017804 -0.353577 0.425724 0.0454382 -0.350799 0.420814
0.0168253 -0.353686 0.425898 0.0444874 -0.350905 0.420983
0.0158465 -0.353795 0.426072 0.0435348 -0.351012 0.421152
0.0148678 -0.353904 0.426246 0.0425802 -0.351118 0.421322
0.0138891 -0.354012 0.42642 0.041624 -0.351226 0.421492
0.0129104 -0.354121 0.426594 0.0406661 -0.351333 0.421663
0.0119316 -0.35423 0.426768 0.0397066 -0.35144 0.421833
0.0109529 -0.354339 0.426942 0.0387458 -0.351548 0.422004
0.0099742 -0.354447 0.427116 0.0377835 -0.351656 0.422175
0.00899547 -0.354556 0.42729 0.03682 -0.351764 0.422347
0.00801675 -0.354665 0.427464 0.0358553 -0.351872 0.422518
0.00703803 -0.354774 0.427638 0.0348895 -0.35198 0.42269
0.0060593 -0.354882 0.427812 0.0339227 -0.352088 0.422862
0.00508058 -0.354991 0.427986 0.0329549 -0.352197 0.423035
0.00410186 -0.3551 0.42816 0.0319862 -0.352305 0.423207
0.00312313 -0.355209 0.428334 0.0310166 -0.352414 0.423379
0.00214441 -0.355317 0.428508 0.0300463 -0.352522 0.423552
0.00116569 -0.355426 0.428682 0.0290752 -0.352631 0.423725
0.000186962 -0.355535 0.428856 0.0281035 -0.35274 0.423898
-0.000791762 -0.355644 0.42903 0.0271311 -0.352848 0.424071
-0.00177049 -0.355752 0.429204 0.0261582 -0.352957 0.424244
-0.00274921 -0.355861 0.429378 0.0251847 -0.353066 0.424417
-0.00372793 -0.35597 0.429552 0.0242108 -0.353175 0.424591
-0.00470666 -0.356079 0.429726 0.0232364 -0.353283 0.424764
-0.00568538 -0.356187 0.4299 0.0222615 -0.353392 0.424938
-0.0066641 -0.356296 0.430074 0.0212863 -0.353501 0.425111
-0.00764283 -0.356405 0.430248 0.0203108 -0.35361 0.425285
-0.00862155 -0.356514 0.430422 0.0193349 -0.353718 0.425459
-0.00960027 -0.356622 0.430596 0.0183589 -0.353827 0.425632
-0.010579 -0.356731 0.43077 0.0168956 -0.35399 0.425893
-0.0115577 -0.35684 0.430944 0.0159202 -0.354099 0.426066
-0.0125364 -0.356948 0.431118 0.0149445 -0.354207 0.42624
-0.0135152 -0.357057 0.431292 0.0139691 -0.354316 0.426414
-0.0144939 -0.357166 0.431466 0.0129944 -0.354424 0.426587
-0.0154726 -0.357275 0.43164 0.0120203 -0.354532 0.426761
-0.0164513 -0.357383 0.431814 0.0110466 -0.35464 0.426934
-0.0174301 -0.357492 0.431988 0.0100735 -0.354748 0.427107
-0.0184088 -0.357601 0.432162 0.00910116 -0.354856 0.427281
-0.0193875 -0.35771 0.432336 0.00812951 -0.354964 0.427454
-0.0203662 -0.357818 0.43251 0.0071585 -0.355071 0.427627
-0.021345 -0.357927 0.432684 0.0061881 -0.355178 0.427799
-0.0223237 -0.358036 0.432858 0.00521843 -0.355286 0.427972
-0.0233024 -0.358145 0.433032 0.00425059 -0.355393 0.428144
-0.0242811 -0.358253 0.433206 0.00328549 -0.355499 0.428316
-0.0252598 -0.358362 0.43338 0.00232286 -0.355605 0.428488
-0.0262386 -0.358471 0.433554 0.00136228 -0.355711 0.428659
-0.0272173 -0.35858 0.433728 0.000403501 -0.355817 0.428829
-0.028196 -0.358688 0.433902 -0.000553707 -0.355922 0.429
-0.0291747 -0.358797 0.434076 -0.00150966 -0.356027 0.42917
-0.0301535 -0.358906 0.43425 -0.00246487 -0.356132 0.42934
-0.0311322 -0.359015 0.434424 -0.00342106 -0.356238 0.429511
-0.0321109 -0.359123 0.434597 -0.00437972 -0.356344 0.429681
-0.0330896 -0.359232 0.434771 -0.00486003 -0.356397 0.429767
-0.0340684 -0.359341 0.434945 -0.00630474 -0.356557 0.430024
-0.0350471 -0.35945 0.435119 -0.0072709 -0.356664 0.430196
-0.0360258 -0.359558 0.435293 -0.00775485 -0.356718 0.430283
-0.0370045 -0.359667 0.435467 -0.00872432 -0.356826 0.430455
-0.0379833 -0.359776 0.435641 -0.0101819 -0.356988 0.430715
-0.038962 -0.359885 0.435815 -0.0111557 -0.357097 0.430889
-0.0399407 -0.359993 0.435989 -0.012131 -0.357205 0.431062
-0.0409194 -0.360102 0.436163 -0.0131075 -0.357314 0.431237
-0.0418981 -0.360211 0.436337 -0.0140851 -0.357423 0.431411
-0.0428769 -0.36032 0.436511 -0.0150637 -0.357533 0.431585
-0.0438556 -0.360428 0.436685 -0.0155533 -0.357587 0.431672
-0.0448343 -0.360537 0.436859 -0.0170235 -0.357751 0.431935
-0.045813 -0.360646 0.437033 -0.0180045 -0.357861 0.432109
-0.0467918 -0.360755 0.437207 -0.018986 -0.35797 0.432284
-0.0477705 -0.360863 0.437381 -0.0199682 -0.35808 0.43246
-0.0487492 -0.360972 0.437555 -0.0204594 -0.358135 0.432547
-0.0497279 -0.361081 0.437729 -0.0214423 -0.358244 0.432722
-0.0507067 -0.36119 0.437903 -0.0219339 -0.358299 0.43281
-0.0516854 -0.361298 0.438077 -0.0239014 -0.358518 0.433161
-0.0526641 -0.361407 0.438251 -0.0248859 -0.358628 0.433336
-0.0536428 -0.361516 0.438425 -0.0258708 -0.358738 0.433512
-0.0546216 -0.361625 0.438599 -0.0263633 -0.358793 0.4336
-0.0556003 -0.361733 0.438773 -0.0273485 -0.358903 0.433775
-0.056579 -0.361842 0.438947 -0.0283336 -0.359012 0.433951
-0.0575577 -0.361951 0.439121 -0.029811 -0.359177 0.434214
-0.0585364 -0.36206 0.439295 -0.0303034 -0.359231 0.434302
-0.0595152 -0.362168 0.439469 -0.0312882 -0.359341 0.434478
-0.0604939 -0.362277 0.439643 -0.0327653 -0.359505 0.434741
-0.0614726 -0.362386 0.439817 -0.0337499 -0.359614 0.434917
-0.0624513 -0.362495 0.439991 -0.0347342 -0.359724 0.435092
-0.0634301 -0.362603 0.440165 -0.0352262 -0.359778 0.43518
-0.0644088 -0.362712 0.440339 -0.03621 -0.359888 0.435355
-0.0653875 -0.362821 0.440513 -0.0376851 -0.360051 0.435618
-0.0663662 -0.36293 0.440687 -0.0381767 -0.360106 0.435706
-0.067345 -0.363038 0.440861 -0.0396513 -0.360269 0.435969
-0.0683237 -0.363147 0.441035 -0.0401428 -0.360324 0.436056
-0.0693024 -0.363256 0.441209 -0.0416172 -0.360487 0.436319
-0.0702811 -0.363365 0.441383 -0.0421085 -0.360542 0.436407
-0.0712599 -0.363473 0.441557 -0.0430911 -0.360651 0.436582
-0.0722386 -0.363582 0.441731 -0.0440735 -0.36076 0.436757
-0.0732173 -0.363691 0.441905 -0.0450559 -0.360869 0.436932
-0.074196 -0.3638 0.442079 -0.0460383 -0.360978 0.437108
-0.0751747 -0.363908 0.442253 -0.0470208 -0.361086 0.437283
-0.0761535 -0.364017 0.442427 -0.0480033 -0.361195 0.437458
-0.0771322 -0.364126 0.442601 -0.0489858 -0.361304 0.437633
-0.0781109 -0.364235 0.442775 -0.0499684 -0.361413 0.437808
-0.0790896 -0.364343 0.442949 -0.050951 -0.361522 0.437984
-0.0800684 -0.364452 0.443123 -0.0519335 -0.361631 0.438159
-0.0810471 -0.364561 0.443297 -0.0529161 -0.36174 0.438334
-0.0820258 -0.36467 0.443471 -0.0538986 -0.361849 0.438509
-0.0830045 -0.364778 0.443645 -0.0548811 -0.361958 0.438684
-0.0839833 -0.364887 0.443819 -0.0558635 -0.362067 0.43886
-0.084962 -0.364996 0.443993 -0.0568452 -0.362176 0.439035
-0.0859407 -0.365105 0.444167 -0.0578264 -0.362284 0.43921
-0.0869194 -0.365213 0.444341 -0.0588076 -0.362393 0.439385
-0.0878982 -0.365322 0.444515 -0.0597888 -0.362502 0.43956
-0.0888769 -0.365431 0.444689 -0.0607701 -0.362611 0.439735
-0.0898556 -0.36554 0.444863 -0.0617514 -0.362719 0.43991
-0.0908343 -0.365648 0.445037 -0.0627327 -0.362828 0.440085
-0.091813 -0.365757 0.445211 -0.063714 -0.362937 0.44026
-0.0927918 -0.365866 0.445385 -0.0646954 -0.363046 0.440435
-0.0937705 -0.365974 0.445559 -0.0656766 -0.363154 0.44061
-0.0947492 -0.366083 0.445733 -0.0666579 -0.363263 0.440785
-0.0957279 -0.366192 0.445907 -0.0676391 -0.363372 0.44096
-0.0967067 -0.366301 0.446081 -0.0681297 -0.363426 0.441047
-0.0976854 -0.366409 0.446255 -0.0696013 -0.36359 0.44131
-0.0986641 -0.366518 0.446429 -0.0705823 -0.363698 0.441485
-0.0996428 -0.366627 0.446603 -0.0715633 -0.363807 0.44166
-0.100622 -0.366736 0.446777 -0.0725441 -0.363916 0.441835
-0.1016 -0.366844 0.446951 -0.0735249 -0.364025 0.44201
-0.102579 -0.366953 0.447125 -0.0745056 -0.364133 0.442185
-0.103558 -0.367062 0.447299 -0.0754862 -0.364242 0.442359
-0.104536 -0.367171 0.447473 -0.0764667 -0.364351 0.442534
-0.105515 -0.367279 0.447647 -0.0774471 -0.36446 0.442709
-0.106494 -0.367388 0.447821 -0.0784274 -0.364568 0.442884
-0.107473 -0.367497 0.447995 -0.0794076 -0.364677 0.443059
-0.108451 -0.367606 0.448169 -0.0803878 -0.364786 0.443234
-0.10943 -0.367714 0.448343 -0.0813678 -0.364894 0.443409
-0.110409 -0.367823 0.448517 -0.0823478 -0.365003 0.443583
-0.111388 -0.367932 0.448691 -0.0828378 -0.365057 0.443671
-0.112366 -0.368041 0.448865 -0.0843075 -0.36522 0.443933
-0.113345 -0.368149 0.449039 -0.0852872 -0.365329 0.444108
-0.114324 -0.368258 0.449213 -0.0862669 -0.365438 0.444283
-0.115302 -0.368367 0.449387 -0.0872464 -0.365546 0.444457
-0.116281 -0.368476 0.449561 -0.0882259 -0.365655 0.444632
-0.11726 -0.368584 0.449735 -0.0892053 -0.365763 0.444807
-0.118239 -0.368693 0.449909 -0.0901847 -0.365872 0.444981
-0.119217 -0.368802 0.450083 -0.091164 -0.365981 0.445156
-0.120196 -0.368911 0.450257 -0.0921432 -0.366089 0.445331
-0.121175 -0.369019 0.450431 -0.0931224 -0.366198 0.445505
-0.122153 -0.369128 0.450605 -0.0941015 -0.366306 0.44568
-0.123132 -0.369237 0.450779 -0.0950805 -0.366415 0.445855
-0.124111 -0.369346 0.450953 -0.0960595 -0.366524 0.446029
-0.12509 -0.369454 0.451127 -0.0970385 -0.366632 0.446204
-0.126068 -0.369563 0.451301 -0.0980174 -0.366741 0.446379
-0.127047 -0.369672 0.451475 -0.0989962 -0.366849 0.446553
-0.128026 -0.369781 0.451649 -0.099975 -0.366958 0.446728
-0.129005 -0.369889 0.451823 -0.100954 -0.367066 0.446902
-0.129983 -0.369998 0.451997 -0.101933 -0.367175 0.447077
-0.130962 -0.370107 0.452171 -0.102911 -0.367284 0.447252
-0.131941 -0.370216 0.452345 -0.10389 -0.367392 0.447426
-0.132919 -0.370324 0.452519 -0.104868 -0.367501 0.447601
-0.133898 -0.370433 0.452693 -0.105847 -0.367609 0.447775
-0.134877 -0.370542 0.452867 -0.106826 -0.367718 0.44795
-0.135856 -0.370651 0.453041 -0.107804 -0.367826 0.448124
-0.136834 -0.370759 0.453215 -0.108783 -0.367935 0.448299
-0.137813 -0.370868 0.453389 -0.109761 -0.368043 0.448474
-0.138792 -0.370977 0.453563 -0.11074 -0.368152 0.448648
-0.139771 -0.371086 0.453737 -0.111718 -0.368261 0.448823
-0.140749 -0.371194 0.453911 -0.112697 -0.368369 0.448997
-0.141728 -0.371303 0.454085 -0.113675 -0.368478 0.449172
-0.142707 -0.371412 0.454259 -0.114653 -0.368586 0.449346
-0.143685 -0.371521 0.454433 -0.115632 -0.368695 0.449521
-0.144664 -0.371629 0.454607 -0.11661 -0.368803 0.449695
-0.145643 -0.371738 0.454781 -0.117589 -0.368912 0.44987
-0.146622 -0.371847 0.454955 -0.118567 -0.369021 0.450044
-0.1476 -0.371956 0.455129 -0.119545 -0.369129 0.450219
-0.148579 -0.372064 0.455303 -0.120524 -0.369238 0.450393
-0.149558 -0.372173 0.455477 -0.121502 -0.369346 0.450568
-0.150536 -0.372282 0.455651 -0.12248 -0.369455 0.450742
-0.151515 -0.372391 0.455825 -0.123459 -0.369563 0.450917
-0.152494 -0.372499 0.455999 -0.124437 -0.369672 0.451091
-0.153473 -0.372608 0.456173 -0.125416 -0.369781 0.451266
-0.154451 -0.372717 0.456347 -0.126395 -0.369889 0.451441
-0.15543 -0.372826 0.456521 -0.127374 -0.369998 0.451615
-0.156409 -0.372934 0.456695 -0.128352 -0.370107 0.45179
-0.157388 -0.373043 0.456869 -0.129331 -0.370215 0.451964
-0.158366 -0.373152 0.457043 -0.13031 -0.370324 0.452139
-0.159345 -0.373261 0.457217 -0.131289 -0.370433 0.452314
-0.160324 -0.373369 0.457391 -0.132267 -0.370541 0.452488
-0.161302 -0.373478 0.457565 -0.133246 -0.37065 0.452663
-0.162281 -0.373587 0.457739 -0.134224 -0.370758 0.452837
-0.16326 -0.373696 0.457913 -0.135203 -0.370867 0.453012
-0.164239 -0.373804 0.458087 -0.136181 -0.370976 0.453186
-0.165217 -0.373913 0.458261 -0.13716 -0.371084 0.453361
-0.166196 -0.374022 0.458435 -0.138138 -0.371193 0.453535
-0.167175 -0.374131 0.458609 -0.139116 -0.371301 0.45371
-0.168153 -0.374239 0.458783 -0.140095 -0.37141 0.453884
-0.169132 -0.374348 0.458957 -0.141073 -0.371518 0.454059
-0.170111 -0.374457 0.459131 -0.142051 -0.371627 0.454233
-0.17109 -0.374566 0.459305 -0.14303 -0.371736 0.454408
-0.172068 -0.374674 0.459479 -0.144008 -0.371844 0.454582
-0.173047 -0.374783 0.459653 -0.144986 -0.371953 0.454757
-0.174026 -0.374892 0.459827 -0.145965 -0.372061 0.454931
-0.175005 -0.375001 0.460001 -0.146943 -0.37217 0.455106
-0.175983 -0.375109 0.460175 -0.147921 -0.372278 0.45528
-0.176962 -0.375218 0.460349 -0.148899 -0.372387 0.455455
-0.177941 -0.375327 0.460523 -0.149878 -0.372496 0.455629
-0.178919 -0.375435 0.460697 -0.150856 -0.372604 0.455804
-0.179898 -0.375544 0.460871 -0.151834 -0.372713 0.455978
-0.180877 -0.375653 0.461045 -0.152812 -0.372821 0.456152
-0.181856 -0.375762 0.461219 -0.153791 -0.37293 0.456327
-0.182834 -0.37587 0.461393 -0.154769 -0.373038 0.456501
-0.183813 -0.375979 0.461567 -0.155747 -0.373147 0.456676
-0.184792 -0.376088 0.461741 -0.156726 -0.373256 0.45685
-0.185771 -0.376197 0.461915 -0.157704 -0.373364 0.457025
-0.186749 -0.376305 0.462089 -0.158682 -0.373473 0.457199
-0.187728 -0.376414 0.462263 -0.15966 -0.373581 0.457374
-0.188707 -0.376523 0.462437 -0.160639 -0.37369 0.457548
-0.189685 -0.376632 0.462611 -0.161617 -0.373798 0.457723
-0.190664 -0.37674 0.462785 -0.162595 -0.373907 0.457897
-0.191643 -0.376849 0.462959 -0.163574 -0.374016 0.458071
-0.192622 -0.376958 0.463133 -0.164552 -0.374124 0.458246
-0.1936 -0.377067 0.463307 -0.16553 -0.374233 0.45842
-0.194579 -0.377175 0.463481 -0.166509 -0.374341 0.458595
-0.195558 -0.377284 0.463655 -0.167487 -0.37445 0.458769
-0.196536 -0.377393 0.463829 -0.168465 -0.374559 0.458944
-0.197515 -0.377502 0.464003 -0.169444 -0.374667 0.459118
-0.198494 -0.37761 0.464177 -0.170422 -0.374776 0.459293
-0.199473 -0.377719 0.464351 -0.171401 -0.374884 0.459467
-0.200451 -0.377828 0.464525 -0.172379 -0.374993 0.459642
-0.20143 -0.377937 0.464699 -0.173358 -0.375102 0.459816
-0.202409 -0.378045 0.464873 -0.173847 -0.375156 0.459903
-0.203388 -0.378154 0.465047 -0.175315 -0.375319 0.460165
-0.204366 -0.378263 0.465221 -0.176293 -0.375427 0.46034
-0.205345 -0.378372 0.465395 -0.177272 -0.375536 0.460514
-0.206324 -0.37848 0.465569 -0.17825 -0.375645 0.460688
-0.207302 -0.378589 0.465743 -0.179229 -0.375753 0.460863
-0.208281 -0.378698 0.465917 -0.180207 -0.375862 0.461037
-0.20926 -0.378807 0.466091 -0.181186 -0.37597 0.461212
-0.210239 -0.378915 0.466265 -0.182165 -0.376079 0.461386
-0.211217 -0.379024 0.466439 -0.183143 -0.376188 0.461561
-0.212196 -0.379133 0.466613 -0.184122 -0.376296 0.461735
-0.213175 -0.379242 0.466787 -0.1851 -0.376405 0.46191
-0.214153 -0.37935 0.466961 -0.186079 -0.376514 0.462084
-0.215132 -0.379459 0.467135 -0.187058 -0.376622 0.462259
-0.216111 -0.379568 0.467309 -0.188036 -0.376731 0.462433
-0.21709 -0.379677 0.467483 -0.189015 -0.376839 0.462608
-0.218068 -0.379785 0.467657 -0.189993 -0.376948 0.462782
-0.219047 -0.379894 0.467831 -0.190972 -0.377057 0.462956
-0.220026 -0.380003 0.468005 -0.191951 -0.377165 0.463131
-0.221005 -0.380112 0.468179 -0.192929 -0.377274 0.463305
-0.221983 -0.38022 0.468353 -0.193907 -0.377382 0.46348
-0.222962 -0.380329 0.468527 -0.194886 -0.377491 0.463654
-0.223941 -0.380438 0.468701 -0.195864 -0.3776 0.463828
-0.224919 -0.380547 0.468875 -0.196843 -0.377708 0.464003
-0.225898 -0.380655 0.469049 -0.197821 -0.377817 0.464177
-0.226877 -0.380764 0.469223 -0.1988 -0.377925 0.464352
-0.227856 -0.380873 0.469397 -0.199778 -0.378034 0.464526
-0.228834 -0.380982 0.469571 -0.200757 -0.378143 0.4647
-0.229813 -0.38109 0.469745 -0.201735 -0.378251 0.464875
-0.230792 -0.381199 0.469919 -0.202714 -0.37836 0.465049
-0.231771 -0.381308 0.470093 -0.203692 -0.378468 0.465224
-0.232749 -0.381417 0.470267 -0.204671 -0.378577 0.465398
-0.233728 -0.381525 0.470441 -0.205652 -0.378686 0.465573
-0.234707 -0.381634 0.470615 -0.206633 -0.378795 0.465748
-0.235685 -0.381743 0.470789 -0.207615 -0.378904 0.465923
-0.236664 -0.381852 0.470963 -0.208596 -0.379013 0.466098
-0.237643 -0.38196 0.471137 -0.209577 -0.379122 0.466273
-0.238622 -0.382069 0.471311 -0.210558 -0.379231 0.466448
-0.2396 -0.382178 0.471484 -0.211539 -0.37934 0.466623
-0.240579 -0.382287 0.471658 -0.212519 -0.379449 0.466797
-0.241558 -0.382395 0.471832 -0.213499 -0.379558 0.466972
-0.242536 -0.382504 0.472006 -0.214479 -0.379667 0.467147
-0.243515 -0.382613 0.47218 -0.215458 -0.379775 0.467321
-0.244494 -0.382722 0.472354 -0.216438 -0.379884 0.467496
-0.245473 -0.38283 0.472528 -0.217417 -0.379993 0.46767
-0.246451 -0.382939 0.472702 -0.218396 -0.380101 0.467845
-0.24743 -0.383048 0.472876 -0.219375 -0.38021 0.468019
-0.248409 -0.383157 0.47305 -0.220354 -0.380318 0.468194
-0.249388 -0.383265 0.473224 -0.221333 -0.380427 0.468368
-0.250366 -0.383374 0.473398 -0.222312 -0.380536 0.468542
-0.251345 -0.383483 0.473572 -0.223291 -0.380644 0.468717
-0.252324 -0.383592 0.473746 -0.224269 -0.380753 0.468891
-0.253302 -0.3837 0.47392 -0.225248 -0.380861 0.469065
-0.254281 -0.383809 0.474094 -0.226226 -0.38097 0.46924
-0.25526 -0.383918 0.474268 -0.227205 -0.381078 0.469414
-0.256239 -0.384027 0.474442 -0.228183 -0.381187 0.469588
-0.257217 -0.384135 0.474616 -0.229162 -0.381296 0.469763
-0.258196 -0.384244 0.47479 -0.23014 -0.381404 0.469937
-0.259175 -0.384353 0.474964 -0.231118 -0.381513 0.470111
-0.260153 -0.384461 0.475138 -0.232097 -0.381621 0.470286
-0.261132 -0.38457 0.475312 -0.233075 -0.38173 0.47046
-0.262111 -0.384679 0.475486 -0.234054 -0.381838 0.470634
-0.26309 -0.384788 0.47566 -0.235032 -0.381947 0.470809
-0.264068 -0.384896 0.475834 -0.23601 -0.382055 0.470983
-0.265047 -0.385005 0.476008 -0.236989 -0.382164 0.471157
-0.266026 -0.385114 0.476182 -0.237967 -0.382273 0.471332
-0.267005 -0.385223 0.476356 -0.238945 -0.382381 0.471506
-0.267983 -0.385331 0.47653 -0.239924 -0.38249 0.47168
-0.268962 -0.38544 0.476704 -0.240902 -0.382598 0.471854
-0.269941 -0.385549 0.476878 -0.241881 -0.382707 0.472029
-0.270919 -0.385658 0.477052 -0.242859 -0.382815 0.472203
-0.271898 -0.385766 0.477226 -0.243838 -0.382924 0.472377
-0.272877 -0.385875 0.4774 -0.244816 -0.383033 0.472552
-0.273856 -0.385984 0.477574 -0.245795 -0.383141 0.472726
-0.274834 -0.386093 0.477748 -0.246773 -0.38325 0.4729
-0.275813 -0.386201 0.477922 -0.247752 -0.383359 0.473075
-0.276792 -0.38631 0.478096 -0.24873 -0.383467 0.473249
-0.277771 -0.386419 0.47827 -0.249709 -0.383576 0.473423
-0.278749 -0.386528 0.478444 -0.250687 -0.383684 0.473598
-0.279728 -0.386636 0.478618 -0.251666 -0.383793 0.473772
-0.280707 -0.386745 0.478792 -0.252644 -0.383902 0.473946
-0.281685 -0.386854 0.478966 -0.253134 -0.383956 0.474034
-0.282664 -0.386963 0.47914 -0.254602 -0.384119 0.474295
-0.283643 -0.387071 0.479314 -0.25558 -0.384228 0.474469
-0.284622 -0.38718 0.479488 -0.25607 -0.384282 0.474557
-0.2856 -0.387289 0.479662 -0.256559 -0.384336 0.474644
-0.286579 -0.387398 0.479836 -0.258517 -0.384553 0.474993
-0.287558 -0.387506 0.48001 -0.259495 -0.384662 0.475167
-0.288536 -0.387615 0.480184 -0.260474 -0.384771 0.475341
-0.289515 -0.387724 0.480358 -0.261453 -0.384879 0.475516
-0.290494 -0.387833 0.480532 -0.262432 -0.384988 0.47569
-0.291473 -0.387941 0.480706 -0.263411 -0.385097 0.475864
-0.292451 -0.38805 0.48088 -0.264389 -0.385205 0.476039
-0.29343 -0.388159 0.481054 -0.265368 -0.385314 0.476213
-0.294409 -0.388268 0.481228 -0.266347 -0.385423 0.476387
-0.295388 -0.388376 0.481402 -0.267326 -0.385531 0.476562
-0.296366 -0.388485 0.481576 -0.268305 -0.38564 0.476736
-0.297345 -0.388594 0.48175 -0.269284 -0.385749 0.47691
-0.298324 -0.388703 0.481924 -0.270262 -0.385857 0.477085
-0.299302 -0.388811 0.482098 -0.271241 -0.385966 0.477259
-0.300281 -0.38892 0.482272 -0.27222 -0.386075 0.477433
-0.30126 -0.389029 0.482446 -0.273199 -0.386183 0.477608
-0.302239 -0.389138 0.48262 -0.274178 -0.386292 0.477782
-0.303217 -0.389246 0.482794 -0.275157 -0.386401 0.477957
-0.304196 -0.389355 0.482968 -0.276136 -0.386509 0.478131
-0.305175 -0.389464 0.483142 -0.277115 -0.386618 0.478305
-0.306153 -0.389573 0.483316 -0.278094 -0.386727 0.47848
-0.307132 -0.389681 0.48349 -0.279072 -0.386835 0.478654
-0.308111 -0.38979 0.483664 -0.280051 -0.386944 0.478828
-0.30909 -0.389899 0.483838 -0.28103 -0.387053 0.479003
-0.310068 -0.390008 0.484012 -0.282009 -0.387161 0.479177
-0.311047 -0.390116 0.484186 -0.282988 -0.38727 0.479351
-0.312026 -0.390225 0.48436 -0.283967 -0.387379 0.479526
-0.313005 -0.390334 0.484534 -0.284946 -0.387487 0.4797
-0.313983 -0.390443 0.484708 -0.285436 -0.387542 0.479787
-0.314962 -0.390551 0.484882 -0.286904 -0.387705 0.480049
-0.315941 -0.39066 0.485056 -0.287883 -0.387814 0.480223
-0.316919 -0.390769 0.48523 -0.288862 -0.387922 0.480398
-0.317898 -0.390878 0.485404 -0.289841 -0.388031 0.480572
-0.318877 -0.390986 0.485578 -0.290821 -0.38814 0.480746
-0.319856 -0.391095 0.485752 -0.2918 -0.388248 0.480921
-0.320834 -0.391204 0.485926 -0.292779 -0.388357 0.481095
-0.321813 -0.391313 0.4861 -0.293758 -0.388466 0.481269
-0.322792 -0.391421 0.486274 -0.294247 -0.38852 0.481357
-0.323771 -0.39153 0.486448 -0.295716 -0.388683 0.481618
-0.324749 -0.391639 0.486622 -0.296695 -0.388792 0.481793
-0.325728 -0.391748 0.486796 -0.297674 -0.388901 0.481967
-0.326707 -0.391856 0.48697 -0.298653 -0.389009 0.482141
-0.327685 -0.391965 0.487144 -0.299633 -0.389118 0.482316
-0.328664 -0.392074 0.487318 -0.300612 -0.389227 0.48249
-0.329643 -0.392183 0.487492 -0.301591 -0.389335 0.482664
-0.330622 -0.392291 0.487666 -0.302081 -0.38939 0.482752
-0.3316 -0.3924 0.48784 -0.303549 -0.389553 0.483013
-0.332579 -0.392509 0.488014 -0.304528 -0.389662 0.483187
-0.333558 -0.392618 0.488188 -0.305508 -0.38977 0.483362
-0.334536 -0.392726 0.488362 -0.306487 -0.389879 0.483536
-0.335515 -0.392835 0.488536 -0.307466 -0.389988 0.483711
-0.336494 -0.392944 0.48871 -0.308445 -0.390096 0.483885
-0.337473 -0.393053 0.488884 -0.309424 -0.390205 0.484059
-0.338451 -0.393161 0.489058 -0.310403 -0.390314 0.484234
-0.33943 -0.39327 0.489232 -0.311382 -0.390423 0.484408
-0.340409 -0.393379 0.489406 -0.312362 -0.390531 0.484582
-0.341388 -0.393488 0.48958 -0.313341 -0.39064 0.484757
-0.342366 -0.393596 0.489754 -0.31432 -0.390749 0.484931
-0.343345 -0.393705 0.489928 -0.315299 -0.390857 0.485105
-0.344324 -0.393814 0.490102 -0.316278 -0.390966 0.48528
-0.345302 -0.393922 0.490276 -0.317257 -0.391075 0.485454
-0.346281 -0.394031 0.49045 -0.318236 -0.391184 0.485628
-0.34726 -0.39414 0.490624 -0.319216 -0.391292 0.485803
-0.348239 -0.394249 0.490798 -0.320194 -0.391401 0.485977
-0.349217 -0.394357 0.490972 -0.321169 -0.391509 0.48615
-0.350196 -0.394466 0.491146 -0.322142 -0.391617 0.486323
-0.351175 -0.394575 0.49132 -0.323114 -0.391724 0.486496
-0.352154 -0.394684 0.491494 -0.324088 -0.391832 0.48667
-0.353132 -0.394792 0.491668 -0.325061 -0.39194 0.486843
-0.354111 -0.394901 0.491842 -0.326034 -0.392048 0.487016
-0.35509 -0.39501 0.492016 -0.327008 -0.392156 0.487189
-0.356068 -0.395119 0.49219 -0.327983 -0.392264 0.487363
-0.357047 -0.395227 0.492364 -0.328958 -0.392372 0.487536
-0.358026 -0.395336 0.492538 -0.329934 -0.39248 0.48771
-0.359005 -0.395445 0.492712 -0.330911 -0.392589 0.487884
-0.359983 -0.395554 0.492886 -0.331888 -0.392698 0.488058
-0.360962 -0.395662 0.49306 -0.332866 -0.392806 0.488232
-0.361941 -0.395771 0.493234 -0.333844 -0.392915 0.488406
-0.362919 -0.39588 0.493408 -0.334822 -0.393024 0.488581
-0.363898 -0.395989 0.493582 -0.335801 -0.393133 0.488755
-0.364877 -0.396097 0.493756 -0.33678 -0.393241 0.48893
-0.365856 -0.396206 0.49393 -0.337759 -0.39335 0.489104
-0.366834 -0.396315 0.494104 -0.338739 -0.393459 0.489279
-0.367813 -0.396424 0.494278 -0.339719 -0.393568 0.489453
-0.368792 -0.396532 0.494452 -0.340208 -0.393623 0.48954
-0.369771 -0.396641 0.494626 -0.341679 -0.393786 0.489802
-0.370749 -0.39675 0.4948 -0.342659 -0.393895 0.489977
-0.371728 -0.396859 0.494974 -0.343639 -0.394004 0.490152
-0.372707 -0.396967 0.495148 -0.34462 -0.394113 0.490326
-0.373685 -0.397076 0.495322 -0.3456 -0.394222 0.490501
-0.374664 -0.397185 0.495496 -0.346581 -0.394331 0.490676
-0.375643 -0.397294 0.49567 -0.347561 -0.39444 0.49085
-0.376622 -0.397402 0.495844 -0.348542 -0.394549 0.491025
-0.3776 -0.397511 0.496018 -0.349523 -0.394658 0.491199
-0.378579 -0.39762 0.496192 -0.350504 -0.394768 0.491374
-0.379558 -0.397729 0.496366 -0.351484 -0.394877 0.491549
-0.380536 -0.397837 0.49654 -0.352465 -0.394986 0.491723
-0.381515 -0.397946 0.496714 -0.353446 -0.395095 0.491898
-0.382494 -0.398055 0.496888 -0.354427 -0.395204 0.492073
-0.383473 -0.398164 0.497062 -0.355408 -0.395313 0.492247
-0.384451 -0.398272 0.497236 -0.356389 -0.395422 0.492422
-0.38543 -0.398381 0.49741 -0.35737 -0.395531 0.492597
-0.386409 -0.39849 0.497584 -0.358351 -0.39564 0.492772
-0.387388 -0.398599 0.497758 -0.359332 -0.395749 0.492946
-0.388366 -0.398707 0.497932 -0.360312 -0.395858 0.493121
-0.389345 -0.398816 0.498106 -0.361293 -0.395967 0.493296
-0.390324 -0.398925 0.49828 -0.361784 -0.396021 0.493383
-0.391302 -0.399034 0.498454 -0.363255 -0.396185 0.493645
-0.392281 -0.399142 0.498628 -0.364236 -0.396294 0.493819
-0.39326 -0.399251 0.498802 -0.365216 -0.396403 0.493994
-0.394239 -0.39936 0.498976 -0.366197 -0.396512 0.494169
-0.395217 -0.399469 0.49915 -0.367177 -0.396621 0.494343
-0.396196 -0.399577 0.499324 -0.368158 -0.39673 0.494518
-0.397175 -0.399686 0.499498 -0.369138 -0.396838 0.494692
-0.398154 -0.399795 0.499672 -0.370119 -0.396947 0.494867
-0.399132 -0.399904 0.499846 -0.371099 -0.397056 0.495041
-0.400111 -0.400012 0.50002 -0.372079 -0.397165 0.495216
-0.399132 -0.399904 0.499846 -0.37306 -0.397274 0.49539
-0.400111 -0.400012 0.50002 -0.37404 -0.397383 0.495565
-0.399132 -0.399904 0.499846 -0.37502 -0.397492 0.495739
-0.400111 -0.400012 0.50002 -0.375999 -0.397601 0.495914
-0.399132 -0.399904 0.499846 -0.376487 -0.397655 0.496
-0.400111 -0.400012 0.50002 -0.377944 -0.397816 0.496259
-0.399132 -0.399904 0.499846 -0.378904 -0.397921 0.496429
-0.400111 -0.400012 0.50002 -0.37985 -0.398025 0.496597
-0.399132 -0.399904 0.499846 -0.380781 -0.398126 0.496761
-0.400111 -0.400012 0.50002 -0.381693 -0.398224 0.496921
-0.399132 -0.399904 0.499846 -0.382584 -0.398319 0.497077
-0.400111 -0.400012 0.50002 -0.383454 -0.398411 0.497228
-0.399132 -0.399904 0.499846 -0.38388 -0.398455 0.497302
-0.400111 -0.400012 0.50002 -0.385121 -0.398584 0.497517
-0.399132 -0.399904 0.499846 -0.385916 -0.398666 0.497654
-0.400111 -0.400012 0.50002 -0.386685 -0.398744 0.497786
-0.399132 -0.399904 0.499846 -0.387427 -0.398818 0.497912
-0.400111 -0.400012 0.50002 -0.388142 -0.39889 0.498034
-0.399132 -0.399904 0.499846 -0.38883 -0.398957 0.498151
-0.400111 -0.400012 0.50002 -0.38949 -0.399022 0.498262
-0.399132 -0.399904 0.499846 -0.390123 -0.399083 0.498368
-0.400111 -0.400012 0.50002 -0.390729 -0.399141 0.49847
-0.399132 -0.399904 0.499846 -0.391308 -0.399197 0.498567
-0.400111 -0.400012 0.50002 -0.391861 -0.399249 0.498659
-0.399132 -0.399904 0.499846 -0.392642 -0.399322 0.498788
-0.400111 -0.400012 0.50002 -0.393131 -0.399367 0.498869
-0.399132 -0.399904 0.499846 -0.393596 -0.39941 0.498946
-0.400111 -0.400012 0.50002 -0.394037 -0.399451 0.499019
-0.399132 -0.399904 0.499846 -0.394454 -0.399489 0.499087
-0.400111 -0.400012 0.50002 -0.394848 -0.399525 0.499152
-0.399132 -0.399904 0.499846 -0.395218 -0.399558 0.499212
-0.400111 -0.400012 0.50002 -0.395564 -0.399589 0.499269
-0.399132 -0.399904 0.499846 -0.395886 -0.399617 0.499321
-0.400111 -0.400012 0.50002 -0.396185 -0.399644 0.49937
-0.399132 -0.399904 0.499846 -0.396464 -0.399668 0.499415
-0.400111 -0.400012 0.50002 -0.396722 -0.399691 0.499456
-0.399132 -0.399904 0.499846 -0.396962 -0.399712 0.499495
-0.400111 -0.400012 0.50002 -0.397184 -0.399731 0.499531
-0.399132 -0.399904 0.499846 -0.39739 -0.399748 0.499564
-0.400111 -0.400012 0.50002 -0.397581 -0.399765 0.499595
-0.399132 -0.399904 0.499846 -0.397757 -0.39978 0.499623
-0.400111 -0.400012 0.50002 -0.397919 -0.399794 0.499649
-0.399132 -0.399904 0.499846 -0.398069 -0.399806 0.499673
-0.400111 -0.400012 0.50002 -0.398206 -0.399818 0.499694
-0.399132 -0.399904 0.499846 -0.398331 -0.399829 0.499714
-0.400111 -0.400012 0.50002 -0.398446 -0.399838 0.499733
-0.399132 -0.399904 0.499846 -0.398553 -0.399847 0.49975
-0.400111 -0.400012 0.50002 -0.398652 -0.399856 0.499766
-0.399132 -0.399904 0.499846 -0.398744 -0.399864 0.499781
-0.400111 -0.400012 0.50002 -0.398828 -0.399871 0.499794
-0.399132 -0.399904 0.499846 -0.398866 -0.399874 0.4998
-0.400111 -0.400012 0.50002 -0.39897 -0.399883 0.499817
-0.399132 -0.399904 0.499846 -0.399002 -0.399886 0.499822
-0.400111 -0.400012 0.50002 -0.399093 -0.399894 0.499837
