0.498357 -0.300183 0.340292 0.499335 -0.300074 0.340119
0.497379 -0.300291 0.340466 0.499335 -0.300074 0.340119
0.4964 -0.3004 0.34064 0.499335 -0.300074 0.340119
0.495421 -0.300509 0.340814 0.499333 -0.300074 0.340119
0.494442 -0.300618 0.340988 0.499329 -0.300075 0.34012
0.493464 -0.300726 0.341162 0.499324 -0.300075 0.340121
0.492485 -0.300835 0.341336 0.499293 -0.300079 0.340126
0.491506 -0.300944 0.34151 0.499256 -0.300083 0.340133
0.490527 -0.301053 0.341684 0.499201 -0.300089 0.340143
0.489549 -0.301161 0.341858 0.499128 -0.300098 0.340156
0.48857 -0.30127 0.342032 0.499033 -0.300108 0.340173
0.487591 -0.301379 0.342206 0.498916 -0.300122 0.340194
0.486613 -0.301487 0.34238 0.498779 -0.300138 0.340219
0.485634 -0.301596 0.342554 0.498617 -0.300156 0.340249
0.484655 -0.301705 0.342728 0.49843 -0.300178 0.340283
0.483676 -0.301814 0.342902 0.498215 -0.300203 0.340323
0.482698 -0.301922 0.343076 0.497972 -0.300231 0.340367
0.481719 -0.302031 0.34325 0.49784 -0.300246 0.340392
0.48074 -0.30214 0.343424 0.497402 -0.300298 0.340472
0.479761 -0.302249 0.343598 0.497074 -0.300336 0.340533
0.478783 -0.302357 0.343772 0.496719 -0.300378 0.340599
0.477804 -0.302466 0.343946 0.496337 -0.300423 0.340669
0.476825 -0.302575 0.34412 0.49593 -0.300471 0.340745
0.475847 -0.302684 0.344294 0.495497 -0.300522 0.340825
0.474868 -0.302792 0.344468 0.49527 -0.300548 0.340867
0.473889 -0.302901 0.344642 0.494798 -0.300604 0.340955
0.47291 -0.30301 0.344816 0.494044 -0.300693 0.341094
0.471932 -0.303119 0.34499 0.493511 -0.300756 0.341193
0.470953 -0.303227 0.345164 0.492955 -0.300821 0.341296
0.469974 -0.303336 0.345338 0.492377 -0.30089 0.341403
0.468996 -0.303445 0.345512 0.49208 -0.300925 0.341459
0.468017 -0.303554 0.345686 0.491156 -0.301033 0.34163
0.467038 -0.303662 0.34586 0.490838 -0.301071 0.341688
0.466059 -0.303771 0.346034 0.490189 -0.301147 0.341809
0.465081 -0.30388 0.346208 0.489523 -0.301226 0.341932
0.464102 -0.303989 0.346382 0.48884 -0.301306 0.342058
0.463123 -0.304097 0.346556 0.488139 -0.301388 0.342187
0.462144 -0.304206 0.34673 0.487419 -0.301472 0.34232
0.461166 -0.304315 0.346904 0.486682 -0.301559 0.342456
0.460187 -0.304424 0.347078 0.485927 -0.301647 0.342595
0.459208 -0.304532 0.347252 0.485157 -0.301737 0.342737
0.45823 -0.304641 0.347426 0.484371 -0.301829 0.342881
0.457251 -0.30475 0.3476 0.483571 -0.301922 0.343028
0.456272 -0.304859 0.347774 0.482757 -0.302017 0.343178
0.455293 -0.304967 0.347948 0.48193 -0.302113 0.343329
0.454315 -0.305076 0.348122 0.481092 -0.302211 0.343483
0.453336 -0.305185 0.348296 0.480242 -0.302309 0.343638
0.452357 -0.305294 0.34847 0.479814 -0.302359 0.343717
0.451379 -0.305402 0.348644 0.478513 -0.302509 0.343954
0.4504 -0.305511 0.348818 0.477634 -0.302611 0.344114
0.449421 -0.30562 0.348992 0.476746 -0.302713 0.344276
0.448442 -0.305729 0.349166 0.475849 -0.302816 0.344439
0.447464 -0.305837 0.34934 0.474945 -0.30292 0.344603
0.446485 -0.305946 0.349514 0.474034 -0.303025 0.344769
0.445506 -0.306055 0.349688 0.473117 -0.30313 0.344935
0.444527 -0.306164 0.349862 0.472194 -0.303235 0.345102
0.443549 -0.306272 0.350036 0.471266 -0.303341 0.345269
0.44257 -0.306381 0.35021 0.470332 -0.303447 0.345438
0.441591 -0.30649 0.350384 0.469395 -0.303554 0.345607
0.440613 -0.306599 0.350558 0.46798 -0.303715 0.345862
0.439634 -0.306707 0.350732 0.467033 -0.303822 0.346032
0.438655 -0.306816 0.350906 0.466082 -0.30393 0.346203
0.437676 -0.306925 0.35108 0.465128 -0.304038 0.346374
0.436698 -0.307034 0.351254 0.46465 -0.304091 0.34646
0.435719 -0.307142 0.351428 0.463212 -0.304254 0.346717
0.43474 -0.307251 0.351602 0.462731 -0.304308 0.346804
0.433761 -0.30736 0.351776 0.461287 -0.30447 0.347062
0.432783 -0.307469 0.35195 0.460804 -0.304525 0.347148
0.431804 -0.307577 0.352124 0.459837 -0.304633 0.347321
0.430825 -0.307686 0.352298 0.458868 -0.304742 0.347494
0.429847 -0.307795 0.352472 0.457898 -0.304851 0.347667
0.428868 -0.307904 0.352646 0.456439 -0.305014 0.347927
0.427889 -0.308012 0.35282 0.455953 -0.305069 0.348014
0.42691 -0.308121 0.352994 0.454492 -0.305232 0.348274
0.425932 -0.30823 0.353168 0.454005 -0.305286 0.34836
0.424953 -0.308339 0.353342 0.453033 -0.305395 0.348533
0.423974 -0.308447 0.353516 0.452059 -0.305503 0.348706
0.422996 -0.308556 0.35369 0.451085 -0.305612 0.348879
0.422017 -0.308665 0.353864 0.450109 -0.305721 0.349053
0.421038 -0.308774 0.354038 0.448644 -0.305884 0.349313
0.420059 -0.308882 0.354212 0.448155 -0.305938 0.349399
0.419081 -0.308991 0.354386 0.446688 -0.306102 0.34966
0.418102 -0.3091 0.35456 0.445709 -0.306211 0.349834
0.417123 -0.309209 0.354734 0.445219 -0.306265 0.34992
0.416144 -0.309317 0.354908 0.44375 -0.306428 0.350181
0.415166 -0.309426 0.355082 0.44326 -0.306483 0.350268
0.414187 -0.309535 0.355256 0.44277 -0.306537 0.350355
0.413208 -0.309644 0.35543 0.4413 -0.306701 0.350616
0.41223 -0.309752 0.355604 0.440318 -0.30681 0.350789
0.411251 -0.309861 0.355778 0.439337 -0.306919 0.350964
0.410272 -0.30997 0.355952 0.438355 -0.307028 0.351138
0.409293 -0.310079 0.356126 0.437372 -0.307138 0.351312
0.408315 -0.310187 0.3563 0.436389 -0.307247 0.351486
0.407336 -0.310296 0.356474 0.435405 -0.307356 0.351661
0.406357 -0.310405 0.356648 0.434421 -0.307466 0.351835
0.405378 -0.310514 0.356822 0.433438 -0.307575 0.352009
0.4044 -0.310622 0.356996 0.432454 -0.307685 0.352184
0.403421 -0.310731 0.35717 0.431471 -0.307794 0.352358
0.402442 -0.31084 0.357344 0.430488 -0.307903 0.352532
0.401464 -0.310948 0.357518 0.429505 -0.308012 0.352706
0.400485 -0.311057 0.357692 0.428522 -0.308122 0.352881
0.399506 -0.311166 0.357866 0.427538 -0.308231 0.353055
0.398527 -0.311275 0.35804 0.426555 -0.30834 0.353229
0.397549 -0.311383 0.358214 0.425572 -0.30845 0.353403
0.39657 -0.311492 0.358388 0.424589 -0.308559 0.353577
0.395591 -0.311601 0.358562 0.423606 -0.308668 0.353752
0.394613 -0.31171 0.358736 0.422623 -0.308778 0.353926
0.393634 -0.311818 0.35891 0.42164 -0.308887 0.3541
0.392655 -0.311927 0.359084 0.420657 -0.308996 0.354274
0.391676 -0.312036 0.359258 0.419674 -0.309105 0.354449
0.390698 -0.312145 0.359432 0.418691 -0.309215 0.354623
0.389719 -0.312253 0.359606 0.417708 -0.309324 0.354797
0.38874 -0.312362 0.35978 0.416725 -0.309433 0.354971
0.387761 -0.312471 0.359954 0.415742 -0.309543 0.355146
0.386783 -0.31258 0.360128 0.414759 -0.309652 0.35532
0.385804 -0.312688 0.360302 0.413776 -0.309762 0.355494
0.384825 -0.312797 0.360476 0.412793 -0.309871 0.355668
0.383847 -0.312906 0.360649 0.41181 -0.30998 0.355843
0.382868 -0.313015 0.360823 0.410828 -0.31009 0.356017
0.381889 -0.313123 0.360997 0.409845 -0.310199 0.356191
0.38091 -0.313232 0.361171 0.409354 -0.310254 0.356278
0.379932 -0.313341 0.361345 0.407881 -0.310418 0.356539
0.378953 -0.31345 0.361519 0.406898 -0.310527 0.356714
0.377974 -0.313558 0.361693 0.405916 -0.310636 0.356888
0.376996 -0.313667 0.361867 0.404934 -0.310746 0.357062
0.376017 -0.313776 0.362041 0.403952 -0.310855 0.357236
0.375038 -0.313885 0.362215 0.402971 -0.310964 0.35741
0.374059 -0.313993 0.362389 0.401989 -0.311074 0.357584
0.373081 -0.314102 0.362563 0.401007 -0.311183 0.357758
0.372102 -0.314211 0.362737 0.400027 -0.311292 0.357932
0.371123 -0.31432 0.362911 0.39905 -0.311401 0.358105
0.370144 -0.314428 0.363085 0.398076 -0.311509 0.358278
0.369166 -0.314537 0.363259 0.39759 -0.311563 0.358364
0.368187 -0.314646 0.363433 0.395641 -0.31178 0.358709
0.367208 -0.314755 0.363607 0.394666 -0.311888 0.358882
0.36623 -0.314863 0.363781 0.393695 -0.311996 0.359054
0.365251 -0.314972 0.363955 0.393212 -0.312049 0.359139
0.364272 -0.315081 0.364129 0.391292 -0.312262 0.359479
0.363293 -0.31519 0.364303 0.390336 -0.312368 0.359648
0.362315 -0.315298 0.364477 0.389858 -0.312421 0.359732
0.361336 -0.315407 0.364651 0.387954 -0.312631 0.360069
0.360357 -0.315516 0.364825 0.387012 -0.312735 0.360235
0.359378 -0.315625 0.364999 0.386074 -0.312839 0.360401
0.3584 -0.315733 0.365173 0.384674 -0.312993 0.360648
0.357421 -0.315842 0.365347 0.384208 -0.313044 0.36073
0.356442 -0.315951 0.365521 0.382814 -0.313198 0.360976
0.355464 -0.31606 0.365695 0.381886 -0.3133 0.36114
0.354485 -0.316168 0.365869 0.380959 -0.313402 0.361303
0.353506 -0.316277 0.366043 0.380033 -0.313505 0.361467
0.352527 -0.316386 0.366217 0.379107 -0.313607 0.36163
0.351549 -0.316495 0.366391 0.378181 -0.313709 0.361794
0.35057 -0.316603 0.366565 0.377254 -0.313812 0.361958
0.349591 -0.316712 0.366739 0.376791 -0.313863 0.36204
0.348613 -0.316821 0.366913 0.375399 -0.314018 0.362286
0.347634 -0.31693 0.367087 0.374471 -0.314121 0.362451
0.346655 -0.317038 0.367261 0.373541 -0.314224 0.362615
0.345676 -0.317147 0.367435 0.37261 -0.314328 0.36278
0.344698 -0.317256 0.367609 0.371678 -0.314431 0.362946
0.343719 -0.317365 0.367783 0.370745 -0.314535 0.363111
0.34274 -0.317473 0.367957 0.369811 -0.31464 0.363277
0.341761 -0.317582 0.368131 0.368875 -0.314744 0.363443
0.340783 -0.317691 0.368305 0.367937 -0.314849 0.363609
0.339804 -0.3178 0.368479 0.366998 -0.314954 0.363776
0.338825 -0.317908 0.368653 0.366058 -0.315059 0.363943
0.337847 -0.318017 0.368827 0.365116 -0.315164 0.364111
0.336868 -0.318126 0.369001 0.364173 -0.31527 0.364278
0.335889 -0.318235 0.369175 0.363228 -0.315375 0.364446
0.33491 -0.318343 0.369349 0.362755 -0.315428 0.36453
0.333932 -0.318452 0.369523 0.361334 -0.315588 0.364783
0.332953 -0.318561 0.369697 0.360384 -0.315694 0.364952
0.331974 -0.31867 0.369871 0.359434 -0.3158 0.365121
0.330996 -0.318778 0.370045 0.358482 -0.315907 0.36529
0.330017 -0.318887 0.370219 0.357529 -0.316014 0.36546
0.329038 -0.318996 0.370393 0.356574 -0.316121 0.365629
0.328059 -0.319105 0.370567 0.355618 -0.316228 0.365799
0.327081 -0.319213 0.370741 0.35514 -0.316282 0.365884
0.326102 -0.319322 0.370915 0.353703 -0.316443 0.36614
0.325123 -0.319431 0.371089 0.352744 -0.316551 0.366311
0.324144 -0.31954 0.371263 0.351783 -0.316659 0.366481
0.323166 -0.319648 0.371437 0.350822 -0.316766 0.366652
0.322187 -0.319757 0.371611 0.349859 -0.316874 0.366824
0.321208 -0.319866 0.371785 0.348896 -0.316982 0.366995
0.32023 -0.319974 0.371959 0.347932 -0.317091 0.367166
0.319251 -0.320083 0.372133 0.346967 -0.317199 0.367338
0.318272 -0.320192 0.372307 0.346001 -0.317307 0.36751
0.317293 -0.320301 0.372481 0.345034 -0.317416 0.367682
0.316315 -0.320409 0.372655 0.344066 -0.317524 0.367854
0.315336 -0.320518 0.372829 0.343098 -0.317633 0.368026
0.314357 -0.320627 0.373003 0.342129 -0.317741 0.368198
0.313378 -0.320736 0.373177 0.341159 -0.31785 0.36837
0.3124 -0.320844 0.373351 0.340189 -0.317959 0.368543
0.311421 -0.320953 0.373525 0.339218 -0.318067 0.368715
0.310442 -0.321062 0.373699 0.338246 -0.318176 0.368888
0.309464 -0.321171 0.373873 0.337274 -0.318285 0.369061
0.308485 -0.321279 0.374047 0.336301 -0.318394 0.369234
0.307506 -0.321388 0.374221 0.335328 -0.318503 0.369406
0.306527 -0.321497 0.374395 0.334355 -0.318612 0.369579
0.305549 -0.321606 0.374569 0.333381 -0.318721 0.369752
0.30457 -0.321714 0.374743 0.332406 -0.31883 0.369925
0.303591 -0.321823 0.374917 0.331432 -0.318939 0.370098
0.302613 -0.321932 0.375091 0.330457 -0.319048 0.370271
0.301634 -0.322041 0.375265 0.329481 -0.319157 0.370445
0.300655 -0.322149 0.375439 0.328506 -0.319267 0.370618
0.299676 -0.322258 0.375613 0.32753 -0.319376 0.370791
0.298698 -0.322367 0.375787 0.326553 -0.319485 0.370964
0.297719 -0.322476 0.375961 0.325577 -0.319594 0.371138
0.29674 -0.322584 0.376135 0.3246 -0.319703 0.371311
0.295761 -0.322693 0.376309 0.323623 -0.319813 0.371484
0.294783 -0.322802 0.376483 0.322646 -0.319922 0.371658
0.293804 -0.322911 0.376657 0.321669 -0.320031 0.371831
0.292825 -0.323019 0.376831 0.320692 -0.32014 0.372004
0.291847 -0.323128 0.377005 0.319714 -0.320249 0.372178
0.290868 -0.323237 0.377179 0.318736 -0.320359 0.372351
0.289889 -0.323346 0.377353 0.317758 -0.320468 0.372525
0.28891 -0.323454 0.377527 0.31678 -0.320577 0.372698
0.287932 -0.323563 0.377701 0.315802 -0.320687 0.372872
0.286953 -0.323672 0.377875 0.314824 -0.320796 0.373045
0.285974 -0.323781 0.378049 0.313846 -0.320905 0.373219
0.284996 -0.323889 0.378223 0.312867 -0.321014 0.373392
0.284017 -0.323998 0.378397 0.311889 -0.321124 0.373566
0.283038 -0.324107 0.378571 0.31091 -0.321233 0.373739
0.282059 -0.324216 0.378745 0.309932 -0.321342 0.373913
0.281081 -0.324324 0.378919 0.308953 -0.321451 0.374086
0.280102 -0.324433 0.379093 0.307975 -0.321561 0.37426
0.279123 -0.324542 0.379267 0.306996 -0.32167 0.374433
0.278144 -0.324651 0.379441 0.306017 -0.321779 0.374607
0.277166 -0.324759 0.379615 0.305038 -0.321889 0.37478
0.276187 -0.324868 0.379789 0.304059 -0.321998 0.374954
0.275208 -0.324977 0.379963 0.303081 -0.322107 0.375127
0.27423 -0.325086 0.380137 0.302102 -0.322216 0.375301
0.273251 -0.325194 0.380311 0.301123 -0.322326 0.375474
0.272272 -0.325303 0.380485 0.300144 -0.322435 0.375648
0.271293 -0.325412 0.380659 0.299165 -0.322544 0.375821
0.270315 -0.325521 0.380833 0.298186 -0.322653 0.375995
0.269336 -0.325629 0.381007 0.297207 -0.322763 0.376168
0.268357 -0.325738 0.381181 0.296228 -0.322872 0.376342
0.267378 -0.325847 0.381355 0.295249 -0.322981 0.376515
0.2664 -0.325956 0.381529 0.29427 -0.323091 0.376689
0.265421 -0.326064 0.381703 0.293291 -0.3232 0.376862
0.264442 -0.326173 0.381877 0.292312 -0.323309 0.377036
0.263464 -0.326282 0.382051 0.291333 -0.323418 0.377209
0.262485 -0.326391 0.382225 0.290354 -0.323528 0.377383
0.261506 -0.326499 0.382399 0.289375 -0.323637 0.377556
0.260527 -0.326608 0.382573 0.288396 -0.323746 0.37773
0.259549 -0.326717 0.382747 0.287907 -0.323801 0.377817
0.25857 -0.326826 0.382921 0.286438 -0.323965 0.378077
0.257591 -0.326934 0.383095 0.285459 -0.324074 0.37825
0.256613 -0.327043 0.383269 0.28448 -0.324183 0.378424
0.255634 -0.327152 0.383443 0.283501 -0.324293 0.378597
0.254655 -0.327261 0.383617 0.282522 -0.324402 0.378771
0.253676 -0.327369 0.383791 0.281543 -0.324511 0.378944
0.252698 -0.327478 0.383965 0.280564 -0.324621 0.379118
0.251719 -0.327587 0.384139 0.279586 -0.32473 0.379291
0.25074 -0.327696 0.384313 0.278607 -0.324839 0.379465
0.249761 -0.327804 0.384487 0.277628 -0.324948 0.379638
0.248783 -0.327913 0.384661 0.276649 -0.325058 0.379812
0.247804 -0.328022 0.384835 0.276159 -0.325112 0.379898
0.246825 -0.328131 0.385009 0.274691 -0.325276 0.380159
0.245847 -0.328239 0.385183 0.273712 -0.325386 0.380332
0.244868 -0.328348 0.385357 0.273223 -0.32544 0.380419
0.243889 -0.328457 0.385531 0.270304 -0.325765 0.380936
0.24291 -0.328566 0.385705 0.269336 -0.325873 0.381107
0.241932 -0.328674 0.385879 0.268372 -0.32598 0.381278
0.240953 -0.328783 0.386053 0.266937 -0.326138 0.381531
0.239974 -0.328892 0.386227 0.265988 -0.326243 0.381699
0.238995 -0.329001 0.386401 0.265044 -0.326347 0.381866
0.238017 -0.329109 0.386575 0.264104 -0.32645 0.382032
0.237038 -0.329218 0.386749 0.263169 -0.326553 0.382197
0.236059 -0.329327 0.386923 0.262236 -0.326656 0.382361
0.235081 -0.329435 0.387097 0.261307 -0.326758 0.382525
0.234102 -0.329544 0.387271 0.259923 -0.326909 0.38277
0.233123 -0.329653 0.387445 0.259464 -0.326959 0.382851
0.232144 -0.329762 0.387619 0.258546 -0.32706 0.383013
0.231166 -0.32987 0.387793 0.257169 -0.327211 0.383256
0.230187 -0.329979 0.387967 0.25671 -0.327262 0.383337
0.229208 -0.330088 0.388141 0.255792 -0.327363 0.383499
0.22823 -0.330197 0.388315 0.254872 -0.327465 0.383662
0.227251 -0.330305 0.388489 0.253952 -0.327566 0.383824
0.226272 -0.330414 0.388663 0.25303 -0.327668 0.383987
0.225293 -0.330523 0.388837 0.252107 -0.327771 0.384151
0.224315 -0.330632 0.389011 0.251182 -0.327873 0.384314
0.223336 -0.33074 0.389185 0.250256 -0.327976 0.384478
0.222357 -0.330849 0.389359 0.249328 -0.32808 0.384643
0.221378 -0.330958 0.389533 0.248398 -0.328184 0.384807
0.2204 -0.331067 0.389707 0.247467 -0.328288 0.384972
0.219421 -0.331175 0.389881 0.246533 -0.328392 0.385138
0.218442 -0.331284 0.390055 0.245597 -0.328497 0.385304
0.217464 -0.331393 0.390229 0.245128 -0.328549 0.385387
0.216485 -0.331502 0.390403 0.243718 -0.328707 0.385637
0.215506 -0.33161 0.390577 0.242777 -0.328813 0.385804
0.214527 -0.331719 0.390751 0.241833 -0.328919 0.385971
0.213549 -0.331828 0.390925 0.240889 -0.329025 0.386139
0.21257 -0.331937 0.391099 0.239942 -0.329132 0.386307
0.211591 -0.332045 0.391273 0.238994 -0.329238 0.386475
0.210613 -0.332154 0.391447 0.238045 -0.329345 0.386644
0.209634 -0.332263 0.391621 0.237094 -0.329452 0.386812
0.208655 -0.332372 0.391795 0.236142 -0.329559 0.386981
0.207676 -0.33248 0.391969 0.235189 -0.329666 0.387151
0.206698 -0.332589 0.392143 0.234234 -0.329774 0.38732
0.205719 -0.332698 0.392317 0.233278 -0.329881 0.38749
0.20474 -0.332807 0.392491 0.232321 -0.329989 0.38766
0.203761 -0.332915 0.392665 0.231362 -0.330097 0.38783
0.202783 -0.333024 0.392839 0.230403 -0.330205 0.388
0.201804 -0.333133 0.393013 0.229442 -0.330313 0.38817
0.200825 -0.333242 0.393187 0.22848 -0.330421 0.388341
0.199847 -0.33335 0.393361 0.227518 -0.33053 0.388512
0.198868 -0.333459 0.393535 0.226554 -0.330638 0.388683
0.197889 -0.333568 0.393709 0.225589 -0.330746 0.388854
0.19691 -0.333677 0.393883 0.224624 -0.330855 0.389025
0.195932 -0.333785 0.394057 0.223657 -0.330964 0.389197
0.194953 -0.333894 0.394231 0.22269 -0.331072 0.389369
0.193974 -0.334003 0.394405 0.221722 -0.331181 0.38954
0.192995 -0.334112 0.394579 0.220753 -0.33129 0.389712
0.192017 -0.33422 0.394753 0.219784 -0.331399 0.389884
0.191038 -0.334329 0.394927 0.218814 -0.331508 0.390056
0.190059 -0.334438 0.395101 0.217844 -0.331617 0.390228
0.189081 -0.334547 0.395275 0.216872 -0.331726 0.3904
0.188102 -0.334655 0.395449 0.215901 -0.331835 0.390573
0.187123 -0.334764 0.395623 0.214928 -0.331944 0.390745
0.186144 -0.334873 0.395797 0.213956 -0.332053 0.390918
0.185166 -0.334982 0.395971 0.212983 -0.332162 0.39109
0.184187 -0.33509 0.396145 0.212009 -0.332271 0.391263
0.183208 -0.335199 0.396319 0.211035 -0.33238 0.391436
0.18223 -0.335308 0.396493 0.21006 -0.33249 0.391608
0.181251 -0.335417 0.396667 0.209085 -0.332599 0.391781
0.180272 -0.335525 0.396841 0.208597 -0.332653 0.391867
0.179293 -0.335634 0.397015 0.207622 -0.332763 0.39204
0.178315 -0.335743 0.397189 0.206158 -0.332926 0.3923
0.177336 -0.335852 0.397363 0.205182 -0.333036 0.392473
0.176357 -0.33596 0.397536 0.204206 -0.333145 0.392646
0.175378 -0.336069 0.39771 0.203718 -0.3332 0.392732
0.1744 -0.336178 0.397884 0.202253 -0.333363 0.392992
0.173421 -0.336287 0.398058 0.201276 -0.333473 0.393165
0.172442 -0.336395 0.398232 0.200299 -0.333582 0.393338
0.171464 -0.336504 0.398406 0.199322 -0.333691 0.393511
0.170485 -0.336613 0.39858 0.198344 -0.3338 0.393684
0.169506 -0.336722 0.398754 0.197367 -0.33391 0.393858
0.168527 -0.33683 0.398928 0.196389 -0.334019 0.394031
0.167549 -0.336939 0.399102 0.195412 -0.334128 0.394204
0.16657 -0.337048 0.399276 0.194434 -0.334237 0.394377
0.165591 -0.337157 0.39945 0.193456 -0.334347 0.394551
0.164613 -0.337265 0.399624 0.192477 -0.334456 0.394724
0.163634 -0.337374 0.399798 0.191499 -0.334565 0.394897
0.162655 -0.337483 0.399972 0.19052 -0.334675 0.395071
0.161676 -0.337592 0.400146 0.189542 -0.334784 0.395244
0.160698 -0.3377 0.40032 0.188563 -0.334893 0.395418
0.159719 -0.337809 0.400494 0.187585 -0.335002 0.395591
0.15874 -0.337918 0.400668 0.186606 -0.335112 0.395764
0.157761 -0.338027 0.400842 0.185628 -0.335221 0.395938
0.156783 -0.338135 0.401016 0.184649 -0.33533 0.396111
0.155804 -0.338244 0.40119 0.183671 -0.335439 0.396285
0.154825 -0.338353 0.401364 0.182692 -0.335548 0.396458
0.153847 -0.338461 0.401538 0.181713 -0.335657 0.396631
0.152868 -0.33857 0.401712 0.180735 -0.335767 0.396805
0.151889 -0.338679 0.401886 0.179756 -0.335876 0.396978
0.15091 -0.338788 0.40206 0.178778 -0.335985 0.397152
0.149932 -0.338896 0.402234 0.177799 -0.336094 0.397325
0.148953 -0.339005 0.402408 0.17682 -0.336203 0.397498
0.147974 -0.339114 0.402582 0.175842 -0.336312 0.397672
0.146995 -0.339223 0.402756 0.174863 -0.336422 0.397845
0.146017 -0.339331 0.40293 0.173884 -0.336531 0.398019
0.145038 -0.33944 0.403104 0.172906 -0.33664 0.398192
0.144059 -0.339549 0.403278 0.171927 -0.336749 0.398365
0.143081 -0.339658 0.403452 0.170949 -0.336858 0.398539
0.142102 -0.339766 0.403626 0.16997 -0.336967 0.398712
0.141123 -0.339875 0.4038 0.169481 -0.337022 0.398799
0.140144 -0.339984 0.403974 0.168502 -0.337131 0.398972
0.139166 -0.340093 0.404148 0.167523 -0.33724 0.399146
0.138187 -0.340201 0.404322 0.166545 -0.337349 0.399319
0.137208 -0.34031 0.404496 0.165566 -0.337458 0.399493
0.13623 -0.340419 0.40467 0.163121 -0.337731 0.399926
0.135251 -0.340528 0.404844 0.162633 -0.337785 0.400012
0.134272 -0.340636 0.405018 0.161661 -0.337893 0.400185
0.133293 -0.340745 0.405192 0.161177 -0.337946 0.40027
0.132315 -0.340854 0.405366 0.159728 -0.338107 0.400527
0.131336 -0.340963 0.40554 0.158769 -0.338213 0.400697
0.130357 -0.341071 0.405714 0.157815 -0.338317 0.400866
0.129378 -0.34118 0.405888 0.156865 -0.338422 0.401034
0.1284 -0.341289 0.406062 0.156391 -0.338474 0.401118
0.127421 -0.341398 0.406236 0.154968 -0.33863 0.40137
0.126442 -0.341506 0.40641 0.15402 -0.338735 0.401538
0.125464 -0.341615 0.406584 0.15307 -0.33884 0.401706
0.124485 -0.341724 0.406758 0.152118 -0.338945 0.401875
0.123506 -0.341833 0.406932 0.151165 -0.33905 0.402044
0.122527 -0.341941 0.407106 0.150212 -0.339156 0.402213
0.121549 -0.34205 0.40728 0.14926 -0.339262 0.402381
0.12057 -0.342159 0.407454 0.148307 -0.339367 0.40255
0.119591 -0.342268 0.407628 0.147354 -0.339473 0.402719
0.118613 -0.342376 0.407802 0.146401 -0.339579 0.402888
0.117634 -0.342485 0.407976 0.145448 -0.339685 0.403057
0.116655 -0.342594 0.40815 0.144494 -0.339791 0.403226
0.115676 -0.342703 0.408324 0.14354 -0.339897 0.403395
0.114698 -0.342811 0.408498 0.142586 -0.340003 0.403564
0.113719 -0.34292 0.408672 0.141631 -0.340109 0.403734
0.11274 -0.343029 0.408846 0.140675 -0.340216 0.403903
0.111761 -0.343138 0.40902 0.139718 -0.340322 0.404073
0.110783 -0.343246 0.409194 0.138761 -0.340429 0.404243
0.109804 -0.343355 0.409368 0.137803 -0.340536 0.404412
0.108825 -0.343464 0.409542 0.136844 -0.340643 0.404582
0.107847 -0.343573 0.409716 0.135885 -0.34075 0.404753
0.106868 -0.343681 0.40989 0.134924 -0.340857 0.404923
0.105889 -0.34379 0.410064 0.133962 -0.340965 0.405094
0.10491 -0.343899 0.410238 0.132997 -0.341073 0.405265
0.103932 -0.344008 0.410412 0.13203 -0.341181 0.405436
0.102953 -0.344116 0.410586 0.131062 -0.34129 0.405608
0.101974 -0.344225 0.41076 0.130095 -0.341398 0.40578
0.100995 -0.344334 0.410934 0.129127 -0.341506 0.405951
0.100017 -0.344443 0.411108 0.128159 -0.341615 0.406123
0.099038 -0.344551 0.411282 0.127191 -0.341723 0.406295
0.0980593 -0.34466 0.411456 0.126223 -0.341831 0.406467
0.0970806 -0.344769 0.41163 0.125254 -0.34194 0.406638
0.0961019 -0.344878 0.411804 0.124285 -0.342048 0.40681
0.0951231 -0.344986 0.411978 0.123316 -0.342156 0.406982
0.0941444 -0.345095 0.412152 0.122347 -0.342265 0.407154
0.0931657 -0.345204 0.412326 0.121377 -0.342373 0.407326
0.092187 -0.345313 0.4125 0.120407 -0.342481 0.407498
0.0912082 -0.345421 0.412674 0.119922 -0.342536 0.407584
0.0902295 -0.34553 0.412848 0.118467 -0.342698 0.407843
0.0892508 -0.345639 0.413022 0.117496 -0.342807 0.408015
0.0882721 -0.345748 0.413196 0.116525 -0.342915 0.408187
0.0872934 -0.345856 0.41337 0.115553 -0.343023 0.408359
0.0863146 -0.345965 0.413544 0.114582 -0.343132 0.408532
0.0853359 -0.346074 0.413718 0.11361 -0.34324 0.408704
0.0843572 -0.346183 0.413892 0.112638 -0.343349 0.408877
0.0833785 -0.346291 0.414066 0.112151 -0.343403 0.408963
0.0823997 -0.3464 0.41424 0.110692 -0.343566 0.409222
0.081421 -0.346509 0.414414 0.109719 -0.343674 0.409395
0.0804423 -0.346618 0.414588 0.108744 -0.343783 0.409568
0.0794636 -0.346726 0.414762 0.107768 -0.343892 0.409741
0.0784848 -0.346835 0.414936 0.10679 -0.344002 0.409915
0.0775061 -0.346944 0.41511 0.105813 -0.344111 0.410088
0.0765274 -0.347053 0.415284 0.104836 -0.34422 0.410261
0.0755487 -0.347161 0.415458 0.103859 -0.344329 0.410435
0.0745699 -0.34727 0.415632 0.102882 -0.344438 0.410608
0.0735912 -0.347379 0.415806 0.101905 -0.344547 0.410782
0.0726125 -0.347487 0.41598 0.100927 -0.344656 0.410955
0.0716338 -0.347596 0.416154 0.0999466 -0.344765 0.411129
0.0706551 -0.347705 0.416328 0.098964 -0.344875 0.411304
0.0696763 -0.347814 0.416502 0.097979 -0.344985 0.411479
0.0686976 -0.347922 0.416676 0.0969922 -0.345096 0.411654
0.0677189 -0.348031 0.41685 0.0964982 -0.345151 0.411741
0.0667402 -0.34814 0.417024 0.0950142 -0.345318 0.412005
0.0657614 -0.348249 0.417198 0.0940234 -0.345429 0.412181
0.0647827 -0.348357 0.417372 0.093033 -0.345539 0.412357
0.063804 -0.348466 0.417546 0.092044 -0.34565 0.412532
0.0628253 -0.348575 0.41772 0.0910554 -0.34576 0.412708
0.0618465 -0.348684 0.417894 0.0900661 -0.345871 0.412884
0.0608678 -0.348792 0.418068 0.089076 -0.345981 0.413059
0.0598891 -0.348901 0.418242 0.0880854 -0.346092 0.413235
0.0589104 -0.34901 0.418416 0.0870956 -0.346202 0.413411
0.0579316 -0.349119 0.41859 0.0861078 -0.346312 0.413586
0.0569529 -0.349227 0.418764 0.0851207 -0.346422 0.413762
0.0559742 -0.349336 0.418938 0.0841331 -0.346532 0.413937
0.0549955 -0.349445 0.419112 0.0831449 -0.346642 0.414113
0.0540168 -0.349554 0.419286 0.0821563 -0.346752 0.414288
0.053038 -0.349662 0.41946 0.0811685 -0.346862 0.414464
0.0520593 -0.349771 0.419634 0.0801828 -0.346972 0.414639
0.0510806 -0.34988 0.419808 0.0791992 -0.347081 0.414813
0.0501019 -0.349989 0.419982 0.0782173 -0.347189 0.414988
0.0491231 -0.350097 0.420156 0.0772359 -0.347298 0.415162
0.0481444 -0.350206 0.42033 0.0762536 -0.347407 0.415337
0.0471657 -0.350315 0.420504 0.0752705 -0.347516 0.415511
0.046187 -0.350424 0.420678 0.0742868 -0.347625 0.415686
0.0452082 -0.350532 0.420852 0.0737951 -0.34768 0.415773
0.0442295 -0.350641 0.421026 0.0728129 -0.347789 0.415948
0.0432508 -0.35075 0.4212 0.0713429 -0.347951 0.416209
0.0422721 -0.350859 0.421374 0.0703649 -0.34806 0.416383
0.0412933 -0.350967 0.421548 0.0693882 -0.348168 0.416556
0.0403146 -0.351076 0.421722 0.0684128 -0.348275 0.41673
0.0393359 -0.351185 0.421896 0.0679253 -0.348329 0.416816
0.0383572 -0.351294 0.42207 0.0664637 -0.348491 0.417076
0.0373785 -0.351402 0.422244 0.0654899 -0.348598 0.417249
0.0363997 -0.351511 0.422418 0.0650033 -0.348652 0.417335
0.035421 -0.35162 0.422592 0.0630586 -0.348867 0.417681
0.0344423 -0.351729 0.422766 0.0616045 -0.349027 0.417939
0.0334636 -0.351837 0.42294 0.0611218 -0.349081 0.418025
0.0324848 -0.351946 0.423114 0.0596783 -0.349239 0.418282
0.0315061 -0.352055 0.423288 0.0587176 -0.349345 0.418453
0.0305274 -0.352164 0.423462 0.0577573 -0.349451 0.418623
0.0295487 -0.352272 0.423636 0.0572771 -0.349503 0.418709
0.0285699 -0.352381 0.42381 0.0558361 -0.349662 0.418965
0.0275912 -0.35249 0.423984 0.0548746 -0.349768 0.419136
0.0266125 -0.352599 0.424158 0.0543937 -0.349821 0.419221
0.0256338 -0.352707 0.424332 0.0529507 -0.349981 0.419478
0.024655 -0.352816 0.424506 0.0524695 -0.350034 0.419563
0.0236763 -0.352925 0.42468 0.0510249 -0.350194 0.41982
0.0226976 -0.353034 0.424854 0.0505429 -0.350247 0.419906
0.0217189 -0.353142 0.425028 0.0495781 -0.350354 0.420077
0.0207402 -0.353251 0.425202 0.0486122 -0.350462 0.420249
0.0197614 -0.35336 0.425376 0.0471619 -0.350623 0.420507
0.0187827 -0.353469 0.42555 0.0466781 -0.350676 0.420593
0.017804 -0.353577 0.425724 0.0457101 -0.350784 0.420765
0.0168253 -0.353686 0.425898 0.044257 -0.350945 0.421024
0.0158465 -0.353795 0.426072 0.0437722 -0.350999 0.42111
0.0148678 -0.353904 0.426246 0.0423172 -0.351161 0.421369
0.0138891 -0.354012 0.42642 0.0418319 -0.351215 0.421455
0.0129104 -0.354121 0.426594 0.0408611 -0.351323 0.421628
0.0119316 -0.35423 0.426768 0.0398897 -0.351431 0.421801
0.0109529 -0.354339 0.426942 0.0389179 -0.35154 0.421973
0.0099742 -0.354447 0.427116 0.0374593 -0.351702 0.422233
0.00899547 -0.354556 0.42729 0.0369729 -0.351756 0.422319
0.00801675 -0.354665 0.427464 0.0359997 -0.351865 0.422493
0.00703803 -0.354774 0.427638 0.0350261 -0.351973 0.422666
0.0060593 -0.354882 0.427812 0.0340519 -0.352081 0.422839
0.00508058 -0.354991 0.427986 0.0330773 -0.35219 0.423013
0.00410186 -0.3551 0.42816 0.0321025 -0.352299 0.423186
0.00312313 -0.355209 0.428334 0.0311275 -0.352407 0.42336
0.00214441 -0.355317 0.428508 0.0301523 -0.352516 0.423533
0.00116569 -0.355426 0.428682 0.0286888 -0.352679 0.423794
0.000186962 -0.355535 0.428856 0.0282009 -0.352733 0.42388
-0.000791762 -0.355644 0.42903 0.026737 -0.352896 0.424141
-0.00177049 -0.355752 0.429204 0.0262491 -0.35295 0.424228
-0.00274921 -0.355861 0.429378 0.0247856 -0.353113 0.424488
-0.00372793 -0.35597 0.429552 0.0242978 -0.353167 0.424575
-0.00470666 -0.356079 0.429726 0.0233221 -0.353275 0.424749
-0.00568538 -0.356187 0.4299 0.0218588 -0.353438 0.425009
-0.0066641 -0.356296 0.430074 0.0208834 -0.353546 0.425183
-0.00764283 -0.356405 0.430248 0.0199082 -0.353655 0.425356
-0.00862155 -0.356514 0.430422 0.018933 -0.353763 0.42553
-0.00960027 -0.356622 0.430596 0.0179581 -0.353871 0.425703
-0.010579 -0.356731 0.43077 0.0169833 -0.35398 0.425877
-0.0115577 -0.35684 0.430944 0.0160084 -0.354088 0.426051
-0.0125364 -0.356948 0.431118 0.0150335 -0.354196 0.426224
-0.0135152 -0.357057 0.431292 0.0140586 -0.354304 0.426398
-0.0144939 -0.357166 0.431466 0.0130836 -0.354412 0.426571
-0.0154726 -0.357275 0.43164 0.0121085 -0.354521 0.426745
-0.0164513 -0.357383 0.431814 0.0116208 -0.354575 0.426832
-0.0174301 -0.357492 0.431988 0.0101577 -0.354737 0.427092
-0.0184088 -0.357601 0.432162 0.00918208 -0.354846 0.427266
-0.0193875 -0.35771 0.432336 0.00869425 -0.3549 0.427353
-0.0203662 -0.357818 0.43251 0.00723078 -0.355062 0.427614
-0.021345 -0.357927 0.432684 0.00625537 -0.35517 0.427787
-0.0223237 -0.358036 0.432858 0.00528077 -0.355279 0.427961
-0.0233024 -0.358145 0.433032 0.00479396 -0.355332 0.428048
-0.0242811 -0.358253 0.433206 0.00333473 -0.355494 0.428307
-0.0252598 -0.358362 0.43338 0.00236219 -0.355602 0.428481
-0.0262386 -0.358471 0.433554 0.00138974 -0.35571 0.428654
-0.0272173 -0.35858 0.433728 0.000417369 -0.355817 0.428827
-0.028196 -0.358688 0.433902 -0.000555214 -0.355925 0.429
-0.0291747 -0.358797 0.434076 -0.00152828 -0.356033 0.429174
-0.0301535 -0.358906 0.43425 -0.00250186 -0.356141 0.429347
-0.0311322 -0.359015 0.434424 -0.0034759 -0.356249 0.429521
-0.0321109 -0.359123 0.434597 -0.00445024 -0.356357 0.429694
-0.0330896 -0.359232 0.434771 -0.00542475 -0.356465 0.429868
-0.0340684 -0.359341 0.434945 -0.0063995 -0.356574 0.430041
-0.0350471 -0.35945 0.435119 -0.00737455 -0.356682 0.430215
-0.0360258 -0.359558 0.435293 -0.00834983 -0.35679 0.430389
-0.0370045 -0.359667 0.435467 -0.00932526 -0.356898 0.430563
-0.0379833 -0.359776 0.435641 -0.0103009 -0.357007 0.430737
-0.038962 -0.359885 0.435815 -0.0112768 -0.357115 0.43091
-0.0399407 -0.359993 0.435989 -0.0122528 -0.357223 0.431084
-0.0409194 -0.360102 0.436163 -0.0132287 -0.357332 0.431258
-0.0418981 -0.360211 0.436337 -0.0142046 -0.35744 0.431432
-0.0428769 -0.36032 0.436511 -0.0151804 -0.357548 0.431606
-0.0438556 -0.360428 0.436685 -0.0156684 -0.357602 0.431693
-0.0448343 -0.360537 0.436859 -0.0171322 -0.357765 0.431954
-0.045813 -0.360646 0.437033 -0.0181064 -0.357873 0.432128
-0.0467918 -0.360755 0.437207 -0.019078 -0.35798 0.432301
-0.0477705 -0.360863 0.437381 -0.0200485 -0.358088 0.432474
-0.0487492 -0.360972 0.437555 -0.0210194 -0.358195 0.432647
-0.0497279 -0.361081 0.437729 -0.0219908 -0.358303 0.43282
-0.0507067 -0.36119 0.437903 -0.0229625 -0.358411 0.432993
-0.0516854 -0.361298 0.438077 -0.0234484 -0.358464 0.43308
-0.0526641 -0.361407 0.438251 -0.0249065 -0.358626 0.433339
-0.0536428 -0.361516 0.438425 -0.025879 -0.358734 0.433513
-0.0546216 -0.361625 0.438599 -0.0268523 -0.358842 0.433686
-0.0556003 -0.361733 0.438773 -0.0278258 -0.35895 0.43386
-0.056579 -0.361842 0.438947 -0.0287994 -0.359058 0.434033
-0.0575577 -0.361951 0.439121 -0.029772 -0.359166 0.434207
-0.0585364 -0.36206 0.439295 -0.0307429 -0.359273 0.43438
-0.0595152 -0.362168 0.439469 -0.0317118 -0.35938 0.434552
-0.0604939 -0.362277 0.439643 -0.0326788 -0.359487 0.434725
-0.0614726 -0.362386 0.439817 -0.033644 -0.359594 0.434897
-0.0624513 -0.362495 0.439991 -0.0346079 -0.3597 0.435069
-0.0634301 -0.362603 0.440165 -0.0355719 -0.359807 0.43524
-0.0644088 -0.362712 0.440339 -0.0365369 -0.359913 0.435412
-0.0653875 -0.362821 0.440513 -0.037502 -0.36002 0.435584
-0.0663662 -0.36293 0.440687 -0.038466 -0.360127 0.435756
-0.067345 -0.363038 0.440861 -0.039429 -0.360233 0.435928
-0.0683237 -0.363147 0.441035 -0.0403911 -0.360339 0.436099
-0.0693024 -0.363256 0.441209 -0.041353 -0.360446 0.436271
-0.0702811 -0.363365 0.441383 -0.0423152 -0.360552 0.436442
-0.0712599 -0.363473 0.441557 -0.0432773 -0.360659 0.436614
-0.0722386 -0.363582 0.441731 -0.0442389 -0.360765 0.436785
-0.0732173 -0.363691 0.441905 -0.0452003 -0.360871 0.436957
-0.074196 -0.3638 0.442079 -0.0461613 -0.360978 0.437128
-0.0751747 -0.363908 0.442253 -0.0471223 -0.361084 0.437299
-0.0761535 -0.364017 0.442427 -0.0480832 -0.36119 0.437471
-0.0771322 -0.364126 0.442601 -0.0490444 -0.361297 0.437642
-0.0781109 -0.364235 0.442775 -0.0500061 -0.361403 0.437813
-0.0790896 -0.364343 0.442949 -0.0509681 -0.36151 0.437985
-0.0800684 -0.364452 0.443123 -0.0519302 -0.361616 0.438157
-0.0810471 -0.364561 0.443297 -0.0528926 -0.361723 0.438328
-0.0820258 -0.36467 0.443471 -0.0538552 -0.36183 0.4385
-0.0830045 -0.364778 0.443645 -0.0548186 -0.361937 0.438672
-0.0839833 -0.364887 0.443819 -0.0557831 -0.362044 0.438844
-0.084962 -0.364996 0.443993 -0.056749 -0.362151 0.439016
-0.0859407 -0.365105 0.444167 -0.0577162 -0.362259 0.439188
-0.0869194 -0.365213 0.444341 -0.0586841 -0.362367 0.439361
-0.0878982 -0.365322 0.444515 -0.0596521 -0.362474 0.439534
-0.0888769 -0.365431 0.444689 -0.0606201 -0.362582 0.439706
-0.0898556 -0.36554 0.444863 -0.0615879 -0.36269 0.439879
-0.0908343 -0.365648 0.445037 -0.0625536 -0.362797 0.440051
-0.091813 -0.365757 0.445211 -0.0635158 -0.362903 0.440223
-0.0927918 -0.365866 0.445385 -0.0644769 -0.36301 0.440394
-0.0937705 -0.365974 0.445559 -0.0654394 -0.363116 0.440566
-0.0947492 -0.366083 0.445733 -0.0664031 -0.363223 0.440738
-0.0957279 -0.366192 0.445907 -0.0673678 -0.36333 0.44091
-0.0967067 -0.366301 0.446081 -0.0678504 -0.363384 0.440996
-0.0976854 -0.366409 0.446255 -0.0688164 -0.363491 0.441168
-0.0986641 -0.366518 0.446429 -0.0697842 -0.363599 0.441341
-0.0996428 -0.366627 0.446603 -0.0707556 -0.363707 0.441514
-0.100622 -0.366736 0.446777 -0.0717315 -0.363816 0.441688
-0.1016 -0.366844 0.446951 -0.0727115 -0.363926 0.441863
-0.102579 -0.366953 0.447125 -0.073695 -0.364036 0.442039
-0.103558 -0.367062 0.447299 -0.0746818 -0.364147 0.442215
-0.104536 -0.367171 0.447473 -0.0751763 -0.364203 0.442304
-0.105515 -0.367279 0.447647 -0.0771602 -0.364425 0.442658
-0.106494 -0.367388 0.447821 -0.0781545 -0.364537 0.442836
-0.107473 -0.367497 0.447995 -0.0791492 -0.364649 0.443013
-0.108451 -0.367606 0.448169 -0.0801445 -0.36476 0.443191
-0.10943 -0.367714 0.448343 -0.0811407 -0.364872 0.443369
-0.110409 -0.367823 0.448517 -0.0821374 -0.364984 0.443547
-0.111388 -0.367932 0.448691 -0.0826359 -0.36504 0.443636
-0.112366 -0.368041 0.448865 -0.0846307 -0.365263 0.443992
-0.113345 -0.368149 0.449039 -0.0851294 -0.365319 0.444081
-0.114324 -0.368258 0.449213 -0.0861259 -0.36543 0.444259
-0.115302 -0.368367 0.449387 -0.0871204 -0.365541 0.444437
-0.116281 -0.368476 0.449561 -0.0886069 -0.365706 0.444702
-0.11726 -0.368584 0.449735 -0.0895943 -0.365815 0.444878
-0.118239 -0.368693 0.449909 -0.0905789 -0.365924 0.445053
-0.119217 -0.368802 0.450083 -0.0910703 -0.365979 0.445141
-0.120196 -0.368911 0.450257 -0.0925411 -0.366141 0.445403
-0.121175 -0.369019 0.450431 -0.0935193 -0.366249 0.445578
-0.122153 -0.369128 0.450605 -0.0944961 -0.366357 0.445752
-0.123132 -0.369237 0.450779 -0.0954717 -0.366464 0.445926
-0.124111 -0.369346 0.450953 -0.0964461 -0.366572 0.446099
-0.12509 -0.369454 0.451127 -0.0974194 -0.366679 0.446273
-0.126068 -0.369563 0.451301 -0.0983918 -0.366786 0.446446
-0.127047 -0.369672 0.451475 -0.0993634 -0.366893 0.446619
-0.128026 -0.369781 0.451649 -0.100335 -0.367 0.446792
-0.129005 -0.369889 0.451823 -0.101305 -0.367107 0.446965
-0.129983 -0.369998 0.451997 -0.102275 -0.367214 0.447138
-0.130962 -0.370107 0.452171 -0.103245 -0.367321 0.447311
-0.131941 -0.370216 0.452345 -0.104214 -0.367428 0.447483
-0.132919 -0.370324 0.452519 -0.105183 -0.367534 0.447656
-0.133898 -0.370433 0.452693 -0.106151 -0.367641 0.447829
-0.134877 -0.370542 0.452867 -0.107119 -0.367748 0.448001
-0.135856 -0.370651 0.453041 -0.108087 -0.367855 0.448174
-0.136834 -0.370759 0.453215 -0.109055 -0.367962 0.448346
-0.137813 -0.370868 0.453389 -0.110023 -0.368069 0.448519
-0.138792 -0.370977 0.453563 -0.11099 -0.368176 0.448691
-0.139771 -0.371086 0.453737 -0.111958 -0.368283 0.448864
-0.140749 -0.371194 0.453911 -0.112442 -0.368336 0.44895
-0.141728 -0.371303 0.454085 -0.112926 -0.36839 0.449037
-0.142707 -0.371412 0.454259 -0.114378 -0.368551 0.449296
-0.143685 -0.371521 0.454433 -0.115344 -0.368658 0.449468
-0.144664 -0.371629 0.454607 -0.116788 -0.368817 0.449725
-0.145643 -0.371738 0.454781 -0.117749 -0.368923 0.449896
-0.146622 -0.371847 0.454955 -0.118713 -0.36903 0.450068
-0.1476 -0.371956 0.455129 -0.119678 -0.369137 0.45024
-0.148579 -0.372064 0.455303 -0.120162 -0.36919 0.450327
-0.149558 -0.372173 0.455477 -0.121615 -0.369351 0.450586
-0.150536 -0.372282 0.455651 -0.1221 -0.369405 0.450672
-0.151515 -0.372391 0.455825 -0.123069 -0.369513 0.450845
-0.152494 -0.372499 0.455999 -0.12404 -0.369621 0.451019
-0.153473 -0.372608 0.456173 -0.12501 -0.369729 0.451192
-0.154451 -0.372717 0.456347 -0.125982 -0.369837 0.451365
-0.15543 -0.372826 0.456521 -0.126953 -0.369945 0.451538
-0.156409 -0.372934 0.456695 -0.127926 -0.370053 0.451712
-0.157388 -0.373043 0.456869 -0.128898 -0.370161 0.451886
-0.158366 -0.373152 0.457043 -0.129872 -0.370269 0.452059
-0.159345 -0.373261 0.457217 -0.130846 -0.370378 0.452233
-0.160324 -0.373369 0.457391 -0.131822 -0.370487 0.452407
-0.161302 -0.373478 0.457565 -0.132799 -0.370596 0.452582
-0.162281 -0.373587 0.457739 -0.133288 -0.37065 0.452669
-0.16326 -0.373696 0.457913 -0.134266 -0.370759 0.452844
-0.164239 -0.373804 0.458087 -0.135734 -0.370923 0.453106
-0.165217 -0.373913 0.458261 -0.136714 -0.371032 0.453281
-0.166196 -0.374022 0.458435 -0.137695 -0.371141 0.453456
-0.167175 -0.374131 0.458609 -0.138678 -0.371251 0.453631
-0.168153 -0.374239 0.458783 -0.139659 -0.37136 0.453806
-0.169132 -0.374348 0.458957 -0.14064 -0.37147 0.453982
-0.170111 -0.374457 0.459131 -0.141621 -0.371579 0.454157
-0.17109 -0.374566 0.459305 -0.143091 -0.371742 0.454419
-0.172068 -0.374674 0.459479 -0.14407 -0.371851 0.454594
-0.173047 -0.374783 0.459653 -0.14456 -0.371906 0.454681
-0.174026 -0.374892 0.459827 -0.14554 -0.372015 0.454856
-0.175005 -0.375001 0.460001 -0.14652 -0.372123 0.455031
-0.175983 -0.375109 0.460175 -0.147499 -0.372232 0.455205
-0.176962 -0.375218 0.460349 -0.148478 -0.372341 0.45538
-0.177941 -0.375327 0.460523 -0.149457 -0.37245 0.455554
-0.178919 -0.375435 0.460697 -0.150435 -0.372558 0.455729
-0.179898 -0.375544 0.460871 -0.151902 -0.372721 0.45599
-0.180877 -0.375653 0.461045 -0.152391 -0.372775 0.456078
-0.181856 -0.375762 0.461219 -0.153369 -0.372884 0.456252
-0.182834 -0.37587 0.461393 -0.154346 -0.372992 0.456426
-0.183813 -0.375979 0.461567 -0.155324 -0.373101 0.4566
-0.184792 -0.376088 0.461741 -0.156789 -0.373263 0.456862
-0.185771 -0.376197 0.461915 -0.157766 -0.373372 0.457036
-0.186749 -0.376305 0.462089 -0.158255 -0.373426 0.457123
-0.187728 -0.376414 0.462263 -0.159232 -0.373534 0.457297
-0.188707 -0.376523 0.462437 -0.160697 -0.373697 0.457559
-0.189685 -0.376632 0.462611 -0.161186 -0.373751 0.457646
-0.190664 -0.37674 0.462785 -0.162163 -0.373859 0.45782
-0.191643 -0.376849 0.462959 -0.16314 -0.373968 0.457994
-0.192622 -0.376958 0.463133 -0.164118 -0.374076 0.458168
-0.1936 -0.377067 0.463307 -0.165583 -0.374239 0.45843
-0.194579 -0.377175 0.463481 -0.166072 -0.374293 0.458517
-0.195558 -0.377284 0.463655 -0.167538 -0.374456 0.458778
-0.196536 -0.377393 0.463829 -0.168515 -0.374564 0.458953
-0.197515 -0.377502 0.464003 -0.169493 -0.374673 0.459127
-0.198494 -0.37761 0.464177 -0.17047 -0.374781 0.459301
-0.199473 -0.377719 0.464351 -0.170959 -0.374835 0.459388
-0.200451 -0.377828 0.464525 -0.172427 -0.374998 0.45965
-0.20143 -0.377937 0.464699 -0.173405 -0.375107 0.459824
-0.202409 -0.378045 0.464873 -0.174383 -0.375215 0.459999
-0.203388 -0.378154 0.465047 -0.175362 -0.375324 0.460173
-0.204366 -0.378263 0.465221 -0.17634 -0.375433 0.460348
-0.205345 -0.378372 0.465395 -0.177318 -0.375541 0.460522
-0.206324 -0.37848 0.465569 -0.178295 -0.37565 0.460696
-0.207302 -0.378589 0.465743 -0.178784 -0.375704 0.460784
-0.208281 -0.378698 0.465917 -0.180251 -0.375867 0.461045
-0.20926 -0.378807 0.466091 -0.181228 -0.375975 0.461219
-0.210239 -0.378915 0.466265 -0.182205 -0.376083 0.461393
-0.211217 -0.379024 0.466439 -0.183183 -0.376192 0.461568
-0.212196 -0.379133 0.466613 -0.183672 -0.376246 0.461655
-0.213175 -0.379242 0.466787 -0.185138 -0.376409 0.461916
-0.214153 -0.37935 0.466961 -0.186115 -0.376517 0.46209
-0.215132 -0.379459 0.467135 -0.187092 -0.376626 0.462265
-0.216111 -0.379568 0.467309 -0.18807 -0.376734 0.462439
-0.21709 -0.379677 0.467483 -0.189047 -0.376843 0.462613
-0.218068 -0.379785 0.467657 -0.190024 -0.376951 0.462787
-0.219047 -0.379894 0.467831 -0.191002 -0.377059 0.462961
-0.220026 -0.380003 0.468005 -0.191979 -0.377168 0.463136
-0.221005 -0.380112 0.468179 -0.192956 -0.377276 0.46331
-0.221983 -0.38022 0.468353 -0.193934 -0.377385 0.463484
-0.222962 -0.380329 0.468527 -0.194911 -0.377493 0.463658
-0.223941 -0.380438 0.468701 -0.195888 -0.377602 0.463833
-0.224919 -0.380547 0.468875 -0.196866 -0.37771 0.464007
-0.225898 -0.380655 0.469049 -0.197842 -0.377819 0.464181
-0.226877 -0.380764 0.469223 -0.198818 -0.377927 0.464355
-0.227856 -0.380873 0.469397 -0.199794 -0.378035 0.464529
-0.228834 -0.380982 0.469571 -0.200771 -0.378143 0.464703
-0.229813 -0.38109 0.469745 -0.201747 -0.378252 0.464877
-0.230792 -0.381199 0.469919 -0.202723 -0.37836 0.465051
-0.231771 -0.381308 0.470093 -0.2037 -0.378468 0.465225
-0.232749 -0.381417 0.470267 -0.204677 -0.378577 0.465399
-0.233728 -0.381525 0.470441 -0.205654 -0.378685 0.465573
-0.234707 -0.381634 0.470615 -0.206631 -0.378794 0.465747
-0.235685 -0.381743 0.470789 -0.207608 -0.378902 0.465921
-0.236664 -0.381852 0.470963 -0.208097 -0.378956 0.466008
-0.237643 -0.38196 0.471137 -0.209074 -0.379065 0.466183
-0.238622 -0.382069 0.471311 -0.209563 -0.379119 0.46627
-0.2396 -0.382178 0.471484 -0.210541 -0.379228 0.466444
-0.240579 -0.382287 0.471658 -0.212497 -0.379445 0.466793
-0.241558 -0.382395 0.471832 -0.213475 -0.379554 0.466967
-0.242536 -0.382504 0.472006 -0.214454 -0.379662 0.467141
-0.243515 -0.382613 0.47218 -0.215432 -0.379771 0.467316
-0.244494 -0.382722 0.472354 -0.21641 -0.37988 0.46749
-0.245473 -0.38283 0.472528 -0.217389 -0.379988 0.467665
-0.246451 -0.382939 0.472702 -0.218368 -0.380097 0.467839
-0.24743 -0.383048 0.472876 -0.219346 -0.380206 0.468013
-0.248409 -0.383157 0.47305 -0.220325 -0.380314 0.468188
-0.249388 -0.383265 0.473224 -0.221303 -0.380423 0.468362
-0.250366 -0.383374 0.473398 -0.22228 -0.380531 0.468536
-0.251345 -0.383483 0.473572 -0.223257 -0.380639 0.46871
-0.252324 -0.383592 0.473746 -0.224234 -0.380748 0.468884
-0.253302 -0.3837 0.47392 -0.225212 -0.380856 0.469059
-0.254281 -0.383809 0.474094 -0.226189 -0.380965 0.469233
-0.25526 -0.383918 0.474268 -0.227167 -0.381073 0.469407
-0.256239 -0.384027 0.474442 -0.228146 -0.381182 0.469582
-0.257217 -0.384135 0.474616 -0.229124 -0.381291 0.469756
-0.258196 -0.384244 0.47479 -0.230103 -0.381399 0.46993
-0.259175 -0.384353 0.474964 -0.231081 -0.381508 0.470105
-0.260153 -0.384461 0.475138 -0.23206 -0.381617 0.470279
-0.261132 -0.38457 0.475312 -0.233039 -0.381725 0.470454
-0.262111 -0.384679 0.475486 -0.234018 -0.381834 0.470628
-0.26309 -0.384788 0.47566 -0.234997 -0.381943 0.470802
-0.264068 -0.384896 0.475834 -0.235976 -0.382052 0.470977
-0.265047 -0.385005 0.476008 -0.236955 -0.38216 0.471151
-0.266026 -0.385114 0.476182 -0.237935 -0.382269 0.471326
-0.267005 -0.385223 0.476356 -0.238914 -0.382378 0.4715
-0.267983 -0.385331 0.47653 -0.239404 -0.382432 0.471588
-0.268962 -0.38544 0.476704 -0.240873 -0.382595 0.47185
-0.269941 -0.385549 0.476878 -0.241852 -0.382704 0.472024
-0.270919 -0.385658 0.477052 -0.242832 -0.382813 0.472199
-0.271898 -0.385766 0.477226 -0.243811 -0.382922 0.472373
-0.272877 -0.385875 0.4774 -0.244791 -0.38303 0.472548
-0.273856 -0.385984 0.477574 -0.24577 -0.383139 0.472722
-0.274834 -0.386093 0.477748 -0.24675 -0.383248 0.472897
-0.275813 -0.386201 0.477922 -0.24724 -0.383302 0.472984
-0.276792 -0.38631 0.478096 -0.248709 -0.383465 0.473246
-0.277771 -0.386419 0.47827 -0.249688 -0.383574 0.47342
-0.278749 -0.386528 0.478444 -0.250668 -0.383683 0.473595
-0.279728 -0.386636 0.478618 -0.251647 -0.383792 0.473769
-0.280707 -0.386745 0.478792 -0.252626 -0.3839 0.473944
-0.281685 -0.386854 0.478966 -0.253606 -0.384009 0.474118
-0.282664 -0.386963 0.47914 -0.254585 -0.384118 0.474292
-0.283643 -0.387071 0.479314 -0.255564 -0.384226 0.474467
-0.284622 -0.38718 0.479488 -0.256544 -0.384335 0.474641
-0.2856 -0.387289 0.479662 -0.257523 -0.384444 0.474816
-0.286579 -0.387398 0.479836 -0.258501 -0.384552 0.47499
-0.287558 -0.387506 0.48001 -0.259479 -0.384661 0.475164
-0.288536 -0.387615 0.480184 -0.260457 -0.384769 0.475338
-0.289515 -0.387724 0.480358 -0.261436 -0.384878 0.475513
-0.290494 -0.387833 0.480532 -0.262414 -0.384986 0.475687
-0.291473 -0.387941 0.480706 -0.263392 -0.385095 0.475861
-0.292451 -0.38805 0.48088 -0.264371 -0.385204 0.476035
-0.29343 -0.388159 0.481054 -0.26535 -0.385312 0.47621
-0.294409 -0.388268 0.481228 -0.266329 -0.385421 0.476384
-0.295388 -0.388376 0.481402 -0.267308 -0.385529 0.476559
-0.296366 -0.388485 0.481576 -0.268286 -0.385638 0.476733
-0.297345 -0.388594 0.48175 -0.269265 -0.385747 0.476907
-0.298324 -0.388703 0.481924 -0.270244 -0.385855 0.477082
-0.299302 -0.388811 0.482098 -0.271223 -0.385964 0.477256
-0.300281 -0.38892 0.482272 -0.272203 -0.386073 0.477431
-0.30126 -0.389029 0.482446 -0.273183 -0.386182 0.477605
-0.302239 -0.389138 0.48262 -0.274164 -0.386291 0.47778
-0.303217 -0.389246 0.482794 -0.275144 -0.3864 0.477954
-0.304196 -0.389355 0.482968 -0.276124 -0.386509 0.478129
-0.305175 -0.389464 0.483142 -0.277104 -0.386617 0.478304
-0.306153 -0.389573 0.483316 -0.278084 -0.386726 0.478478
-0.307132 -0.389681 0.48349 -0.279065 -0.386835 0.478653
-0.308111 -0.38979 0.483664 -0.279555 -0.386889 0.47874
-0.30909 -0.389899 0.483838 -0.281026 -0.387053 0.479002
-0.310068 -0.390008 0.484012 -0.282007 -0.387162 0.479177
-0.311047 -0.390116 0.484186 -0.282497 -0.387216 0.479264
-0.312026 -0.390225 0.48436 -0.283477 -0.387325 0.479439
-0.313005 -0.390334 0.484534 -0.284458 -0.387434 0.479614
-0.313983 -0.390443 0.484708 -0.285438 -0.387543 0.479788
-0.314962 -0.390551 0.484882 -0.286418 -0.387652 0.479963
-0.315941 -0.39066 0.485056 -0.287398 -0.38776 0.480137
-0.316919 -0.390769 0.48523 -0.288868 -0.387924 0.480399
-0.317898 -0.390878 0.485404 -0.289848 -0.388032 0.480573
-0.318877 -0.390986 0.485578 -0.290827 -0.388141 0.480748
-0.319856 -0.391095 0.485752 -0.291807 -0.38825 0.480922
-0.320834 -0.391204 0.485926 -0.292297 -0.388304 0.48101
-0.321813 -0.391313 0.4861 -0.293276 -0.388413 0.481184
-0.322792 -0.391421 0.486274 -0.294745 -0.388576 0.481446
-0.323771 -0.39153 0.486448 -0.295725 -0.388685 0.48162
-0.324749 -0.391639 0.486622 -0.296704 -0.388793 0.481794
-0.325728 -0.391748 0.486796 -0.297684 -0.388902 0.481969
-0.326707 -0.391856 0.48697 -0.298663 -0.389011 0.482143
-0.327685 -0.391965 0.487144 -0.299643 -0.38912 0.482318
-0.328664 -0.392074 0.487318 -0.300623 -0.389228 0.482492
-0.329643 -0.392183 0.487492 -0.301603 -0.389337 0.482667
-0.330622 -0.392291 0.487666 -0.302583 -0.389446 0.482841
-0.3316 -0.3924 0.48784 -0.303563 -0.389555 0.483016
-0.332579 -0.392509 0.488014 -0.304543 -0.389664 0.48319
-0.333558 -0.392618 0.488188 -0.305523 -0.389772 0.483365
-0.334536 -0.392726 0.488362 -0.306503 -0.389881 0.483539
-0.335515 -0.392835 0.488536 -0.307483 -0.38999 0.483714
-0.336494 -0.392944 0.48871 -0.308464 -0.390099 0.483889
-0.337473 -0.393053 0.488884 -0.309444 -0.390208 0.484063
-0.338451 -0.393161 0.489058 -0.310424 -0.390317 0.484238
-0.33943 -0.39327 0.489232 -0.311403 -0.390425 0.484412
-0.340409 -0.393379 0.489406 -0.312381 -0.390534 0.484586
-0.341388 -0.393488 0.48958 -0.313359 -0.390642 0.48476
-0.342366 -0.393596 0.489754 -0.314338 -0.390751 0.484934
-0.343345 -0.393705 0.489928 -0.315316 -0.390859 0.485109
-0.344324 -0.393814 0.490102 -0.316295 -0.390968 0.485283
-0.345302 -0.393922 0.490276 -0.317274 -0.391077 0.485457
-0.346281 -0.394031 0.49045 -0.318253 -0.391185 0.485632
-0.34726 -0.39414 0.490624 -0.319233 -0.391294 0.485806
-0.348239 -0.394249 0.490798 -0.320212 -0.391403 0.48598
-0.349217 -0.394357 0.490972 -0.321191 -0.391512 0.486155
-0.350196 -0.394466 0.491146 -0.321681 -0.391566 0.486242
-0.351175 -0.394575 0.49132 -0.32315 -0.391729 0.486503
-0.352154 -0.394684 0.491494 -0.324129 -0.391838 0.486678
-0.353132 -0.394792 0.491668 -0.325109 -0.391947 0.486852
-0.354111 -0.394901 0.491842 -0.326088 -0.392055 0.487027
-0.35509 -0.39501 0.492016 -0.327067 -0.392164 0.487201
-0.356068 -0.395119 0.49219 -0.328047 -0.392273 0.487375
-0.357047 -0.395227 0.492364 -0.329026 -0.392382 0.48755
-0.358026 -0.395336 0.492538 -0.330006 -0.392491 0.487724
-0.359005 -0.395445 0.492712 -0.330986 -0.392599 0.487899
-0.359983 -0.395554 0.492886 -0.331966 -0.392708 0.488073
-0.360962 -0.395662 0.49306 -0.332946 -0.392817 0.488248
-0.361941 -0.395771 0.493234 -0.333925 -0.392926 0.488422
-0.362919 -0.39588 0.493408 -0.334905 -0.393035 0.488597
-0.363898 -0.395989 0.493582 -0.335395 -0.393089 0.488684
-0.364877 -0.396097 0.493756 -0.336864 -0.393252 0.488946
-0.365856 -0.396206 0.49393 -0.337845 -0.393361 0.48912
-0.366834 -0.396315 0.494104 -0.338828 -0.393471 0.489295
-0.367813 -0.396424 0.494278 -0.339812 -0.39358 0.489471
-0.368792 -0.396532 0.494452 -0.340796 -0.39369 0.489646
-0.369771 -0.396641 0.494626 -0.34178 -0.393799 0.489821
-0.370749 -0.39675 0.4948 -0.342763 -0.393909 0.489997
-0.371728 -0.396859 0.494974 -0.343746 -0.394018 0.490172
-0.372707 -0.396967 0.495148 -0.344728 -0.394127 0.490347
-0.373685 -0.397076 0.495322 -0.34571 -0.394236 0.490521
-0.374664 -0.397185 0.495496 -0.346692 -0.394345 0.490696
-0.375643 -0.397294 0.49567 -0.347674 -0.394454 0.490871
-0.376622 -0.397402 0.495844 -0.348656 -0.394564 0.491046
-0.3776 -0.397511 0.496018 -0.349637 -0.394673 0.491221
-0.378579 -0.39762 0.496192 -0.350618 -0.394781 0.491395
-0.379558 -0.397729 0.496366 -0.351599 -0.39489 0.49157
-0.380536 -0.397837 0.49654 -0.352579 -0.394999 0.491745
-0.381515 -0.397946 0.496714 -0.35356 -0.395108 0.491919
-0.382494 -0.398055 0.496888 -0.35454 -0.395217 0.492094
-0.383473 -0.398164 0.497062 -0.35552 -0.395326 0.492268
-0.384451 -0.398272 0.497236 -0.3565 -0.395434 0.492442
-0.38543 -0.398381 0.49741 -0.357479 -0.395543 0.492617
-0.386409 -0.39849 0.497584 -0.358458 -0.395652 0.492791
-0.387388 -0.398599 0.497758 -0.359438 -0.395761 0.492965
-0.388366 -0.398707 0.497932 -0.359927 -0.395815 0.493053
-0.389345 -0.398816 0.498106 -0.361397 -0.395978 0.493314
-0.390324 -0.398925 0.49828 -0.362376 -0.396087 0.493488
-0.391302 -0.399034 0.498454 -0.363355 -0.396195 0.493663
-0.392281 -0.399142 0.498628 -0.364334 -0.396304 0.493837
-0.39326 -0.399251 0.498802 -0.365313 -0.396413 0.494011
-0.394239 -0.39936 0.498976 -0.366293 -0.396522 0.494186
-0.395217 -0.399469 0.49915 -0.367272 -0.396631 0.49436
-0.396196 -0.399577 0.499324 -0.368252 -0.396739 0.494534
-0.397175 -0.399686 0.499498 -0.369231 -0.396848 0.494709
-0.398154 -0.399795 0.499672 -0.370212 -0.396957 0.494884
-0.399132 -0.399904 0.499846 -0.371194 -0.397067 0.495059
-0.400111 -0.400012 0.50002 -0.372177 -0.397176 0.495234
-0.399132 -0.399904 0.499846 -0.373159 -0.397285 0.495408
-0.400111 -0.400012 0.50002 -0.374141 -0.397394 0.495583
-0.399132 -0.399904 0.499846 -0.375122 -0.397503 0.495758
-0.400111 -0.400012 0.50002 -0.376103 -0.397612 0.495933
-0.399132 -0.399904 0.499846 -0.377081 -0.397721 0.496107
-0.400111 -0.400012 0.50002 -0.378052 -0.397828 0.49628
-0.399132 -0.399904 0.499846 -0.379013 -0.397934 0.49645
-0.400111 -0.400012 0.50002 -0.379959 -0.398037 0.496617
-0.399132 -0.399904 0.499846 -0.380889 -0.398138 0.496781
-0.400111 -0.400012 0.50002 -0.381799 -0.398236 0.496941
-0.399132 -0.399904 0.499846 -0.382689 -0.398331 0.497096
-0.400111 -0.400012 0.50002 -0.383125 -0.398377 0.497172
-0.399132 -0.399904 0.499846 -0.384397 -0.39851 0.497393
-0.400111 -0.400012 0.50002 -0.385213 -0.398594 0.497534
-0.399132 -0.399904 0.499846 -0.386001 -0.398675 0.497669
-0.400111 -0.400012 0.50002 -0.386763 -0.398752 0.4978
-0.399132 -0.399904 0.499846 -0.387498 -0.398825 0.497925
-0.400111 -0.400012 0.50002 -0.388206 -0.398896 0.498045
-0.399132 -0.399904 0.499846 -0.388887 -0.398963 0.49816
-0.400111 -0.400012 0.50002 -0.38954 -0.399026 0.49827
-0.399132 -0.399904 0.499846 -0.390166 -0.399087 0.498376
-0.400111 -0.400012 0.50002 -0.390765 -0.399144 0.498476
-0.399132 -0.399904 0.499846 -0.391337 -0.399198 0.498571
-0.400111 -0.400012 0.50002 -0.391614 -0.399224 0.498617
-0.399132 -0.399904 0.499846 -0.392405 -0.399299 0.498749
-0.400111 -0.400012 0.50002 -0.392902 -0.399345 0.498831
-0.399132 -0.399904 0.499846 -0.393374 -0.399388 0.498909
-0.400111 -0.400012 0.50002 -0.393823 -0.39943 0.498983
-0.399132 -0.399904 0.499846 -0.394249 -0.399469 0.499053
-0.400111 -0.400012 0.50002 -0.394652 -0.399505 0.499119
-0.399132 -0.399904 0.499846 -0.395034 -0.39954 0.499182
-0.400111 -0.400012 0.50002 -0.395395 -0.399572 0.499241
-0.399132 -0.399904 0.499846 -0.395567 -0.399588 0.499269
-0.400111 -0.400012 0.50002 -0.396056 -0.399632 0.499349
-0.399132 -0.399904 0.499846 -0.396359 -0.399659 0.499398
-0.400111 -0.400012 0.50002 -0.396643 -0.399684 0.499444
-0.399132 -0.399904 0.499846 -0.396911 -0.399708 0.499488
-0.400111 -0.400012 0.50002 -0.397163 -0.399731 0.499529
-0.399132 -0.399904 0.499846 -0.397398 -0.399752 0.499567
-0.400111 -0.400012 0.50002 -0.397619 -0.399771 0.499603
-0.399132 -0.399904 0.499846 -0.397825 -0.39979 0.499637
-0.400111 -0.400012 0.50002 -0.398018 -0.399807 0.499668
-0.399132 -0.399904 0.499846 -0.398196 -0.399823 0.499697
-0.400111 -0.400012 0.50002 -0.398362 -0.399838 0.499724
-0.399132 -0.399904 0.499846 -0.398516 -0.399851 0.499749
-0.400111 -0.400012 0.50002 -0.398658 -0.399864 0.499772
-0.399132 -0.399904 0.499846 -0.398791 -0.399876 0.499794
-0.400111 -0.400012 0.50002 -0.398914 -0.399887 0.499814
-0.399132 -0.399904 0.499846 -0.399028 -0.399897 0.499832
