0.499336 -0.300074 0.340118 0.500314 -0.299965 0.339943
0.498357 -0.300183 0.340292 0.500314 -0.299965 0.339943
0.497379 -0.300291 0.340466 0.500314 -0.299965 0.339943
0.4964 -0.3004 0.34064 0.500313 -0.299965 0.339943
0.495421 -0.300509 0.340814 0.500312 -0.299965 0.339944
0.494442 -0.300618 0.340988 0.5003 -0.299966 0.339946
0.493464 -0.300726 0.341162 0.50028 -0.299968 0.339949
0.492485 -0.300835 0.341336 0.500247 -0.299972 0.339955
0.491506 -0.300944 0.34151 0.500197 -0.299978 0.339964
0.490527 -0.301053 0.341684 0.500129 -0.299985 0.339977
0.489549 -0.301161 0.341858 0.50004 -0.299996 0.339993
0.48857 -0.30127 0.342032 0.499928 -0.300008 0.340013
0.487591 -0.301379 0.342206 0.499793 -0.300024 0.340038
0.486613 -0.301487 0.34238 0.499716 -0.300033 0.340052
0.485634 -0.301596 0.342554 0.499447 -0.300064 0.340101
0.484655 -0.301705 0.342728 0.499234 -0.300089 0.34014
0.483676 -0.301814 0.342902 0.499117 -0.300102 0.340162
0.482698 -0.301922 0.343076 0.498726 -0.300148 0.340234
0.481719 -0.302031 0.34325 0.498431 -0.300183 0.340288
0.48074 -0.30214 0.343424 0.498109 -0.30022 0.340348
0.479761 -0.302249 0.343598 0.497759 -0.300261 0.340412
0.478783 -0.302357 0.343772 0.497574 -0.300283 0.340447
0.477804 -0.302466 0.343946 0.496979 -0.300353 0.340557
0.476825 -0.302575 0.34412 0.496549 -0.300404 0.340637
0.475847 -0.302684 0.344294 0.496324 -0.30043 0.340678
0.474868 -0.302792 0.344468 0.495363 -0.300544 0.340857
0.473889 -0.302901 0.344642 0.494846 -0.300605 0.340953
0.47291 -0.30301 0.344816 0.494578 -0.300636 0.341002
0.471932 -0.303119 0.34499 0.494305 -0.300669 0.341053
0.470953 -0.303227 0.345164 0.492859 -0.300839 0.341321
0.469974 -0.303336 0.345338 0.492557 -0.300875 0.341376
0.468996 -0.303445 0.345512 0.491624 -0.300984 0.341549
0.468017 -0.303554 0.345686 0.490981 -0.301059 0.341667
0.467038 -0.303662 0.34586 0.490323 -0.301137 0.341789
0.466059 -0.303771 0.346034 0.489648 -0.301216 0.341913
0.465081 -0.30388 0.346208 0.488959 -0.301296 0.34204
0.464102 -0.303989 0.346382 0.488254 -0.301378 0.34217
0.463123 -0.304097 0.346556 0.487534 -0.301462 0.342302
0.462144 -0.304206 0.34673 0.4868 -0.301548 0.342437
0.461166 -0.304315 0.346904 0.486052 -0.301635 0.342574
0.460187 -0.304424 0.347078 0.485291 -0.301723 0.342713
0.459208 -0.304532 0.347252 0.484518 -0.301813 0.342855
0.45823 -0.304641 0.347426 0.483733 -0.301904 0.342998
0.457251 -0.30475 0.3476 0.482937 -0.301996 0.343144
0.456272 -0.304859 0.347774 0.482129 -0.302089 0.343291
0.455293 -0.304967 0.347948 0.481312 -0.302184 0.343441
0.454315 -0.305076 0.348122 0.480484 -0.302279 0.343591
0.453336 -0.305185 0.348296 0.479647 -0.302376 0.343744
0.452357 -0.305294 0.34847 0.478801 -0.302473 0.343898
0.451379 -0.305402 0.348644 0.477946 -0.302571 0.344053
0.4504 -0.305511 0.348818 0.477083 -0.30267 0.34421
0.449421 -0.30562 0.348992 0.476212 -0.30277 0.344368
0.448442 -0.305729 0.349166 0.475333 -0.30287 0.344527
0.447464 -0.305837 0.34934 0.474448 -0.302972 0.344687
0.446485 -0.305946 0.349514 0.473556 -0.303073 0.344848
0.445506 -0.306055 0.349688 0.472658 -0.303176 0.34501
0.444527 -0.306164 0.349862 0.471754 -0.303279 0.345174
0.443549 -0.306272 0.350036 0.4713 -0.30333 0.345255
0.44257 -0.306381 0.35021 0.46993 -0.303486 0.345502
0.441591 -0.30649 0.350384 0.46901 -0.303591 0.345668
0.440613 -0.306599 0.350558 0.467623 -0.303748 0.345918
0.439634 -0.306707 0.350732 0.466693 -0.303853 0.346085
0.438655 -0.306816 0.350906 0.465759 -0.303959 0.346252
0.437676 -0.306925 0.35108 0.465292 -0.304011 0.346336
0.436698 -0.307034 0.351254 0.463412 -0.304223 0.346673
0.435719 -0.307142 0.351428 0.46294 -0.304277 0.346758
0.43474 -0.307251 0.351602 0.461521 -0.304436 0.347011
0.433761 -0.30736 0.351776 0.461048 -0.30449 0.347096
0.432783 -0.307469 0.35195 0.4601 -0.304596 0.347265
0.431804 -0.307577 0.352124 0.459154 -0.304702 0.347434
0.430825 -0.307686 0.352298 0.458209 -0.304808 0.347603
0.429847 -0.307795 0.352472 0.457264 -0.304913 0.347771
0.428868 -0.307904 0.352646 0.456319 -0.305019 0.347939
0.427889 -0.308012 0.35282 0.455373 -0.305124 0.348107
0.42691 -0.308121 0.352994 0.454426 -0.30523 0.348276
0.425932 -0.30823 0.353168 0.453479 -0.305336 0.348444
0.424953 -0.308339 0.353342 0.452531 -0.305441 0.348612
0.423974 -0.308447 0.353516 0.451583 -0.305547 0.348781
0.422996 -0.308556 0.35369 0.450634 -0.305653 0.348949
0.422017 -0.308665 0.353864 0.449682 -0.305759 0.349118
0.421038 -0.308774 0.354038 0.448728 -0.305865 0.349288
0.420059 -0.308882 0.354212 0.447774 -0.305971 0.349457
0.419081 -0.308991 0.354386 0.44682 -0.306077 0.349626
0.418102 -0.3091 0.35456 0.445867 -0.306184 0.349795
0.417123 -0.309209 0.354734 0.444913 -0.30629 0.349964
0.416144 -0.309317 0.354908 0.443958 -0.306396 0.350134
0.415166 -0.309426 0.355082 0.443004 -0.306502 0.350303
0.414187 -0.309535 0.355256 0.442049 -0.306608 0.350472
0.413208 -0.309644 0.35543 0.441571 -0.306661 0.350557
0.41223 -0.309752 0.355604 0.440137 -0.306821 0.350811
0.411251 -0.309861 0.355778 0.439177 -0.306928 0.350982
0.410272 -0.30997 0.355952 0.438214 -0.307035 0.351153
0.409293 -0.310079 0.356126 0.437249 -0.307142 0.351324
0.408315 -0.310187 0.3563 0.436284 -0.30725 0.351495
0.407336 -0.310296 0.356474 0.435319 -0.307358 0.351667
0.406357 -0.310405 0.356648 0.434352 -0.307465 0.351838
0.405378 -0.310514 0.356822 0.433385 -0.307573 0.35201
0.4044 -0.310622 0.356996 0.432417 -0.307681 0.352182
0.403421 -0.310731 0.35717 0.431449 -0.307789 0.352354
0.402442 -0.31084 0.357344 0.430481 -0.307897 0.352525
0.401464 -0.310948 0.357518 0.429513 -0.308004 0.352697
0.400485 -0.311057 0.357692 0.428546 -0.308112 0.352869
0.399506 -0.311166 0.357866 0.428062 -0.308166 0.352955
0.398527 -0.311275 0.35804 0.427578 -0.30822 0.35304
0.397549 -0.311383 0.358214 0.425642 -0.308435 0.353384
0.39657 -0.311492 0.358388 0.424674 -0.308543 0.353556
0.395591 -0.311601 0.358562 0.423706 -0.308651 0.353728
0.394613 -0.31171 0.358736 0.422736 -0.308759 0.3539
0.393634 -0.311818 0.35891 0.421766 -0.308867 0.354072
0.392655 -0.311927 0.359084 0.420796 -0.308975 0.354244
0.391676 -0.312036 0.359258 0.419826 -0.309083 0.354416
0.390698 -0.312145 0.359432 0.418856 -0.309191 0.354588
0.389719 -0.312253 0.359606 0.417885 -0.309299 0.35476
0.38874 -0.312362 0.35978 0.416915 -0.309407 0.354932
0.387761 -0.312471 0.359954 0.415945 -0.309515 0.355104
0.386783 -0.31258 0.360128 0.414975 -0.309623 0.355277
0.385804 -0.312688 0.360302 0.413519 -0.309785 0.355535
0.384825 -0.312797 0.360476 0.412063 -0.309948 0.355793
0.383847 -0.312906 0.360649 0.411577 -0.310002 0.355879
0.382868 -0.313015 0.360823 0.410121 -0.310164 0.356138
0.381889 -0.313123 0.360997 0.409151 -0.310272 0.35631
0.38091 -0.313232 0.361171 0.408666 -0.310326 0.356396
0.379932 -0.313341 0.361345 0.407696 -0.310434 0.356568
0.378953 -0.31345 0.361519 0.40624 -0.310596 0.356826
0.377974 -0.313558 0.361693 0.405755 -0.31065 0.356912
0.376996 -0.313667 0.361867 0.404785 -0.310758 0.357085
0.376017 -0.313776 0.362041 0.403814 -0.310866 0.357257
0.375038 -0.313885 0.362215 0.402843 -0.310974 0.357429
0.374059 -0.313993 0.362389 0.401871 -0.311083 0.357601
0.373081 -0.314102 0.362563 0.4009 -0.311191 0.357774
0.372102 -0.314211 0.362737 0.399928 -0.311299 0.357946
0.371123 -0.31432 0.362911 0.398955 -0.311408 0.358119
0.370144 -0.314428 0.363085 0.397982 -0.311516 0.358292
0.369166 -0.314537 0.363259 0.397009 -0.311625 0.358464
0.368187 -0.314646 0.363433 0.396035 -0.311733 0.358637
0.367208 -0.314755 0.363607 0.395061 -0.311842 0.35881
0.36623 -0.314863 0.363781 0.394087 -0.311951 0.358983
0.365251 -0.314972 0.363955 0.393113 -0.312059 0.359156
0.364272 -0.315081 0.364129 0.392138 -0.312168 0.359329
0.363293 -0.31519 0.364303 0.391163 -0.312277 0.359502
0.362315 -0.315298 0.364477 0.390187 -0.312386 0.359675
0.361336 -0.315407 0.364651 0.389699 -0.31244 0.359762
0.360357 -0.315516 0.364825 0.388235 -0.312604 0.360022
0.359378 -0.315625 0.364999 0.387259 -0.312712 0.360195
0.3584 -0.315733 0.365173 0.386282 -0.312821 0.360369
0.357421 -0.315842 0.365347 0.385305 -0.31293 0.360542
0.356442 -0.315951 0.365521 0.384328 -0.31304 0.360716
0.355464 -0.31606 0.365695 0.383351 -0.313149 0.360889
0.354485 -0.316168 0.365869 0.382373 -0.313258 0.361063
0.353506 -0.316277 0.366043 0.381884 -0.313312 0.361149
0.352527 -0.316386 0.366217 0.380417 -0.313476 0.36141
0.351549 -0.316495 0.366391 0.379439 -0.313585 0.361583
0.35057 -0.316603 0.366565 0.378461 -0.313694 0.361757
0.349591 -0.316712 0.366739 0.377483 -0.313803 0.361931
0.348613 -0.316821 0.366913 0.376504 -0.313913 0.362104
0.347634 -0.31693 0.367087 0.375526 -0.314022 0.362278
0.346655 -0.317038 0.367261 0.374547 -0.314131 0.362452
0.345676 -0.317147 0.367435 0.373568 -0.31424 0.362625
0.344698 -0.317256 0.367609 0.37259 -0.31435 0.362799
0.343719 -0.317365 0.367783 0.371611 -0.314459 0.362973
0.34274 -0.317473 0.367957 0.371121 -0.314513 0.36306
0.341761 -0.317582 0.368131 0.369653 -0.314677 0.36332
0.340783 -0.317691 0.368305 0.368674 -0.314787 0.363494
0.339804 -0.3178 0.368479 0.367694 -0.314896 0.363668
0.338825 -0.317908 0.368653 0.366715 -0.315005 0.363842
0.337847 -0.318017 0.368827 0.365736 -0.315114 0.364015
0.336868 -0.318126 0.369001 0.364757 -0.315224 0.364189
0.335889 -0.318235 0.369175 0.363778 -0.315333 0.364363
0.33491 -0.318343 0.369349 0.362798 -0.315442 0.364537
0.333932 -0.318452 0.369523 0.361819 -0.315551 0.36471
0.332953 -0.318561 0.369697 0.36084 -0.315661 0.364884
0.331974 -0.31867 0.369871 0.359861 -0.31577 0.365058
0.330996 -0.318778 0.370045 0.358881 -0.315879 0.365232
0.330017 -0.318887 0.370219 0.357902 -0.315988 0.365405
0.329038 -0.318996 0.370393 0.356925 -0.316097 0.365579
0.328059 -0.319105 0.370567 0.355948 -0.316206 0.365752
0.327081 -0.319213 0.370741 0.354971 -0.316315 0.365925
0.326102 -0.319322 0.370915 0.353994 -0.316424 0.366098
0.325123 -0.319431 0.371089 0.353016 -0.316533 0.366272
0.324144 -0.31954 0.371263 0.352038 -0.316642 0.366445
0.323166 -0.319648 0.371437 0.351061 -0.316751 0.366619
0.322187 -0.319757 0.371611 0.350082 -0.31686 0.366792
0.321208 -0.319866 0.371785 0.349104 -0.316969 0.366966
0.32023 -0.319974 0.371959 0.348126 -0.317079 0.367139
0.319251 -0.320083 0.372133 0.347147 -0.317188 0.367313
0.318272 -0.320192 0.372307 0.346168 -0.317297 0.367486
0.317293 -0.320301 0.372481 0.345189 -0.317406 0.36766
0.316315 -0.320409 0.372655 0.34421 -0.317516 0.367834
0.315336 -0.320518 0.372829 0.343231 -0.317625 0.368007
0.314357 -0.320627 0.373003 0.342252 -0.317734 0.368181
0.313378 -0.320736 0.373177 0.341273 -0.317843 0.368355
0.3124 -0.320844 0.373351 0.340293 -0.317953 0.368528
0.311421 -0.320953 0.373525 0.339314 -0.318062 0.368702
0.310442 -0.321062 0.373699 0.338335 -0.318171 0.368876
0.309464 -0.321171 0.373873 0.337355 -0.318281 0.369049
0.308485 -0.321279 0.374047 0.336376 -0.31839 0.369223
0.307506 -0.321388 0.374221 0.335396 -0.318499 0.369397
0.306527 -0.321497 0.374395 0.334417 -0.318609 0.369571
0.305549 -0.321606 0.374569 0.333437 -0.318718 0.369744
0.30457 -0.321714 0.374743 0.332458 -0.318827 0.369918
0.303591 -0.321823 0.374917 0.331478 -0.318937 0.370092
0.302613 -0.321932 0.375091 0.330499 -0.319046 0.370266
0.301634 -0.322041 0.375265 0.329519 -0.319155 0.370439
0.300655 -0.322149 0.375439 0.328539 -0.319265 0.370613
0.299676 -0.322258 0.375613 0.32756 -0.319374 0.370787
0.298698 -0.322367 0.375787 0.32658 -0.319483 0.37096
0.297719 -0.322476 0.375961 0.325601 -0.319593 0.371134
0.29674 -0.322584 0.376135 0.324622 -0.319702 0.371308
0.295761 -0.322693 0.376309 0.323642 -0.319811 0.371481
0.294783 -0.322802 0.376483 0.322663 -0.319921 0.371655
0.293804 -0.322911 0.376657 0.321683 -0.32003 0.371829
0.292825 -0.323019 0.376831 0.320704 -0.320139 0.372002
0.291847 -0.323128 0.377005 0.319724 -0.320249 0.372176
0.290868 -0.323237 0.377179 0.318745 -0.320358 0.37235
0.289889 -0.323346 0.377353 0.317766 -0.320467 0.372523
0.28891 -0.323454 0.377527 0.316786 -0.320576 0.372697
0.287932 -0.323563 0.377701 0.315807 -0.320686 0.372871
0.286953 -0.323672 0.377875 0.314828 -0.320795 0.373044
0.285974 -0.323781 0.378049 0.313849 -0.320904 0.373218
0.284996 -0.323889 0.378223 0.312869 -0.321014 0.373391
0.284017 -0.323998 0.378397 0.31189 -0.321123 0.373565
0.283038 -0.324107 0.378571 0.310911 -0.321232 0.373739
0.282059 -0.324216 0.378745 0.309932 -0.321342 0.373912
0.281081 -0.324324 0.378919 0.308952 -0.321451 0.374086
0.280102 -0.324433 0.379093 0.308463 -0.321506 0.374173
0.279123 -0.324542 0.379267 0.306994 -0.321669 0.374433
0.278144 -0.324651 0.379441 0.306018 -0.321778 0.374606
0.277166 -0.324759 0.379615 0.305046 -0.321886 0.374778
0.276187 -0.324868 0.379789 0.304073 -0.321995 0.37495
0.275208 -0.324977 0.379963 0.3031 -0.322103 0.375123
0.27423 -0.325086 0.380137 0.302126 -0.322212 0.375295
0.273251 -0.325194 0.380311 0.301151 -0.32232 0.375468
0.272272 -0.325303 0.380485 0.300176 -0.322429 0.375641
0.271293 -0.325412 0.380659 0.2992 -0.322538 0.375814
0.270315 -0.325521 0.380833 0.298223 -0.322647 0.375987
0.269336 -0.325629 0.381007 0.297246 -0.322756 0.37616
0.268357 -0.325738 0.381181 0.296269 -0.322865 0.376333
0.267378 -0.325847 0.381355 0.295291 -0.322975 0.376507
0.2664 -0.325956 0.381529 0.294313 -0.323084 0.37668
0.265421 -0.326064 0.381703 0.293824 -0.323139 0.376767
0.264442 -0.326173 0.381877 0.292356 -0.323303 0.377027
0.263464 -0.326282 0.382051 0.291377 -0.323412 0.377201
0.262485 -0.326391 0.382225 0.290398 -0.323521 0.377374
0.261506 -0.326499 0.382399 0.289418 -0.323631 0.377548
0.260527 -0.326608 0.382573 0.288439 -0.32374 0.377722
0.259549 -0.326717 0.382747 0.287459 -0.32385 0.377895
0.25857 -0.326826 0.382921 0.286479 -0.323959 0.378069
0.257591 -0.326934 0.383095 0.285499 -0.324069 0.378243
0.256613 -0.327043 0.383269 0.28452 -0.324178 0.378416
0.255634 -0.327152 0.383443 0.28354 -0.324288 0.37859
0.254655 -0.327261 0.383617 0.28256 -0.324397 0.378764
0.253676 -0.327369 0.383791 0.281579 -0.324507 0.378938
0.252698 -0.327478 0.383965 0.280599 -0.324616 0.379111
0.251719 -0.327587 0.384139 0.279619 -0.324726 0.379285
0.25074 -0.327696 0.384313 0.278639 -0.324835 0.379459
0.249761 -0.327804 0.384487 0.277659 -0.324945 0.379633
0.248783 -0.327913 0.384661 0.277169 -0.325 0.379719
0.247804 -0.328022 0.384835 0.275699 -0.325164 0.37998
0.246825 -0.328131 0.385009 0.274718 -0.325273 0.380154
0.245847 -0.328239 0.385183 0.273738 -0.325383 0.380327
0.244868 -0.328348 0.385357 0.272758 -0.325492 0.380501
0.243889 -0.328457 0.385531 0.271778 -0.325602 0.380675
0.24291 -0.328566 0.385705 0.270798 -0.325711 0.380848
0.241932 -0.328674 0.385879 0.269818 -0.325821 0.381022
0.240953 -0.328783 0.386053 0.268838 -0.32593 0.381196
0.239974 -0.328892 0.386227 0.267858 -0.32604 0.381369
0.238995 -0.329001 0.386401 0.266878 -0.326149 0.381543
0.238017 -0.329109 0.386575 0.265899 -0.326258 0.381717
0.237038 -0.329218 0.386749 0.264919 -0.326368 0.38189
0.236059 -0.329327 0.386923 0.263939 -0.326477 0.382064
0.235081 -0.329435 0.387097 0.262959 -0.326587 0.382238
0.234102 -0.329544 0.387271 0.26198 -0.326696 0.382411
0.233123 -0.329653 0.387445 0.261 -0.326805 0.382585
0.232144 -0.329762 0.387619 0.26002 -0.326915 0.382758
0.231166 -0.32987 0.387793 0.259041 -0.327024 0.382932
0.230187 -0.329979 0.387967 0.258061 -0.327133 0.383105
0.229208 -0.330088 0.388141 0.257082 -0.327243 0.383279
0.22823 -0.330197 0.388315 0.256592 -0.327297 0.383366
0.227251 -0.330305 0.388489 0.255123 -0.327461 0.383626
0.226272 -0.330414 0.388663 0.254144 -0.327571 0.383799
0.225293 -0.330523 0.388837 0.253164 -0.32768 0.383973
0.224315 -0.330632 0.389011 0.252186 -0.327789 0.384146
0.223336 -0.33074 0.389185 0.25121 -0.327898 0.384319
0.222357 -0.330849 0.389359 0.250237 -0.328006 0.384491
0.221378 -0.330958 0.389533 0.249264 -0.328115 0.384664
0.2204 -0.331067 0.389707 0.24829 -0.328223 0.384836
0.219421 -0.331175 0.389881 0.247316 -0.328332 0.385009
0.218442 -0.331284 0.390055 0.246342 -0.32844 0.385181
0.217464 -0.331393 0.390229 0.245368 -0.328549 0.385354
0.216485 -0.331502 0.390403 0.244393 -0.328658 0.385526
0.215506 -0.33161 0.390577 0.243417 -0.328766 0.385699
0.214527 -0.331719 0.390751 0.242441 -0.328875 0.385872
0.213549 -0.331828 0.390925 0.241953 -0.32893 0.385959
0.21257 -0.331937 0.391099 0.240487 -0.329094 0.386218
0.211591 -0.332045 0.391273 0.239509 -0.329203 0.386392
0.210613 -0.332154 0.391447 0.238531 -0.329312 0.386565
0.209634 -0.332263 0.391621 0.237064 -0.329476 0.386825
0.208655 -0.332372 0.391795 0.236575 -0.329531 0.386911
0.207676 -0.33248 0.391969 0.235115 -0.329694 0.38717
0.206698 -0.332589 0.392143 0.234143 -0.329802 0.387342
0.205719 -0.332698 0.392317 0.233171 -0.32991 0.387514
0.20474 -0.332807 0.392491 0.2322 -0.330018 0.387686
0.203761 -0.332915 0.392665 0.231231 -0.330126 0.387858
0.202783 -0.333024 0.392839 0.230264 -0.330234 0.388029
0.201804 -0.333133 0.393013 0.2293 -0.330341 0.3882
0.200825 -0.333242 0.393187 0.228338 -0.330447 0.38837
0.199847 -0.33335 0.393361 0.227378 -0.330554 0.38854
0.198868 -0.333459 0.393535 0.22642 -0.33066 0.388709
0.197889 -0.333568 0.393709 0.225462 -0.330766 0.388879
0.19691 -0.333677 0.393883 0.224505 -0.330872 0.389048
0.195932 -0.333785 0.394057 0.223549 -0.330979 0.389217
0.194953 -0.333894 0.394231 0.222592 -0.331085 0.389387
0.193974 -0.334003 0.394405 0.221636 -0.331191 0.389556
0.192995 -0.334112 0.394579 0.221158 -0.331244 0.389641
0.192017 -0.33422 0.394753 0.219723 -0.331404 0.389895
0.191038 -0.334329 0.394927 0.219245 -0.331457 0.389979
0.190059 -0.334438 0.395101 0.217343 -0.331668 0.390316
0.189081 -0.334547 0.395275 0.216869 -0.33172 0.3904
0.188102 -0.334655 0.395449 0.215444 -0.331878 0.390652
0.187123 -0.334764 0.395623 0.214494 -0.331984 0.39082
0.186144 -0.334873 0.395797 0.213542 -0.33209 0.390989
0.185166 -0.334982 0.395971 0.212589 -0.332196 0.391158
0.184187 -0.33509 0.396145 0.211159 -0.332355 0.391411
0.183208 -0.335199 0.396319 0.210681 -0.332409 0.391496
0.18223 -0.335308 0.396493 0.209726 -0.332515 0.391665
0.181251 -0.335417 0.396667 0.20877 -0.332622 0.391834
0.180272 -0.335525 0.396841 0.207812 -0.332729 0.392004
0.179293 -0.335634 0.397015 0.206854 -0.332836 0.392174
0.178315 -0.335743 0.397189 0.205895 -0.332943 0.392344
0.177336 -0.335852 0.397363 0.204935 -0.333051 0.392514
0.176357 -0.33596 0.397536 0.203975 -0.333158 0.392684
0.175378 -0.336069 0.39771 0.203013 -0.333266 0.392854
0.1744 -0.336178 0.397884 0.202051 -0.333373 0.393025
0.173421 -0.336287 0.398058 0.201088 -0.333481 0.393196
0.172442 -0.336395 0.398232 0.200124 -0.333589 0.393367
0.171464 -0.336504 0.398406 0.199159 -0.333697 0.393538
0.170485 -0.336613 0.39858 0.198193 -0.333806 0.393709
0.169506 -0.336722 0.398754 0.197227 -0.333914 0.39388
0.168527 -0.33683 0.398928 0.19626 -0.334022 0.394052
0.167549 -0.336939 0.399102 0.195776 -0.334077 0.394137
0.16657 -0.337048 0.399276 0.194324 -0.334239 0.394395
0.165591 -0.337157 0.39945 0.193355 -0.334348 0.394567
0.164613 -0.337265 0.399624 0.192385 -0.334457 0.394739
0.163634 -0.337374 0.399798 0.191414 -0.334565 0.394911
0.162655 -0.337483 0.399972 0.190443 -0.334674 0.395083
0.161676 -0.337592 0.400146 0.189472 -0.334783 0.395255
0.160698 -0.3377 0.40032 0.1885 -0.334892 0.395427
0.159719 -0.337809 0.400494 0.187527 -0.335001 0.3956
0.15874 -0.337918 0.400668 0.186555 -0.33511 0.395772
0.157761 -0.338027 0.400842 0.185581 -0.335219 0.395945
0.156783 -0.338135 0.401016 0.184607 -0.335328 0.396117
0.155804 -0.338244 0.40119 0.183633 -0.335437 0.39629
0.154825 -0.338353 0.401364 0.182659 -0.335546 0.396463
0.153847 -0.338461 0.401538 0.181684 -0.335655 0.396636
0.152868 -0.33857 0.401712 0.180709 -0.335765 0.396809
0.151889 -0.338679 0.401886 0.179733 -0.335874 0.396981
0.15091 -0.338788 0.40206 0.178757 -0.335983 0.397154
0.149932 -0.338896 0.402234 0.17778 -0.336092 0.397328
0.148953 -0.339005 0.402408 0.176802 -0.336202 0.397501
0.147974 -0.339114 0.402582 0.175823 -0.336312 0.397675
0.146995 -0.339223 0.402756 0.174844 -0.336421 0.397848
0.146017 -0.339331 0.40293 0.173866 -0.336531 0.398021
0.145038 -0.33944 0.403104 0.172888 -0.33664 0.398195
0.144059 -0.339549 0.403278 0.171909 -0.336749 0.398368
0.143081 -0.339658 0.403452 0.170931 -0.336859 0.398542
0.142102 -0.339766 0.403626 0.169953 -0.336968 0.398715
0.141123 -0.339875 0.4038 0.168974 -0.337077 0.398888
0.140144 -0.339984 0.403974 0.167996 -0.337186 0.399062
0.139166 -0.340093 0.404148 0.167018 -0.337296 0.399235
0.138187 -0.340201 0.404322 0.16604 -0.337405 0.399409
0.137208 -0.34031 0.404496 0.165062 -0.337514 0.399582
0.13623 -0.340419 0.40467 0.164084 -0.337623 0.399755
0.135251 -0.340528 0.404844 0.163106 -0.337732 0.399929
0.134272 -0.340636 0.405018 0.162128 -0.337841 0.400102
0.133293 -0.340745 0.405192 0.16115 -0.33795 0.400275
0.132315 -0.340854 0.405366 0.160172 -0.338059 0.400449
0.131336 -0.340963 0.40554 0.159194 -0.338169 0.400622
0.130357 -0.341071 0.405714 0.158216 -0.338278 0.400795
0.129378 -0.34118 0.405888 0.157237 -0.338387 0.400969
0.1284 -0.341289 0.406062 0.156259 -0.338496 0.401142
0.127421 -0.341398 0.406236 0.155282 -0.338605 0.401315
0.126442 -0.341506 0.40641 0.154306 -0.338713 0.401488
0.125464 -0.341615 0.406584 0.153332 -0.338822 0.401661
0.124485 -0.341724 0.406758 0.152358 -0.33893 0.401834
0.123506 -0.341833 0.406932 0.151383 -0.339038 0.402006
0.122527 -0.341941 0.407106 0.150408 -0.339147 0.402179
0.121549 -0.34205 0.40728 0.149432 -0.339256 0.402352
0.12057 -0.342159 0.407454 0.148456 -0.339364 0.402525
0.119591 -0.342268 0.407628 0.14748 -0.339473 0.402698
0.118613 -0.342376 0.407802 0.146503 -0.339582 0.402871
0.117634 -0.342485 0.407976 0.145527 -0.339691 0.403044
0.116655 -0.342594 0.40815 0.14455 -0.339799 0.403218
0.115676 -0.342703 0.408324 0.143573 -0.339908 0.403391
0.114698 -0.342811 0.408498 0.142595 -0.340017 0.403564
0.113719 -0.34292 0.408672 0.141619 -0.340126 0.403737
0.11274 -0.343029 0.408846 0.140645 -0.340234 0.40391
0.111761 -0.343138 0.40902 0.139675 -0.340342 0.404082
0.110783 -0.343246 0.409194 0.138704 -0.34045 0.404254
0.109804 -0.343355 0.409368 0.137732 -0.340558 0.404426
0.108825 -0.343464 0.409542 0.136273 -0.34072 0.404685
0.107847 -0.343573 0.409716 0.135298 -0.340829 0.404858
0.106868 -0.343681 0.40989 0.134324 -0.340937 0.405031
0.105889 -0.34379 0.410064 0.133837 -0.340991 0.405117
0.10491 -0.343899 0.410238 0.132381 -0.341153 0.405375
0.103932 -0.344008 0.410412 0.131416 -0.34126 0.405546
0.102953 -0.344116 0.410586 0.130457 -0.341366 0.405716
0.101974 -0.344225 0.41076 0.129502 -0.341471 0.405885
0.100995 -0.344334 0.410934 0.128547 -0.341576 0.406055
0.100017 -0.344443 0.411108 0.127592 -0.341681 0.406224
0.099038 -0.344551 0.411282 0.126639 -0.341787 0.406393
0.0980593 -0.34466 0.411456 0.125685 -0.341892 0.406562
0.0970806 -0.344769 0.41163 0.124732 -0.341997 0.406731
0.0961019 -0.344878 0.411804 0.123778 -0.342103 0.4069
0.0951231 -0.344986 0.411978 0.122825 -0.342208 0.407069
0.0941444 -0.345095 0.412152 0.121871 -0.342314 0.407238
0.0931657 -0.345204 0.412326 0.120917 -0.342419 0.407408
0.092187 -0.345313 0.4125 0.119486 -0.342578 0.407661
0.0912082 -0.345421 0.412674 0.118531 -0.342684 0.407831
0.0902295 -0.34553 0.412848 0.117576 -0.34279 0.408
0.0892508 -0.345639 0.413022 0.116621 -0.342896 0.40817
0.0882721 -0.345748 0.413196 0.115665 -0.343002 0.408339
0.0872934 -0.345856 0.41337 0.114708 -0.343109 0.408509
0.0863146 -0.345965 0.413544 0.113751 -0.343215 0.408679
0.0853359 -0.346074 0.413718 0.113272 -0.343268 0.408764
0.0843572 -0.346183 0.413892 0.112313 -0.343375 0.408934
0.0833785 -0.346291 0.414066 0.111354 -0.343482 0.409104
0.0823997 -0.3464 0.41424 0.110393 -0.343589 0.409275
0.081421 -0.346509 0.414414 0.108952 -0.34375 0.40953
0.0804423 -0.346618 0.414588 0.108472 -0.343803 0.409616
0.0794636 -0.346726 0.414762 0.10751 -0.343911 0.409786
0.0784848 -0.346835 0.414936 0.106548 -0.344018 0.409957
0.0775061 -0.346944 0.41511 0.105585 -0.344125 0.410128
0.0765274 -0.347053 0.415284 0.104622 -0.344233 0.410299
0.0755487 -0.347161 0.415458 0.103658 -0.34434 0.41047
0.0745699 -0.34727 0.415632 0.102694 -0.344448 0.410641
0.0735912 -0.347379 0.415806 0.101729 -0.344556 0.410812
0.0726125 -0.347487 0.41598 0.100764 -0.344663 0.410984
0.0716338 -0.347596 0.416154 0.0997979 -0.344771 0.411155
0.0706551 -0.347705 0.416328 0.0988316 -0.344879 0.411327
0.0696763 -0.347814 0.416502 0.0978648 -0.344987 0.411498
0.0686976 -0.347922 0.416676 0.0968965 -0.345095 0.41167
0.0677189 -0.348031 0.41685 0.0959262 -0.345204 0.411843
0.0667402 -0.34814 0.417024 0.0949548 -0.345312 0.412015
0.0657614 -0.348249 0.417198 0.0939831 -0.345421 0.412188
0.0647827 -0.348357 0.417372 0.0930113 -0.345529 0.41236
0.063804 -0.348466 0.417546 0.0920395 -0.345638 0.412533
0.0628253 -0.348575 0.41772 0.0910676 -0.345747 0.412705
0.0618465 -0.348684 0.417894 0.0900954 -0.345855 0.412878
0.0608678 -0.348792 0.418068 0.0891224 -0.345964 0.413051
0.0598891 -0.348901 0.418242 0.0881479 -0.346073 0.413224
0.0589104 -0.34901 0.418416 0.0871728 -0.346182 0.413397
0.0579316 -0.349119 0.41859 0.0861978 -0.34629 0.41357
0.0569529 -0.349227 0.418764 0.0852225 -0.346399 0.413743
0.0559742 -0.349336 0.418938 0.0842469 -0.346508 0.413917
0.0549955 -0.349445 0.419112 0.0832711 -0.346617 0.41409
0.0540168 -0.349554 0.419286 0.0822955 -0.346726 0.414263
0.053038 -0.349662 0.41946 0.0813201 -0.346835 0.414436
0.0520593 -0.349771 0.419634 0.0803449 -0.346943 0.41461
0.0510806 -0.34988 0.419808 0.0793698 -0.347052 0.414783
0.0501019 -0.349989 0.419982 0.0783948 -0.34716 0.414956
0.0491231 -0.350097 0.420156 0.0774199 -0.347269 0.415129
0.0481444 -0.350206 0.42033 0.076445 -0.347377 0.415302
0.0471657 -0.350315 0.420504 0.0754701 -0.347486 0.415476
0.046187 -0.350424 0.420678 0.0744952 -0.347594 0.415649
0.0452082 -0.350532 0.420852 0.0735201 -0.347703 0.415822
0.0442295 -0.350641 0.421026 0.0725444 -0.347811 0.415995
0.0432508 -0.35075 0.4212 0.0715685 -0.34792 0.416169
0.0422721 -0.350859 0.421374 0.0705927 -0.348028 0.416342
0.0412933 -0.350967 0.421548 0.0696169 -0.348137 0.416515
0.0403146 -0.351076 0.421722 0.0686411 -0.348245 0.416689
0.0393359 -0.351185 0.421896 0.0676653 -0.348354 0.416862
0.0383572 -0.351294 0.42207 0.0666896 -0.348462 0.417036
0.0373785 -0.351402 0.422244 0.0657138 -0.348571 0.417209
0.0363997 -0.351511 0.422418 0.0647378 -0.348679 0.417383
0.035421 -0.35162 0.422592 0.0637618 -0.348788 0.417556
0.0344423 -0.351729 0.422766 0.0627856 -0.348896 0.417729
0.0334636 -0.351837 0.42294 0.0622976 -0.34895 0.417816
0.0324848 -0.351946 0.423114 0.0608332 -0.349113 0.418076
0.0315061 -0.352055 0.423288 0.0598554 -0.349222 0.41825
0.0305274 -0.352164 0.423462 0.0588752 -0.349331 0.418425
0.0295487 -0.352272 0.423636 0.0578941 -0.34944 0.418599
0.0285699 -0.352381 0.42381 0.0569134 -0.349549 0.418773
0.0275912 -0.35249 0.423984 0.0559332 -0.349659 0.418948
0.0266125 -0.352599 0.424158 0.0549536 -0.349767 0.419122
0.0256338 -0.352707 0.424332 0.0539745 -0.349876 0.419296
0.024655 -0.352816 0.424506 0.0529958 -0.349985 0.41947
0.0236763 -0.352925 0.42468 0.0520175 -0.350094 0.419644
0.0226976 -0.353034 0.424854 0.0510394 -0.350202 0.419818
0.0217189 -0.353142 0.425028 0.0500615 -0.350311 0.419992
0.0207402 -0.353251 0.425202 0.049084 -0.350419 0.420165
0.0197614 -0.35336 0.425376 0.0481066 -0.350528 0.420339
0.0187827 -0.353469 0.42555 0.0471294 -0.350636 0.420513
0.017804 -0.353577 0.425724 0.0461524 -0.350745 0.420687
0.0168253 -0.353686 0.425898 0.0451755 -0.350853 0.42086
0.0158465 -0.353795 0.426072 0.0441988 -0.350961 0.421034
0.0148678 -0.353904 0.426246 0.0432222 -0.35107 0.421208
0.0138891 -0.354012 0.42642 0.0422457 -0.351178 0.421381
0.0129104 -0.354121 0.426594 0.0412691 -0.351286 0.421555
0.0119316 -0.35423 0.426768 0.040291 -0.351395 0.421729
0.0109529 -0.354339 0.426942 0.0393107 -0.351504 0.421904
0.0099742 -0.354447 0.427116 0.0383295 -0.351613 0.422078
0.00899547 -0.354556 0.42729 0.0373487 -0.351722 0.422253
0.00801675 -0.354665 0.427464 0.0363677 -0.351831 0.422427
0.00703803 -0.354774 0.427638 0.035386 -0.35194 0.422602
0.0060593 -0.354882 0.427812 0.0344043 -0.35205 0.422776
0.00508058 -0.354991 0.427986 0.0334233 -0.352159 0.422951
0.00410186 -0.3551 0.42816 0.0324429 -0.352267 0.423125
0.00312313 -0.355209 0.428334 0.031953 -0.352322 0.423213
0.00214441 -0.355317 0.428508 0.0304842 -0.352485 0.423474
0.00116569 -0.355426 0.428682 0.0295056 -0.352593 0.423648
0.000186962 -0.355535 0.428856 0.0285275 -0.352702 0.423822
-0.000791762 -0.355644 0.42903 0.0275496 -0.35281 0.423996
-0.00177049 -0.355752 0.429204 0.0265721 -0.352919 0.42417
-0.00274921 -0.355861 0.429378 0.0255949 -0.353027 0.424344
-0.00372793 -0.35597 0.429552 0.0246179 -0.353135 0.424518
-0.00470666 -0.356079 0.429726 0.0236411 -0.353243 0.424692
-0.00568538 -0.356187 0.4299 0.0226644 -0.353352 0.424866
-0.0066641 -0.356296 0.430074 0.021688 -0.35346 0.42504
-0.00764283 -0.356405 0.430248 0.0207116 -0.353568 0.425213
-0.00862155 -0.356514 0.430422 0.0197352 -0.353676 0.425387
-0.00960027 -0.356622 0.430596 0.0187587 -0.353784 0.425561
-0.010579 -0.356731 0.43077 0.0177824 -0.353893 0.425735
-0.0115577 -0.35684 0.430944 0.0168061 -0.354001 0.425909
-0.0125364 -0.356948 0.431118 0.0158295 -0.354109 0.426082
-0.0135152 -0.357057 0.431292 0.0143619 -0.354272 0.426344
-0.0144939 -0.357166 0.431466 0.0138718 -0.354327 0.426431
-0.0154726 -0.357275 0.43164 0.0128912 -0.354436 0.426606
-0.0164513 -0.357383 0.431814 0.0119113 -0.354544 0.42678
-0.0174301 -0.357492 0.431988 0.0109339 -0.354653 0.426954
-0.0184088 -0.357601 0.432162 0.00995986 -0.354761 0.427128
-0.0193875 -0.35771 0.432336 0.00898711 -0.354868 0.427301
-0.0203662 -0.357818 0.43251 0.00752643 -0.35503 0.427561
-0.021345 -0.357927 0.432684 0.00655195 -0.355138 0.427734
-0.0223237 -0.358036 0.432858 0.00557726 -0.355246 0.427908
-0.0233024 -0.358145 0.433032 0.00508986 -0.3553 0.427995
-0.0242811 -0.358253 0.433206 0.00411493 -0.355408 0.428168
-0.0252598 -0.358362 0.43338 0.0026517 -0.35557 0.428429
-0.0262386 -0.358471 0.433554 0.00216366 -0.355624 0.428516
-0.0272173 -0.35858 0.433728 0.00118731 -0.355733 0.42869
-0.028196 -0.358688 0.433902 -0.000277521 -0.355895 0.428951
-0.0291747 -0.358797 0.434076 -0.0012541 -0.356004 0.429125
-0.0301535 -0.358906 0.43425 -0.00223065 -0.356112 0.429299
-0.0311322 -0.359015 0.434424 -0.00320719 -0.35622 0.429473
-0.0321109 -0.359123 0.434597 -0.00418377 -0.356329 0.429647
-0.0330896 -0.359232 0.434771 -0.00467208 -0.356383 0.429734
-0.0340684 -0.359341 0.434945 -0.00613708 -0.356545 0.429995
-0.0350471 -0.35945 0.435119 -0.00711379 -0.356654 0.430169
-0.0360258 -0.359558 0.435293 -0.00809052 -0.356762 0.430343
-0.0370045 -0.359667 0.435467 -0.00906725 -0.356871 0.430517
-0.0379833 -0.359776 0.435641 -0.0100441 -0.356979 0.430691
-0.038962 -0.359885 0.435815 -0.0110214 -0.357087 0.430865
-0.0399407 -0.359993 0.435989 -0.0119992 -0.357196 0.431039
-0.0409194 -0.360102 0.436163 -0.0129774 -0.357305 0.431213
-0.0418981 -0.360211 0.436337 -0.0134666 -0.357359 0.431301
-0.0428769 -0.36032 0.436511 -0.0139558 -0.357413 0.431388
-0.0438556 -0.360428 0.436685 -0.0159124 -0.35763 0.431736
-0.0448343 -0.360537 0.436859 -0.0168905 -0.357739 0.431911
-0.045813 -0.360646 0.437033 -0.0178685 -0.357848 0.432085
-0.0467918 -0.360755 0.437207 -0.0188462 -0.357956 0.432259
-0.0477705 -0.360863 0.437381 -0.019824 -0.358065 0.432434
-0.0487492 -0.360972 0.437555 -0.0208017 -0.358173 0.432608
-0.0497279 -0.361081 0.437729 -0.0217795 -0.358282 0.432782
-0.0507067 -0.36119 0.437903 -0.0227572 -0.35839 0.432956
-0.0516854 -0.361298 0.438077 -0.0237348 -0.358498 0.433131
-0.0526641 -0.361407 0.438251 -0.0247122 -0.358607 0.433305
-0.0536428 -0.361516 0.438425 -0.0256896 -0.358715 0.433479
-0.0546216 -0.361625 0.438599 -0.0266669 -0.358824 0.433653
-0.0556003 -0.361733 0.438773 -0.0276442 -0.358932 0.433827
-0.056579 -0.361842 0.438947 -0.0281327 -0.358986 0.433915
-0.0575577 -0.361951 0.439121 -0.0295984 -0.359149 0.434176
-0.0585364 -0.36206 0.439295 -0.0305755 -0.359257 0.43435
-0.0595152 -0.362168 0.439469 -0.0315525 -0.359366 0.434524
-0.0604939 -0.362277 0.439643 -0.0325296 -0.359474 0.434698
-0.0614726 -0.362386 0.439817 -0.0335066 -0.359582 0.434873
-0.0624513 -0.362495 0.439991 -0.0344836 -0.359691 0.435047
-0.0634301 -0.362603 0.440165 -0.0354605 -0.359799 0.435221
-0.0644088 -0.362712 0.440339 -0.0364375 -0.359907 0.435395
-0.0653875 -0.362821 0.440513 -0.0374145 -0.360016 0.435569
-0.0663662 -0.36293 0.440687 -0.0383915 -0.360124 0.435743
-0.067345 -0.363038 0.440861 -0.0393685 -0.360232 0.435918
-0.0683237 -0.363147 0.441035 -0.0403455 -0.360341 0.436092
-0.0693024 -0.363256 0.441209 -0.0413225 -0.360449 0.436266
-0.0702811 -0.363365 0.441383 -0.0422995 -0.360558 0.43644
-0.0712599 -0.363473 0.441557 -0.0432768 -0.360666 0.436615
-0.0722386 -0.363582 0.441731 -0.0437656 -0.36072 0.436702
-0.0732173 -0.363691 0.441905 -0.0452328 -0.360883 0.436963
-0.074196 -0.3638 0.442079 -0.0462114 -0.360992 0.437138
-0.0751747 -0.363908 0.442253 -0.0471902 -0.3611 0.437312
-0.0761535 -0.364017 0.442427 -0.048169 -0.361209 0.437487
-0.0771322 -0.364126 0.442601 -0.0491477 -0.361318 0.437662
-0.0781109 -0.364235 0.442775 -0.0501264 -0.361426 0.437836
-0.0790896 -0.364343 0.442949 -0.0511052 -0.361535 0.438011
-0.0800684 -0.364452 0.443123 -0.0515947 -0.361589 0.438098
-0.0810471 -0.364561 0.443297 -0.0530632 -0.361752 0.43836
-0.0820258 -0.36467 0.443471 -0.0540422 -0.361861 0.438534
-0.0830045 -0.364778 0.443645 -0.0550215 -0.36197 0.438709
-0.0839833 -0.364887 0.443819 -0.0560012 -0.362079 0.438884
-0.084962 -0.364996 0.443993 -0.0569813 -0.362188 0.439059
-0.0859407 -0.365105 0.444167 -0.0579614 -0.362296 0.439234
-0.0869194 -0.365213 0.444341 -0.0589413 -0.362405 0.439408
-0.0878982 -0.365322 0.444515 -0.0599209 -0.362514 0.439583
-0.0888769 -0.365431 0.444689 -0.0609004 -0.362623 0.439758
-0.0898556 -0.36554 0.444863 -0.0618796 -0.362731 0.439932
-0.0908343 -0.365648 0.445037 -0.0628584 -0.36284 0.440107
-0.091813 -0.365757 0.445211 -0.0638367 -0.362948 0.440281
-0.0927918 -0.365866 0.445385 -0.0648147 -0.363057 0.440456
-0.0937705 -0.365974 0.445559 -0.0657923 -0.363165 0.44063
-0.0947492 -0.366083 0.445733 -0.0667698 -0.363273 0.440805
-0.0957279 -0.366192 0.445907 -0.0677472 -0.363382 0.440979
-0.0967067 -0.366301 0.446081 -0.0687245 -0.36349 0.441153
-0.0976854 -0.366409 0.446255 -0.0697017 -0.363598 0.441328
-0.0986641 -0.366518 0.446429 -0.0706788 -0.363707 0.441502
-0.0996428 -0.366627 0.446603 -0.0716559 -0.363815 0.441676
-0.100622 -0.366736 0.446777 -0.0726329 -0.363923 0.44185
-0.1016 -0.366844 0.446951 -0.0731213 -0.363977 0.441937
-0.102579 -0.366953 0.447125 -0.0740982 -0.364086 0.442112
-0.103558 -0.367062 0.447299 -0.0755635 -0.364248 0.442373
-0.104536 -0.367171 0.447473 -0.0765404 -0.364356 0.442547
-0.105515 -0.367279 0.447647 -0.0775172 -0.364465 0.442722
-0.106494 -0.367388 0.447821 -0.0784941 -0.364573 0.442896
-0.107473 -0.367497 0.447995 -0.0794709 -0.364681 0.44307
-0.108451 -0.367606 0.448169 -0.0804478 -0.36479 0.443244
-0.10943 -0.367714 0.448343 -0.0814247 -0.364898 0.443419
-0.110409 -0.367823 0.448517 -0.0824016 -0.365006 0.443593
-0.111388 -0.367932 0.448691 -0.0833785 -0.365115 0.443767
-0.112366 -0.368041 0.448865 -0.0843543 -0.365223 0.443941
-0.113345 -0.368149 0.449039 -0.085327 -0.365331 0.444115
-0.114324 -0.368258 0.449213 -0.0862969 -0.365438 0.444287
-0.115302 -0.368367 0.449387 -0.0872667 -0.365545 0.44446
-0.116281 -0.368476 0.449561 -0.0882373 -0.365652 0.444633
-0.11726 -0.368584 0.449735 -0.0892089 -0.36576 0.444807
-0.118239 -0.368693 0.449909 -0.0901813 -0.365868 0.44498
-0.119217 -0.368802 0.450083 -0.0911544 -0.365976 0.445154
-0.120196 -0.368911 0.450257 -0.0921281 -0.366084 0.445327
-0.121175 -0.369019 0.450431 -0.0931025 -0.366192 0.445501
-0.122153 -0.369128 0.450605 -0.0940775 -0.3663 0.445675
-0.123132 -0.369237 0.450779 -0.0950529 -0.366408 0.445849
-0.124111 -0.369346 0.450953 -0.0960289 -0.366517 0.446023
-0.12509 -0.369454 0.451127 -0.0970053 -0.366625 0.446197
-0.126068 -0.369563 0.451301 -0.097981 -0.366734 0.446372
-0.127047 -0.369672 0.451475 -0.0989538 -0.366841 0.446545
-0.128026 -0.369781 0.451649 -0.0999242 -0.366949 0.446718
-0.129005 -0.369889 0.451823 -0.100895 -0.367056 0.446891
-0.129983 -0.369998 0.451997 -0.101866 -0.367164 0.447064
-0.130962 -0.370107 0.452171 -0.102839 -0.367272 0.447238
-0.131941 -0.370216 0.452345 -0.103813 -0.36738 0.447412
-0.132919 -0.370324 0.452519 -0.104787 -0.367488 0.447586
-0.133898 -0.370433 0.452693 -0.105763 -0.367597 0.44776
-0.134877 -0.370542 0.452867 -0.10674 -0.367705 0.447934
-0.135856 -0.370651 0.453041 -0.107718 -0.367814 0.448108
-0.136834 -0.370759 0.453215 -0.108696 -0.367923 0.448283
-0.137813 -0.370868 0.453389 -0.109186 -0.367977 0.44837
-0.138792 -0.370977 0.453563 -0.110655 -0.368141 0.448633
-0.139771 -0.371086 0.453737 -0.111145 -0.368195 0.44872
-0.140749 -0.371194 0.453911 -0.112616 -0.368359 0.448983
-0.141728 -0.371303 0.454085 -0.113597 -0.368468 0.449158
-0.142707 -0.371412 0.454259 -0.114575 -0.368577 0.449332
-0.143685 -0.371521 0.454433 -0.11555 -0.368685 0.449506
-0.144664 -0.371629 0.454607 -0.116522 -0.368793 0.449679
-0.145643 -0.371738 0.454781 -0.117977 -0.368954 0.449939
-0.146622 -0.371847 0.454955 -0.118949 -0.369061 0.450112
-0.1476 -0.371956 0.455129 -0.11992 -0.369169 0.450285
-0.148579 -0.372064 0.455303 -0.120892 -0.369276 0.450459
-0.149558 -0.372173 0.455477 -0.121864 -0.369384 0.450632
-0.150536 -0.372282 0.455651 -0.122835 -0.369492 0.450805
-0.151515 -0.372391 0.455825 -0.123807 -0.369599 0.450978
-0.152494 -0.372499 0.455999 -0.124778 -0.369707 0.451151
-0.153473 -0.372608 0.456173 -0.12575 -0.369815 0.451325
-0.154451 -0.372717 0.456347 -0.126722 -0.369923 0.451498
-0.15543 -0.372826 0.456521 -0.127695 -0.370031 0.451672
-0.156409 -0.372934 0.456695 -0.128668 -0.370138 0.451845
-0.157388 -0.373043 0.456869 -0.129641 -0.370247 0.452019
-0.158366 -0.373152 0.457043 -0.130615 -0.370355 0.452193
-0.159345 -0.373261 0.457217 -0.131589 -0.370463 0.452366
-0.160324 -0.373369 0.457391 -0.132564 -0.370571 0.45254
-0.161302 -0.373478 0.457565 -0.133051 -0.370625 0.452627
-0.162281 -0.373587 0.457739 -0.134027 -0.370734 0.452801
-0.16326 -0.373696 0.457913 -0.135003 -0.370842 0.452975
-0.164239 -0.373804 0.458087 -0.13598 -0.370951 0.45315
-0.165217 -0.373913 0.458261 -0.136958 -0.37106 0.453324
-0.166196 -0.374022 0.458435 -0.138426 -0.371223 0.453586
-0.167175 -0.374131 0.458609 -0.139405 -0.371332 0.453761
-0.168153 -0.374239 0.458783 -0.140385 -0.371441 0.453936
-0.169132 -0.374348 0.458957 -0.140875 -0.371495 0.454023
-0.170111 -0.374457 0.459131 -0.141855 -0.371604 0.454198
-0.17109 -0.374566 0.459305 -0.142835 -0.371714 0.454373
-0.172068 -0.374674 0.459479 -0.143816 -0.371823 0.454548
-0.173047 -0.374783 0.459653 -0.144797 -0.371932 0.454723
-0.174026 -0.374892 0.459827 -0.145779 -0.372041 0.454898
-0.175005 -0.375001 0.460001 -0.146761 -0.37215 0.455073
-0.175983 -0.375109 0.460175 -0.147743 -0.37226 0.455249
-0.176962 -0.375218 0.460349 -0.148726 -0.372369 0.455424
-0.177941 -0.375327 0.460523 -0.149709 -0.372478 0.4556
-0.178919 -0.375435 0.460697 -0.150693 -0.372588 0.455775
-0.179898 -0.375544 0.460871 -0.151676 -0.372697 0.45595
-0.180877 -0.375653 0.461045 -0.15266 -0.372807 0.456126
-0.181856 -0.375762 0.461219 -0.153643 -0.372916 0.456301
-0.182834 -0.37587 0.461393 -0.154627 -0.373025 0.456477
-0.183813 -0.375979 0.461567 -0.155611 -0.373135 0.456652
-0.184792 -0.376088 0.461741 -0.156595 -0.373244 0.456828
-0.185771 -0.376197 0.461915 -0.157578 -0.373353 0.457003
-0.186749 -0.376305 0.462089 -0.158562 -0.373463 0.457179
-0.187728 -0.376414 0.462263 -0.159546 -0.373572 0.457354
-0.188707 -0.376523 0.462437 -0.160529 -0.373681 0.45753
-0.189685 -0.376632 0.462611 -0.161513 -0.37379 0.457705
-0.190664 -0.37674 0.462785 -0.162496 -0.3739 0.45788
-0.191643 -0.376849 0.462959 -0.163479 -0.374009 0.458056
-0.192622 -0.376958 0.463133 -0.164463 -0.374118 0.458231
-0.1936 -0.377067 0.463307 -0.165446 -0.374227 0.458406
-0.194579 -0.377175 0.463481 -0.166428 -0.374336 0.458582
-0.195558 -0.377284 0.463655 -0.167411 -0.374445 0.458757
-0.196536 -0.377393 0.463829 -0.168394 -0.374554 0.458932
-0.197515 -0.377502 0.464003 -0.168885 -0.374609 0.45902
-0.198494 -0.37761 0.464177 -0.169867 -0.374718 0.459195
-0.199473 -0.377719 0.464351 -0.170359 -0.374772 0.459282
-0.200451 -0.377828 0.464525 -0.172323 -0.37499 0.459633
-0.20143 -0.377937 0.464699 -0.173305 -0.375099 0.459808
-0.202409 -0.378045 0.464873 -0.174287 -0.375208 0.459983
-0.203388 -0.378154 0.465047 -0.175268 -0.375317 0.460158
-0.204366 -0.378263 0.465221 -0.17625 -0.375426 0.460333
-0.205345 -0.378372 0.465395 -0.177231 -0.375534 0.460508
-0.206324 -0.37848 0.465569 -0.178212 -0.375643 0.460683
-0.207302 -0.378589 0.465743 -0.179194 -0.375752 0.460857
-0.208281 -0.378698 0.465917 -0.180175 -0.375861 0.461032
-0.20926 -0.378807 0.466091 -0.181155 -0.37597 0.461207
-0.210239 -0.378915 0.466265 -0.182136 -0.376078 0.461382
-0.211217 -0.379024 0.466439 -0.183117 -0.376187 0.461557
-0.212196 -0.379133 0.466613 -0.185568 -0.376459 0.461994
-0.213175 -0.379242 0.466787 -0.186548 -0.376568 0.462168
-0.214153 -0.37935 0.466961 -0.187038 -0.376622 0.462256
-0.215132 -0.379459 0.467135 -0.190903 -0.377047 0.462943
-0.216111 -0.379568 0.467309 -0.191375 -0.377099 0.463027
-0.21709 -0.379677 0.467483 -0.192774 -0.37725 0.463275
-0.218068 -0.379785 0.467657 -0.193693 -0.377349 0.463437
-0.219047 -0.379894 0.467831 -0.194602 -0.377446 0.463597
-0.220026 -0.380003 0.468005 -0.195502 -0.377543 0.463756
-0.221005 -0.380112 0.468179 -0.196396 -0.377638 0.463914
-0.221983 -0.38022 0.468353 -0.197283 -0.377733 0.464071
-0.222962 -0.380329 0.468527 -0.198166 -0.377827 0.464226
-0.223941 -0.380438 0.468701 -0.199045 -0.377921 0.464382
-0.224919 -0.380547 0.468875 -0.199484 -0.377968 0.464459
-0.225898 -0.380655 0.469049 -0.200359 -0.378062 0.464614
-0.226877 -0.380764 0.469223 -0.201668 -0.378203 0.464845
-0.227856 -0.380873 0.469397 -0.20254 -0.378297 0.464999
-0.228834 -0.380982 0.469571 -0.202976 -0.378344 0.465076
-0.229813 -0.38109 0.469745 -0.204284 -0.378486 0.465308
-0.230792 -0.381199 0.469919 -0.205156 -0.37858 0.465462
-0.231771 -0.381308 0.470093 -0.20603 -0.378676 0.465617
-0.232749 -0.381417 0.470267 -0.206905 -0.378771 0.465772
-0.233728 -0.381525 0.470441 -0.207781 -0.378867 0.465928
-0.234707 -0.381634 0.470615 -0.2091 -0.379012 0.466162
-0.235685 -0.381743 0.470789 -0.209981 -0.379109 0.466319
-0.236664 -0.381852 0.470963 -0.210422 -0.379158 0.466398
-0.237643 -0.38196 0.471137 -0.211307 -0.379256 0.466555
-0.238622 -0.382069 0.471311 -0.212193 -0.379354 0.466713
-0.2396 -0.382178 0.471484 -0.213083 -0.379453 0.466872
-0.240579 -0.382287 0.471658 -0.213975 -0.379552 0.467031
-0.241558 -0.382395 0.471832 -0.21532 -0.379702 0.467271
-0.242536 -0.382504 0.472006 -0.215769 -0.379753 0.467351
-0.243515 -0.382613 0.47218 -0.21667 -0.379854 0.467512
-0.244494 -0.382722 0.472354 -0.217575 -0.379955 0.467674
-0.245473 -0.38283 0.472528 -0.218482 -0.380057 0.467836
-0.246451 -0.382939 0.472702 -0.219393 -0.380159 0.467999
-0.24743 -0.383048 0.472876 -0.220764 -0.380313 0.468244
-0.248409 -0.383157 0.47305 -0.221682 -0.380417 0.468408
-0.249388 -0.383265 0.473224 -0.222142 -0.380468 0.46849
-0.250366 -0.383374 0.473398 -0.223063 -0.380572 0.468655
-0.251345 -0.383483 0.473572 -0.223988 -0.380676 0.468821
-0.252324 -0.383592 0.473746 -0.224915 -0.380781 0.468986
-0.253302 -0.3837 0.47392 -0.225845 -0.380886 0.469153
-0.254281 -0.383809 0.474094 -0.226777 -0.380991 0.46932
-0.25526 -0.383918 0.474268 -0.227712 -0.381097 0.469487
-0.256239 -0.384027 0.474442 -0.22865 -0.381202 0.469655
-0.257217 -0.384135 0.474616 -0.22959 -0.381309 0.469823
-0.258196 -0.384244 0.47479 -0.230061 -0.381362 0.469908
-0.259175 -0.384353 0.474964 -0.231476 -0.381521 0.470161
-0.260153 -0.384461 0.475138 -0.232423 -0.381628 0.47033
-0.261132 -0.38457 0.475312 -0.233371 -0.381735 0.4705
-0.262111 -0.384679 0.475486 -0.233846 -0.381789 0.470585
-0.26309 -0.384788 0.47566 -0.234798 -0.381896 0.470755
-0.264068 -0.384896 0.475834 -0.235273 -0.381949 0.470841
-0.265047 -0.385005 0.476008 -0.236699 -0.38211 0.471095
-0.266026 -0.385114 0.476182 -0.238601 -0.382323 0.471435
-0.267005 -0.385223 0.476356 -0.239078 -0.382377 0.471521
-0.267983 -0.385331 0.47653 -0.240512 -0.382538 0.471777
-0.268962 -0.38544 0.476704 -0.241471 -0.382646 0.471948
-0.269941 -0.385549 0.476878 -0.242432 -0.382753 0.47212
-0.270919 -0.385658 0.477052 -0.243394 -0.382861 0.472292
-0.271898 -0.385766 0.477226 -0.244357 -0.382969 0.472464
-0.272877 -0.385875 0.4774 -0.24532 -0.383077 0.472636
-0.273856 -0.385984 0.477574 -0.246285 -0.383185 0.472809
-0.274834 -0.386093 0.477748 -0.24725 -0.383294 0.472981
-0.275813 -0.386201 0.477922 -0.248216 -0.383402 0.473153
-0.276792 -0.38631 0.478096 -0.249183 -0.38351 0.473326
-0.277771 -0.386419 0.47827 -0.250151 -0.383618 0.473499
-0.278749 -0.386528 0.478444 -0.251119 -0.383726 0.473672
-0.279728 -0.386636 0.478618 -0.251604 -0.38378 0.473758
-0.280707 -0.386745 0.478792 -0.252573 -0.383889 0.473931
-0.281685 -0.386854 0.478966 -0.253544 -0.383997 0.474104
-0.282664 -0.386963 0.47914 -0.254515 -0.384106 0.474278
-0.283643 -0.387071 0.479314 -0.255975 -0.384269 0.474538
-0.284622 -0.38718 0.479488 -0.256462 -0.384323 0.474625
-0.2856 -0.387289 0.479662 -0.257924 -0.384486 0.474886
-0.286579 -0.387398 0.479836 -0.2589 -0.384595 0.47506
-0.287558 -0.387506 0.48001 -0.259877 -0.384704 0.475235
-0.288536 -0.387615 0.480184 -0.260853 -0.384813 0.475409
-0.289515 -0.387724 0.480358 -0.261829 -0.384922 0.475583
-0.290494 -0.387833 0.480532 -0.262803 -0.38503 0.475756
-0.291473 -0.387941 0.480706 -0.263778 -0.385139 0.47593
-0.292451 -0.38805 0.48088 -0.264752 -0.385247 0.476104
-0.29343 -0.388159 0.481054 -0.265239 -0.385301 0.47619
-0.294409 -0.388268 0.481228 -0.266212 -0.385409 0.476364
-0.295388 -0.388376 0.481402 -0.267186 -0.385517 0.476537
-0.296366 -0.388485 0.481576 -0.26816 -0.385625 0.476711
-0.297345 -0.388594 0.48175 -0.269135 -0.385734 0.476884
-0.298324 -0.388703 0.481924 -0.27011 -0.385842 0.477058
-0.299302 -0.388811 0.482098 -0.271087 -0.385951 0.477232
-0.300281 -0.38892 0.482272 -0.272064 -0.386059 0.477406
-0.30126 -0.389029 0.482446 -0.273042 -0.386168 0.477581
-0.302239 -0.389138 0.48262 -0.274021 -0.386277 0.477755
-0.303217 -0.389246 0.482794 -0.275 -0.386386 0.47793
-0.304196 -0.389355 0.482968 -0.27598 -0.386495 0.478104
-0.305175 -0.389464 0.483142 -0.276961 -0.386604 0.478279
-0.306153 -0.389573 0.483316 -0.278432 -0.386767 0.478541
-0.307132 -0.389681 0.48349 -0.279414 -0.386876 0.478716
-0.308111 -0.38979 0.483664 -0.279905 -0.386931 0.478804
-0.30909 -0.389899 0.483838 -0.280887 -0.38704 0.478979
-0.310068 -0.390008 0.484012 -0.281869 -0.387149 0.479154
-0.311047 -0.390116 0.484186 -0.282851 -0.387258 0.479329
-0.312026 -0.390225 0.48436 -0.283833 -0.387368 0.479504
-0.313005 -0.390334 0.484534 -0.285307 -0.387531 0.479766
-0.313983 -0.390443 0.484708 -0.285798 -0.387586 0.479854
-0.314962 -0.390551 0.484882 -0.286289 -0.38764 0.479941
-0.315941 -0.39066 0.485056 -0.287763 -0.387804 0.480204
-0.316919 -0.390769 0.48523 -0.288745 -0.387913 0.480379
-0.317898 -0.390878 0.485404 -0.289726 -0.388022 0.480553
-0.318877 -0.390986 0.485578 -0.290705 -0.38813 0.480727
-0.319856 -0.391095 0.485752 -0.29168 -0.388238 0.480901
-0.320834 -0.391204 0.485926 -0.292656 -0.388346 0.481074
-0.321813 -0.391313 0.4861 -0.293632 -0.388454 0.481248
-0.322792 -0.391421 0.486274 -0.294609 -0.388563 0.481422
-0.323771 -0.39153 0.486448 -0.295587 -0.388671 0.481596
-0.324749 -0.391639 0.486622 -0.296565 -0.388779 0.48177
-0.325728 -0.391748 0.486796 -0.297544 -0.388888 0.481945
-0.326707 -0.391856 0.48697 -0.298524 -0.388997 0.482119
-0.327685 -0.391965 0.487144 -0.299504 -0.389105 0.482293
-0.328664 -0.392074 0.487318 -0.300484 -0.389214 0.482468
-0.329643 -0.392183 0.487492 -0.301465 -0.389323 0.482643
-0.330622 -0.392291 0.487666 -0.302446 -0.389432 0.482818
-0.3316 -0.3924 0.48784 -0.303428 -0.389541 0.482992
-0.332579 -0.392509 0.488014 -0.30441 -0.38965 0.483167
-0.333558 -0.392618 0.488188 -0.305392 -0.389759 0.483342
-0.334536 -0.392726 0.488362 -0.306374 -0.389868 0.483517
-0.335515 -0.392835 0.488536 -0.307356 -0.389978 0.483692
-0.336494 -0.392944 0.48871 -0.308339 -0.390087 0.483867
-0.337473 -0.393053 0.488884 -0.309321 -0.390196 0.484042
-0.338451 -0.393161 0.489058 -0.309812 -0.39025 0.48413
-0.33943 -0.39327 0.489232 -0.311287 -0.390414 0.484392
-0.340409 -0.393379 0.489406 -0.31227 -0.390523 0.484567
-0.341388 -0.393488 0.48958 -0.313254 -0.390633 0.484743
-0.342366 -0.393596 0.489754 -0.314238 -0.390742 0.484918
-0.343345 -0.393705 0.489928 -0.315222 -0.390852 0.485093
-0.344324 -0.393814 0.490102 -0.316206 -0.390961 0.485268
-0.345302 -0.393922 0.490276 -0.317189 -0.39107 0.485444
-0.346281 -0.394031 0.49045 -0.318173 -0.391179 0.485619
-0.34726 -0.39414 0.490624 -0.319156 -0.391288 0.485794
-0.348239 -0.394249 0.490798 -0.320139 -0.391398 0.485969
-0.349217 -0.394357 0.490972 -0.321122 -0.391507 0.486144
-0.350196 -0.394466 0.491146 -0.322104 -0.391616 0.486319
-0.351175 -0.394575 0.49132 -0.323087 -0.391725 0.486494
-0.352154 -0.394684 0.491494 -0.324069 -0.391834 0.486669
-0.353132 -0.394792 0.491668 -0.325051 -0.391943 0.486843
-0.354111 -0.394901 0.491842 -0.326033 -0.392052 0.487018
-0.35509 -0.39501 0.492016 -0.327015 -0.392161 0.487193
-0.356068 -0.395119 0.49219 -0.327997 -0.39227 0.487368
-0.357047 -0.395227 0.492364 -0.328978 -0.392379 0.487543
-0.358026 -0.395336 0.492538 -0.32996 -0.392488 0.487717
-0.359005 -0.395445 0.492712 -0.330941 -0.392596 0.487892
-0.359983 -0.395554 0.492886 -0.331922 -0.392705 0.488067
-0.360962 -0.395662 0.49306 -0.332903 -0.392814 0.488241
-0.361941 -0.395771 0.493234 -0.333884 -0.392923 0.488416
-0.362919 -0.39588 0.493408 -0.334865 -0.393032 0.48859
-0.363898 -0.395989 0.493582 -0.335846 -0.393141 0.488765
-0.364877 -0.396097 0.493756 -0.336826 -0.39325 0.488939
-0.365856 -0.396206 0.49393 -0.337807 -0.393358 0.489114
-0.366834 -0.396315 0.494104 -0.338787 -0.393467 0.489289
-0.367813 -0.396424 0.494278 -0.339768 -0.393576 0.489463
-0.368792 -0.396532 0.494452 -0.340748 -0.393685 0.489638
-0.369771 -0.396641 0.494626 -0.341728 -0.393794 0.489812
-0.370749 -0.39675 0.4948 -0.342709 -0.393902 0.489987
-0.371728 -0.396859 0.494974 -0.343689 -0.394011 0.490161
-0.372707 -0.396967 0.495148 -0.344669 -0.39412 0.490335
-0.373685 -0.397076 0.495322 -0.345649 -0.394229 0.49051
-0.374664 -0.397185 0.495496 -0.346629 -0.394338 0.490684
-0.375643 -0.397294 0.49567 -0.347609 -0.394446 0.490859
-0.376622 -0.397402 0.495844 -0.348588 -0.394555 0.491033
-0.3776 -0.397511 0.496018 -0.349568 -0.394664 0.491208
-0.378579 -0.39762 0.496192 -0.350546 -0.394772 0.491382
-0.379558 -0.397729 0.496366 -0.351517 -0.39488 0.491554
-0.380536 -0.397837 0.49654 -0.352482 -0.394986 0.491726
-0.381515 -0.397946 0.496714 -0.353447 -0.395092 0.491897
-0.382494 -0.398055 0.496888 -0.354414 -0.395199 0.492069
-0.383473 -0.398164 0.497062 -0.354898 -0.395253 0.492155
-0.384451 -0.398272 0.497236 -0.356353 -0.395414 0.492413
-0.38543 -0.398381 0.49741 -0.357324 -0.395522 0.492586
-0.386409 -0.39849 0.497584 -0.358297 -0.395629 0.492759
-0.387388 -0.398599 0.497758 -0.359271 -0.395738 0.492933
-0.388366 -0.398707 0.497932 -0.360246 -0.395846 0.493106
-0.389345 -0.398816 0.498106 -0.361222 -0.395954 0.49328
-0.390324 -0.398925 0.49828 -0.362198 -0.396063 0.493454
-0.391302 -0.399034 0.498454 -0.363176 -0.396172 0.493628
-0.392281 -0.399142 0.498628 -0.364154 -0.396281 0.493803
-0.39326 -0.399251 0.498802 -0.365133 -0.39639 0.493977
-0.394239 -0.39936 0.498976 -0.366112 -0.396499 0.494152
-0.395217 -0.399469 0.49915 -0.367092 -0.396608 0.494326
-0.396196 -0.399577 0.499324 -0.368072 -0.396717 0.494501
-0.397175 -0.399686 0.499498 -0.369053 -0.396827 0.494676
-0.398154 -0.399795 0.499672 -0.370034 -0.396936 0.494851
-0.399132 -0.399904 0.499846 -0.371015 -0.397045 0.495026
-0.400111 -0.400012 0.50002 -0.371997 -0.397154 0.495201
-0.399132 -0.399904 0.499846 -0.372979 -0.397264 0.495376
-0.400111 -0.400012 0.50002 -0.373961 -0.397373 0.495551
-0.399132 -0.399904 0.499846 -0.374943 -0.397483 0.495726
-0.400111 -0.400012 0.50002 -0.375433 -0.397537 0.495813
-0.399132 -0.399904 0.499846 -0.375923 -0.397591 0.4959
-0.400111 -0.400012 0.50002 -0.37786 -0.397806 0.496244
-0.399132 -0.399904 0.499846 -0.378811 -0.39791 0.496413
-0.400111 -0.400012 0.50002 -0.379747 -0.398012 0.496578
-0.399132 -0.399904 0.499846 -0.380665 -0.398111 0.496739
-0.400111 -0.400012 0.50002 -0.381562 -0.398207 0.496896
-0.399132 -0.399904 0.499846 -0.382436 -0.398299 0.497049
-0.400111 -0.400012 0.50002 -0.383286 -0.398388 0.497196
-0.399132 -0.399904 0.499846 -0.384111 -0.398474 0.497339
-0.400111 -0.400012 0.50002 -0.384514 -0.398515 0.497409
-0.399132 -0.399904 0.499846 -0.385684 -0.398634 0.497609
-0.400111 -0.400012 0.50002 -0.386429 -0.39871 0.497737
-0.399132 -0.399904 0.499846 -0.387148 -0.398781 0.497859
-0.400111 -0.400012 0.50002 -0.387497 -0.398816 0.497918
-0.399132 -0.399904 0.499846 -0.388175 -0.398882 0.498033
-0.400111 -0.400012 0.50002 -0.38914 -0.398976 0.498195
-0.399132 -0.399904 0.499846 -0.389448 -0.399006 0.498247
-0.400111 -0.400012 0.50002 -0.390045 -0.399063 0.498347
-0.399132 -0.399904 0.499846 -0.390892 -0.399143 0.498488
-0.400111 -0.400012 0.50002 -0.391161 -0.399169 0.498533
-0.399132 -0.399904 0.499846 -0.391679 -0.399217 0.498619
-0.400111 -0.400012 0.50002 -0.392173 -0.399263 0.498701
-0.399132 -0.399904 0.499846 -0.392643 -0.399306 0.498778
-0.400111 -0.400012 0.50002 -0.393088 -0.399347 0.498852
-0.399132 -0.399904 0.499846 -0.393509 -0.399386 0.498921
-0.400111 -0.400012 0.50002 -0.393908 -0.399422 0.498986
-0.399132 -0.399904 0.499846 -0.394286 -0.399456 0.499048
-0.400111 -0.400012 0.50002 -0.394643 -0.399488 0.499106
-0.399132 -0.399904 0.499846 -0.39498 -0.399519 0.499162
-0.400111 -0.400012 0.50002 -0.395299 -0.399547 0.499214
-0.399132 -0.399904 0.499846 -0.3956 -0.399574 0.499263
-0.400111 -0.400012 0.50002 -0.395882 -0.399599 0.499309
-0.399132 -0.399904 0.499846 -0.396146 -0.399623 0.499352
-0.400111 -0.400012 0.50002 -0.396393 -0.399645 0.499392
-0.399132 -0.399904 0.499846 -0.396625 -0.399665 0.499429
-0.400111 -0.400012 0.50002 -0.396841 -0.399685 0.499465
-0.399132 -0.399904 0.499846 -0.397043 -0.399703 0.499497
-0.400111 -0.400012 0.50002 -0.397232 -0.399719 0.499528
-0.399132 -0.399904 0.499846 -0.397407 -0.399735 0.499557
-0.400111 -0.400012 0.50002 -0.39749 -0.399742 0.49957
-0.399132 -0.399904 0.499846 -0.397721 -0.399763 0.499608
-0.400111 -0.400012 0.50002 -0.397861 -0.399775 0.49963
-0.399132 -0.399904 0.499846 -0.397991 -0.399787 0.499651
-0.400111 -0.400012 0.50002 -0.398111 -0.399797 0.499671
-0.399132 -0.399904 0.499846 -0.398222 -0.399807 0.499689
-0.400111 -0.400012 0.50002 -0.398324 -0.399816 0.499705
-0.399132 -0.399904 0.499846 -0.398418 -0.399825 0.499721
-0.400111 -0.400012 0.50002 -0.398505 -0.399833 0.499735
-0.399132 -0.399904 0.499846 -0.398585 -0.39984 0.499748
-0.400111 -0.400012 0.50002 -0.398658 -0.399847 0.49976
-0.399132 -0.399904 0.499846 -0.398726 -0.399853 0.499771
-0.400111 -0.400012 0.50002 -0.398788 -0.399859 0.499782
-0.399132 -0.399904 0.499846 -0.398845 -0.399864 0.499791
-0.400111 -0.400012 0.50002 -0.398897 -0.399869 0.4998
-0.399132 -0.399904 0.499846 -0.398944 -0.399874 0.499807
-0.400111 -0.400012 0.50002 -0.398987 -0.399878 0.499815
-0.399132 -0.399904 0.499846 -0.399025 -0.399882 0.499821
