0.499336 -0.300074 0.340118 0.500316 -0.299964 0.339943
0.498357 -0.300183 0.340292 0.500316 -0.299964 0.339943
0.497379 -0.300291 0.340466 0.500315 -0.299964 0.339943
0.4964 -0.3004 0.34064 0.500315 -0.299964 0.339943
0.495421 -0.300509 0.340814 0.500312 -0.299964 0.339944
0.494442 -0.300618 0.340988 0.500302 -0.299965 0.339946
0.493464 -0.300726 0.341162 0.500281 -0.299968 0.339949
0.492485 -0.300835 0.341336 0.500247 -0.299972 0.339955
0.491506 -0.300944 0.34151 0.500197 -0.299977 0.339965
0.490527 -0.301053 0.341684 0.500127 -0.299985 0.339977
0.489549 -0.301161 0.341858 0.500036 -0.299996 0.339994
0.48857 -0.30127 0.342032 0.499982 -0.300002 0.340004
0.487591 -0.301379 0.342206 0.499856 -0.300016 0.340027
0.486613 -0.301487 0.34238 0.499621 -0.300044 0.34007
0.485634 -0.301596 0.342554 0.499432 -0.300066 0.340104
0.484655 -0.301705 0.342728 0.499216 -0.300091 0.340144
0.483676 -0.301814 0.342902 0.498974 -0.300119 0.340188
0.482698 -0.301922 0.343076 0.498705 -0.30015 0.340238
0.481719 -0.302031 0.34325 0.49856 -0.300167 0.340265
0.48074 -0.30214 0.343424 0.498085 -0.300223 0.340352
0.479761 -0.302249 0.343598 0.497549 -0.300286 0.340452
0.478783 -0.302357 0.343772 0.497157 -0.300332 0.340524
0.477804 -0.302466 0.343946 0.496952 -0.300356 0.340562
0.476825 -0.302575 0.34412 0.496522 -0.300407 0.340642
0.475847 -0.302684 0.344294 0.496067 -0.30046 0.340726
0.474868 -0.302792 0.344468 0.49583 -0.300488 0.34077
0.473889 -0.302901 0.344642 0.495588 -0.300517 0.340815
0.47291 -0.30301 0.344816 0.494823 -0.300607 0.340957
0.471932 -0.303119 0.34499 0.494556 -0.300639 0.341006
0.470953 -0.303227 0.345164 0.493725 -0.300737 0.34116
0.469974 -0.303336 0.345338 0.493147 -0.300805 0.341267
0.468996 -0.303445 0.345512 0.492547 -0.300875 0.341378
0.468017 -0.303554 0.345686 0.491924 -0.300949 0.341494
0.467038 -0.303662 0.34586 0.491277 -0.301025 0.341613
0.466059 -0.303771 0.346034 0.490608 -0.301103 0.341737
0.465081 -0.30388 0.346208 0.48992 -0.301185 0.341865
0.464102 -0.303989 0.346382 0.489214 -0.301267 0.341995
0.463123 -0.304097 0.346556 0.488491 -0.301352 0.342129
0.462144 -0.304206 0.34673 0.487753 -0.301439 0.342265
0.461166 -0.304315 0.346904 0.486999 -0.301527 0.342404
0.460187 -0.304424 0.347078 0.486227 -0.301617 0.342546
0.459208 -0.304532 0.347252 0.485441 -0.301709 0.342691
0.45823 -0.304641 0.347426 0.484643 -0.301802 0.342837
0.457251 -0.30475 0.3476 0.483833 -0.301897 0.342986
0.456272 -0.304859 0.347774 0.483012 -0.301992 0.343137
0.455293 -0.304967 0.347948 0.48218 -0.302089 0.343289
0.454315 -0.305076 0.348122 0.481338 -0.302186 0.343443
0.453336 -0.305185 0.348296 0.480485 -0.302285 0.343598
0.452357 -0.305294 0.34847 0.47962 -0.302385 0.343756
0.451379 -0.305402 0.348644 0.478747 -0.302486 0.343915
0.4504 -0.305511 0.348818 0.477865 -0.302587 0.344076
0.449421 -0.30562 0.348992 0.476977 -0.302689 0.344237
0.448442 -0.305729 0.349166 0.47608 -0.302792 0.3444
0.447464 -0.305837 0.34934 0.475176 -0.302896 0.344564
0.446485 -0.305946 0.349514 0.474264 -0.303 0.344729
0.445506 -0.306055 0.349688 0.473343 -0.303106 0.344896
0.444527 -0.306164 0.349862 0.472416 -0.303212 0.345064
0.443549 -0.306272 0.350036 0.471482 -0.303318 0.345233
0.44257 -0.306381 0.35021 0.470541 -0.303425 0.345402
0.441591 -0.30649 0.350384 0.469596 -0.303533 0.345573
0.440613 -0.306599 0.350558 0.468645 -0.303641 0.345744
0.439634 -0.306707 0.350732 0.467691 -0.303749 0.345916
0.438655 -0.306816 0.350906 0.466732 -0.303858 0.346088
0.437676 -0.306925 0.35108 0.465771 -0.303967 0.346261
0.436698 -0.307034 0.351254 0.464809 -0.304076 0.346434
0.435719 -0.307142 0.351428 0.463844 -0.304184 0.346606
0.43474 -0.307251 0.351602 0.462877 -0.304293 0.34678
0.433761 -0.30736 0.351776 0.461908 -0.304402 0.346953
0.432783 -0.307469 0.35195 0.460939 -0.304511 0.347126
0.431804 -0.307577 0.352124 0.459968 -0.30462 0.3473
0.430825 -0.307686 0.352298 0.458995 -0.30473 0.347473
0.429847 -0.307795 0.352472 0.45802 -0.304839 0.347647
0.428868 -0.307904 0.352646 0.457046 -0.304948 0.347821
0.427889 -0.308012 0.35282 0.456072 -0.305057 0.347994
0.42691 -0.308121 0.352994 0.455099 -0.305165 0.348167
0.425932 -0.30823 0.353168 0.454125 -0.305274 0.34834
0.424953 -0.308339 0.353342 0.453152 -0.305382 0.348513
0.423974 -0.308447 0.353516 0.452179 -0.305491 0.348686
0.422996 -0.308556 0.35369 0.451206 -0.305599 0.348858
0.422017 -0.308665 0.353864 0.450234 -0.305707 0.349031
0.421038 -0.308774 0.354038 0.449261 -0.305815 0.349203
0.420059 -0.308882 0.354212 0.448775 -0.305869 0.34929
0.419081 -0.308991 0.354386 0.447315 -0.306031 0.349548
0.418102 -0.3091 0.35456 0.446341 -0.30614 0.349721
0.417123 -0.309209 0.354734 0.445365 -0.306248 0.349894
0.416144 -0.309317 0.354908 0.444386 -0.306357 0.350068
0.415166 -0.309426 0.355082 0.443405 -0.306466 0.350241
0.414187 -0.309535 0.355256 0.442424 -0.306575 0.350415
0.413208 -0.309644 0.35543 0.441444 -0.306684 0.350589
0.41223 -0.309752 0.355604 0.440465 -0.306793 0.350763
0.411251 -0.309861 0.355778 0.439486 -0.306902 0.350936
0.410272 -0.30997 0.355952 0.438508 -0.30701 0.35111
0.409293 -0.310079 0.356126 0.43753 -0.307119 0.351283
0.408315 -0.310187 0.3563 0.436553 -0.307228 0.351456
0.407336 -0.310296 0.356474 0.435576 -0.307336 0.351629
0.406357 -0.310405 0.356648 0.434598 -0.307445 0.351802
0.405378 -0.310514 0.356822 0.433618 -0.307553 0.351976
0.4044 -0.310622 0.356996 0.432638 -0.307662 0.352149
0.403421 -0.310731 0.35717 0.431658 -0.307771 0.352323
0.402442 -0.31084 0.357344 0.430677 -0.30788 0.352497
0.401464 -0.310948 0.357518 0.429696 -0.30799 0.352671
0.400485 -0.311057 0.357692 0.428713 -0.308099 0.352845
0.399506 -0.311166 0.357866 0.427732 -0.308208 0.353019
0.398527 -0.311275 0.35804 0.426752 -0.308317 0.353193
0.397549 -0.311383 0.358214 0.425773 -0.308426 0.353366
0.39657 -0.311492 0.358388 0.424794 -0.308534 0.35354
0.395591 -0.311601 0.358562 0.423816 -0.308643 0.353713
0.394613 -0.31171 0.358736 0.422837 -0.308752 0.353886
0.393634 -0.311818 0.35891 0.421857 -0.308861 0.35406
0.392655 -0.311927 0.359084 0.420876 -0.30897 0.354234
0.391676 -0.312036 0.359258 0.419896 -0.309079 0.354408
0.390698 -0.312145 0.359432 0.418917 -0.309188 0.354581
0.389719 -0.312253 0.359606 0.417939 -0.309297 0.354754
0.38874 -0.312362 0.35978 0.416961 -0.309405 0.354928
0.387761 -0.312471 0.359954 0.415984 -0.309514 0.355101
0.386783 -0.31258 0.360128 0.415008 -0.309623 0.355274
0.385804 -0.312688 0.360302 0.414032 -0.309731 0.355447
0.384825 -0.312797 0.360476 0.413054 -0.30984 0.35562
0.383847 -0.312906 0.360649 0.412565 -0.309894 0.355707
0.382868 -0.313015 0.360823 0.412075 -0.309949 0.355794
0.381889 -0.313123 0.360997 0.412075 -0.309949 0.355794
0.38091 -0.313232 0.361171 0.409133 -0.310277 0.356316
0.379932 -0.313341 0.361345 0.408157 -0.310385 0.356489
0.378953 -0.31345 0.361519 0.407181 -0.310494 0.356662
0.377974 -0.313558 0.361693 0.406203 -0.310603 0.356835
0.376996 -0.313667 0.361867 0.405221 -0.310712 0.35701
0.376017 -0.313776 0.362041 0.404237 -0.310822 0.357184
0.375038 -0.313885 0.362215 0.40325 -0.310932 0.35736
0.374059 -0.313993 0.362389 0.402262 -0.311043 0.357535
0.373081 -0.314102 0.362563 0.401273 -0.311153 0.357711
0.372102 -0.314211 0.362737 0.400282 -0.311264 0.357887
0.371123 -0.31432 0.362911 0.39929 -0.311375 0.358063
0.370144 -0.314428 0.363085 0.398297 -0.311486 0.35824
0.369166 -0.314537 0.363259 0.3978 -0.311542 0.358328
0.368187 -0.314646 0.363433 0.396309 -0.311708 0.358593
0.367208 -0.314755 0.363607 0.395315 -0.31182 0.35877
0.36623 -0.314863 0.363781 0.394321 -0.311931 0.358947
0.365251 -0.314972 0.363955 0.393326 -0.312042 0.359123
0.364272 -0.315081 0.364129 0.392331 -0.312153 0.3593
0.363293 -0.31519 0.364303 0.391337 -0.312264 0.359477
0.362315 -0.315298 0.364477 0.390342 -0.312375 0.359653
0.361336 -0.315407 0.364651 0.389348 -0.312486 0.35983
0.360357 -0.315516 0.364825 0.388354 -0.312597 0.360007
0.359378 -0.315625 0.364999 0.38736 -0.312708 0.360183
0.3584 -0.315733 0.365173 0.386365 -0.312819 0.36036
0.357421 -0.315842 0.365347 0.385372 -0.31293 0.360536
0.356442 -0.315951 0.365521 0.384378 -0.313041 0.360712
0.355464 -0.31606 0.365695 0.383385 -0.313152 0.360889
0.354485 -0.316168 0.365869 0.382393 -0.313263 0.361065
0.353506 -0.316277 0.366043 0.381401 -0.313373 0.361241
0.352527 -0.316386 0.366217 0.380409 -0.313484 0.361417
0.351549 -0.316495 0.366391 0.379417 -0.313594 0.361593
0.35057 -0.316603 0.366565 0.378426 -0.313705 0.361768
0.349591 -0.316712 0.366739 0.377436 -0.313815 0.361944
0.348613 -0.316821 0.366913 0.376446 -0.313925 0.36212
0.347634 -0.31693 0.367087 0.375456 -0.314036 0.362295
0.346655 -0.317038 0.367261 0.374467 -0.314146 0.362471
0.345676 -0.317147 0.367435 0.373478 -0.314256 0.362646
0.344698 -0.317256 0.367609 0.372489 -0.314366 0.362821
0.343719 -0.317365 0.367783 0.3715 -0.314476 0.362997
0.34274 -0.317473 0.367957 0.371006 -0.314531 0.363084
0.341761 -0.317582 0.368131 0.370018 -0.314642 0.363259
0.340783 -0.317691 0.368305 0.36903 -0.314752 0.363435
0.339804 -0.3178 0.368479 0.367548 -0.314917 0.363697
0.338825 -0.317908 0.368653 0.36656 -0.315027 0.363873
0.337847 -0.318017 0.368827 0.366066 -0.315082 0.36396
0.336868 -0.318126 0.369001 0.363614 -0.315354 0.364394
0.335889 -0.318235 0.369175 0.362644 -0.315462 0.364566
0.33491 -0.318343 0.369349 0.361679 -0.315569 0.364736
0.333932 -0.318452 0.369523 0.360717 -0.315675 0.364906
0.332953 -0.318561 0.369697 0.359756 -0.315781 0.365076
0.331974 -0.31867 0.369871 0.358797 -0.315887 0.365246
0.330996 -0.318778 0.370045 0.357839 -0.315993 0.365415
0.330017 -0.318887 0.370219 0.356882 -0.316099 0.365584
0.329038 -0.318996 0.370393 0.355926 -0.316205 0.365753
0.328059 -0.319105 0.370567 0.354969 -0.316311 0.365922
0.327081 -0.319213 0.370741 0.354491 -0.316364 0.366007
0.326102 -0.319322 0.370915 0.353057 -0.316523 0.36626
0.325123 -0.319431 0.371089 0.352579 -0.316576 0.366345
0.324144 -0.31954 0.371263 0.351145 -0.316735 0.366599
0.323166 -0.319648 0.371437 0.350188 -0.316841 0.366768
0.322187 -0.319757 0.371611 0.349231 -0.316947 0.366938
0.321208 -0.319866 0.371785 0.348753 -0.317001 0.367022
0.32023 -0.319974 0.371959 0.347317 -0.31716 0.367277
0.319251 -0.320083 0.372133 0.346359 -0.317267 0.367447
0.318272 -0.320192 0.372307 0.3454 -0.317374 0.367616
0.317293 -0.320301 0.372481 0.344921 -0.317427 0.367701
0.316315 -0.320409 0.372655 0.343961 -0.317534 0.367872
0.315336 -0.320518 0.372829 0.343001 -0.317641 0.368042
0.314357 -0.320627 0.373003 0.34204 -0.317748 0.368212
0.313378 -0.320736 0.373177 0.340597 -0.31791 0.368468
0.3124 -0.320844 0.373351 0.339634 -0.318017 0.368639
0.311421 -0.320953 0.373525 0.338671 -0.318125 0.36881
0.310442 -0.321062 0.373699 0.338189 -0.318179 0.368896
0.309464 -0.321171 0.373873 0.337224 -0.318286 0.369067
0.308485 -0.321279 0.374047 0.335777 -0.318448 0.369324
0.307506 -0.321388 0.374221 0.334811 -0.318556 0.369495
0.306527 -0.321497 0.374395 0.333845 -0.318664 0.369667
0.305549 -0.321606 0.374569 0.333361 -0.318718 0.369752
0.30457 -0.321714 0.374743 0.33191 -0.31888 0.37001
0.303591 -0.321823 0.374917 0.330942 -0.318989 0.370182
0.302613 -0.321932 0.375091 0.329974 -0.319097 0.370354
0.301634 -0.322041 0.375265 0.32949 -0.319151 0.37044
0.300655 -0.322149 0.375439 0.328036 -0.319314 0.370698
0.299676 -0.322258 0.375613 0.327066 -0.319422 0.37087
0.298698 -0.322367 0.375787 0.326094 -0.319531 0.371042
0.297719 -0.322476 0.375961 0.325609 -0.319586 0.371129
0.29674 -0.322584 0.376135 0.324151 -0.319749 0.371387
0.295761 -0.322693 0.376309 0.323179 -0.319857 0.37156
0.294783 -0.322802 0.376483 0.322208 -0.319966 0.371732
0.293804 -0.322911 0.376657 0.321235 -0.320075 0.371905
0.292825 -0.323019 0.376831 0.320263 -0.320184 0.372077
0.291847 -0.323128 0.377005 0.319291 -0.320292 0.37225
0.290868 -0.323237 0.377179 0.318318 -0.320401 0.372423
0.289889 -0.323346 0.377353 0.317345 -0.32051 0.372595
0.28891 -0.323454 0.377527 0.316373 -0.320619 0.372768
0.287932 -0.323563 0.377701 0.315887 -0.320673 0.372854
0.286953 -0.323672 0.377875 0.314914 -0.320782 0.373027
0.285974 -0.323781 0.378049 0.313454 -0.320945 0.373286
0.284996 -0.323889 0.378223 0.31248 -0.321054 0.373458
0.284017 -0.323998 0.378397 0.311507 -0.321162 0.373631
0.283038 -0.324107 0.378571 0.310537 -0.321271 0.373803
0.282059 -0.324216 0.378745 0.309569 -0.321379 0.373975
0.281081 -0.324324 0.378919 0.308599 -0.321487 0.374146
0.280102 -0.324433 0.379093 0.308114 -0.321541 0.374232
0.279123 -0.324542 0.379267 0.306658 -0.321704 0.374491
0.278144 -0.324651 0.379441 0.305686 -0.321812 0.374663
0.277166 -0.324759 0.379615 0.304713 -0.321921 0.374836
0.276187 -0.324868 0.379789 0.303739 -0.32203 0.375008
0.275208 -0.324977 0.379963 0.302765 -0.322139 0.375181
0.27423 -0.325086 0.380137 0.301791 -0.322248 0.375354
0.273251 -0.325194 0.380311 0.300816 -0.322357 0.375527
0.272272 -0.325303 0.380485 0.299841 -0.322466 0.3757
0.271293 -0.325412 0.380659 0.299353 -0.32252 0.375786
0.270315 -0.325521 0.380833 0.297889 -0.322684 0.376046
0.269336 -0.325629 0.381007 0.296912 -0.322793 0.376219
0.268357 -0.325738 0.381181 0.295936 -0.322902 0.376392
0.267378 -0.325847 0.381355 0.294959 -0.323011 0.376566
0.2664 -0.325956 0.381529 0.293982 -0.323121 0.376739
0.265421 -0.326064 0.381703 0.293004 -0.32323 0.376912
0.264442 -0.326173 0.381877 0.292027 -0.323339 0.377086
0.263464 -0.326282 0.382051 0.291049 -0.323449 0.377259
0.262485 -0.326391 0.382225 0.290071 -0.323558 0.377432
0.261506 -0.326499 0.382399 0.289094 -0.323667 0.377606
0.260527 -0.326608 0.382573 0.288116 -0.323776 0.377779
0.259549 -0.326717 0.382747 0.287138 -0.323886 0.377952
0.25857 -0.326826 0.382921 0.28616 -0.323995 0.378126
0.257591 -0.326934 0.383095 0.285671 -0.32405 0.378212
0.256613 -0.327043 0.383269 0.285182 -0.324104 0.378299
0.255634 -0.327152 0.383443 0.283224 -0.324323 0.378646
0.254655 -0.327261 0.383617 0.282245 -0.324433 0.37882
0.253676 -0.327369 0.383791 0.281265 -0.324542 0.378994
0.252698 -0.327478 0.383965 0.280284 -0.324652 0.379167
0.251719 -0.327587 0.384139 0.279304 -0.324761 0.379341
0.25074 -0.327696 0.384313 0.278324 -0.324871 0.379515
0.249761 -0.327804 0.384487 0.277834 -0.324926 0.379602
0.248783 -0.327913 0.384661 0.276364 -0.32509 0.379862
0.247804 -0.328022 0.384835 0.275384 -0.325199 0.380036
0.246825 -0.328131 0.385009 0.274404 -0.325309 0.38021
0.245847 -0.328239 0.385183 0.273426 -0.325418 0.380383
0.244868 -0.328348 0.385357 0.272448 -0.325527 0.380556
0.243889 -0.328457 0.385531 0.27147 -0.325636 0.38073
0.24291 -0.328566 0.385705 0.270491 -0.325746 0.380903
0.241932 -0.328674 0.385879 0.269513 -0.325855 0.381076
0.240953 -0.328783 0.386053 0.268534 -0.325964 0.38125
0.239974 -0.328892 0.386227 0.267555 -0.326074 0.381423
0.238995 -0.329001 0.386401 0.266576 -0.326183 0.381597
0.238017 -0.329109 0.386575 0.265598 -0.326292 0.38177
0.237038 -0.329218 0.386749 0.26462 -0.326401 0.381943
0.236059 -0.329327 0.386923 0.263642 -0.32651 0.382117
0.235081 -0.329435 0.387097 0.262666 -0.326619 0.38229
0.234102 -0.329544 0.387271 0.261692 -0.326728 0.382462
0.233123 -0.329653 0.387445 0.260719 -0.326836 0.382634
0.232144 -0.329762 0.387619 0.259745 -0.326945 0.382807
0.231166 -0.32987 0.387793 0.25877 -0.327053 0.38298
0.230187 -0.329979 0.387967 0.257795 -0.327162 0.383152
0.229208 -0.330088 0.388141 0.256819 -0.327271 0.383325
0.22823 -0.330197 0.388315 0.255843 -0.32738 0.383498
0.227251 -0.330305 0.388489 0.254866 -0.327489 0.383671
0.226272 -0.330414 0.388663 0.254377 -0.327544 0.383758
0.225293 -0.330523 0.388837 0.25291 -0.327707 0.384018
0.224315 -0.330632 0.389011 0.251932 -0.327817 0.384191
0.223336 -0.33074 0.389185 0.250953 -0.327926 0.384364
0.222357 -0.330849 0.389359 0.249975 -0.328035 0.384538
0.221378 -0.330958 0.389533 0.248996 -0.328145 0.384711
0.2204 -0.331067 0.389707 0.248018 -0.328254 0.384885
0.219421 -0.331175 0.389881 0.247528 -0.328309 0.384971
0.218442 -0.331284 0.390055 0.24606 -0.328473 0.385231
0.217464 -0.331393 0.390229 0.24508 -0.328582 0.385405
0.216485 -0.331502 0.390403 0.244099 -0.328692 0.385579
0.215506 -0.33161 0.390577 0.243609 -0.328747 0.385666
0.214527 -0.331719 0.390751 0.242627 -0.328857 0.38584
0.213549 -0.331828 0.390925 0.241646 -0.328967 0.386014
0.21257 -0.331937 0.391099 0.240664 -0.329076 0.386188
0.211591 -0.332045 0.391273 0.239191 -0.329241 0.386449
0.210613 -0.332154 0.391447 0.2387 -0.329296 0.386536
0.209634 -0.332263 0.391621 0.237719 -0.329406 0.38671
0.208655 -0.332372 0.391795 0.236737 -0.329515 0.386884
0.207676 -0.33248 0.391969 0.235265 -0.32968 0.387144
0.206698 -0.332589 0.392143 0.234775 -0.329735 0.387231
0.205719 -0.332698 0.392317 0.233303 -0.329899 0.387492
0.20474 -0.332807 0.392491 0.232813 -0.329954 0.387579
0.203761 -0.332915 0.392665 0.232322 -0.330009 0.387666
0.202783 -0.333024 0.392839 0.230361 -0.330228 0.388013
0.201804 -0.333133 0.393013 0.229871 -0.330282 0.3881
0.200825 -0.333242 0.393187 0.228894 -0.330391 0.388273
0.199847 -0.33335 0.393361 0.227433 -0.330554 0.388532
0.198868 -0.333459 0.393535 0.226458 -0.330662 0.388704
0.197889 -0.333568 0.393709 0.225482 -0.330771 0.388877
0.19691 -0.333677 0.393883 0.224506 -0.33088 0.38905
0.195932 -0.333785 0.394057 0.22353 -0.330989 0.389223
0.194953 -0.333894 0.394231 0.222553 -0.331098 0.389396
0.193974 -0.334003 0.394405 0.221576 -0.331207 0.389569
0.192995 -0.334112 0.394579 0.220598 -0.331316 0.389742
0.192017 -0.33422 0.394753 0.21962 -0.331425 0.389915
0.191038 -0.334329 0.394927 0.218642 -0.331534 0.390089
0.190059 -0.334438 0.395101 0.218153 -0.331589 0.390175
0.189081 -0.334547 0.395275 0.216686 -0.331753 0.390435
0.188102 -0.334655 0.395449 0.215708 -0.331862 0.390609
0.187123 -0.334764 0.395623 0.21473 -0.331971 0.390782
0.186144 -0.334873 0.395797 0.213753 -0.33208 0.390955
0.185166 -0.334982 0.395971 0.212776 -0.332189 0.391128
0.184187 -0.33509 0.396145 0.2118 -0.332298 0.391301
0.183208 -0.335199 0.396319 0.210823 -0.332407 0.391474
0.18223 -0.335308 0.396493 0.210335 -0.332461 0.39156
0.181251 -0.335417 0.396667 0.209358 -0.33257 0.391733
0.180272 -0.335525 0.396841 0.207893 -0.332734 0.391993
0.179293 -0.335634 0.397015 0.206917 -0.332843 0.392166
0.178315 -0.335743 0.397189 0.205941 -0.332951 0.392339
0.177336 -0.335852 0.397363 0.204967 -0.33306 0.392511
0.176357 -0.33596 0.397536 0.203993 -0.333169 0.392684
0.175378 -0.336069 0.39771 0.20302 -0.333277 0.392856
0.1744 -0.336178 0.397884 0.202045 -0.333386 0.393029
0.173421 -0.336287 0.398058 0.201071 -0.333494 0.393201
0.172442 -0.336395 0.398232 0.200096 -0.333603 0.393374
0.171464 -0.336504 0.398406 0.199121 -0.333712 0.393547
0.170485 -0.336613 0.39858 0.198145 -0.333821 0.39372
0.169506 -0.336722 0.398754 0.197168 -0.33393 0.393893
0.168527 -0.33683 0.398928 0.196191 -0.334039 0.394066
0.167549 -0.336939 0.399102 0.195213 -0.334148 0.394239
0.16657 -0.337048 0.399276 0.194725 -0.334203 0.394326
0.165591 -0.337157 0.39945 0.193259 -0.334367 0.394585
0.164613 -0.337265 0.399624 0.19228 -0.334476 0.394759
0.163634 -0.337374 0.399798 0.191301 -0.334585 0.394932
0.162655 -0.337483 0.399972 0.190321 -0.334695 0.395106
0.161676 -0.337592 0.400146 0.189342 -0.334804 0.39528
0.160698 -0.3377 0.40032 0.188363 -0.334914 0.395453
0.159719 -0.337809 0.400494 0.187384 -0.335023 0.395626
0.15874 -0.337918 0.400668 0.186406 -0.335132 0.3958
0.157761 -0.338027 0.400842 0.185428 -0.335241 0.395973
0.156783 -0.338135 0.401016 0.18445 -0.33535 0.396146
0.155804 -0.338244 0.40119 0.183474 -0.335459 0.396319
0.154825 -0.338353 0.401364 0.1825 -0.335568 0.396492
0.153847 -0.338461 0.401538 0.181528 -0.335676 0.396664
0.152868 -0.33857 0.401712 0.180559 -0.335783 0.396836
0.151889 -0.338679 0.401886 0.179591 -0.335891 0.397007
0.15091 -0.338788 0.40206 0.178626 -0.335998 0.397178
0.149932 -0.338896 0.402234 0.177661 -0.336105 0.397349
0.148953 -0.339005 0.402408 0.176699 -0.336212 0.397519
0.147974 -0.339114 0.402582 0.175737 -0.336318 0.39769
0.146995 -0.339223 0.402756 0.174775 -0.336425 0.39786
0.146017 -0.339331 0.40293 0.173815 -0.336531 0.39803
0.145038 -0.33944 0.403104 0.172855 -0.336637 0.3982
0.144059 -0.339549 0.403278 0.172375 -0.336691 0.398285
0.143081 -0.339658 0.403452 0.170456 -0.336904 0.398625
0.142102 -0.339766 0.403626 0.169495 -0.33701 0.398795
0.141123 -0.339875 0.4038 0.168533 -0.337117 0.398965
0.140144 -0.339984 0.403974 0.167571 -0.337224 0.399136
0.139166 -0.340093 0.404148 0.166609 -0.337331 0.399306
0.138187 -0.340201 0.404322 0.166128 -0.337385 0.399392
0.137208 -0.34031 0.404496 0.165166 -0.337492 0.399562
0.13623 -0.340419 0.40467 0.164685 -0.337546 0.399647
0.135251 -0.340528 0.404844 0.163241 -0.337706 0.399903
0.134272 -0.340636 0.405018 0.162278 -0.337814 0.400074
0.133293 -0.340745 0.405192 0.160832 -0.337975 0.40033
0.132315 -0.340854 0.405366 0.159867 -0.338083 0.400501
0.131336 -0.340963 0.40554 0.158901 -0.33819 0.400672
0.130357 -0.341071 0.405714 0.158418 -0.338244 0.400758
0.129378 -0.34118 0.405888 0.157452 -0.338352 0.400929
0.1284 -0.341289 0.406062 0.156003 -0.338514 0.401186
0.127421 -0.341398 0.406236 0.155037 -0.338622 0.401357
0.126442 -0.341506 0.40641 0.154554 -0.338676 0.401443
0.125464 -0.341615 0.406584 0.153103 -0.338838 0.4017
0.124485 -0.341724 0.406758 0.152135 -0.338946 0.401872
0.123506 -0.341833 0.406932 0.151167 -0.339054 0.402044
0.122527 -0.341941 0.407106 0.150198 -0.339162 0.402215
0.121549 -0.34205 0.40728 0.14923 -0.33927 0.402387
0.12057 -0.342159 0.407454 0.148745 -0.339324 0.402473
0.119591 -0.342268 0.407628 0.147291 -0.339487 0.402731
0.118613 -0.342376 0.407802 0.146806 -0.339541 0.402817
0.117634 -0.342485 0.407976 0.145835 -0.339649 0.402989
0.116655 -0.342594 0.40815 0.144864 -0.339758 0.403161
0.115676 -0.342703 0.408324 0.143408 -0.339921 0.403419
0.114698 -0.342811 0.408498 0.142922 -0.339975 0.403505
0.113719 -0.34292 0.408672 0.141465 -0.340138 0.403764
0.11274 -0.343029 0.408846 0.140493 -0.340246 0.403936
0.111761 -0.343138 0.40902 0.139522 -0.340355 0.404109
0.110783 -0.343246 0.409194 0.139035 -0.340409 0.404195
0.109804 -0.343355 0.409368 0.137577 -0.340572 0.404453
0.108825 -0.343464 0.409542 0.136604 -0.34068 0.404626
0.107847 -0.343573 0.409716 0.135631 -0.340789 0.404798
0.106868 -0.343681 0.40989 0.134658 -0.340898 0.404971
0.105889 -0.34379 0.410064 0.134171 -0.340952 0.405057
0.10491 -0.343899 0.410238 0.132709 -0.341115 0.405317
0.103932 -0.344008 0.410412 0.131732 -0.341224 0.40549
0.102953 -0.344116 0.410586 0.130754 -0.341334 0.405663
0.101974 -0.344225 0.41076 0.129776 -0.341443 0.405837
0.100995 -0.344334 0.410934 0.128799 -0.341552 0.40601
0.100017 -0.344443 0.411108 0.127821 -0.341662 0.406184
0.099038 -0.344551 0.411282 0.126843 -0.341771 0.406357
0.0980593 -0.34466 0.411456 0.125864 -0.34188 0.406531
0.0970806 -0.344769 0.41163 0.124885 -0.341989 0.406704
0.0961019 -0.344878 0.411804 0.123907 -0.342099 0.406878
0.0951231 -0.344986 0.411978 0.122928 -0.342208 0.407052
0.0941444 -0.345095 0.412152 0.121949 -0.342317 0.407225
0.0931657 -0.345204 0.412326 0.120971 -0.342426 0.407399
0.092187 -0.345313 0.4125 0.120481 -0.342481 0.407486
0.0912082 -0.345421 0.412674 0.119014 -0.342644 0.407746
0.0902295 -0.34553 0.412848 0.118036 -0.342753 0.40792
0.0892508 -0.345639 0.413022 0.117058 -0.342862 0.408093
0.0882721 -0.345748 0.413196 0.11608 -0.342971 0.408266
0.0872934 -0.345856 0.41337 0.115103 -0.34308 0.40844
0.0863146 -0.345965 0.413544 0.114126 -0.343189 0.408613
0.0853359 -0.346074 0.413718 0.113149 -0.343297 0.408786
0.0843572 -0.346183 0.413892 0.112173 -0.343406 0.40896
0.0833785 -0.346291 0.414066 0.111196 -0.343515 0.409133
0.0823997 -0.3464 0.41424 0.11022 -0.343623 0.409306
0.081421 -0.346509 0.414414 0.109243 -0.343732 0.40948
0.0804423 -0.346618 0.414588 0.108267 -0.34384 0.409653
0.0794636 -0.346726 0.414762 0.107292 -0.343949 0.409826
0.0784848 -0.346835 0.414936 0.106316 -0.344057 0.409999
0.0775061 -0.346944 0.41511 0.10534 -0.344166 0.410172
0.0765274 -0.347053 0.415284 0.104364 -0.344274 0.410345
0.0755487 -0.347161 0.415458 0.103388 -0.344383 0.410519
0.0745699 -0.34727 0.415632 0.102412 -0.344491 0.410692
0.0735912 -0.347379 0.415806 0.101436 -0.3446 0.410865
0.0726125 -0.347487 0.41598 0.10046 -0.344708 0.411038
0.0716338 -0.347596 0.416154 0.0994843 -0.344817 0.411211
0.0706551 -0.347705 0.416328 0.0985081 -0.344925 0.411385
0.0696763 -0.347814 0.416502 0.0975318 -0.345034 0.411558
0.0686976 -0.347922 0.416676 0.0965555 -0.345142 0.411731
0.0677189 -0.348031 0.41685 0.0955791 -0.345251 0.411905
0.0667402 -0.34814 0.417024 0.0946027 -0.34536 0.412078
0.0657614 -0.348249 0.417198 0.0936262 -0.345468 0.412251
0.0647827 -0.348357 0.417372 0.0926496 -0.345577 0.412425
0.063804 -0.348466 0.417546 0.0916729 -0.345685 0.412598
0.0628253 -0.348575 0.41772 0.0906962 -0.345794 0.412772
0.0618465 -0.348684 0.417894 0.0897194 -0.345903 0.412945
0.0608678 -0.348792 0.418068 0.0887425 -0.346011 0.413118
0.0598891 -0.348901 0.418242 0.0877656 -0.34612 0.413292
0.0589104 -0.34901 0.418416 0.0867887 -0.346228 0.413465
0.0579316 -0.349119 0.41859 0.0858117 -0.346337 0.413639
0.0569529 -0.349227 0.418764 0.0848346 -0.346446 0.413812
0.0559742 -0.349336 0.418938 0.0838575 -0.346554 0.413986
0.0549955 -0.349445 0.419112 0.0828804 -0.346663 0.414159
0.0540168 -0.349554 0.419286 0.0819032 -0.346772 0.414333
0.053038 -0.349662 0.41946 0.0809259 -0.34688 0.414507
0.0520593 -0.349771 0.419634 0.0799486 -0.346989 0.41468
0.0510806 -0.34988 0.419808 0.0789712 -0.347098 0.414854
0.0501019 -0.349989 0.419982 0.0779938 -0.347206 0.415027
0.0491231 -0.350097 0.420156 0.0770164 -0.347315 0.415201
0.0481444 -0.350206 0.42033 0.0760389 -0.347424 0.415375
0.0471657 -0.350315 0.420504 0.0750613 -0.347532 0.415548
0.046187 -0.350424 0.420678 0.0740838 -0.347641 0.415722
0.0452082 -0.350532 0.420852 0.0731062 -0.34775 0.415896
0.0442295 -0.350641 0.421026 0.0721287 -0.347858 0.416069
0.0432508 -0.35075 0.4212 0.0711517 -0.347967 0.416243
0.0422721 -0.350859 0.421374 0.070175 -0.348075 0.416416
0.0412933 -0.350967 0.421548 0.0691983 -0.348184 0.41659
0.0403146 -0.351076 0.421722 0.0682215 -0.348292 0.416764
0.0393359 -0.351185 0.421896 0.0672446 -0.348401 0.416937
0.0383572 -0.351294 0.42207 0.0662675 -0.348509 0.417111
0.0373785 -0.351402 0.422244 0.0652902 -0.348618 0.417284
0.0363997 -0.351511 0.422418 0.0643139 -0.348726 0.417458
0.035421 -0.35162 0.422592 0.0633404 -0.348834 0.417631
0.0344423 -0.351729 0.422766 0.0628547 -0.348888 0.417717
0.0334636 -0.351837 0.42294 0.0623693 -0.348942 0.417804
0.0324848 -0.351946 0.423114 0.0604267 -0.349157 0.418149
0.0315061 -0.352055 0.423288 0.0594541 -0.349265 0.418322
0.0305274 -0.352164 0.423462 0.0584807 -0.349373 0.418495
0.0295487 -0.352272 0.423636 0.0575066 -0.349481 0.418668
0.0285699 -0.352381 0.42381 0.0565318 -0.349589 0.418841
0.0275912 -0.35249 0.423984 0.0555567 -0.349697 0.419015
0.0266125 -0.352599 0.424158 0.0545812 -0.349806 0.419188
0.0256338 -0.352707 0.424332 0.0536052 -0.349914 0.419361
0.024655 -0.352816 0.424506 0.0526289 -0.350023 0.419535
0.0236763 -0.352925 0.42468 0.0516523 -0.350131 0.419709
0.0226976 -0.353034 0.424854 0.0506754 -0.35024 0.419882
0.0217189 -0.353142 0.425028 0.0496984 -0.350348 0.420056
0.0207402 -0.353251 0.425202 0.0487212 -0.350457 0.42023
0.0197614 -0.35336 0.425376 0.0477439 -0.350566 0.420404
0.0187827 -0.353469 0.42555 0.0467664 -0.350674 0.420578
0.017804 -0.353577 0.425724 0.0457888 -0.350783 0.420751
0.0168253 -0.353686 0.425898 0.0448112 -0.350892 0.420925
0.0158465 -0.353795 0.426072 0.0438338 -0.351 0.421099
0.0148678 -0.353904 0.426246 0.0428566 -0.351109 0.421273
0.0138891 -0.354012 0.42642 0.0418795 -0.351217 0.421447
0.0129104 -0.354121 0.426594 0.0409025 -0.351326 0.42162
0.0119316 -0.35423 0.426768 0.0399256 -0.351434 0.421794
0.0109529 -0.354339 0.426942 0.0389488 -0.351543 0.421968
0.0099742 -0.354447 0.427116 0.0379719 -0.351651 0.422142
0.00899547 -0.354556 0.42729 0.0369952 -0.35176 0.422316
0.00801675 -0.354665 0.427464 0.0360188 -0.351868 0.422489
0.00703803 -0.354774 0.427638 0.0350427 -0.351976 0.422663
0.0060593 -0.354882 0.427812 0.0340665 -0.352085 0.422837
0.00508058 -0.354991 0.427986 0.0330902 -0.352193 0.42301
0.00410186 -0.3551 0.42816 0.0321136 -0.352301 0.423184
0.00312313 -0.355209 0.428334 0.0311369 -0.35241 0.423358
0.00214441 -0.355317 0.428508 0.0306485 -0.352464 0.423445
0.00116569 -0.355426 0.428682 0.0291826 -0.352627 0.423706
0.000186962 -0.355535 0.428856 0.0282051 -0.352735 0.42388
-0.000791762 -0.355644 0.42903 0.0272272 -0.352844 0.424054
-0.00177049 -0.355752 0.429204 0.026249 -0.352953 0.424228
-0.00274921 -0.355861 0.429378 0.0252705 -0.353061 0.424402
-0.00372793 -0.35597 0.429552 0.0242917 -0.35317 0.424576
-0.00470666 -0.356079 0.429726 0.0233127 -0.353279 0.42475
-0.00568538 -0.356187 0.4299 0.0228232 -0.353333 0.424837
-0.0066641 -0.356296 0.430074 0.0194081 -0.353712 0.425445
-0.00764283 -0.356405 0.430248 0.0184395 -0.353819 0.425618
-0.00862155 -0.356514 0.430422 0.017475 -0.353925 0.425789
-0.00960027 -0.356622 0.430596 0.0160398 -0.354082 0.426045
-0.010579 -0.356731 0.43077 0.0155646 -0.354134 0.426129
-0.0115577 -0.35684 0.430944 0.0146181 -0.354238 0.426298
-0.0125364 -0.356948 0.431118 0.0136764 -0.35434 0.426465
-0.0135152 -0.357057 0.431292 0.0127387 -0.354442 0.426632
-0.0144939 -0.357166 0.431466 0.0118046 -0.354544 0.426799
-0.0154726 -0.357275 0.43164 0.0108736 -0.354645 0.426964
-0.0164513 -0.357383 0.431814 0.00994523 -0.354746 0.427129
-0.0174301 -0.357492 0.431988 0.00901863 -0.354847 0.427294
-0.0184088 -0.357601 0.432162 0.00809322 -0.354947 0.427459
-0.0193875 -0.35771 0.432336 0.00716864 -0.355048 0.427624
-0.0203662 -0.357818 0.43251 0.00624551 -0.355149 0.427788
-0.021345 -0.357927 0.432684 0.00532531 -0.355249 0.427952
-0.0223237 -0.358036 0.432858 0.0044074 -0.355349 0.428115
-0.0233024 -0.358145 0.433032 0.00348926 -0.355449 0.428279
-0.0242811 -0.358253 0.433206 0.00256971 -0.35555 0.428442
-0.0252598 -0.358362 0.43338 0.00164869 -0.355651 0.428606
-0.0262386 -0.358471 0.433554 0.000726145 -0.355753 0.428771
-0.0272173 -0.35858 0.433728 -0.000197992 -0.355854 0.428935
-0.028196 -0.358688 0.433902 -0.00158702 -0.356008 0.429183
-0.0291747 -0.358797 0.434076 -0.0020507 -0.356059 0.429265
-0.0301535 -0.358906 0.43425 -0.00297917 -0.356162 0.429431
-0.0311322 -0.359015 0.434424 -0.00390934 -0.356265 0.429596
-0.0321109 -0.359123 0.434597 -0.0048413 -0.356369 0.429762
-0.0330896 -0.359232 0.434771 -0.00624242 -0.356524 0.430012
-0.0340684 -0.359341 0.434945 -0.00671032 -0.356577 0.430095
-0.0350471 -0.35945 0.435119 -0.00811663 -0.356733 0.430346
-0.0360258 -0.359558 0.435293 -0.00905623 -0.356838 0.430513
-0.0370045 -0.359667 0.435467 -0.00952661 -0.356891 0.430597
-0.0379833 -0.359776 0.435641 -0.0104685 -0.356996 0.430765
-0.038962 -0.359885 0.435815 -0.0114121 -0.357101 0.430933
-0.0399407 -0.359993 0.435989 -0.0123574 -0.357207 0.431102
-0.0409194 -0.360102 0.436163 -0.0137786 -0.357366 0.431355
-0.0418981 -0.360211 0.436337 -0.0142531 -0.357419 0.43144
-0.0428769 -0.36032 0.436511 -0.0152035 -0.357526 0.431609
-0.0438556 -0.360428 0.436685 -0.0166293 -0.357685 0.431863
-0.0448343 -0.360537 0.436859 -0.0171037 -0.357738 0.431948
-0.045813 -0.360646 0.437033 -0.0180517 -0.357844 0.432117
-0.0467918 -0.360755 0.437207 -0.0194761 -0.358003 0.432371
-0.0477705 -0.360863 0.437381 -0.0199519 -0.358056 0.432455
-0.0487492 -0.360972 0.437555 -0.0209043 -0.358163 0.432625
-0.0497279 -0.361081 0.437729 -0.0223358 -0.358323 0.43288
-0.0507067 -0.36119 0.437903 -0.0228139 -0.358376 0.432966
-0.0516854 -0.361298 0.438077 -0.0237715 -0.358483 0.433136
-0.0526641 -0.361407 0.438251 -0.0247304 -0.358591 0.433307
-0.0536428 -0.361516 0.438425 -0.0261708 -0.358752 0.433564
-0.0546216 -0.361625 0.438599 -0.0266515 -0.358806 0.43365
-0.0556003 -0.361733 0.438773 -0.0280951 -0.358967 0.433907
-0.056579 -0.361842 0.438947 -0.0290587 -0.359075 0.434079
-0.0575577 -0.361951 0.439121 -0.0300233 -0.359183 0.434251
-0.0585364 -0.36206 0.439295 -0.030506 -0.359237 0.434337
-0.0595152 -0.362168 0.439469 -0.0319533 -0.359399 0.434595
-0.0604939 -0.362277 0.439643 -0.0329157 -0.359506 0.434767
-0.0614726 -0.362386 0.439817 -0.0333966 -0.359559 0.434852
-0.0624513 -0.362495 0.439991 -0.034359 -0.359667 0.435024
-0.0634301 -0.362603 0.440165 -0.0358056 -0.359828 0.435282
-0.0644088 -0.362712 0.440339 -0.0367717 -0.359936 0.435454
-0.0653875 -0.362821 0.440513 -0.037739 -0.360044 0.435627
-0.0663662 -0.36293 0.440687 -0.0387073 -0.360152 0.435799
-0.067345 -0.363038 0.440861 -0.0396765 -0.36026 0.435972
-0.0683237 -0.363147 0.441035 -0.0401615 -0.360314 0.436059
-0.0693024 -0.363256 0.441209 -0.0411321 -0.360422 0.436232
-0.0702811 -0.363365 0.441383 -0.0421038 -0.360531 0.436405
-0.0712599 -0.363473 0.441557 -0.0430762 -0.360639 0.436579
-0.0722386 -0.363582 0.441731 -0.0445364 -0.360802 0.436839
-0.0732173 -0.363691 0.441905 -0.0455109 -0.360911 0.437013
-0.074196 -0.3638 0.442079 -0.0464863 -0.361019 0.437187
-0.0751747 -0.363908 0.442253 -0.0474622 -0.361128 0.437361
-0.0761535 -0.364017 0.442427 -0.0479503 -0.361183 0.437448
-0.0771322 -0.364126 0.442601 -0.0494148 -0.361346 0.437709
-0.0781109 -0.364235 0.442775 -0.0503916 -0.361455 0.437883
-0.0790896 -0.364343 0.442949 -0.0508801 -0.361509 0.437971
-0.0800684 -0.364452 0.443123 -0.0523463 -0.361672 0.438232
-0.0810471 -0.364561 0.443297 -0.0533244 -0.361781 0.438407
-0.0820258 -0.36467 0.443471 -0.0543032 -0.36189 0.438581
-0.0830045 -0.364778 0.443645 -0.0552805 -0.361999 0.438755
-0.0839833 -0.364887 0.443819 -0.0562547 -0.362107 0.438929
-0.084962 -0.364996 0.443993 -0.057226 -0.362215 0.439102
-0.0859407 -0.365105 0.444167 -0.0581947 -0.362322 0.439275
-0.0869194 -0.365213 0.444341 -0.0591612 -0.362428 0.439447
-0.0878982 -0.365322 0.444515 -0.0601256 -0.362535 0.439619
-0.0888769 -0.365431 0.444689 -0.0610883 -0.362641 0.439791
-0.0898556 -0.36554 0.444863 -0.0620494 -0.362747 0.439962
-0.0908343 -0.365648 0.445037 -0.0630094 -0.362853 0.440133
-0.091813 -0.365757 0.445211 -0.0639683 -0.362958 0.440304
-0.0927918 -0.365866 0.445385 -0.0649264 -0.363064 0.440475
-0.0937705 -0.365974 0.445559 -0.0658839 -0.363169 0.440645
-0.0947492 -0.366083 0.445733 -0.066841 -0.363275 0.440816
-0.0957279 -0.366192 0.445907 -0.0677977 -0.36338 0.440986
-0.0967067 -0.366301 0.446081 -0.0687542 -0.363486 0.441157
-0.0976854 -0.366409 0.446255 -0.0697107 -0.363591 0.441327
-0.0986641 -0.366518 0.446429 -0.0706671 -0.363697 0.441498
-0.0996428 -0.366627 0.446603 -0.0716238 -0.363802 0.441669
-0.100622 -0.366736 0.446777 -0.0725811 -0.363908 0.441839
-0.1016 -0.366844 0.446951 -0.0735395 -0.364014 0.44201
-0.102579 -0.366953 0.447125 -0.0744993 -0.36412 0.442181
-0.103558 -0.367062 0.447299 -0.0754609 -0.364227 0.442353
-0.104536 -0.367171 0.447473 -0.0764234 -0.364334 0.442524
-0.105515 -0.367279 0.447647 -0.0773859 -0.364441 0.442696
-0.106494 -0.367388 0.447821 -0.0783485 -0.364547 0.442868
-0.107473 -0.367497 0.447995 -0.0793111 -0.364654 0.44304
-0.108451 -0.367606 0.448169 -0.080274 -0.364761 0.443211
-0.10943 -0.367714 0.448343 -0.0807554 -0.364815 0.443297
-0.110409 -0.367823 0.448517 -0.0822011 -0.364975 0.443555
-0.111388 -0.367932 0.448691 -0.0831667 -0.365083 0.443727
-0.112366 -0.368041 0.448865 -0.0841341 -0.36519 0.4439
-0.113345 -0.368149 0.449039 -0.0851034 -0.365298 0.444073
-0.114324 -0.368258 0.449213 -0.0860736 -0.365406 0.444246
-0.115302 -0.368367 0.449387 -0.0870436 -0.365514 0.444419
-0.116281 -0.368476 0.449561 -0.0880134 -0.365622 0.444593
-0.11726 -0.368584 0.449735 -0.0889832 -0.36573 0.444766
-0.118239 -0.368693 0.449909 -0.089953 -0.365838 0.444939
-0.119217 -0.368802 0.450083 -0.090923 -0.365946 0.445112
-0.120196 -0.368911 0.450257 -0.0918931 -0.366054 0.445285
-0.121175 -0.369019 0.450431 -0.0928634 -0.366162 0.445458
-0.122153 -0.369128 0.450605 -0.0933486 -0.366216 0.445545
-0.123132 -0.369237 0.450779 -0.0948042 -0.366378 0.445804
-0.124111 -0.369346 0.450953 -0.0957745 -0.366486 0.445977
-0.12509 -0.369454 0.451127 -0.0967449 -0.366594 0.446151
-0.126068 -0.369563 0.451301 -0.0977153 -0.366701 0.446324
-0.127047 -0.369672 0.451475 -0.0986858 -0.366809 0.446497
-0.128026 -0.369781 0.451649 -0.0996565 -0.366917 0.44667
-0.129005 -0.369889 0.451823 -0.100628 -0.367025 0.446843
-0.129983 -0.369998 0.451997 -0.101599 -0.367133 0.447017
-0.130962 -0.370107 0.452171 -0.10257 -0.367241 0.44719
-0.131941 -0.370216 0.452345 -0.103542 -0.367349 0.447363
-0.132919 -0.370324 0.452519 -0.104514 -0.367457 0.447537
-0.133898 -0.370433 0.452693 -0.105486 -0.367565 0.44771
-0.134877 -0.370542 0.452867 -0.106459 -0.367673 0.447884
-0.135856 -0.370651 0.453041 -0.107918 -0.367835 0.448144
-0.136834 -0.370759 0.453215 -0.108404 -0.367889 0.448231
-0.137813 -0.370868 0.453389 -0.109378 -0.367997 0.448404
-0.138792 -0.370977 0.453563 -0.110352 -0.368106 0.448578
-0.139771 -0.371086 0.453737 -0.111815 -0.368269 0.448839
-0.140749 -0.371194 0.453911 -0.112304 -0.368323 0.448926
-0.141728 -0.371303 0.454085 -0.113771 -0.368486 0.449188
-0.142707 -0.371412 0.454259 -0.11426 -0.368541 0.449276
-0.143685 -0.371521 0.454433 -0.115237 -0.368649 0.44945
-0.144664 -0.371629 0.454607 -0.116214 -0.368758 0.449624
-0.145643 -0.371738 0.454781 -0.117191 -0.368867 0.449799
-0.146622 -0.371847 0.454955 -0.118657 -0.36903 0.45006
-0.1476 -0.371956 0.455129 -0.119634 -0.369138 0.450234
-0.148579 -0.372064 0.455303 -0.120123 -0.369193 0.450322
-0.149558 -0.372173 0.455477 -0.1211 -0.369301 0.450496
-0.150536 -0.372282 0.455651 -0.122079 -0.36941 0.450671
-0.151515 -0.372391 0.455825 -0.123546 -0.369573 0.450932
-0.152494 -0.372499 0.455999 -0.124524 -0.369682 0.451107
-0.153473 -0.372608 0.456173 -0.125502 -0.36979 0.451281
-0.154451 -0.372717 0.456347 -0.12599 -0.369845 0.451368
-0.15543 -0.372826 0.456521 -0.126968 -0.369953 0.451543
-0.156409 -0.372934 0.456695 -0.128434 -0.370116 0.451804
-0.157388 -0.373043 0.456869 -0.128923 -0.37017 0.451892
-0.158366 -0.373152 0.457043 -0.1299 -0.370279 0.452066
-0.159345 -0.373261 0.457217 -0.130877 -0.370387 0.45224
-0.160324 -0.373369 0.457391 -0.131855 -0.370496 0.452415
-0.161302 -0.373478 0.457565 -0.13332 -0.370658 0.452676
-0.162281 -0.373587 0.457739 -0.134298 -0.370767 0.45285
-0.16326 -0.373696 0.457913 -0.135276 -0.370875 0.453025
-0.164239 -0.373804 0.458087 -0.136255 -0.370984 0.453199
-0.165217 -0.373913 0.458261 -0.137234 -0.371093 0.453374
-0.166196 -0.374022 0.458435 -0.138213 -0.371202 0.453549
-0.167175 -0.374131 0.458609 -0.139192 -0.37131 0.453723
-0.168153 -0.374239 0.458783 -0.14017 -0.371419 0.453898
-0.169132 -0.374348 0.458957 -0.141148 -0.371527 0.454072
-0.170111 -0.374457 0.459131 -0.142126 -0.371636 0.454247
-0.17109 -0.374566 0.459305 -0.143104 -0.371744 0.454421
-0.172068 -0.374674 0.459479 -0.144081 -0.371853 0.454595
-0.173047 -0.374783 0.459653 -0.145059 -0.371961 0.45477
-0.174026 -0.374892 0.459827 -0.146036 -0.37207 0.454944
-0.175005 -0.375001 0.460001 -0.146525 -0.372124 0.455031
-0.175983 -0.375109 0.460175 -0.147014 -0.372178 0.455118
-0.176962 -0.375218 0.460349 -0.14897 -0.372395 0.455467
-0.177941 -0.375327 0.460523 -0.149949 -0.372504 0.455642
-0.178919 -0.375435 0.460697 -0.150927 -0.372612 0.455816
-0.179898 -0.375544 0.460871 -0.151905 -0.372721 0.455991
-0.180877 -0.375653 0.461045 -0.152883 -0.372829 0.456165
-0.181856 -0.375762 0.461219 -0.15386 -0.372938 0.456339
-0.182834 -0.37587 0.461393 -0.154837 -0.373046 0.456514
-0.183813 -0.375979 0.461567 -0.155814 -0.373155 0.456688
-0.184792 -0.376088 0.461741 -0.156791 -0.373263 0.456862
-0.185771 -0.376197 0.461915 -0.157768 -0.373371 0.457036
-0.186749 -0.376305 0.462089 -0.158745 -0.37348 0.45721
-0.187728 -0.376414 0.462263 -0.159722 -0.373588 0.457384
-0.188707 -0.376523 0.462437 -0.160699 -0.373696 0.457559
-0.189685 -0.376632 0.462611 -0.161675 -0.373805 0.457733
-0.190664 -0.37674 0.462785 -0.162652 -0.373913 0.457907
-0.191643 -0.376849 0.462959 -0.163629 -0.374021 0.458081
-0.192622 -0.376958 0.463133 -0.164606 -0.37413 0.458255
-0.1936 -0.377067 0.463307 -0.165582 -0.374238 0.458429
-0.194579 -0.377175 0.463481 -0.166559 -0.374346 0.458603
-0.195558 -0.377284 0.463655 -0.167536 -0.374455 0.458778
-0.196536 -0.377393 0.463829 -0.168512 -0.374563 0.458952
-0.197515 -0.377502 0.464003 -0.169489 -0.374671 0.459126
-0.198494 -0.37761 0.464177 -0.170466 -0.37478 0.4593
-0.199473 -0.377719 0.464351 -0.171442 -0.374888 0.459474
-0.200451 -0.377828 0.464525 -0.172419 -0.374997 0.459648
-0.20143 -0.377937 0.464699 -0.173396 -0.375105 0.459822
-0.202409 -0.378045 0.464873 -0.174373 -0.375213 0.459997
-0.203388 -0.378154 0.465047 -0.175349 -0.375322 0.460171
-0.204366 -0.378263 0.465221 -0.176326 -0.37543 0.460345
-0.205345 -0.378372 0.465395 -0.177303 -0.375539 0.460519
-0.206324 -0.37848 0.465569 -0.17828 -0.375647 0.460693
-0.207302 -0.378589 0.465743 -0.179257 -0.375755 0.460868
-0.208281 -0.378698 0.465917 -0.180234 -0.375864 0.461042
-0.20926 -0.378807 0.466091 -0.181212 -0.375972 0.461216
-0.210239 -0.378915 0.466265 -0.182189 -0.376081 0.46139
-0.211217 -0.379024 0.466439 -0.183166 -0.376189 0.461564
-0.212196 -0.379133 0.466613 -0.184143 -0.376298 0.461739
-0.213175 -0.379242 0.466787 -0.184632 -0.376352 0.461826
-0.214153 -0.37935 0.466961 -0.185121 -0.376406 0.461913
-0.215132 -0.379459 0.467135 -0.187075 -0.376623 0.462261
-0.216111 -0.379568 0.467309 -0.188048 -0.376731 0.462435
-0.21709 -0.379677 0.467483 -0.189019 -0.376838 0.462607
-0.218068 -0.379785 0.467657 -0.189989 -0.376946 0.46278
-0.219047 -0.379894 0.467831 -0.19096 -0.377053 0.462953
-0.220026 -0.380003 0.468005 -0.191933 -0.377161 0.463127
-0.221005 -0.380112 0.468179 -0.192906 -0.377269 0.4633
-0.221983 -0.38022 0.468353 -0.193392 -0.377323 0.463387
-0.222962 -0.380329 0.468527 -0.194854 -0.377485 0.463647
-0.223941 -0.380438 0.468701 -0.195829 -0.377593 0.463821
-0.224919 -0.380547 0.468875 -0.196805 -0.377702 0.463995
-0.225898 -0.380655 0.469049 -0.197781 -0.37781 0.464169
-0.226877 -0.380764 0.469223 -0.198269 -0.377864 0.464256
-0.227856 -0.380873 0.469397 -0.199735 -0.378027 0.464517
-0.228834 -0.380982 0.469571 -0.200712 -0.378136 0.464692
-0.229813 -0.38109 0.469745 -0.20169 -0.378244 0.464866
-0.230792 -0.381199 0.469919 -0.202669 -0.378353 0.465041
-0.231771 -0.381308 0.470093 -0.203647 -0.378462 0.465215
-0.232749 -0.381417 0.470267 -0.204626 -0.378571 0.46539
-0.233728 -0.381525 0.470441 -0.205605 -0.37868 0.465564
-0.234707 -0.381634 0.470615 -0.206584 -0.378788 0.465739
-0.235685 -0.381743 0.470789 -0.207563 -0.378897 0.465913
-0.236664 -0.381852 0.470963 -0.208543 -0.379006 0.466088
-0.237643 -0.38196 0.471137 -0.209522 -0.379115 0.466263
-0.238622 -0.382069 0.471311 -0.210502 -0.379224 0.466437
-0.2396 -0.382178 0.471484 -0.211482 -0.379333 0.466612
-0.240579 -0.382287 0.471658 -0.212462 -0.379442 0.466787
-0.241558 -0.382395 0.471832 -0.213442 -0.379551 0.466961
-0.242536 -0.382504 0.472006 -0.214422 -0.37966 0.467136
-0.243515 -0.382613 0.47218 -0.214912 -0.379714 0.467223
-0.244494 -0.382722 0.472354 -0.216382 -0.379877 0.467486
-0.245473 -0.38283 0.472528 -0.217362 -0.379986 0.46766
-0.246451 -0.382939 0.472702 -0.218342 -0.380095 0.467835
-0.24743 -0.383048 0.472876 -0.219323 -0.380204 0.46801
-0.248409 -0.383157 0.47305 -0.220303 -0.380313 0.468184
-0.249388 -0.383265 0.473224 -0.221283 -0.380422 0.468359
-0.250366 -0.383374 0.473398 -0.222263 -0.380531 0.468534
-0.251345 -0.383483 0.473572 -0.223244 -0.380639 0.468709
-0.252324 -0.383592 0.473746 -0.224224 -0.380748 0.468883
-0.253302 -0.3837 0.47392 -0.225204 -0.380857 0.469058
-0.254281 -0.383809 0.474094 -0.226184 -0.380966 0.469233
-0.25526 -0.383918 0.474268 -0.227164 -0.381075 0.469407
-0.256239 -0.384027 0.474442 -0.228145 -0.381184 0.469582
-0.257217 -0.384135 0.474616 -0.229125 -0.381292 0.469757
-0.258196 -0.384244 0.47479 -0.230105 -0.381401 0.469931
-0.259175 -0.384353 0.474964 -0.231085 -0.38151 0.470106
-0.260153 -0.384461 0.475138 -0.232065 -0.381619 0.47028
-0.261132 -0.38457 0.475312 -0.233045 -0.381727 0.470455
-0.262111 -0.384679 0.475486 -0.234024 -0.381836 0.47063
-0.26309 -0.384788 0.47566 -0.235004 -0.381945 0.470804
-0.264068 -0.384896 0.475834 -0.235984 -0.382054 0.470979
-0.265047 -0.385005 0.476008 -0.236964 -0.382162 0.471153
-0.266026 -0.385114 0.476182 -0.237943 -0.382271 0.471328
-0.267005 -0.385223 0.476356 -0.238923 -0.38238 0.471502
-0.267983 -0.385331 0.47653 -0.239903 -0.382488 0.471677
-0.268962 -0.38544 0.476704 -0.240882 -0.382597 0.471851
-0.269941 -0.385549 0.476878 -0.241862 -0.382706 0.472026
-0.270919 -0.385658 0.477052 -0.242842 -0.382815 0.4722
-0.271898 -0.385766 0.477226 -0.243821 -0.382923 0.472375
-0.272877 -0.385875 0.4774 -0.244801 -0.383032 0.472549
-0.273856 -0.385984 0.477574 -0.24529 -0.383086 0.472637
-0.274834 -0.386093 0.477748 -0.24676 -0.383249 0.472898
-0.275813 -0.386201 0.477922 -0.247739 -0.383358 0.473073
-0.276792 -0.38631 0.478096 -0.248718 -0.383467 0.473247
-0.277771 -0.386419 0.47827 -0.249697 -0.383575 0.473422
-0.278749 -0.386528 0.478444 -0.250676 -0.383684 0.473596
-0.279728 -0.386636 0.478618 -0.251654 -0.383792 0.47377
-0.280707 -0.386745 0.478792 -0.252143 -0.383847 0.473857
-0.281685 -0.386854 0.478966 -0.25361 -0.384009 0.474119
-0.282664 -0.386963 0.47914 -0.254585 -0.384117 0.474292
-0.283643 -0.387071 0.479314 -0.255557 -0.384225 0.474465
-0.284622 -0.38718 0.479488 -0.256528 -0.384332 0.474638
-0.2856 -0.387289 0.479662 -0.257014 -0.384386 0.474724
-0.286579 -0.387398 0.479836 -0.258473 -0.384547 0.474984
-0.287558 -0.387506 0.48001 -0.259446 -0.384655 0.475157
-0.288536 -0.387615 0.480184 -0.26042 -0.384763 0.475331
-0.289515 -0.387724 0.480358 -0.261394 -0.384871 0.475504
-0.290494 -0.387833 0.480532 -0.262369 -0.384979 0.475678
-0.291473 -0.387941 0.480706 -0.263344 -0.385087 0.475851
-0.292451 -0.38805 0.48088 -0.26432 -0.385196 0.476025
-0.29343 -0.388159 0.481054 -0.265296 -0.385304 0.476199
-0.294409 -0.388268 0.481228 -0.266273 -0.385412 0.476373
-0.295388 -0.388376 0.481402 -0.26725 -0.385521 0.476547
-0.296366 -0.388485 0.481576 -0.268227 -0.38563 0.476721
-0.297345 -0.388594 0.48175 -0.269204 -0.385738 0.476895
-0.298324 -0.388703 0.481924 -0.270182 -0.385847 0.47707
-0.299302 -0.388811 0.482098 -0.27116 -0.385955 0.477244
-0.300281 -0.38892 0.482272 -0.272627 -0.386118 0.477505
-0.30126 -0.389029 0.482446 -0.273605 -0.386227 0.47768
-0.302239 -0.389138 0.48262 -0.274094 -0.386282 0.477767
-0.303217 -0.389246 0.482794 -0.275073 -0.38639 0.477941
-0.304196 -0.389355 0.482968 -0.276052 -0.386499 0.478115
-0.305175 -0.389464 0.483142 -0.27703 -0.386608 0.47829
-0.306153 -0.389573 0.483316 -0.278497 -0.386771 0.478551
-0.307132 -0.389681 0.48349 -0.279475 -0.386879 0.478725
-0.308111 -0.38979 0.483664 -0.279964 -0.386934 0.478812
-0.30909 -0.389899 0.483838 -0.280453 -0.386988 0.478899
-0.310068 -0.390008 0.484012 -0.28143 -0.387096 0.479074
-0.311047 -0.390116 0.484186 -0.282896 -0.387259 0.479335
-0.312026 -0.390225 0.48436 -0.28387 -0.387367 0.479508
-0.313005 -0.390334 0.484534 -0.284842 -0.387475 0.479681
-0.313983 -0.390443 0.484708 -0.285814 -0.387582 0.479854
-0.314962 -0.390551 0.484882 -0.286786 -0.38769 0.480027
-0.315941 -0.39066 0.485056 -0.28776 -0.387798 0.4802
-0.316919 -0.390769 0.48523 -0.288734 -0.387906 0.480373
-0.317898 -0.390878 0.485404 -0.289708 -0.388014 0.480547
-0.318877 -0.390986 0.485578 -0.291172 -0.388177 0.480808
-0.319856 -0.391095 0.485752 -0.292148 -0.388285 0.480982
-0.320834 -0.391204 0.485926 -0.293125 -0.388393 0.481156
-0.321813 -0.391313 0.4861 -0.293613 -0.388448 0.481243
-0.322792 -0.391421 0.486274 -0.295078 -0.38861 0.481504
-0.323771 -0.39153 0.486448 -0.296055 -0.388719 0.481678
-0.324749 -0.391639 0.486622 -0.296544 -0.388773 0.481765
-0.325728 -0.391748 0.486796 -0.29801 -0.388936 0.482026
-0.326707 -0.391856 0.48697 -0.298987 -0.389045 0.4822
-0.327685 -0.391965 0.487144 -0.299965 -0.389153 0.482374
-0.328664 -0.392074 0.487318 -0.300942 -0.389262 0.482548
-0.329643 -0.392183 0.487492 -0.301919 -0.38937 0.482722
-0.330622 -0.392291 0.487666 -0.302896 -0.389479 0.482896
-0.3316 -0.3924 0.48784 -0.303872 -0.389587 0.48307
-0.332579 -0.392509 0.488014 -0.304849 -0.389696 0.483244
-0.333558 -0.392618 0.488188 -0.305337 -0.38975 0.483331
-0.334536 -0.392726 0.488362 -0.306803 -0.389913 0.483592
-0.335515 -0.392835 0.488536 -0.30778 -0.390021 0.483766
-0.336494 -0.392944 0.48871 -0.308757 -0.39013 0.48394
-0.337473 -0.393053 0.488884 -0.309734 -0.390238 0.484114
-0.338451 -0.393161 0.489058 -0.310711 -0.390347 0.484288
-0.33943 -0.39327 0.489232 -0.311688 -0.390455 0.484462
-0.340409 -0.393379 0.489406 -0.312663 -0.390563 0.484635
-0.341388 -0.393488 0.48958 -0.313635 -0.390671 0.484808
-0.342366 -0.393596 0.489754 -0.314607 -0.390779 0.484981
-0.343345 -0.393705 0.489928 -0.315579 -0.390887 0.485154
-0.344324 -0.393814 0.490102 -0.316552 -0.390994 0.485327
-0.345302 -0.393922 0.490276 -0.317039 -0.391048 0.485414
-0.346281 -0.394031 0.49045 -0.3185 -0.391211 0.485674
-0.34726 -0.39414 0.490624 -0.319475 -0.391319 0.485848
-0.348239 -0.394249 0.490798 -0.320451 -0.391427 0.486021
-0.349217 -0.394357 0.490972 -0.321427 -0.391536 0.486195
-0.350196 -0.394466 0.491146 -0.322404 -0.391644 0.486369
-0.351175 -0.394575 0.49132 -0.323381 -0.391753 0.486543
-0.352154 -0.394684 0.491494 -0.324357 -0.391861 0.486717
-0.353132 -0.394792 0.491668 -0.325332 -0.39197 0.486891
-0.354111 -0.394901 0.491842 -0.326305 -0.392077 0.487064
-0.35509 -0.39501 0.492016 -0.327278 -0.392185 0.487237
-0.356068 -0.395119 0.49219 -0.327765 -0.392239 0.487324
-0.357047 -0.395227 0.492364 -0.329227 -0.392402 0.487584
-0.358026 -0.395336 0.492538 -0.330202 -0.39251 0.487758
-0.359005 -0.395445 0.492712 -0.331179 -0.392619 0.487932
-0.359983 -0.395554 0.492886 -0.332156 -0.392727 0.488106
-0.360962 -0.395662 0.49306 -0.33313 -0.392835 0.488279
-0.361941 -0.395771 0.493234 -0.334101 -0.392943 0.488452
-0.362919 -0.39588 0.493408 -0.335071 -0.39305 0.488624
-0.363898 -0.395989 0.493582 -0.336038 -0.393157 0.488796
-0.364877 -0.396097 0.493756 -0.337004 -0.393264 0.488968
-0.365856 -0.396206 0.49393 -0.337968 -0.393371 0.489139
-0.366834 -0.396315 0.494104 -0.338932 -0.393477 0.489311
-0.367813 -0.396424 0.494278 -0.339894 -0.393584 0.489482
-0.368792 -0.396532 0.494452 -0.340856 -0.39369 0.489652
-0.369771 -0.396641 0.494626 -0.341336 -0.393743 0.489738
-0.370749 -0.39675 0.4948 -0.343259 -0.393956 0.49008
-0.371728 -0.396859 0.494974 -0.344224 -0.394062 0.490251
-0.372707 -0.396967 0.495148 -0.344707 -0.394116 0.490337
-0.373685 -0.397076 0.495322 -0.346158 -0.394277 0.490596
-0.374664 -0.397185 0.495496 -0.347126 -0.394385 0.490768
-0.375643 -0.397294 0.49567 -0.347609 -0.394438 0.490854
-0.376622 -0.397402 0.495844 -0.348576 -0.394546 0.491026
-0.3776 -0.397511 0.496018 -0.349542 -0.394653 0.491198
-0.378579 -0.39762 0.496192 -0.350509 -0.39476 0.49137
-0.379558 -0.397729 0.496366 -0.351475 -0.394868 0.491542
-0.380536 -0.397837 0.49654 -0.352441 -0.394975 0.491714
-0.381515 -0.397946 0.496714 -0.353407 -0.395082 0.491886
-0.382494 -0.398055 0.496888 -0.354373 -0.395189 0.492058
-0.383473 -0.398164 0.497062 -0.355339 -0.395297 0.49223
-0.384451 -0.398272 0.497236 -0.356305 -0.395404 0.492402
-0.38543 -0.398381 0.49741 -0.357271 -0.395511 0.492574
-0.386409 -0.39849 0.497584 -0.358237 -0.395618 0.492746
-0.387388 -0.398599 0.497758 -0.359203 -0.395726 0.492918
-0.388366 -0.398707 0.497932 -0.360169 -0.395833 0.49309
-0.389345 -0.398816 0.498106 -0.361136 -0.395941 0.493262
-0.390324 -0.398925 0.49828 -0.362105 -0.396048 0.493435
-0.391302 -0.399034 0.498454 -0.363074 -0.396156 0.493607
-0.392281 -0.399142 0.498628 -0.363558 -0.39621 0.493694
-0.39326 -0.399251 0.498802 -0.365012 -0.396372 0.493953
-0.394239 -0.39936 0.498976 -0.365982 -0.39648 0.494125
-0.395217 -0.399469 0.49915 -0.366952 -0.396588 0.494298
-0.396196 -0.399577 0.499324 -0.367923 -0.396696 0.494471
-0.397175 -0.399686 0.499498 -0.368894 -0.396804 0.494644
-0.398154 -0.399795 0.499672 -0.369865 -0.396912 0.494817
-0.399132 -0.399904 0.499846 -0.370836 -0.39702 0.49499
-0.400111 -0.400012 0.50002 -0.371807 -0.397128 0.495163
-0.399132 -0.399904 0.499846 -0.372778 -0.397236 0.495337
-0.400111 -0.400012 0.50002 -0.37375 -0.397345 0.49551
-0.399132 -0.399904 0.499846 -0.374722 -0.397453 0.495683
-0.400111 -0.400012 0.50002 -0.375694 -0.397561 0.495856
-0.399132 -0.399904 0.499846 -0.376665 -0.397669 0.496029
-0.400111 -0.400012 0.50002 -0.37763 -0.397776 0.496201
-0.399132 -0.399904 0.499846 -0.378586 -0.397881 0.49637
-0.400111 -0.400012 0.50002 -0.379526 -0.397984 0.496537
-0.399132 -0.399904 0.499846 -0.380448 -0.398084 0.496699
-0.400111 -0.400012 0.50002 -0.381352 -0.398182 0.496858
-0.399132 -0.399904 0.499846 -0.382233 -0.398276 0.497012
-0.400111 -0.400012 0.50002 -0.383091 -0.398366 0.497162
-0.399132 -0.399904 0.499846 -0.383925 -0.398453 0.497306
-0.400111 -0.400012 0.50002 -0.384732 -0.398537 0.497445
-0.399132 -0.399904 0.499846 -0.385512 -0.398616 0.49758
-0.400111 -0.400012 0.50002 -0.385892 -0.398655 0.497645
-0.399132 -0.399904 0.499846 -0.386991 -0.398765 0.497832
-0.400111 -0.400012 0.50002 -0.387689 -0.398834 0.497951
-0.399132 -0.399904 0.499846 -0.38836 -0.3989 0.498064
-0.400111 -0.400012 0.50002 -0.389005 -0.398963 0.498173
-0.399132 -0.399904 0.499846 -0.389624 -0.399023 0.498277
-0.400111 -0.400012 0.50002 -0.390215 -0.39908 0.498376
-0.399132 -0.399904 0.499846 -0.39078 -0.399133 0.49847
-0.400111 -0.400012 0.50002 -0.391317 -0.399184 0.49856
-0.399132 -0.399904 0.499846 -0.391829 -0.399232 0.498644
-0.400111 -0.400012 0.50002 -0.392315 -0.399277 0.498725
-0.399132 -0.399904 0.499846 -0.392776 -0.399319 0.498801
-0.400111 -0.400012 0.50002 -0.393214 -0.39936 0.498873
-0.399132 -0.399904 0.499846 -0.393628 -0.399397 0.498941
-0.400111 -0.400012 0.50002 -0.39402 -0.399433 0.499005
-0.399132 -0.399904 0.499846 -0.39439 -0.399466 0.499066
-0.400111 -0.400012 0.50002 -0.394567 -0.399482 0.499095
-0.399132 -0.399904 0.499846 -0.395069 -0.399527 0.499176
-0.400111 -0.400012 0.50002 -0.395379 -0.399555 0.499227
-0.399132 -0.399904 0.499846 -0.395671 -0.399581 0.499274
-0.400111 -0.400012 0.50002 -0.395811 -0.399593 0.499297
-0.399132 -0.399904 0.499846 -0.396204 -0.399628 0.499361
-0.400111 -0.400012 0.50002 -0.396446 -0.39965 0.499401
-0.399132 -0.399904 0.499846 -0.396674 -0.39967 0.499438
-0.400111 -0.400012 0.50002 -0.396889 -0.399689 0.499473
-0.399132 -0.399904 0.499846 -0.397091 -0.399707 0.499505
-0.400111 -0.400012 0.50002 -0.397279 -0.399724 0.499536
-0.399132 -0.399904 0.499846 -0.397455 -0.39974 0.499565
-0.400111 -0.400012 0.50002 -0.397618 -0.399754 0.499591
-0.399132 -0.399904 0.499846 -0.397769 -0.399768 0.499616
-0.400111 -0.400012 0.50002 -0.397909 -0.39978 0.499639
-0.399132 -0.399904 0.499846 -0.398038 -0.399792 0.49966
-0.400111 -0.400012 0.50002 -0.398158 -0.399803 0.499679
-0.399132 -0.399904 0.499846 -0.398268 -0.399812 0.499697
-0.400111 -0.400012 0.50002 -0.398369 -0.399822 0.499713
-0.399132 -0.399904 0.499846 -0.398462 -0.39983 0.499729
-0.400111 -0.400012 0.50002 -0.398548 -0.399838 0.499743
-0.399132 -0.399904 0.499846 -0.398626 -0.399845 0.499756
-0.400111 -0.400012 0.50002 -0.398698 -0.399851 0.499767
-0.399132 -0.399904 0.499846 -0.398731 -0.399855 0.499773
-0.400111 -0.400012 0.50002 -0.398823 -0.399863 0.499788
-0.399132 -0.399904 0.499846 -0.398877 -0.399868 0.499797
-0.400111 -0.400012 0.50002 -0.398926 -0.399873 0.499805
-0.399132 -0.399904 0.499846 -0.39897 -0.399877 0.499812
-0.400111 -0.400012 0.50002 -0.39901 -0.399881 0.499819
-0.399132 -0.399904 0.499846 -0.399045 -0.399884 0.499825
