0.499336 -0.300074 0.340118 0.500316 -0.299964 0.339943
0.498357 -0.300183 0.340292 0.500316 -0.299964 0.339943
0.497379 -0.300291 0.340466 0.500316 -0.299964 0.339943
0.4964 -0.3004 0.34064 0.500316 -0.299964 0.339943
0.495421 -0.300509 0.340814 0.500311 -0.299965 0.339944
0.494442 -0.300618 0.340988 0.500299 -0.299966 0.339946
0.493464 -0.300726 0.341162 0.50029 -0.299967 0.339948
0.492485 -0.300835 0.341336 0.500202 -0.299977 0.339963
0.491506 -0.300944 0.34151 0.500145 -0.299983 0.339974
0.490527 -0.301053 0.341684 0.500073 -0.299991 0.339987
0.489549 -0.301161 0.341858 0.499983 -0.300002 0.340003
0.48857 -0.30127 0.342032 0.49993 -0.300007 0.340012
0.487591 -0.301379 0.342206 0.499741 -0.300029 0.340047
0.486613 -0.301487 0.34238 0.499584 -0.300047 0.340076
0.485634 -0.301596 0.342554 0.4994 -0.300069 0.340109
0.484655 -0.301705 0.342728 0.499189 -0.300093 0.340148
0.483676 -0.301814 0.342902 0.498953 -0.300121 0.340191
0.482698 -0.301922 0.343076 0.498692 -0.300151 0.340239
0.481719 -0.302031 0.34325 0.498405 -0.300185 0.340292
0.48074 -0.30214 0.343424 0.498092 -0.300221 0.34035
0.479761 -0.302249 0.343598 0.497753 -0.300261 0.340413
0.478783 -0.302357 0.343772 0.496793 -0.300374 0.34059
0.477804 -0.302466 0.343946 0.496583 -0.300398 0.340629
0.476825 -0.302575 0.34412 0.496148 -0.300449 0.340709
0.475847 -0.302684 0.344294 0.495691 -0.300503 0.340794
0.474868 -0.302792 0.344468 0.495211 -0.300559 0.340882
0.473889 -0.302901 0.344642 0.49471 -0.300618 0.340975
0.47291 -0.30301 0.344816 0.494186 -0.30068 0.341072
0.471932 -0.303119 0.34499 0.493642 -0.300744 0.341173
0.470953 -0.303227 0.345164 0.493079 -0.30081 0.341277
0.469974 -0.303336 0.345338 0.492496 -0.300878 0.341384
0.468996 -0.303445 0.345512 0.491895 -0.300949 0.341495
0.468017 -0.303554 0.345686 0.491275 -0.301021 0.34161
0.467038 -0.303662 0.34586 0.490637 -0.301096 0.341727
0.466059 -0.303771 0.346034 0.489982 -0.301173 0.341848
0.465081 -0.30388 0.346208 0.48931 -0.301251 0.341972
0.464102 -0.303989 0.346382 0.488622 -0.301332 0.342099
0.463123 -0.304097 0.346556 0.487916 -0.301414 0.342228
0.462144 -0.304206 0.34673 0.487195 -0.301498 0.342361
0.461166 -0.304315 0.346904 0.48646 -0.301584 0.342496
0.460187 -0.304424 0.347078 0.486087 -0.301627 0.342565
0.459208 -0.304532 0.347252 0.484948 -0.30176 0.342774
0.45823 -0.304641 0.347426 0.484172 -0.30185 0.342916
0.457251 -0.30475 0.3476 0.483385 -0.301941 0.34306
0.456272 -0.304859 0.347774 0.482585 -0.302034 0.343206
0.455293 -0.304967 0.347948 0.481775 -0.302128 0.343354
0.454315 -0.305076 0.348122 0.480953 -0.302223 0.343504
0.453336 -0.305185 0.348296 0.480121 -0.302319 0.343656
0.452357 -0.305294 0.34847 0.47928 -0.302416 0.343809
0.451379 -0.305402 0.348644 0.478429 -0.302514 0.343964
0.4504 -0.305511 0.348818 0.47757 -0.302613 0.34412
0.449421 -0.30562 0.348992 0.476703 -0.302712 0.344278
0.448442 -0.305729 0.349166 0.475828 -0.302813 0.344436
0.447464 -0.305837 0.34934 0.474945 -0.302914 0.344596
0.446485 -0.305946 0.349514 0.474055 -0.303016 0.344758
0.445506 -0.306055 0.349688 0.473159 -0.303118 0.34492
0.444527 -0.306164 0.349862 0.472708 -0.303169 0.345001
0.443549 -0.306272 0.350036 0.471803 -0.303273 0.345165
0.44257 -0.306381 0.35021 0.470891 -0.303377 0.345329
0.441591 -0.30649 0.350384 0.46997 -0.303481 0.345496
0.440613 -0.306599 0.350558 0.469041 -0.303587 0.345663
0.439634 -0.306707 0.350732 0.468103 -0.303694 0.345833
0.438655 -0.306816 0.350906 0.467158 -0.303802 0.346003
0.437676 -0.306925 0.35108 0.466206 -0.30391 0.346175
0.436698 -0.307034 0.351254 0.465248 -0.304019 0.346347
0.435719 -0.307142 0.351428 0.464284 -0.304128 0.346521
0.43474 -0.307251 0.351602 0.463316 -0.304238 0.346695
0.433761 -0.30736 0.351776 0.462344 -0.304348 0.34687
0.432783 -0.307469 0.35195 0.461367 -0.304459 0.347045
0.431804 -0.307577 0.352124 0.460387 -0.30457 0.347221
0.430825 -0.307686 0.352298 0.459405 -0.304681 0.347397
0.429847 -0.307795 0.352472 0.458419 -0.304792 0.347574
0.428868 -0.307904 0.352646 0.457431 -0.304904 0.34775
0.427889 -0.308012 0.35282 0.456441 -0.305015 0.347928
0.42691 -0.308121 0.352994 0.455449 -0.305127 0.348105
0.425932 -0.30823 0.353168 0.454456 -0.305238 0.348282
0.424953 -0.308339 0.353342 0.453462 -0.30535 0.34846
0.423974 -0.308447 0.353516 0.452466 -0.305462 0.348637
0.422996 -0.308556 0.35369 0.45147 -0.305573 0.348815
0.422017 -0.308665 0.353864 0.450473 -0.305685 0.348993
0.421038 -0.308774 0.354038 0.449974 -0.305741 0.349081
0.420059 -0.308882 0.354212 0.448478 -0.305908 0.349348
0.419081 -0.308991 0.354386 0.44748 -0.306019 0.349525
0.418102 -0.3091 0.35456 0.446482 -0.306131 0.349703
0.417123 -0.309209 0.354734 0.445484 -0.306242 0.34988
0.416144 -0.309317 0.354908 0.444485 -0.306353 0.350057
0.415166 -0.309426 0.355082 0.443488 -0.306464 0.350234
0.414187 -0.309535 0.355256 0.44249 -0.306575 0.350411
0.413208 -0.309644 0.35543 0.441492 -0.306686 0.350588
0.41223 -0.309752 0.355604 0.440495 -0.306797 0.350765
0.411251 -0.309861 0.355778 0.439499 -0.306908 0.350942
0.410272 -0.30997 0.355952 0.438502 -0.307019 0.351118
0.409293 -0.310079 0.356126 0.437507 -0.307129 0.351295
0.408315 -0.310187 0.3563 0.436511 -0.30724 0.351471
0.407336 -0.310296 0.356474 0.435517 -0.30735 0.351647
0.406357 -0.310405 0.356648 0.434522 -0.307461 0.351823
0.405378 -0.310514 0.356822 0.433528 -0.307571 0.351999
0.4044 -0.310622 0.356996 0.432535 -0.307681 0.352175
0.403421 -0.310731 0.35717 0.431543 -0.307792 0.352351
0.402442 -0.31084 0.357344 0.43055 -0.307902 0.352526
0.401464 -0.310948 0.357518 0.429559 -0.308012 0.352702
0.400485 -0.311057 0.357692 0.428568 -0.308122 0.352877
0.399506 -0.311166 0.357866 0.428072 -0.308177 0.352965
0.398527 -0.311275 0.35804 0.426587 -0.308341 0.353228
0.397549 -0.311383 0.358214 0.425597 -0.308451 0.353403
0.39657 -0.311492 0.358388 0.424608 -0.308561 0.353578
0.395591 -0.311601 0.358562 0.42362 -0.308671 0.353753
0.394613 -0.31171 0.358736 0.422632 -0.30878 0.353928
0.393634 -0.311818 0.35891 0.421644 -0.30889 0.354103
0.392655 -0.311927 0.359084 0.420657 -0.308999 0.354278
0.391676 -0.312036 0.359258 0.41967 -0.309109 0.354452
0.390698 -0.312145 0.359432 0.418684 -0.309218 0.354627
0.389719 -0.312253 0.359606 0.417698 -0.309328 0.354801
0.38874 -0.312362 0.35978 0.416713 -0.309437 0.354976
0.387761 -0.312471 0.359954 0.415727 -0.309547 0.35515
0.386783 -0.31258 0.360128 0.414743 -0.309656 0.355325
0.385804 -0.312688 0.360302 0.413758 -0.309765 0.355499
0.384825 -0.312797 0.360476 0.412774 -0.309875 0.355673
0.383847 -0.312906 0.360649 0.41179 -0.309984 0.355847
0.382868 -0.313015 0.360823 0.410807 -0.310093 0.356022
0.381889 -0.313123 0.360997 0.409824 -0.310202 0.356196
0.38091 -0.313232 0.361171 0.408841 -0.310312 0.35637
0.379932 -0.313341 0.361345 0.407858 -0.310421 0.356544
0.378953 -0.31345 0.361519 0.406876 -0.31053 0.356718
0.377974 -0.313558 0.361693 0.405894 -0.310639 0.356892
0.376996 -0.313667 0.361867 0.404912 -0.310748 0.357066
0.376017 -0.313776 0.362041 0.40393 -0.310858 0.35724
0.375038 -0.313885 0.362215 0.402948 -0.310967 0.357414
0.374059 -0.313993 0.362389 0.401967 -0.311076 0.357588
0.373081 -0.314102 0.362563 0.400986 -0.311185 0.357762
0.372102 -0.314211 0.362737 0.400005 -0.311294 0.357936
0.371123 -0.31432 0.362911 0.399024 -0.311404 0.35811
0.370144 -0.314428 0.363085 0.398043 -0.311513 0.358284
0.369166 -0.314537 0.363259 0.397063 -0.311622 0.358458
0.368187 -0.314646 0.363433 0.396082 -0.311731 0.358631
0.367208 -0.314755 0.363607 0.395102 -0.31184 0.358805
0.36623 -0.314863 0.363781 0.394122 -0.311949 0.358979
0.365251 -0.314972 0.363955 0.393142 -0.312058 0.359153
0.364272 -0.315081 0.364129 0.392162 -0.312168 0.359327
0.363293 -0.31519 0.364303 0.391182 -0.312277 0.3595
0.362315 -0.315298 0.364477 0.390692 -0.312331 0.359587
0.361336 -0.315407 0.364651 0.388733 -0.31255 0.359935
0.360357 -0.315516 0.364825 0.387753 -0.312659 0.360109
0.359378 -0.315625 0.364999 0.386773 -0.312768 0.360282
0.3584 -0.315733 0.365173 0.385795 -0.312877 0.360456
0.357421 -0.315842 0.365347 0.384818 -0.312986 0.360629
0.356442 -0.315951 0.365521 0.383843 -0.313094 0.360802
0.355464 -0.31606 0.365695 0.382869 -0.313203 0.360975
0.354485 -0.316168 0.365869 0.382382 -0.313257 0.361061
0.353506 -0.316277 0.366043 0.380922 -0.313419 0.36132
0.352527 -0.316386 0.366217 0.379949 -0.313528 0.361492
0.351549 -0.316495 0.366391 0.378975 -0.313636 0.361665
0.35057 -0.316603 0.366565 0.378002 -0.313744 0.361837
0.349591 -0.316712 0.366739 0.377029 -0.313853 0.36201
0.348613 -0.316821 0.366913 0.376543 -0.313907 0.362096
0.347634 -0.31693 0.367087 0.375086 -0.314069 0.362354
0.346655 -0.317038 0.367261 0.374115 -0.314177 0.362527
0.345676 -0.317147 0.367435 0.373144 -0.314285 0.362699
0.344698 -0.317256 0.367609 0.372174 -0.314393 0.362871
0.343719 -0.317365 0.367783 0.371689 -0.314447 0.362957
0.34274 -0.317473 0.367957 0.37072 -0.314555 0.363128
0.341761 -0.317582 0.368131 0.370235 -0.314609 0.363214
0.340783 -0.317691 0.368305 0.368782 -0.314771 0.363472
0.339804 -0.3178 0.368479 0.367816 -0.314878 0.363643
0.338825 -0.317908 0.368653 0.367816 -0.314878 0.363643
0.337847 -0.318017 0.368827 0.367334 -0.314932 0.363729
0.336868 -0.318126 0.369001 0.363963 -0.315307 0.364326
0.335889 -0.318235 0.369175 0.363009 -0.315413 0.364495
0.33491 -0.318343 0.369349 0.362056 -0.315518 0.364663
0.333932 -0.318452 0.369523 0.361104 -0.315624 0.364832
0.332953 -0.318561 0.369697 0.360627 -0.315677 0.364916
0.331974 -0.31867 0.369871 0.359675 -0.315782 0.365085
0.330996 -0.318778 0.370045 0.358247 -0.315941 0.365337
0.330017 -0.318887 0.370219 0.357295 -0.316047 0.365506
0.329038 -0.318996 0.370393 0.356342 -0.316153 0.365675
0.328059 -0.319105 0.370567 0.355389 -0.316259 0.365844
0.327081 -0.319213 0.370741 0.354436 -0.316365 0.366013
0.326102 -0.319322 0.370915 0.353482 -0.316471 0.366182
0.325123 -0.319431 0.371089 0.352527 -0.316577 0.366351
0.324144 -0.31954 0.371263 0.351572 -0.316684 0.366521
0.323166 -0.319648 0.371437 0.350616 -0.31679 0.36669
0.322187 -0.319757 0.371611 0.349659 -0.316897 0.36686
0.321208 -0.319866 0.371785 0.348702 -0.317004 0.36703
0.32023 -0.319974 0.371959 0.347744 -0.317111 0.3672
0.319251 -0.320083 0.372133 0.346785 -0.317218 0.36737
0.318272 -0.320192 0.372307 0.345826 -0.317325 0.36754
0.317293 -0.320301 0.372481 0.344865 -0.317432 0.36771
0.316315 -0.320409 0.372655 0.343904 -0.31754 0.367881
0.315336 -0.320518 0.372829 0.342942 -0.317647 0.368052
0.314357 -0.320627 0.373003 0.341979 -0.317755 0.368223
0.313378 -0.320736 0.373177 0.341014 -0.317863 0.368394
0.3124 -0.320844 0.373351 0.340046 -0.317971 0.368566
0.311421 -0.320953 0.373525 0.339078 -0.31808 0.368738
0.310442 -0.321062 0.373699 0.338109 -0.318188 0.36891
0.309464 -0.321171 0.373873 0.337625 -0.318243 0.368996
0.308485 -0.321279 0.374047 0.336171 -0.318405 0.369254
0.307506 -0.321388 0.374221 0.335201 -0.318514 0.369427
0.306527 -0.321497 0.374395 0.33423 -0.318623 0.369599
0.305549 -0.321606 0.374569 0.333259 -0.318732 0.369772
0.30457 -0.321714 0.374743 0.332287 -0.31884 0.369944
0.303591 -0.321823 0.374917 0.331315 -0.318949 0.370117
0.302613 -0.321932 0.375091 0.330344 -0.319058 0.370289
0.301634 -0.322041 0.375265 0.329858 -0.319112 0.370376
0.300655 -0.322149 0.375439 0.328399 -0.319276 0.370635
0.299676 -0.322258 0.375613 0.327427 -0.319384 0.370807
0.298698 -0.322367 0.375787 0.326454 -0.319493 0.37098
0.297719 -0.322476 0.375961 0.325482 -0.319602 0.371153
0.29674 -0.322584 0.376135 0.324509 -0.319711 0.371325
0.295761 -0.322693 0.376309 0.323535 -0.31982 0.371498
0.294783 -0.322802 0.376483 0.322562 -0.319928 0.371671
0.293804 -0.322911 0.376657 0.321588 -0.320037 0.371843
0.292825 -0.323019 0.376831 0.320615 -0.320146 0.372016
0.291847 -0.323128 0.377005 0.319641 -0.320255 0.372189
0.290868 -0.323237 0.377179 0.318666 -0.320364 0.372362
0.289889 -0.323346 0.377353 0.317692 -0.320473 0.372535
0.28891 -0.323454 0.377527 0.316717 -0.320582 0.372708
0.287932 -0.323563 0.377701 0.315742 -0.320691 0.372881
0.286953 -0.323672 0.377875 0.314767 -0.3208 0.373054
0.285974 -0.323781 0.378049 0.31428 -0.320854 0.37314
0.284996 -0.323889 0.378223 0.312816 -0.321018 0.3734
0.284017 -0.323998 0.378397 0.311841 -0.321127 0.373573
0.283038 -0.324107 0.378571 0.310865 -0.321236 0.373746
0.282059 -0.324216 0.378745 0.309889 -0.321345 0.373919
0.281081 -0.324324 0.378919 0.308913 -0.321454 0.374092
0.280102 -0.324433 0.379093 0.307937 -0.321563 0.374265
0.279123 -0.324542 0.379267 0.30696 -0.321672 0.374438
0.278144 -0.324651 0.379441 0.305984 -0.321781 0.374612
0.277166 -0.324759 0.379615 0.305007 -0.32189 0.374785
0.276187 -0.324868 0.379789 0.30403 -0.321999 0.374958
0.275208 -0.324977 0.379963 0.303053 -0.322109 0.375131
0.27423 -0.325086 0.380137 0.302076 -0.322218 0.375304
0.273251 -0.325194 0.380311 0.301099 -0.322327 0.375478
0.272272 -0.325303 0.380485 0.30061 -0.322381 0.375564
0.271293 -0.325412 0.380659 0.299144 -0.322545 0.375824
0.270315 -0.325521 0.380833 0.298167 -0.322654 0.375998
0.269336 -0.325629 0.381007 0.297189 -0.322764 0.376171
0.268357 -0.325738 0.381181 0.296212 -0.322873 0.376344
0.267378 -0.325847 0.381355 0.295234 -0.322982 0.376518
0.2664 -0.325956 0.381529 0.294256 -0.323091 0.376691
0.265421 -0.326064 0.381703 0.293767 -0.323146 0.376778
0.264442 -0.326173 0.381877 0.293278 -0.3232 0.376864
0.263464 -0.326282 0.382051 0.291323 -0.323419 0.377211
0.262485 -0.326391 0.382225 0.29035 -0.323527 0.377383
0.261506 -0.326499 0.382399 0.289379 -0.323635 0.377555
0.260527 -0.326608 0.382573 0.288408 -0.323743 0.377727
0.259549 -0.326717 0.382747 0.287437 -0.323852 0.377899
0.25857 -0.326826 0.382921 0.286464 -0.32396 0.378071
0.257591 -0.326934 0.383095 0.28549 -0.324069 0.378244
0.256613 -0.327043 0.383269 0.284516 -0.324177 0.378417
0.255634 -0.327152 0.383443 0.283541 -0.324286 0.378589
0.254655 -0.327261 0.383617 0.282566 -0.324395 0.378762
0.253676 -0.327369 0.383791 0.281589 -0.324504 0.378935
0.252698 -0.327478 0.383965 0.280613 -0.324613 0.379108
0.251719 -0.327587 0.384139 0.279635 -0.324722 0.379282
0.25074 -0.327696 0.384313 0.278658 -0.324832 0.379455
0.249761 -0.327804 0.384487 0.27768 -0.324941 0.379628
0.248783 -0.327913 0.384661 0.276701 -0.32505 0.379802
0.247804 -0.328022 0.384835 0.275723 -0.32516 0.379975
0.246825 -0.328131 0.385009 0.274744 -0.325269 0.380149
0.245847 -0.328239 0.385183 0.273765 -0.325379 0.380322
0.244868 -0.328348 0.385357 0.272785 -0.325488 0.380496
0.243889 -0.328457 0.385531 0.271806 -0.325598 0.38067
0.24291 -0.328566 0.385705 0.270826 -0.325707 0.380843
0.241932 -0.328674 0.385879 0.269846 -0.325817 0.381017
0.240953 -0.328783 0.386053 0.268866 -0.325926 0.381191
0.239974 -0.328892 0.386227 0.267886 -0.326036 0.381364
0.238995 -0.329001 0.386401 0.266906 -0.326146 0.381538
0.238017 -0.329109 0.386575 0.265926 -0.326255 0.381712
0.237038 -0.329218 0.386749 0.264945 -0.326365 0.381886
0.236059 -0.329327 0.386923 0.263965 -0.326474 0.382059
0.235081 -0.329435 0.387097 0.263475 -0.326529 0.382146
0.234102 -0.329544 0.387271 0.262004 -0.326693 0.382407
0.233123 -0.329653 0.387445 0.261024 -0.326803 0.38258
0.232144 -0.329762 0.387619 0.260044 -0.326912 0.382754
0.231166 -0.32987 0.387793 0.259063 -0.327022 0.382928
0.230187 -0.329979 0.387967 0.258083 -0.327131 0.383102
0.229208 -0.330088 0.388141 0.257101 -0.327241 0.383276
0.22823 -0.330197 0.388315 0.256118 -0.327351 0.38345
0.227251 -0.330305 0.388489 0.255135 -0.327461 0.383624
0.226272 -0.330414 0.388663 0.254153 -0.327571 0.383798
0.225293 -0.330523 0.388837 0.25317 -0.327681 0.383972
0.224315 -0.330632 0.389011 0.252188 -0.32779 0.384146
0.223336 -0.33074 0.389185 0.251207 -0.3279 0.38432
0.222357 -0.330849 0.389359 0.250225 -0.32801 0.384494
0.221378 -0.330958 0.389533 0.249244 -0.328119 0.384668
0.2204 -0.331067 0.389707 0.248264 -0.328229 0.384842
0.219421 -0.331175 0.389881 0.247283 -0.328338 0.385015
0.218442 -0.331284 0.390055 0.246303 -0.328448 0.385189
0.217464 -0.331393 0.390229 0.245322 -0.328557 0.385363
0.216485 -0.331502 0.390403 0.244342 -0.328666 0.385536
0.215506 -0.33161 0.390577 0.243363 -0.328776 0.38571
0.214527 -0.331719 0.390751 0.242383 -0.328885 0.385883
0.213549 -0.331828 0.390925 0.241404 -0.328994 0.386057
0.21257 -0.331937 0.391099 0.240424 -0.329104 0.38623
0.211591 -0.332045 0.391273 0.239445 -0.329213 0.386404
0.210613 -0.332154 0.391447 0.238466 -0.329322 0.386577
0.209634 -0.332263 0.391621 0.237487 -0.329431 0.386751
0.208655 -0.332372 0.391795 0.236508 -0.329541 0.386924
0.207676 -0.33248 0.391969 0.235529 -0.32965 0.387098
0.206698 -0.332589 0.392143 0.23455 -0.329759 0.387271
0.205719 -0.332698 0.392317 0.233571 -0.329868 0.387444
0.20474 -0.332807 0.392491 0.232592 -0.329977 0.387618
0.203761 -0.332915 0.392665 0.231614 -0.330087 0.387791
0.202783 -0.333024 0.392839 0.230635 -0.330196 0.387964
0.201804 -0.333133 0.393013 0.229656 -0.330305 0.388138
0.200825 -0.333242 0.393187 0.228678 -0.330414 0.388311
0.199847 -0.33335 0.393361 0.227699 -0.330524 0.388484
0.198868 -0.333459 0.393535 0.22672 -0.330633 0.388658
0.197889 -0.333568 0.393709 0.225741 -0.330742 0.388831
0.19691 -0.333677 0.393883 0.224762 -0.330851 0.389005
0.195932 -0.333785 0.394057 0.223783 -0.330961 0.389178
0.194953 -0.333894 0.394231 0.222804 -0.33107 0.389352
0.193974 -0.334003 0.394405 0.221825 -0.331179 0.389525
0.192995 -0.334112 0.394579 0.220845 -0.331289 0.389699
0.192017 -0.33422 0.394753 0.219866 -0.331398 0.389872
0.191038 -0.334329 0.394927 0.218887 -0.331507 0.390045
0.190059 -0.334438 0.395101 0.217909 -0.331617 0.390219
0.189081 -0.334547 0.395275 0.21693 -0.331726 0.390392
0.188102 -0.334655 0.395449 0.215951 -0.331835 0.390566
0.187123 -0.334764 0.395623 0.214972 -0.331944 0.390739
0.186144 -0.334873 0.395797 0.213994 -0.332054 0.390912
0.185166 -0.334982 0.395971 0.213015 -0.332163 0.391086
0.184187 -0.33509 0.396145 0.212036 -0.332272 0.391259
0.183208 -0.335199 0.396319 0.211547 -0.332327 0.391346
0.18223 -0.335308 0.396493 0.210568 -0.332436 0.391519
0.181251 -0.335417 0.396667 0.2091 -0.3326 0.391779
0.180272 -0.335525 0.396841 0.208121 -0.332709 0.391953
0.179293 -0.335634 0.397015 0.207142 -0.332818 0.392126
0.178315 -0.335743 0.397189 0.206163 -0.332928 0.3923
0.177336 -0.335852 0.397363 0.205184 -0.333037 0.392473
0.176357 -0.33596 0.397536 0.204205 -0.333146 0.392646
0.175378 -0.336069 0.39771 0.203226 -0.333256 0.39282
0.1744 -0.336178 0.397884 0.202247 -0.333365 0.392993
0.173421 -0.336287 0.398058 0.201268 -0.333474 0.393167
0.172442 -0.336395 0.398232 0.200289 -0.333583 0.39334
0.171464 -0.336504 0.398406 0.19931 -0.333693 0.393514
0.170485 -0.336613 0.39858 0.198332 -0.333802 0.393687
0.169506 -0.336722 0.398754 0.197352 -0.333911 0.39386
0.168527 -0.33683 0.398928 0.196863 -0.333966 0.393947
0.167549 -0.336939 0.399102 0.195392 -0.33413 0.394208
0.16657 -0.337048 0.399276 0.194412 -0.33424 0.394381
0.165591 -0.337157 0.39945 0.193431 -0.334349 0.394555
0.164613 -0.337265 0.399624 0.192451 -0.334458 0.394729
0.163634 -0.337374 0.399798 0.191471 -0.334568 0.394902
0.162655 -0.337483 0.399972 0.190491 -0.334677 0.395076
0.161676 -0.337592 0.400146 0.189512 -0.334787 0.39525
0.160698 -0.3377 0.40032 0.188532 -0.334896 0.395423
0.159719 -0.337809 0.400494 0.188042 -0.334951 0.39551
0.15874 -0.337918 0.400668 0.186574 -0.335114 0.39577
0.157761 -0.338027 0.400842 0.185595 -0.335224 0.395944
0.156783 -0.338135 0.401016 0.184616 -0.335333 0.396117
0.155804 -0.338244 0.40119 0.183638 -0.335442 0.39629
0.154825 -0.338353 0.401364 0.182659 -0.335551 0.396464
0.153847 -0.338461 0.401538 0.181681 -0.33566 0.396637
0.152868 -0.33857 0.401712 0.180703 -0.335769 0.39681
0.151889 -0.338679 0.401886 0.180214 -0.335824 0.396897
0.15091 -0.338788 0.40206 0.178746 -0.335987 0.397157
0.149932 -0.338896 0.402234 0.178257 -0.336042 0.397244
0.148953 -0.339005 0.402408 0.177279 -0.336151 0.397417
0.147974 -0.339114 0.402582 0.175812 -0.336314 0.397677
0.146995 -0.339223 0.402756 0.175323 -0.336369 0.397763
0.146017 -0.339331 0.40293 0.174345 -0.336478 0.397937
0.145038 -0.33944 0.403104 0.173367 -0.336587 0.39811
0.144059 -0.339549 0.403278 0.172389 -0.336696 0.398283
0.143081 -0.339658 0.403452 0.171411 -0.336805 0.398457
0.142102 -0.339766 0.403626 0.170432 -0.336914 0.39863
0.141123 -0.339875 0.4038 0.169454 -0.337023 0.398803
0.140144 -0.339984 0.403974 0.168475 -0.337133 0.398977
0.139166 -0.340093 0.404148 0.167497 -0.337242 0.39915
0.138187 -0.340201 0.404322 0.166518 -0.337351 0.399324
0.137208 -0.34031 0.404496 0.165539 -0.33746 0.399497
0.13623 -0.340419 0.40467 0.164561 -0.337569 0.399671
0.135251 -0.340528 0.404844 0.163582 -0.337678 0.399844
0.134272 -0.340636 0.405018 0.162603 -0.337788 0.400017
0.133293 -0.340745 0.405192 0.161624 -0.337897 0.400191
0.132315 -0.340854 0.405366 0.160646 -0.338006 0.400364
0.131336 -0.340963 0.40554 0.159667 -0.338115 0.400538
0.130357 -0.341071 0.405714 0.158688 -0.338224 0.400711
0.129378 -0.34118 0.405888 0.158199 -0.338279 0.400798
0.1284 -0.341289 0.406062 0.156732 -0.338442 0.401058
0.127421 -0.341398 0.406236 0.155754 -0.338551 0.401231
0.126442 -0.341506 0.40641 0.154776 -0.33866 0.401405
0.125464 -0.341615 0.406584 0.153797 -0.338769 0.401578
0.124485 -0.341724 0.406758 0.15282 -0.338878 0.401752
0.123506 -0.341833 0.406932 0.152331 -0.338933 0.401838
0.122527 -0.341941 0.407106 0.150864 -0.339096 0.402098
0.121549 -0.34205 0.40728 0.149886 -0.339205 0.402272
0.12057 -0.342159 0.407454 0.148908 -0.339314 0.402445
0.119591 -0.342268 0.407628 0.14793 -0.339423 0.402618
0.118613 -0.342376 0.407802 0.146952 -0.339532 0.402792
0.117634 -0.342485 0.407976 0.145974 -0.339641 0.402965
0.116655 -0.342594 0.40815 0.144996 -0.33975 0.403138
0.115676 -0.342703 0.408324 0.144018 -0.339859 0.403312
0.114698 -0.342811 0.408498 0.143041 -0.339968 0.403485
0.113719 -0.34292 0.408672 0.142063 -0.340077 0.403658
0.11274 -0.343029 0.408846 0.141085 -0.340186 0.403832
0.111761 -0.343138 0.40902 0.140107 -0.340295 0.404005
0.110783 -0.343246 0.409194 0.139129 -0.340404 0.404179
0.109804 -0.343355 0.409368 0.13815 -0.340513 0.404352
0.108825 -0.343464 0.409542 0.137172 -0.340622 0.404526
0.107847 -0.343573 0.409716 0.136193 -0.340731 0.404699
0.106868 -0.343681 0.40989 0.135215 -0.34084 0.404872
0.105889 -0.34379 0.410064 0.134237 -0.340949 0.405046
0.10491 -0.343899 0.410238 0.133258 -0.341058 0.405219
0.103932 -0.344008 0.410412 0.13228 -0.341167 0.405393
0.102953 -0.344116 0.410586 0.131302 -0.341276 0.405566
0.101974 -0.344225 0.41076 0.130813 -0.34133 0.405653
0.100995 -0.344334 0.410934 0.129835 -0.341439 0.405827
0.100017 -0.344443 0.411108 0.128367 -0.341603 0.406087
0.099038 -0.344551 0.411282 0.127878 -0.341657 0.406174
0.0980593 -0.34466 0.411456 0.127388 -0.341712 0.40626
0.0970806 -0.344769 0.41163 0.125431 -0.34193 0.406608
0.0961019 -0.344878 0.411804 0.12445 -0.342039 0.406782
0.0951231 -0.344986 0.411978 0.123465 -0.342149 0.406956
0.0941444 -0.345095 0.412152 0.122478 -0.34226 0.407131
0.0931657 -0.345204 0.412326 0.121487 -0.342371 0.407307
0.092187 -0.345313 0.4125 0.120494 -0.342482 0.407483
0.0912082 -0.345421 0.412674 0.119501 -0.342594 0.40766
0.0902295 -0.34553 0.412848 0.118505 -0.342706 0.407836
0.0892508 -0.345639 0.413022 0.11751 -0.342817 0.408013
0.0882721 -0.345748 0.413196 0.116513 -0.342929 0.40819
0.0872934 -0.345856 0.41337 0.115516 -0.343041 0.408367
0.0863146 -0.345965 0.413544 0.114518 -0.343153 0.408544
0.0853359 -0.346074 0.413718 0.113521 -0.343264 0.408721
0.0843572 -0.346183 0.413892 0.112523 -0.343376 0.408898
0.0833785 -0.346291 0.414066 0.111526 -0.343488 0.409075
0.0823997 -0.3464 0.41424 0.110528 -0.343599 0.409252
0.081421 -0.346509 0.414414 0.109531 -0.343711 0.409429
0.0804423 -0.346618 0.414588 0.108534 -0.343822 0.409606
0.0794636 -0.346726 0.414762 0.107537 -0.343933 0.409783
0.0784848 -0.346835 0.414936 0.10654 -0.344044 0.409959
0.0775061 -0.346944 0.41511 0.105544 -0.344156 0.410136
0.0765274 -0.347053 0.415284 0.104548 -0.344267 0.410313
0.0755487 -0.347161 0.415458 0.103551 -0.344378 0.41049
0.0745699 -0.34727 0.415632 0.102555 -0.344489 0.410667
0.0735912 -0.347379 0.415806 0.101559 -0.344599 0.410843
0.0726125 -0.347487 0.41598 0.100563 -0.34471 0.41102
0.0716338 -0.347596 0.416154 0.0995678 -0.344821 0.411197
0.0706551 -0.347705 0.416328 0.0985723 -0.344932 0.411374
0.0696763 -0.347814 0.416502 0.0975773 -0.345043 0.41155
0.0686976 -0.347922 0.416676 0.0965827 -0.345153 0.411727
0.0677189 -0.348031 0.41685 0.0955886 -0.345264 0.411903
0.0667402 -0.34814 0.417024 0.094595 -0.345374 0.41208
0.0657614 -0.348249 0.417198 0.0936018 -0.345484 0.412256
0.0647827 -0.348357 0.417372 0.0926091 -0.345594 0.412432
0.063804 -0.348466 0.417546 0.0916171 -0.345705 0.412608
0.0628253 -0.348575 0.41772 0.0906257 -0.345815 0.412784
0.0618465 -0.348684 0.417894 0.089635 -0.345924 0.41296
0.0608678 -0.348792 0.418068 0.0886449 -0.346034 0.413136
0.0598891 -0.348901 0.418242 0.0876555 -0.346144 0.413312
0.0589104 -0.34901 0.418416 0.0866666 -0.346253 0.413487
0.0579316 -0.349119 0.41859 0.0856784 -0.346363 0.413663
0.0569529 -0.349227 0.418764 0.0846907 -0.346472 0.413838
0.0559742 -0.349336 0.418938 0.0837035 -0.346582 0.414013
0.0549955 -0.349445 0.419112 0.0827168 -0.346691 0.414189
0.0540168 -0.349554 0.419286 0.0817307 -0.3468 0.414364
0.053038 -0.349662 0.41946 0.0807449 -0.346909 0.414539
0.0520593 -0.349771 0.419634 0.0797596 -0.347018 0.414714
0.0510806 -0.34988 0.419808 0.0787765 -0.347127 0.414888
0.0501019 -0.349989 0.419982 0.0777966 -0.347235 0.415063
0.0491231 -0.350097 0.420156 0.0768185 -0.347343 0.415236
0.0481444 -0.350206 0.42033 0.0758403 -0.347451 0.41541
0.0471657 -0.350315 0.420504 0.0748621 -0.347559 0.415584
0.046187 -0.350424 0.420678 0.0738839 -0.347668 0.415758
0.0452082 -0.350532 0.420852 0.0729055 -0.347776 0.415931
0.0442295 -0.350641 0.421026 0.071927 -0.347884 0.416105
0.0432508 -0.35075 0.4212 0.0709498 -0.347992 0.416279
0.0422721 -0.350859 0.421374 0.0699753 -0.3481 0.416452
0.0412933 -0.350967 0.421548 0.0690018 -0.348207 0.416625
0.0403146 -0.351076 0.421722 0.0680276 -0.348315 0.416798
0.0393359 -0.351185 0.421896 0.0670525 -0.348423 0.416971
0.0383572 -0.351294 0.42207 0.0665647 -0.348477 0.417058
0.0373785 -0.351402 0.422244 0.0651001 -0.348639 0.417318
0.0363997 -0.351511 0.422418 0.0641227 -0.348747 0.417492
0.035421 -0.35162 0.422592 0.0631449 -0.348856 0.417666
0.0344423 -0.351729 0.422766 0.0621667 -0.348965 0.41784
0.0334636 -0.351837 0.42294 0.0611883 -0.349073 0.418013
0.0324848 -0.351946 0.423114 0.0602096 -0.349182 0.418187
0.0315061 -0.352055 0.423288 0.0592306 -0.349291 0.418361
0.0305274 -0.352164 0.423462 0.0582513 -0.349399 0.418536
0.0295487 -0.352272 0.423636 0.0572716 -0.349508 0.41871
0.0285699 -0.352381 0.42381 0.0562914 -0.349617 0.418884
0.0275912 -0.35249 0.423984 0.0553109 -0.349726 0.419058
0.0266125 -0.352599 0.424158 0.0543302 -0.349835 0.419233
0.0256338 -0.352707 0.424332 0.0533493 -0.349944 0.419407
0.024655 -0.352816 0.424506 0.0528588 -0.349999 0.419494
0.0236763 -0.352925 0.42468 0.0513873 -0.350163 0.419756
0.0226976 -0.353034 0.424854 0.0504063 -0.350272 0.41993
0.0217189 -0.353142 0.425028 0.0494254 -0.350381 0.420105
0.0207402 -0.353251 0.425202 0.0489351 -0.350435 0.420192
0.0197614 -0.35336 0.425376 0.047464 -0.350599 0.420454
0.0187827 -0.353469 0.42555 0.0469735 -0.350653 0.420541
0.017804 -0.353577 0.425724 0.0459929 -0.350762 0.420715
0.0168253 -0.353686 0.425898 0.0435488 -0.351033 0.42115
0.0158465 -0.353795 0.426072 0.043062 -0.351087 0.421236
0.0148678 -0.353904 0.426246 0.0406427 -0.351354 0.421667
0.0138891 -0.354012 0.42642 0.0396835 -0.351459 0.421837
0.0129104 -0.354121 0.426594 0.0387301 -0.351563 0.422007
0.0119316 -0.35423 0.426768 0.0377836 -0.351667 0.422175
0.0109529 -0.354339 0.426942 0.0368451 -0.351769 0.422342
0.0099742 -0.354447 0.427116 0.0359136 -0.35187 0.422508
0.00899547 -0.354556 0.42729 0.0354502 -0.35192 0.42259
0.00801675 -0.354665 0.427464 0.0340678 -0.352069 0.422836
0.00703803 -0.354774 0.427638 0.0331518 -0.352168 0.422999
0.0060593 -0.354882 0.427812 0.0322391 -0.352266 0.423161
0.00508058 -0.354991 0.427986 0.0308743 -0.352414 0.423404
0.00410186 -0.3551 0.42816 0.0299643 -0.352512 0.423566
0.00312313 -0.355209 0.428334 0.0290536 -0.352611 0.423728
0.00214441 -0.355317 0.428508 0.0281435 -0.352711 0.42389
0.00116569 -0.355426 0.428682 0.0272345 -0.35281 0.424052
0.000186962 -0.355535 0.428856 0.0267802 -0.352859 0.424133
-0.000791762 -0.355644 0.42903 0.0258719 -0.352958 0.424294
-0.00177049 -0.355752 0.429204 0.0249637 -0.353058 0.424456
-0.00274921 -0.355861 0.429378 0.0236006 -0.353207 0.424698
-0.00372793 -0.35597 0.429552 0.022691 -0.353307 0.42486
-0.00470666 -0.356079 0.429726 0.0217802 -0.353407 0.425022
-0.00568538 -0.356187 0.4299 0.0208676 -0.353508 0.425185
-0.0066641 -0.356296 0.430074 0.0199533 -0.353609 0.425347
-0.00764283 -0.356405 0.430248 0.0190376 -0.35371 0.42551
-0.00862155 -0.356514 0.430422 0.0181204 -0.353812 0.425674
-0.00960027 -0.356622 0.430596 0.0172018 -0.353914 0.425837
-0.010579 -0.356731 0.43077 0.0167418 -0.353965 0.425919
-0.0115577 -0.35684 0.430944 0.0153595 -0.354119 0.426165
-0.0125364 -0.356948 0.431118 0.0144355 -0.354222 0.42633
-0.0135152 -0.357057 0.431292 0.0135088 -0.354325 0.426495
-0.0144939 -0.357166 0.431466 0.0125796 -0.354429 0.42666
-0.0154726 -0.357275 0.43164 0.0116484 -0.354533 0.426826
-0.0164513 -0.357383 0.431814 0.0107156 -0.354638 0.426992
-0.0174301 -0.357492 0.431988 0.00978117 -0.354742 0.427159
-0.0184088 -0.357601 0.432162 0.00884497 -0.354847 0.427325
-0.0193875 -0.35771 0.432336 0.00790697 -0.354952 0.427492
-0.0203662 -0.357818 0.43251 0.00696717 -0.355058 0.42766
-0.021345 -0.357927 0.432684 0.0060256 -0.355163 0.427828
-0.0223237 -0.358036 0.432858 0.00508235 -0.355269 0.427996
-0.0233024 -0.358145 0.433032 0.00413758 -0.355375 0.428164
-0.0242811 -0.358253 0.433206 0.00319136 -0.355481 0.428332
-0.0252598 -0.358362 0.43338 0.0022437 -0.355588 0.428501
-0.0262386 -0.358471 0.433554 0.00176934 -0.355641 0.428586
-0.0272173 -0.35858 0.433728 0.000344014 -0.355801 0.42884
-0.028196 -0.358688 0.433902 -0.000608078 -0.355908 0.429009
-0.0291747 -0.358797 0.434076 -0.00156164 -0.356015 0.429179
-0.0301535 -0.358906 0.43425 -0.00203896 -0.356068 0.429264
-0.0311322 -0.359015 0.434424 -0.0029946 -0.356176 0.429434
-0.0321109 -0.359123 0.434597 -0.00443055 -0.356337 0.42969
-0.0330896 -0.359232 0.434771 -0.00490995 -0.35639 0.429776
-0.0340684 -0.359341 0.434945 -0.00635131 -0.356552 0.430033
-0.0350471 -0.35945 0.435119 -0.00731628 -0.356661 0.430205
-0.0360258 -0.359558 0.435293 -0.00828417 -0.35677 0.430377
-0.0370045 -0.359667 0.435467 -0.00876858 -0.356824 0.430463
-0.0379833 -0.359776 0.435641 -0.00973745 -0.356933 0.430636
-0.038962 -0.359885 0.435815 -0.0107064 -0.357042 0.430809
-0.0399407 -0.359993 0.435989 -0.0116756 -0.35715 0.430982
-0.0409194 -0.360102 0.436163 -0.0121602 -0.357204 0.431068
-0.0418981 -0.360211 0.436337 -0.0136145 -0.357367 0.431327
-0.0428769 -0.36032 0.436511 -0.0140995 -0.357422 0.431413
-0.0438556 -0.360428 0.436685 -0.0160426 -0.357639 0.43176
-0.0448343 -0.360537 0.436859 -0.017015 -0.357748 0.431933
-0.045813 -0.360646 0.437033 -0.0179872 -0.357856 0.432106
-0.0467918 -0.360755 0.437207 -0.0189594 -0.357965 0.43228
-0.0477705 -0.360863 0.437381 -0.0199317 -0.358073 0.432453
-0.0487492 -0.360972 0.437555 -0.0209045 -0.358182 0.432626
-0.0497279 -0.361081 0.437729 -0.0218776 -0.35829 0.4328
-0.0507067 -0.36119 0.437903 -0.022851 -0.358398 0.432973
-0.0516854 -0.361298 0.438077 -0.0238245 -0.358507 0.433147
-0.0526641 -0.361407 0.438251 -0.0247984 -0.358615 0.43332
-0.0536428 -0.361516 0.438425 -0.0257727 -0.358724 0.433494
-0.0546216 -0.361625 0.438599 -0.026747 -0.358832 0.433668
-0.0556003 -0.361733 0.438773 -0.0277212 -0.35894 0.433841
-0.056579 -0.361842 0.438947 -0.0286954 -0.359049 0.434015
-0.0575577 -0.361951 0.439121 -0.0296696 -0.359157 0.434189
-0.0585364 -0.36206 0.439295 -0.0306437 -0.359265 0.434362
-0.0595152 -0.362168 0.439469 -0.0316179 -0.359373 0.434536
-0.0604939 -0.362277 0.439643 -0.032592 -0.359482 0.43471
-0.0614726 -0.362386 0.439817 -0.0335662 -0.35959 0.434883
-0.0624513 -0.362495 0.439991 -0.0345405 -0.359698 0.435057
-0.0634301 -0.362603 0.440165 -0.0350277 -0.359752 0.435144
-0.0644088 -0.362712 0.440339 -0.0364893 -0.359914 0.435404
-0.0653875 -0.362821 0.440513 -0.0374637 -0.360022 0.435578
-0.0663662 -0.36293 0.440687 -0.0384383 -0.36013 0.435752
-0.067345 -0.363038 0.440861 -0.0394129 -0.360239 0.435926
-0.0683237 -0.363147 0.441035 -0.0403876 -0.360347 0.436099
-0.0693024 -0.363256 0.441209 -0.0413624 -0.360455 0.436273
-0.0702811 -0.363365 0.441383 -0.0423373 -0.360563 0.436447
-0.0712599 -0.363473 0.441557 -0.0433123 -0.360671 0.436621
-0.0722386 -0.363582 0.441731 -0.0442874 -0.360779 0.436795
-0.0732173 -0.363691 0.441905 -0.0452625 -0.360887 0.436969
-0.074196 -0.3638 0.442079 -0.0462378 -0.360996 0.437142
-0.0751747 -0.363908 0.442253 -0.0472132 -0.361104 0.437316
-0.0761535 -0.364017 0.442427 -0.0481887 -0.361212 0.43749
-0.0771322 -0.364126 0.442601 -0.0486765 -0.361266 0.437577
-0.0781109 -0.364235 0.442775 -0.05014 -0.361428 0.437838
-0.0790896 -0.364343 0.442949 -0.0511161 -0.361537 0.438012
-0.0800684 -0.364452 0.443123 -0.0520929 -0.361645 0.438187
-0.0810471 -0.364561 0.443297 -0.0530703 -0.361754 0.438361
-0.0820258 -0.36467 0.443471 -0.054048 -0.361862 0.438535
-0.0830045 -0.364778 0.443645 -0.0550259 -0.361971 0.43871
-0.0839833 -0.364887 0.443819 -0.0555148 -0.362025 0.438797
-0.084962 -0.364996 0.443993 -0.0564926 -0.362133 0.438971
-0.0859407 -0.365105 0.444167 -0.0574702 -0.362242 0.439146
-0.0869194 -0.365213 0.444341 -0.0584478 -0.36235 0.43932
-0.0878982 -0.365322 0.444515 -0.0594252 -0.362459 0.439494
-0.0888769 -0.365431 0.444689 -0.0604026 -0.362567 0.439669
-0.0898556 -0.36554 0.444863 -0.0613799 -0.362676 0.439843
-0.0908343 -0.365648 0.445037 -0.0623571 -0.362784 0.440017
-0.091813 -0.365757 0.445211 -0.0633343 -0.362892 0.440192
-0.0927918 -0.365866 0.445385 -0.0643115 -0.363001 0.440366
-0.0937705 -0.365974 0.445559 -0.0648001 -0.363055 0.440453
-0.0947492 -0.366083 0.445733 -0.0662657 -0.363218 0.440714
-0.0957279 -0.366192 0.445907 -0.0672429 -0.363326 0.440889
-0.0967067 -0.366301 0.446081 -0.06822 -0.363434 0.441063
-0.0976854 -0.366409 0.446255 -0.0691971 -0.363543 0.441237
-0.0986641 -0.366518 0.446429 -0.0701742 -0.363651 0.441412
-0.0996428 -0.366627 0.446603 -0.0711514 -0.363759 0.441586
-0.100622 -0.366736 0.446777 -0.0721286 -0.363868 0.44176
-0.1016 -0.366844 0.446951 -0.0726172 -0.363922 0.441847
-0.102579 -0.366953 0.447125 -0.074083 -0.364085 0.442109
-0.103558 -0.367062 0.447299 -0.0750602 -0.364193 0.442283
-0.104536 -0.367171 0.447473 -0.0760375 -0.364301 0.442457
-0.105515 -0.367279 0.447647 -0.0770147 -0.36441 0.442632
-0.106494 -0.367388 0.447821 -0.077992 -0.364518 0.442806
-0.107473 -0.367497 0.447995 -0.0789692 -0.364627 0.44298
-0.108451 -0.367606 0.448169 -0.0799465 -0.364735 0.443155
-0.10943 -0.367714 0.448343 -0.0809239 -0.364843 0.443329
-0.110409 -0.367823 0.448517 -0.0819012 -0.364952 0.443503
-0.111388 -0.367932 0.448691 -0.0828786 -0.36506 0.443678
-0.112366 -0.368041 0.448865 -0.0838561 -0.365169 0.443852
-0.113345 -0.368149 0.449039 -0.0848351 -0.365277 0.444027
-0.114324 -0.368258 0.449213 -0.0858162 -0.365387 0.444202
-0.115302 -0.368367 0.449387 -0.0863072 -0.365441 0.444289
-0.116281 -0.368476 0.449561 -0.0872891 -0.36555 0.444465
-0.11726 -0.368584 0.449735 -0.0892515 -0.365768 0.444815
-0.118239 -0.368693 0.449909 -0.0902319 -0.365877 0.44499
-0.119217 -0.368802 0.450083 -0.091212 -0.365986 0.445165
-0.120196 -0.368911 0.450257 -0.0917016 -0.366041 0.445252
-0.121175 -0.369019 0.450431 -0.0921906 -0.366095 0.445339
-0.122153 -0.369128 0.450605 -0.0941376 -0.36631 0.445686
-0.123132 -0.369237 0.450779 -0.0951091 -0.366417 0.445859
-0.124111 -0.369346 0.450953 -0.0960802 -0.366525 0.446033
-0.12509 -0.369454 0.451127 -0.0970487 -0.366632 0.446205
-0.126068 -0.369563 0.451301 -0.0980149 -0.366738 0.446377
-0.127047 -0.369672 0.451475 -0.0989812 -0.366845 0.44655
-0.128026 -0.369781 0.451649 -0.0999486 -0.366952 0.446722
-0.129005 -0.369889 0.451823 -0.100917 -0.367059 0.446895
-0.129983 -0.369998 0.451997 -0.101887 -0.367166 0.447068
-0.130962 -0.370107 0.452171 -0.102858 -0.367274 0.447241
-0.131941 -0.370216 0.452345 -0.10383 -0.367382 0.447414
-0.132919 -0.370324 0.452519 -0.104803 -0.36749 0.447588
-0.133898 -0.370433 0.452693 -0.105777 -0.367598 0.447762
-0.134877 -0.370542 0.452867 -0.106752 -0.367706 0.447936
-0.135856 -0.370651 0.453041 -0.107728 -0.367814 0.44811
-0.136834 -0.370759 0.453215 -0.108704 -0.367923 0.448284
-0.137813 -0.370868 0.453389 -0.109681 -0.368032 0.448458
-0.138792 -0.370977 0.453563 -0.110658 -0.36814 0.448633
-0.139771 -0.371086 0.453737 -0.111636 -0.368249 0.448807
-0.140749 -0.371194 0.453911 -0.112614 -0.368358 0.448982
-0.141728 -0.371303 0.454085 -0.113593 -0.368467 0.449156
-0.142707 -0.371412 0.454259 -0.114572 -0.368576 0.449331
-0.143685 -0.371521 0.454433 -0.115551 -0.368685 0.449506
-0.144664 -0.371629 0.454607 -0.116041 -0.368739 0.449593
-0.145643 -0.371738 0.454781 -0.117511 -0.368903 0.449856
-0.146622 -0.371847 0.454955 -0.118493 -0.369012 0.450031
-0.1476 -0.371956 0.455129 -0.119476 -0.369121 0.450206
-0.148579 -0.372064 0.455303 -0.120459 -0.369231 0.450382
-0.149558 -0.372173 0.455477 -0.121442 -0.36934 0.450557
-0.150536 -0.372282 0.455651 -0.122425 -0.36945 0.450733
-0.151515 -0.372391 0.455825 -0.123408 -0.369559 0.450908
-0.152494 -0.372499 0.455999 -0.12439 -0.369668 0.451083
-0.153473 -0.372608 0.456173 -0.125372 -0.369777 0.451259
-0.154451 -0.372717 0.456347 -0.126354 -0.369887 0.451434
-0.15543 -0.372826 0.456521 -0.127336 -0.369996 0.451609
-0.156409 -0.372934 0.456695 -0.128317 -0.370105 0.451784
-0.157388 -0.373043 0.456869 -0.129298 -0.370214 0.451959
-0.158366 -0.373152 0.457043 -0.130279 -0.370323 0.452134
-0.159345 -0.373261 0.457217 -0.13126 -0.370431 0.452309
-0.160324 -0.373369 0.457391 -0.132241 -0.37054 0.452484
-0.161302 -0.373478 0.457565 -0.133221 -0.370649 0.452659
-0.162281 -0.373587 0.457739 -0.134201 -0.370758 0.452834
-0.16326 -0.373696 0.457913 -0.135181 -0.370867 0.453008
-0.164239 -0.373804 0.458087 -0.136161 -0.370975 0.453183
-0.165217 -0.373913 0.458261 -0.137141 -0.371084 0.453358
-0.166196 -0.374022 0.458435 -0.138121 -0.371193 0.453533
-0.167175 -0.374131 0.458609 -0.1391 -0.371301 0.453707
-0.168153 -0.374239 0.458783 -0.13959 -0.371356 0.453795
-0.169132 -0.374348 0.458957 -0.141059 -0.371519 0.454057
-0.170111 -0.374457 0.459131 -0.142039 -0.371627 0.454231
-0.17109 -0.374566 0.459305 -0.143018 -0.371736 0.454406
-0.172068 -0.374674 0.459479 -0.143508 -0.37179 0.454493
-0.173047 -0.374783 0.459653 -0.144488 -0.371899 0.454668
-0.174026 -0.374892 0.459827 -0.145468 -0.372008 0.454843
-0.175005 -0.375001 0.460001 -0.14645 -0.372117 0.455018
-0.175983 -0.375109 0.460175 -0.147431 -0.372226 0.455193
-0.176962 -0.375218 0.460349 -0.148413 -0.372335 0.455368
-0.177941 -0.375327 0.460523 -0.149395 -0.372444 0.455544
-0.178919 -0.375435 0.460697 -0.15038 -0.372553 0.455719
-0.179898 -0.375544 0.460871 -0.151364 -0.372663 0.455895
-0.180877 -0.375653 0.461045 -0.152348 -0.372772 0.45607
-0.181856 -0.375762 0.461219 -0.153331 -0.372881 0.456246
-0.182834 -0.37587 0.461393 -0.154314 -0.372991 0.456421
-0.183813 -0.375979 0.461567 -0.155296 -0.373099 0.456596
-0.184792 -0.376088 0.461741 -0.156277 -0.373208 0.456771
-0.185771 -0.376197 0.461915 -0.157258 -0.373317 0.456946
-0.186749 -0.376305 0.462089 -0.158238 -0.373426 0.457121
-0.187728 -0.376414 0.462263 -0.159218 -0.373535 0.457296
-0.188707 -0.376523 0.462437 -0.160198 -0.373643 0.45747
-0.189685 -0.376632 0.462611 -0.161177 -0.373752 0.457645
-0.190664 -0.37674 0.462785 -0.162157 -0.37386 0.457819
-0.191643 -0.376849 0.462959 -0.163136 -0.373969 0.457994
-0.192622 -0.376958 0.463133 -0.164115 -0.374077 0.458168
-0.1936 -0.377067 0.463307 -0.165094 -0.374186 0.458343
-0.194579 -0.377175 0.463481 -0.166072 -0.374294 0.458517
-0.195558 -0.377284 0.463655 -0.167051 -0.374403 0.458692
-0.196536 -0.377393 0.463829 -0.168029 -0.374511 0.458866
-0.197515 -0.377502 0.464003 -0.169007 -0.37462 0.459041
-0.198494 -0.37761 0.464177 -0.169985 -0.374728 0.459215
-0.199473 -0.377719 0.464351 -0.170963 -0.374836 0.459389
-0.200451 -0.377828 0.464525 -0.171941 -0.374945 0.459563
-0.20143 -0.377937 0.464699 -0.172919 -0.375053 0.459738
-0.202409 -0.378045 0.464873 -0.173896 -0.375162 0.459912
-0.203388 -0.378154 0.465047 -0.174874 -0.37527 0.460086
-0.204366 -0.378263 0.465221 -0.175851 -0.375378 0.460261
-0.205345 -0.378372 0.465395 -0.176829 -0.375487 0.460435
-0.206324 -0.37848 0.465569 -0.177808 -0.375596 0.460609
-0.207302 -0.378589 0.465743 -0.178787 -0.375704 0.460784
-0.208281 -0.378698 0.465917 -0.179766 -0.375813 0.460959
-0.20926 -0.378807 0.466091 -0.180745 -0.375922 0.461133
-0.210239 -0.378915 0.466265 -0.181724 -0.37603 0.461308
-0.211217 -0.379024 0.466439 -0.182702 -0.376139 0.461482
-0.212196 -0.379133 0.466613 -0.18368 -0.376247 0.461656
-0.213175 -0.379242 0.466787 -0.184658 -0.376356 0.461831
-0.214153 -0.37935 0.466961 -0.185636 -0.376464 0.462005
-0.215132 -0.379459 0.467135 -0.186614 -0.376573 0.462179
-0.216111 -0.379568 0.467309 -0.187592 -0.376681 0.462354
-0.21709 -0.379677 0.467483 -0.18857 -0.37679 0.462528
-0.218068 -0.379785 0.467657 -0.189548 -0.376898 0.462702
-0.219047 -0.379894 0.467831 -0.190526 -0.377007 0.462877
-0.220026 -0.380003 0.468005 -0.191504 -0.377115 0.463051
-0.221005 -0.380112 0.468179 -0.192482 -0.377224 0.463225
-0.221983 -0.38022 0.468353 -0.19346 -0.377332 0.4634
-0.222962 -0.380329 0.468527 -0.194438 -0.377441 0.463574
-0.223941 -0.380438 0.468701 -0.195415 -0.377549 0.463748
-0.224919 -0.380547 0.468875 -0.196393 -0.377658 0.463923
-0.225898 -0.380655 0.469049 -0.197371 -0.377766 0.464097
-0.226877 -0.380764 0.469223 -0.198348 -0.377875 0.464271
-0.227856 -0.380873 0.469397 -0.198837 -0.377929 0.464358
-0.228834 -0.380982 0.469571 -0.200303 -0.378092 0.464619
-0.229813 -0.38109 0.469745 -0.201281 -0.3782 0.464794
-0.230792 -0.381199 0.469919 -0.202259 -0.378309 0.464968
-0.231771 -0.381308 0.470093 -0.203239 -0.378418 0.465143
-0.232749 -0.381417 0.470267 -0.204219 -0.378527 0.465318
-0.233728 -0.381525 0.470441 -0.205199 -0.378635 0.465492
-0.234707 -0.381634 0.470615 -0.206178 -0.378744 0.465667
-0.235685 -0.381743 0.470789 -0.207157 -0.378853 0.465841
-0.236664 -0.381852 0.470963 -0.208137 -0.378962 0.466016
-0.237643 -0.38196 0.471137 -0.209116 -0.37907 0.46619
-0.238622 -0.382069 0.471311 -0.210094 -0.379179 0.466365
-0.2396 -0.382178 0.471484 -0.211073 -0.379288 0.466539
-0.240579 -0.382287 0.471658 -0.212052 -0.379396 0.466714
-0.241558 -0.382395 0.471832 -0.21303 -0.379505 0.466888
-0.242536 -0.382504 0.472006 -0.214008 -0.379613 0.467062
-0.243515 -0.382613 0.47218 -0.214986 -0.379722 0.467237
-0.244494 -0.382722 0.472354 -0.215965 -0.37983 0.467411
-0.245473 -0.38283 0.472528 -0.216943 -0.379939 0.467585
-0.246451 -0.382939 0.472702 -0.217921 -0.380048 0.46776
-0.24743 -0.383048 0.472876 -0.2189 -0.380156 0.467934
-0.248409 -0.383157 0.47305 -0.219878 -0.380265 0.468108
-0.249388 -0.383265 0.473224 -0.220367 -0.380319 0.468196
-0.250366 -0.383374 0.473398 -0.221834 -0.380482 0.468457
-0.251345 -0.383483 0.473572 -0.222324 -0.380536 0.468544
-0.252324 -0.383592 0.473746 -0.222813 -0.38059 0.468631
-0.253302 -0.3837 0.47392 -0.225747 -0.380916 0.469154
-0.254281 -0.383809 0.474094 -0.226724 -0.381025 0.469328
-0.25526 -0.383918 0.474268 -0.228181 -0.381186 0.469588
-0.256239 -0.384027 0.474442 -0.229144 -0.381292 0.469759
-0.257217 -0.384135 0.474616 -0.229624 -0.381344 0.469844
-0.258196 -0.384244 0.47479 -0.231061 -0.381502 0.470099
-0.259175 -0.384353 0.474964 -0.232016 -0.381607 0.470269
-0.260153 -0.384461 0.475138 -0.232493 -0.38166 0.470354
-0.261132 -0.38457 0.475312 -0.233923 -0.381817 0.470608
-0.262111 -0.384679 0.475486 -0.234399 -0.381869 0.470692
-0.26309 -0.384788 0.47566 -0.235351 -0.381974 0.470861
-0.264068 -0.384896 0.475834 -0.236302 -0.382078 0.47103
-0.265047 -0.385005 0.476008 -0.237253 -0.382183 0.471199
-0.266026 -0.385114 0.476182 -0.238679 -0.38234 0.471453
-0.267005 -0.385223 0.476356 -0.239154 -0.382392 0.471537
-0.267983 -0.385331 0.47653 -0.24058 -0.38255 0.471791
-0.268962 -0.38544 0.476704 -0.241531 -0.382655 0.47196
-0.269941 -0.385549 0.476878 -0.242482 -0.38276 0.472129
-0.270919 -0.385658 0.477052 -0.243434 -0.382865 0.472298
-0.271898 -0.385766 0.477226 -0.244386 -0.38297 0.472468
-0.272877 -0.385875 0.4774 -0.245339 -0.383076 0.472637
-0.273856 -0.385984 0.477574 -0.246293 -0.383182 0.472807
-0.274834 -0.386093 0.477748 -0.247248 -0.383287 0.472977
-0.275813 -0.386201 0.477922 -0.248203 -0.383393 0.473148
-0.276792 -0.38631 0.478096 -0.249159 -0.3835 0.473318
-0.277771 -0.386419 0.47827 -0.250115 -0.383606 0.473488
-0.278749 -0.386528 0.478444 -0.251073 -0.383712 0.473659
-0.279728 -0.386636 0.478618 -0.252031 -0.383819 0.47383
-0.280707 -0.386745 0.478792 -0.25299 -0.383925 0.474001
-0.281685 -0.386854 0.478966 -0.253949 -0.384032 0.474172
-0.282664 -0.386963 0.47914 -0.25491 -0.384139 0.474343
-0.283643 -0.387071 0.479314 -0.255872 -0.384246 0.474515
-0.284622 -0.38718 0.479488 -0.256835 -0.384354 0.474686
-0.2856 -0.387289 0.479662 -0.257798 -0.384461 0.474858
-0.286579 -0.387398 0.479836 -0.258762 -0.384568 0.47503
-0.287558 -0.387506 0.48001 -0.259727 -0.384676 0.475202
-0.288536 -0.387615 0.480184 -0.260692 -0.384783 0.475374
-0.289515 -0.387724 0.480358 -0.261175 -0.384837 0.47546
-0.290494 -0.387833 0.480532 -0.262141 -0.384945 0.475633
-0.291473 -0.387941 0.480706 -0.263108 -0.385053 0.475805
-0.292451 -0.38805 0.48088 -0.264076 -0.385161 0.475978
-0.29343 -0.388159 0.481054 -0.265529 -0.385323 0.476237
-0.294409 -0.388268 0.481228 -0.266497 -0.385431 0.47641
-0.295388 -0.388376 0.481402 -0.266982 -0.385485 0.476496
-0.296366 -0.388485 0.481576 -0.268437 -0.385647 0.476756
-0.297345 -0.388594 0.48175 -0.268922 -0.385701 0.476842
-0.298324 -0.388703 0.481924 -0.269892 -0.385809 0.477015
-0.299302 -0.388811 0.482098 -0.270863 -0.385917 0.477188
-0.300281 -0.38892 0.482272 -0.271835 -0.386025 0.477361
-0.30126 -0.389029 0.482446 -0.273292 -0.386188 0.477621
-0.302239 -0.389138 0.48262 -0.274265 -0.386296 0.477795
-0.303217 -0.389246 0.482794 -0.275238 -0.386404 0.477968
-0.304196 -0.389355 0.482968 -0.275724 -0.386459 0.478055
-0.305175 -0.389464 0.483142 -0.276697 -0.386567 0.478229
-0.306153 -0.389573 0.483316 -0.277671 -0.386675 0.478402
-0.307132 -0.389681 0.48349 -0.278645 -0.386784 0.478576
-0.308111 -0.38979 0.483664 -0.279619 -0.386892 0.478749
-0.30909 -0.389899 0.483838 -0.280594 -0.387001 0.478923
-0.310068 -0.390008 0.484012 -0.281569 -0.387109 0.479097
-0.311047 -0.390116 0.484186 -0.282544 -0.387218 0.479271
-0.312026 -0.390225 0.48436 -0.283519 -0.387326 0.479445
-0.313005 -0.390334 0.484534 -0.284495 -0.387435 0.479618
-0.313983 -0.390443 0.484708 -0.285471 -0.387543 0.479792
-0.314962 -0.390551 0.484882 -0.286447 -0.387652 0.479966
-0.315941 -0.39066 0.485056 -0.287423 -0.387761 0.48014
-0.316919 -0.390769 0.48523 -0.2884 -0.387869 0.480314
-0.317898 -0.390878 0.485404 -0.289376 -0.387978 0.480488
-0.318877 -0.390986 0.485578 -0.290353 -0.388087 0.480662
-0.319856 -0.391095 0.485752 -0.29133 -0.388195 0.480836
-0.320834 -0.391204 0.485926 -0.292307 -0.388304 0.481011
-0.321813 -0.391313 0.4861 -0.293285 -0.388412 0.481185
-0.322792 -0.391421 0.486274 -0.294262 -0.388521 0.481359
-0.323771 -0.39153 0.486448 -0.29524 -0.38863 0.481533
-0.324749 -0.391639 0.486622 -0.296218 -0.388738 0.481707
-0.325728 -0.391748 0.486796 -0.297196 -0.388847 0.481881
-0.326707 -0.391856 0.48697 -0.298174 -0.388956 0.482056
-0.327685 -0.391965 0.487144 -0.299152 -0.389065 0.48223
-0.328664 -0.392074 0.487318 -0.300131 -0.389173 0.482404
-0.329643 -0.392183 0.487492 -0.30111 -0.389282 0.482579
-0.330622 -0.392291 0.487666 -0.302088 -0.389391 0.482753
-0.3316 -0.3924 0.48784 -0.303068 -0.3895 0.482928
-0.332579 -0.392509 0.488014 -0.304049 -0.389609 0.483102
-0.333558 -0.392618 0.488188 -0.305031 -0.389718 0.483277
-0.334536 -0.392726 0.488362 -0.306013 -0.389827 0.483452
-0.335515 -0.392835 0.488536 -0.306994 -0.389936 0.483627
-0.336494 -0.392944 0.48871 -0.307975 -0.390046 0.483802
-0.337473 -0.393053 0.488884 -0.308956 -0.390155 0.483977
-0.338451 -0.393161 0.489058 -0.309936 -0.390263 0.484151
-0.33943 -0.39327 0.489232 -0.310917 -0.390372 0.484326
-0.340409 -0.393379 0.489406 -0.311898 -0.390481 0.484501
-0.341388 -0.393488 0.48958 -0.312388 -0.390536 0.484588
-0.342366 -0.393596 0.489754 -0.313859 -0.390699 0.48485
-0.343345 -0.393705 0.489928 -0.314841 -0.390808 0.485025
-0.344324 -0.393814 0.490102 -0.315826 -0.390918 0.4852
-0.345302 -0.393922 0.490276 -0.316812 -0.391028 0.485376
-0.346281 -0.394031 0.49045 -0.317797 -0.391137 0.485552
-0.34726 -0.39414 0.490624 -0.318289 -0.391192 0.485639
-0.348239 -0.394249 0.490798 -0.319273 -0.391301 0.485815
-0.349217 -0.394357 0.490972 -0.320747 -0.391465 0.486077
-0.350196 -0.394466 0.491146 -0.321729 -0.391574 0.486252
-0.351175 -0.394575 0.49132 -0.322711 -0.391683 0.486427
-0.352154 -0.394684 0.491494 -0.323692 -0.391792 0.486601
-0.353132 -0.394792 0.491668 -0.324672 -0.391901 0.486776
-0.354111 -0.394901 0.491842 -0.325652 -0.392009 0.48695
-0.35509 -0.39501 0.492016 -0.326632 -0.392118 0.487125
-0.356068 -0.395119 0.49219 -0.327611 -0.392227 0.487299
-0.357047 -0.395227 0.492364 -0.32859 -0.392335 0.487473
-0.358026 -0.395336 0.492538 -0.329569 -0.392444 0.487647
-0.359005 -0.395445 0.492712 -0.330547 -0.392552 0.487821
-0.359983 -0.395554 0.492886 -0.331525 -0.392661 0.487995
-0.360962 -0.395662 0.49306 -0.332504 -0.392769 0.48817
-0.361941 -0.395771 0.493234 -0.333482 -0.392878 0.488344
-0.362919 -0.39588 0.493408 -0.334461 -0.392986 0.488518
-0.363898 -0.395989 0.493582 -0.335439 -0.393095 0.488692
-0.364877 -0.396097 0.493756 -0.336418 -0.393203 0.488866
-0.365856 -0.396206 0.49393 -0.337399 -0.393312 0.489041
-0.366834 -0.396315 0.494104 -0.338381 -0.393422 0.489216
-0.367813 -0.396424 0.494278 -0.339363 -0.393531 0.489391
-0.368792 -0.396532 0.494452 -0.340343 -0.393639 0.489565
-0.369771 -0.396641 0.494626 -0.341324 -0.393748 0.48974
-0.370749 -0.39675 0.4948 -0.342303 -0.393857 0.489914
-0.371728 -0.396859 0.494974 -0.343283 -0.393966 0.490089
-0.372707 -0.396967 0.495148 -0.344262 -0.394075 0.490263
-0.373685 -0.397076 0.495322 -0.345243 -0.394183 0.490438
-0.374664 -0.397185 0.495496 -0.346223 -0.394292 0.490612
-0.375643 -0.397294 0.49567 -0.347203 -0.394401 0.490787
-0.376622 -0.397402 0.495844 -0.348182 -0.39451 0.490961
-0.3776 -0.397511 0.496018 -0.349161 -0.394619 0.491135
-0.378579 -0.39762 0.496192 -0.35014 -0.394727 0.49131
-0.379558 -0.397729 0.496366 -0.351119 -0.394836 0.491484
-0.380536 -0.397837 0.49654 -0.352099 -0.394945 0.491658
-0.381515 -0.397946 0.496714 -0.353079 -0.395054 0.491833
-0.382494 -0.398055 0.496888 -0.35406 -0.395163 0.492008
-0.383473 -0.398164 0.497062 -0.355041 -0.395272 0.492182
-0.384451 -0.398272 0.497236 -0.35602 -0.39538 0.492356
-0.38543 -0.398381 0.49741 -0.357 -0.395489 0.492531
-0.386409 -0.39849 0.497584 -0.357979 -0.395598 0.492705
-0.387388 -0.398599 0.497758 -0.358958 -0.395707 0.492879
-0.388366 -0.398707 0.497932 -0.359936 -0.395815 0.493053
-0.389345 -0.398816 0.498106 -0.360914 -0.395924 0.493227
-0.390324 -0.398925 0.49828 -0.361892 -0.396032 0.493401
-0.391302 -0.399034 0.498454 -0.362381 -0.396086 0.493488
-0.392281 -0.399142 0.498628 -0.363847 -0.396249 0.493749
-0.39326 -0.399251 0.498802 -0.364825 -0.396358 0.493923
-0.394239 -0.39936 0.498976 -0.365314 -0.396412 0.49401
-0.395217 -0.399469 0.49915 -0.366779 -0.396575 0.494271
-0.396196 -0.399577 0.499324 -0.367756 -0.396683 0.494445
-0.397175 -0.399686 0.499498 -0.368733 -0.396792 0.494619
-0.398154 -0.399795 0.499672 -0.369712 -0.3969 0.494793
-0.399132 -0.399904 0.499846 -0.370693 -0.39701 0.494968
-0.400111 -0.400012 0.50002 -0.371677 -0.397119 0.495144
-0.399132 -0.399904 0.499846 -0.372663 -0.397229 0.49532
-0.400111 -0.400012 0.50002 -0.373157 -0.397284 0.495408
-0.399132 -0.399904 0.499846 -0.37464 -0.39745 0.495672
-0.400111 -0.400012 0.50002 -0.375134 -0.397505 0.49576
-0.399132 -0.399904 0.499846 -0.376615 -0.39767 0.496025
-0.400111 -0.400012 0.50002 -0.377106 -0.397725 0.496112
-0.399132 -0.399904 0.499846 -0.37951 -0.397989 0.496538
-0.400111 -0.400012 0.50002 -0.380446 -0.398091 0.496703
-0.399132 -0.399904 0.499846 -0.381364 -0.39819 0.496865
-0.400111 -0.400012 0.50002 -0.382263 -0.398286 0.497022
-0.399132 -0.399904 0.499846 -0.383138 -0.398378 0.497174
-0.400111 -0.400012 0.50002 -0.383986 -0.398467 0.497322
-0.399132 -0.399904 0.499846 -0.384806 -0.398552 0.497463
-0.400111 -0.400012 0.50002 -0.385597 -0.398633 0.497599
-0.399132 -0.399904 0.499846 -0.38636 -0.39871 0.49773
-0.400111 -0.400012 0.50002 -0.387093 -0.398783 0.497855
-0.399132 -0.399904 0.499846 -0.387798 -0.398853 0.497974
-0.400111 -0.400012 0.50002 -0.388473 -0.398919 0.498088
-0.399132 -0.399904 0.499846 -0.38912 -0.398981 0.498197
-0.400111 -0.400012 0.50002 -0.389738 -0.39904 0.4983
-0.399132 -0.399904 0.499846 -0.390036 -0.399069 0.49835
-0.400111 -0.400012 0.50002 -0.390891 -0.39915 0.498492
-0.399132 -0.399904 0.499846 -0.391426 -0.3992 0.498581
-0.400111 -0.400012 0.50002 -0.391936 -0.399247 0.498665
-0.399132 -0.399904 0.499846 -0.392419 -0.399291 0.498745
-0.400111 -0.400012 0.50002 -0.392878 -0.399333 0.498821
-0.399132 -0.399904 0.499846 -0.393313 -0.399373 0.498892
-0.400111 -0.400012 0.50002 -0.393724 -0.39941 0.498959
-0.399132 -0.399904 0.499846 -0.394113 -0.399445 0.499023
-0.400111 -0.400012 0.50002 -0.39448 -0.399478 0.499083
-0.399132 -0.399904 0.499846 -0.394826 -0.399508 0.499139
-0.400111 -0.400012 0.50002 -0.395152 -0.399537 0.499192
-0.399132 -0.399904 0.499846 -0.395458 -0.399564 0.499242
-0.400111 -0.400012 0.50002 -0.395746 -0.39959 0.499288
-0.399132 -0.399904 0.499846 -0.396017 -0.399614 0.499332
-0.400111 -0.400012 0.50002 -0.39627 -0.399636 0.499373
-0.399132 -0.399904 0.499846 -0.396509 -0.399657 0.499412
-0.400111 -0.400012 0.50002 -0.396734 -0.399677 0.499448
-0.399132 -0.399904 0.499846 -0.396946 -0.399696 0.499483
-0.400111 -0.400012 0.50002 -0.397143 -0.399713 0.499515
-0.399132 -0.399904 0.499846 -0.397327 -0.399729 0.499545
-0.400111 -0.400012 0.50002 -0.397499 -0.399744 0.499572
-0.399132 -0.399904 0.499846 -0.397658 -0.399758 0.499598
-0.400111 -0.400012 0.50002 -0.397805 -0.399772 0.499622
-0.399132 -0.399904 0.499846 -0.397942 -0.399784 0.499644
-0.400111 -0.400012 0.50002 -0.398068 -0.399795 0.499665
-0.399132 -0.399904 0.499846 -0.398185 -0.399805 0.499684
-0.400111 -0.400012 0.50002 -0.398292 -0.399815 0.499701
-0.399132 -0.399904 0.499846 -0.398392 -0.399824 0.499717
-0.400111 -0.400012 0.50002 -0.398483 -0.399832 0.499732
-0.399132 -0.399904 0.499846 -0.398566 -0.399839 0.499746
-0.400111 -0.400012 0.50002 -0.398643 -0.399846 0.499758
-0.399132 -0.399904 0.499846 -0.398712 -0.399853 0.49977
-0.400111 -0.400012 0.50002 -0.398776 -0.399858 0.49978
-0.399132 -0.399904 0.499846 -0.398834 -0.399864 0.49979
-0.400111 -0.400012 0.50002 -0.398888 -0.399869 0.499799
-0.399132 -0.399904 0.499846 -0.398937 -0.399874 0.499807
-0.400111 -0.400012 0.50002 -0.398981 -0.399878 0.499814
-0.399132 -0.399904 0.499846 -0.399021 -0.399882 0.499821
-0.400111 -0.400012 0.50002 -0.399039 -0.399883 0.499824
