0.498357 -0.300183 0.340292 0.499326 -0.300078 0.340109
0.497379 -0.300291 0.340466 0.499326 -0.300078 0.340109
0.4964 -0.3004 0.34064 0.499326 -0.300078 0.340109
0.495421 -0.300509 0.340814 0.499322 -0.300079 0.340109
0.494442 -0.300618 0.340988 0.499312 -0.30008 0.340111
0.493464 -0.300726 0.341162 0.499304 -0.300081 0.340113
0.492485 -0.300835 0.341336 0.499293 -0.300082 0.340115
0.491506 -0.300944 0.34151 0.499223 -0.30009 0.340128
0.490527 -0.301053 0.341684 0.499166 -0.300096 0.340138
0.489549 -0.301161 0.341858 0.499092 -0.300104 0.340151
0.48857 -0.30127 0.342032 0.498998 -0.300115 0.340169
0.487591 -0.301379 0.342206 0.498884 -0.300128 0.34019
0.486613 -0.301487 0.34238 0.49882 -0.300135 0.340202
0.485634 -0.301596 0.342554 0.498673 -0.300152 0.340228
0.484655 -0.301705 0.342728 0.498592 -0.300161 0.340243
0.483676 -0.301814 0.342902 0.498307 -0.300194 0.340296
0.482698 -0.301922 0.343076 0.497962 -0.300234 0.34036
0.481719 -0.302031 0.34325 0.497697 -0.300265 0.340409
0.48074 -0.30214 0.343424 0.497405 -0.300299 0.340463
0.479761 -0.302249 0.343598 0.497086 -0.300336 0.340522
0.478783 -0.302357 0.343772 0.496739 -0.300377 0.340587
0.477804 -0.302466 0.343946 0.496365 -0.300421 0.340656
0.476825 -0.302575 0.34412 0.495964 -0.300468 0.340731
0.475847 -0.302684 0.344294 0.495753 -0.300493 0.34077
0.474868 -0.302792 0.344468 0.495081 -0.300572 0.340895
0.473889 -0.302901 0.344642 0.4946 -0.300628 0.340984
0.47291 -0.30301 0.344816 0.494094 -0.300688 0.341079
0.471932 -0.303119 0.34499 0.493563 -0.300751 0.341177
0.470953 -0.303227 0.345164 0.49301 -0.300816 0.34128
0.469974 -0.303336 0.345338 0.492434 -0.300884 0.341387
0.468996 -0.303445 0.345512 0.491837 -0.300954 0.341498
0.468017 -0.303554 0.345686 0.491219 -0.301027 0.341613
0.467038 -0.303662 0.34586 0.490581 -0.301102 0.341731
0.466059 -0.303771 0.346034 0.489923 -0.301179 0.341853
0.465081 -0.30388 0.346208 0.489247 -0.301259 0.341978
0.464102 -0.303989 0.346382 0.488554 -0.30134 0.342106
0.463123 -0.304097 0.346556 0.487843 -0.301424 0.342238
0.462144 -0.304206 0.34673 0.487116 -0.301509 0.342372
0.461166 -0.304315 0.346904 0.486373 -0.301596 0.342509
0.460187 -0.304424 0.347078 0.485616 -0.301684 0.342649
0.459208 -0.304532 0.347252 0.484844 -0.301774 0.342791
0.45823 -0.304641 0.347426 0.484059 -0.301866 0.342935
0.457251 -0.30475 0.3476 0.483261 -0.301959 0.343082
0.456272 -0.304859 0.347774 0.48245 -0.302053 0.34323
0.455293 -0.304967 0.347948 0.481628 -0.302148 0.343381
0.454315 -0.305076 0.348122 0.480795 -0.302244 0.343533
0.453336 -0.305185 0.348296 0.479952 -0.302342 0.343688
0.452357 -0.305294 0.34847 0.479527 -0.302391 0.343765
0.451379 -0.305402 0.348644 0.478237 -0.30254 0.344001
0.4504 -0.305511 0.348818 0.477802 -0.30259 0.34408
0.449421 -0.30562 0.348992 0.476927 -0.302691 0.344239
0.448442 -0.305729 0.349166 0.4756 -0.302843 0.34448
0.447464 -0.305837 0.34934 0.474706 -0.302945 0.344642
0.446485 -0.305946 0.349514 0.474256 -0.302997 0.344724
0.445506 -0.306055 0.349688 0.472898 -0.303152 0.34497
0.444527 -0.306164 0.349862 0.471985 -0.303256 0.345135
0.443549 -0.306272 0.350036 0.471526 -0.303309 0.345218
0.44257 -0.306381 0.35021 0.469682 -0.303518 0.345551
0.441591 -0.30649 0.350384 0.469219 -0.303571 0.345634
0.440613 -0.306599 0.350558 0.465979 -0.303937 0.346216
0.439634 -0.306707 0.350732 0.465052 -0.304041 0.346381
0.438655 -0.306816 0.350906 0.464128 -0.304145 0.346546
0.437676 -0.306925 0.35108 0.46321 -0.304247 0.34671
0.436698 -0.307034 0.351254 0.462297 -0.304349 0.346872
0.435719 -0.307142 0.351428 0.461385 -0.30445 0.347034
0.43474 -0.307251 0.351602 0.46093 -0.304501 0.347115
0.433761 -0.30736 0.351776 0.459565 -0.304652 0.347357
0.432783 -0.307469 0.35195 0.458656 -0.304753 0.347518
0.431804 -0.307577 0.352124 0.457746 -0.304854 0.34768
0.430825 -0.307686 0.352298 0.456836 -0.304955 0.347841
0.429847 -0.307795 0.352472 0.455926 -0.305056 0.348002
0.428868 -0.307904 0.352646 0.455014 -0.305157 0.348163
0.427889 -0.308012 0.35282 0.454102 -0.305258 0.348325
0.42691 -0.308121 0.352994 0.453646 -0.305309 0.348406
0.425932 -0.30823 0.353168 0.452274 -0.305461 0.348649
0.424953 -0.308339 0.353342 0.451357 -0.305563 0.348811
0.423974 -0.308447 0.353516 0.450898 -0.305614 0.348893
0.422996 -0.308556 0.35369 0.449977 -0.305716 0.349056
0.422017 -0.308665 0.353864 0.448594 -0.30587 0.349301
0.421038 -0.308774 0.354038 0.447669 -0.305972 0.349465
0.420059 -0.308882 0.354212 0.447206 -0.306024 0.349547
0.419081 -0.308991 0.354386 0.446279 -0.306127 0.349712
0.418102 -0.3091 0.35456 0.44535 -0.30623 0.349877
0.417123 -0.309209 0.354734 0.44442 -0.306334 0.350042
0.416144 -0.309317 0.354908 0.443487 -0.306438 0.350207
0.415166 -0.309426 0.355082 0.442083 -0.306594 0.350457
0.414187 -0.309535 0.355256 0.441614 -0.306647 0.35054
0.413208 -0.309644 0.35543 0.440203 -0.306804 0.350791
0.41223 -0.309752 0.355604 0.43926 -0.306909 0.350958
0.411251 -0.309861 0.355778 0.438787 -0.306962 0.351042
0.410272 -0.30997 0.355952 0.437367 -0.307121 0.351295
0.409293 -0.310079 0.356126 0.436418 -0.307227 0.351464
0.408315 -0.310187 0.3563 0.435466 -0.307333 0.351633
0.407336 -0.310296 0.356474 0.434514 -0.307439 0.351802
0.406357 -0.310405 0.356648 0.43356 -0.307546 0.351972
0.405378 -0.310514 0.356822 0.432606 -0.307653 0.352142
0.4044 -0.310622 0.356996 0.43165 -0.307759 0.352311
0.403421 -0.310731 0.35717 0.430694 -0.307866 0.352482
0.402442 -0.31084 0.357344 0.429736 -0.307973 0.352652
0.401464 -0.310948 0.357518 0.428778 -0.30808 0.352822
0.400485 -0.311057 0.357692 0.427819 -0.308187 0.352993
0.399506 -0.311166 0.357866 0.426859 -0.308295 0.353163
0.398527 -0.311275 0.35804 0.425898 -0.308402 0.353334
0.397549 -0.311383 0.358214 0.424936 -0.308509 0.353505
0.39657 -0.311492 0.358388 0.423974 -0.308617 0.353676
0.395591 -0.311601 0.358562 0.423011 -0.308724 0.353847
0.394613 -0.31171 0.358736 0.422047 -0.308832 0.354018
0.393634 -0.311818 0.35891 0.421085 -0.308939 0.354189
0.392655 -0.311927 0.359084 0.420124 -0.309046 0.35436
0.391676 -0.312036 0.359258 0.419164 -0.309153 0.35453
0.390698 -0.312145 0.359432 0.418203 -0.30926 0.354701
0.389719 -0.312253 0.359606 0.41724 -0.309368 0.354872
0.38874 -0.312362 0.35978 0.416277 -0.309475 0.355043
0.387761 -0.312471 0.359954 0.415312 -0.309583 0.355214
0.386783 -0.31258 0.360128 0.414346 -0.309691 0.355386
0.385804 -0.312688 0.360302 0.413378 -0.309799 0.355558
0.384825 -0.312797 0.360476 0.41241 -0.309907 0.35573
0.383847 -0.312906 0.360649 0.411441 -0.310015 0.355902
0.382868 -0.313015 0.360823 0.410956 -0.310069 0.355988
0.381889 -0.313123 0.360997 0.409987 -0.310177 0.35616
0.38091 -0.313232 0.361171 0.408538 -0.310339 0.356418
0.379932 -0.313341 0.361345 0.407573 -0.310446 0.356589
0.378953 -0.31345 0.361519 0.406609 -0.310554 0.35676
0.377974 -0.313558 0.361693 0.405647 -0.310661 0.35693
0.376996 -0.313667 0.361867 0.404685 -0.310768 0.357101
0.376017 -0.313776 0.362041 0.403725 -0.310874 0.357271
0.375038 -0.313885 0.362215 0.403245 -0.310928 0.357356
0.374059 -0.313993 0.362389 0.402766 -0.310981 0.357441
0.373081 -0.314102 0.362563 0.400849 -0.311194 0.357781
0.372102 -0.314211 0.362737 0.39989 -0.311301 0.357951
0.371123 -0.31432 0.362911 0.398929 -0.311408 0.358121
0.370144 -0.314428 0.363085 0.397968 -0.311515 0.358292
0.369166 -0.314537 0.363259 0.397007 -0.311622 0.358462
0.368187 -0.314646 0.363433 0.396046 -0.311729 0.358633
0.367208 -0.314755 0.363607 0.395085 -0.311836 0.358803
0.36623 -0.314863 0.363781 0.394124 -0.311943 0.358974
0.365251 -0.314972 0.363955 0.393162 -0.31205 0.359144
0.364272 -0.315081 0.364129 0.3922 -0.312157 0.359315
0.363293 -0.31519 0.364303 0.391719 -0.312211 0.3594
0.362315 -0.315298 0.364477 0.390276 -0.312372 0.359656
0.361336 -0.315407 0.364651 0.389314 -0.312479 0.359827
0.360357 -0.315516 0.364825 0.388351 -0.312586 0.359998
0.359378 -0.315625 0.364999 0.38787 -0.31264 0.360083
0.3584 -0.315733 0.365173 0.386424 -0.312801 0.36034
0.357421 -0.315842 0.365347 0.38546 -0.312909 0.360511
0.356442 -0.315951 0.365521 0.384498 -0.313016 0.360682
0.355464 -0.31606 0.365695 0.383539 -0.313123 0.360852
0.354485 -0.316168 0.365869 0.38258 -0.313229 0.361022
0.353506 -0.316277 0.366043 0.381618 -0.313337 0.361192
0.352527 -0.316386 0.366217 0.380653 -0.313444 0.361364
0.351549 -0.316495 0.366391 0.380171 -0.313498 0.361449
0.35057 -0.316603 0.366565 0.377754 -0.313768 0.361878
0.349591 -0.316712 0.366739 0.376789 -0.313876 0.36205
0.348613 -0.316821 0.366913 0.375827 -0.313983 0.36222
0.347634 -0.31693 0.367087 0.374867 -0.31409 0.362391
0.346655 -0.317038 0.367261 0.37391 -0.314196 0.36256
0.345676 -0.317147 0.367435 0.372956 -0.314302 0.362729
0.344698 -0.317256 0.367609 0.372004 -0.314408 0.362898
0.343719 -0.317365 0.367783 0.371053 -0.314514 0.363066
0.34274 -0.317473 0.367957 0.370104 -0.314619 0.363234
0.341761 -0.317582 0.368131 0.369156 -0.314724 0.363402
0.340783 -0.317691 0.368305 0.368209 -0.314829 0.36357
0.339804 -0.3178 0.368479 0.367263 -0.314934 0.363737
0.338825 -0.317908 0.368653 0.366317 -0.315039 0.363905
0.337847 -0.318017 0.368827 0.365372 -0.315144 0.364072
0.336868 -0.318126 0.369001 0.363953 -0.315302 0.364324
0.335889 -0.318235 0.369175 0.363006 -0.315407 0.364491
0.33491 -0.318343 0.369349 0.36206 -0.315513 0.364659
0.333932 -0.318452 0.369523 0.361586 -0.315565 0.364743
0.332953 -0.318561 0.369697 0.360166 -0.315724 0.364995
0.331974 -0.31867 0.369871 0.359692 -0.315776 0.365079
0.330996 -0.318778 0.370045 0.358743 -0.315882 0.365247
0.330017 -0.318887 0.370219 0.357794 -0.315988 0.365416
0.329038 -0.318996 0.370393 0.356844 -0.316094 0.365584
0.328059 -0.319105 0.370567 0.355416 -0.316253 0.365837
0.327081 -0.319213 0.370741 0.35494 -0.316306 0.365922
0.326102 -0.319322 0.370915 0.353987 -0.316413 0.366091
0.325123 -0.319431 0.371089 0.353033 -0.316519 0.366261
0.324144 -0.31954 0.371263 0.352078 -0.316626 0.36643
0.323166 -0.319648 0.371437 0.351122 -0.316733 0.3666
0.322187 -0.319757 0.371611 0.349683 -0.316894 0.366855
0.321208 -0.319866 0.371785 0.349202 -0.316948 0.366941
0.32023 -0.319974 0.371959 0.348238 -0.317056 0.367112
0.319251 -0.320083 0.372133 0.347275 -0.317164 0.367283
0.318272 -0.320192 0.372307 0.346311 -0.317272 0.367455
0.317293 -0.320301 0.372481 0.345346 -0.31738 0.367626
0.316315 -0.320409 0.372655 0.344382 -0.317488 0.367797
0.315336 -0.320518 0.372829 0.343417 -0.317596 0.367969
0.314357 -0.320627 0.373003 0.342451 -0.317704 0.36814
0.313378 -0.320736 0.373177 0.341482 -0.317813 0.368313
0.3124 -0.320844 0.373351 0.340512 -0.317921 0.368485
0.311421 -0.320953 0.373525 0.339542 -0.31803 0.368657
0.310442 -0.321062 0.373699 0.338572 -0.318139 0.36883
0.309464 -0.321171 0.373873 0.337601 -0.318247 0.369002
0.308485 -0.321279 0.374047 0.336631 -0.318356 0.369174
0.307506 -0.321388 0.374221 0.33566 -0.318465 0.369347
0.306527 -0.321497 0.374395 0.335175 -0.318519 0.369433
0.305549 -0.321606 0.374569 0.333719 -0.318682 0.369691
0.30457 -0.321714 0.374743 0.332748 -0.31879 0.369864
0.303591 -0.321823 0.374917 0.331777 -0.318899 0.370036
0.302613 -0.321932 0.375091 0.330805 -0.319008 0.370209
0.301634 -0.322041 0.375265 0.329834 -0.319116 0.370381
0.300655 -0.322149 0.375439 0.328862 -0.319225 0.370553
0.299676 -0.322258 0.375613 0.32789 -0.319334 0.370726
0.298698 -0.322367 0.375787 0.326918 -0.319442 0.370899
0.297719 -0.322476 0.375961 0.325945 -0.319551 0.371071
0.29674 -0.322584 0.376135 0.324971 -0.31966 0.371244
0.295761 -0.322693 0.376309 0.323996 -0.319769 0.371417
0.294783 -0.322802 0.376483 0.323021 -0.319878 0.37159
0.293804 -0.322911 0.376657 0.32107 -0.320096 0.371936
0.292825 -0.323019 0.376831 0.320095 -0.320205 0.372109
0.291847 -0.323128 0.377005 0.31912 -0.320314 0.372282
0.290868 -0.323237 0.377179 0.318145 -0.320423 0.372455
0.289889 -0.323346 0.377353 0.31717 -0.320532 0.372628
0.28891 -0.323454 0.377527 0.316197 -0.320641 0.372801
0.287932 -0.323563 0.377701 0.315224 -0.320749 0.372973
0.286953 -0.323672 0.377875 0.314253 -0.320858 0.373145
0.285974 -0.323781 0.378049 0.313282 -0.320966 0.373317
0.284996 -0.323889 0.378223 0.312312 -0.321074 0.373489
0.284017 -0.323998 0.378397 0.311344 -0.321182 0.373661
0.283038 -0.324107 0.378571 0.310379 -0.321289 0.373832
0.282059 -0.324216 0.378745 0.309416 -0.321396 0.374002
0.281081 -0.324324 0.378919 0.308453 -0.321503 0.374173
0.280102 -0.324433 0.379093 0.307489 -0.32161 0.374343
0.279123 -0.324542 0.379267 0.306525 -0.321718 0.374514
0.278144 -0.324651 0.379441 0.30556 -0.321825 0.374685
0.277166 -0.324759 0.379615 0.304595 -0.321933 0.374856
0.276187 -0.324868 0.379789 0.303632 -0.32204 0.375027
0.275208 -0.324977 0.379963 0.30267 -0.322147 0.375197
0.27423 -0.325086 0.380137 0.301709 -0.322254 0.375367
0.273251 -0.325194 0.380311 0.300748 -0.322361 0.375537
0.272272 -0.325303 0.380485 0.299787 -0.322468 0.375708
0.271293 -0.325412 0.380659 0.299307 -0.322521 0.375793
0.270315 -0.325521 0.380833 0.297868 -0.322681 0.376047
0.269336 -0.325629 0.381007 0.296907 -0.322788 0.376218
0.268357 -0.325738 0.381181 0.295945 -0.322896 0.376388
0.267378 -0.325847 0.381355 0.295465 -0.322949 0.376473
0.2664 -0.325956 0.381529 0.294025 -0.32311 0.376728
0.265421 -0.326064 0.381703 0.293063 -0.323217 0.376899
0.264442 -0.326173 0.381877 0.2921 -0.323324 0.377069
0.263464 -0.326282 0.382051 0.291618 -0.323378 0.377155
0.262485 -0.326391 0.382225 0.290653 -0.323486 0.377326
0.261506 -0.326499 0.382399 0.289688 -0.323594 0.377497
0.260527 -0.326608 0.382573 0.288722 -0.323702 0.377668
0.259549 -0.326717 0.382747 0.288239 -0.323756 0.377754
0.25857 -0.326826 0.382921 0.285338 -0.32408 0.378268
0.257591 -0.326934 0.383095 0.284369 -0.324189 0.37844
0.256613 -0.327043 0.383269 0.283884 -0.324243 0.378526
0.255634 -0.327152 0.383443 0.281957 -0.324458 0.378868
0.254655 -0.327261 0.383617 0.281002 -0.324564 0.379037
0.253676 -0.327369 0.383791 0.279584 -0.324721 0.379287
0.252698 -0.327478 0.383965 0.278646 -0.324824 0.379453
0.251719 -0.327587 0.384139 0.277711 -0.324928 0.379618
0.25074 -0.327696 0.384313 0.276779 -0.32503 0.379783
0.249761 -0.327804 0.384487 0.275849 -0.325133 0.379947
0.248783 -0.327913 0.384661 0.27492 -0.325235 0.380111
0.247804 -0.328022 0.384835 0.273993 -0.325337 0.380275
0.246825 -0.328131 0.385009 0.273066 -0.32544 0.380439
0.245847 -0.328239 0.385183 0.27214 -0.325542 0.380603
0.244868 -0.328348 0.385357 0.271215 -0.325644 0.380766
0.243889 -0.328457 0.385531 0.270288 -0.325747 0.38093
0.24291 -0.328566 0.385705 0.269362 -0.325849 0.381094
0.241932 -0.328674 0.385879 0.268435 -0.325952 0.381258
0.240953 -0.328783 0.386053 0.267508 -0.326055 0.381422
0.239974 -0.328892 0.386227 0.266579 -0.326158 0.381587
0.238995 -0.329001 0.386401 0.26565 -0.326262 0.381751
0.238017 -0.329109 0.386575 0.26472 -0.326365 0.381916
0.237038 -0.329218 0.386749 0.263788 -0.326469 0.382081
0.236059 -0.329327 0.386923 0.262855 -0.326573 0.382246
0.235081 -0.329435 0.387097 0.261921 -0.326677 0.382412
0.234102 -0.329544 0.387271 0.260986 -0.326782 0.382578
0.233123 -0.329653 0.387445 0.260048 -0.326887 0.382744
0.232144 -0.329762 0.387619 0.25911 -0.326992 0.38291
0.231166 -0.32987 0.387793 0.25817 -0.327097 0.383077
0.230187 -0.329979 0.387967 0.257699 -0.32715 0.38316
0.229208 -0.330088 0.388141 0.257228 -0.327202 0.383244
0.22823 -0.330197 0.388315 0.256285 -0.327308 0.383411
0.227251 -0.330305 0.388489 0.255339 -0.327414 0.383579
0.226272 -0.330414 0.388663 0.254866 -0.327467 0.383663
0.225293 -0.330523 0.388837 0.252967 -0.327681 0.384
0.224315 -0.330632 0.389011 0.25155 -0.32784 0.384251
0.223336 -0.33074 0.389185 0.250611 -0.327944 0.384418
0.222357 -0.330849 0.389359 0.249677 -0.328048 0.384583
0.221378 -0.330958 0.389533 0.248744 -0.328152 0.384748
0.2204 -0.331067 0.389707 0.247812 -0.328256 0.384913
0.219421 -0.331175 0.389881 0.24688 -0.32836 0.385079
0.218442 -0.331284 0.390055 0.246415 -0.328411 0.385161
0.217464 -0.331393 0.390229 0.245018 -0.328567 0.385408
0.216485 -0.331502 0.390403 0.244084 -0.328671 0.385574
0.215506 -0.33161 0.390577 0.243147 -0.328776 0.38574
0.214527 -0.331719 0.390751 0.242678 -0.328828 0.385823
0.213549 -0.331828 0.390925 0.241268 -0.328986 0.386073
0.21257 -0.331937 0.391099 0.240326 -0.329091 0.38624
0.211591 -0.332045 0.391273 0.238911 -0.32925 0.386491
0.210613 -0.332154 0.391447 0.237965 -0.329356 0.386659
0.209634 -0.332263 0.391621 0.237018 -0.329462 0.386827
0.208655 -0.332372 0.391795 0.236069 -0.329569 0.386995
0.207676 -0.33248 0.391969 0.235594 -0.329622 0.387079
0.206698 -0.332589 0.392143 0.234168 -0.329782 0.387332
0.205719 -0.332698 0.392317 0.233215 -0.329889 0.387501
0.20474 -0.332807 0.392491 0.232261 -0.329996 0.387671
0.203761 -0.332915 0.392665 0.231305 -0.330104 0.38784
0.202783 -0.333024 0.392839 0.230349 -0.330211 0.38801
0.201804 -0.333133 0.393013 0.229391 -0.330319 0.38818
0.200825 -0.333242 0.393187 0.228432 -0.330427 0.38835
0.199847 -0.33335 0.393361 0.227472 -0.330534 0.38852
0.198868 -0.333459 0.393535 0.22651 -0.330643 0.388691
0.197889 -0.333568 0.393709 0.225548 -0.330751 0.388862
0.19691 -0.333677 0.393883 0.224584 -0.330859 0.389033
0.195932 -0.333785 0.394057 0.223619 -0.330967 0.389204
0.194953 -0.333894 0.394231 0.222654 -0.331076 0.389375
0.193974 -0.334003 0.394405 0.221687 -0.331185 0.389546
0.192995 -0.334112 0.394579 0.22072 -0.331293 0.389718
0.192017 -0.33422 0.394753 0.220236 -0.331348 0.389804
0.191038 -0.334329 0.394927 0.219752 -0.331402 0.38989
0.190059 -0.334438 0.395101 0.217814 -0.33162 0.390233
0.189081 -0.334547 0.395275 0.216843 -0.331728 0.390405
0.188102 -0.334655 0.395449 0.215873 -0.331837 0.390578
0.187123 -0.334764 0.395623 0.214902 -0.331946 0.39075
0.186144 -0.334873 0.395797 0.21393 -0.332055 0.390922
0.185166 -0.334982 0.395971 0.212958 -0.332164 0.391094
0.184187 -0.33509 0.396145 0.211985 -0.332273 0.391267
0.183208 -0.335199 0.396319 0.211012 -0.332382 0.391439
0.18223 -0.335308 0.396493 0.210039 -0.332491 0.391612
0.181251 -0.335417 0.396667 0.209065 -0.332601 0.391784
0.180272 -0.335525 0.396841 0.208091 -0.33271 0.391957
0.179293 -0.335634 0.397015 0.207116 -0.332819 0.39213
0.178315 -0.335743 0.397189 0.206141 -0.332928 0.392303
0.177336 -0.335852 0.397363 0.205166 -0.333037 0.392476
0.176357 -0.33596 0.397536 0.20419 -0.333146 0.392649
0.175378 -0.336069 0.39771 0.203214 -0.333256 0.392822
0.1744 -0.336178 0.397884 0.202238 -0.333365 0.392995
0.173421 -0.336287 0.398058 0.201261 -0.333474 0.393168
0.172442 -0.336395 0.398232 0.200284 -0.333583 0.393341
0.171464 -0.336504 0.398406 0.199307 -0.333693 0.393514
0.170485 -0.336613 0.39858 0.19833 -0.333802 0.393687
0.169506 -0.336722 0.398754 0.197841 -0.333857 0.393774
0.168527 -0.33683 0.398928 0.196375 -0.334021 0.394034
0.167549 -0.336939 0.399102 0.195397 -0.33413 0.394207
0.16657 -0.337048 0.399276 0.194419 -0.334239 0.39438
0.165591 -0.337157 0.39945 0.193441 -0.334348 0.394553
0.164613 -0.337265 0.399624 0.192463 -0.334458 0.394727
0.163634 -0.337374 0.399798 0.191485 -0.334567 0.3949
0.162655 -0.337483 0.399972 0.190507 -0.334676 0.395073
0.161676 -0.337592 0.400146 0.189529 -0.334785 0.395247
0.160698 -0.3377 0.40032 0.18855 -0.334895 0.39542
0.159719 -0.337809 0.400494 0.187572 -0.335004 0.395594
0.15874 -0.337918 0.400668 0.186593 -0.335113 0.395767
0.157761 -0.338027 0.400842 0.185615 -0.335222 0.39594
0.156783 -0.338135 0.401016 0.184636 -0.335331 0.396114
0.155804 -0.338244 0.40119 0.183658 -0.335441 0.396287
0.154825 -0.338353 0.401364 0.18268 -0.33555 0.39646
0.153847 -0.338461 0.401538 0.181701 -0.335659 0.396634
0.152868 -0.33857 0.401712 0.180723 -0.335768 0.396807
0.151889 -0.338679 0.401886 0.179744 -0.335877 0.396981
0.15091 -0.338788 0.40206 0.178765 -0.335986 0.397154
0.149932 -0.338896 0.402234 0.178276 -0.336041 0.397241
0.148953 -0.339005 0.402408 0.177297 -0.33615 0.397414
0.147974 -0.339114 0.402582 0.175829 -0.336314 0.397674
0.146995 -0.339223 0.402756 0.17485 -0.336423 0.397848
0.146017 -0.339331 0.40293 0.173872 -0.336532 0.398021
0.145038 -0.33944 0.403104 0.172893 -0.336641 0.398194
0.144059 -0.339549 0.403278 0.171915 -0.33675 0.398368
0.143081 -0.339658 0.403452 0.170936 -0.336859 0.398541
0.142102 -0.339766 0.403626 0.169958 -0.336969 0.398714
0.141123 -0.339875 0.4038 0.168979 -0.337078 0.398888
0.140144 -0.339984 0.403974 0.168001 -0.337187 0.399061
0.139166 -0.340093 0.404148 0.167022 -0.337296 0.399235
0.138187 -0.340201 0.404322 0.166044 -0.337405 0.399408
0.137208 -0.34031 0.404496 0.165066 -0.337514 0.399581
0.13623 -0.340419 0.40467 0.164087 -0.337623 0.399755
0.135251 -0.340528 0.404844 0.163598 -0.337677 0.399841
0.134272 -0.340636 0.405018 0.16262 -0.337787 0.400015
0.133293 -0.340745 0.405192 0.161152 -0.33795 0.400275
0.132315 -0.340854 0.405366 0.160663 -0.338005 0.400362
0.131336 -0.340963 0.40554 0.159685 -0.338114 0.400535
0.130357 -0.341071 0.405714 0.158707 -0.338223 0.400708
0.129378 -0.34118 0.405888 0.157239 -0.338386 0.400968
0.1284 -0.341289 0.406062 0.15626 -0.338495 0.401142
0.127421 -0.341398 0.406236 0.155771 -0.33855 0.401229
0.126442 -0.341506 0.40641 0.154793 -0.338659 0.401402
0.125464 -0.341615 0.406584 0.153325 -0.338822 0.401662
0.124485 -0.341724 0.406758 0.152346 -0.338932 0.401836
0.123506 -0.341833 0.406932 0.151368 -0.339041 0.402009
0.122527 -0.341941 0.407106 0.150879 -0.339095 0.402096
0.121549 -0.34205 0.40728 0.1499 -0.339204 0.402269
0.12057 -0.342159 0.407454 0.148922 -0.339313 0.402443
0.119591 -0.342268 0.407628 0.147943 -0.339422 0.402616
0.118613 -0.342376 0.407802 0.146965 -0.339531 0.402789
0.117634 -0.342485 0.407976 0.145987 -0.33964 0.402963
0.116655 -0.342594 0.40815 0.145008 -0.339749 0.403136
0.115676 -0.342703 0.408324 0.14354 -0.339913 0.403397
0.114698 -0.342811 0.408498 0.142562 -0.340022 0.40357
0.113719 -0.34292 0.408672 0.141583 -0.340131 0.403743
0.11274 -0.343029 0.408846 0.140605 -0.34024 0.403917
0.111761 -0.343138 0.40902 0.139626 -0.340349 0.40409
0.110783 -0.343246 0.409194 0.138648 -0.340458 0.404264
0.109804 -0.343355 0.409368 0.13767 -0.340567 0.404437
0.108825 -0.343464 0.409542 0.13718 -0.340621 0.404524
0.107847 -0.343573 0.409716 0.135713 -0.340785 0.404784
0.106868 -0.343681 0.40989 0.134735 -0.340894 0.404958
0.105889 -0.34379 0.410064 0.133756 -0.341003 0.405131
0.10491 -0.343899 0.410238 0.133267 -0.341057 0.405218
0.103932 -0.344008 0.410412 0.132289 -0.341166 0.405391
0.102953 -0.344116 0.410586 0.131311 -0.341275 0.405565
0.101974 -0.344225 0.41076 0.130332 -0.341384 0.405738
0.100995 -0.344334 0.410934 0.128865 -0.341547 0.405999
0.100017 -0.344443 0.411108 0.127887 -0.341656 0.406172
0.099038 -0.344551 0.411282 0.126909 -0.341765 0.406346
0.0980593 -0.34466 0.411456 0.126419 -0.34182 0.406432
0.0970806 -0.344769 0.41163 0.124952 -0.341983 0.406693
0.0961019 -0.344878 0.411804 0.123974 -0.342092 0.406866
0.0951231 -0.344986 0.411978 0.122995 -0.342201 0.40704
0.0941444 -0.345095 0.412152 0.122017 -0.34231 0.407213
0.0931657 -0.345204 0.412326 0.121038 -0.342419 0.407387
0.092187 -0.345313 0.4125 0.120059 -0.342528 0.40756
0.0912082 -0.345421 0.412674 0.119081 -0.342637 0.407734
0.0902295 -0.34553 0.412848 0.118102 -0.342746 0.407908
0.0892508 -0.345639 0.413022 0.117124 -0.342855 0.408081
0.0882721 -0.345748 0.413196 0.116145 -0.342964 0.408255
0.0872934 -0.345856 0.41337 0.115167 -0.343072 0.408428
0.0863146 -0.345965 0.413544 0.114188 -0.343181 0.408602
0.0853359 -0.346074 0.413718 0.113209 -0.34329 0.408776
0.0843572 -0.346183 0.413892 0.11223 -0.343399 0.408949
0.0833785 -0.346291 0.414066 0.111252 -0.343508 0.409123
0.0823997 -0.3464 0.41424 0.110762 -0.343563 0.40921
0.081421 -0.346509 0.414414 0.109294 -0.343726 0.409471
0.0804423 -0.346618 0.414588 0.108315 -0.343835 0.409644
0.0794636 -0.346726 0.414762 0.107825 -0.34389 0.409731
0.0784848 -0.346835 0.414936 0.106847 -0.343999 0.409905
0.0775061 -0.346944 0.41511 0.105379 -0.344162 0.410165
0.0765274 -0.347053 0.415284 0.1044 -0.344271 0.410339
0.0755487 -0.347161 0.415458 0.103421 -0.34438 0.410513
0.0745699 -0.34727 0.415632 0.102443 -0.344488 0.410686
0.0735912 -0.347379 0.415806 0.101465 -0.344597 0.41086
0.0726125 -0.347487 0.41598 0.100486 -0.344706 0.411034
0.0716338 -0.347596 0.416154 0.0995083 -0.344815 0.411207
0.0706551 -0.347705 0.416328 0.0985302 -0.344924 0.411381
0.0696763 -0.347814 0.416502 0.0975521 -0.345032 0.411554
0.0686976 -0.347922 0.416676 0.0965741 -0.345141 0.411728
0.0677189 -0.348031 0.41685 0.0955961 -0.34525 0.411902
0.0667402 -0.34814 0.417024 0.0946182 -0.345359 0.412075
0.0657614 -0.348249 0.417198 0.0936403 -0.345467 0.412249
0.0647827 -0.348357 0.417372 0.0926624 -0.345576 0.412422
0.063804 -0.348466 0.417546 0.0916845 -0.345685 0.412596
0.0628253 -0.348575 0.41772 0.0907067 -0.345793 0.41277
0.0618465 -0.348684 0.417894 0.0897289 -0.345902 0.412943
0.0608678 -0.348792 0.418068 0.0887511 -0.346011 0.413117
0.0598891 -0.348901 0.418242 0.0877734 -0.34612 0.413291
0.0589104 -0.34901 0.418416 0.0867961 -0.346228 0.413464
0.0579316 -0.349119 0.41859 0.0858191 -0.346337 0.413638
0.0569529 -0.349227 0.418764 0.0848422 -0.346445 0.413811
0.0559742 -0.349336 0.418938 0.0838653 -0.346554 0.413985
0.0549955 -0.349445 0.419112 0.0828887 -0.346662 0.414158
0.0540168 -0.349554 0.419286 0.0819123 -0.346771 0.414331
0.053038 -0.349662 0.41946 0.0809359 -0.346879 0.414505
0.0520593 -0.349771 0.419634 0.0799594 -0.346988 0.414678
0.0510806 -0.34988 0.419808 0.0784944 -0.34715 0.414938
0.0501019 -0.349989 0.419982 0.0780059 -0.347205 0.415025
0.0491231 -0.350097 0.420156 0.0770282 -0.347313 0.415199
0.0481444 -0.350206 0.42033 0.07605 -0.347422 0.415373
0.0471657 -0.350315 0.420504 0.0745828 -0.347585 0.415633
0.046187 -0.350424 0.420678 0.0736049 -0.347694 0.415807
0.0452082 -0.350532 0.420852 0.0731159 -0.347748 0.415894
0.0442295 -0.350641 0.421026 0.0721382 -0.347857 0.416068
0.0432508 -0.35075 0.4212 0.0711607 -0.347966 0.416241
0.0422721 -0.350859 0.421374 0.069695 -0.348128 0.416502
0.0412933 -0.350967 0.421548 0.068718 -0.348237 0.416675
0.0403146 -0.351076 0.421722 0.0682296 -0.348291 0.416762
0.0393359 -0.351185 0.421896 0.0672534 -0.3484 0.416936
0.0383572 -0.351294 0.42207 0.0657903 -0.348562 0.417196
0.0373785 -0.351402 0.422244 0.0653028 -0.348616 0.417282
0.0363997 -0.351511 0.422418 0.0643283 -0.348724 0.417455
0.035421 -0.35162 0.422592 0.0633543 -0.348832 0.417628
0.0344423 -0.351729 0.422766 0.0628675 -0.348886 0.417715
0.0334636 -0.351837 0.42294 0.0609206 -0.349102 0.418061
0.0324848 -0.351946 0.423114 0.0599469 -0.34921 0.418234
0.0315061 -0.352055 0.423288 0.0589728 -0.349318 0.418407
0.0305274 -0.352164 0.423462 0.0579985 -0.349426 0.41858
0.0295487 -0.352272 0.423636 0.0570239 -0.349534 0.418754
0.0285699 -0.352381 0.42381 0.0565365 -0.349589 0.41884
0.0275912 -0.35249 0.423984 0.0555616 -0.349697 0.419014
0.0266125 -0.352599 0.424158 0.055074 -0.349751 0.4191
0.0256338 -0.352707 0.424332 0.0536109 -0.349913 0.41936
0.024655 -0.352816 0.424506 0.0526352 -0.350022 0.419534
0.0236763 -0.352925 0.42468 0.0516589 -0.35013 0.419708
0.0226976 -0.353034 0.424854 0.0506822 -0.350239 0.419881
0.0217189 -0.353142 0.425028 0.049705 -0.350348 0.420055
0.0207402 -0.353251 0.425202 0.0492162 -0.350402 0.420142
0.0197614 -0.35336 0.425376 0.0477495 -0.350565 0.420403
0.0187827 -0.353469 0.42555 0.0467714 -0.350674 0.420577
0.017804 -0.353577 0.425724 0.0448157 -0.350891 0.420925
0.0168253 -0.353686 0.425898 0.0438424 -0.350999 0.421098
0.0158465 -0.353795 0.426072 0.0428735 -0.351106 0.42127
0.0148678 -0.353904 0.426246 0.0419081 -0.351213 0.421442
0.0138891 -0.354012 0.42642 0.0409453 -0.351319 0.421613
0.0129104 -0.354121 0.426594 0.0399848 -0.351424 0.421784
0.0119316 -0.35423 0.426768 0.0390263 -0.35153 0.421954
0.0109529 -0.354339 0.426942 0.0380694 -0.351635 0.422124
0.0099742 -0.354447 0.427116 0.0371138 -0.35174 0.422294
0.00899547 -0.354556 0.42729 0.0356825 -0.351897 0.422549
0.00801675 -0.354665 0.427464 0.0352058 -0.35195 0.422634
0.00703803 -0.354774 0.427638 0.0342531 -0.352055 0.422803
0.0060593 -0.354882 0.427812 0.033777 -0.352107 0.422888
0.00508058 -0.354991 0.427986 0.0318739 -0.352317 0.423227
0.00410186 -0.3551 0.42816 0.0313991 -0.352369 0.423311
0.00312313 -0.355209 0.428334 0.0299798 -0.352525 0.423564
0.00214441 -0.355317 0.428508 0.029036 -0.352629 0.423731
0.00116569 -0.355426 0.428682 0.0280914 -0.352732 0.4239
0.000186962 -0.355535 0.428856 0.0276187 -0.352784 0.423984
-0.000791762 -0.355644 0.42903 0.0261995 -0.352941 0.424236
-0.00177049 -0.355752 0.429204 0.025726 -0.352993 0.42432
-0.00274921 -0.355861 0.429378 0.0247784 -0.353098 0.424489
-0.00372793 -0.35597 0.429552 0.0233547 -0.353255 0.424743
-0.00470666 -0.356079 0.429726 0.0224038 -0.353361 0.424912
-0.00568538 -0.356187 0.4299 0.021928 -0.353414 0.424996
-0.0066641 -0.356296 0.430074 0.0204996 -0.353572 0.425251
-0.00764283 -0.356405 0.430248 0.0195466 -0.353678 0.42542
-0.00862155 -0.356514 0.430422 0.0185926 -0.353784 0.42559
-0.00960027 -0.356622 0.430596 0.0181152 -0.353837 0.425675
-0.010579 -0.356731 0.43077 0.0166822 -0.353996 0.42593
-0.0115577 -0.35684 0.430944 0.0157271 -0.354103 0.4261
-0.0125364 -0.356948 0.431118 0.0147729 -0.354209 0.42627
-0.0135152 -0.357057 0.431292 0.0138186 -0.354315 0.42644
-0.0144939 -0.357166 0.431466 0.012863 -0.354421 0.42661
-0.0154726 -0.357275 0.43164 0.0119063 -0.354527 0.426781
-0.0164513 -0.357383 0.431814 0.0109486 -0.354634 0.426951
-0.0174301 -0.357492 0.431988 0.0104694 -0.354687 0.427037
-0.0184088 -0.357601 0.432162 0.00951016 -0.354794 0.427207
-0.0193875 -0.35771 0.432336 0.00854972 -0.354901 0.427378
-0.0203662 -0.357818 0.43251 0.00758763 -0.355009 0.42755
-0.021345 -0.357927 0.432684 0.00710592 -0.355062 0.427636
-0.0223237 -0.358036 0.432858 0.00565827 -0.355224 0.427893
-0.0233024 -0.358145 0.433032 0.00420718 -0.355386 0.428152
-0.0242811 -0.358253 0.433206 0.00323808 -0.355494 0.428325
-0.0252598 -0.358362 0.43338 0.0027531 -0.355549 0.428411
-0.0262386 -0.358471 0.433554 0.00178242 -0.355657 0.428584
-0.0272173 -0.35858 0.433728 0.000324668 -0.35582 0.428844
-0.028196 -0.358688 0.433902 -0.000648352 -0.355929 0.429017
-0.0291747 -0.358797 0.434076 -0.00113514 -0.355983 0.429104
-0.0301535 -0.358906 0.43425 -0.00210908 -0.356092 0.429277
-0.0311322 -0.359015 0.434424 -0.0030835 -0.356201 0.429451
-0.0321109 -0.359123 0.434597 -0.00454628 -0.356364 0.429711
-0.0330896 -0.359232 0.434771 -0.00503417 -0.356419 0.429798
-0.0340684 -0.359341 0.434945 -0.00649863 -0.356582 0.430059
-0.0350471 -0.35945 0.435119 -0.00747557 -0.356691 0.430233
-0.0360258 -0.359558 0.435293 -0.00845301 -0.3568 0.430408
-0.0370045 -0.359667 0.435467 -0.00943068 -0.356909 0.430582
-0.0379833 -0.359776 0.435641 -0.00991953 -0.356964 0.430669
-0.038962 -0.359885 0.435815 -0.0113861 -0.357127 0.43093
-0.0399407 -0.359993 0.435989 -0.0123638 -0.357236 0.431104
-0.0409194 -0.360102 0.436163 -0.0133415 -0.357345 0.431279
-0.0418981 -0.360211 0.436337 -0.0138304 -0.357399 0.431366
-0.0428769 -0.36032 0.436511 -0.0152968 -0.357562 0.431627
-0.0438556 -0.360428 0.436685 -0.0157856 -0.357617 0.431714
-0.0448343 -0.360537 0.436859 -0.0167631 -0.357726 0.431888
-0.045813 -0.360646 0.437033 -0.0182296 -0.357889 0.43215
-0.0467918 -0.360755 0.437207 -0.0187186 -0.357943 0.432237
-0.0477705 -0.360863 0.437381 -0.0201856 -0.358106 0.432498
-0.0487492 -0.360972 0.437555 -0.0211636 -0.358214 0.432673
-0.0497279 -0.361081 0.437729 -0.0221415 -0.358323 0.432847
-0.0507067 -0.36119 0.437903 -0.0226303 -0.358377 0.432934
-0.0516854 -0.361298 0.438077 -0.0236079 -0.358486 0.433108
-0.0526641 -0.361407 0.438251 -0.0245855 -0.358594 0.433283
-0.0536428 -0.361516 0.438425 -0.0260519 -0.358757 0.433544
-0.0546216 -0.361625 0.438599 -0.0265409 -0.358811 0.433631
-0.0556003 -0.361733 0.438773 -0.0275189 -0.35892 0.433805
-0.056579 -0.361842 0.438947 -0.028497 -0.359028 0.43398
-0.0575577 -0.361951 0.439121 -0.0294747 -0.359137 0.434154
-0.0585364 -0.36206 0.439295 -0.030941 -0.3593 0.434415
-0.0595152 -0.362168 0.439469 -0.0319186 -0.359408 0.43459
-0.0604939 -0.362277 0.439643 -0.0328943 -0.359516 0.434764
-0.0614726 -0.362386 0.439817 -0.0338669 -0.359624 0.434937
-0.0624513 -0.362495 0.439991 -0.034838 -0.359731 0.43511
-0.0634301 -0.362603 0.440165 -0.0358097 -0.359838 0.435283
-0.0644088 -0.362712 0.440339 -0.0362959 -0.359892 0.43537
-0.0653875 -0.362821 0.440513 -0.0377555 -0.360054 0.43563
-0.0663662 -0.36293 0.440687 -0.0387294 -0.360162 0.435804
-0.067345 -0.363038 0.440861 -0.0397037 -0.36027 0.435977
-0.0683237 -0.363147 0.441035 -0.0401911 -0.360324 0.436064
-0.0693024 -0.363256 0.441209 -0.0416534 -0.360486 0.436325
-0.0702811 -0.363365 0.441383 -0.0426288 -0.360594 0.436499
-0.0712599 -0.363473 0.441557 -0.0436051 -0.360702 0.436673
-0.0722386 -0.363582 0.441731 -0.0445819 -0.360811 0.436847
-0.0732173 -0.363691 0.441905 -0.0455588 -0.360919 0.437021
-0.074196 -0.3638 0.442079 -0.0460472 -0.360973 0.437109
-0.0751747 -0.363908 0.442253 -0.0475126 -0.361136 0.43737
-0.0761535 -0.364017 0.442427 -0.0480011 -0.36119 0.437457
-0.0771322 -0.364126 0.442601 -0.0494669 -0.361353 0.437718
-0.0781109 -0.364235 0.442775 -0.050444 -0.361461 0.437893
-0.0790896 -0.364343 0.442949 -0.0514209 -0.36157 0.438067
-0.0800684 -0.364452 0.443123 -0.0523974 -0.361678 0.438241
-0.0810471 -0.364561 0.443297 -0.0533738 -0.361786 0.438415
-0.0820258 -0.36467 0.443471 -0.0543501 -0.361895 0.438589
-0.0830045 -0.364778 0.443645 -0.0553262 -0.362003 0.438763
-0.0839833 -0.364887 0.443819 -0.0563023 -0.362111 0.438937
-0.084962 -0.364996 0.443993 -0.0572784 -0.362219 0.439112
-0.0859407 -0.365105 0.444167 -0.0582544 -0.362328 0.439286
-0.0869194 -0.365213 0.444341 -0.0592303 -0.362436 0.43946
-0.0878982 -0.365322 0.444515 -0.0602061 -0.362544 0.439634
-0.0888769 -0.365431 0.444689 -0.0611818 -0.362652 0.439808
-0.0898556 -0.36554 0.444863 -0.0621575 -0.362761 0.439982
-0.0908343 -0.365648 0.445037 -0.0631331 -0.362869 0.440156
-0.091813 -0.365757 0.445211 -0.0641085 -0.362977 0.44033
-0.0927918 -0.365866 0.445385 -0.0650837 -0.363085 0.440504
-0.0937705 -0.365974 0.445559 -0.0660589 -0.363193 0.440678
-0.0947492 -0.366083 0.445733 -0.0670342 -0.363301 0.440851
-0.0957279 -0.366192 0.445907 -0.0680098 -0.363409 0.441026
-0.0967067 -0.366301 0.446081 -0.0689858 -0.363518 0.4412
-0.0976854 -0.366409 0.446255 -0.0694738 -0.363572 0.441287
-0.0986641 -0.366518 0.446429 -0.0699619 -0.363626 0.441374
-0.0996428 -0.366627 0.446603 -0.0719128 -0.363842 0.441722
-0.100622 -0.366736 0.446777 -0.0728853 -0.36395 0.441895
-0.1016 -0.366844 0.446951 -0.0738571 -0.364058 0.442068
-0.102579 -0.366953 0.447125 -0.0748295 -0.364165 0.442242
-0.103558 -0.367062 0.447299 -0.0758025 -0.364273 0.442415
-0.104536 -0.367171 0.447473 -0.076776 -0.364381 0.442589
-0.105515 -0.367279 0.447647 -0.0777499 -0.364489 0.442763
-0.106494 -0.367388 0.447821 -0.0787239 -0.364597 0.442936
-0.107473 -0.367497 0.447995 -0.079211 -0.364651 0.443023
-0.108451 -0.367606 0.448169 -0.0806727 -0.364813 0.443284
-0.10943 -0.367714 0.448343 -0.0816482 -0.364922 0.443458
-0.110409 -0.367823 0.448517 -0.0826249 -0.36503 0.443632
-0.111388 -0.367932 0.448691 -0.0836019 -0.365139 0.443807
-0.112366 -0.368041 0.448865 -0.0845784 -0.365247 0.443981
-0.113345 -0.368149 0.449039 -0.0855548 -0.365356 0.444155
-0.114324 -0.368258 0.449213 -0.0865315 -0.365464 0.444329
-0.115302 -0.368367 0.449387 -0.0875088 -0.365573 0.444504
-0.116281 -0.368476 0.449561 -0.0879977 -0.365627 0.444591
-0.11726 -0.368584 0.449735 -0.0889754 -0.365736 0.444765
-0.118239 -0.368693 0.449909 -0.090439 -0.365898 0.445026
-0.119217 -0.368802 0.450083 -0.0914137 -0.366006 0.4452
-0.120196 -0.368911 0.450257 -0.0923893 -0.366114 0.445374
-0.121175 -0.369019 0.450431 -0.0928774 -0.366169 0.445461
-0.122153 -0.369128 0.450605 -0.0938543 -0.366277 0.445636
-0.123132 -0.369237 0.450779 -0.0948323 -0.366386 0.44581
-0.124111 -0.369346 0.450953 -0.0958112 -0.366495 0.445985
-0.12509 -0.369454 0.451127 -0.0967913 -0.366604 0.44616
-0.126068 -0.369563 0.451301 -0.0977721 -0.366713 0.446335
-0.127047 -0.369672 0.451475 -0.0987536 -0.366822 0.44651
-0.128026 -0.369781 0.451649 -0.100226 -0.366986 0.446773
-0.129005 -0.369889 0.451823 -0.100717 -0.36704 0.44686
-0.129983 -0.369998 0.451997 -0.1017 -0.36715 0.447036
-0.130962 -0.370107 0.452171 -0.103174 -0.367314 0.447299
-0.131941 -0.370216 0.452345 -0.104157 -0.367423 0.447474
-0.132919 -0.370324 0.452519 -0.10514 -0.367532 0.44765
-0.133898 -0.370433 0.452693 -0.106122 -0.367642 0.447825
-0.134877 -0.370542 0.452867 -0.107104 -0.367751 0.448
-0.135856 -0.370651 0.453041 -0.107595 -0.367805 0.448088
-0.136834 -0.370759 0.453215 -0.109067 -0.367969 0.44835
-0.137813 -0.370868 0.453389 -0.110048 -0.368078 0.448525
-0.138792 -0.370977 0.453563 -0.111029 -0.368186 0.4487
-0.139771 -0.371086 0.453737 -0.11201 -0.368295 0.448875
-0.140749 -0.371194 0.453911 -0.11299 -0.368404 0.44905
-0.141728 -0.371303 0.454085 -0.113971 -0.368513 0.449225
-0.142707 -0.371412 0.454259 -0.114952 -0.368622 0.4494
-0.143685 -0.371521 0.454433 -0.115442 -0.368676 0.449487
-0.144664 -0.371629 0.454607 -0.116913 -0.368839 0.44975
-0.145643 -0.371738 0.454781 -0.117404 -0.368894 0.449837
-0.146622 -0.371847 0.454955 -0.118875 -0.369057 0.4501
-0.1476 -0.371956 0.455129 -0.119365 -0.369111 0.450187
-0.148579 -0.372064 0.455303 -0.120345 -0.36922 0.450362
-0.149558 -0.372173 0.455477 -0.121815 -0.369383 0.450624
-0.150536 -0.372282 0.455651 -0.122305 -0.369438 0.450712
-0.151515 -0.372391 0.455825 -0.123286 -0.369546 0.450887
-0.152494 -0.372499 0.455999 -0.124757 -0.36971 0.451149
-0.153473 -0.372608 0.456173 -0.125738 -0.369819 0.451324
-0.154451 -0.372717 0.456347 -0.126229 -0.369873 0.451411
-0.15543 -0.372826 0.456521 -0.12721 -0.369982 0.451586
-0.156409 -0.372934 0.456695 -0.128191 -0.370091 0.451762
-0.157388 -0.373043 0.456869 -0.129172 -0.3702 0.451937
-0.158366 -0.373152 0.457043 -0.129663 -0.370254 0.452024
-0.159345 -0.373261 0.457217 -0.131136 -0.370418 0.452287
-0.160324 -0.373369 0.457391 -0.132118 -0.370527 0.452462
-0.161302 -0.373478 0.457565 -0.1331 -0.370636 0.452637
-0.162281 -0.373587 0.457739 -0.134082 -0.370745 0.452812
-0.16326 -0.373696 0.457913 -0.135064 -0.370854 0.452988
-0.164239 -0.373804 0.458087 -0.136046 -0.370963 0.453163
-0.165217 -0.373913 0.458261 -0.137028 -0.371072 0.453338
-0.166196 -0.374022 0.458435 -0.137519 -0.371126 0.453426
-0.167175 -0.374131 0.458609 -0.138993 -0.37129 0.453688
-0.168153 -0.374239 0.458783 -0.139975 -0.371399 0.453864
-0.169132 -0.374348 0.458957 -0.140957 -0.371508 0.454039
-0.170111 -0.374457 0.459131 -0.141939 -0.371617 0.454214
-0.17109 -0.374566 0.459305 -0.142922 -0.371726 0.454389
-0.172068 -0.374674 0.459479 -0.143903 -0.371835 0.454564
-0.173047 -0.374783 0.459653 -0.144885 -0.371944 0.454739
-0.174026 -0.374892 0.459827 -0.145867 -0.372053 0.454915
-0.175005 -0.375001 0.460001 -0.146849 -0.372162 0.45509
-0.175983 -0.375109 0.460175 -0.147831 -0.372271 0.455265
-0.176962 -0.375218 0.460349 -0.148813 -0.37238 0.45544
-0.177941 -0.375327 0.460523 -0.149794 -0.372489 0.455615
-0.178919 -0.375435 0.460697 -0.150776 -0.372598 0.45579
-0.179898 -0.375544 0.460871 -0.151758 -0.372707 0.455965
-0.180877 -0.375653 0.461045 -0.15274 -0.372816 0.45614
-0.181856 -0.375762 0.461219 -0.153721 -0.372925 0.456315
-0.182834 -0.37587 0.461393 -0.155685 -0.373142 0.456665
-0.183813 -0.375979 0.461567 -0.156666 -0.373251 0.45684
-0.184792 -0.376088 0.461741 -0.157156 -0.373306 0.456928
-0.185771 -0.376197 0.461915 -0.157646 -0.37336 0.457015
-0.186749 -0.376305 0.462089 -0.159111 -0.373522 0.457276
-0.187728 -0.376414 0.462263 -0.160083 -0.373629 0.457449
-0.188707 -0.376523 0.462437 -0.161055 -0.373737 0.457622
-0.189685 -0.376632 0.462611 -0.162025 -0.373844 0.457795
-0.190664 -0.37674 0.462785 -0.162992 -0.37395 0.457967
-0.191643 -0.376849 0.462959 -0.163956 -0.374056 0.458139
-0.192622 -0.376958 0.463133 -0.164918 -0.374162 0.45831
-0.1936 -0.377067 0.463307 -0.165878 -0.374268 0.458481
-0.194579 -0.377175 0.463481 -0.166837 -0.374373 0.458652
-0.195558 -0.377284 0.463655 -0.167794 -0.374478 0.458822
-0.196536 -0.377393 0.463829 -0.168751 -0.374584 0.458992
-0.197515 -0.377502 0.464003 -0.169706 -0.374689 0.459162
-0.198494 -0.37761 0.464177 -0.170662 -0.374794 0.459332
-0.199473 -0.377719 0.464351 -0.171617 -0.374899 0.459502
-0.200451 -0.377828 0.464525 -0.172571 -0.375004 0.459672
-0.20143 -0.377937 0.464699 -0.173526 -0.37511 0.459842
-0.202409 -0.378045 0.464873 -0.17448 -0.375215 0.460012
-0.203388 -0.378154 0.465047 -0.175434 -0.37532 0.460182
-0.204366 -0.378263 0.465221 -0.176389 -0.375426 0.460352
-0.205345 -0.378372 0.465395 -0.177343 -0.375531 0.460522
-0.206324 -0.37848 0.465569 -0.178299 -0.375637 0.460692
-0.207302 -0.378589 0.465743 -0.179255 -0.375743 0.460862
-0.208281 -0.378698 0.465917 -0.180211 -0.375849 0.461033
-0.20926 -0.378807 0.466091 -0.181168 -0.375955 0.461203
-0.210239 -0.378915 0.466265 -0.181646 -0.376008 0.461288
-0.211217 -0.379024 0.466439 -0.183561 -0.37622 0.46163
-0.212196 -0.379133 0.466613 -0.18452 -0.376326 0.461801
-0.213175 -0.379242 0.466787 -0.185479 -0.376433 0.461972
-0.214153 -0.37935 0.466961 -0.18644 -0.37654 0.462143
-0.215132 -0.379459 0.467135 -0.187401 -0.376647 0.462314
-0.216111 -0.379568 0.467309 -0.188363 -0.376754 0.462486
-0.21709 -0.379677 0.467483 -0.189326 -0.376861 0.462658
-0.218068 -0.379785 0.467657 -0.190288 -0.376968 0.462829
-0.219047 -0.379894 0.467831 -0.191252 -0.377075 0.463001
-0.220026 -0.380003 0.468005 -0.192216 -0.377183 0.463173
-0.221005 -0.380112 0.468179 -0.193182 -0.37729 0.463346
-0.221983 -0.38022 0.468353 -0.194148 -0.377398 0.463518
-0.222962 -0.380329 0.468527 -0.195115 -0.377506 0.463691
-0.223941 -0.380438 0.468701 -0.196083 -0.377613 0.463863
-0.224919 -0.380547 0.468875 -0.197051 -0.377721 0.464036
-0.225898 -0.380655 0.469049 -0.197535 -0.377775 0.464122
-0.226877 -0.380764 0.469223 -0.198987 -0.377937 0.464381
-0.227856 -0.380873 0.469397 -0.199956 -0.378045 0.464554
-0.228834 -0.380982 0.469571 -0.200925 -0.378153 0.464727
-0.229813 -0.38109 0.469745 -0.201894 -0.378261 0.4649
-0.230792 -0.381199 0.469919 -0.202864 -0.378369 0.465073
-0.231771 -0.381308 0.470093 -0.203835 -0.378477 0.465246
-0.232749 -0.381417 0.470267 -0.204805 -0.378585 0.465419
-0.233728 -0.381525 0.470441 -0.205776 -0.378693 0.465592
-0.234707 -0.381634 0.470615 -0.206747 -0.378801 0.465766
-0.235685 -0.381743 0.470789 -0.207233 -0.378855 0.465852
-0.236664 -0.381852 0.470963 -0.208206 -0.378964 0.466026
-0.237643 -0.38196 0.471137 -0.20918 -0.379072 0.4662
-0.238622 -0.382069 0.471311 -0.210154 -0.379181 0.466373
-0.2396 -0.382178 0.471484 -0.211129 -0.379289 0.466547
-0.240579 -0.382287 0.471658 -0.212104 -0.379398 0.466721
-0.241558 -0.382395 0.471832 -0.213079 -0.379507 0.466895
-0.242536 -0.382504 0.472006 -0.214542 -0.379669 0.467156
-0.243515 -0.382613 0.47218 -0.215517 -0.379778 0.46733
-0.244494 -0.382722 0.472354 -0.216492 -0.379886 0.467504
-0.245473 -0.38283 0.472528 -0.21698 -0.379941 0.467591
-0.246451 -0.382939 0.472702 -0.218443 -0.380103 0.467852
-0.24743 -0.383048 0.472876 -0.219418 -0.380212 0.468026
-0.248409 -0.383157 0.47305 -0.219906 -0.380266 0.468113
-0.249388 -0.383265 0.473224 -0.220882 -0.380375 0.468287
-0.250366 -0.383374 0.473398 -0.222346 -0.380537 0.468548
-0.251345 -0.383483 0.473572 -0.222835 -0.380592 0.468635
-0.252324 -0.383592 0.473746 -0.223812 -0.3807 0.468809
-0.253302 -0.3837 0.47392 -0.224789 -0.380809 0.468983
-0.254281 -0.383809 0.474094 -0.225766 -0.380918 0.469157
-0.25526 -0.383918 0.474268 -0.226743 -0.381026 0.469331
-0.256239 -0.384027 0.474442 -0.22772 -0.381135 0.469506
-0.257217 -0.384135 0.474616 -0.228698 -0.381243 0.46968
-0.258196 -0.384244 0.47479 -0.230164 -0.381406 0.469941
-0.259175 -0.384353 0.474964 -0.230653 -0.381461 0.470028
-0.260153 -0.384461 0.475138 -0.23212 -0.381624 0.47029
-0.261132 -0.38457 0.475312 -0.232609 -0.381678 0.470377
-0.262111 -0.384679 0.475486 -0.233587 -0.381787 0.470551
-0.26309 -0.384788 0.47566 -0.234565 -0.381895 0.470726
-0.264068 -0.384896 0.475834 -0.236033 -0.382058 0.470987
-0.265047 -0.385005 0.476008 -0.237011 -0.382167 0.471161
-0.266026 -0.385114 0.476182 -0.237989 -0.382275 0.471336
-0.267005 -0.385223 0.476356 -0.238967 -0.382384 0.47151
-0.267983 -0.385331 0.47653 -0.239456 -0.382438 0.471597
-0.268962 -0.38544 0.476704 -0.240922 -0.382601 0.471858
-0.269941 -0.385549 0.476878 -0.241411 -0.382655 0.471945
-0.270919 -0.385658 0.477052 -0.242389 -0.382764 0.47212
-0.271898 -0.385766 0.477226 -0.242879 -0.382818 0.472207
-0.272877 -0.385875 0.4774 -0.244346 -0.382981 0.472468
-0.273856 -0.385984 0.477574 -0.245324 -0.38309 0.472642
-0.274834 -0.386093 0.477748 -0.246791 -0.383252 0.472904
-0.275813 -0.386201 0.477922 -0.24728 -0.383307 0.472991
-0.276792 -0.38631 0.478096 -0.248258 -0.383415 0.473165
-0.277771 -0.386419 0.47827 -0.249236 -0.383524 0.473339
-0.278749 -0.386528 0.478444 -0.250214 -0.383632 0.473514
-0.279728 -0.386636 0.478618 -0.251193 -0.383741 0.473688
-0.280707 -0.386745 0.478792 -0.252171 -0.38385 0.473862
-0.281685 -0.386854 0.478966 -0.25315 -0.383958 0.474037
-0.282664 -0.386963 0.47914 -0.254128 -0.384067 0.474211
-0.283643 -0.387071 0.479314 -0.255596 -0.38423 0.474472
-0.284622 -0.38718 0.479488 -0.256574 -0.384338 0.474647
-0.2856 -0.387289 0.479662 -0.257063 -0.384393 0.474734
-0.286579 -0.387398 0.479836 -0.258042 -0.384501 0.474908
-0.287558 -0.387506 0.48001 -0.258531 -0.384556 0.474995
-0.288536 -0.387615 0.480184 -0.259999 -0.384718 0.475257
-0.289515 -0.387724 0.480358 -0.260978 -0.384827 0.475431
-0.290494 -0.387833 0.480532 -0.261957 -0.384936 0.475606
-0.291473 -0.387941 0.480706 -0.262937 -0.385045 0.47578
-0.292451 -0.38805 0.48088 -0.263916 -0.385153 0.475955
-0.29343 -0.388159 0.481054 -0.264406 -0.385208 0.476042
-0.294409 -0.388268 0.481228 -0.264896 -0.385262 0.476129
-0.295388 -0.388376 0.481402 -0.266855 -0.38548 0.476478
-0.296366 -0.388485 0.481576 -0.267835 -0.385589 0.476653
-0.297345 -0.388594 0.48175 -0.268816 -0.385698 0.476828
-0.298324 -0.388703 0.481924 -0.2698 -0.385807 0.477003
-0.299302 -0.388811 0.482098 -0.270784 -0.385917 0.477178
-0.300281 -0.38892 0.482272 -0.271769 -0.386026 0.477354
-0.30126 -0.389029 0.482446 -0.272753 -0.386136 0.477529
-0.302239 -0.389138 0.48262 -0.273736 -0.386245 0.477705
-0.303217 -0.389246 0.482794 -0.274719 -0.386354 0.47788
-0.304196 -0.389355 0.482968 -0.275701 -0.386463 0.478055
-0.305175 -0.389464 0.483142 -0.277173 -0.386627 0.478317
-0.306153 -0.389573 0.483316 -0.278154 -0.386736 0.478491
-0.307132 -0.389681 0.48349 -0.279135 -0.386844 0.478666
-0.308111 -0.38979 0.483664 -0.279625 -0.386899 0.478753
-0.30909 -0.389899 0.483838 -0.281096 -0.387062 0.479015
-0.310068 -0.390008 0.484012 -0.281586 -0.387116 0.479103
-0.311047 -0.390116 0.484186 -0.283056 -0.387279 0.479364
-0.312026 -0.390225 0.48436 -0.283546 -0.387334 0.479451
-0.313005 -0.390334 0.484534 -0.284525 -0.387442 0.479626
-0.313983 -0.390443 0.484708 -0.285505 -0.387551 0.4798
-0.314962 -0.390551 0.484882 -0.286485 -0.38766 0.479975
-0.315941 -0.39066 0.485056 -0.287465 -0.387768 0.480149
-0.316919 -0.390769 0.48523 -0.288934 -0.387931 0.480411
-0.317898 -0.390878 0.485404 -0.289423 -0.387986 0.480498
-0.318877 -0.390986 0.485578 -0.290891 -0.388148 0.480759
-0.319856 -0.391095 0.485752 -0.29138 -0.388203 0.480846
-0.320834 -0.391204 0.485926 -0.292848 -0.388365 0.481108
-0.321813 -0.391313 0.4861 -0.293826 -0.388474 0.481282
-0.322792 -0.391421 0.486274 -0.294315 -0.388528 0.481369
-0.323771 -0.39153 0.486448 -0.295293 -0.388636 0.481543
-0.324749 -0.391639 0.486622 -0.296759 -0.388799 0.481804
-0.325728 -0.391748 0.486796 -0.297737 -0.388907 0.481978
-0.326707 -0.391856 0.48697 -0.298714 -0.389016 0.482152
-0.327685 -0.391965 0.487144 -0.299203 -0.38907 0.482239
-0.328664 -0.392074 0.487318 -0.300669 -0.389233 0.4825
-0.329643 -0.392183 0.487492 -0.301158 -0.389287 0.482587
-0.330622 -0.392291 0.487666 -0.302136 -0.389396 0.482761
-0.3316 -0.3924 0.48784 -0.303606 -0.389559 0.483023
-0.332579 -0.392509 0.488014 -0.304586 -0.389668 0.483198
-0.333558 -0.392618 0.488188 -0.305077 -0.389722 0.483285
-0.334536 -0.392726 0.488362 -0.306057 -0.389831 0.48346
-0.335515 -0.392835 0.488536 -0.307038 -0.38994 0.483634
-0.336494 -0.392944 0.48871 -0.308018 -0.390049 0.483809
-0.337473 -0.393053 0.488884 -0.308998 -0.390158 0.483983
-0.338451 -0.393161 0.489058 -0.309977 -0.390267 0.484158
-0.33943 -0.39327 0.489232 -0.310957 -0.390375 0.484332
-0.340409 -0.393379 0.489406 -0.311936 -0.390484 0.484507
-0.341388 -0.393488 0.48958 -0.312916 -0.390593 0.484681
-0.342366 -0.393596 0.489754 -0.313895 -0.390702 0.484855
-0.343345 -0.393705 0.489928 -0.314874 -0.39081 0.48503
-0.344324 -0.393814 0.490102 -0.315852 -0.390919 0.485204
-0.345302 -0.393922 0.490276 -0.316831 -0.391027 0.485378
-0.346281 -0.394031 0.49045 -0.317809 -0.391136 0.485552
-0.34726 -0.39414 0.490624 -0.318787 -0.391245 0.485727
-0.348239 -0.394249 0.490798 -0.319765 -0.391353 0.485901
-0.349217 -0.394357 0.490972 -0.320743 -0.391462 0.486075
-0.350196 -0.394466 0.491146 -0.321721 -0.39157 0.486249
-0.351175 -0.394575 0.49132 -0.322699 -0.391679 0.486423
-0.352154 -0.394684 0.491494 -0.323677 -0.391787 0.486597
-0.353132 -0.394792 0.491668 -0.324654 -0.391896 0.486771
-0.354111 -0.394901 0.491842 -0.325633 -0.392004 0.486945
-0.35509 -0.39501 0.492016 -0.326612 -0.392113 0.48712
-0.356068 -0.395119 0.49219 -0.327592 -0.392222 0.487294
-0.357047 -0.395227 0.492364 -0.328572 -0.392331 0.487469
-0.358026 -0.395336 0.492538 -0.329552 -0.39244 0.487643
-0.359005 -0.395445 0.492712 -0.330533 -0.392549 0.487818
-0.359983 -0.395554 0.492886 -0.331513 -0.392658 0.487992
-0.360962 -0.395662 0.49306 -0.332492 -0.392767 0.488167
-0.361941 -0.395771 0.493234 -0.333472 -0.392875 0.488341
-0.362919 -0.39588 0.493408 -0.334451 -0.392984 0.488516
-0.363898 -0.395989 0.493582 -0.335431 -0.393093 0.48869
-0.364877 -0.396097 0.493756 -0.336411 -0.393202 0.488865
-0.365856 -0.396206 0.49393 -0.337391 -0.393311 0.489039
-0.366834 -0.396315 0.494104 -0.338371 -0.39342 0.489214
-0.367813 -0.396424 0.494278 -0.339351 -0.393529 0.489388
-0.368792 -0.396532 0.494452 -0.34033 -0.393637 0.489563
-0.369771 -0.396641 0.494626 -0.34131 -0.393746 0.489737
-0.370749 -0.39675 0.4948 -0.34229 -0.393855 0.489912
-0.371728 -0.396859 0.494974 -0.34327 -0.393964 0.490087
-0.372707 -0.396967 0.495148 -0.34425 -0.394073 0.490261
-0.373685 -0.397076 0.495322 -0.34523 -0.394182 0.490436
-0.374664 -0.397185 0.495496 -0.346209 -0.39429 0.49061
-0.375643 -0.397294 0.49567 -0.347189 -0.394399 0.490784
-0.376622 -0.397402 0.495844 -0.348167 -0.394508 0.490959
-0.3776 -0.397511 0.496018 -0.349146 -0.394616 0.491133
-0.378579 -0.39762 0.496192 -0.350124 -0.394725 0.491307
-0.379558 -0.397729 0.496366 -0.3511 -0.394833 0.49148
-0.380536 -0.397837 0.49654 -0.352072 -0.394941 0.491653
-0.381515 -0.397946 0.496714 -0.353042 -0.395048 0.491826
-0.382494 -0.398055 0.496888 -0.354013 -0.395156 0.491998
-0.383473 -0.398164 0.497062 -0.354985 -0.395263 0.492171
-0.384451 -0.398272 0.497236 -0.355958 -0.395371 0.492344
-0.38543 -0.398381 0.49741 -0.356931 -0.395479 0.492517
-0.386409 -0.39849 0.497584 -0.357905 -0.395587 0.49269
-0.387388 -0.398599 0.497758 -0.358879 -0.395695 0.492864
-0.388366 -0.398707 0.497932 -0.359854 -0.395803 0.493037
-0.389345 -0.398816 0.498106 -0.36083 -0.395912 0.493211
-0.390324 -0.398925 0.49828 -0.361806 -0.39602 0.493385
-0.391302 -0.399034 0.498454 -0.362783 -0.396129 0.493559
-0.392281 -0.399142 0.498628 -0.36425 -0.396292 0.49382
-0.39326 -0.399251 0.498802 -0.36474 -0.396347 0.493907
-0.394239 -0.39936 0.498976 -0.365719 -0.396456 0.494082
-0.395217 -0.399469 0.49915 -0.366698 -0.396564 0.494256
-0.396196 -0.399577 0.499324 -0.367678 -0.396674 0.494431
-0.397175 -0.399686 0.499498 -0.368657 -0.396783 0.494605
-0.398154 -0.399795 0.499672 -0.369637 -0.396892 0.49478
-0.399132 -0.399904 0.499846 -0.370617 -0.397001 0.494955
-0.400111 -0.400012 0.50002 -0.371598 -0.39711 0.495129
-0.399132 -0.399904 0.499846 -0.37307 -0.397274 0.495392
-0.400111 -0.400012 0.50002 -0.374052 -0.397383 0.495567
-0.399132 -0.399904 0.499846 -0.374543 -0.397438 0.495654
-0.400111 -0.400012 0.50002 -0.376014 -0.397602 0.495916
-0.399132 -0.399904 0.499846 -0.376988 -0.397709 0.496089
-0.400111 -0.400012 0.50002 -0.377951 -0.397816 0.49626
-0.399132 -0.399904 0.499846 -0.378901 -0.39792 0.496428
-0.400111 -0.400012 0.50002 -0.379834 -0.398021 0.496593
-0.399132 -0.399904 0.499846 -0.380749 -0.39812 0.496754
-0.400111 -0.400012 0.50002 -0.381643 -0.398215 0.49691
-0.399132 -0.399904 0.499846 -0.382514 -0.398307 0.497062
-0.400111 -0.400012 0.50002 -0.383361 -0.398396 0.497209
-0.399132 -0.399904 0.499846 -0.384183 -0.398481 0.497351
-0.400111 -0.400012 0.50002 -0.384979 -0.398563 0.497488
-0.399132 -0.399904 0.499846 -0.385749 -0.398641 0.49762
-0.400111 -0.400012 0.50002 -0.386492 -0.398715 0.497747
-0.399132 -0.399904 0.499846 -0.387207 -0.398787 0.497869
-0.400111 -0.400012 0.50002 -0.387895 -0.398854 0.497985
-0.399132 -0.399904 0.499846 -0.388555 -0.398919 0.498096
-0.400111 -0.400012 0.50002 -0.389188 -0.39898 0.498203
-0.399132 -0.399904 0.499846 -0.389793 -0.399038 0.498304
-0.400111 -0.400012 0.50002 -0.390372 -0.399093 0.498401
-0.399132 -0.399904 0.499846 -0.390924 -0.399145 0.498493
-0.400111 -0.400012 0.50002 -0.391451 -0.399195 0.49858
-0.399132 -0.399904 0.499846 -0.391953 -0.399242 0.498664
-0.400111 -0.400012 0.50002 -0.392431 -0.399286 0.498743
-0.399132 -0.399904 0.499846 -0.392885 -0.399328 0.498817
-0.400111 -0.400012 0.50002 -0.393103 -0.399348 0.498853
-0.399132 -0.399904 0.499846 -0.393722 -0.399404 0.498955
-0.400111 -0.400012 0.50002 -0.394108 -0.399439 0.499018
-0.399132 -0.399904 0.499846 -0.394472 -0.399472 0.499078
-0.400111 -0.400012 0.50002 -0.394816 -0.399503 0.499134
-0.399132 -0.399904 0.499846 -0.395139 -0.399532 0.499187
-0.400111 -0.400012 0.50002 -0.395444 -0.399559 0.499236
-0.399132 -0.399904 0.499846 -0.39559 -0.399572 0.49926
-0.400111 -0.400012 0.50002 -0.396 -0.399608 0.499327
-0.399132 -0.399904 0.499846 -0.396128 -0.39962 0.499348
-0.400111 -0.400012 0.50002 -0.396489 -0.399652 0.499406
-0.399132 -0.399904 0.499846 -0.39671 -0.399672 0.499442
-0.400111 -0.400012 0.50002 -0.396917 -0.39969 0.499476
-0.399132 -0.399904 0.499846 -0.39711 -0.399707 0.499507
-0.400111 -0.400012 0.50002 -0.397291 -0.399723 0.499537
-0.399132 -0.399904 0.499846 -0.39746 -0.399738 0.499564
-0.400111 -0.400012 0.50002 -0.397539 -0.399745 0.499577
-0.399132 -0.399904 0.499846 -0.397616 -0.399752 0.49959
-0.400111 -0.400012 0.50002 -0.397762 -0.399765 0.499613
-0.399132 -0.399904 0.499846 -0.397898 -0.399777 0.499636
-0.400111 -0.400012 0.50002 -0.398028 -0.399789 0.499657
-0.399132 -0.399904 0.499846 -0.398152 -0.3998 0.499677
-0.400111 -0.400012 0.50002 -0.398271 -0.399811 0.499697
-0.399132 -0.399904 0.499846 -0.398383 -0.399822 0.499715
-0.400111 -0.400012 0.50002 -0.398491 -0.399832 0.499733
-0.399132 -0.399904 0.499846 -0.398543 -0.399837 0.499742
-0.400111 -0.400012 0.50002 -0.398691 -0.399851 0.499766
-0.399132 -0.399904 0.499846 -0.398784 -0.39986 0.499782
-0.400111 -0.400012 0.50002 -0.398872 -0.399868 0.499797
-0.399132 -0.399904 0.499846 -0.398956 -0.399877 0.499811
-0.400111 -0.400012 0.50002 -0.399036 -0.399885 0.499824
