0.499336 -0.300074 0.340118 0.500314 -0.299965 0.339943
0.498357 -0.300183 0.340292 0.500314 -0.299965 0.339943
0.497379 -0.300291 0.340466 0.500314 -0.299965 0.339943
0.4964 -0.3004 0.34064 0.500314 -0.299965 0.339943
0.495421 -0.300509 0.340814 0.500314 -0.299965 0.339943
0.494442 -0.300618 0.340988 0.500309 -0.299965 0.339944
0.493464 -0.300726 0.341162 0.500295 -0.299967 0.339947
0.492485 -0.300835 0.341336 0.50027 -0.299969 0.339951
0.491506 -0.300944 0.34151 0.50023 -0.299974 0.339958
0.490527 -0.301053 0.341684 0.500173 -0.299981 0.339969
0.489549 -0.301161 0.341858 0.500095 -0.299989 0.339983
0.48857 -0.30127 0.342032 0.499996 -0.300001 0.340001
0.487591 -0.301379 0.342206 0.499874 -0.300015 0.340023
0.486613 -0.301487 0.34238 0.499727 -0.300032 0.34005
0.485634 -0.301596 0.342554 0.499555 -0.300052 0.340082
0.484655 -0.301705 0.342728 0.499459 -0.300063 0.340099
0.483676 -0.301814 0.342902 0.499131 -0.300101 0.34016
0.482698 -0.301922 0.343076 0.498878 -0.300131 0.340206
0.481719 -0.302031 0.34325 0.498598 -0.300163 0.340258
0.48074 -0.30214 0.343424 0.49829 -0.300199 0.340315
0.479761 -0.302249 0.343598 0.497955 -0.300239 0.340377
0.478783 -0.302357 0.343772 0.497592 -0.300281 0.340444
0.477804 -0.302466 0.343946 0.497203 -0.300327 0.340516
0.476825 -0.302575 0.34412 0.496785 -0.300376 0.340593
0.475847 -0.302684 0.344294 0.496338 -0.300429 0.340676
0.474868 -0.302792 0.344468 0.496104 -0.300457 0.34072
0.473889 -0.302901 0.344642 0.495108 -0.300574 0.340905
0.47291 -0.30301 0.344816 0.494575 -0.300637 0.341003
0.471932 -0.303119 0.34499 0.494021 -0.300703 0.341106
0.470953 -0.303227 0.345164 0.493445 -0.300771 0.341213
0.469974 -0.303336 0.345338 0.492847 -0.300841 0.341324
0.468996 -0.303445 0.345512 0.492229 -0.300914 0.341438
0.468017 -0.303554 0.345686 0.491591 -0.300989 0.341556
0.467038 -0.303662 0.34586 0.490933 -0.301066 0.341678
0.466059 -0.303771 0.346034 0.490257 -0.301146 0.341803
0.465081 -0.30388 0.346208 0.489912 -0.301186 0.341867
0.464102 -0.303989 0.346382 0.488852 -0.301311 0.342062
0.463123 -0.304097 0.346556 0.488125 -0.301396 0.342196
0.462144 -0.304206 0.34673 0.487382 -0.301483 0.342333
0.461166 -0.304315 0.346904 0.486624 -0.301571 0.342473
0.460187 -0.304424 0.347078 0.485852 -0.301661 0.342615
0.459208 -0.304532 0.347252 0.485065 -0.301753 0.342759
0.45823 -0.304641 0.347426 0.484266 -0.301846 0.342906
0.457251 -0.30475 0.3476 0.483455 -0.30194 0.343055
0.456272 -0.304859 0.347774 0.482632 -0.302036 0.343205
0.455293 -0.304967 0.347948 0.481799 -0.302132 0.343358
0.454315 -0.305076 0.348122 0.480955 -0.30223 0.343512
0.453336 -0.305185 0.348296 0.480101 -0.302329 0.343667
0.452357 -0.305294 0.34847 0.479238 -0.302428 0.343825
0.451379 -0.305402 0.348644 0.478804 -0.302478 0.343904
0.4504 -0.305511 0.348818 0.477488 -0.302629 0.344143
0.449421 -0.30562 0.348992 0.477045 -0.30268 0.344223
0.448442 -0.305729 0.349166 0.475707 -0.302834 0.344466
0.447464 -0.305837 0.34934 0.474806 -0.302937 0.344629
0.446485 -0.305946 0.349514 0.474353 -0.302988 0.344711
0.445506 -0.306055 0.349688 0.473443 -0.303092 0.344876
0.444527 -0.306164 0.349862 0.472528 -0.303197 0.345041
0.443549 -0.306272 0.350036 0.471144 -0.303354 0.345291
0.44257 -0.306381 0.35021 0.470215 -0.30346 0.345458
0.441591 -0.30649 0.350384 0.469282 -0.303566 0.345626
0.440613 -0.306599 0.350558 0.468344 -0.303672 0.345795
0.439634 -0.306707 0.350732 0.467874 -0.303725 0.345879
0.438655 -0.306816 0.350906 0.466931 -0.303832 0.346049
0.437676 -0.306925 0.35108 0.465984 -0.303939 0.346219
0.436698 -0.307034 0.351254 0.465034 -0.304046 0.346389
0.435719 -0.307142 0.351428 0.464081 -0.304154 0.34656
0.43474 -0.307251 0.351602 0.463125 -0.304261 0.346731
0.433761 -0.30736 0.351776 0.462167 -0.304369 0.346902
0.432783 -0.307469 0.35195 0.461206 -0.304477 0.347074
0.431804 -0.307577 0.352124 0.460243 -0.304585 0.347246
0.430825 -0.307686 0.352298 0.459279 -0.304694 0.347418
0.429847 -0.307795 0.352472 0.458312 -0.304802 0.347591
0.428868 -0.307904 0.352646 0.457344 -0.30491 0.347763
0.427889 -0.308012 0.35282 0.45686 -0.304965 0.34785
0.42691 -0.308121 0.352994 0.455404 -0.305128 0.348109
0.425932 -0.30823 0.353168 0.454432 -0.305236 0.348282
0.424953 -0.308339 0.353342 0.453459 -0.305345 0.348455
0.423974 -0.308447 0.353516 0.452484 -0.305454 0.348629
0.422996 -0.308556 0.35369 0.451509 -0.305563 0.348802
0.422017 -0.308665 0.353864 0.450533 -0.305672 0.348975
0.421038 -0.308774 0.354038 0.449556 -0.305781 0.349149
0.420059 -0.308882 0.354212 0.448579 -0.30589 0.349323
0.419081 -0.308991 0.354386 0.447601 -0.305999 0.349496
0.418102 -0.3091 0.35456 0.446622 -0.306108 0.34967
0.417123 -0.309209 0.354734 0.445643 -0.306217 0.349844
0.416144 -0.309317 0.354908 0.444663 -0.306326 0.350018
0.415166 -0.309426 0.355082 0.443683 -0.306435 0.350192
0.414187 -0.309535 0.355256 0.442703 -0.306544 0.350366
0.413208 -0.309644 0.35543 0.441722 -0.306653 0.35054
0.41223 -0.309752 0.355604 0.440741 -0.306762 0.350714
0.411251 -0.309861 0.355778 0.43976 -0.306871 0.350887
0.410272 -0.30997 0.355952 0.438779 -0.30698 0.351061
0.409293 -0.310079 0.356126 0.437798 -0.30709 0.351235
0.408315 -0.310187 0.3563 0.436816 -0.307199 0.351409
0.407336 -0.310296 0.356474 0.435835 -0.307308 0.351583
0.406357 -0.310405 0.356648 0.434853 -0.307417 0.351757
0.405378 -0.310514 0.356822 0.434363 -0.307471 0.351844
0.4044 -0.310622 0.356996 0.432889 -0.307635 0.352105
0.403421 -0.310731 0.35717 0.431906 -0.307745 0.35228
0.402442 -0.31084 0.357344 0.431414 -0.307799 0.352367
0.401464 -0.310948 0.357518 0.429446 -0.308018 0.352716
0.400485 -0.311057 0.357692 0.428462 -0.308128 0.35289
0.399506 -0.311166 0.357866 0.427479 -0.308237 0.353065
0.398527 -0.311275 0.35804 0.426498 -0.308346 0.353238
0.397549 -0.311383 0.358214 0.425517 -0.308455 0.353412
0.39657 -0.311492 0.358388 0.424537 -0.308564 0.353586
0.395591 -0.311601 0.358562 0.424047 -0.308618 0.353673
0.394613 -0.31171 0.358736 0.422576 -0.308782 0.353933
0.393634 -0.311818 0.35891 0.421596 -0.308891 0.354107
0.392655 -0.311927 0.359084 0.420616 -0.309 0.354281
0.391676 -0.312036 0.359258 0.419636 -0.309109 0.354454
0.390698 -0.312145 0.359432 0.418655 -0.309218 0.354628
0.389719 -0.312253 0.359606 0.417675 -0.309327 0.354802
0.38874 -0.312362 0.35978 0.416695 -0.309436 0.354975
0.387761 -0.312471 0.359954 0.415715 -0.309545 0.355149
0.386783 -0.31258 0.360128 0.414735 -0.309654 0.355323
0.385804 -0.312688 0.360302 0.413755 -0.309763 0.355497
0.384825 -0.312797 0.360476 0.412775 -0.309872 0.35567
0.383847 -0.312906 0.360649 0.411795 -0.309981 0.355844
0.382868 -0.313015 0.360823 0.410814 -0.31009 0.356018
0.381889 -0.313123 0.360997 0.409835 -0.310199 0.356192
0.38091 -0.313232 0.361171 0.408855 -0.310308 0.356365
0.379932 -0.313341 0.361345 0.407875 -0.310417 0.356539
0.378953 -0.31345 0.361519 0.406895 -0.310526 0.356713
0.377974 -0.313558 0.361693 0.405915 -0.310635 0.356887
0.376996 -0.313667 0.361867 0.404935 -0.310744 0.357061
0.376017 -0.313776 0.362041 0.403955 -0.310853 0.357234
0.375038 -0.313885 0.362215 0.402976 -0.310963 0.357408
0.374059 -0.313993 0.362389 0.401996 -0.311072 0.357582
0.373081 -0.314102 0.362563 0.401016 -0.311181 0.357756
0.372102 -0.314211 0.362737 0.400037 -0.31129 0.357929
0.371123 -0.31432 0.362911 0.399057 -0.311399 0.358103
0.370144 -0.314428 0.363085 0.398077 -0.311508 0.358277
0.369166 -0.314537 0.363259 0.397098 -0.311617 0.358451
0.368187 -0.314646 0.363433 0.396118 -0.311726 0.358624
0.367208 -0.314755 0.363607 0.395139 -0.311835 0.358798
0.36623 -0.314863 0.363781 0.394159 -0.311945 0.358972
0.365251 -0.314972 0.363955 0.39318 -0.312054 0.359146
0.364272 -0.315081 0.364129 0.392201 -0.312163 0.359319
0.363293 -0.31519 0.364303 0.391221 -0.312272 0.359493
0.362315 -0.315298 0.364477 0.390242 -0.312381 0.359667
0.361336 -0.315407 0.364651 0.389263 -0.31249 0.359841
0.360357 -0.315516 0.364825 0.388283 -0.312599 0.360014
0.359378 -0.315625 0.364999 0.387304 -0.312709 0.360188
0.3584 -0.315733 0.365173 0.386325 -0.312818 0.360362
0.357421 -0.315842 0.365347 0.385345 -0.312927 0.360536
0.356442 -0.315951 0.365521 0.384366 -0.313036 0.360709
0.355464 -0.31606 0.365695 0.383387 -0.313145 0.360883
0.354485 -0.316168 0.365869 0.382408 -0.313254 0.361057
0.353506 -0.316277 0.366043 0.381918 -0.313309 0.361144
0.352527 -0.316386 0.366217 0.38045 -0.313473 0.361404
0.351549 -0.316495 0.366391 0.37947 -0.313582 0.361578
0.35057 -0.316603 0.366565 0.378491 -0.313691 0.361752
0.349591 -0.316712 0.366739 0.377512 -0.3138 0.361926
0.348613 -0.316821 0.366913 0.376532 -0.31391 0.362099
0.347634 -0.31693 0.367087 0.375553 -0.314019 0.362273
0.346655 -0.317038 0.367261 0.374574 -0.314128 0.362447
0.345676 -0.317147 0.367435 0.373594 -0.314237 0.362621
0.344698 -0.317256 0.367609 0.372615 -0.314346 0.362794
0.343719 -0.317365 0.367783 0.371636 -0.314456 0.362968
0.34274 -0.317473 0.367957 0.370656 -0.314565 0.363142
0.341761 -0.317582 0.368131 0.369677 -0.314674 0.363316
0.340783 -0.317691 0.368305 0.368697 -0.314783 0.36349
0.339804 -0.3178 0.368479 0.367718 -0.314893 0.363663
0.338825 -0.317908 0.368653 0.366738 -0.315002 0.363837
0.337847 -0.318017 0.368827 0.365759 -0.315111 0.364011
0.336868 -0.318126 0.369001 0.365269 -0.315166 0.364098
0.335889 -0.318235 0.369175 0.3638 -0.31533 0.364358
0.33491 -0.318343 0.369349 0.362821 -0.315439 0.364532
0.333932 -0.318452 0.369523 0.361841 -0.315548 0.364706
0.332953 -0.318561 0.369697 0.360861 -0.315658 0.36488
0.331974 -0.31867 0.369871 0.359881 -0.315767 0.365054
0.330996 -0.318778 0.370045 0.358901 -0.315876 0.365228
0.330017 -0.318887 0.370219 0.357921 -0.315986 0.365401
0.329038 -0.318996 0.370393 0.356942 -0.316095 0.365575
0.328059 -0.319105 0.370567 0.355961 -0.316204 0.365749
0.327081 -0.319213 0.370741 0.354981 -0.316314 0.365923
0.326102 -0.319322 0.370915 0.354 -0.316423 0.366097
0.325123 -0.319431 0.371089 0.35302 -0.316533 0.366271
0.324144 -0.31954 0.371263 0.35253 -0.316587 0.366358
0.323166 -0.319648 0.371437 0.351549 -0.316697 0.366532
0.322187 -0.319757 0.371611 0.350569 -0.316806 0.366706
0.321208 -0.319866 0.371785 0.349589 -0.316916 0.36688
0.32023 -0.319974 0.371959 0.348609 -0.317025 0.367054
0.319251 -0.320083 0.372133 0.347628 -0.317134 0.367227
0.318272 -0.320192 0.372307 0.346648 -0.317244 0.367401
0.317293 -0.320301 0.372481 0.345667 -0.317353 0.367575
0.316315 -0.320409 0.372655 0.344195 -0.317518 0.367837
0.315336 -0.320518 0.372829 0.343705 -0.317572 0.367923
0.314357 -0.320627 0.373003 0.342234 -0.317736 0.368184
0.313378 -0.320736 0.373177 0.341254 -0.317846 0.368358
0.3124 -0.320844 0.373351 0.340274 -0.317955 0.368532
0.311421 -0.320953 0.373525 0.339293 -0.318065 0.368706
0.310442 -0.321062 0.373699 0.338313 -0.318174 0.36888
0.309464 -0.321171 0.373873 0.337333 -0.318283 0.369054
0.308485 -0.321279 0.374047 0.336353 -0.318393 0.369227
0.307506 -0.321388 0.374221 0.335373 -0.318502 0.369401
0.306527 -0.321497 0.374395 0.334883 -0.318557 0.369488
0.305549 -0.321606 0.374569 0.333413 -0.318721 0.369749
0.30457 -0.321714 0.374743 0.332434 -0.31883 0.369922
0.303591 -0.321823 0.374917 0.331454 -0.318939 0.370096
0.302613 -0.321932 0.375091 0.330474 -0.319049 0.37027
0.301634 -0.322041 0.375265 0.329494 -0.319158 0.370444
0.300655 -0.322149 0.375439 0.328514 -0.319267 0.370617
0.299676 -0.322258 0.375613 0.328025 -0.319322 0.370704
0.298698 -0.322367 0.375787 0.326066 -0.319541 0.371051
0.297719 -0.322476 0.375961 0.325087 -0.31965 0.371225
0.29674 -0.322584 0.376135 0.324109 -0.319759 0.371398
0.295761 -0.322693 0.376309 0.32362 -0.319813 0.371485
0.294783 -0.322802 0.376483 0.322642 -0.319923 0.371658
0.293804 -0.322911 0.376657 0.321176 -0.320086 0.371918
0.292825 -0.323019 0.376831 0.320688 -0.32014 0.372005
0.291847 -0.323128 0.377005 0.319712 -0.320249 0.372178
0.290868 -0.323237 0.377179 0.318736 -0.320358 0.372351
0.289889 -0.323346 0.377353 0.317272 -0.320521 0.37261
0.28891 -0.323454 0.377527 0.316784 -0.320575 0.372697
0.287932 -0.323563 0.377701 0.315809 -0.320684 0.372869
0.286953 -0.323672 0.377875 0.314834 -0.320793 0.373042
0.285974 -0.323781 0.378049 0.313859 -0.320902 0.373215
0.284996 -0.323889 0.378223 0.312884 -0.32101 0.373388
0.284017 -0.323998 0.378397 0.312396 -0.321065 0.373474
0.283038 -0.324107 0.378571 0.310932 -0.321228 0.373734
0.282059 -0.324216 0.378745 0.309956 -0.321337 0.373907
0.281081 -0.324324 0.378919 0.30898 -0.321446 0.37408
0.280102 -0.324433 0.379093 0.308004 -0.321555 0.374253
0.279123 -0.324542 0.379267 0.307028 -0.321664 0.374426
0.278144 -0.324651 0.379441 0.306052 -0.321773 0.374599
0.277166 -0.324759 0.379615 0.304587 -0.321936 0.374859
0.276187 -0.324868 0.379789 0.304099 -0.321991 0.374945
0.275208 -0.324977 0.379963 0.303122 -0.3221 0.375118
0.27423 -0.325086 0.380137 0.302145 -0.322209 0.375291
0.273251 -0.325194 0.380311 0.301168 -0.322318 0.375465
0.272272 -0.325303 0.380485 0.300191 -0.322427 0.375638
0.271293 -0.325412 0.380659 0.299213 -0.322536 0.375811
0.270315 -0.325521 0.380833 0.298235 -0.322646 0.375985
0.269336 -0.325629 0.381007 0.297747 -0.3227 0.376071
0.268357 -0.325738 0.381181 0.296279 -0.322864 0.376331
0.267378 -0.325847 0.381355 0.295301 -0.322973 0.376505
0.2664 -0.325956 0.381529 0.294323 -0.323083 0.376678
0.265421 -0.326064 0.381703 0.293344 -0.323192 0.376852
0.264442 -0.326173 0.381877 0.292366 -0.323301 0.377025
0.263464 -0.326282 0.382051 0.291387 -0.323411 0.377199
0.262485 -0.326391 0.382225 0.290408 -0.32352 0.377372
0.261506 -0.326499 0.382399 0.289429 -0.32363 0.377546
0.260527 -0.326608 0.382573 0.28845 -0.323739 0.377719
0.259549 -0.326717 0.382747 0.287471 -0.323848 0.377893
0.25857 -0.326826 0.382921 0.286492 -0.323958 0.378067
0.257591 -0.326934 0.383095 0.285513 -0.324067 0.37824
0.256613 -0.327043 0.383269 0.284533 -0.324176 0.378414
0.255634 -0.327152 0.383443 0.283554 -0.324286 0.378587
0.254655 -0.327261 0.383617 0.282575 -0.324395 0.378761
0.253676 -0.327369 0.383791 0.281596 -0.324505 0.378934
0.252698 -0.327478 0.383965 0.280616 -0.324614 0.379108
0.251719 -0.327587 0.384139 0.279637 -0.324723 0.379282
0.25074 -0.327696 0.384313 0.278658 -0.324833 0.379455
0.249761 -0.327804 0.384487 0.277678 -0.324942 0.379629
0.248783 -0.327913 0.384661 0.276699 -0.325052 0.379802
0.247804 -0.328022 0.384835 0.27572 -0.325161 0.379976
0.246825 -0.328131 0.385009 0.274741 -0.32527 0.380149
0.245847 -0.328239 0.385183 0.273761 -0.32538 0.380323
0.244868 -0.328348 0.385357 0.272782 -0.325489 0.380497
0.243889 -0.328457 0.385531 0.271803 -0.325598 0.38067
0.24291 -0.328566 0.385705 0.270823 -0.325708 0.380844
0.241932 -0.328674 0.385879 0.269844 -0.325817 0.381017
0.240953 -0.328783 0.386053 0.268865 -0.325927 0.381191
0.239974 -0.328892 0.386227 0.267886 -0.326036 0.381364
0.238995 -0.329001 0.386401 0.266906 -0.326145 0.381538
0.238017 -0.329109 0.386575 0.265927 -0.326255 0.381711
0.237038 -0.329218 0.386749 0.264948 -0.326364 0.381885
0.236059 -0.329327 0.386923 0.263969 -0.326473 0.382058
0.235081 -0.329435 0.387097 0.26299 -0.326583 0.382232
0.234102 -0.329544 0.387271 0.26201 -0.326692 0.382405
0.233123 -0.329653 0.387445 0.261521 -0.326747 0.382492
0.232144 -0.329762 0.387619 0.260542 -0.326856 0.382666
0.231166 -0.32987 0.387793 0.260052 -0.326911 0.382752
0.230187 -0.329979 0.387967 0.258091 -0.32713 0.3831
0.229208 -0.330088 0.388141 0.257108 -0.32724 0.383274
0.22823 -0.330197 0.388315 0.256125 -0.32735 0.383448
0.227251 -0.330305 0.388489 0.255143 -0.32746 0.383622
0.226272 -0.330414 0.388663 0.25416 -0.327569 0.383797
0.225293 -0.330523 0.388837 0.253179 -0.327679 0.383971
0.224315 -0.330632 0.389011 0.252197 -0.327789 0.384144
0.223336 -0.33074 0.389185 0.251216 -0.327898 0.384318
0.222357 -0.330849 0.389359 0.250236 -0.328008 0.384492
0.221378 -0.330958 0.389533 0.249255 -0.328117 0.384666
0.2204 -0.331067 0.389707 0.248275 -0.328227 0.384839
0.219421 -0.331175 0.389881 0.247295 -0.328336 0.385013
0.218442 -0.331284 0.390055 0.246316 -0.328445 0.385186
0.217464 -0.331393 0.390229 0.245336 -0.328555 0.38536
0.216485 -0.331502 0.390403 0.244357 -0.328664 0.385533
0.215506 -0.33161 0.390577 0.243378 -0.328773 0.385707
0.214527 -0.331719 0.390751 0.2424 -0.328882 0.38588
0.213549 -0.331828 0.390925 0.241422 -0.328991 0.386053
0.21257 -0.331937 0.391099 0.240445 -0.3291 0.386226
0.211591 -0.332045 0.391273 0.239467 -0.329209 0.3864
0.210613 -0.332154 0.391447 0.238489 -0.329318 0.386573
0.209634 -0.332263 0.391621 0.237511 -0.329428 0.386746
0.208655 -0.332372 0.391795 0.237022 -0.329482 0.386833
0.207676 -0.33248 0.391969 0.235555 -0.329646 0.387092
0.206698 -0.332589 0.392143 0.234577 -0.329755 0.387266
0.205719 -0.332698 0.392317 0.233598 -0.329864 0.387439
0.20474 -0.332807 0.392491 0.23262 -0.329974 0.387613
0.203761 -0.332915 0.392665 0.23213 -0.330028 0.387699
0.202783 -0.333024 0.392839 0.231151 -0.330137 0.387873
0.201804 -0.333133 0.393013 0.230172 -0.330247 0.388046
0.200825 -0.333242 0.393187 0.229192 -0.330356 0.38822
0.199847 -0.33335 0.393361 0.228212 -0.330466 0.388393
0.198868 -0.333459 0.393535 0.227232 -0.330575 0.388567
0.197889 -0.333568 0.393709 0.226742 -0.33063 0.388654
0.19691 -0.333677 0.393883 0.226252 -0.330685 0.388741
0.195932 -0.333785 0.394057 0.225272 -0.330794 0.388914
0.194953 -0.333894 0.394231 0.223803 -0.330958 0.389174
0.193974 -0.334003 0.394405 0.223314 -0.331013 0.389261
0.192995 -0.334112 0.394579 0.221845 -0.331177 0.389521
0.192017 -0.33422 0.394753 0.219888 -0.331395 0.389868
0.191038 -0.334329 0.394927 0.21891 -0.331504 0.390041
0.190059 -0.334438 0.395101 0.217931 -0.331614 0.390215
0.189081 -0.334547 0.395275 0.216953 -0.331723 0.390388
0.188102 -0.334655 0.395449 0.215974 -0.331832 0.390561
0.187123 -0.334764 0.395623 0.215485 -0.331887 0.390648
0.186144 -0.334873 0.395797 0.214018 -0.33205 0.390908
0.185166 -0.334982 0.395971 0.213039 -0.33216 0.391081
0.184187 -0.33509 0.396145 0.212061 -0.332269 0.391255
0.183208 -0.335199 0.396319 0.211082 -0.332378 0.391428
0.18223 -0.335308 0.396493 0.210104 -0.332487 0.391601
0.181251 -0.335417 0.396667 0.209125 -0.332597 0.391775
0.180272 -0.335525 0.396841 0.208146 -0.332706 0.391948
0.179293 -0.335634 0.397015 0.207168 -0.332815 0.392121
0.178315 -0.335743 0.397189 0.206189 -0.332924 0.392295
0.177336 -0.335852 0.397363 0.205211 -0.333033 0.392468
0.176357 -0.33596 0.397536 0.204233 -0.333143 0.392641
0.175378 -0.336069 0.39771 0.203254 -0.333252 0.392815
0.1744 -0.336178 0.397884 0.202276 -0.333361 0.392988
0.173421 -0.336287 0.398058 0.201298 -0.33347 0.393161
0.172442 -0.336395 0.398232 0.20032 -0.333579 0.393334
0.171464 -0.336504 0.398406 0.199342 -0.333688 0.393508
0.170485 -0.336613 0.39858 0.198365 -0.333797 0.393681
0.169506 -0.336722 0.398754 0.197387 -0.333907 0.393854
0.168527 -0.33683 0.398928 0.196409 -0.334016 0.394027
0.167549 -0.336939 0.399102 0.195431 -0.334125 0.394201
0.16657 -0.337048 0.399276 0.194453 -0.334234 0.394374
0.165591 -0.337157 0.39945 0.193475 -0.334343 0.394547
0.164613 -0.337265 0.399624 0.192497 -0.334452 0.39472
0.163634 -0.337374 0.399798 0.19152 -0.334561 0.394894
0.162655 -0.337483 0.399972 0.190542 -0.33467 0.395067
0.161676 -0.337592 0.400146 0.189564 -0.334779 0.39524
0.160698 -0.3377 0.40032 0.188586 -0.334888 0.395413
0.159719 -0.337809 0.400494 0.187608 -0.334998 0.395587
0.15874 -0.337918 0.400668 0.18663 -0.335107 0.39576
0.157761 -0.338027 0.400842 0.185652 -0.335216 0.395933
0.156783 -0.338135 0.401016 0.184674 -0.335325 0.396106
0.155804 -0.338244 0.40119 0.183696 -0.335434 0.39628
0.154825 -0.338353 0.401364 0.182718 -0.335543 0.396453
0.153847 -0.338461 0.401538 0.18174 -0.335652 0.396626
0.152868 -0.33857 0.401712 0.180762 -0.335761 0.3968
0.151889 -0.338679 0.401886 0.179784 -0.335871 0.396973
0.15091 -0.338788 0.40206 0.178806 -0.33598 0.397146
0.149932 -0.338896 0.402234 0.177827 -0.336089 0.39732
0.148953 -0.339005 0.402408 0.176849 -0.336198 0.397493
0.147974 -0.339114 0.402582 0.175871 -0.336307 0.397666
0.146995 -0.339223 0.402756 0.174893 -0.336416 0.39784
0.146017 -0.339331 0.40293 0.173915 -0.336525 0.398013
0.145038 -0.33944 0.403104 0.172937 -0.336634 0.398186
0.144059 -0.339549 0.403278 0.171959 -0.336744 0.39836
0.143081 -0.339658 0.403452 0.17098 -0.336853 0.398533
0.142102 -0.339766 0.403626 0.170002 -0.336962 0.398706
0.141123 -0.339875 0.4038 0.169024 -0.337071 0.39888
0.140144 -0.339984 0.403974 0.168046 -0.33718 0.399053
0.139166 -0.340093 0.404148 0.167068 -0.337289 0.399226
0.138187 -0.340201 0.404322 0.16609 -0.337398 0.399399
0.137208 -0.34031 0.404496 0.165114 -0.337507 0.399572
0.13623 -0.340419 0.40467 0.164137 -0.337616 0.399746
0.135251 -0.340528 0.404844 0.16316 -0.337725 0.399919
0.134272 -0.340636 0.405018 0.162183 -0.337834 0.400092
0.133293 -0.340745 0.405192 0.161205 -0.337942 0.400265
0.132315 -0.340854 0.405366 0.160228 -0.338051 0.400438
0.131336 -0.340963 0.40554 0.15925 -0.33816 0.400612
0.130357 -0.341071 0.405714 0.158273 -0.338269 0.400785
0.129378 -0.34118 0.405888 0.157295 -0.338378 0.400958
0.1284 -0.341289 0.406062 0.156317 -0.338487 0.401131
0.127421 -0.341398 0.406236 0.15534 -0.338596 0.401305
0.126442 -0.341506 0.40641 0.154362 -0.338705 0.401478
0.125464 -0.341615 0.406584 0.153384 -0.338815 0.401651
0.124485 -0.341724 0.406758 0.152405 -0.338924 0.401825
0.123506 -0.341833 0.406932 0.151427 -0.339033 0.401998
0.122527 -0.341941 0.407106 0.150449 -0.339142 0.402172
0.121549 -0.34205 0.40728 0.149471 -0.339251 0.402345
0.12057 -0.342159 0.407454 0.148492 -0.33936 0.402519
0.119591 -0.342268 0.407628 0.148003 -0.339414 0.402605
0.118613 -0.342376 0.407802 0.146535 -0.339578 0.402865
0.117634 -0.342485 0.407976 0.145556 -0.339687 0.403039
0.116655 -0.342594 0.40815 0.144578 -0.339796 0.403212
0.115676 -0.342703 0.408324 0.143599 -0.339905 0.403386
0.114698 -0.342811 0.408498 0.14262 -0.340015 0.403559
0.113719 -0.34292 0.408672 0.141642 -0.340124 0.403733
0.11274 -0.343029 0.408846 0.140663 -0.340233 0.403907
0.111761 -0.343138 0.40902 0.139684 -0.340342 0.40408
0.110783 -0.343246 0.409194 0.138706 -0.340451 0.404254
0.109804 -0.343355 0.409368 0.137727 -0.34056 0.404427
0.108825 -0.343464 0.409542 0.136748 -0.340669 0.404601
0.107847 -0.343573 0.409716 0.135769 -0.340778 0.404774
0.106868 -0.343681 0.40989 0.134791 -0.340887 0.404948
0.105889 -0.34379 0.410064 0.133812 -0.340996 0.405121
0.10491 -0.343899 0.410238 0.132833 -0.341105 0.405295
0.103932 -0.344008 0.410412 0.132344 -0.34116 0.405382
0.102953 -0.344116 0.410586 0.130881 -0.341322 0.405641
0.101974 -0.344225 0.41076 0.129909 -0.34143 0.405813
0.100995 -0.344334 0.410934 0.128938 -0.341538 0.405985
0.100017 -0.344443 0.411108 0.127966 -0.341646 0.406158
0.099038 -0.344551 0.411282 0.126993 -0.341754 0.40633
0.0980593 -0.34466 0.411456 0.126019 -0.341862 0.406503
0.0970806 -0.344769 0.41163 0.125045 -0.34197 0.406676
0.0961019 -0.344878 0.411804 0.12407 -0.342079 0.406849
0.0951231 -0.344986 0.411978 0.123094 -0.342188 0.407022
0.0941444 -0.345095 0.412152 0.122118 -0.342296 0.407195
0.0931657 -0.345204 0.412326 0.121141 -0.342405 0.407368
0.092187 -0.345313 0.4125 0.120164 -0.342514 0.407542
0.0912082 -0.345421 0.412674 0.119186 -0.342623 0.407715
0.0902295 -0.34553 0.412848 0.117719 -0.342786 0.407975
0.0892508 -0.345639 0.413022 0.11723 -0.342841 0.408062
0.0882721 -0.345748 0.413196 0.115763 -0.343004 0.408323
0.0872934 -0.345856 0.41337 0.114784 -0.343114 0.408496
0.0863146 -0.345965 0.413544 0.113806 -0.343223 0.40867
0.0853359 -0.346074 0.413718 0.112829 -0.343331 0.408843
0.0843572 -0.346183 0.413892 0.111853 -0.34344 0.409016
0.0833785 -0.346291 0.414066 0.110878 -0.343548 0.409189
0.0823997 -0.3464 0.41424 0.109904 -0.343656 0.409362
0.081421 -0.346509 0.414414 0.108931 -0.343764 0.409535
0.0804423 -0.346618 0.414588 0.107961 -0.343872 0.409707
0.0794636 -0.346726 0.414762 0.106993 -0.343979 0.409879
0.0784848 -0.346835 0.414936 0.106028 -0.344086 0.41005
0.0775061 -0.346944 0.41511 0.105066 -0.344192 0.41022
0.0765274 -0.347053 0.415284 0.104106 -0.344298 0.410391
0.0755487 -0.347161 0.415458 0.103148 -0.344404 0.410561
0.0745699 -0.34727 0.415632 0.102191 -0.344509 0.410731
0.0735912 -0.347379 0.415806 0.101235 -0.344614 0.4109
0.0726125 -0.347487 0.41598 0.100281 -0.34472 0.41107
0.0716338 -0.347596 0.416154 0.0993267 -0.344825 0.411239
0.0706551 -0.347705 0.416328 0.098373 -0.34493 0.411408
0.0696763 -0.347814 0.416502 0.0974195 -0.345035 0.411578
0.0686976 -0.347922 0.416676 0.0964648 -0.345141 0.411747
0.0677189 -0.348031 0.41685 0.0955081 -0.345247 0.411917
0.0667402 -0.34814 0.417024 0.0945505 -0.345353 0.412087
0.0657614 -0.348249 0.417198 0.0935929 -0.345459 0.412257
0.0647827 -0.348357 0.417372 0.0926345 -0.345566 0.412427
0.063804 -0.348466 0.417546 0.0916744 -0.345672 0.412598
0.0628253 -0.348575 0.41772 0.0907135 -0.345779 0.412768
0.0618465 -0.348684 0.417894 0.0897529 -0.345886 0.412939
0.0608678 -0.348792 0.418068 0.0887926 -0.345993 0.413109
0.0598891 -0.348901 0.418242 0.0878326 -0.346099 0.41328
0.0589104 -0.34901 0.418416 0.0868726 -0.346206 0.41345
0.0579316 -0.349119 0.41859 0.0859127 -0.346313 0.413621
0.0569529 -0.349227 0.418764 0.0849526 -0.34642 0.413791
0.0559742 -0.349336 0.418938 0.083992 -0.346526 0.413962
0.0549955 -0.349445 0.419112 0.0830311 -0.346633 0.414132
0.0540168 -0.349554 0.419286 0.08207 -0.34674 0.414303
0.053038 -0.349662 0.41946 0.0811086 -0.346847 0.414474
0.0520593 -0.349771 0.419634 0.080147 -0.346954 0.414645
0.0510806 -0.34988 0.419808 0.079185 -0.347061 0.414816
0.0501019 -0.349989 0.419982 0.0782226 -0.347168 0.414987
0.0491231 -0.350097 0.420156 0.0772598 -0.347276 0.415158
0.0481444 -0.350206 0.42033 0.0762966 -0.347383 0.415329
0.0471657 -0.350315 0.420504 0.0753329 -0.34749 0.4155
0.046187 -0.350424 0.420678 0.0743688 -0.347598 0.415671
0.0452082 -0.350532 0.420852 0.0734042 -0.347705 0.415843
0.0442295 -0.350641 0.421026 0.0724392 -0.347813 0.416014
0.0432508 -0.35075 0.4212 0.0714736 -0.34792 0.416186
0.0422721 -0.350859 0.421374 0.0705074 -0.348028 0.416357
0.0412933 -0.350967 0.421548 0.0695408 -0.348136 0.416529
0.0403146 -0.351076 0.421722 0.0685736 -0.348243 0.416701
0.0393359 -0.351185 0.421896 0.067606 -0.348351 0.416873
0.0383572 -0.351294 0.42207 0.066638 -0.348459 0.417045
0.0373785 -0.351402 0.422244 0.0656695 -0.348567 0.417217
0.0363997 -0.351511 0.422418 0.0647006 -0.348675 0.417389
0.035421 -0.35162 0.422592 0.0637311 -0.348783 0.417561
0.0344423 -0.351729 0.422766 0.062761 -0.348891 0.417734
0.0334636 -0.351837 0.42294 0.0617903 -0.348999 0.417906
0.0324848 -0.351946 0.423114 0.0608188 -0.349108 0.418079
0.0315061 -0.352055 0.423288 0.0598469 -0.349216 0.418252
0.0305274 -0.352164 0.423462 0.0588747 -0.349324 0.418425
0.0295487 -0.352272 0.423636 0.0579023 -0.349433 0.418597
0.0285699 -0.352381 0.42381 0.0569296 -0.349541 0.41877
0.0275912 -0.35249 0.423984 0.0559567 -0.34965 0.418943
0.0266125 -0.352599 0.424158 0.0549836 -0.349758 0.419116
0.0256338 -0.352707 0.424332 0.0540102 -0.349866 0.419289
0.024655 -0.352816 0.424506 0.0530366 -0.349975 0.419463
0.0236763 -0.352925 0.42468 0.0520628 -0.350083 0.419636
0.0226976 -0.353034 0.424854 0.0510888 -0.350192 0.419809
0.0217189 -0.353142 0.425028 0.0501144 -0.3503 0.419982
0.0207402 -0.353251 0.425202 0.0491394 -0.350409 0.420155
0.0197614 -0.35336 0.425376 0.0481641 -0.350517 0.420329
0.0187827 -0.353469 0.42555 0.0471886 -0.350626 0.420502
0.017804 -0.353577 0.425724 0.046213 -0.350734 0.420676
0.0168253 -0.353686 0.425898 0.0452373 -0.350843 0.420849
0.0158465 -0.353795 0.426072 0.0442615 -0.350952 0.421023
0.0148678 -0.353904 0.426246 0.0432856 -0.35106 0.421197
0.0138891 -0.354012 0.42642 0.0423096 -0.351169 0.42137
0.0129104 -0.354121 0.426594 0.0413336 -0.351277 0.421544
0.0119316 -0.35423 0.426768 0.0403575 -0.351386 0.421717
0.0109529 -0.354339 0.426942 0.0393812 -0.351494 0.421891
0.0099742 -0.354447 0.427116 0.0384048 -0.351603 0.422065
0.00899547 -0.354556 0.42729 0.0374279 -0.351711 0.422239
0.00801675 -0.354665 0.427464 0.0364508 -0.35182 0.422412
0.00703803 -0.354774 0.427638 0.0354737 -0.351928 0.422586
0.0060593 -0.354882 0.427812 0.0344966 -0.352037 0.42276
0.00508058 -0.354991 0.427986 0.0335196 -0.352146 0.422934
0.00410186 -0.3551 0.42816 0.0325425 -0.352254 0.423108
0.00312313 -0.355209 0.428334 0.0315654 -0.352363 0.423282
0.00214441 -0.355317 0.428508 0.0305883 -0.352471 0.423455
0.00116569 -0.355426 0.428682 0.0296112 -0.35258 0.423629
0.000186962 -0.355535 0.428856 0.0286339 -0.352688 0.423803
-0.000791762 -0.355644 0.42903 0.0276563 -0.352797 0.423977
-0.00177049 -0.355752 0.429204 0.0266786 -0.352905 0.424151
-0.00274921 -0.355861 0.429378 0.0257009 -0.353014 0.424325
-0.00372793 -0.35597 0.429552 0.0247233 -0.353122 0.424499
-0.00470666 -0.356079 0.429726 0.0237456 -0.353231 0.424673
-0.00568538 -0.356187 0.4299 0.022768 -0.353339 0.424847
-0.0066641 -0.356296 0.430074 0.0217905 -0.353448 0.425021
-0.00764283 -0.356405 0.430248 0.0208127 -0.353557 0.425195
-0.00862155 -0.356514 0.430422 0.0198346 -0.353665 0.425369
-0.00960027 -0.356622 0.430596 0.0188561 -0.353774 0.425544
-0.010579 -0.356731 0.43077 0.0178773 -0.353882 0.425718
-0.0115577 -0.35684 0.430944 0.0168984 -0.353991 0.425892
-0.0125364 -0.356948 0.431118 0.0159195 -0.3541 0.426066
-0.0135152 -0.357057 0.431292 0.0149407 -0.354208 0.426241
-0.0144939 -0.357166 0.431466 0.0139621 -0.354317 0.426415
-0.0154726 -0.357275 0.43164 0.0129836 -0.354426 0.426589
-0.0164513 -0.357383 0.431814 0.0124944 -0.35448 0.426676
-0.0174301 -0.357492 0.431988 0.0110267 -0.354643 0.426938
-0.0184088 -0.357601 0.432162 0.0100476 -0.354751 0.427112
-0.0193875 -0.35771 0.432336 0.00906687 -0.35486 0.427287
-0.0203662 -0.357818 0.43251 0.0080834 -0.35497 0.427462
-0.021345 -0.357927 0.432684 0.00709744 -0.35508 0.427637
-0.0223237 -0.358036 0.432858 0.00610948 -0.35519 0.427813
-0.0233024 -0.358145 0.433032 0.0051197 -0.3553 0.42799
-0.0242811 -0.358253 0.433206 0.00412837 -0.355411 0.428166
-0.0252598 -0.358362 0.43338 0.00313589 -0.355522 0.428343
-0.0262386 -0.358471 0.433554 0.00214264 -0.355633 0.42852
-0.0272173 -0.35858 0.433728 0.0011486 -0.355744 0.428697
-0.028196 -0.358688 0.433902 0.000153744 -0.355855 0.428874
-0.0291747 -0.358797 0.434076 -0.000841801 -0.355966 0.429052
-0.0301535 -0.358906 0.43425 -0.00183787 -0.356077 0.429229
-0.0311322 -0.359015 0.434424 -0.00283434 -0.356189 0.429407
-0.0321109 -0.359123 0.434597 -0.00383114 -0.3563 0.429584
-0.0330896 -0.359232 0.434771 -0.00482815 -0.356411 0.429762
-0.0340684 -0.359341 0.434945 -0.00582533 -0.356522 0.42994
-0.0350471 -0.35945 0.435119 -0.00682273 -0.356633 0.430117
-0.0360258 -0.359558 0.435293 -0.00782039 -0.356744 0.430295
-0.0370045 -0.359667 0.435467 -0.00881804 -0.356855 0.430473
-0.0379833 -0.359776 0.435641 -0.00981545 -0.356966 0.430651
-0.038962 -0.359885 0.435815 -0.0108124 -0.357077 0.430828
-0.0399407 -0.359993 0.435989 -0.011809 -0.357188 0.431006
-0.0409194 -0.360102 0.436163 -0.012805 -0.357299 0.431184
-0.0418981 -0.360211 0.436337 -0.0138005 -0.357409 0.431361
-0.0428769 -0.36032 0.436511 -0.0147955 -0.35752 0.431538
-0.0438556 -0.360428 0.436685 -0.0157901 -0.35763 0.431716
-0.0448343 -0.360537 0.436859 -0.0167841 -0.35774 0.431893
-0.045813 -0.360646 0.437033 -0.0177778 -0.35785 0.43207
-0.0467918 -0.360755 0.437207 -0.0187711 -0.35796 0.432247
-0.0477705 -0.360863 0.437381 -0.0197642 -0.35807 0.432424
-0.0487492 -0.360972 0.437555 -0.0207568 -0.35818 0.432601
-0.0497279 -0.361081 0.437729 -0.0217487 -0.35829 0.432777
-0.0507067 -0.36119 0.437903 -0.0227399 -0.3584 0.432954
-0.0516854 -0.361298 0.438077 -0.0237304 -0.358509 0.433131
-0.0526641 -0.361407 0.438251 -0.0242254 -0.358564 0.433219
-0.0536428 -0.361516 0.438425 -0.0257093 -0.358728 0.433483
-0.0546216 -0.361625 0.438599 -0.0266982 -0.358838 0.43366
-0.0556003 -0.361733 0.438773 -0.0276873 -0.358947 0.433836
-0.056579 -0.361842 0.438947 -0.0286764 -0.359057 0.434012
-0.0575577 -0.361951 0.439121 -0.0291711 -0.359111 0.4341
-0.0585364 -0.36206 0.439295 -0.0301602 -0.359221 0.434277
-0.0595152 -0.362168 0.439469 -0.0311494 -0.35933 0.434453
-0.0604939 -0.362277 0.439643 -0.0321386 -0.35944 0.434629
-0.0614726 -0.362386 0.439817 -0.0331279 -0.359549 0.434806
-0.0624513 -0.362495 0.439991 -0.0341171 -0.359659 0.434982
-0.0634301 -0.362603 0.440165 -0.0351061 -0.359768 0.435158
-0.0644088 -0.362712 0.440339 -0.036095 -0.359878 0.435335
-0.0653875 -0.362821 0.440513 -0.0370838 -0.359987 0.435511
-0.0663662 -0.36293 0.440687 -0.0380723 -0.360097 0.435687
-0.067345 -0.363038 0.440861 -0.0390607 -0.360206 0.435864
-0.0683237 -0.363147 0.441035 -0.0400489 -0.360316 0.43604
-0.0693024 -0.363256 0.441209 -0.0410368 -0.360425 0.436216
-0.0702811 -0.363365 0.441383 -0.0420245 -0.360535 0.436392
-0.0712599 -0.363473 0.441557 -0.043012 -0.360644 0.436568
-0.0722386 -0.363582 0.441731 -0.0439992 -0.360753 0.436744
-0.0732173 -0.363691 0.441905 -0.0449862 -0.360863 0.43692
-0.074196 -0.3638 0.442079 -0.045973 -0.360972 0.437096
-0.0751747 -0.363908 0.442253 -0.0469597 -0.361081 0.437272
-0.0761535 -0.364017 0.442427 -0.0479461 -0.36119 0.437448
-0.0771322 -0.364126 0.442601 -0.0489323 -0.3613 0.437624
-0.0781109 -0.364235 0.442775 -0.0499182 -0.361409 0.4378
-0.0790896 -0.364343 0.442949 -0.0509039 -0.361518 0.437975
-0.0800684 -0.364452 0.443123 -0.0518893 -0.361627 0.438151
-0.0810471 -0.364561 0.443297 -0.0528745 -0.361736 0.438327
-0.0820258 -0.36467 0.443471 -0.0538593 -0.361845 0.438502
-0.0830045 -0.364778 0.443645 -0.054844 -0.361954 0.438678
-0.0839833 -0.364887 0.443819 -0.0558284 -0.362063 0.438854
-0.084962 -0.364996 0.443993 -0.0568125 -0.362172 0.439029
-0.0859407 -0.365105 0.444167 -0.0577963 -0.362281 0.439204
-0.0869194 -0.365213 0.444341 -0.0587799 -0.36239 0.43938
-0.0878982 -0.365322 0.444515 -0.0597633 -0.362499 0.439555
-0.0888769 -0.365431 0.444689 -0.0607464 -0.362608 0.439731
-0.0898556 -0.36554 0.444863 -0.0617292 -0.362717 0.439906
-0.0908343 -0.365648 0.445037 -0.0627119 -0.362826 0.440081
-0.091813 -0.365757 0.445211 -0.0636942 -0.362935 0.440256
-0.0927918 -0.365866 0.445385 -0.0646764 -0.363043 0.440431
-0.0937705 -0.365974 0.445559 -0.0656584 -0.363152 0.440607
-0.0947492 -0.366083 0.445733 -0.0666401 -0.363261 0.440782
-0.0957279 -0.366192 0.445907 -0.0676217 -0.36337 0.440957
-0.0967067 -0.366301 0.446081 -0.068603 -0.363478 0.441132
-0.0976854 -0.366409 0.446255 -0.0695842 -0.363587 0.441307
-0.0986641 -0.366518 0.446429 -0.0705652 -0.363696 0.441482
-0.0996428 -0.366627 0.446603 -0.071546 -0.363804 0.441657
-0.100622 -0.366736 0.446777 -0.0725266 -0.363913 0.441832
-0.1016 -0.366844 0.446951 -0.073507 -0.364022 0.442006
-0.102579 -0.366953 0.447125 -0.0744872 -0.36413 0.442181
-0.103558 -0.367062 0.447299 -0.0754671 -0.364239 0.442356
-0.104536 -0.367171 0.447473 -0.0764469 -0.364348 0.442531
-0.105515 -0.367279 0.447647 -0.0774265 -0.364456 0.442705
-0.106494 -0.367388 0.447821 -0.0784061 -0.364565 0.44288
-0.107473 -0.367497 0.447995 -0.0793856 -0.364673 0.443055
-0.108451 -0.367606 0.448169 -0.080365 -0.364782 0.44323
-0.10943 -0.367714 0.448343 -0.0813441 -0.36489 0.443404
-0.110409 -0.367823 0.448517 -0.0823226 -0.364999 0.443579
-0.111388 -0.367932 0.448691 -0.0833003 -0.365107 0.443753
-0.112366 -0.368041 0.448865 -0.0842779 -0.365215 0.443928
-0.113345 -0.368149 0.449039 -0.0852557 -0.365324 0.444102
-0.114324 -0.368258 0.449213 -0.0862335 -0.365432 0.444276
-0.115302 -0.368367 0.449387 -0.0872114 -0.36554 0.444451
-0.116281 -0.368476 0.449561 -0.0881892 -0.365649 0.444625
-0.11726 -0.368584 0.449735 -0.0891669 -0.365757 0.4448
-0.118239 -0.368693 0.449909 -0.0901446 -0.365866 0.444974
-0.119217 -0.368802 0.450083 -0.0911224 -0.365974 0.445148
-0.120196 -0.368911 0.450257 -0.0921004 -0.366083 0.445323
-0.121175 -0.369019 0.450431 -0.0930784 -0.366191 0.445497
-0.122153 -0.369128 0.450605 -0.0940565 -0.3663 0.445672
-0.123132 -0.369237 0.450779 -0.0950346 -0.366408 0.445846
-0.124111 -0.369346 0.450953 -0.0960128 -0.366517 0.446021
-0.12509 -0.369454 0.451127 -0.096991 -0.366625 0.446195
-0.126068 -0.369563 0.451301 -0.0979694 -0.366734 0.44637
-0.127047 -0.369672 0.451475 -0.0989477 -0.366842 0.446544
-0.128026 -0.369781 0.451649 -0.0999262 -0.366951 0.446719
-0.129005 -0.369889 0.451823 -0.100905 -0.367059 0.446894
-0.129983 -0.369998 0.451997 -0.101883 -0.367168 0.447068
-0.130962 -0.370107 0.452171 -0.102862 -0.367277 0.447243
-0.131941 -0.370216 0.452345 -0.10384 -0.367385 0.447417
-0.132919 -0.370324 0.452519 -0.104819 -0.367494 0.447592
-0.133898 -0.370433 0.452693 -0.105798 -0.367603 0.447766
-0.134877 -0.370542 0.452867 -0.106776 -0.367711 0.447941
-0.135856 -0.370651 0.453041 -0.107755 -0.36782 0.448116
-0.136834 -0.370759 0.453215 -0.108734 -0.367929 0.44829
-0.137813 -0.370868 0.453389 -0.109712 -0.368037 0.448465
-0.138792 -0.370977 0.453563 -0.110691 -0.368146 0.448639
-0.139771 -0.371086 0.453737 -0.111668 -0.368254 0.448814
-0.140749 -0.371194 0.453911 -0.112645 -0.368363 0.448988
-0.141728 -0.371303 0.454085 -0.113623 -0.368471 0.449162
-0.142707 -0.371412 0.454259 -0.1146 -0.368579 0.449337
-0.143685 -0.371521 0.454433 -0.115577 -0.368688 0.449511
-0.144664 -0.371629 0.454607 -0.116555 -0.368796 0.449686
-0.145643 -0.371738 0.454781 -0.117532 -0.368905 0.44986
-0.146622 -0.371847 0.454955 -0.11851 -0.369013 0.450034
-0.1476 -0.371956 0.455129 -0.119488 -0.369122 0.450209
-0.148579 -0.372064 0.455303 -0.120466 -0.36923 0.450383
-0.149558 -0.372173 0.455477 -0.121445 -0.369339 0.450558
-0.150536 -0.372282 0.455651 -0.122423 -0.369447 0.450732
-0.151515 -0.372391 0.455825 -0.123401 -0.369556 0.450907
-0.152494 -0.372499 0.455999 -0.124379 -0.369665 0.451081
-0.153473 -0.372608 0.456173 -0.125357 -0.369773 0.451256
-0.154451 -0.372717 0.456347 -0.126334 -0.369882 0.45143
-0.15543 -0.372826 0.456521 -0.127311 -0.36999 0.451604
-0.156409 -0.372934 0.456695 -0.128289 -0.370098 0.451779
-0.157388 -0.373043 0.456869 -0.129266 -0.370207 0.451953
-0.158366 -0.373152 0.457043 -0.129755 -0.370261 0.45204
-0.159345 -0.373261 0.457217 -0.131222 -0.370424 0.452302
-0.160324 -0.373369 0.457391 -0.1322 -0.370533 0.452476
-0.161302 -0.373478 0.457565 -0.133178 -0.370641 0.452651
-0.162281 -0.373587 0.457739 -0.134157 -0.37075 0.452825
-0.16326 -0.373696 0.457913 -0.135135 -0.370858 0.453
-0.164239 -0.373804 0.458087 -0.136114 -0.370967 0.453174
-0.165217 -0.373913 0.458261 -0.137092 -0.371076 0.453349
-0.166196 -0.374022 0.458435 -0.138071 -0.371184 0.453523
-0.167175 -0.374131 0.458609 -0.13905 -0.371293 0.453698
-0.168153 -0.374239 0.458783 -0.140518 -0.371456 0.45396
-0.169132 -0.374348 0.458957 -0.141497 -0.371565 0.454135
-0.170111 -0.374457 0.459131 -0.141986 -0.371619 0.454222
-0.17109 -0.374566 0.459305 -0.142965 -0.371728 0.454396
-0.172068 -0.374674 0.459479 -0.143943 -0.371836 0.454571
-0.173047 -0.374783 0.459653 -0.144922 -0.371945 0.454745
-0.174026 -0.374892 0.459827 -0.1459 -0.372054 0.45492
-0.175005 -0.375001 0.460001 -0.147368 -0.372217 0.455182
-0.175983 -0.375109 0.460175 -0.147857 -0.372271 0.455269
-0.176962 -0.375218 0.460349 -0.148835 -0.372379 0.455443
-0.177941 -0.375327 0.460523 -0.149814 -0.372488 0.455618
-0.178919 -0.375435 0.460697 -0.150792 -0.372597 0.455792
-0.179898 -0.375544 0.460871 -0.15177 -0.372705 0.455967
-0.180877 -0.375653 0.461045 -0.152259 -0.372759 0.456054
-0.181856 -0.375762 0.461219 -0.153726 -0.372922 0.456315
-0.182834 -0.37587 0.461393 -0.155194 -0.373085 0.456577
-0.183813 -0.375979 0.461567 -0.156172 -0.373194 0.456752
-0.184792 -0.376088 0.461741 -0.156661 -0.373248 0.456839
-0.185771 -0.376197 0.461915 -0.15764 -0.373357 0.457013
-0.186749 -0.376305 0.462089 -0.158618 -0.373465 0.457188
-0.187728 -0.376414 0.462263 -0.159596 -0.373574 0.457362
-0.188707 -0.376523 0.462437 -0.160574 -0.373682 0.457536
-0.189685 -0.376632 0.462611 -0.161551 -0.373791 0.457711
-0.190664 -0.37674 0.462785 -0.162529 -0.373899 0.457885
-0.191643 -0.376849 0.462959 -0.163506 -0.374008 0.458059
-0.192622 -0.376958 0.463133 -0.164484 -0.374116 0.458234
-0.1936 -0.377067 0.463307 -0.165462 -0.374224 0.458408
-0.194579 -0.377175 0.463481 -0.166439 -0.374333 0.458582
-0.195558 -0.377284 0.463655 -0.167417 -0.374441 0.458757
-0.196536 -0.377393 0.463829 -0.167905 -0.374496 0.458844
-0.197515 -0.377502 0.464003 -0.169372 -0.374658 0.459105
-0.198494 -0.37761 0.464177 -0.17035 -0.374767 0.45928
-0.199473 -0.377719 0.464351 -0.171328 -0.374875 0.459454
-0.200451 -0.377828 0.464525 -0.172306 -0.374984 0.459628
-0.20143 -0.377937 0.464699 -0.173284 -0.375093 0.459803
-0.202409 -0.378045 0.464873 -0.174262 -0.375201 0.459977
-0.203388 -0.378154 0.465047 -0.175241 -0.37531 0.460152
-0.204366 -0.378263 0.465221 -0.17622 -0.375419 0.460326
-0.205345 -0.378372 0.465395 -0.177199 -0.375527 0.460501
-0.206324 -0.37848 0.465569 -0.178178 -0.375636 0.460675
-0.207302 -0.378589 0.465743 -0.179156 -0.375745 0.46085
-0.208281 -0.378698 0.465917 -0.180135 -0.375853 0.461024
-0.20926 -0.378807 0.466091 -0.181114 -0.375962 0.461199
-0.210239 -0.378915 0.466265 -0.182093 -0.376071 0.461374
-0.211217 -0.379024 0.466439 -0.183072 -0.376179 0.461548
-0.212196 -0.379133 0.466613 -0.184051 -0.376288 0.461723
-0.213175 -0.379242 0.466787 -0.18503 -0.376397 0.461897
-0.214153 -0.37935 0.466961 -0.186009 -0.376506 0.462072
-0.215132 -0.379459 0.467135 -0.186989 -0.376614 0.462246
-0.216111 -0.379568 0.467309 -0.187968 -0.376723 0.462421
-0.21709 -0.379677 0.467483 -0.188947 -0.376832 0.462596
-0.218068 -0.379785 0.467657 -0.189926 -0.37694 0.46277
-0.219047 -0.379894 0.467831 -0.190905 -0.377049 0.462945
-0.220026 -0.380003 0.468005 -0.191885 -0.377158 0.463119
-0.221005 -0.380112 0.468179 -0.192864 -0.377266 0.463294
-0.221983 -0.38022 0.468353 -0.193843 -0.377375 0.463469
-0.222962 -0.380329 0.468527 -0.194823 -0.377484 0.463643
-0.223941 -0.380438 0.468701 -0.195802 -0.377593 0.463818
-0.224919 -0.380547 0.468875 -0.196292 -0.377647 0.463905
-0.225898 -0.380655 0.469049 -0.197761 -0.37781 0.464167
-0.226877 -0.380764 0.469223 -0.19874 -0.377919 0.464342
-0.227856 -0.380873 0.469397 -0.19972 -0.378028 0.464516
-0.228834 -0.380982 0.469571 -0.200699 -0.378136 0.464691
-0.229813 -0.38109 0.469745 -0.201679 -0.378245 0.464865
-0.230792 -0.381199 0.469919 -0.202658 -0.378354 0.46504
-0.231771 -0.381308 0.470093 -0.203638 -0.378462 0.465214
-0.232749 -0.381417 0.470267 -0.204617 -0.378571 0.465389
-0.233728 -0.381525 0.470441 -0.205597 -0.37868 0.465564
-0.234707 -0.381634 0.470615 -0.206576 -0.378789 0.465738
-0.235685 -0.381743 0.470789 -0.207556 -0.378897 0.465913
-0.236664 -0.381852 0.470963 -0.208535 -0.379006 0.466087
-0.237643 -0.38196 0.471137 -0.209514 -0.379115 0.466262
-0.238622 -0.382069 0.471311 -0.210494 -0.379223 0.466436
-0.2396 -0.382178 0.471484 -0.211473 -0.379332 0.466611
-0.240579 -0.382287 0.471658 -0.212453 -0.379441 0.466785
-0.241558 -0.382395 0.471832 -0.213432 -0.379549 0.46696
-0.242536 -0.382504 0.472006 -0.214411 -0.379658 0.467134
-0.243515 -0.382613 0.47218 -0.215389 -0.379767 0.467309
-0.244494 -0.382722 0.472354 -0.216368 -0.379875 0.467483
-0.245473 -0.38283 0.472528 -0.217347 -0.379984 0.467657
-0.246451 -0.382939 0.472702 -0.218326 -0.380093 0.467832
-0.24743 -0.383048 0.472876 -0.219305 -0.380201 0.468006
-0.248409 -0.383157 0.47305 -0.220284 -0.38031 0.468181
-0.249388 -0.383265 0.473224 -0.221263 -0.380419 0.468355
-0.250366 -0.383374 0.473398 -0.222242 -0.380527 0.46853
-0.251345 -0.383483 0.473572 -0.223221 -0.380636 0.468704
-0.252324 -0.383592 0.473746 -0.2242 -0.380744 0.468879
-0.253302 -0.3837 0.47392 -0.225179 -0.380853 0.469053
-0.254281 -0.383809 0.474094 -0.226157 -0.380961 0.469227
-0.25526 -0.383918 0.474268 -0.227135 -0.38107 0.469401
-0.256239 -0.384027 0.474442 -0.228113 -0.381178 0.469576
-0.257217 -0.384135 0.474616 -0.229091 -0.381287 0.46975
-0.258196 -0.384244 0.47479 -0.230069 -0.381396 0.469924
-0.259175 -0.384353 0.474964 -0.231047 -0.381504 0.470098
-0.260153 -0.384461 0.475138 -0.232023 -0.381612 0.470272
-0.261132 -0.38457 0.475312 -0.232997 -0.38172 0.470446
-0.262111 -0.384679 0.475486 -0.233968 -0.381827 0.470618
-0.26309 -0.384788 0.47566 -0.234939 -0.381935 0.470791
-0.264068 -0.384896 0.475834 -0.235911 -0.382042 0.470964
-0.265047 -0.385005 0.476008 -0.236883 -0.38215 0.471137
-0.266026 -0.385114 0.476182 -0.237857 -0.382258 0.471311
-0.267005 -0.385223 0.476356 -0.238831 -0.382366 0.471484
-0.267983 -0.385331 0.47653 -0.239806 -0.382474 0.471658
-0.268962 -0.38544 0.476704 -0.240781 -0.382582 0.471832
-0.269941 -0.385549 0.476878 -0.241757 -0.382691 0.472005
-0.270919 -0.385658 0.477052 -0.242733 -0.382799 0.47218
-0.271898 -0.385766 0.477226 -0.243711 -0.382908 0.472354
-0.272877 -0.385875 0.4774 -0.244688 -0.383016 0.472528
-0.273856 -0.385984 0.477574 -0.245667 -0.383125 0.472702
-0.274834 -0.386093 0.477748 -0.246645 -0.383234 0.472877
-0.275813 -0.386201 0.477922 -0.247624 -0.383343 0.473051
-0.276792 -0.38631 0.478096 -0.248604 -0.383452 0.473226
-0.277771 -0.386419 0.47827 -0.249583 -0.383561 0.473401
-0.278749 -0.386528 0.478444 -0.250563 -0.38367 0.473575
-0.279728 -0.386636 0.478618 -0.252034 -0.383833 0.473837
-0.280707 -0.386745 0.478792 -0.253014 -0.383942 0.474012
-0.281685 -0.386854 0.478966 -0.253994 -0.384051 0.474187
-0.282664 -0.386963 0.47914 -0.254971 -0.384159 0.474361
-0.283643 -0.387071 0.479314 -0.255945 -0.384267 0.474534
-0.284622 -0.38718 0.479488 -0.256916 -0.384374 0.474707
-0.2856 -0.387289 0.479662 -0.2574 -0.384428 0.474793
-0.286579 -0.387398 0.479836 -0.2574 -0.384428 0.474793
-0.287558 -0.387506 0.48001 -0.261251 -0.384852 0.475477
-0.288536 -0.387615 0.480184 -0.262206 -0.384957 0.475647
-0.289515 -0.387724 0.480358 -0.263155 -0.385061 0.475815
-0.290494 -0.387833 0.480532 -0.264101 -0.385165 0.475983
-0.291473 -0.387941 0.480706 -0.264572 -0.385216 0.476066
-0.292451 -0.38805 0.48088 -0.265983 -0.385371 0.476316
-0.29343 -0.388159 0.481054 -0.26692 -0.385473 0.476482
-0.294409 -0.388268 0.481228 -0.267856 -0.385576 0.476648
-0.295388 -0.388376 0.481402 -0.26879 -0.385678 0.476814
-0.296366 -0.388485 0.481576 -0.269257 -0.385729 0.476896
-0.297345 -0.388594 0.48175 -0.270189 -0.385831 0.477062
-0.298324 -0.388703 0.481924 -0.270654 -0.385882 0.477144
-0.299302 -0.388811 0.482098 -0.27205 -0.386035 0.477392
-0.300281 -0.38892 0.482272 -0.27298 -0.386137 0.477557
-0.30126 -0.389029 0.482446 -0.274378 -0.386291 0.477805
-0.302239 -0.389138 0.48262 -0.275311 -0.386394 0.477971
-0.303217 -0.389246 0.482794 -0.276246 -0.386497 0.478137
-0.304196 -0.389355 0.482968 -0.276713 -0.386549 0.47822
-0.305175 -0.389464 0.483142 -0.278116 -0.386704 0.47847
-0.306153 -0.389573 0.483316 -0.278584 -0.386756 0.478553
-0.307132 -0.389681 0.48349 -0.279519 -0.386859 0.478719
-0.308111 -0.38979 0.483664 -0.280924 -0.387015 0.47897
-0.30909 -0.389899 0.483838 -0.281393 -0.387067 0.479053
-0.310068 -0.390008 0.484012 -0.282331 -0.387171 0.47922
-0.311047 -0.390116 0.484186 -0.28327 -0.387275 0.479387
-0.312026 -0.390225 0.48436 -0.28468 -0.387432 0.479638
-0.313005 -0.390334 0.484534 -0.285622 -0.387537 0.479806
-0.313983 -0.390443 0.484708 -0.286093 -0.387589 0.47989
-0.314962 -0.390551 0.484882 -0.287036 -0.387694 0.480058
-0.315941 -0.39066 0.485056 -0.28798 -0.387799 0.480227
-0.316919 -0.390769 0.48523 -0.288925 -0.387905 0.480395
-0.317898 -0.390878 0.485404 -0.289872 -0.38801 0.480564
-0.318877 -0.390986 0.485578 -0.290819 -0.388116 0.480733
-0.319856 -0.391095 0.485752 -0.291768 -0.388222 0.480902
-0.320834 -0.391204 0.485926 -0.292718 -0.388328 0.481072
-0.321813 -0.391313 0.4861 -0.29367 -0.388434 0.481242
-0.322792 -0.391421 0.486274 -0.295099 -0.388594 0.481497
-0.323771 -0.39153 0.486448 -0.296053 -0.388701 0.481667
-0.324749 -0.391639 0.486622 -0.296531 -0.388754 0.481752
-0.325728 -0.391748 0.486796 -0.297487 -0.388861 0.481923
-0.326707 -0.391856 0.48697 -0.298444 -0.388968 0.482094
-0.327685 -0.391965 0.487144 -0.299403 -0.389075 0.482265
-0.328664 -0.392074 0.487318 -0.300362 -0.389182 0.482436
-0.329643 -0.392183 0.487492 -0.301322 -0.38929 0.482607
-0.330622 -0.392291 0.487666 -0.302284 -0.389397 0.482779
-0.3316 -0.3924 0.48784 -0.303246 -0.389505 0.482951
-0.332579 -0.392509 0.488014 -0.304209 -0.389612 0.483123
-0.333558 -0.392618 0.488188 -0.305173 -0.38972 0.483295
-0.334536 -0.392726 0.488362 -0.306138 -0.389828 0.483467
-0.335515 -0.392835 0.488536 -0.307104 -0.389936 0.483639
-0.336494 -0.392944 0.48871 -0.30807 -0.390044 0.483812
-0.337473 -0.393053 0.488884 -0.309038 -0.390152 0.483985
-0.338451 -0.393161 0.489058 -0.310006 -0.39026 0.484157
-0.33943 -0.39327 0.489232 -0.310974 -0.390368 0.48433
-0.340409 -0.393379 0.489406 -0.311944 -0.390476 0.484503
-0.341388 -0.393488 0.48958 -0.312914 -0.390585 0.484676
-0.342366 -0.393596 0.489754 -0.313885 -0.390693 0.484849
-0.343345 -0.393705 0.489928 -0.314857 -0.390802 0.485023
-0.344324 -0.393814 0.490102 -0.315829 -0.39091 0.485196
-0.345302 -0.393922 0.490276 -0.316801 -0.391019 0.48537
-0.346281 -0.394031 0.49045 -0.317774 -0.391127 0.485543
-0.34726 -0.39414 0.490624 -0.318747 -0.391236 0.485717
-0.348239 -0.394249 0.490798 -0.319721 -0.391344 0.48589
-0.349217 -0.394357 0.490972 -0.320695 -0.391453 0.486064
-0.350196 -0.394466 0.491146 -0.32167 -0.391561 0.486238
-0.351175 -0.394575 0.49132 -0.322644 -0.39167 0.486412
-0.352154 -0.394684 0.491494 -0.32362 -0.391779 0.486585
-0.353132 -0.394792 0.491668 -0.324595 -0.391887 0.486759
-0.354111 -0.394901 0.491842 -0.325571 -0.391996 0.486933
-0.35509 -0.39501 0.492016 -0.326547 -0.392105 0.487107
-0.356068 -0.395119 0.49219 -0.327523 -0.392213 0.487281
-0.357047 -0.395227 0.492364 -0.3285 -0.392322 0.487455
-0.358026 -0.395336 0.492538 -0.329477 -0.392431 0.487629
-0.359005 -0.395445 0.492712 -0.330454 -0.392539 0.487803
-0.359983 -0.395554 0.492886 -0.331432 -0.392648 0.487978
-0.360962 -0.395662 0.49306 -0.332409 -0.392757 0.488152
-0.361941 -0.395771 0.493234 -0.333387 -0.392866 0.488326
-0.362919 -0.39588 0.493408 -0.334364 -0.392974 0.4885
-0.363898 -0.395989 0.493582 -0.335342 -0.393083 0.488674
-0.364877 -0.396097 0.493756 -0.33632 -0.393192 0.488848
-0.365856 -0.396206 0.49393 -0.337299 -0.393301 0.489023
-0.366834 -0.396315 0.494104 -0.338277 -0.393409 0.489197
-0.367813 -0.396424 0.494278 -0.339255 -0.393518 0.489371
-0.368792 -0.396532 0.494452 -0.340234 -0.393627 0.489545
-0.369771 -0.396641 0.494626 -0.341212 -0.393736 0.48972
-0.370749 -0.39675 0.4948 -0.342191 -0.393844 0.489894
-0.371728 -0.396859 0.494974 -0.34317 -0.393953 0.490068
-0.372707 -0.396967 0.495148 -0.344149 -0.394062 0.490243
-0.373685 -0.397076 0.495322 -0.345128 -0.394171 0.490417
-0.374664 -0.397185 0.495496 -0.346107 -0.394279 0.490591
-0.375643 -0.397294 0.49567 -0.347086 -0.394388 0.490766
-0.376622 -0.397402 0.495844 -0.347576 -0.394443 0.490853
-0.3776 -0.397511 0.496018 -0.350024 -0.394715 0.491289
-0.378579 -0.39762 0.496192 -0.351003 -0.394823 0.491463
-0.379558 -0.397729 0.496366 -0.351492 -0.394878 0.49155
-0.380536 -0.397837 0.49654 -0.352955 -0.39504 0.491811
-0.381515 -0.397946 0.496714 -0.353926 -0.395147 0.491983
-0.382494 -0.398055 0.496888 -0.354893 -0.395254 0.492155
-0.383473 -0.398164 0.497062 -0.355858 -0.39536 0.492326
-0.384451 -0.398272 0.497236 -0.35682 -0.395466 0.492497
-0.38543 -0.398381 0.49741 -0.35778 -0.395572 0.492667
-0.386409 -0.39849 0.497584 -0.358738 -0.395678 0.492837
-0.387388 -0.398599 0.497758 -0.359695 -0.395783 0.493007
-0.388366 -0.398707 0.497932 -0.360173 -0.395836 0.493092
-0.389345 -0.398816 0.498106 -0.361605 -0.395993 0.493346
-0.390324 -0.398925 0.49828 -0.362558 -0.396098 0.493515
-0.391302 -0.399034 0.498454 -0.363512 -0.396203 0.493684
-0.392281 -0.399142 0.498628 -0.364465 -0.396309 0.493853
-0.39326 -0.399251 0.498802 -0.365418 -0.396414 0.494023
-0.394239 -0.39936 0.498976 -0.366371 -0.396519 0.494192
-0.395217 -0.399469 0.49915 -0.367324 -0.396624 0.494361
-0.396196 -0.399577 0.499324 -0.368277 -0.39673 0.494531
-0.397175 -0.399686 0.499498 -0.36923 -0.396835 0.4947
-0.398154 -0.399795 0.499672 -0.370184 -0.396941 0.494869
-0.399132 -0.399904 0.499846 -0.371138 -0.397046 0.495039
-0.400111 -0.400012 0.50002 -0.372092 -0.397152 0.495209
-0.399132 -0.399904 0.499846 -0.373047 -0.397258 0.495379
-0.400111 -0.400012 0.50002 -0.374002 -0.397364 0.495549
-0.399132 -0.399904 0.499846 -0.374958 -0.39747 0.495719
-0.400111 -0.400012 0.50002 -0.375914 -0.397576 0.495889
-0.399132 -0.399904 0.499846 -0.376391 -0.397629 0.495974
-0.400111 -0.400012 0.50002 -0.377813 -0.397786 0.496227
-0.399132 -0.399904 0.499846 -0.378749 -0.397889 0.496393
-0.400111 -0.400012 0.50002 -0.379674 -0.397991 0.496556
-0.399132 -0.399904 0.499846 -0.380584 -0.398089 0.496717
-0.400111 -0.400012 0.50002 -0.381475 -0.398185 0.496873
-0.399132 -0.399904 0.499846 -0.382343 -0.398278 0.497025
-0.400111 -0.400012 0.50002 -0.38319 -0.398367 0.497173
-0.399132 -0.399904 0.499846 -0.384011 -0.398453 0.497315
-0.400111 -0.400012 0.50002 -0.384809 -0.398536 0.497453
-0.399132 -0.399904 0.499846 -0.385581 -0.398615 0.497586
-0.400111 -0.400012 0.50002 -0.386329 -0.398691 0.497714
-0.399132 -0.399904 0.499846 -0.387051 -0.398764 0.497838
-0.400111 -0.400012 0.50002 -0.387746 -0.398833 0.497956
-0.399132 -0.399904 0.499846 -0.388083 -0.398867 0.498013
-0.400111 -0.400012 0.50002 -0.389052 -0.398962 0.498177
-0.399132 -0.399904 0.499846 -0.389665 -0.399021 0.49828
-0.400111 -0.400012 0.50002 -0.390251 -0.399078 0.498378
-0.399132 -0.399904 0.499846 -0.39081 -0.399131 0.498472
-0.400111 -0.400012 0.50002 -0.391344 -0.399182 0.498561
-0.399132 -0.399904 0.499846 -0.391851 -0.399229 0.498645
-0.400111 -0.400012 0.50002 -0.392334 -0.399274 0.498725
-0.399132 -0.399904 0.499846 -0.392792 -0.399317 0.498801
-0.400111 -0.400012 0.50002 -0.393226 -0.399357 0.498872
-0.399132 -0.399904 0.499846 -0.393638 -0.399395 0.49894
-0.400111 -0.400012 0.50002 -0.394027 -0.39943 0.499004
-0.399132 -0.399904 0.499846 -0.394214 -0.399447 0.499035
-0.400111 -0.400012 0.50002 -0.394742 -0.399495 0.499121
-0.399132 -0.399904 0.499846 -0.395069 -0.399524 0.499175
-0.400111 -0.400012 0.50002 -0.395377 -0.399552 0.499225
-0.399132 -0.399904 0.499846 -0.395524 -0.399565 0.499249
-0.400111 -0.400012 0.50002 -0.395939 -0.399602 0.499317
-0.399132 -0.399904 0.499846 -0.396195 -0.399625 0.499358
-0.400111 -0.400012 0.50002 -0.396434 -0.399647 0.499397
-0.399132 -0.399904 0.499846 -0.396659 -0.399667 0.499434
-0.400111 -0.400012 0.50002 -0.39687 -0.399686 0.499468
-0.399132 -0.399904 0.499846 -0.397068 -0.399703 0.499501
-0.400111 -0.400012 0.50002 -0.397254 -0.39972 0.499531
-0.399132 -0.399904 0.499846 -0.397426 -0.399735 0.499559
-0.400111 -0.400012 0.50002 -0.397587 -0.39975 0.499585
-0.399132 -0.399904 0.499846 -0.397738 -0.399763 0.49961
-0.400111 -0.400012 0.50002 -0.397878 -0.399776 0.499633
-0.399132 -0.399904 0.499846 -0.398009 -0.399788 0.499654
-0.400111 -0.400012 0.50002 -0.39813 -0.399799 0.499674
-0.399132 -0.399904 0.499846 -0.398242 -0.399809 0.499692
-0.400111 -0.400012 0.50002 -0.398346 -0.399818 0.499709
-0.399132 -0.399904 0.499846 -0.398441 -0.399827 0.499725
-0.400111 -0.400012 0.50002 -0.398529 -0.399835 0.499739
-0.399132 -0.399904 0.499846 -0.398611 -0.399843 0.499753
-0.400111 -0.400012 0.50002 -0.398689 -0.39985 0.499766
-0.399132 -0.399904 0.499846 -0.398761 -0.399857 0.499778
-0.400111 -0.400012 0.50002 -0.398794 -0.39986 0.499783
-0.399132 -0.399904 0.499846 -0.398887 -0.399869 0.499799
-0.400111 -0.400012 0.50002 -0.398941 -0.399874 0.499808
-0.399132 -0.399904 0.499846 -0.39899 -0.399879 0.499816
-0.400111 -0.400012 0.50002 -0.399034 -0.399883 0.499823
