0.498357 -0.300183 0.340292 0.499335 -0.300074 0.340119
0.497379 -0.300291 0.340466 0.499335 -0.300074 0.340119
0.4964 -0.3004 0.34064 0.499335 -0.300074 0.340119
0.495421 -0.300509 0.340814 0.499334 -0.300074 0.340119
0.494442 -0.300618 0.340988 0.499327 -0.300075 0.34012
0.493464 -0.300726 0.341162 0.499314 -0.300077 0.340123
0.492485 -0.300835 0.341336 0.499289 -0.300079 0.340127
0.491506 -0.300944 0.34151 0.499272 -0.300081 0.34013
0.490527 -0.301053 0.341684 0.4992 -0.300089 0.340143
0.489549 -0.301161 0.341858 0.499133 -0.300097 0.340155
0.48857 -0.30127 0.342032 0.499092 -0.300102 0.340162
0.487591 -0.301379 0.342206 0.499047 -0.300107 0.34017
0.486613 -0.301487 0.34238 0.49874 -0.300142 0.340226
0.485634 -0.301596 0.342554 0.498576 -0.300161 0.340256
0.484655 -0.301705 0.342728 0.498387 -0.300183 0.340291
0.483676 -0.301814 0.342902 0.498172 -0.300207 0.34033
0.482698 -0.301922 0.343076 0.497933 -0.300235 0.340374
0.481719 -0.302031 0.34325 0.497669 -0.300266 0.340423
0.48074 -0.30214 0.343424 0.497382 -0.300299 0.340475
0.479761 -0.302249 0.343598 0.497068 -0.300336 0.340533
0.478783 -0.302357 0.343772 0.496726 -0.300376 0.340596
0.477804 -0.302466 0.343946 0.496357 -0.300419 0.340664
0.476825 -0.302575 0.34412 0.495961 -0.300466 0.340738
0.475847 -0.302684 0.344294 0.495537 -0.300516 0.340816
0.474868 -0.302792 0.344468 0.495316 -0.300542 0.340857
0.473889 -0.302901 0.344642 0.495088 -0.300569 0.340899
0.47291 -0.30301 0.344816 0.494114 -0.300684 0.34108
0.471932 -0.303119 0.34499 0.493589 -0.300745 0.341177
0.470953 -0.303227 0.345164 0.493044 -0.30081 0.341278
0.469974 -0.303336 0.345338 0.492482 -0.300876 0.341382
0.468996 -0.303445 0.345512 0.491904 -0.300944 0.341489
0.468017 -0.303554 0.345686 0.491305 -0.301014 0.3416
0.467038 -0.303662 0.34586 0.490684 -0.301087 0.341715
0.466059 -0.303771 0.346034 0.490367 -0.301124 0.341773
0.465081 -0.30388 0.346208 0.489388 -0.301239 0.341954
0.464102 -0.303989 0.346382 0.488711 -0.301318 0.342079
0.463123 -0.304097 0.346556 0.488015 -0.3014 0.342207
0.462144 -0.304206 0.34673 0.487662 -0.301441 0.342272
0.461166 -0.304315 0.346904 0.486579 -0.301568 0.342472
0.460187 -0.304424 0.347078 0.485837 -0.301655 0.342608
0.459208 -0.304532 0.347252 0.485079 -0.301743 0.342748
0.45823 -0.304641 0.347426 0.484305 -0.301833 0.34289
0.457251 -0.30475 0.3476 0.483516 -0.301925 0.343035
0.456272 -0.304859 0.347774 0.482714 -0.302019 0.343182
0.455293 -0.304967 0.347948 0.481898 -0.302114 0.343331
0.454315 -0.305076 0.348122 0.481069 -0.30221 0.343483
0.453336 -0.305185 0.348296 0.480229 -0.302307 0.343637
0.452357 -0.305294 0.34847 0.479378 -0.302406 0.343793
0.451379 -0.305402 0.348644 0.478516 -0.302506 0.34395
0.4504 -0.305511 0.348818 0.477644 -0.302606 0.344109
0.449421 -0.30562 0.348992 0.476764 -0.302708 0.344269
0.448442 -0.305729 0.349166 0.475875 -0.30281 0.344431
0.447464 -0.305837 0.34934 0.474978 -0.302913 0.344594
0.446485 -0.305946 0.349514 0.474074 -0.303017 0.344758
0.445506 -0.306055 0.349688 0.473163 -0.303121 0.344923
0.444527 -0.306164 0.349862 0.472246 -0.303226 0.345089
0.443549 -0.306272 0.350036 0.47086 -0.303384 0.34534
0.44257 -0.306381 0.35021 0.469463 -0.303544 0.345592
0.441591 -0.30649 0.350384 0.468526 -0.30365 0.345761
0.440613 -0.306599 0.350558 0.467585 -0.303757 0.34593
0.439634 -0.306707 0.350732 0.466643 -0.303864 0.3461
0.438655 -0.306816 0.350906 0.466172 -0.303917 0.346184
0.437676 -0.306925 0.35108 0.464758 -0.304077 0.346438
0.436698 -0.307034 0.351254 0.463815 -0.304183 0.346606
0.435719 -0.307142 0.351428 0.462872 -0.304289 0.346775
0.43474 -0.307251 0.351602 0.461928 -0.304394 0.346943
0.433761 -0.30736 0.351776 0.460984 -0.3045 0.347112
0.432783 -0.307469 0.35195 0.460039 -0.304606 0.34728
0.431804 -0.307577 0.352124 0.459093 -0.304712 0.347449
0.430825 -0.307686 0.352298 0.458147 -0.304817 0.347617
0.429847 -0.307795 0.352472 0.457673 -0.30487 0.347701
0.428868 -0.307904 0.352646 0.456251 -0.305029 0.347954
0.427889 -0.308012 0.35282 0.455301 -0.305135 0.348123
0.42691 -0.308121 0.352994 0.454826 -0.305188 0.348207
0.425932 -0.30823 0.353168 0.453875 -0.305294 0.348376
0.424953 -0.308339 0.353342 0.452446 -0.305453 0.34863
0.423974 -0.308447 0.353516 0.451493 -0.305559 0.348799
0.422996 -0.308556 0.35369 0.450538 -0.305665 0.348969
0.422017 -0.308665 0.353864 0.449583 -0.305772 0.349138
0.421038 -0.308774 0.354038 0.448626 -0.305878 0.349308
0.420059 -0.308882 0.354212 0.447666 -0.305985 0.349479
0.419081 -0.308991 0.354386 0.446705 -0.306092 0.349649
0.418102 -0.3091 0.35456 0.445742 -0.306199 0.34982
0.417123 -0.309209 0.354734 0.445261 -0.306253 0.349905
0.416144 -0.309317 0.354908 0.443816 -0.306414 0.350162
0.415166 -0.309426 0.355082 0.443334 -0.306467 0.350247
0.414187 -0.309535 0.355256 0.442369 -0.306575 0.350419
0.413208 -0.309644 0.35543 0.441404 -0.306682 0.35059
0.41223 -0.309752 0.355604 0.439955 -0.306844 0.350847
0.411251 -0.309861 0.355778 0.438988 -0.306951 0.351018
0.410272 -0.30997 0.355952 0.43802 -0.307059 0.35119
0.409293 -0.310079 0.356126 0.437535 -0.307113 0.351276
0.408315 -0.310187 0.3563 0.436566 -0.307221 0.351448
0.407336 -0.310296 0.356474 0.435596 -0.307329 0.35162
0.406357 -0.310405 0.356648 0.434625 -0.307437 0.351793
0.405378 -0.310514 0.356822 0.434139 -0.307491 0.351879
0.4044 -0.310622 0.356996 0.432193 -0.307708 0.352224
0.403421 -0.310731 0.35717 0.431707 -0.307762 0.35231
0.402442 -0.31084 0.357344 0.430733 -0.30787 0.352483
0.401464 -0.310948 0.357518 0.429758 -0.307979 0.352656
0.400485 -0.311057 0.357692 0.428782 -0.308088 0.352829
0.399506 -0.311166 0.357866 0.427806 -0.308197 0.353003
0.398527 -0.311275 0.35804 0.42683 -0.308305 0.353176
0.397549 -0.311383 0.358214 0.425854 -0.308414 0.353349
0.39657 -0.311492 0.358388 0.424878 -0.308523 0.353522
0.395591 -0.311601 0.358562 0.423902 -0.308631 0.353695
0.394613 -0.31171 0.358736 0.422926 -0.30874 0.353869
0.393634 -0.311818 0.35891 0.421948 -0.308849 0.354042
0.392655 -0.311927 0.359084 0.42097 -0.308958 0.354216
0.391676 -0.312036 0.359258 0.420481 -0.309012 0.354302
0.390698 -0.312145 0.359432 0.419993 -0.309067 0.354389
0.389719 -0.312253 0.359606 0.418039 -0.309284 0.354736
0.38874 -0.312362 0.35978 0.417062 -0.309393 0.354909
0.387761 -0.312471 0.359954 0.415597 -0.309556 0.355169
0.386783 -0.31258 0.360128 0.414621 -0.309665 0.355342
0.385804 -0.312688 0.360302 0.414133 -0.309719 0.355428
0.384825 -0.312797 0.360476 0.412668 -0.309882 0.355688
0.383847 -0.312906 0.360649 0.41218 -0.309937 0.355775
0.382868 -0.313015 0.360823 0.410714 -0.3101 0.356035
0.381889 -0.313123 0.360997 0.409737 -0.310209 0.356208
0.38091 -0.313232 0.361171 0.408758 -0.310318 0.356382
0.379932 -0.313341 0.361345 0.40778 -0.310427 0.356555
0.378953 -0.31345 0.361519 0.406802 -0.310536 0.356729
0.377974 -0.313558 0.361693 0.405823 -0.310645 0.356902
0.376996 -0.313667 0.361867 0.405335 -0.310699 0.356989
0.376017 -0.313776 0.362041 0.403868 -0.310863 0.357249
0.375038 -0.313885 0.362215 0.402891 -0.310972 0.357423
0.374059 -0.313993 0.362389 0.401913 -0.31108 0.357596
0.373081 -0.314102 0.362563 0.400937 -0.311189 0.357769
0.372102 -0.314211 0.362737 0.399961 -0.311298 0.357942
0.371123 -0.31432 0.362911 0.398985 -0.311406 0.358116
0.370144 -0.314428 0.363085 0.398009 -0.311515 0.358289
0.369166 -0.314537 0.363259 0.397033 -0.311624 0.358462
0.368187 -0.314646 0.363433 0.396057 -0.311733 0.358635
0.367208 -0.314755 0.363607 0.395081 -0.311841 0.358808
0.36623 -0.314863 0.363781 0.394106 -0.31195 0.358981
0.365251 -0.314972 0.363955 0.39313 -0.312059 0.359154
0.364272 -0.315081 0.364129 0.392154 -0.312167 0.359327
0.363293 -0.31519 0.364303 0.391178 -0.312276 0.3595
0.362315 -0.315298 0.364477 0.390202 -0.312385 0.359673
0.361336 -0.315407 0.364651 0.389225 -0.312494 0.359847
0.360357 -0.315516 0.364825 0.388249 -0.312603 0.36002
0.359378 -0.315625 0.364999 0.387272 -0.312711 0.360193
0.3584 -0.315733 0.365173 0.386295 -0.31282 0.360367
0.357421 -0.315842 0.365347 0.385318 -0.312929 0.36054
0.356442 -0.315951 0.365521 0.384341 -0.313038 0.360713
0.355464 -0.31606 0.365695 0.383364 -0.313147 0.360887
0.354485 -0.316168 0.365869 0.382387 -0.313256 0.36106
0.353506 -0.316277 0.366043 0.381409 -0.313365 0.361234
0.352527 -0.316386 0.366217 0.380432 -0.313474 0.361407
0.351549 -0.316495 0.366391 0.379454 -0.313583 0.36158
0.35057 -0.316603 0.366565 0.378477 -0.313692 0.361754
0.349591 -0.316712 0.366739 0.377499 -0.313801 0.361927
0.348613 -0.316821 0.366913 0.376521 -0.31391 0.362101
0.347634 -0.31693 0.367087 0.375543 -0.314019 0.362275
0.346655 -0.317038 0.367261 0.374565 -0.314128 0.362448
0.345676 -0.317147 0.367435 0.373587 -0.314238 0.362622
0.344698 -0.317256 0.367609 0.372609 -0.314347 0.362795
0.343719 -0.317365 0.367783 0.371631 -0.314456 0.362969
0.34274 -0.317473 0.367957 0.370652 -0.314565 0.363142
0.341761 -0.317582 0.368131 0.369674 -0.314674 0.363316
0.340783 -0.317691 0.368305 0.368696 -0.314783 0.36349
0.339804 -0.3178 0.368479 0.367717 -0.314892 0.363663
0.338825 -0.317908 0.368653 0.367228 -0.314947 0.36375
0.337847 -0.318017 0.368827 0.366739 -0.315002 0.363837
0.336868 -0.318126 0.369001 0.364783 -0.31522 0.364184
0.335889 -0.318235 0.369175 0.363809 -0.315328 0.364356
0.33491 -0.318343 0.369349 0.362837 -0.315436 0.364529
0.333932 -0.318452 0.369523 0.361866 -0.315544 0.364701
0.332953 -0.318561 0.369697 0.360894 -0.315653 0.364873
0.331974 -0.31867 0.369871 0.359921 -0.315761 0.365046
0.330996 -0.318778 0.370045 0.358948 -0.31587 0.365218
0.330017 -0.318887 0.370219 0.357973 -0.315978 0.365391
0.329038 -0.318996 0.370393 0.356998 -0.316087 0.365564
0.328059 -0.319105 0.370567 0.356022 -0.316196 0.365737
0.327081 -0.319213 0.370741 0.355045 -0.316305 0.36591
0.326102 -0.319322 0.370915 0.354068 -0.316414 0.366084
0.325123 -0.319431 0.371089 0.353091 -0.316523 0.366257
0.324144 -0.31954 0.371263 0.352113 -0.316632 0.366431
0.323166 -0.319648 0.371437 0.351135 -0.316742 0.366604
0.322187 -0.319757 0.371611 0.350156 -0.316851 0.366778
0.321208 -0.319866 0.371785 0.349177 -0.31696 0.366952
0.32023 -0.319974 0.371959 0.348198 -0.31707 0.367125
0.319251 -0.320083 0.372133 0.347218 -0.317179 0.367299
0.318272 -0.320192 0.372307 0.346239 -0.317288 0.367473
0.317293 -0.320301 0.372481 0.345259 -0.317398 0.367647
0.316315 -0.320409 0.372655 0.344279 -0.317507 0.367821
0.315336 -0.320518 0.372829 0.343299 -0.317617 0.367995
0.314357 -0.320627 0.373003 0.342319 -0.317726 0.368169
0.313378 -0.320736 0.373177 0.341339 -0.317836 0.368343
0.3124 -0.320844 0.373351 0.340359 -0.317945 0.368516
0.311421 -0.320953 0.373525 0.339381 -0.318054 0.36869
0.310442 -0.321062 0.373699 0.338402 -0.318164 0.368863
0.309464 -0.321171 0.373873 0.337424 -0.318273 0.369037
0.308485 -0.321279 0.374047 0.336935 -0.318327 0.369124
0.307506 -0.321388 0.374221 0.33547 -0.318491 0.369383
0.306527 -0.321497 0.374395 0.334494 -0.3186 0.369556
0.305549 -0.321606 0.374569 0.333518 -0.318708 0.369729
0.30457 -0.321714 0.374743 0.332541 -0.318817 0.369902
0.303591 -0.321823 0.374917 0.331565 -0.318926 0.370076
0.302613 -0.321932 0.375091 0.330588 -0.319035 0.370249
0.301634 -0.322041 0.375265 0.32961 -0.319144 0.370422
0.300655 -0.322149 0.375439 0.328633 -0.319254 0.370596
0.299676 -0.322258 0.375613 0.327654 -0.319363 0.370769
0.298698 -0.322367 0.375787 0.326676 -0.319472 0.370943
0.297719 -0.322476 0.375961 0.325697 -0.319581 0.371116
0.29674 -0.322584 0.376135 0.324718 -0.319691 0.37129
0.295761 -0.322693 0.376309 0.32374 -0.3198 0.371463
0.294783 -0.322802 0.376483 0.322761 -0.319909 0.371637
0.293804 -0.322911 0.376657 0.321782 -0.320018 0.371811
0.292825 -0.323019 0.376831 0.320802 -0.320128 0.371984
0.291847 -0.323128 0.377005 0.319823 -0.320237 0.372158
0.290868 -0.323237 0.377179 0.318843 -0.320347 0.372332
0.289889 -0.323346 0.377353 0.317863 -0.320456 0.372506
0.28891 -0.323454 0.377527 0.316882 -0.320566 0.37268
0.287932 -0.323563 0.377701 0.315902 -0.320675 0.372853
0.286953 -0.323672 0.377875 0.314921 -0.320785 0.373027
0.285974 -0.323781 0.378049 0.313941 -0.320894 0.373201
0.284996 -0.323889 0.378223 0.313451 -0.320949 0.373288
0.284017 -0.323998 0.378397 0.311981 -0.321113 0.373549
0.283038 -0.324107 0.378571 0.311004 -0.321222 0.373722
0.282059 -0.324216 0.378745 0.310031 -0.32133 0.373894
0.281081 -0.324324 0.378919 0.309057 -0.321439 0.374067
0.280102 -0.324433 0.379093 0.308083 -0.321547 0.374239
0.279123 -0.324542 0.379267 0.307108 -0.321656 0.374412
0.278144 -0.324651 0.379441 0.306132 -0.321765 0.374585
0.277166 -0.324759 0.379615 0.305155 -0.321874 0.374758
0.276187 -0.324868 0.379789 0.304178 -0.321983 0.374931
0.275208 -0.324977 0.379963 0.3032 -0.322092 0.375105
0.27423 -0.325086 0.380137 0.302222 -0.322201 0.375278
0.273251 -0.325194 0.380311 0.301243 -0.322311 0.375452
0.272272 -0.325303 0.380485 0.300264 -0.32242 0.375625
0.271293 -0.325412 0.380659 0.299774 -0.322475 0.375712
0.270315 -0.325521 0.380833 0.298304 -0.322639 0.375973
0.269336 -0.325629 0.381007 0.297324 -0.322748 0.376147
0.268357 -0.325738 0.381181 0.296344 -0.322858 0.376321
0.267378 -0.325847 0.381355 0.295363 -0.322968 0.376494
0.2664 -0.325956 0.381529 0.294382 -0.323077 0.376668
0.265421 -0.326064 0.381703 0.293401 -0.323187 0.376842
0.264442 -0.326173 0.381877 0.292421 -0.323296 0.377016
0.263464 -0.326282 0.382051 0.291441 -0.323406 0.37719
0.262485 -0.326391 0.382225 0.290462 -0.323515 0.377363
0.261506 -0.326499 0.382399 0.289483 -0.323624 0.377537
0.260527 -0.326608 0.382573 0.288504 -0.323734 0.37771
0.259549 -0.326717 0.382747 0.287524 -0.323843 0.377884
0.25857 -0.326826 0.382921 0.286545 -0.323952 0.378058
0.257591 -0.326934 0.383095 0.285565 -0.324062 0.378231
0.256613 -0.327043 0.383269 0.284585 -0.324171 0.378405
0.255634 -0.327152 0.383443 0.283605 -0.324281 0.378579
0.254655 -0.327261 0.383617 0.282625 -0.32439 0.378752
0.253676 -0.327369 0.383791 0.281645 -0.3245 0.378926
0.252698 -0.327478 0.383965 0.280664 -0.324609 0.3791
0.251719 -0.327587 0.384139 0.279684 -0.324719 0.379274
0.25074 -0.327696 0.384313 0.278704 -0.324828 0.379447
0.249761 -0.327804 0.384487 0.277724 -0.324938 0.379621
0.248783 -0.327913 0.384661 0.276744 -0.325047 0.379795
0.247804 -0.328022 0.384835 0.275763 -0.325157 0.379969
0.246825 -0.328131 0.385009 0.274783 -0.325266 0.380142
0.245847 -0.328239 0.385183 0.273803 -0.325375 0.380316
0.244868 -0.328348 0.385357 0.272824 -0.325485 0.380489
0.243889 -0.328457 0.385531 0.271845 -0.325594 0.380663
0.24291 -0.328566 0.385705 0.270866 -0.325703 0.380836
0.241932 -0.328674 0.385879 0.269887 -0.325813 0.38101
0.240953 -0.328783 0.386053 0.268908 -0.325922 0.381183
0.239974 -0.328892 0.386227 0.26793 -0.326031 0.381357
0.238995 -0.329001 0.386401 0.266951 -0.32614 0.38153
0.238017 -0.329109 0.386575 0.265973 -0.32625 0.381703
0.237038 -0.329218 0.386749 0.264994 -0.326359 0.381877
0.236059 -0.329327 0.386923 0.264016 -0.326468 0.38205
0.235081 -0.329435 0.387097 0.263037 -0.326577 0.382223
0.234102 -0.329544 0.387271 0.262058 -0.326686 0.382397
0.233123 -0.329653 0.387445 0.261569 -0.326741 0.382484
0.232144 -0.329762 0.387619 0.2601 -0.326905 0.382744
0.231166 -0.32987 0.387793 0.259121 -0.327014 0.382917
0.230187 -0.329979 0.387967 0.258142 -0.327124 0.383091
0.229208 -0.330088 0.388141 0.257162 -0.327233 0.383264
0.22823 -0.330197 0.388315 0.256183 -0.327343 0.383438
0.227251 -0.330305 0.388489 0.255203 -0.327452 0.383612
0.226272 -0.330414 0.388663 0.254223 -0.327562 0.383785
0.225293 -0.330523 0.388837 0.253243 -0.327671 0.383959
0.224315 -0.330632 0.389011 0.252263 -0.327781 0.384133
0.223336 -0.33074 0.389185 0.251283 -0.32789 0.384306
0.222357 -0.330849 0.389359 0.250303 -0.327999 0.38448
0.221378 -0.330958 0.389533 0.249322 -0.328109 0.384654
0.2204 -0.331067 0.389707 0.248342 -0.328218 0.384827
0.219421 -0.331175 0.389881 0.247362 -0.328328 0.385001
0.218442 -0.331284 0.390055 0.246382 -0.328437 0.385174
0.217464 -0.331393 0.390229 0.245402 -0.328547 0.385348
0.216485 -0.331502 0.390403 0.244422 -0.328656 0.385522
0.215506 -0.33161 0.390577 0.243442 -0.328766 0.385695
0.214527 -0.331719 0.390751 0.242462 -0.328875 0.385869
0.213549 -0.331828 0.390925 0.241482 -0.328985 0.386043
0.21257 -0.331937 0.391099 0.240502 -0.329094 0.386216
0.211591 -0.332045 0.391273 0.239523 -0.329203 0.38639
0.210613 -0.332154 0.391447 0.238543 -0.329313 0.386563
0.209634 -0.332263 0.391621 0.237563 -0.329422 0.386737
0.208655 -0.332372 0.391795 0.236584 -0.329532 0.38691
0.207676 -0.33248 0.391969 0.235604 -0.329641 0.387084
0.206698 -0.332589 0.392143 0.234624 -0.32975 0.387258
0.205719 -0.332698 0.392317 0.233644 -0.32986 0.387431
0.20474 -0.332807 0.392491 0.232665 -0.329969 0.387605
0.203761 -0.332915 0.392665 0.231685 -0.330078 0.387778
0.202783 -0.333024 0.392839 0.230705 -0.330188 0.387952
0.201804 -0.333133 0.393013 0.229726 -0.330297 0.388125
0.200825 -0.333242 0.393187 0.228746 -0.330407 0.388299
0.199847 -0.33335 0.393361 0.227766 -0.330516 0.388472
0.198868 -0.333459 0.393535 0.226787 -0.330625 0.388646
0.197889 -0.333568 0.393709 0.225807 -0.330735 0.38882
0.19691 -0.333677 0.393883 0.224828 -0.330844 0.388993
0.195932 -0.333785 0.394057 0.224338 -0.330899 0.38908
0.194953 -0.333894 0.394231 0.222379 -0.331117 0.389427
0.193974 -0.334003 0.394405 0.221399 -0.331227 0.3896
0.192995 -0.334112 0.394579 0.22042 -0.331336 0.389774
0.192017 -0.33422 0.394753 0.219441 -0.331445 0.389947
0.191038 -0.334329 0.394927 0.218463 -0.331554 0.390121
0.190059 -0.334438 0.395101 0.217486 -0.331663 0.390294
0.189081 -0.334547 0.395275 0.21651 -0.331772 0.390466
0.188102 -0.334655 0.395449 0.216022 -0.331827 0.390553
0.187123 -0.334764 0.395623 0.214558 -0.33199 0.390812
0.186144 -0.334873 0.395797 0.213583 -0.332098 0.390985
0.185166 -0.334982 0.395971 0.212608 -0.332207 0.391157
0.184187 -0.33509 0.396145 0.211633 -0.332316 0.39133
0.183208 -0.335199 0.396319 0.210659 -0.332424 0.391503
0.18223 -0.335308 0.396493 0.209684 -0.332533 0.391675
0.181251 -0.335417 0.396667 0.208709 -0.332642 0.391848
0.180272 -0.335525 0.396841 0.208222 -0.332696 0.391934
0.179293 -0.335634 0.397015 0.207247 -0.332805 0.392107
0.178315 -0.335743 0.397189 0.205785 -0.332968 0.392366
0.177336 -0.335852 0.397363 0.20481 -0.333076 0.392538
0.176357 -0.33596 0.397536 0.203835 -0.333185 0.392711
0.175378 -0.336069 0.39771 0.202859 -0.333294 0.392884
0.1744 -0.336178 0.397884 0.202372 -0.333348 0.39297
0.173421 -0.336287 0.398058 0.201396 -0.333457 0.393143
0.172442 -0.336395 0.398232 0.20042 -0.333566 0.393316
0.171464 -0.336504 0.398406 0.198956 -0.33373 0.393576
0.170485 -0.336613 0.39858 0.197979 -0.333839 0.393749
0.169506 -0.336722 0.398754 0.197001 -0.333948 0.393922
0.168527 -0.33683 0.398928 0.196023 -0.334057 0.394095
0.167549 -0.336939 0.399102 0.195046 -0.334167 0.394268
0.16657 -0.337048 0.399276 0.194068 -0.334276 0.394442
0.165591 -0.337157 0.39945 0.193579 -0.33433 0.394528
0.164613 -0.337265 0.399624 0.192601 -0.33444 0.394701
0.163634 -0.337374 0.399798 0.191135 -0.334603 0.394961
0.162655 -0.337483 0.399972 0.190646 -0.334658 0.395048
0.161676 -0.337592 0.400146 0.189667 -0.334767 0.395221
0.160698 -0.3377 0.40032 0.188689 -0.334876 0.395395
0.159719 -0.337809 0.400494 0.18771 -0.334986 0.395568
0.15874 -0.337918 0.400668 0.186732 -0.335095 0.395742
0.157761 -0.338027 0.400842 0.185753 -0.335204 0.395915
0.156783 -0.338135 0.401016 0.184774 -0.335314 0.396088
0.155804 -0.338244 0.40119 0.183795 -0.335423 0.396262
0.154825 -0.338353 0.401364 0.182816 -0.335532 0.396435
0.153847 -0.338461 0.401538 0.181347 -0.335696 0.396696
0.152868 -0.33857 0.401712 0.180858 -0.335751 0.396783
0.151889 -0.338679 0.401886 0.180368 -0.335806 0.396869
0.15091 -0.338788 0.40206 0.178899 -0.33597 0.39713
0.149932 -0.338896 0.402234 0.177429 -0.336134 0.39739
0.148953 -0.339005 0.402408 0.176449 -0.336243 0.397564
0.147974 -0.339114 0.402582 0.17547 -0.336353 0.397737
0.146995 -0.339223 0.402756 0.17449 -0.336462 0.397911
0.146017 -0.339331 0.40293 0.17351 -0.336571 0.398085
0.145038 -0.33944 0.403104 0.172531 -0.336681 0.398258
0.144059 -0.339549 0.403278 0.172041 -0.336735 0.398345
0.143081 -0.339658 0.403452 0.171062 -0.336844 0.398518
0.142102 -0.339766 0.403626 0.169594 -0.337008 0.398779
0.141123 -0.339875 0.4038 0.168615 -0.337117 0.398952
0.140144 -0.339984 0.403974 0.167637 -0.337226 0.399125
0.139166 -0.340093 0.404148 0.166659 -0.337335 0.399299
0.138187 -0.340201 0.404322 0.166169 -0.33739 0.399385
0.137208 -0.34031 0.404496 0.165191 -0.337499 0.399559
0.13623 -0.340419 0.40467 0.163723 -0.337663 0.399819
0.135251 -0.340528 0.404844 0.162745 -0.337772 0.399992
0.134272 -0.340636 0.405018 0.161767 -0.337881 0.400166
0.133293 -0.340745 0.405192 0.160788 -0.33799 0.400339
0.132315 -0.340854 0.405366 0.160299 -0.338044 0.400426
0.131336 -0.340963 0.40554 0.158831 -0.338208 0.400686
0.130357 -0.341071 0.405714 0.157853 -0.338317 0.400859
0.129378 -0.34118 0.405888 0.157364 -0.338372 0.400946
0.1284 -0.341289 0.406062 0.156386 -0.338481 0.401119
0.127421 -0.341398 0.406236 0.155407 -0.33859 0.401293
0.126442 -0.341506 0.40641 0.154429 -0.338699 0.401466
0.125464 -0.341615 0.406584 0.152961 -0.338862 0.401726
0.124485 -0.341724 0.406758 0.152473 -0.338917 0.401813
0.123506 -0.341833 0.406932 0.151495 -0.339026 0.401986
0.122527 -0.341941 0.407106 0.150029 -0.339189 0.402246
0.121549 -0.34205 0.40728 0.149541 -0.339243 0.402333
0.12057 -0.342159 0.407454 0.149052 -0.339298 0.402419
0.119591 -0.342268 0.407628 0.147101 -0.339515 0.402765
0.118613 -0.342376 0.407802 0.146128 -0.339623 0.402938
0.117634 -0.342485 0.407976 0.145157 -0.339731 0.40311
0.116655 -0.342594 0.40815 0.144185 -0.339839 0.403282
0.115676 -0.342703 0.408324 0.143699 -0.339893 0.403368
0.114698 -0.342811 0.408498 0.142239 -0.340055 0.403627
0.113719 -0.34292 0.408672 0.141752 -0.340109 0.403713
0.11274 -0.343029 0.408846 0.140778 -0.340218 0.403886
0.111761 -0.343138 0.40902 0.139803 -0.340326 0.404059
0.110783 -0.343246 0.409194 0.138339 -0.340489 0.404318
0.109804 -0.343355 0.409368 0.137363 -0.340598 0.404491
0.108825 -0.343464 0.409542 0.136874 -0.340653 0.404578
0.107847 -0.343573 0.409716 0.135409 -0.340816 0.404838
0.106868 -0.343681 0.40989 0.134432 -0.340925 0.405011
0.105889 -0.34379 0.410064 0.133454 -0.341034 0.405185
0.10491 -0.343899 0.410238 0.132476 -0.341143 0.405358
0.103932 -0.344008 0.410412 0.131497 -0.341252 0.405532
0.102953 -0.344116 0.410586 0.130519 -0.341361 0.405705
0.101974 -0.344225 0.41076 0.12954 -0.341471 0.405879
0.100995 -0.344334 0.410934 0.129051 -0.341525 0.405966
0.100017 -0.344443 0.411108 0.127582 -0.341689 0.406226
0.099038 -0.344551 0.411282 0.127093 -0.341744 0.406313
0.0980593 -0.34466 0.411456 0.126114 -0.341853 0.406486
0.0970806 -0.344769 0.41163 0.125134 -0.341962 0.40666
0.0961019 -0.344878 0.411804 0.124154 -0.342071 0.406834
0.0951231 -0.344986 0.411978 0.123174 -0.342181 0.407008
0.0941444 -0.345095 0.412152 0.121705 -0.342344 0.407269
0.0931657 -0.345204 0.412326 0.120725 -0.342454 0.407442
0.092187 -0.345313 0.4125 0.120235 -0.342508 0.407529
0.0912082 -0.345421 0.412674 0.119255 -0.342617 0.407703
0.0902295 -0.34553 0.412848 0.118275 -0.342727 0.407877
0.0892508 -0.345639 0.413022 0.117785 -0.342781 0.407964
0.0882721 -0.345748 0.413196 0.116804 -0.34289 0.408138
0.0872934 -0.345856 0.41337 0.115334 -0.343054 0.408399
0.0863146 -0.345965 0.413544 0.114354 -0.343163 0.408573
0.0853359 -0.346074 0.413718 0.113377 -0.343272 0.408746
0.0843572 -0.346183 0.413892 0.112404 -0.34338 0.408919
0.0833785 -0.346291 0.414066 0.111919 -0.343434 0.409005
0.0823997 -0.3464 0.41424 0.110468 -0.343594 0.409262
0.081421 -0.346509 0.414414 0.109503 -0.3437 0.409433
0.0804423 -0.346618 0.414588 0.108541 -0.343807 0.409604
0.0794636 -0.346726 0.414762 0.107581 -0.343912 0.409774
0.0784848 -0.346835 0.414936 0.106141 -0.344071 0.41003
0.0775061 -0.346944 0.41511 0.105179 -0.344178 0.4102
0.0765274 -0.347053 0.415284 0.104214 -0.344285 0.410372
0.0755487 -0.347161 0.415458 0.103247 -0.344392 0.410543
0.0745699 -0.34727 0.415632 0.102763 -0.344446 0.410629
0.0735912 -0.347379 0.415806 0.101793 -0.344554 0.410801
0.0726125 -0.347487 0.41598 0.100821 -0.344662 0.410974
0.0716338 -0.347596 0.416154 0.0998483 -0.34477 0.411147
0.0706551 -0.347705 0.416328 0.0988742 -0.344879 0.41132
0.0696763 -0.347814 0.416502 0.0978989 -0.344988 0.411493
0.0686976 -0.347922 0.416676 0.0964339 -0.345151 0.411753
0.0677189 -0.348031 0.41685 0.095456 -0.345261 0.411926
0.0667402 -0.34814 0.417024 0.0949668 -0.345315 0.412013
0.0657614 -0.348249 0.417198 0.093988 -0.345425 0.412187
0.0647827 -0.348357 0.417372 0.0930088 -0.345534 0.412361
0.063804 -0.348466 0.417546 0.0920289 -0.345643 0.412535
0.0628253 -0.348575 0.41772 0.0910485 -0.345753 0.412709
0.0618465 -0.348684 0.417894 0.0900673 -0.345863 0.412883
0.0608678 -0.348792 0.418068 0.0885943 -0.346027 0.413145
0.0598891 -0.348901 0.418242 0.0881029 -0.346082 0.413232
0.0589104 -0.34901 0.418416 0.0871198 -0.346192 0.413407
0.0579316 -0.349119 0.41859 0.0861362 -0.346302 0.413581
0.0569529 -0.349227 0.418764 0.0851522 -0.346411 0.413756
0.0559742 -0.349336 0.418938 0.0841676 -0.346521 0.413931
0.0549955 -0.349445 0.419112 0.0831827 -0.346631 0.414106
0.0540168 -0.349554 0.419286 0.0821973 -0.346741 0.414281
0.053038 -0.349662 0.41946 0.0812118 -0.346851 0.414456
0.0520593 -0.349771 0.419634 0.0802259 -0.346961 0.414631
0.0510806 -0.34988 0.419808 0.0792399 -0.347071 0.414806
0.0501019 -0.349989 0.419982 0.0782538 -0.347181 0.414981
0.0491231 -0.350097 0.420156 0.0772676 -0.347291 0.415156
0.0481444 -0.350206 0.42033 0.0762814 -0.347401 0.415332
0.0471657 -0.350315 0.420504 0.0752953 -0.347511 0.415507
0.046187 -0.350424 0.420678 0.0743092 -0.347621 0.415682
0.0452082 -0.350532 0.420852 0.0738162 -0.347676 0.41577
0.0442295 -0.350641 0.421026 0.0723373 -0.34784 0.416032
0.0432508 -0.35075 0.4212 0.0713516 -0.34795 0.416207
0.0422721 -0.350859 0.421374 0.070366 -0.34806 0.416383
0.0412933 -0.350967 0.421548 0.0693806 -0.348169 0.416558
0.0403146 -0.351076 0.421722 0.0683954 -0.348279 0.416733
0.0393359 -0.351185 0.421896 0.0674104 -0.348388 0.416908
0.0383572 -0.351294 0.42207 0.0664256 -0.348497 0.417083
0.0373785 -0.351402 0.422244 0.0654411 -0.348607 0.417258
0.0363997 -0.351511 0.422418 0.0644567 -0.348716 0.417433
0.035421 -0.35162 0.422592 0.0634726 -0.348825 0.417607
0.0344423 -0.351729 0.422766 0.0624887 -0.348935 0.417782
0.0334636 -0.351837 0.42294 0.061505 -0.349044 0.417957
0.0324848 -0.351946 0.423114 0.0605216 -0.349153 0.418132
0.0315061 -0.352055 0.423288 0.0595384 -0.349262 0.418307
0.0305274 -0.352164 0.423462 0.0585554 -0.349371 0.418481
0.0295487 -0.352272 0.423636 0.0575727 -0.34948 0.418656
0.0285699 -0.352381 0.42381 0.0565901 -0.349589 0.418831
0.0275912 -0.35249 0.423984 0.0556078 -0.349698 0.419005
0.0266125 -0.352599 0.424158 0.0546257 -0.349807 0.41918
0.0256338 -0.352707 0.424332 0.0536439 -0.349916 0.419355
0.024655 -0.352816 0.424506 0.0526621 -0.350025 0.419529
0.0236763 -0.352925 0.42468 0.0516807 -0.350133 0.419704
0.0226976 -0.353034 0.424854 0.0506993 -0.350242 0.419878
0.0217189 -0.353142 0.425028 0.0497182 -0.350351 0.420053
0.0207402 -0.353251 0.425202 0.0487373 -0.35046 0.420227
0.0197614 -0.35336 0.425376 0.0477565 -0.350568 0.420401
0.0187827 -0.353469 0.42555 0.0467759 -0.350677 0.420576
0.017804 -0.353577 0.425724 0.0457954 -0.350786 0.42075
0.0168253 -0.353686 0.425898 0.0448151 -0.350895 0.420925
0.0158465 -0.353795 0.426072 0.044325 -0.350949 0.421012
0.0148678 -0.353904 0.426246 0.0428549 -0.351112 0.421273
0.0138891 -0.354012 0.42642 0.0418751 -0.35122 0.421448
0.0129104 -0.354121 0.426594 0.0408953 -0.351329 0.421622
0.0119316 -0.35423 0.426768 0.0399157 -0.351438 0.421796
0.0109529 -0.354339 0.426942 0.0389361 -0.351546 0.42197
0.0099742 -0.354447 0.427116 0.0379567 -0.351655 0.422145
0.00899547 -0.354556 0.42729 0.0369774 -0.351763 0.422319
0.00801675 -0.354665 0.427464 0.0364878 -0.351818 0.422406
0.00703803 -0.354774 0.427638 0.035019 -0.351981 0.422667
0.0060593 -0.354882 0.427812 0.03404 -0.352089 0.422841
0.00508058 -0.354991 0.427986 0.033061 -0.352198 0.423016
0.00410186 -0.3551 0.42816 0.0320822 -0.352306 0.42319
0.00312313 -0.355209 0.428334 0.0311034 -0.352415 0.423364
0.00214441 -0.355317 0.428508 0.0301247 -0.352523 0.423538
0.00116569 -0.355426 0.428682 0.029146 -0.352632 0.423712
0.000186962 -0.355535 0.428856 0.0281674 -0.35274 0.423886
-0.000791762 -0.355644 0.42903 0.0271888 -0.352849 0.42406
-0.00177049 -0.355752 0.429204 0.0262104 -0.352957 0.424235
-0.00274921 -0.355861 0.429378 0.0252319 -0.353066 0.424409
-0.00372793 -0.35597 0.429552 0.0242535 -0.353174 0.424583
-0.00470666 -0.356079 0.429726 0.0232752 -0.353283 0.424757
-0.00568538 -0.356187 0.4299 0.022786 -0.353337 0.424844
-0.0066641 -0.356296 0.430074 0.0213186 -0.3535 0.425105
-0.00764283 -0.356405 0.430248 0.0203404 -0.353608 0.425279
-0.00862155 -0.356514 0.430422 0.0193622 -0.353717 0.425454
-0.00960027 -0.356622 0.430596 0.0183841 -0.353825 0.425628
-0.010579 -0.356731 0.43077 0.0174059 -0.353934 0.425802
-0.0115577 -0.35684 0.430944 0.0164279 -0.354042 0.425976
-0.0125364 -0.356948 0.431118 0.0154498 -0.354151 0.42615
-0.0135152 -0.357057 0.431292 0.0144717 -0.354259 0.426324
-0.0144939 -0.357166 0.431466 0.0134937 -0.354368 0.426498
-0.0154726 -0.357275 0.43164 0.0125167 -0.354476 0.426672
-0.0164513 -0.357383 0.431814 0.0115429 -0.354584 0.426846
-0.0174301 -0.357492 0.431988 0.0105719 -0.354691 0.427019
-0.0184088 -0.357601 0.432162 0.00960127 -0.354799 0.427191
-0.0193875 -0.35771 0.432336 0.00862977 -0.354906 0.427364
-0.0203662 -0.357818 0.43251 0.00765735 -0.355014 0.427538
-0.021345 -0.357927 0.432684 0.0071709 -0.355067 0.427624
-0.0223237 -0.358036 0.432858 0.00619739 -0.355175 0.427798
-0.0233024 -0.358145 0.433032 0.0047359 -0.355337 0.428058
-0.0242811 -0.358253 0.433206 0.0037608 -0.355446 0.428232
-0.0252598 -0.358362 0.43338 0.00278523 -0.355554 0.428405
-0.0262386 -0.358471 0.433554 0.00180913 -0.355662 0.428579
-0.0272173 -0.35858 0.433728 0.00083266 -0.355771 0.428753
-0.028196 -0.358688 0.433902 0.000344256 -0.355825 0.42884
-0.0291747 -0.358797 0.434076 -0.000144255 -0.355879 0.428927
-0.0301535 -0.358906 0.43425 -0.0016102 -0.356042 0.429188
-0.0311322 -0.359015 0.434424 -0.00307682 -0.356205 0.42945
-0.0321109 -0.359123 0.434597 -0.00405491 -0.356314 0.429624
-0.0330896 -0.359232 0.434771 -0.00503315 -0.356422 0.429798
-0.0340684 -0.359341 0.434945 -0.00601164 -0.356531 0.429972
-0.0350471 -0.35945 0.435119 -0.00699061 -0.35664 0.430147
-0.0360258 -0.359558 0.435293 -0.00797087 -0.356749 0.430321
-0.0370045 -0.359667 0.435467 -0.00895218 -0.356858 0.430496
-0.0379833 -0.359776 0.435641 -0.00993375 -0.356967 0.430671
-0.038962 -0.359885 0.435815 -0.010915 -0.357076 0.430846
-0.0399407 -0.359993 0.435989 -0.0118962 -0.357185 0.431021
-0.0409194 -0.360102 0.436163 -0.012877 -0.357294 0.431196
-0.0418981 -0.360211 0.436337 -0.0138577 -0.357403 0.431371
-0.0428769 -0.36032 0.436511 -0.0148381 -0.357512 0.431545
-0.0438556 -0.360428 0.436685 -0.0153283 -0.357567 0.431633
-0.0448343 -0.360537 0.436859 -0.0167985 -0.35773 0.431895
-0.045813 -0.360646 0.437033 -0.0177785 -0.357839 0.432069
-0.0467918 -0.360755 0.437207 -0.0187582 -0.357947 0.432244
-0.0477705 -0.360863 0.437381 -0.0197379 -0.358056 0.432418
-0.0487492 -0.360972 0.437555 -0.0207174 -0.358165 0.432593
-0.0497279 -0.361081 0.437729 -0.0216968 -0.358273 0.432768
-0.0507067 -0.36119 0.437903 -0.022676 -0.358382 0.432942
-0.0516854 -0.361298 0.438077 -0.0236552 -0.358491 0.433117
-0.0526641 -0.361407 0.438251 -0.0246342 -0.358599 0.433291
-0.0536428 -0.361516 0.438425 -0.0256131 -0.358708 0.433466
-0.0546216 -0.361625 0.438599 -0.0265919 -0.358816 0.43364
-0.0556003 -0.361733 0.438773 -0.0275707 -0.358925 0.433815
-0.056579 -0.361842 0.438947 -0.0285493 -0.359033 0.433989
-0.0575577 -0.361951 0.439121 -0.0295279 -0.359142 0.434163
-0.0585364 -0.36206 0.439295 -0.0305063 -0.35925 0.434338
-0.0595152 -0.362168 0.439469 -0.0314846 -0.359359 0.434512
-0.0604939 -0.362277 0.439643 -0.0324629 -0.359467 0.434687
-0.0614726 -0.362386 0.439817 -0.0334412 -0.359576 0.434861
-0.0624513 -0.362495 0.439991 -0.0344194 -0.359684 0.435035
-0.0634301 -0.362603 0.440165 -0.0353976 -0.359793 0.43521
-0.0644088 -0.362712 0.440339 -0.0363757 -0.359901 0.435384
-0.0653875 -0.362821 0.440513 -0.0373538 -0.36001 0.435559
-0.0663662 -0.36293 0.440687 -0.0383319 -0.360118 0.435733
-0.067345 -0.363038 0.440861 -0.03931 -0.360227 0.435907
-0.0683237 -0.363147 0.441035 -0.039799 -0.360281 0.435995
-0.0693024 -0.363256 0.441209 -0.040777 -0.360389 0.436169
-0.0702811 -0.363365 0.441383 -0.041755 -0.360498 0.436343
-0.0712599 -0.363473 0.441557 -0.042733 -0.360606 0.436518
-0.0722386 -0.363582 0.441731 -0.043711 -0.360715 0.436692
-0.0732173 -0.363691 0.441905 -0.0451781 -0.360877 0.436954
-0.074196 -0.3638 0.442079 -0.0456672 -0.360932 0.437041
-0.0751747 -0.363908 0.442253 -0.0466457 -0.36104 0.437215
-0.0761535 -0.364017 0.442427 -0.0481143 -0.361203 0.437477
-0.0771322 -0.364126 0.442601 -0.0486042 -0.361258 0.437565
-0.0781109 -0.364235 0.442775 -0.0495849 -0.361366 0.43774
-0.0790896 -0.364343 0.442949 -0.0510563 -0.36153 0.438002
-0.0800684 -0.364452 0.443123 -0.0515466 -0.361584 0.438089
-0.0810471 -0.364561 0.443297 -0.052527 -0.361693 0.438264
-0.0820258 -0.36467 0.443471 -0.0539969 -0.361856 0.438526
-0.0830045 -0.364778 0.443645 -0.0544868 -0.361911 0.438614
-0.0839833 -0.364887 0.443819 -0.0554663 -0.362019 0.438788
-0.084962 -0.364996 0.443993 -0.0569352 -0.362182 0.43905
-0.0859407 -0.365105 0.444167 -0.0579143 -0.362291 0.439225
-0.0869194 -0.365213 0.444341 -0.0584038 -0.362345 0.439312
-0.0878982 -0.365322 0.444515 -0.0593826 -0.362454 0.439487
-0.0888769 -0.365431 0.444689 -0.0603612 -0.362562 0.439661
-0.0898556 -0.36554 0.444863 -0.0618287 -0.362725 0.439923
-0.0908343 -0.365648 0.445037 -0.0623178 -0.362779 0.44001
-0.091813 -0.365757 0.445211 -0.063296 -0.362888 0.440185
-0.0927918 -0.365866 0.445385 -0.064274 -0.362996 0.440359
-0.0937705 -0.365974 0.445559 -0.065252 -0.363105 0.440534
-0.0947492 -0.366083 0.445733 -0.0662299 -0.363213 0.440708
-0.0957279 -0.366192 0.445907 -0.0667189 -0.363267 0.440795
-0.0967067 -0.366301 0.446081 -0.0681855 -0.36343 0.441057
-0.0976854 -0.366409 0.446255 -0.0686743 -0.363484 0.441144
-0.0986641 -0.366518 0.446429 -0.0701407 -0.363647 0.441406
-0.0996428 -0.366627 0.446603 -0.0711182 -0.363755 0.44158
-0.100622 -0.366736 0.446777 -0.0720956 -0.363863 0.441754
-0.1016 -0.366844 0.446951 -0.0730731 -0.363972 0.441929
-0.102579 -0.366953 0.447125 -0.0745394 -0.364134 0.44219
-0.103558 -0.367062 0.447299 -0.0750281 -0.364189 0.442277
-0.104536 -0.367171 0.447473 -0.0764947 -0.364351 0.442539
-0.105515 -0.367279 0.447647 -0.0774727 -0.36446 0.442713
-0.106494 -0.367388 0.447821 -0.0784507 -0.364568 0.442888
-0.107473 -0.367497 0.447995 -0.0789396 -0.364623 0.442975
-0.108451 -0.367606 0.448169 -0.0799176 -0.364731 0.44315
-0.10943 -0.367714 0.448343 -0.0813848 -0.364894 0.443411
-0.110409 -0.367823 0.448517 -0.0823629 -0.365002 0.443586
-0.111388 -0.367932 0.448691 -0.0828519 -0.365057 0.443673
-0.112366 -0.368041 0.448865 -0.0843188 -0.365219 0.443935
-0.113345 -0.368149 0.449039 -0.0848077 -0.365274 0.444022
-0.114324 -0.368258 0.449213 -0.0862745 -0.365436 0.444284
-0.115302 -0.368367 0.449387 -0.0872528 -0.365545 0.444458
-0.116281 -0.368476 0.449561 -0.0877424 -0.365599 0.444545
-0.11726 -0.368584 0.449735 -0.0887228 -0.365708 0.44472
-0.118239 -0.368693 0.449909 -0.0897039 -0.365817 0.444895
-0.119217 -0.368802 0.450083 -0.0911749 -0.365981 0.445158
-0.120196 -0.368911 0.450257 -0.0921551 -0.36609 0.445333
-0.121175 -0.369019 0.450431 -0.0931348 -0.366199 0.445508
-0.122153 -0.369128 0.450605 -0.0941142 -0.366307 0.445682
-0.123132 -0.369237 0.450779 -0.0950933 -0.366416 0.445857
-0.124111 -0.369346 0.450953 -0.0960721 -0.366525 0.446032
-0.12509 -0.369454 0.451127 -0.0970506 -0.366633 0.446206
-0.126068 -0.369563 0.451301 -0.0980289 -0.366742 0.446381
-0.127047 -0.369672 0.451475 -0.099007 -0.36685 0.446555
-0.128026 -0.369781 0.451649 -0.0999849 -0.366959 0.44673
-0.129005 -0.369889 0.451823 -0.100963 -0.367067 0.446904
-0.129983 -0.369998 0.451997 -0.10194 -0.367175 0.447078
-0.130962 -0.370107 0.452171 -0.102918 -0.367284 0.447253
-0.131941 -0.370216 0.452345 -0.103895 -0.367392 0.447427
-0.132919 -0.370324 0.452519 -0.104872 -0.3675 0.447601
-0.133898 -0.370433 0.452693 -0.105361 -0.367555 0.447688
-0.134877 -0.370542 0.452867 -0.106827 -0.367717 0.44795
-0.135856 -0.370651 0.453041 -0.107804 -0.367826 0.448124
-0.136834 -0.370759 0.453215 -0.108781 -0.367934 0.448298
-0.137813 -0.370868 0.453389 -0.109758 -0.368042 0.448473
-0.138792 -0.370977 0.453563 -0.110735 -0.368151 0.448647
-0.139771 -0.371086 0.453737 -0.111712 -0.368259 0.448821
-0.140749 -0.371194 0.453911 -0.112689 -0.368367 0.448996
-0.141728 -0.371303 0.454085 -0.113666 -0.368476 0.44917
-0.142707 -0.371412 0.454259 -0.114643 -0.368584 0.449344
-0.143685 -0.371521 0.454433 -0.11562 -0.368693 0.449518
-0.144664 -0.371629 0.454607 -0.116597 -0.368801 0.449693
-0.145643 -0.371738 0.454781 -0.117574 -0.368909 0.449867
-0.146622 -0.371847 0.454955 -0.118551 -0.369018 0.450041
-0.1476 -0.371956 0.455129 -0.119528 -0.369126 0.450215
-0.148579 -0.372064 0.455303 -0.120505 -0.369235 0.45039
-0.149558 -0.372173 0.455477 -0.121482 -0.369343 0.450564
-0.150536 -0.372282 0.455651 -0.122459 -0.369451 0.450738
-0.151515 -0.372391 0.455825 -0.123437 -0.36956 0.450913
-0.152494 -0.372499 0.455999 -0.124414 -0.369668 0.451087
-0.153473 -0.372608 0.456173 -0.125391 -0.369777 0.451261
-0.154451 -0.372717 0.456347 -0.126368 -0.369885 0.451436
-0.15543 -0.372826 0.456521 -0.127346 -0.369994 0.45161
-0.156409 -0.372934 0.456695 -0.128323 -0.370102 0.451784
-0.157388 -0.373043 0.456869 -0.1293 -0.370211 0.451959
-0.158366 -0.373152 0.457043 -0.130278 -0.370319 0.452133
-0.159345 -0.373261 0.457217 -0.131255 -0.370428 0.452307
-0.160324 -0.373369 0.457391 -0.132233 -0.370536 0.452482
-0.161302 -0.373478 0.457565 -0.13321 -0.370645 0.452656
-0.162281 -0.373587 0.457739 -0.134188 -0.370753 0.45283
-0.16326 -0.373696 0.457913 -0.135166 -0.370862 0.453005
-0.164239 -0.373804 0.458087 -0.136143 -0.37097 0.453179
-0.165217 -0.373913 0.458261 -0.137121 -0.371079 0.453354
-0.166196 -0.374022 0.458435 -0.138099 -0.371187 0.453528
-0.167175 -0.374131 0.458609 -0.139077 -0.371296 0.453702
-0.168153 -0.374239 0.458783 -0.140054 -0.371404 0.453877
-0.169132 -0.374348 0.458957 -0.141032 -0.371513 0.454051
-0.170111 -0.374457 0.459131 -0.14201 -0.371622 0.454226
-0.17109 -0.374566 0.459305 -0.142989 -0.37173 0.4544
-0.172068 -0.374674 0.459479 -0.143968 -0.371839 0.454575
-0.173047 -0.374783 0.459653 -0.144947 -0.371948 0.454749
-0.174026 -0.374892 0.459827 -0.145925 -0.372056 0.454924
-0.175005 -0.375001 0.460001 -0.146904 -0.372165 0.455099
-0.175983 -0.375109 0.460175 -0.147883 -0.372274 0.455273
-0.176962 -0.375218 0.460349 -0.148861 -0.372382 0.455448
-0.177941 -0.375327 0.460523 -0.14984 -0.372491 0.455622
-0.178919 -0.375435 0.460697 -0.150818 -0.3726 0.455797
-0.179898 -0.375544 0.460871 -0.151796 -0.372708 0.455971
-0.180877 -0.375653 0.461045 -0.152775 -0.372817 0.456146
-0.181856 -0.375762 0.461219 -0.153753 -0.372925 0.45632
-0.182834 -0.37587 0.461393 -0.154732 -0.373034 0.456495
-0.183813 -0.375979 0.461567 -0.155221 -0.373088 0.456582
-0.184792 -0.376088 0.461741 -0.156689 -0.373251 0.456844
-0.185771 -0.376197 0.461915 -0.157668 -0.37336 0.457018
-0.186749 -0.376305 0.462089 -0.158647 -0.373469 0.457193
-0.187728 -0.376414 0.462263 -0.159625 -0.373577 0.457367
-0.188707 -0.376523 0.462437 -0.160604 -0.373686 0.457542
-0.189685 -0.376632 0.462611 -0.161582 -0.373794 0.457716
-0.190664 -0.37674 0.462785 -0.162561 -0.373903 0.457891
-0.191643 -0.376849 0.462959 -0.163539 -0.374012 0.458065
-0.192622 -0.376958 0.463133 -0.164517 -0.37412 0.45824
-0.1936 -0.377067 0.463307 -0.165495 -0.374229 0.458414
-0.194579 -0.377175 0.463481 -0.166474 -0.374337 0.458589
-0.195558 -0.377284 0.463655 -0.167451 -0.374446 0.458763
-0.196536 -0.377393 0.463829 -0.168429 -0.374554 0.458937
-0.197515 -0.377502 0.464003 -0.169407 -0.374663 0.459112
-0.198494 -0.37761 0.464177 -0.170385 -0.374771 0.459286
-0.199473 -0.377719 0.464351 -0.171363 -0.37488 0.45946
-0.200451 -0.377828 0.464525 -0.17234 -0.374988 0.459635
-0.20143 -0.377937 0.464699 -0.173318 -0.375097 0.459809
-0.202409 -0.378045 0.464873 -0.174296 -0.375205 0.459983
-0.203388 -0.378154 0.465047 -0.175274 -0.375314 0.460158
-0.204366 -0.378263 0.465221 -0.176252 -0.375422 0.460332
-0.205345 -0.378372 0.465395 -0.17723 -0.375531 0.460506
-0.206324 -0.37848 0.465569 -0.178208 -0.375639 0.460681
-0.207302 -0.378589 0.465743 -0.179186 -0.375748 0.460855
-0.208281 -0.378698 0.465917 -0.180165 -0.375856 0.46103
-0.20926 -0.378807 0.466091 -0.181143 -0.375965 0.461204
-0.210239 -0.378915 0.466265 -0.182121 -0.376074 0.461378
-0.211217 -0.379024 0.466439 -0.1831 -0.376182 0.461553
-0.212196 -0.379133 0.466613 -0.184078 -0.376291 0.461727
-0.213175 -0.379242 0.466787 -0.185056 -0.376399 0.461901
-0.214153 -0.37935 0.466961 -0.186033 -0.376508 0.462076
-0.215132 -0.379459 0.467135 -0.187011 -0.376616 0.46225
-0.216111 -0.379568 0.467309 -0.18799 -0.376725 0.462425
-0.21709 -0.379677 0.467483 -0.188968 -0.376834 0.462599
-0.218068 -0.379785 0.467657 -0.189946 -0.376942 0.462773
-0.219047 -0.379894 0.467831 -0.190924 -0.377051 0.462948
-0.220026 -0.380003 0.468005 -0.191903 -0.377159 0.463122
-0.221005 -0.380112 0.468179 -0.192881 -0.377268 0.463296
-0.221983 -0.38022 0.468353 -0.193859 -0.377377 0.463471
-0.222962 -0.380329 0.468527 -0.194838 -0.377485 0.463645
-0.223941 -0.380438 0.468701 -0.195817 -0.377594 0.46382
-0.224919 -0.380547 0.468875 -0.196795 -0.377702 0.463994
-0.225898 -0.380655 0.469049 -0.197774 -0.377811 0.464169
-0.226877 -0.380764 0.469223 -0.198753 -0.37792 0.464343
-0.227856 -0.380873 0.469397 -0.199732 -0.378028 0.464518
-0.228834 -0.380982 0.469571 -0.20071 -0.378137 0.464692
-0.229813 -0.38109 0.469745 -0.201689 -0.378246 0.464867
-0.230792 -0.381199 0.469919 -0.202668 -0.378354 0.465041
-0.231771 -0.381308 0.470093 -0.203647 -0.378463 0.465216
-0.232749 -0.381417 0.470267 -0.204626 -0.378572 0.46539
-0.233728 -0.381525 0.470441 -0.205605 -0.37868 0.465565
-0.234707 -0.381634 0.470615 -0.206584 -0.378789 0.465739
-0.235685 -0.381743 0.470789 -0.207563 -0.378898 0.465914
-0.236664 -0.381852 0.470963 -0.208542 -0.379006 0.466088
-0.237643 -0.38196 0.471137 -0.209521 -0.379115 0.466263
-0.238622 -0.382069 0.471311 -0.2105 -0.379224 0.466437
-0.2396 -0.382178 0.471484 -0.211479 -0.379332 0.466612
-0.240579 -0.382287 0.471658 -0.212457 -0.379441 0.466786
-0.241558 -0.382395 0.471832 -0.213432 -0.379549 0.466959
-0.242536 -0.382504 0.472006 -0.214404 -0.379656 0.467132
-0.243515 -0.382613 0.47218 -0.215375 -0.379764 0.467305
-0.244494 -0.382722 0.472354 -0.216348 -0.379872 0.467479
-0.245473 -0.38283 0.472528 -0.217322 -0.379979 0.467652
-0.246451 -0.382939 0.472702 -0.218296 -0.380087 0.467826
-0.24743 -0.383048 0.472876 -0.219271 -0.380195 0.467999
-0.248409 -0.383157 0.47305 -0.220246 -0.380304 0.468173
-0.249388 -0.383265 0.473224 -0.221223 -0.380412 0.468347
-0.250366 -0.383374 0.473398 -0.222199 -0.38052 0.468521
-0.251345 -0.383483 0.473572 -0.223177 -0.380629 0.468695
-0.252324 -0.383592 0.473746 -0.224154 -0.380738 0.46887
-0.253302 -0.3837 0.47392 -0.225132 -0.380846 0.469044
-0.254281 -0.383809 0.474094 -0.226111 -0.380955 0.469218
-0.25526 -0.383918 0.474268 -0.22709 -0.381064 0.469393
-0.256239 -0.384027 0.474442 -0.228069 -0.381173 0.469567
-0.257217 -0.384135 0.474616 -0.229048 -0.381281 0.469742
-0.258196 -0.384244 0.47479 -0.230027 -0.38139 0.469916
-0.259175 -0.384353 0.474964 -0.231007 -0.381499 0.470091
-0.260153 -0.384461 0.475138 -0.231987 -0.381608 0.470266
-0.261132 -0.38457 0.475312 -0.232967 -0.381717 0.47044
-0.262111 -0.384679 0.475486 -0.233947 -0.381826 0.470615
-0.26309 -0.384788 0.47566 -0.234927 -0.381935 0.47079
-0.264068 -0.384896 0.475834 -0.235907 -0.382044 0.470965
-0.265047 -0.385005 0.476008 -0.236888 -0.382153 0.471139
-0.266026 -0.385114 0.476182 -0.237868 -0.382262 0.471314
-0.267005 -0.385223 0.476356 -0.238849 -0.38237 0.471489
-0.267983 -0.385331 0.47653 -0.239829 -0.382479 0.471664
-0.268962 -0.38544 0.476704 -0.24081 -0.382588 0.471838
-0.269941 -0.385549 0.476878 -0.24179 -0.382697 0.472013
-0.270919 -0.385658 0.477052 -0.242771 -0.382806 0.472188
-0.271898 -0.385766 0.477226 -0.243751 -0.382915 0.472363
-0.272877 -0.385875 0.4774 -0.244732 -0.383024 0.472537
-0.273856 -0.385984 0.477574 -0.245712 -0.383133 0.472712
-0.274834 -0.386093 0.477748 -0.246693 -0.383242 0.472887
-0.275813 -0.386201 0.477922 -0.247674 -0.383351 0.473061
-0.276792 -0.38631 0.478096 -0.248655 -0.38346 0.473236
-0.277771 -0.386419 0.47827 -0.249637 -0.383569 0.473411
-0.278749 -0.386528 0.478444 -0.250619 -0.383678 0.473586
-0.279728 -0.386636 0.478618 -0.251601 -0.383787 0.473761
-0.280707 -0.386745 0.478792 -0.252583 -0.383896 0.473936
-0.281685 -0.386854 0.478966 -0.253564 -0.384005 0.474111
-0.282664 -0.386963 0.47914 -0.254546 -0.384114 0.474286
-0.283643 -0.387071 0.479314 -0.255036 -0.384168 0.474373
-0.284622 -0.38718 0.479488 -0.256507 -0.384332 0.474635
-0.2856 -0.387289 0.479662 -0.257488 -0.38444 0.47481
-0.286579 -0.387398 0.479836 -0.258469 -0.384549 0.474985
-0.287558 -0.387506 0.48001 -0.259449 -0.384658 0.475159
-0.288536 -0.387615 0.480184 -0.260431 -0.384767 0.475334
-0.289515 -0.387724 0.480358 -0.261413 -0.384876 0.475509
-0.290494 -0.387833 0.480532 -0.262395 -0.384985 0.475684
-0.291473 -0.387941 0.480706 -0.263376 -0.385094 0.475859
-0.292451 -0.38805 0.48088 -0.264358 -0.385203 0.476034
-0.29343 -0.388159 0.481054 -0.265339 -0.385312 0.476209
-0.294409 -0.388268 0.481228 -0.26632 -0.385421 0.476383
-0.295388 -0.388376 0.481402 -0.2673 -0.38553 0.476558
-0.296366 -0.388485 0.481576 -0.26828 -0.385639 0.476732
-0.297345 -0.388594 0.48175 -0.269261 -0.385747 0.476907
-0.298324 -0.388703 0.481924 -0.270241 -0.385856 0.477082
-0.299302 -0.388811 0.482098 -0.271222 -0.385965 0.477256
-0.300281 -0.38892 0.482272 -0.272203 -0.386074 0.477431
-0.30126 -0.389029 0.482446 -0.273184 -0.386183 0.477606
-0.302239 -0.389138 0.48262 -0.274164 -0.386291 0.47778
-0.303217 -0.389246 0.482794 -0.275144 -0.3864 0.477955
-0.304196 -0.389355 0.482968 -0.275634 -0.386454 0.478042
-0.305175 -0.389464 0.483142 -0.277103 -0.386617 0.478304
-0.306153 -0.389573 0.483316 -0.278083 -0.386726 0.478478
-0.307132 -0.389681 0.48349 -0.279062 -0.386835 0.478652
-0.308111 -0.38979 0.483664 -0.280041 -0.386943 0.478827
-0.30909 -0.389899 0.483838 -0.28102 -0.387052 0.479001
-0.310068 -0.390008 0.484012 -0.281999 -0.387161 0.479175
-0.311047 -0.390116 0.484186 -0.282978 -0.387269 0.47935
-0.312026 -0.390225 0.48436 -0.283956 -0.387378 0.479524
-0.313005 -0.390334 0.484534 -0.284935 -0.387486 0.479698
-0.313983 -0.390443 0.484708 -0.285424 -0.38754 0.479785
-0.314962 -0.390551 0.484882 -0.286891 -0.387703 0.480046
-0.315941 -0.39066 0.485056 -0.287865 -0.387811 0.48022
-0.316919 -0.390769 0.48523 -0.288836 -0.387918 0.480392
-0.317898 -0.390878 0.485404 -0.289802 -0.388025 0.480564
-0.318877 -0.390986 0.485578 -0.290285 -0.388078 0.48065
-0.319856 -0.391095 0.485752 -0.29125 -0.388184 0.480821
-0.320834 -0.391204 0.485926 -0.292216 -0.388291 0.480993
-0.321813 -0.391313 0.4861 -0.293184 -0.388398 0.481165
-0.322792 -0.391421 0.486274 -0.294153 -0.388505 0.481337
-0.323771 -0.39153 0.486448 -0.295124 -0.388613 0.48151
-0.324749 -0.391639 0.486622 -0.296097 -0.388721 0.481683
-0.325728 -0.391748 0.486796 -0.297071 -0.388829 0.481857
-0.326707 -0.391856 0.48697 -0.298046 -0.388937 0.482031
-0.327685 -0.391965 0.487144 -0.299022 -0.389046 0.482205
-0.328664 -0.392074 0.487318 -0.3 -0.389155 0.482379
-0.329643 -0.392183 0.487492 -0.300978 -0.389264 0.482553
-0.330622 -0.392291 0.487666 -0.301957 -0.389373 0.482728
-0.3316 -0.3924 0.48784 -0.302936 -0.389482 0.482902
-0.332579 -0.392509 0.488014 -0.303917 -0.389591 0.483077
-0.333558 -0.392618 0.488188 -0.304899 -0.3897 0.483252
-0.334536 -0.392726 0.488362 -0.305885 -0.38981 0.483428
-0.335515 -0.392835 0.488536 -0.306873 -0.389921 0.483604
-0.336494 -0.392944 0.48871 -0.30786 -0.390031 0.483781
-0.337473 -0.393053 0.488884 -0.308846 -0.390141 0.483957
-0.338451 -0.393161 0.489058 -0.309832 -0.390251 0.484132
-0.33943 -0.39327 0.489232 -0.310818 -0.390361 0.484308
-0.340409 -0.393379 0.489406 -0.311805 -0.390471 0.484484
-0.341388 -0.393488 0.48958 -0.312792 -0.390581 0.48466
-0.342366 -0.393596 0.489754 -0.313778 -0.39069 0.484836
-0.343345 -0.393705 0.489928 -0.314763 -0.3908 0.485012
-0.344324 -0.393814 0.490102 -0.315748 -0.39091 0.485187
-0.345302 -0.393922 0.490276 -0.316733 -0.391019 0.485362
-0.346281 -0.394031 0.49045 -0.317716 -0.391128 0.485538
-0.34726 -0.39414 0.490624 -0.3187 -0.391238 0.485713
-0.348239 -0.394249 0.490798 -0.319682 -0.391347 0.485888
-0.349217 -0.394357 0.490972 -0.320664 -0.391456 0.486062
-0.350196 -0.394466 0.491146 -0.321646 -0.391565 0.486237
-0.351175 -0.394575 0.49132 -0.322628 -0.391673 0.486412
-0.352154 -0.394684 0.491494 -0.323609 -0.391782 0.486587
-0.353132 -0.394792 0.491668 -0.32459 -0.391891 0.486761
-0.354111 -0.394901 0.491842 -0.325571 -0.392 0.486936
-0.35509 -0.39501 0.492016 -0.326552 -0.392109 0.48711
-0.356068 -0.395119 0.49219 -0.327533 -0.392218 0.487285
-0.357047 -0.395227 0.492364 -0.328514 -0.392326 0.48746
-0.358026 -0.395336 0.492538 -0.329494 -0.392435 0.487634
-0.359005 -0.395445 0.492712 -0.330474 -0.392544 0.487809
-0.359983 -0.395554 0.492886 -0.331454 -0.392653 0.487983
-0.360962 -0.395662 0.49306 -0.332434 -0.392761 0.488157
-0.361941 -0.395771 0.493234 -0.333414 -0.39287 0.488332
-0.362919 -0.39588 0.493408 -0.334395 -0.392979 0.488506
-0.363898 -0.395989 0.493582 -0.33538 -0.393089 0.488682
-0.364877 -0.396097 0.493756 -0.336366 -0.393198 0.488858
-0.365856 -0.396206 0.49393 -0.337356 -0.393309 0.489034
-0.366834 -0.396315 0.494104 -0.338347 -0.393419 0.489211
-0.367813 -0.396424 0.494278 -0.33934 -0.39353 0.489388
-0.368792 -0.396532 0.494452 -0.340334 -0.393641 0.489566
-0.369771 -0.396641 0.494626 -0.34133 -0.393753 0.489743
-0.370749 -0.39675 0.4948 -0.342326 -0.393864 0.489921
-0.371728 -0.396859 0.494974 -0.343324 -0.393975 0.490099
-0.372707 -0.396967 0.495148 -0.344322 -0.394087 0.490277
-0.373685 -0.397076 0.495322 -0.345321 -0.394198 0.490456
-0.374664 -0.397185 0.495496 -0.34632 -0.39431 0.490634
-0.375643 -0.397294 0.49567 -0.34732 -0.394422 0.490812
-0.376622 -0.397402 0.495844 -0.348319 -0.394533 0.490991
-0.3776 -0.397511 0.496018 -0.349319 -0.394645 0.491169
-0.378579 -0.39762 0.496192 -0.350319 -0.394756 0.491347
-0.379558 -0.397729 0.496366 -0.351318 -0.394868 0.491525
-0.380536 -0.397837 0.49654 -0.352318 -0.394979 0.491704
-0.381515 -0.397946 0.496714 -0.353317 -0.39509 0.491882
-0.382494 -0.398055 0.496888 -0.354316 -0.395201 0.49206
-0.383473 -0.398164 0.497062 -0.355314 -0.395312 0.492238
-0.384451 -0.398272 0.497236 -0.356312 -0.395423 0.492415
-0.38543 -0.398381 0.49741 -0.35731 -0.395534 0.492593
-0.386409 -0.39849 0.497584 -0.358306 -0.395645 0.492771
-0.387388 -0.398599 0.497758 -0.359303 -0.395756 0.492948
-0.388366 -0.398707 0.497932 -0.360299 -0.395866 0.493125
-0.389345 -0.398816 0.498106 -0.361295 -0.395977 0.493303
-0.390324 -0.398925 0.49828 -0.36229 -0.396087 0.49348
-0.391302 -0.399034 0.498454 -0.363285 -0.396198 0.493657
-0.392281 -0.399142 0.498628 -0.364279 -0.396308 0.493834
-0.39326 -0.399251 0.498802 -0.365272 -0.396418 0.49401
-0.394239 -0.39936 0.498976 -0.365768 -0.396473 0.494099
-0.395217 -0.399469 0.49915 -0.36676 -0.396583 0.494275
-0.396196 -0.399577 0.499324 -0.369239 -0.396858 0.494716
-0.397175 -0.399686 0.499498 -0.370229 -0.396968 0.494892
-0.398154 -0.399795 0.499672 -0.371215 -0.397077 0.495067
-0.399132 -0.399904 0.499846 -0.372195 -0.397185 0.495241
-0.400111 -0.400012 0.50002 -0.373169 -0.397292 0.495414
-0.399132 -0.399904 0.499846 -0.374136 -0.397398 0.495585
-0.400111 -0.400012 0.50002 -0.375097 -0.397503 0.495755
-0.399132 -0.399904 0.499846 -0.376054 -0.397607 0.495924
-0.400111 -0.400012 0.50002 -0.377007 -0.397711 0.496092
-0.399132 -0.399904 0.499846 -0.377951 -0.397814 0.496259
-0.400111 -0.400012 0.50002 -0.378884 -0.397915 0.496423
-0.399132 -0.399904 0.499846 -0.379803 -0.398014 0.496585
-0.400111 -0.400012 0.50002 -0.380705 -0.398111 0.496743
-0.399132 -0.399904 0.499846 -0.381588 -0.398204 0.496897
-0.400111 -0.400012 0.50002 -0.382449 -0.398295 0.497047
-0.399132 -0.399904 0.499846 -0.383288 -0.398382 0.497192
-0.400111 -0.400012 0.50002 -0.384104 -0.398467 0.497333
-0.399132 -0.399904 0.499846 -0.384894 -0.398547 0.497469
-0.400111 -0.400012 0.50002 -0.385659 -0.398625 0.4976
-0.399132 -0.399904 0.499846 -0.386398 -0.398699 0.497726
-0.400111 -0.400012 0.50002 -0.38711 -0.39877 0.497847
-0.399132 -0.399904 0.499846 -0.387795 -0.398838 0.497963
-0.400111 -0.400012 0.50002 -0.388454 -0.398902 0.498075
-0.399132 -0.399904 0.499846 -0.389086 -0.398964 0.498181
-0.400111 -0.400012 0.50002 -0.389692 -0.399022 0.498283
-0.399132 -0.399904 0.499846 -0.390273 -0.399078 0.49838
-0.400111 -0.400012 0.50002 -0.390833 -0.399131 0.498473
-0.399132 -0.399904 0.499846 -0.391368 -0.399182 0.498563
-0.400111 -0.400012 0.50002 -0.391878 -0.399229 0.498647
-0.399132 -0.399904 0.499846 -0.392362 -0.399275 0.498728
-0.400111 -0.400012 0.50002 -0.392822 -0.399317 0.498804
-0.399132 -0.399904 0.499846 -0.393466 -0.399377 0.49891
-0.400111 -0.400012 0.50002 -0.393867 -0.399413 0.498976
-0.399132 -0.399904 0.499846 -0.394246 -0.399448 0.499038
-0.400111 -0.400012 0.50002 -0.394605 -0.39948 0.499097
-0.399132 -0.399904 0.499846 -0.394942 -0.399511 0.499152
-0.400111 -0.400012 0.50002 -0.39526 -0.39954 0.499204
-0.399132 -0.399904 0.499846 -0.395559 -0.399567 0.499253
-0.400111 -0.400012 0.50002 -0.39584 -0.399592 0.499299
-0.399132 -0.399904 0.499846 -0.396104 -0.399615 0.499342
-0.400111 -0.400012 0.50002 -0.396351 -0.399637 0.499382
-0.399132 -0.399904 0.499846 -0.396582 -0.399658 0.49942
-0.400111 -0.400012 0.50002 -0.396798 -0.399678 0.499455
-0.399132 -0.399904 0.499846 -0.397 -0.399696 0.499488
-0.400111 -0.400012 0.50002 -0.397189 -0.399712 0.499519
-0.399132 -0.399904 0.499846 -0.397364 -0.399728 0.499548
-0.400111 -0.400012 0.50002 -0.397529 -0.399743 0.499574
-0.399132 -0.399904 0.499846 -0.397685 -0.399757 0.4996
-0.400111 -0.400012 0.50002 -0.397833 -0.399771 0.499624
-0.399132 -0.399904 0.499846 -0.397972 -0.399783 0.499647
-0.400111 -0.400012 0.50002 -0.398099 -0.399795 0.499668
-0.399132 -0.399904 0.499846 -0.398217 -0.399806 0.499687
-0.400111 -0.400012 0.50002 -0.398325 -0.399816 0.499705
-0.399132 -0.399904 0.499846 -0.398424 -0.399825 0.499721
-0.400111 -0.400012 0.50002 -0.398516 -0.399833 0.499737
-0.399132 -0.399904 0.499846 -0.398599 -0.399841 0.49975
-0.400111 -0.400012 0.50002 -0.398675 -0.399848 0.499763
-0.399132 -0.399904 0.499846 -0.398745 -0.399855 0.499774
-0.400111 -0.400012 0.50002 -0.398808 -0.399861 0.499785
-0.399132 -0.399904 0.499846 -0.398865 -0.399866 0.499795
-0.400111 -0.400012 0.50002 -0.398917 -0.399871 0.499803
-0.399132 -0.399904 0.499846 -0.398964 -0.399876 0.499811
-0.400111 -0.400012 0.50002 -0.399006 -0.39988 0.499818
-0.399132 -0.399904 0.499846 -0.399044 -0.399884 0.499825
