0.499336 -0.300074 0.340118 0.500314 -0.299964 0.339943
0.498357 -0.300183 0.340292 0.500314 -0.299964 0.339943
0.497379 -0.300291 0.340466 0.500314 -0.299964 0.339943
0.4964 -0.3004 0.34064 0.500314 -0.299964 0.339943
0.495421 -0.300509 0.340814 0.500312 -0.299964 0.339944
0.494442 -0.300618 0.340988 0.500295 -0.299966 0.339947
0.493464 -0.300726 0.341162 0.50027 -0.299969 0.339951
0.492485 -0.300835 0.341336 0.50023 -0.299974 0.339959
0.491506 -0.300944 0.34151 0.500172 -0.29998 0.339969
0.490527 -0.301053 0.341684 0.500096 -0.299989 0.339983
0.489549 -0.301161 0.341858 0.499998 -0.3 0.340001
0.48857 -0.30127 0.342032 0.499941 -0.300007 0.340011
0.487591 -0.301379 0.342206 0.499877 -0.300014 0.340023
0.486613 -0.301487 0.34238 0.499563 -0.30005 0.34008
0.485634 -0.301596 0.342554 0.499367 -0.300073 0.340116
0.484655 -0.301705 0.342728 0.499144 -0.300099 0.340157
0.483676 -0.301814 0.342902 0.498894 -0.300128 0.340203
0.482698 -0.301922 0.343076 0.498618 -0.300161 0.340254
0.481719 -0.302031 0.34325 0.498314 -0.300196 0.34031
0.48074 -0.30214 0.343424 0.497982 -0.300235 0.340371
0.479761 -0.302249 0.343598 0.497624 -0.300277 0.340438
0.478783 -0.302357 0.343772 0.497239 -0.300322 0.340509
0.477804 -0.302466 0.343946 0.496828 -0.300371 0.340585
0.476825 -0.302575 0.34412 0.496392 -0.300422 0.340666
0.475847 -0.302684 0.344294 0.495932 -0.300476 0.340751
0.474868 -0.302792 0.344468 0.495692 -0.300505 0.340796
0.473889 -0.302901 0.344642 0.494937 -0.300594 0.340935
0.47291 -0.30301 0.344816 0.494404 -0.300656 0.341034
0.471932 -0.303119 0.34499 0.49413 -0.300689 0.341085
0.470953 -0.303227 0.345164 0.49385 -0.300722 0.341137
0.469974 -0.303336 0.345338 0.493276 -0.300789 0.341243
0.468996 -0.303445 0.345512 0.49268 -0.300859 0.341354
0.468017 -0.303554 0.345686 0.492058 -0.300933 0.341469
0.467038 -0.303662 0.34586 0.491414 -0.301009 0.341588
0.466059 -0.303771 0.346034 0.490749 -0.301087 0.341711
0.465081 -0.30388 0.346208 0.490409 -0.301127 0.341774
0.464102 -0.303989 0.346382 0.490065 -0.301168 0.341838
0.463123 -0.304097 0.346556 0.488275 -0.301378 0.342169
0.462144 -0.304206 0.34673 0.48753 -0.301465 0.342306
0.461166 -0.304315 0.346904 0.487151 -0.30151 0.342376
0.460187 -0.304424 0.347078 0.485994 -0.301645 0.342589
0.459208 -0.304532 0.347252 0.485601 -0.301691 0.342661
0.45823 -0.304641 0.347426 0.484403 -0.301831 0.342881
0.457251 -0.30475 0.3476 0.48359 -0.301925 0.343031
0.456272 -0.304859 0.347774 0.482766 -0.302021 0.343181
0.455293 -0.304967 0.347948 0.481932 -0.302117 0.343334
0.454315 -0.305076 0.348122 0.481087 -0.302215 0.343488
0.453336 -0.305185 0.348296 0.480231 -0.302314 0.343645
0.452357 -0.305294 0.34847 0.479366 -0.302414 0.343802
0.451379 -0.305402 0.348644 0.478492 -0.302515 0.343961
0.4504 -0.305511 0.348818 0.477609 -0.302616 0.344122
0.449421 -0.30562 0.348992 0.476719 -0.302719 0.344284
0.448442 -0.305729 0.349166 0.475821 -0.302822 0.344447
0.447464 -0.305837 0.34934 0.474916 -0.302925 0.344611
0.446485 -0.305946 0.349514 0.474005 -0.30303 0.344776
0.445506 -0.306055 0.349688 0.473087 -0.303134 0.344942
0.444527 -0.306164 0.349862 0.472164 -0.30324 0.345108
0.443549 -0.306272 0.350036 0.471236 -0.303345 0.345276
0.44257 -0.306381 0.35021 0.470303 -0.303451 0.345444
0.441591 -0.30649 0.350384 0.469365 -0.303558 0.345613
0.440613 -0.306599 0.350558 0.468423 -0.303665 0.345782
0.439634 -0.306707 0.350732 0.467477 -0.303772 0.345952
0.438655 -0.306816 0.350906 0.466528 -0.303879 0.346123
0.437676 -0.306925 0.35108 0.465575 -0.303987 0.346294
0.436698 -0.307034 0.351254 0.46462 -0.304095 0.346465
0.435719 -0.307142 0.351428 0.463661 -0.304203 0.346637
0.43474 -0.307251 0.351602 0.4627 -0.304311 0.346809
0.433761 -0.30736 0.351776 0.461737 -0.304419 0.346981
0.432783 -0.307469 0.35195 0.460771 -0.304528 0.347154
0.431804 -0.307577 0.352124 0.460288 -0.304582 0.34724
0.430825 -0.307686 0.352298 0.458834 -0.304745 0.347499
0.429847 -0.307795 0.352472 0.457863 -0.304854 0.347673
0.428868 -0.307904 0.352646 0.45689 -0.304963 0.347846
0.427889 -0.308012 0.35282 0.455916 -0.305072 0.34802
0.42691 -0.308121 0.352994 0.454941 -0.305181 0.348193
0.425932 -0.30823 0.353168 0.453965 -0.30529 0.348367
0.424953 -0.308339 0.353342 0.452988 -0.305399 0.348541
0.423974 -0.308447 0.353516 0.452009 -0.305509 0.348715
0.422996 -0.308556 0.35369 0.451031 -0.305618 0.348889
0.422017 -0.308665 0.353864 0.450051 -0.305727 0.349063
0.421038 -0.308774 0.354038 0.449071 -0.305836 0.349237
0.420059 -0.308882 0.354212 0.448091 -0.305946 0.349411
0.419081 -0.308991 0.354386 0.44711 -0.306055 0.349585
0.418102 -0.3091 0.35456 0.446128 -0.306164 0.349759
0.417123 -0.309209 0.354734 0.445147 -0.306273 0.349934
0.416144 -0.309317 0.354908 0.444165 -0.306383 0.350108
0.415166 -0.309426 0.355082 0.443673 -0.306437 0.350195
0.414187 -0.309535 0.355256 0.442691 -0.306547 0.350369
0.413208 -0.309644 0.35543 0.441217 -0.306711 0.350631
0.41223 -0.309752 0.355604 0.440234 -0.30682 0.350805
0.411251 -0.309861 0.355778 0.439743 -0.306874 0.350892
0.410272 -0.30997 0.355952 0.438268 -0.307038 0.351153
0.409293 -0.310079 0.356126 0.437285 -0.307148 0.351327
0.408315 -0.310187 0.3563 0.436794 -0.307202 0.351414
0.407336 -0.310296 0.356474 0.435811 -0.307311 0.351589
0.406357 -0.310405 0.356648 0.43532 -0.307366 0.351676
0.405378 -0.310514 0.356822 0.433354 -0.307585 0.352024
0.4044 -0.310622 0.356996 0.432371 -0.307694 0.352198
0.403421 -0.310731 0.35717 0.431879 -0.307748 0.352285
0.402442 -0.31084 0.357344 0.430895 -0.307858 0.35246
0.401464 -0.310948 0.357518 0.429912 -0.307967 0.352634
0.400485 -0.311057 0.357692 0.428929 -0.308076 0.352808
0.399506 -0.311166 0.357866 0.427946 -0.308185 0.352982
0.398527 -0.311275 0.35804 0.426963 -0.308295 0.353156
0.397549 -0.311383 0.358214 0.425981 -0.308404 0.353331
0.39657 -0.311492 0.358388 0.424998 -0.308513 0.353505
0.395591 -0.311601 0.358562 0.424016 -0.308622 0.353679
0.394613 -0.31171 0.358736 0.423034 -0.308731 0.353853
0.393634 -0.311818 0.35891 0.422052 -0.308841 0.354027
0.392655 -0.311927 0.359084 0.42107 -0.30895 0.354201
0.391676 -0.312036 0.359258 0.420088 -0.309059 0.354375
0.390698 -0.312145 0.359432 0.419105 -0.309168 0.354549
0.389719 -0.312253 0.359606 0.41812 -0.309278 0.354724
0.38874 -0.312362 0.35978 0.417134 -0.309388 0.354899
0.387761 -0.312471 0.359954 0.416149 -0.309498 0.355073
0.386783 -0.31258 0.360128 0.415162 -0.309607 0.355248
0.385804 -0.312688 0.360302 0.414174 -0.309718 0.355424
0.384825 -0.312797 0.360476 0.413185 -0.309828 0.355599
0.383847 -0.312906 0.360649 0.412193 -0.309939 0.355775
0.382868 -0.313015 0.360823 0.4112 -0.310049 0.355952
0.381889 -0.313123 0.360997 0.410207 -0.31016 0.356128
0.38091 -0.313232 0.361171 0.409214 -0.310271 0.356304
0.379932 -0.313341 0.361345 0.408223 -0.310382 0.35648
0.378953 -0.31345 0.361519 0.407232 -0.310492 0.356656
0.377974 -0.313558 0.361693 0.40624 -0.310603 0.356832
0.376996 -0.313667 0.361867 0.405248 -0.310713 0.357009
0.376017 -0.313776 0.362041 0.404253 -0.310824 0.357185
0.375038 -0.313885 0.362215 0.403756 -0.31088 0.357273
0.374059 -0.313993 0.362389 0.402267 -0.311046 0.357538
0.373081 -0.314102 0.362563 0.401278 -0.311156 0.357713
0.372102 -0.314211 0.362737 0.40029 -0.311266 0.357888
0.371123 -0.31432 0.362911 0.399305 -0.311376 0.358063
0.370144 -0.314428 0.363085 0.39832 -0.311485 0.358237
0.369166 -0.314537 0.363259 0.397338 -0.311594 0.358412
0.368187 -0.314646 0.363433 0.396847 -0.311649 0.358499
0.367208 -0.314755 0.363607 0.395866 -0.311758 0.358672
0.36623 -0.314863 0.363781 0.394397 -0.311921 0.358933
0.365251 -0.314972 0.363955 0.393417 -0.31203 0.359106
0.364272 -0.315081 0.364129 0.392436 -0.312139 0.35928
0.363293 -0.31519 0.364303 0.391454 -0.312249 0.359454
0.362315 -0.315298 0.364477 0.390474 -0.312358 0.359628
0.361336 -0.315407 0.364651 0.389493 -0.312467 0.359802
0.360357 -0.315516 0.364825 0.388511 -0.312576 0.359976
0.359378 -0.315625 0.364999 0.388019 -0.312631 0.360063
0.3584 -0.315733 0.365173 0.386541 -0.312796 0.360325
0.357421 -0.315842 0.365347 0.385554 -0.312906 0.360501
0.356442 -0.315951 0.365521 0.384564 -0.313017 0.360676
0.355464 -0.31606 0.365695 0.383575 -0.313127 0.360852
0.354485 -0.316168 0.365869 0.382588 -0.313237 0.361027
0.353506 -0.316277 0.366043 0.381601 -0.313347 0.361202
0.352527 -0.316386 0.366217 0.380613 -0.313458 0.361378
0.351549 -0.316495 0.366391 0.379625 -0.313568 0.361553
0.35057 -0.316603 0.366565 0.378637 -0.313678 0.361728
0.349591 -0.316712 0.366739 0.37765 -0.313788 0.361904
0.348613 -0.316821 0.366913 0.376665 -0.313898 0.362078
0.347634 -0.31693 0.367087 0.375682 -0.314008 0.362253
0.346655 -0.317038 0.367261 0.374701 -0.314117 0.362427
0.345676 -0.317147 0.367435 0.373721 -0.314226 0.3626
0.344698 -0.317256 0.367609 0.372743 -0.314334 0.362773
0.343719 -0.317365 0.367783 0.371765 -0.314443 0.362947
0.34274 -0.317473 0.367957 0.370786 -0.314552 0.36312
0.341761 -0.317582 0.368131 0.369806 -0.314661 0.363294
0.340783 -0.317691 0.368305 0.368828 -0.31477 0.363467
0.339804 -0.3178 0.368479 0.367849 -0.314879 0.363641
0.338825 -0.317908 0.368653 0.366869 -0.314989 0.363815
0.337847 -0.318017 0.368827 0.365888 -0.315098 0.363989
0.336868 -0.318126 0.369001 0.364907 -0.315207 0.364163
0.335889 -0.318235 0.369175 0.363927 -0.315317 0.364337
0.33491 -0.318343 0.369349 0.362948 -0.315426 0.36451
0.333932 -0.318452 0.369523 0.361969 -0.315535 0.364684
0.332953 -0.318561 0.369697 0.360989 -0.315644 0.364858
0.331974 -0.31867 0.369871 0.360007 -0.315754 0.365032
0.330996 -0.318778 0.370045 0.359025 -0.315863 0.365206
0.330017 -0.318887 0.370219 0.358042 -0.315973 0.365381
0.329038 -0.318996 0.370393 0.357059 -0.316083 0.365555
0.328059 -0.319105 0.370567 0.356078 -0.316192 0.365729
0.327081 -0.319213 0.370741 0.355097 -0.316302 0.365903
0.326102 -0.319322 0.370915 0.354118 -0.316411 0.366077
0.325123 -0.319431 0.371089 0.353137 -0.31652 0.366251
0.324144 -0.31954 0.371263 0.352154 -0.31663 0.366425
0.323166 -0.319648 0.371437 0.351172 -0.31674 0.366599
0.322187 -0.319757 0.371611 0.35019 -0.316849 0.366773
0.321208 -0.319866 0.371785 0.34921 -0.316959 0.366947
0.32023 -0.319974 0.371959 0.348231 -0.317068 0.367121
0.319251 -0.320083 0.372133 0.347252 -0.317177 0.367294
0.318272 -0.320192 0.372307 0.346274 -0.317286 0.367468
0.317293 -0.320301 0.372481 0.345298 -0.317394 0.367641
0.316315 -0.320409 0.372655 0.344323 -0.317503 0.367814
0.315336 -0.320518 0.372829 0.343349 -0.317611 0.367986
0.314357 -0.320627 0.373003 0.342376 -0.31772 0.368159
0.313378 -0.320736 0.373177 0.341404 -0.317828 0.368331
0.3124 -0.320844 0.373351 0.340431 -0.317936 0.368503
0.311421 -0.320953 0.373525 0.339456 -0.318045 0.368676
0.310442 -0.321062 0.373699 0.33848 -0.318154 0.368849
0.309464 -0.321171 0.373873 0.337506 -0.318262 0.369022
0.308485 -0.321279 0.374047 0.337019 -0.318317 0.369108
0.307506 -0.321388 0.374221 0.335559 -0.318479 0.369367
0.306527 -0.321497 0.374395 0.334587 -0.318588 0.369539
0.305549 -0.321606 0.374569 0.333615 -0.318696 0.369711
0.30457 -0.321714 0.374743 0.332643 -0.318804 0.369884
0.303591 -0.321823 0.374917 0.331668 -0.318913 0.370057
0.302613 -0.321932 0.375091 0.330693 -0.319022 0.370229
0.301634 -0.322041 0.375265 0.329718 -0.319131 0.370402
0.300655 -0.322149 0.375439 0.328745 -0.319239 0.370575
0.299676 -0.322258 0.375613 0.327772 -0.319348 0.370747
0.298698 -0.322367 0.375787 0.326799 -0.319456 0.37092
0.297719 -0.322476 0.375961 0.325827 -0.319564 0.371092
0.29674 -0.322584 0.376135 0.324855 -0.319673 0.371264
0.295761 -0.322693 0.376309 0.32437 -0.319727 0.37135
0.294783 -0.322802 0.376483 0.322913 -0.319889 0.371609
0.293804 -0.322911 0.376657 0.321941 -0.319998 0.371781
0.292825 -0.323019 0.376831 0.32097 -0.320106 0.371953
0.291847 -0.323128 0.377005 0.319999 -0.320214 0.372125
0.290868 -0.323237 0.377179 0.319026 -0.320323 0.372298
0.289889 -0.323346 0.377353 0.318051 -0.320432 0.372471
0.28891 -0.323454 0.377527 0.317075 -0.320541 0.372644
0.287932 -0.323563 0.377701 0.316099 -0.32065 0.372817
0.286953 -0.323672 0.377875 0.315124 -0.320759 0.37299
0.285974 -0.323781 0.378049 0.314148 -0.320868 0.373163
0.284996 -0.323889 0.378223 0.313173 -0.320977 0.373336
0.284017 -0.323998 0.378397 0.312199 -0.321086 0.373509
0.283038 -0.324107 0.378571 0.311224 -0.321195 0.373681
0.282059 -0.324216 0.378745 0.31025 -0.321303 0.373854
0.281081 -0.324324 0.378919 0.309276 -0.321412 0.374027
0.280102 -0.324433 0.379093 0.308302 -0.321521 0.3742
0.279123 -0.324542 0.379267 0.307329 -0.321629 0.374372
0.278144 -0.324651 0.379441 0.306355 -0.321738 0.374545
0.277166 -0.324759 0.379615 0.305382 -0.321847 0.374717
0.276187 -0.324868 0.379789 0.304408 -0.321955 0.37489
0.275208 -0.324977 0.379963 0.303434 -0.322064 0.375063
0.27423 -0.325086 0.380137 0.302459 -0.322173 0.375235
0.273251 -0.325194 0.380311 0.301483 -0.322282 0.375409
0.272272 -0.325303 0.380485 0.300504 -0.322392 0.375582
0.271293 -0.325412 0.380659 0.299525 -0.322501 0.375756
0.270315 -0.325521 0.380833 0.298546 -0.322611 0.37593
0.269336 -0.325629 0.381007 0.298056 -0.322666 0.376016
0.268357 -0.325738 0.381181 0.297076 -0.322775 0.37619
0.267378 -0.325847 0.381355 0.296094 -0.322885 0.376365
0.2664 -0.325956 0.381529 0.294619 -0.323051 0.376626
0.265421 -0.326064 0.381703 0.293636 -0.323161 0.376801
0.264442 -0.326173 0.381877 0.292654 -0.323271 0.376975
0.263464 -0.326282 0.382051 0.291671 -0.323381 0.377149
0.262485 -0.326391 0.382225 0.290686 -0.323491 0.377324
0.261506 -0.326499 0.382399 0.289701 -0.323601 0.377499
0.260527 -0.326608 0.382573 0.288717 -0.323711 0.377673
0.259549 -0.326717 0.382747 0.287733 -0.323821 0.377848
0.25857 -0.326826 0.382921 0.286747 -0.323932 0.378023
0.257591 -0.326934 0.383095 0.28576 -0.324042 0.378198
0.256613 -0.327043 0.383269 0.284772 -0.324153 0.378373
0.255634 -0.327152 0.383443 0.283783 -0.324264 0.378548
0.254655 -0.327261 0.383617 0.283288 -0.324319 0.378636
0.253676 -0.327369 0.383791 0.281802 -0.324486 0.3789
0.252698 -0.327478 0.383965 0.280811 -0.324597 0.379076
0.251719 -0.327587 0.384139 0.279818 -0.324708 0.379252
0.25074 -0.327696 0.384313 0.279322 -0.324764 0.37934
0.249761 -0.327804 0.384487 0.277833 -0.324931 0.379604
0.248783 -0.327913 0.384661 0.27684 -0.325042 0.37978
0.247804 -0.328022 0.384835 0.275849 -0.325153 0.379956
0.246825 -0.328131 0.385009 0.274861 -0.325263 0.380131
0.245847 -0.328239 0.385183 0.273874 -0.325373 0.380306
0.244868 -0.328348 0.385357 0.272887 -0.325483 0.380481
0.243889 -0.328457 0.385531 0.2719 -0.325593 0.380655
0.24291 -0.328566 0.385705 0.270914 -0.325703 0.38083
0.241932 -0.328674 0.385879 0.269929 -0.325813 0.381005
0.240953 -0.328783 0.386053 0.268947 -0.325923 0.381179
0.239974 -0.328892 0.386227 0.267966 -0.326032 0.381352
0.238995 -0.329001 0.386401 0.266986 -0.326141 0.381526
0.238017 -0.329109 0.386575 0.266008 -0.32625 0.381699
0.237038 -0.329218 0.386749 0.265031 -0.326358 0.381872
0.236059 -0.329327 0.386923 0.264055 -0.326467 0.382044
0.235081 -0.329435 0.387097 0.26308 -0.326575 0.382217
0.234102 -0.329544 0.387271 0.262105 -0.326683 0.38239
0.233123 -0.329653 0.387445 0.261619 -0.326738 0.382476
0.232144 -0.329762 0.387619 0.261132 -0.326792 0.382562
0.231166 -0.32987 0.387793 0.259188 -0.327008 0.382906
0.230187 -0.329979 0.387967 0.258215 -0.327116 0.383078
0.229208 -0.330088 0.388141 0.257241 -0.327224 0.383251
0.22823 -0.330197 0.388315 0.256266 -0.327333 0.383423
0.227251 -0.330305 0.388489 0.255291 -0.327442 0.383596
0.226272 -0.330414 0.388663 0.254317 -0.32755 0.383768
0.225293 -0.330523 0.388837 0.253344 -0.327658 0.383941
0.224315 -0.330632 0.389011 0.252371 -0.327767 0.384113
0.223336 -0.33074 0.389185 0.251398 -0.327875 0.384285
0.222357 -0.330849 0.389359 0.250425 -0.327984 0.384458
0.221378 -0.330958 0.389533 0.249452 -0.328092 0.38463
0.2204 -0.331067 0.389707 0.248478 -0.328201 0.384802
0.219421 -0.331175 0.389881 0.247506 -0.328309 0.384975
0.218442 -0.331284 0.390055 0.246533 -0.328418 0.385147
0.217464 -0.331393 0.390229 0.245561 -0.328526 0.385319
0.216485 -0.331502 0.390403 0.244588 -0.328634 0.385491
0.215506 -0.33161 0.390577 0.243613 -0.328743 0.385664
0.214527 -0.331719 0.390751 0.242637 -0.328852 0.385837
0.213549 -0.331828 0.390925 0.241661 -0.328962 0.38601
0.21257 -0.331937 0.391099 0.240685 -0.329071 0.386183
0.211591 -0.332045 0.391273 0.239708 -0.32918 0.386356
0.210613 -0.332154 0.391447 0.238732 -0.329289 0.386529
0.209634 -0.332263 0.391621 0.237756 -0.329398 0.386702
0.208655 -0.332372 0.391795 0.236782 -0.329507 0.386874
0.207676 -0.33248 0.391969 0.235807 -0.329615 0.387047
0.206698 -0.332589 0.392143 0.234832 -0.329724 0.38722
0.205719 -0.332698 0.392317 0.233856 -0.329833 0.387393
0.20474 -0.332807 0.392491 0.232879 -0.329943 0.387566
0.203761 -0.332915 0.392665 0.231904 -0.330052 0.387739
0.202783 -0.333024 0.392839 0.230929 -0.33016 0.387911
0.201804 -0.333133 0.393013 0.229954 -0.330269 0.388084
0.200825 -0.333242 0.393187 0.22898 -0.330378 0.388257
0.199847 -0.33335 0.393361 0.228006 -0.330487 0.388429
0.198868 -0.333459 0.393535 0.227033 -0.330595 0.388602
0.197889 -0.333568 0.393709 0.226059 -0.330704 0.388774
0.19691 -0.333677 0.393883 0.225085 -0.330813 0.388947
0.195932 -0.333785 0.394057 0.224598 -0.330867 0.389033
0.194953 -0.333894 0.394231 0.223137 -0.33103 0.389292
0.193974 -0.334003 0.394405 0.222163 -0.331139 0.389464
0.192995 -0.334112 0.394579 0.22119 -0.331247 0.389637
0.192017 -0.33422 0.394753 0.220217 -0.331356 0.389809
0.191038 -0.334329 0.394927 0.219243 -0.331465 0.389982
0.190059 -0.334438 0.395101 0.218269 -0.331573 0.390154
0.189081 -0.334547 0.395275 0.217295 -0.331682 0.390327
0.188102 -0.334655 0.395449 0.216321 -0.331791 0.390499
0.187123 -0.334764 0.395623 0.215833 -0.331845 0.390585
0.186144 -0.334873 0.395797 0.214371 -0.332009 0.390845
0.185166 -0.334982 0.395971 0.213396 -0.332118 0.391017
0.184187 -0.33509 0.396145 0.21242 -0.332227 0.39119
0.183208 -0.335199 0.396319 0.211445 -0.332335 0.391363
0.18223 -0.335308 0.396493 0.21047 -0.332444 0.391536
0.181251 -0.335417 0.396667 0.209982 -0.332499 0.391622
0.180272 -0.335525 0.396841 0.20852 -0.332662 0.391881
0.179293 -0.335634 0.397015 0.207545 -0.332771 0.392054
0.178315 -0.335743 0.397189 0.20657 -0.33288 0.392227
0.177336 -0.335852 0.397363 0.206082 -0.332934 0.392313
0.176357 -0.33596 0.397536 0.204617 -0.333098 0.392573
0.175378 -0.336069 0.39771 0.20364 -0.333207 0.392746
0.1744 -0.336178 0.397884 0.202662 -0.333317 0.392919
0.173421 -0.336287 0.398058 0.201685 -0.333426 0.393092
0.172442 -0.336395 0.398232 0.201196 -0.33348 0.393179
0.171464 -0.336504 0.398406 0.199242 -0.333699 0.393525
0.170485 -0.336613 0.39858 0.198266 -0.333808 0.393698
0.169506 -0.336722 0.398754 0.197289 -0.333917 0.393871
0.168527 -0.33683 0.398928 0.196313 -0.334026 0.394044
0.167549 -0.336939 0.399102 0.195336 -0.334135 0.394217
0.16657 -0.337048 0.399276 0.194847 -0.334189 0.394304
0.165591 -0.337157 0.39945 0.193382 -0.334353 0.394563
0.164613 -0.337265 0.399624 0.192893 -0.334408 0.39465
0.163634 -0.337374 0.399798 0.191428 -0.334571 0.39491
0.162655 -0.337483 0.399972 0.190451 -0.33468 0.395083
0.161676 -0.337592 0.400146 0.189474 -0.334789 0.395256
0.160698 -0.3377 0.40032 0.188498 -0.334898 0.395429
0.159719 -0.337809 0.400494 0.187521 -0.335007 0.395602
0.15874 -0.337918 0.400668 0.186545 -0.335116 0.395775
0.157761 -0.338027 0.400842 0.185568 -0.335225 0.395948
0.156783 -0.338135 0.401016 0.184592 -0.335334 0.396121
0.155804 -0.338244 0.40119 0.183616 -0.335443 0.396294
0.154825 -0.338353 0.401364 0.182639 -0.335552 0.396467
0.153847 -0.338461 0.401538 0.181663 -0.335661 0.39664
0.152868 -0.33857 0.401712 0.180687 -0.33577 0.396813
0.151889 -0.338679 0.401886 0.179711 -0.335878 0.396986
0.15091 -0.338788 0.40206 0.178735 -0.335987 0.397159
0.149932 -0.338896 0.402234 0.177273 -0.33615 0.397418
0.148953 -0.339005 0.402408 0.176298 -0.336259 0.397591
0.147974 -0.339114 0.402582 0.175323 -0.336368 0.397763
0.146995 -0.339223 0.402756 0.17435 -0.336476 0.397936
0.146017 -0.339331 0.40293 0.173381 -0.336583 0.398107
0.145038 -0.33944 0.403104 0.172416 -0.336691 0.398278
0.144059 -0.339549 0.403278 0.171454 -0.336797 0.398449
0.143081 -0.339658 0.403452 0.170494 -0.336903 0.398619
0.142102 -0.339766 0.403626 0.170015 -0.336956 0.398704
0.141123 -0.339875 0.4038 0.168579 -0.337115 0.398958
0.140144 -0.339984 0.403974 0.167623 -0.337221 0.399127
0.139166 -0.340093 0.404148 0.166667 -0.337326 0.399296
0.138187 -0.340201 0.404322 0.16619 -0.337379 0.399381
0.137208 -0.34031 0.404496 0.165235 -0.337485 0.39955
0.13623 -0.340419 0.40467 0.164759 -0.337537 0.399634
0.135251 -0.340528 0.404844 0.162854 -0.337748 0.399972
0.134272 -0.340636 0.405018 0.161902 -0.337854 0.40014
0.133293 -0.340745 0.405192 0.160951 -0.337959 0.400309
0.132315 -0.340854 0.405366 0.159998 -0.338065 0.400478
0.131336 -0.340963 0.40554 0.159045 -0.33817 0.400647
0.130357 -0.341071 0.405714 0.158093 -0.338276 0.400815
0.129378 -0.34118 0.405888 0.15714 -0.338382 0.400984
0.1284 -0.341289 0.406062 0.156187 -0.338488 0.401153
0.127421 -0.341398 0.406236 0.155233 -0.338594 0.401322
0.126442 -0.341506 0.40641 0.154277 -0.3387 0.401492
0.125464 -0.341615 0.406584 0.153321 -0.338807 0.401661
0.124485 -0.341724 0.406758 0.152365 -0.338914 0.401831
0.123506 -0.341833 0.406932 0.151408 -0.33902 0.402
0.122527 -0.341941 0.407106 0.150451 -0.339127 0.40217
0.121549 -0.34205 0.40728 0.149492 -0.339234 0.40234
0.12057 -0.342159 0.407454 0.148531 -0.339341 0.40251
0.119591 -0.342268 0.407628 0.147568 -0.339449 0.402681
0.118613 -0.342376 0.407802 0.146601 -0.339558 0.402852
0.117634 -0.342485 0.407976 0.145633 -0.339666 0.403024
0.116655 -0.342594 0.40815 0.144664 -0.339775 0.403196
0.115676 -0.342703 0.408324 0.143694 -0.339884 0.403368
0.114698 -0.342811 0.408498 0.142723 -0.339993 0.40354
0.113719 -0.34292 0.408672 0.141751 -0.340102 0.403713
0.11274 -0.343029 0.408846 0.140779 -0.340211 0.403885
0.111761 -0.343138 0.40902 0.139808 -0.34032 0.404057
0.110783 -0.343246 0.409194 0.138837 -0.340428 0.404229
0.109804 -0.343355 0.409368 0.137867 -0.340537 0.404402
0.108825 -0.343464 0.409542 0.136897 -0.340645 0.404574
0.107847 -0.343573 0.409716 0.135926 -0.340754 0.404746
0.106868 -0.343681 0.40989 0.134956 -0.340862 0.404918
0.105889 -0.34379 0.410064 0.133986 -0.34097 0.40509
0.10491 -0.343899 0.410238 0.133014 -0.341079 0.405262
0.103932 -0.344008 0.410412 0.132042 -0.341188 0.405435
0.102953 -0.344116 0.410586 0.131069 -0.341296 0.405607
0.101974 -0.344225 0.41076 0.130097 -0.341405 0.40578
0.100995 -0.344334 0.410934 0.129125 -0.341514 0.405952
0.100017 -0.344443 0.411108 0.128153 -0.341622 0.406125
0.099038 -0.344551 0.411282 0.127667 -0.341676 0.406211
0.0980593 -0.34466 0.411456 0.126208 -0.341839 0.406469
0.0970806 -0.344769 0.41163 0.125234 -0.341948 0.406642
0.0961019 -0.344878 0.411804 0.124257 -0.342057 0.406816
0.0951231 -0.344986 0.411978 0.123279 -0.342166 0.406989
0.0941444 -0.345095 0.412152 0.1223 -0.342276 0.407163
0.0931657 -0.345204 0.412326 0.121318 -0.342386 0.407337
0.092187 -0.345313 0.4125 0.120334 -0.342496 0.407512
0.0912082 -0.345421 0.412674 0.119349 -0.342607 0.407686
0.0902295 -0.34553 0.412848 0.118856 -0.342662 0.407774
0.0892508 -0.345639 0.413022 0.117374 -0.342828 0.408037
0.0882721 -0.345748 0.413196 0.116385 -0.342939 0.408212
0.0872934 -0.345856 0.41337 0.115394 -0.343051 0.408388
0.0863146 -0.345965 0.413544 0.114402 -0.343162 0.408564
0.0853359 -0.346074 0.413718 0.113409 -0.343273 0.40874
0.0843572 -0.346183 0.413892 0.112417 -0.343384 0.408917
0.0833785 -0.346291 0.414066 0.111424 -0.343496 0.409093
0.0823997 -0.3464 0.41424 0.110432 -0.343607 0.409269
0.081421 -0.346509 0.414414 0.109439 -0.343718 0.409445
0.0804423 -0.346618 0.414588 0.108448 -0.343828 0.409621
0.0794636 -0.346726 0.414762 0.107459 -0.343939 0.409796
0.0784848 -0.346835 0.414936 0.106472 -0.344048 0.409972
0.0775061 -0.346944 0.41511 0.105487 -0.344158 0.410146
0.0765274 -0.347053 0.415284 0.104504 -0.344267 0.410321
0.0755487 -0.347161 0.415458 0.103519 -0.344376 0.410496
0.0745699 -0.34727 0.415632 0.102535 -0.344486 0.41067
0.0735912 -0.347379 0.415806 0.10155 -0.344595 0.410845
0.0726125 -0.347487 0.41598 0.100567 -0.344704 0.411019
0.0716338 -0.347596 0.416154 0.099586 -0.344813 0.411194
0.0706551 -0.347705 0.416328 0.0986065 -0.344922 0.411367
0.0696763 -0.347814 0.416502 0.097629 -0.34503 0.411541
0.0686976 -0.347922 0.416676 0.0966534 -0.345138 0.411714
0.0677189 -0.348031 0.41685 0.0956793 -0.345245 0.411887
0.0667402 -0.34814 0.417024 0.0947066 -0.345353 0.41206
0.0657614 -0.348249 0.417198 0.0937352 -0.34546 0.412232
0.0647827 -0.348357 0.417372 0.0927648 -0.345567 0.412404
0.063804 -0.348466 0.417546 0.0917951 -0.345674 0.412576
0.0628253 -0.348575 0.41772 0.090826 -0.345781 0.412749
0.0618465 -0.348684 0.417894 0.0898577 -0.345888 0.41292
0.0608678 -0.348792 0.418068 0.0888899 -0.345995 0.413092
0.0598891 -0.348901 0.418242 0.0879225 -0.346101 0.413264
0.0589104 -0.34901 0.418416 0.0869554 -0.346208 0.413436
0.0579316 -0.349119 0.41859 0.0859886 -0.346315 0.413607
0.0569529 -0.349227 0.418764 0.085022 -0.346422 0.413779
0.0559742 -0.349336 0.418938 0.0840556 -0.346529 0.413951
0.0549955 -0.349445 0.419112 0.0830892 -0.346636 0.414122
0.0540168 -0.349554 0.419286 0.0821228 -0.346743 0.414294
0.053038 -0.349662 0.41946 0.0811563 -0.34685 0.414466
0.0520593 -0.349771 0.419634 0.0801896 -0.346957 0.414637
0.0510806 -0.34988 0.419808 0.0792223 -0.347064 0.414809
0.0501019 -0.349989 0.419982 0.078254 -0.347172 0.414981
0.0491231 -0.350097 0.420156 0.0772851 -0.347279 0.415153
0.0481444 -0.350206 0.42033 0.076316 -0.347387 0.415325
0.0471657 -0.350315 0.420504 0.0753465 -0.347494 0.415497
0.046187 -0.350424 0.420678 0.0743768 -0.347602 0.41567
0.0452082 -0.350532 0.420852 0.0734069 -0.34771 0.415842
0.0442295 -0.350641 0.421026 0.0724367 -0.347818 0.416014
0.0432508 -0.35075 0.4212 0.0714648 -0.347926 0.416187
0.0422721 -0.350859 0.421374 0.0704903 -0.348035 0.41636
0.0412933 -0.350967 0.421548 0.0695145 -0.348143 0.416534
0.0403146 -0.351076 0.421722 0.0685391 -0.348252 0.416707
0.0393359 -0.351185 0.421896 0.0675638 -0.348361 0.41688
0.0383572 -0.351294 0.42207 0.0665884 -0.348469 0.417054
0.0373785 -0.351402 0.422244 0.0656131 -0.348578 0.417227
0.0363997 -0.351511 0.422418 0.0646381 -0.348687 0.4174
0.035421 -0.35162 0.422592 0.0636634 -0.348795 0.417573
0.0344423 -0.351729 0.422766 0.062689 -0.348903 0.417747
0.0334636 -0.351837 0.42294 0.061715 -0.349012 0.41792
0.0324848 -0.351946 0.423114 0.0607411 -0.34912 0.418093
0.0315061 -0.352055 0.423288 0.0597674 -0.349228 0.418266
0.0305274 -0.352164 0.423462 0.0587939 -0.349337 0.418439
0.0295487 -0.352272 0.423636 0.0578204 -0.349445 0.418612
0.0285699 -0.352381 0.42381 0.0568467 -0.349553 0.418785
0.0275912 -0.35249 0.423984 0.0558714 -0.349661 0.418959
0.0266125 -0.352599 0.424158 0.0548936 -0.34977 0.419132
0.0256338 -0.352707 0.424332 0.0539133 -0.34988 0.419307
0.024655 -0.352816 0.424506 0.0529311 -0.349989 0.419481
0.0236763 -0.352925 0.42468 0.0519473 -0.350099 0.419656
0.0226976 -0.353034 0.424854 0.0509622 -0.350209 0.419831
0.0217189 -0.353142 0.425028 0.0499773 -0.350319 0.420007
0.0207402 -0.353251 0.425202 0.0489935 -0.350429 0.420182
0.0197614 -0.35336 0.425376 0.0480097 -0.350539 0.420356
0.0187827 -0.353469 0.42555 0.0470246 -0.350649 0.420532
0.017804 -0.353577 0.425724 0.0460384 -0.350759 0.420707
0.0168253 -0.353686 0.425898 0.0450515 -0.350869 0.420883
0.0158465 -0.353795 0.426072 0.0440651 -0.350979 0.421058
0.0148678 -0.353904 0.426246 0.0430804 -0.351088 0.421233
0.0138891 -0.354012 0.42642 0.0420974 -0.351198 0.421408
0.0129104 -0.354121 0.426594 0.0411157 -0.351307 0.421583
0.0119316 -0.35423 0.426768 0.0401336 -0.351416 0.421757
0.0109529 -0.354339 0.426942 0.0391499 -0.351525 0.421932
0.0099742 -0.354447 0.427116 0.0381647 -0.351635 0.422108
0.00899547 -0.354556 0.42729 0.0371786 -0.351745 0.422283
0.00801675 -0.354665 0.427464 0.0361916 -0.351854 0.422459
0.00703803 -0.354774 0.427638 0.0352041 -0.351964 0.422634
0.0060593 -0.354882 0.427812 0.0342174 -0.352074 0.42281
0.00508058 -0.354991 0.427986 0.0332324 -0.352184 0.422985
0.00410186 -0.3551 0.42816 0.0322494 -0.352293 0.42316
0.00312313 -0.355209 0.428334 0.0312683 -0.352401 0.423335
0.00214441 -0.355317 0.428508 0.0302887 -0.35251 0.423509
0.00116569 -0.355426 0.428682 0.0293107 -0.352618 0.423683
0.000186962 -0.355535 0.428856 0.0283339 -0.352726 0.423857
-0.000791762 -0.355644 0.42903 0.0273582 -0.352834 0.42403
-0.00177049 -0.355752 0.429204 0.0263823 -0.352941 0.424204
-0.00274921 -0.355861 0.429378 0.0254056 -0.353049 0.424378
-0.00372793 -0.35597 0.429552 0.0244289 -0.353158 0.424552
-0.00470666 -0.356079 0.429726 0.0234532 -0.353265 0.424725
-0.00568538 -0.356187 0.4299 0.0224785 -0.353373 0.424899
-0.0066641 -0.356296 0.430074 0.0215047 -0.353481 0.425072
-0.00764283 -0.356405 0.430248 0.0205316 -0.353588 0.425245
-0.00862155 -0.356514 0.430422 0.0195591 -0.353696 0.425418
-0.00960027 -0.356622 0.430596 0.0185871 -0.353803 0.425591
-0.010579 -0.356731 0.43077 0.0176156 -0.35391 0.425764
-0.0115577 -0.35684 0.430944 0.0166445 -0.354018 0.425937
-0.0125364 -0.356948 0.431118 0.0156736 -0.354125 0.42611
-0.0135152 -0.357057 0.431292 0.014703 -0.354232 0.426283
-0.0144939 -0.357166 0.431466 0.0137326 -0.35434 0.426456
-0.0154726 -0.357275 0.43164 0.0127621 -0.354447 0.426628
-0.0164513 -0.357383 0.431814 0.0117916 -0.354554 0.426801
-0.0174301 -0.357492 0.431988 0.0108211 -0.354662 0.426974
-0.0184088 -0.357601 0.432162 0.00985054 -0.354769 0.427147
-0.0193875 -0.35771 0.432336 0.00888 -0.354877 0.42732
-0.0203662 -0.357818 0.43251 0.00790941 -0.354984 0.427493
-0.021345 -0.357927 0.432684 0.00693875 -0.355092 0.427665
-0.0223237 -0.358036 0.432858 0.005968 -0.355199 0.427838
-0.0233024 -0.358145 0.433032 0.00499713 -0.355307 0.428011
-0.0242811 -0.358253 0.433206 0.00402612 -0.355414 0.428184
-0.0252598 -0.358362 0.43338 0.00305497 -0.355522 0.428357
-0.0262386 -0.358471 0.433554 0.00208364 -0.35563 0.42853
-0.0272173 -0.35858 0.433728 0.00111214 -0.355738 0.428703
-0.028196 -0.358688 0.433902 0.000140459 -0.355845 0.428876
-0.0291747 -0.358797 0.434076 -0.000831417 -0.355953 0.429049
-0.0301535 -0.358906 0.43425 -0.0018035 -0.356061 0.429222
-0.0311322 -0.359015 0.434424 -0.00277588 -0.356169 0.429396
-0.0321109 -0.359123 0.434597 -0.0037486 -0.356277 0.429569
-0.0330896 -0.359232 0.434771 -0.00472159 -0.356385 0.429742
-0.0340684 -0.359341 0.434945 -0.00569476 -0.356493 0.429916
-0.0350471 -0.35945 0.435119 -0.00666809 -0.356601 0.430089
-0.0360258 -0.359558 0.435293 -0.00764159 -0.356709 0.430263
-0.0370045 -0.359667 0.435467 -0.00861533 -0.356817 0.430436
-0.0379833 -0.359776 0.435641 -0.00958942 -0.356926 0.43061
-0.038962 -0.359885 0.435815 -0.0105644 -0.357034 0.430783
-0.0399407 -0.359993 0.435989 -0.0115406 -0.357142 0.430957
-0.0409194 -0.360102 0.436163 -0.0125177 -0.357251 0.431131
-0.0418981 -0.360211 0.436337 -0.0134951 -0.35736 0.431306
-0.0428769 -0.36032 0.436511 -0.0144726 -0.357469 0.43148
-0.0438556 -0.360428 0.436685 -0.0154498 -0.357577 0.431654
-0.0448343 -0.360537 0.436859 -0.0164269 -0.357686 0.431828
-0.045813 -0.360646 0.437033 -0.0174038 -0.357794 0.432002
-0.0467918 -0.360755 0.437207 -0.0183806 -0.357903 0.432176
-0.0477705 -0.360863 0.437381 -0.0193572 -0.358011 0.43235
-0.0487492 -0.360972 0.437555 -0.0203337 -0.35812 0.432524
-0.0497279 -0.361081 0.437729 -0.0213102 -0.358228 0.432698
-0.0507067 -0.36119 0.437903 -0.0222866 -0.358337 0.432872
-0.0516854 -0.361298 0.438077 -0.023751 -0.358499 0.433133
-0.0526641 -0.361407 0.438251 -0.0247273 -0.358608 0.433307
-0.0536428 -0.361516 0.438425 -0.0252154 -0.358662 0.433394
-0.0546216 -0.361625 0.438599 -0.0261916 -0.35877 0.433568
-0.0556003 -0.361733 0.438773 -0.0271678 -0.358878 0.433742
-0.056579 -0.361842 0.438947 -0.0281441 -0.358987 0.433917
-0.0575577 -0.361951 0.439121 -0.0291205 -0.359095 0.434091
-0.0585364 -0.36206 0.439295 -0.030097 -0.359204 0.434265
-0.0595152 -0.362168 0.439469 -0.0310735 -0.359312 0.434439
-0.0604939 -0.362277 0.439643 -0.03205 -0.35942 0.434613
-0.0614726 -0.362386 0.439817 -0.0330266 -0.359529 0.434787
-0.0624513 -0.362495 0.439991 -0.0340032 -0.359637 0.434961
-0.0634301 -0.362603 0.440165 -0.0349798 -0.359745 0.435135
-0.0644088 -0.362712 0.440339 -0.0359565 -0.359854 0.435309
-0.0653875 -0.362821 0.440513 -0.0369332 -0.359962 0.435483
-0.0663662 -0.36293 0.440687 -0.0379099 -0.360071 0.435658
-0.067345 -0.363038 0.440861 -0.0388867 -0.360179 0.435832
-0.0683237 -0.363147 0.441035 -0.0398637 -0.360287 0.436006
-0.0693024 -0.363256 0.441209 -0.0408408 -0.360396 0.43618
-0.0702811 -0.363365 0.441383 -0.0418179 -0.360504 0.436354
-0.0712599 -0.363473 0.441557 -0.0427951 -0.360613 0.436529
-0.0722386 -0.363582 0.441731 -0.0437722 -0.360721 0.436703
-0.0732173 -0.363691 0.441905 -0.0447494 -0.36083 0.436877
-0.074196 -0.3638 0.442079 -0.0457265 -0.360938 0.437051
-0.0751747 -0.363908 0.442253 -0.0467036 -0.361046 0.437226
-0.0761535 -0.364017 0.442427 -0.0476807 -0.361155 0.4374
-0.0771322 -0.364126 0.442601 -0.0486578 -0.361263 0.437574
-0.0781109 -0.364235 0.442775 -0.0496349 -0.361372 0.437748
-0.0790896 -0.364343 0.442949 -0.050612 -0.36148 0.437923
-0.0800684 -0.364452 0.443123 -0.0515891 -0.361588 0.438097
-0.0810471 -0.364561 0.443297 -0.0525663 -0.361697 0.438271
-0.0820258 -0.36467 0.443471 -0.0535434 -0.361805 0.438445
-0.0830045 -0.364778 0.443645 -0.0545208 -0.361914 0.43862
-0.0839833 -0.364887 0.443819 -0.0554992 -0.362022 0.438794
-0.084962 -0.364996 0.443993 -0.0564793 -0.362131 0.438969
-0.0859407 -0.365105 0.444167 -0.0574602 -0.36224 0.439144
-0.0869194 -0.365213 0.444341 -0.0579506 -0.362295 0.439231
-0.0878982 -0.365322 0.444515 -0.0584408 -0.362349 0.439319
-0.0888769 -0.365431 0.444689 -0.059421 -0.362458 0.439494
-0.0898556 -0.36554 0.444863 -0.0604005 -0.362567 0.439668
-0.0908343 -0.365648 0.445037 -0.0613775 -0.362675 0.439843
-0.091813 -0.365757 0.445211 -0.0628375 -0.362837 0.440103
-0.0927918 -0.365866 0.445385 -0.0633249 -0.362891 0.44019
-0.0937705 -0.365974 0.445559 -0.0643032 -0.362999 0.440364
-0.0947492 -0.366083 0.445733 -0.0652861 -0.363109 0.44054
-0.0957279 -0.366192 0.445907 -0.066273 -0.363219 0.440716
-0.0967067 -0.366301 0.446081 -0.0677603 -0.363385 0.440981
-0.0976854 -0.366409 0.446255 -0.0682577 -0.363441 0.44107
-0.0986641 -0.366518 0.446429 -0.0697536 -0.363609 0.441337
-0.0996428 -0.366627 0.446603 -0.0707532 -0.363721 0.441516
-0.100622 -0.366736 0.446777 -0.0712536 -0.363777 0.441605
-0.1016 -0.366844 0.446951 -0.0722556 -0.363889 0.441784
-0.102579 -0.366953 0.447125 -0.0732589 -0.364002 0.441963
-0.103558 -0.367062 0.447299 -0.0742629 -0.364114 0.442143
-0.104536 -0.367171 0.447473 -0.0752677 -0.364227 0.442322
-0.105515 -0.367279 0.447647 -0.076273 -0.364339 0.442502
-0.106494 -0.367388 0.447821 -0.0772786 -0.364452 0.442681
-0.107473 -0.367497 0.447995 -0.0782842 -0.364564 0.442861
-0.108451 -0.367606 0.448169 -0.0792897 -0.364676 0.44304
-0.10943 -0.367714 0.448343 -0.0802949 -0.364788 0.44322
-0.110409 -0.367823 0.448517 -0.0812998 -0.364901 0.443399
-0.111388 -0.367932 0.448691 -0.0823043 -0.365012 0.443578
-0.112366 -0.368041 0.448865 -0.0833085 -0.365124 0.443758
-0.113345 -0.368149 0.449039 -0.0843122 -0.365236 0.443937
-0.114324 -0.368258 0.449213 -0.0853154 -0.365348 0.444116
-0.115302 -0.368367 0.449387 -0.0863181 -0.365459 0.444295
-0.116281 -0.368476 0.449561 -0.0873203 -0.36557 0.444473
-0.11726 -0.368584 0.449735 -0.0883219 -0.365681 0.444652
-0.118239 -0.368693 0.449909 -0.0893228 -0.365792 0.444831
-0.119217 -0.368802 0.450083 -0.090323 -0.365903 0.445009
-0.120196 -0.368911 0.450257 -0.0913239 -0.366014 0.445188
-0.121175 -0.369019 0.450431 -0.0923265 -0.366126 0.445367
-0.122153 -0.369128 0.450605 -0.0933293 -0.366237 0.445545
-0.123132 -0.369237 0.450779 -0.0943311 -0.366348 0.445724
-0.124111 -0.369346 0.450953 -0.0953315 -0.366459 0.445903
-0.12509 -0.369454 0.451127 -0.0963305 -0.36657 0.446081
-0.126068 -0.369563 0.451301 -0.0968295 -0.366625 0.44617
-0.127047 -0.369672 0.451475 -0.0983247 -0.36679 0.446436
-0.128026 -0.369781 0.451649 -0.0993215 -0.366901 0.446614
-0.129005 -0.369889 0.451823 -0.100319 -0.367011 0.446792
-0.129983 -0.369998 0.451997 -0.101317 -0.367122 0.44697
-0.130962 -0.370107 0.452171 -0.102313 -0.367232 0.447148
-0.131941 -0.370216 0.452345 -0.103308 -0.367342 0.447325
-0.132919 -0.370324 0.452519 -0.104302 -0.367452 0.447502
-0.133898 -0.370433 0.452693 -0.105293 -0.367561 0.447679
-0.134877 -0.370542 0.452867 -0.106284 -0.36767 0.447856
-0.135856 -0.370651 0.453041 -0.107274 -0.36778 0.448032
-0.136834 -0.370759 0.453215 -0.108262 -0.367889 0.448208
-0.137813 -0.370868 0.453389 -0.10925 -0.367998 0.448384
-0.138792 -0.370977 0.453563 -0.110236 -0.368106 0.44856
-0.139771 -0.371086 0.453737 -0.111222 -0.368215 0.448736
-0.140749 -0.371194 0.453911 -0.112207 -0.368324 0.448912
-0.141728 -0.371303 0.454085 -0.113191 -0.368432 0.449087
-0.142707 -0.371412 0.454259 -0.114174 -0.368541 0.449262
-0.143685 -0.371521 0.454433 -0.115157 -0.368649 0.449437
-0.144664 -0.371629 0.454607 -0.11614 -0.368758 0.449613
-0.145643 -0.371738 0.454781 -0.117123 -0.368866 0.449788
-0.146622 -0.371847 0.454955 -0.117615 -0.368921 0.449876
-0.1476 -0.371956 0.455129 -0.119578 -0.369137 0.450226
-0.148579 -0.372064 0.455303 -0.120559 -0.369246 0.450401
-0.149558 -0.372173 0.455477 -0.12105 -0.3693 0.450488
-0.150536 -0.372282 0.455651 -0.12252 -0.369462 0.45075
-0.151515 -0.372391 0.455825 -0.1235 -0.369571 0.450925
-0.152494 -0.372499 0.455999 -0.124479 -0.369679 0.4511
-0.153473 -0.372608 0.456173 -0.125458 -0.369787 0.451274
-0.154451 -0.372717 0.456347 -0.126437 -0.369895 0.451449
-0.15543 -0.372826 0.456521 -0.127416 -0.370004 0.451623
-0.156409 -0.372934 0.456695 -0.128394 -0.370112 0.451798
-0.157388 -0.373043 0.456869 -0.129372 -0.37022 0.451972
-0.158366 -0.373152 0.457043 -0.13035 -0.370328 0.452147
-0.159345 -0.373261 0.457217 -0.131328 -0.370437 0.452321
-0.160324 -0.373369 0.457391 -0.132305 -0.370545 0.452495
-0.161302 -0.373478 0.457565 -0.133283 -0.370653 0.45267
-0.162281 -0.373587 0.457739 -0.13426 -0.370761 0.452844
-0.16326 -0.373696 0.457913 -0.135238 -0.37087 0.453018
-0.164239 -0.373804 0.458087 -0.136215 -0.370978 0.453192
-0.165217 -0.373913 0.458261 -0.137192 -0.371086 0.453367
-0.166196 -0.374022 0.458435 -0.13817 -0.371195 0.453541
-0.167175 -0.374131 0.458609 -0.139147 -0.371303 0.453715
-0.168153 -0.374239 0.458783 -0.140124 -0.371411 0.453889
-0.169132 -0.374348 0.458957 -0.141101 -0.37152 0.454064
-0.170111 -0.374457 0.459131 -0.142078 -0.371628 0.454238
-0.17109 -0.374566 0.459305 -0.142567 -0.371682 0.454325
-0.172068 -0.374674 0.459479 -0.143055 -0.371736 0.454412
-0.173047 -0.374783 0.459653 -0.145012 -0.371954 0.454761
-0.174026 -0.374892 0.459827 -0.145992 -0.372063 0.454936
-0.175005 -0.375001 0.460001 -0.146973 -0.372172 0.455111
-0.175983 -0.375109 0.460175 -0.147952 -0.37228 0.455286
-0.176962 -0.375218 0.460349 -0.148932 -0.372389 0.45546
-0.177941 -0.375327 0.460523 -0.149911 -0.372498 0.455635
-0.178919 -0.375435 0.460697 -0.150401 -0.372552 0.455722
-0.179898 -0.375544 0.460871 -0.151869 -0.372716 0.455984
-0.180877 -0.375653 0.461045 -0.152848 -0.372824 0.456159
-0.181856 -0.375762 0.461219 -0.153826 -0.372933 0.456333
-0.182834 -0.37587 0.461393 -0.154804 -0.373041 0.456508
-0.183813 -0.375979 0.461567 -0.155782 -0.37315 0.456682
-0.184792 -0.376088 0.461741 -0.15676 -0.373258 0.456857
-0.185771 -0.376197 0.461915 -0.157738 -0.373367 0.457031
-0.186749 -0.376305 0.462089 -0.158716 -0.373475 0.457205
-0.187728 -0.376414 0.462263 -0.159693 -0.373584 0.457379
-0.188707 -0.376523 0.462437 -0.160671 -0.373692 0.457554
-0.189685 -0.376632 0.462611 -0.161648 -0.373801 0.457728
-0.190664 -0.37674 0.462785 -0.162626 -0.373909 0.457902
-0.191643 -0.376849 0.462959 -0.163603 -0.374018 0.458077
-0.192622 -0.376958 0.463133 -0.164581 -0.374126 0.458251
-0.1936 -0.377067 0.463307 -0.165558 -0.374235 0.458425
-0.194579 -0.377175 0.463481 -0.166536 -0.374343 0.458599
-0.195558 -0.377284 0.463655 -0.167513 -0.374452 0.458774
-0.196536 -0.377393 0.463829 -0.168491 -0.37456 0.458948
-0.197515 -0.377502 0.464003 -0.169468 -0.374669 0.459122
-0.198494 -0.37761 0.464177 -0.170445 -0.374777 0.459297
-0.199473 -0.377719 0.464351 -0.171423 -0.374886 0.459471
-0.200451 -0.377828 0.464525 -0.172401 -0.374994 0.459645
-0.20143 -0.377937 0.464699 -0.173378 -0.375103 0.459819
-0.202409 -0.378045 0.464873 -0.174356 -0.375211 0.459994
-0.203388 -0.378154 0.465047 -0.175333 -0.37532 0.460168
-0.204366 -0.378263 0.465221 -0.176311 -0.375428 0.460342
-0.205345 -0.378372 0.465395 -0.177289 -0.375537 0.460517
-0.206324 -0.37848 0.465569 -0.178266 -0.375646 0.460691
-0.207302 -0.378589 0.465743 -0.179244 -0.375754 0.460865
-0.208281 -0.378698 0.465917 -0.180222 -0.375863 0.46104
-0.20926 -0.378807 0.466091 -0.1812 -0.375971 0.461214
-0.210239 -0.378915 0.466265 -0.182178 -0.37608 0.461388
-0.211217 -0.379024 0.466439 -0.183155 -0.376188 0.461563
-0.212196 -0.379133 0.466613 -0.184133 -0.376297 0.461737
-0.213175 -0.379242 0.466787 -0.185111 -0.376405 0.461911
-0.214153 -0.37935 0.466961 -0.186089 -0.376514 0.462086
-0.215132 -0.379459 0.467135 -0.187067 -0.376623 0.46226
-0.216111 -0.379568 0.467309 -0.188045 -0.376731 0.462434
-0.21709 -0.379677 0.467483 -0.189024 -0.37684 0.462609
-0.218068 -0.379785 0.467657 -0.190002 -0.376948 0.462783
-0.219047 -0.379894 0.467831 -0.19098 -0.377057 0.462958
-0.220026 -0.380003 0.468005 -0.191958 -0.377166 0.463132
-0.221005 -0.380112 0.468179 -0.192936 -0.377274 0.463306
-0.221983 -0.38022 0.468353 -0.193915 -0.377383 0.463481
-0.222962 -0.380329 0.468527 -0.194893 -0.377491 0.463655
-0.223941 -0.380438 0.468701 -0.195871 -0.3776 0.46383
-0.224919 -0.380547 0.468875 -0.19685 -0.377709 0.464004
-0.225898 -0.380655 0.469049 -0.197828 -0.377817 0.464178
-0.226877 -0.380764 0.469223 -0.198806 -0.377926 0.464353
-0.227856 -0.380873 0.469397 -0.199785 -0.378034 0.464527
-0.228834 -0.380982 0.469571 -0.200763 -0.378143 0.464702
-0.229813 -0.38109 0.469745 -0.201742 -0.378252 0.464876
-0.230792 -0.381199 0.469919 -0.20272 -0.37836 0.46505
-0.231771 -0.381308 0.470093 -0.203699 -0.378469 0.465225
-0.232749 -0.381417 0.470267 -0.204677 -0.378578 0.465399
-0.233728 -0.381525 0.470441 -0.205656 -0.378686 0.465574
-0.234707 -0.381634 0.470615 -0.206634 -0.378795 0.465748
-0.235685 -0.381743 0.470789 -0.207613 -0.378903 0.465922
-0.236664 -0.381852 0.470963 -0.208591 -0.379012 0.466097
-0.237643 -0.38196 0.471137 -0.20957 -0.379121 0.466271
-0.238622 -0.382069 0.471311 -0.210549 -0.379229 0.466446
-0.2396 -0.382178 0.471484 -0.211527 -0.379338 0.46662
-0.240579 -0.382287 0.471658 -0.212506 -0.379447 0.466795
-0.241558 -0.382395 0.471832 -0.213485 -0.379555 0.466969
-0.242536 -0.382504 0.472006 -0.214463 -0.379664 0.467143
-0.243515 -0.382613 0.47218 -0.215442 -0.379773 0.467318
-0.244494 -0.382722 0.472354 -0.216421 -0.379881 0.467492
-0.245473 -0.38283 0.472528 -0.217399 -0.37999 0.467667
-0.246451 -0.382939 0.472702 -0.218378 -0.380098 0.467841
-0.24743 -0.383048 0.472876 -0.219357 -0.380207 0.468015
-0.248409 -0.383157 0.47305 -0.220335 -0.380316 0.46819
-0.249388 -0.383265 0.473224 -0.22131 -0.380424 0.468363
-0.250366 -0.383374 0.473398 -0.222284 -0.380531 0.468537
-0.251345 -0.383483 0.473572 -0.223257 -0.380639 0.46871
-0.252324 -0.383592 0.473746 -0.224232 -0.380747 0.468884
-0.253302 -0.3837 0.47392 -0.225206 -0.380855 0.469057
-0.254281 -0.383809 0.474094 -0.226182 -0.380963 0.469231
-0.25526 -0.383918 0.474268 -0.227158 -0.381072 0.469405
-0.256239 -0.384027 0.474442 -0.228134 -0.38118 0.469579
-0.257217 -0.384135 0.474616 -0.229111 -0.381288 0.469753
-0.258196 -0.384244 0.47479 -0.230088 -0.381397 0.469927
-0.259175 -0.384353 0.474964 -0.231065 -0.381505 0.470101
-0.260153 -0.384461 0.475138 -0.232042 -0.381614 0.470275
-0.261132 -0.38457 0.475312 -0.23302 -0.381722 0.47045
-0.262111 -0.384679 0.475486 -0.233998 -0.381831 0.470624
-0.26309 -0.384788 0.47566 -0.235465 -0.381994 0.470885
-0.264068 -0.384896 0.475834 -0.235954 -0.382048 0.470972
-0.265047 -0.385005 0.476008 -0.236932 -0.382157 0.471147
-0.266026 -0.385114 0.476182 -0.23791 -0.382265 0.471321
-0.267005 -0.385223 0.476356 -0.238889 -0.382374 0.471495
-0.267983 -0.385331 0.47653 -0.239867 -0.382483 0.47167
-0.268962 -0.38544 0.476704 -0.240846 -0.382592 0.471844
-0.269941 -0.385549 0.476878 -0.241825 -0.3827 0.472019
-0.270919 -0.385658 0.477052 -0.242805 -0.382809 0.472193
-0.271898 -0.385766 0.477226 -0.243784 -0.382918 0.472368
-0.272877 -0.385875 0.4774 -0.244764 -0.383027 0.472542
-0.273856 -0.385984 0.477574 -0.245743 -0.383136 0.472717
-0.274834 -0.386093 0.477748 -0.246723 -0.383244 0.472892
-0.275813 -0.386201 0.477922 -0.247702 -0.383353 0.473066
-0.276792 -0.38631 0.478096 -0.248682 -0.383462 0.473241
-0.277771 -0.386419 0.47827 -0.250151 -0.383625 0.473502
-0.278749 -0.386528 0.478444 -0.25064 -0.38368 0.47359
-0.279728 -0.386636 0.478618 -0.25162 -0.383788 0.473764
-0.280707 -0.386745 0.478792 -0.252598 -0.383897 0.473938
-0.281685 -0.386854 0.478966 -0.253577 -0.384005 0.474113
-0.282664 -0.386963 0.47914 -0.254556 -0.384114 0.474287
-0.283643 -0.387071 0.479314 -0.255534 -0.384223 0.474461
-0.284622 -0.38718 0.479488 -0.256512 -0.384331 0.474636
-0.2856 -0.387289 0.479662 -0.257489 -0.38444 0.47481
-0.286579 -0.387398 0.479836 -0.258466 -0.384548 0.474984
-0.287558 -0.387506 0.48001 -0.259444 -0.384656 0.475158
-0.288536 -0.387615 0.480184 -0.260421 -0.384765 0.475332
-0.289515 -0.387724 0.480358 -0.261887 -0.384927 0.475593
-0.290494 -0.387833 0.480532 -0.262376 -0.384982 0.47568
-0.291473 -0.387941 0.480706 -0.263354 -0.38509 0.475854
-0.292451 -0.38805 0.48088 -0.264332 -0.385199 0.476028
-0.29343 -0.388159 0.481054 -0.2658 -0.385362 0.47629
-0.294409 -0.388268 0.481228 -0.266778 -0.38547 0.476464
-0.295388 -0.388376 0.481402 -0.267268 -0.385525 0.476551
-0.296366 -0.388485 0.481576 -0.268246 -0.385633 0.476726
-0.297345 -0.388594 0.48175 -0.269714 -0.385796 0.476987
-0.298324 -0.388703 0.481924 -0.270203 -0.385851 0.477074
-0.299302 -0.388811 0.482098 -0.271181 -0.385959 0.477248
-0.300281 -0.38892 0.482272 -0.272159 -0.386068 0.477422
-0.30126 -0.389029 0.482446 -0.273136 -0.386176 0.477596
-0.302239 -0.389138 0.48262 -0.274113 -0.386284 0.47777
-0.303217 -0.389246 0.482794 -0.275579 -0.386447 0.478032
-0.304196 -0.389355 0.482968 -0.276068 -0.386501 0.478119
-0.305175 -0.389464 0.483142 -0.277046 -0.38661 0.478293
-0.306153 -0.389573 0.483316 -0.278024 -0.386718 0.478467
-0.307132 -0.389681 0.48349 -0.278513 -0.386773 0.478554
-0.308111 -0.38979 0.483664 -0.27998 -0.386936 0.478815
-0.30909 -0.389899 0.483838 -0.280958 -0.387044 0.47899
-0.310068 -0.390008 0.484012 -0.281937 -0.387153 0.479164
-0.311047 -0.390116 0.484186 -0.282916 -0.387262 0.479338
-0.312026 -0.390225 0.48436 -0.283895 -0.38737 0.479513
-0.313005 -0.390334 0.484534 -0.284875 -0.387479 0.479687
-0.313983 -0.390443 0.484708 -0.285855 -0.387588 0.479862
-0.314962 -0.390551 0.484882 -0.286835 -0.387697 0.480036
-0.315941 -0.39066 0.485056 -0.287815 -0.387806 0.480211
-0.316919 -0.390769 0.48523 -0.288795 -0.387915 0.480386
-0.317898 -0.390878 0.485404 -0.289776 -0.388024 0.48056
-0.318877 -0.390986 0.485578 -0.290266 -0.388078 0.480648
-0.319856 -0.391095 0.485752 -0.291737 -0.388242 0.48091
-0.320834 -0.391204 0.485926 -0.292718 -0.388351 0.481084
-0.321813 -0.391313 0.4861 -0.293698 -0.38846 0.481259
-0.322792 -0.391421 0.486274 -0.294189 -0.388514 0.481346
-0.323771 -0.39153 0.486448 -0.296151 -0.388732 0.481696
-0.324749 -0.391639 0.486622 -0.29713 -0.388841 0.48187
-0.325728 -0.391748 0.486796 -0.298106 -0.388949 0.482044
-0.326707 -0.391856 0.48697 -0.298594 -0.389003 0.482131
-0.327685 -0.391965 0.487144 -0.300056 -0.389165 0.482391
-0.328664 -0.392074 0.487318 -0.301032 -0.389273 0.482565
-0.329643 -0.392183 0.487492 -0.301519 -0.389327 0.482651
-0.330622 -0.392291 0.487666 -0.302495 -0.389435 0.482825
-0.3316 -0.3924 0.48784 -0.303471 -0.389543 0.482999
-0.332579 -0.392509 0.488014 -0.304447 -0.389652 0.483172
-0.333558 -0.392618 0.488188 -0.305424 -0.38976 0.483346
-0.334536 -0.392726 0.488362 -0.306401 -0.389869 0.48352
-0.335515 -0.392835 0.488536 -0.307379 -0.389977 0.483694
-0.336494 -0.392944 0.48871 -0.308846 -0.39014 0.483956
-0.337473 -0.393053 0.488884 -0.309824 -0.390249 0.48413
-0.338451 -0.393161 0.489058 -0.310802 -0.390357 0.484304
-0.33943 -0.39327 0.489232 -0.311291 -0.390411 0.484391
-0.340409 -0.393379 0.489406 -0.312269 -0.39052 0.484565
-0.341388 -0.393488 0.48958 -0.313247 -0.390629 0.484739
-0.342366 -0.393596 0.489754 -0.314225 -0.390737 0.484914
-0.343345 -0.393705 0.489928 -0.315203 -0.390846 0.485088
-0.344324 -0.393814 0.490102 -0.315692 -0.3909 0.485175
-0.345302 -0.393922 0.490276 -0.317161 -0.391064 0.485437
-0.346281 -0.394031 0.49045 -0.31814 -0.391172 0.485611
-0.34726 -0.39414 0.490624 -0.319119 -0.391281 0.485785
-0.348239 -0.394249 0.490798 -0.320098 -0.39139 0.48596
-0.349217 -0.394357 0.490972 -0.321077 -0.391499 0.486134
-0.350196 -0.394466 0.491146 -0.322056 -0.391607 0.486309
-0.351175 -0.394575 0.49132 -0.322546 -0.391662 0.486396
-0.352154 -0.394684 0.491494 -0.322546 -0.391662 0.486396
-0.353132 -0.394792 0.491668 -0.324996 -0.391934 0.486832
-0.354111 -0.394901 0.491842 -0.325976 -0.392043 0.487007
-0.35509 -0.39501 0.492016 -0.326953 -0.392151 0.48718
-0.356068 -0.395119 0.49219 -0.327927 -0.392259 0.487354
-0.357047 -0.395227 0.492364 -0.328901 -0.392367 0.487527
-0.358026 -0.395336 0.492538 -0.329876 -0.392475 0.487701
-0.359005 -0.395445 0.492712 -0.330364 -0.392529 0.487787
-0.359983 -0.395554 0.492886 -0.332318 -0.392746 0.488135
-0.360962 -0.395662 0.49306 -0.333296 -0.392855 0.488309
-0.361941 -0.395771 0.493234 -0.334273 -0.392963 0.488483
-0.362919 -0.39588 0.493408 -0.335246 -0.393071 0.488657
-0.363898 -0.395989 0.493582 -0.336219 -0.393179 0.48883
-0.364877 -0.396097 0.493756 -0.337192 -0.393287 0.489003
-0.365856 -0.396206 0.49393 -0.337678 -0.393341 0.489089
-0.366834 -0.396315 0.494104 -0.339132 -0.393502 0.489348
-0.367813 -0.396424 0.494278 -0.339617 -0.393555 0.489434
-0.368792 -0.396532 0.494452 -0.340586 -0.393663 0.489606
-0.369771 -0.396641 0.494626 -0.341557 -0.39377 0.489779
-0.370749 -0.39675 0.4948 -0.34253 -0.393878 0.489952
-0.371728 -0.396859 0.494974 -0.343503 -0.393986 0.490125
-0.372707 -0.396967 0.495148 -0.344478 -0.394095 0.490299
-0.373685 -0.397076 0.495322 -0.345454 -0.394203 0.490473
-0.374664 -0.397185 0.495496 -0.346431 -0.394312 0.490647
-0.375643 -0.397294 0.49567 -0.347409 -0.394421 0.490821
-0.376622 -0.397402 0.495844 -0.348388 -0.39453 0.490996
-0.3776 -0.397511 0.496018 -0.349367 -0.394639 0.49117
-0.378579 -0.39762 0.496192 -0.349857 -0.394693 0.491258
-0.379558 -0.397729 0.496366 -0.351328 -0.394857 0.49152
-0.380536 -0.397837 0.49654 -0.351819 -0.394912 0.491607
-0.381515 -0.397946 0.496714 -0.353292 -0.395076 0.49187
-0.382494 -0.398055 0.496888 -0.354275 -0.395185 0.492045
-0.383473 -0.398164 0.497062 -0.355747 -0.395349 0.492308
-0.384451 -0.398272 0.497236 -0.356236 -0.395404 0.492395
-0.38543 -0.398381 0.49741 -0.357698 -0.395566 0.492655
-0.386409 -0.39849 0.497584 -0.35867 -0.395673 0.492828
-0.387388 -0.398599 0.497758 -0.35964 -0.395781 0.493
-0.388366 -0.398707 0.497932 -0.360612 -0.395889 0.493173
-0.389345 -0.398816 0.498106 -0.361584 -0.395996 0.493346
-0.390324 -0.398925 0.49828 -0.362557 -0.396104 0.493519
-0.391302 -0.399034 0.498454 -0.36353 -0.396212 0.493692
-0.392281 -0.399142 0.498628 -0.364504 -0.39632 0.493865
-0.39326 -0.399251 0.498802 -0.365478 -0.396429 0.494039
-0.394239 -0.39936 0.498976 -0.366453 -0.396537 0.494212
-0.395217 -0.399469 0.49915 -0.367428 -0.396645 0.494386
-0.396196 -0.399577 0.499324 -0.368403 -0.396754 0.49456
-0.397175 -0.399686 0.499498 -0.369379 -0.396862 0.494734
-0.398154 -0.399795 0.499672 -0.370355 -0.396971 0.494907
-0.399132 -0.399904 0.499846 -0.371331 -0.397079 0.495081
-0.400111 -0.400012 0.50002 -0.372308 -0.397188 0.495255
-0.399132 -0.399904 0.499846 -0.373284 -0.397296 0.495429
-0.400111 -0.400012 0.50002 -0.374261 -0.397405 0.495603
-0.399132 -0.399904 0.499846 -0.375239 -0.397514 0.495777
-0.400111 -0.400012 0.50002 -0.376215 -0.397622 0.495951
-0.399132 -0.399904 0.499846 -0.377188 -0.39773 0.496124
-0.400111 -0.400012 0.50002 -0.378153 -0.397837 0.496296
-0.399132 -0.399904 0.499846 -0.379107 -0.397942 0.496465
-0.400111 -0.400012 0.50002 -0.380046 -0.398044 0.496631
-0.399132 -0.399904 0.499846 -0.380967 -0.398144 0.496793
-0.400111 -0.400012 0.50002 -0.381869 -0.398241 0.496951
-0.399132 -0.399904 0.499846 -0.382751 -0.398334 0.497105
-0.400111 -0.400012 0.50002 -0.383609 -0.398425 0.497254
-0.399132 -0.399904 0.499846 -0.384444 -0.398512 0.497399
-0.400111 -0.400012 0.50002 -0.385253 -0.398595 0.497539
-0.399132 -0.399904 0.499846 -0.386036 -0.398675 0.497673
-0.400111 -0.400012 0.50002 -0.386793 -0.398752 0.497803
-0.399132 -0.399904 0.499846 -0.387523 -0.398825 0.497927
-0.400111 -0.400012 0.50002 -0.388226 -0.398895 0.498047
-0.399132 -0.399904 0.499846 -0.388901 -0.398961 0.498161
-0.400111 -0.400012 0.50002 -0.389549 -0.399024 0.49827
-0.399132 -0.399904 0.499846 -0.390171 -0.399084 0.498375
-0.400111 -0.400012 0.50002 -0.390765 -0.399141 0.498474
-0.399132 -0.399904 0.499846 -0.391334 -0.399195 0.498569
-0.400111 -0.400012 0.50002 -0.391876 -0.399247 0.49866
-0.399132 -0.399904 0.499846 -0.392393 -0.399295 0.498745
-0.400111 -0.400012 0.50002 -0.392886 -0.399341 0.498827
-0.399132 -0.399904 0.499846 -0.393123 -0.399363 0.498866
-0.400111 -0.400012 0.50002 -0.394013 -0.399445 0.499013
-0.399132 -0.399904 0.499846 -0.394424 -0.399482 0.49908
-0.400111 -0.400012 0.50002 -0.394812 -0.399518 0.499144
-0.399132 -0.399904 0.499846 -0.395176 -0.39955 0.499204
-0.400111 -0.400012 0.50002 -0.395517 -0.399581 0.499259
-0.399132 -0.399904 0.499846 -0.395835 -0.399609 0.499311
-0.400111 -0.400012 0.50002 -0.396131 -0.399635 0.499359
-0.399132 -0.399904 0.499846 -0.396407 -0.39966 0.499404
-0.400111 -0.400012 0.50002 -0.396664 -0.399682 0.499445
-0.399132 -0.399904 0.499846 -0.396902 -0.399703 0.499484
-0.400111 -0.400012 0.50002 -0.397123 -0.399722 0.499519
-0.399132 -0.399904 0.499846 -0.397328 -0.39974 0.499552
-0.400111 -0.400012 0.50002 -0.397518 -0.399756 0.499583
-0.399132 -0.399904 0.499846 -0.397693 -0.399771 0.499611
-0.400111 -0.400012 0.50002 -0.397855 -0.399785 0.499637
-0.399132 -0.399904 0.499846 -0.398004 -0.399798 0.499661
-0.400111 -0.400012 0.50002 -0.398141 -0.39981 0.499683
-0.399132 -0.399904 0.499846 -0.398267 -0.39982 0.499703
-0.400111 -0.400012 0.50002 -0.398326 -0.399826 0.499712
-0.399132 -0.399904 0.499846 -0.398437 -0.399835 0.49973
-0.400111 -0.400012 0.50002 -0.398538 -0.399844 0.499746
-0.399132 -0.399904 0.499846 -0.39863 -0.399852 0.499761
-0.400111 -0.400012 0.50002 -0.398714 -0.399859 0.499774
-0.399132 -0.399904 0.499846 -0.398791 -0.399865 0.499787
-0.400111 -0.400012 0.50002 -0.398861 -0.399872 0.499798
-0.399132 -0.399904 0.499846 -0.398926 -0.399877 0.499808
-0.400111 -0.400012 0.50002 -0.398956 -0.39988 0.499813
-0.399132 -0.399904 0.499846 -0.399039 -0.399887 0.499827
