0.499336 -0.300074 0.340118 0.500316 -0.299964 0.339943
0.498357 -0.300183 0.340292 0.500316 -0.299964 0.339943
0.497379 -0.300291 0.340466 0.500315 -0.299964 0.339943
0.4964 -0.3004 0.34064 0.500315 -0.299964 0.339943
0.495421 -0.300509 0.340814 0.500315 -0.299964 0.339943
0.494442 -0.300618 0.340988 0.50031 -0.299965 0.339944
0.493464 -0.300726 0.341162 0.500285 -0.299967 0.339949
0.492485 -0.300835 0.341336 0.50027 -0.299969 0.339951
0.491506 -0.300944 0.34151 0.500228 -0.299974 0.339959
0.490527 -0.301053 0.341684 0.500201 -0.299977 0.339964
0.489549 -0.301161 0.341858 0.500089 -0.29999 0.339984
0.48857 -0.30127 0.342032 0.499988 -0.300001 0.340003
0.487591 -0.301379 0.342206 0.499863 -0.300016 0.340025
0.486613 -0.301487 0.34238 0.49963 -0.300043 0.340068
0.485634 -0.301596 0.342554 0.499441 -0.300065 0.340103
0.484655 -0.301705 0.342728 0.499337 -0.300077 0.340122
0.483676 -0.301814 0.342902 0.499226 -0.30009 0.340142
0.482698 -0.301922 0.343076 0.498715 -0.300149 0.340236
0.481719 -0.302031 0.34325 0.49826 -0.300203 0.34032
0.48074 -0.30214 0.343424 0.497923 -0.300242 0.340382
0.479761 -0.302249 0.343598 0.497559 -0.300285 0.34045
0.478783 -0.302357 0.343772 0.497368 -0.300307 0.340485
0.477804 -0.302466 0.343946 0.496754 -0.30038 0.340599
0.476825 -0.302575 0.34412 0.496537 -0.300405 0.340639
0.475847 -0.302684 0.344294 0.496313 -0.300432 0.340681
0.474868 -0.302792 0.344468 0.495356 -0.300544 0.340858
0.473889 -0.302901 0.344642 0.495102 -0.300574 0.340905
0.47291 -0.30301 0.344816 0.494578 -0.300636 0.341002
0.471932 -0.303119 0.34499 0.493756 -0.300733 0.341154
0.470953 -0.303227 0.345164 0.493188 -0.300799 0.341259
0.469974 -0.303336 0.345338 0.492602 -0.300868 0.341367
0.468996 -0.303445 0.345512 0.491998 -0.300939 0.341479
0.468017 -0.303554 0.345686 0.491373 -0.301012 0.341594
0.467038 -0.303662 0.34586 0.490726 -0.301088 0.341714
0.466059 -0.303771 0.346034 0.490061 -0.301166 0.341836
0.465081 -0.30388 0.346208 0.48938 -0.301246 0.341962
0.464102 -0.303989 0.346382 0.488681 -0.301328 0.342091
0.463123 -0.304097 0.346556 0.487964 -0.301411 0.342223
0.462144 -0.304206 0.34673 0.48723 -0.301497 0.342358
0.461166 -0.304315 0.346904 0.48648 -0.301585 0.342496
0.460187 -0.304424 0.347078 0.485715 -0.301674 0.342637
0.459208 -0.304532 0.347252 0.484935 -0.301765 0.34278
0.45823 -0.304641 0.347426 0.484141 -0.301857 0.342925
0.457251 -0.30475 0.3476 0.483334 -0.301951 0.343073
0.456272 -0.304859 0.347774 0.482515 -0.302046 0.343224
0.455293 -0.304967 0.347948 0.481683 -0.302143 0.343376
0.454315 -0.305076 0.348122 0.480841 -0.302241 0.34353
0.453336 -0.305185 0.348296 0.479988 -0.302339 0.343685
0.452357 -0.305294 0.34847 0.479125 -0.302439 0.343843
0.451379 -0.305402 0.348644 0.478254 -0.302539 0.344002
0.4504 -0.305511 0.348818 0.477373 -0.302641 0.344162
0.449421 -0.30562 0.348992 0.476485 -0.302743 0.344323
0.448442 -0.305729 0.349166 0.475589 -0.302846 0.344486
0.447464 -0.305837 0.34934 0.474686 -0.302949 0.34465
0.446485 -0.305946 0.349514 0.473776 -0.303054 0.344815
0.445506 -0.306055 0.349688 0.472859 -0.303158 0.34498
0.444527 -0.306164 0.349862 0.471937 -0.303263 0.345147
0.443549 -0.306272 0.350036 0.47101 -0.303369 0.345314
0.44257 -0.306381 0.35021 0.470078 -0.303475 0.345483
0.441591 -0.30649 0.350384 0.469142 -0.303582 0.345651
0.440613 -0.306599 0.350558 0.468672 -0.303635 0.345736
0.439634 -0.306707 0.350732 0.468201 -0.303688 0.345821
0.438655 -0.306816 0.350906 0.466308 -0.303903 0.346161
0.437676 -0.306925 0.35108 0.46536 -0.30401 0.346331
0.436698 -0.307034 0.351254 0.46441 -0.304117 0.346501
0.435719 -0.307142 0.351428 0.463456 -0.304225 0.346672
0.43474 -0.307251 0.351602 0.462498 -0.304332 0.346843
0.433761 -0.30736 0.351776 0.461538 -0.30444 0.347015
0.432783 -0.307469 0.35195 0.460575 -0.304549 0.347187
0.431804 -0.307577 0.352124 0.459609 -0.304657 0.34736
0.430825 -0.307686 0.352298 0.45864 -0.304766 0.347533
0.429847 -0.307795 0.352472 0.457669 -0.304875 0.347706
0.428868 -0.307904 0.352646 0.456696 -0.304984 0.34788
0.427889 -0.308012 0.35282 0.455721 -0.305093 0.348054
0.42691 -0.308121 0.352994 0.454745 -0.305203 0.348227
0.425932 -0.30823 0.353168 0.454257 -0.305257 0.348314
0.424953 -0.308339 0.353342 0.452789 -0.305421 0.348576
0.423974 -0.308447 0.353516 0.45181 -0.305531 0.34875
0.422996 -0.308556 0.35369 0.45083 -0.30564 0.348924
0.422017 -0.308665 0.353864 0.449849 -0.30575 0.349099
0.421038 -0.308774 0.354038 0.448868 -0.305859 0.349273
0.420059 -0.308882 0.354212 0.447886 -0.305969 0.349447
0.419081 -0.308991 0.354386 0.446904 -0.306078 0.349622
0.418102 -0.3091 0.35456 0.445921 -0.306188 0.349796
0.417123 -0.309209 0.354734 0.445429 -0.306242 0.349884
0.416144 -0.309317 0.354908 0.443953 -0.306407 0.350146
0.415166 -0.309426 0.355082 0.442968 -0.306516 0.350321
0.414187 -0.309535 0.355256 0.441982 -0.306626 0.350496
0.413208 -0.309644 0.35543 0.440995 -0.306736 0.350671
0.41223 -0.309752 0.355604 0.440502 -0.306791 0.350758
0.411251 -0.309861 0.355778 0.439514 -0.306901 0.350933
0.410272 -0.30997 0.355952 0.438526 -0.307011 0.351109
0.409293 -0.310079 0.356126 0.437538 -0.307121 0.351284
0.408315 -0.310187 0.3563 0.436055 -0.307286 0.351547
0.407336 -0.310296 0.356474 0.43556 -0.307341 0.351635
0.406357 -0.310405 0.356648 0.434571 -0.307451 0.35181
0.405378 -0.310514 0.356822 0.433582 -0.307561 0.351985
0.4044 -0.310622 0.356996 0.432593 -0.307671 0.352161
0.403421 -0.310731 0.35717 0.431604 -0.307781 0.352336
0.402442 -0.31084 0.357344 0.430615 -0.307891 0.352512
0.401464 -0.310948 0.357518 0.429625 -0.308001 0.352687
0.400485 -0.311057 0.357692 0.428636 -0.308111 0.352862
0.399506 -0.311166 0.357866 0.427647 -0.308221 0.353038
0.398527 -0.311275 0.35804 0.426658 -0.308331 0.353213
0.397549 -0.311383 0.358214 0.425668 -0.308441 0.353388
0.39657 -0.311492 0.358388 0.424679 -0.308551 0.353564
0.395591 -0.311601 0.358562 0.42369 -0.308661 0.353739
0.394613 -0.31171 0.358736 0.422702 -0.308771 0.353914
0.393634 -0.311818 0.35891 0.421713 -0.308881 0.354089
0.392655 -0.311927 0.359084 0.420725 -0.308991 0.354264
0.391676 -0.312036 0.359258 0.419737 -0.309101 0.354439
0.390698 -0.312145 0.359432 0.418749 -0.30921 0.354615
0.389719 -0.312253 0.359606 0.417762 -0.30932 0.35479
0.38874 -0.312362 0.35978 0.416775 -0.30943 0.354964
0.387761 -0.312471 0.359954 0.415788 -0.30954 0.355139
0.386783 -0.31258 0.360128 0.414801 -0.309649 0.355314
0.385804 -0.312688 0.360302 0.413815 -0.309759 0.355489
0.384825 -0.312797 0.360476 0.412829 -0.309869 0.355664
0.383847 -0.312906 0.360649 0.411843 -0.309978 0.355838
0.382868 -0.313015 0.360823 0.410858 -0.310088 0.356013
0.381889 -0.313123 0.360997 0.409872 -0.310198 0.356188
0.38091 -0.313232 0.361171 0.40938 -0.310252 0.356275
0.379932 -0.313341 0.361345 0.407903 -0.310417 0.356537
0.378953 -0.31345 0.361519 0.406919 -0.310526 0.356711
0.377974 -0.313558 0.361693 0.405934 -0.310636 0.356886
0.376996 -0.313667 0.361867 0.404951 -0.310745 0.35706
0.376017 -0.313776 0.362041 0.403967 -0.310855 0.357234
0.375038 -0.313885 0.362215 0.402984 -0.310964 0.357409
0.374059 -0.313993 0.362389 0.402001 -0.311073 0.357583
0.373081 -0.314102 0.362563 0.401018 -0.311183 0.357757
0.372102 -0.314211 0.362737 0.400035 -0.311292 0.357931
0.371123 -0.31432 0.362911 0.399544 -0.311347 0.358019
0.370144 -0.314428 0.363085 0.398561 -0.311456 0.358193
0.369166 -0.314537 0.363259 0.397088 -0.31162 0.358454
0.368187 -0.314646 0.363433 0.396596 -0.311675 0.358541
0.367208 -0.314755 0.363607 0.395614 -0.311784 0.358715
0.36623 -0.314863 0.363781 0.394631 -0.311894 0.35889
0.365251 -0.314972 0.363955 0.393649 -0.312003 0.359064
0.364272 -0.315081 0.364129 0.392667 -0.312112 0.359238
0.363293 -0.31519 0.364303 0.391191 -0.312277 0.3595
0.362315 -0.315298 0.364477 0.390204 -0.312387 0.359675
0.361336 -0.315407 0.364651 0.389711 -0.312442 0.359763
0.360357 -0.315516 0.364825 0.388725 -0.312552 0.359938
0.359378 -0.315625 0.364999 0.38774 -0.312662 0.360112
0.3584 -0.315733 0.365173 0.386755 -0.312772 0.360287
0.357421 -0.315842 0.365347 0.385771 -0.312882 0.360462
0.356442 -0.315951 0.365521 0.384786 -0.312991 0.360636
0.355464 -0.31606 0.365695 0.38331 -0.313156 0.360898
0.354485 -0.316168 0.365869 0.382818 -0.313211 0.360986
0.353506 -0.316277 0.366043 0.381834 -0.313321 0.36116
0.352527 -0.316386 0.366217 0.38085 -0.31343 0.361335
0.351549 -0.316495 0.366391 0.379867 -0.31354 0.361509
0.35057 -0.316603 0.366565 0.378884 -0.313649 0.361684
0.349591 -0.316712 0.366739 0.377411 -0.313813 0.361945
0.348613 -0.316821 0.366913 0.37643 -0.313923 0.362119
0.347634 -0.31693 0.367087 0.375449 -0.314032 0.362293
0.346655 -0.317038 0.367261 0.374468 -0.314141 0.362467
0.345676 -0.317147 0.367435 0.373488 -0.314251 0.362641
0.344698 -0.317256 0.367609 0.372508 -0.31436 0.362814
0.343719 -0.317365 0.367783 0.371529 -0.314469 0.362988
0.34274 -0.317473 0.367957 0.37055 -0.314578 0.363161
0.341761 -0.317582 0.368131 0.370061 -0.314632 0.363248
0.340783 -0.317691 0.368305 0.368593 -0.314796 0.363508
0.339804 -0.3178 0.368479 0.367615 -0.314905 0.363682
0.338825 -0.317908 0.368653 0.366637 -0.315014 0.363855
0.337847 -0.318017 0.368827 0.36566 -0.315123 0.364029
0.336868 -0.318126 0.369001 0.364682 -0.315232 0.364202
0.335889 -0.318235 0.369175 0.363705 -0.31534 0.364375
0.33491 -0.318343 0.369349 0.362727 -0.315449 0.364549
0.333932 -0.318452 0.369523 0.36175 -0.315558 0.364722
0.332953 -0.318561 0.369697 0.360773 -0.315667 0.364895
0.331974 -0.31867 0.369871 0.359796 -0.315776 0.365068
0.330996 -0.318778 0.370045 0.358819 -0.315885 0.365242
0.330017 -0.318887 0.370219 0.357842 -0.315994 0.365415
0.329038 -0.318996 0.370393 0.357353 -0.316048 0.365502
0.328059 -0.319105 0.370567 0.356865 -0.316103 0.365588
0.327081 -0.319213 0.370741 0.355399 -0.316266 0.365848
0.326102 -0.319322 0.370915 0.354422 -0.316375 0.366021
0.325123 -0.319431 0.371089 0.353445 -0.316484 0.366195
0.324144 -0.31954 0.371263 0.352468 -0.316593 0.366368
0.323166 -0.319648 0.371437 0.351491 -0.316702 0.366541
0.322187 -0.319757 0.371611 0.350514 -0.316811 0.366715
0.321208 -0.319866 0.371785 0.349537 -0.31692 0.366888
0.32023 -0.319974 0.371959 0.348071 -0.317084 0.367148
0.319251 -0.320083 0.372133 0.347582 -0.317138 0.367235
0.318272 -0.320192 0.372307 0.346115 -0.317302 0.367495
0.317293 -0.320301 0.372481 0.345626 -0.317357 0.367582
0.316315 -0.320409 0.372655 0.344647 -0.317466 0.367755
0.315336 -0.320518 0.372829 0.343178 -0.31763 0.368016
0.314357 -0.320627 0.373003 0.3422 -0.317739 0.36819
0.313378 -0.320736 0.373177 0.34171 -0.317794 0.368276
0.3124 -0.320844 0.373351 0.340242 -0.317958 0.368537
0.311421 -0.320953 0.373525 0.339753 -0.318012 0.368624
0.310442 -0.321062 0.373699 0.338286 -0.318176 0.368884
0.309464 -0.321171 0.373873 0.337307 -0.318285 0.369057
0.308485 -0.321279 0.374047 0.336329 -0.318395 0.369231
0.307506 -0.321388 0.374221 0.33535 -0.318504 0.369405
0.306527 -0.321497 0.374395 0.334371 -0.318613 0.369578
0.305549 -0.321606 0.374569 0.333392 -0.318723 0.369752
0.30457 -0.321714 0.374743 0.332413 -0.318832 0.369925
0.303591 -0.321823 0.374917 0.331434 -0.318941 0.370099
0.302613 -0.321932 0.375091 0.330455 -0.319051 0.370273
0.301634 -0.322041 0.375265 0.329477 -0.31916 0.370446
0.300655 -0.322149 0.375439 0.328501 -0.319269 0.370619
0.299676 -0.322258 0.375613 0.327525 -0.319377 0.370792
0.298698 -0.322367 0.375787 0.32655 -0.319486 0.370965
0.297719 -0.322476 0.375961 0.325574 -0.319595 0.371138
0.29674 -0.322584 0.376135 0.324599 -0.319704 0.371311
0.295761 -0.322693 0.376309 0.323622 -0.319813 0.371484
0.294783 -0.322802 0.376483 0.322646 -0.319922 0.371657
0.293804 -0.322911 0.376657 0.321669 -0.320031 0.37183
0.292825 -0.323019 0.376831 0.320692 -0.32014 0.372004
0.291847 -0.323128 0.377005 0.319715 -0.320249 0.372177
0.290868 -0.323237 0.377179 0.319227 -0.320303 0.372263
0.289889 -0.323346 0.377353 0.31776 -0.320467 0.372523
0.28891 -0.323454 0.377527 0.316783 -0.320576 0.372697
0.287932 -0.323563 0.377701 0.315805 -0.320685 0.37287
0.286953 -0.323672 0.377875 0.314827 -0.320794 0.373044
0.285974 -0.323781 0.378049 0.313849 -0.320904 0.373217
0.284996 -0.323889 0.378223 0.31287 -0.321013 0.373391
0.284017 -0.323998 0.378397 0.312381 -0.321068 0.373477
0.283038 -0.324107 0.378571 0.310914 -0.321231 0.373738
0.282059 -0.324216 0.378745 0.310425 -0.321286 0.373824
0.281081 -0.324324 0.378919 0.308962 -0.321449 0.374083
0.280102 -0.324433 0.379093 0.307992 -0.321557 0.374255
0.279123 -0.324542 0.379267 0.307025 -0.321664 0.374426
0.278144 -0.324651 0.379441 0.305581 -0.321825 0.374682
0.277166 -0.324759 0.379615 0.304621 -0.321931 0.374852
0.276187 -0.324868 0.379789 0.303661 -0.322038 0.375022
0.275208 -0.324977 0.379963 0.30318 -0.322091 0.375107
0.27423 -0.325086 0.380137 0.301737 -0.322251 0.375362
0.273251 -0.325194 0.380311 0.300772 -0.322359 0.375533
0.272272 -0.325303 0.380485 0.299807 -0.322466 0.375704
0.271293 -0.325412 0.380659 0.298842 -0.322574 0.375875
0.270315 -0.325521 0.380833 0.29836 -0.322627 0.37596
0.269336 -0.325629 0.381007 0.297397 -0.322735 0.376131
0.268357 -0.325738 0.381181 0.296916 -0.322788 0.376216
0.267378 -0.325847 0.381355 0.294994 -0.323002 0.376557
0.2664 -0.325956 0.381529 0.294032 -0.323109 0.376727
0.265421 -0.326064 0.381703 0.293067 -0.323217 0.376898
0.264442 -0.326173 0.381877 0.292101 -0.323325 0.377069
0.263464 -0.326282 0.382051 0.291135 -0.323433 0.377241
0.262485 -0.326391 0.382225 0.290169 -0.323541 0.377412
0.261506 -0.326499 0.382399 0.289201 -0.323649 0.377583
0.260527 -0.326608 0.382573 0.288717 -0.323703 0.377669
0.259549 -0.326717 0.382747 0.287265 -0.323865 0.377927
0.25857 -0.326826 0.382921 0.286297 -0.323973 0.378098
0.257591 -0.326934 0.383095 0.285327 -0.324082 0.37827
0.256613 -0.327043 0.383269 0.284357 -0.32419 0.378442
0.255634 -0.327152 0.383443 0.283386 -0.324299 0.378614
0.254655 -0.327261 0.383617 0.282416 -0.324407 0.378786
0.253676 -0.327369 0.383791 0.281932 -0.324462 0.378872
0.252698 -0.327478 0.383965 0.280479 -0.324624 0.37913
0.251719 -0.327587 0.384139 0.279509 -0.324732 0.379302
0.25074 -0.327696 0.384313 0.278539 -0.324841 0.379474
0.249761 -0.327804 0.384487 0.277569 -0.324949 0.379646
0.248783 -0.327913 0.384661 0.2766 -0.325057 0.379818
0.247804 -0.328022 0.384835 0.275632 -0.325166 0.379989
0.246825 -0.328131 0.385009 0.274182 -0.325327 0.380246
0.245847 -0.328239 0.385183 0.273215 -0.325435 0.380417
0.244868 -0.328348 0.385357 0.272249 -0.325543 0.380589
0.243889 -0.328457 0.385531 0.2708 -0.325705 0.380845
0.24291 -0.328566 0.385705 0.269836 -0.325812 0.381016
0.241932 -0.328674 0.385879 0.268874 -0.325919 0.381187
0.240953 -0.328783 0.386053 0.267915 -0.326026 0.381356
0.239974 -0.328892 0.386227 0.267436 -0.326079 0.381441
0.238995 -0.329001 0.386401 0.266479 -0.326186 0.381611
0.238017 -0.329109 0.386575 0.265522 -0.326292 0.38178
0.237038 -0.329218 0.386749 0.264568 -0.326398 0.381949
0.236059 -0.329327 0.386923 0.263139 -0.326557 0.382202
0.235081 -0.329435 0.387097 0.262663 -0.32661 0.382286
0.234102 -0.329544 0.387271 0.261709 -0.326716 0.382455
0.233123 -0.329653 0.387445 0.260754 -0.326822 0.382624
0.232144 -0.329762 0.387619 0.260276 -0.326875 0.382709
0.231166 -0.32987 0.387793 0.25884 -0.327035 0.382963
0.230187 -0.329979 0.387967 0.257881 -0.327142 0.383133
0.229208 -0.330088 0.388141 0.25644 -0.327303 0.383388
0.22823 -0.330197 0.388315 0.255959 -0.327357 0.383474
0.227251 -0.330305 0.388489 0.254997 -0.327465 0.383644
0.226272 -0.330414 0.388663 0.254034 -0.327572 0.383815
0.225293 -0.330523 0.388837 0.25307 -0.32768 0.383986
0.224315 -0.330632 0.389011 0.252105 -0.327788 0.384157
0.223336 -0.33074 0.389185 0.251139 -0.327896 0.384328
0.222357 -0.330849 0.389359 0.250172 -0.328005 0.3845
0.221378 -0.330958 0.389533 0.249204 -0.328113 0.384671
0.2204 -0.331067 0.389707 0.248235 -0.328222 0.384843
0.219421 -0.331175 0.389881 0.247266 -0.328331 0.385015
0.218442 -0.331284 0.390055 0.24581 -0.328494 0.385273
0.217464 -0.331393 0.390229 0.245325 -0.328548 0.385359
0.216485 -0.331502 0.390403 0.244354 -0.328657 0.385531
0.215506 -0.33161 0.390577 0.243381 -0.328766 0.385704
0.214527 -0.331719 0.390751 0.242409 -0.328875 0.385876
0.213549 -0.331828 0.390925 0.241435 -0.328984 0.386049
0.21257 -0.331937 0.391099 0.240461 -0.329093 0.386221
0.211591 -0.332045 0.391273 0.239488 -0.329202 0.386394
0.210613 -0.332154 0.391447 0.238514 -0.329311 0.386567
0.209634 -0.332263 0.391621 0.23754 -0.32942 0.386739
0.208655 -0.332372 0.391795 0.236566 -0.329529 0.386912
0.207676 -0.33248 0.391969 0.235591 -0.329639 0.387085
0.206698 -0.332589 0.392143 0.234615 -0.329748 0.387258
0.205719 -0.332698 0.392317 0.233639 -0.329857 0.387431
0.20474 -0.332807 0.392491 0.232662 -0.329967 0.387604
0.203761 -0.332915 0.392665 0.231685 -0.330076 0.387777
0.202783 -0.333024 0.392839 0.231197 -0.330131 0.387864
0.201804 -0.333133 0.393013 0.22973 -0.330295 0.388124
0.200825 -0.333242 0.393187 0.228752 -0.330404 0.388297
0.199847 -0.33335 0.393361 0.227774 -0.330514 0.388471
0.198868 -0.333459 0.393535 0.226795 -0.330623 0.388644
0.197889 -0.333568 0.393709 0.225816 -0.330733 0.388818
0.19691 -0.333677 0.393883 0.224837 -0.330843 0.388991
0.195932 -0.333785 0.394057 0.223858 -0.330952 0.389165
0.194953 -0.333894 0.394231 0.222878 -0.331062 0.389338
0.193974 -0.334003 0.394405 0.221898 -0.331171 0.389512
0.192995 -0.334112 0.394579 0.220918 -0.331281 0.389686
0.192017 -0.33422 0.394753 0.219938 -0.331391 0.389859
0.191038 -0.334329 0.394927 0.218958 -0.3315 0.390033
0.190059 -0.334438 0.395101 0.217978 -0.33161 0.390207
0.189081 -0.334547 0.395275 0.216997 -0.331719 0.39038
0.188102 -0.334655 0.395449 0.216017 -0.331829 0.390554
0.187123 -0.334764 0.395623 0.215037 -0.331938 0.390728
0.186144 -0.334873 0.395797 0.214056 -0.332048 0.390902
0.185166 -0.334982 0.395971 0.213076 -0.332158 0.391075
0.184187 -0.33509 0.396145 0.212095 -0.332267 0.391249
0.183208 -0.335199 0.396319 0.211115 -0.332377 0.391423
0.18223 -0.335308 0.396493 0.210134 -0.332486 0.391596
0.181251 -0.335417 0.396667 0.209154 -0.332596 0.39177
0.180272 -0.335525 0.396841 0.208173 -0.332705 0.391944
0.179293 -0.335634 0.397015 0.207193 -0.332815 0.392118
0.178315 -0.335743 0.397189 0.206212 -0.332924 0.392291
0.177336 -0.335852 0.397363 0.205232 -0.333034 0.392465
0.176357 -0.33596 0.397536 0.204741 -0.333088 0.392552
0.175378 -0.336069 0.39771 0.203271 -0.333252 0.392812
0.1744 -0.336178 0.397884 0.20229 -0.333362 0.392986
0.173421 -0.336287 0.398058 0.20131 -0.333471 0.39316
0.172442 -0.336395 0.398232 0.20033 -0.333581 0.393333
0.171464 -0.336504 0.398406 0.199349 -0.33369 0.393507
0.170485 -0.336613 0.39858 0.198859 -0.333745 0.393594
0.169506 -0.336722 0.398754 0.197389 -0.333909 0.393854
0.168527 -0.33683 0.398928 0.196409 -0.334018 0.394028
0.167549 -0.336939 0.399102 0.195429 -0.334127 0.394202
0.16657 -0.337048 0.399276 0.19445 -0.334237 0.394375
0.165591 -0.337157 0.39945 0.19347 -0.334346 0.394549
0.164613 -0.337265 0.399624 0.19249 -0.334455 0.394722
0.163634 -0.337374 0.399798 0.191511 -0.334564 0.394896
0.162655 -0.337483 0.399972 0.191021 -0.334619 0.394983
0.161676 -0.337592 0.400146 0.189551 -0.334783 0.395243
0.160698 -0.3377 0.40032 0.188572 -0.334892 0.395416
0.159719 -0.337809 0.400494 0.187593 -0.335001 0.39559
0.15874 -0.337918 0.400668 0.186613 -0.335111 0.395763
0.157761 -0.338027 0.400842 0.185634 -0.33522 0.395937
0.156783 -0.338135 0.401016 0.184655 -0.335329 0.39611
0.155804 -0.338244 0.40119 0.183675 -0.335438 0.396284
0.154825 -0.338353 0.401364 0.182207 -0.335602 0.396544
0.153847 -0.338461 0.401538 0.181717 -0.335657 0.396631
0.152868 -0.33857 0.401712 0.180738 -0.335766 0.396804
0.151889 -0.338679 0.401886 0.17976 -0.335875 0.396978
0.15091 -0.338788 0.40206 0.178782 -0.335984 0.397151
0.149932 -0.338896 0.402234 0.177804 -0.336093 0.397324
0.148953 -0.339005 0.402408 0.176826 -0.336202 0.397497
0.147974 -0.339114 0.402582 0.175849 -0.336311 0.39767
0.146995 -0.339223 0.402756 0.174872 -0.336419 0.397843
0.146017 -0.339331 0.40293 0.173895 -0.336528 0.398017
0.145038 -0.33944 0.403104 0.172918 -0.336637 0.39819
0.144059 -0.339549 0.403278 0.17194 -0.336746 0.398363
0.143081 -0.339658 0.403452 0.170963 -0.336855 0.398536
0.142102 -0.339766 0.403626 0.169985 -0.336964 0.398709
0.141123 -0.339875 0.4038 0.169008 -0.337073 0.398883
0.140144 -0.339984 0.403974 0.16803 -0.337182 0.399056
0.139166 -0.340093 0.404148 0.167052 -0.337291 0.399229
0.138187 -0.340201 0.404322 0.166074 -0.3374 0.399402
0.137208 -0.34031 0.404496 0.165097 -0.337509 0.399576
0.13623 -0.340419 0.40467 0.164119 -0.337618 0.399749
0.135251 -0.340528 0.404844 0.163141 -0.337727 0.399922
0.134272 -0.340636 0.405018 0.162163 -0.337836 0.400096
0.133293 -0.340745 0.405192 0.161185 -0.337945 0.400269
0.132315 -0.340854 0.405366 0.160206 -0.338054 0.400442
0.131336 -0.340963 0.40554 0.159228 -0.338163 0.400616
0.130357 -0.341071 0.405714 0.15825 -0.338273 0.400789
0.129378 -0.34118 0.405888 0.157272 -0.338382 0.400962
0.1284 -0.341289 0.406062 0.156294 -0.338491 0.401136
0.127421 -0.341398 0.406236 0.155316 -0.3386 0.401309
0.126442 -0.341506 0.40641 0.154338 -0.338709 0.401482
0.125464 -0.341615 0.406584 0.15336 -0.338818 0.401656
0.124485 -0.341724 0.406758 0.152382 -0.338927 0.401829
0.123506 -0.341833 0.406932 0.151404 -0.339036 0.402003
0.122527 -0.341941 0.407106 0.150425 -0.339145 0.402176
0.121549 -0.34205 0.40728 0.149447 -0.339254 0.402349
0.12057 -0.342159 0.407454 0.148468 -0.339363 0.402523
0.119591 -0.342268 0.407628 0.147489 -0.339472 0.402696
0.118613 -0.342376 0.407802 0.14651 -0.339581 0.40287
0.117634 -0.342485 0.407976 0.145531 -0.33969 0.403043
0.116655 -0.342594 0.40815 0.144553 -0.3398 0.403217
0.115676 -0.342703 0.408324 0.143574 -0.339909 0.403391
0.114698 -0.342811 0.408498 0.142594 -0.340018 0.403564
0.113719 -0.34292 0.408672 0.141615 -0.340127 0.403738
0.11274 -0.343029 0.408846 0.140636 -0.340236 0.403911
0.111761 -0.343138 0.40902 0.139655 -0.340346 0.404085
0.110783 -0.343246 0.409194 0.138674 -0.340455 0.404259
0.109804 -0.343355 0.409368 0.138183 -0.34051 0.404346
0.108825 -0.343464 0.409542 0.136712 -0.340674 0.404607
0.107847 -0.343573 0.409716 0.135731 -0.340783 0.404781
0.106868 -0.343681 0.40989 0.134751 -0.340893 0.404955
0.105889 -0.34379 0.410064 0.133771 -0.341002 0.405129
0.10491 -0.343899 0.410238 0.132791 -0.341111 0.405302
0.103932 -0.344008 0.410412 0.131812 -0.34122 0.405476
0.102953 -0.344116 0.410586 0.130833 -0.341329 0.40565
0.101974 -0.344225 0.41076 0.129853 -0.341438 0.405823
0.100995 -0.344334 0.410934 0.128875 -0.341547 0.405997
0.100017 -0.344443 0.411108 0.127896 -0.341656 0.406171
0.099038 -0.344551 0.411282 0.126917 -0.341765 0.406344
0.0980593 -0.34466 0.411456 0.125938 -0.341874 0.406518
0.0970806 -0.344769 0.41163 0.12496 -0.341983 0.406691
0.0961019 -0.344878 0.411804 0.123982 -0.342092 0.406865
0.0951231 -0.344986 0.411978 0.123003 -0.342201 0.407038
0.0941444 -0.345095 0.412152 0.122025 -0.342309 0.407212
0.0931657 -0.345204 0.412326 0.121048 -0.342418 0.407385
0.092187 -0.345313 0.4125 0.120074 -0.342526 0.407558
0.0912082 -0.345421 0.412674 0.119103 -0.342634 0.40773
0.0902295 -0.34553 0.412848 0.118133 -0.342741 0.407902
0.0892508 -0.345639 0.413022 0.117161 -0.342849 0.408075
0.0882721 -0.345748 0.413196 0.116188 -0.342957 0.408247
0.0872934 -0.345856 0.41337 0.115215 -0.343065 0.40842
0.0863146 -0.345965 0.413544 0.114241 -0.343173 0.408593
0.0853359 -0.346074 0.413718 0.113266 -0.343282 0.408766
0.0843572 -0.346183 0.413892 0.11229 -0.34339 0.408939
0.0833785 -0.346291 0.414066 0.111803 -0.343445 0.409025
0.0823997 -0.3464 0.41424 0.110339 -0.343608 0.409285
0.081421 -0.346509 0.414414 0.109362 -0.343716 0.409458
0.0804423 -0.346618 0.414588 0.108385 -0.343825 0.409632
0.0794636 -0.346726 0.414762 0.107408 -0.343934 0.409805
0.0784848 -0.346835 0.414936 0.106431 -0.344043 0.409978
0.0775061 -0.346944 0.41511 0.105453 -0.344152 0.410152
0.0765274 -0.347053 0.415284 0.104475 -0.344261 0.410326
0.0755487 -0.347161 0.415458 0.103496 -0.34437 0.410499
0.0745699 -0.34727 0.415632 0.102518 -0.344479 0.410673
0.0735912 -0.347379 0.415806 0.10154 -0.344588 0.410847
0.0726125 -0.347487 0.41598 0.100561 -0.344697 0.41102
0.0716338 -0.347596 0.416154 0.0995826 -0.344806 0.411194
0.0706551 -0.347705 0.416328 0.0986045 -0.344915 0.411368
0.0696763 -0.347814 0.416502 0.0976268 -0.345023 0.411541
0.0686976 -0.347922 0.416676 0.0966491 -0.345132 0.411715
0.0677189 -0.348031 0.41685 0.0956711 -0.345241 0.411888
0.0667402 -0.34814 0.417024 0.094693 -0.34535 0.412062
0.0657614 -0.348249 0.417198 0.0937146 -0.345459 0.412236
0.0647827 -0.348357 0.417372 0.0922469 -0.345622 0.412496
0.063804 -0.348466 0.417546 0.09127 -0.345731 0.41267
0.0628253 -0.348575 0.41772 0.0907827 -0.345785 0.412756
0.0618465 -0.348684 0.417894 0.0898093 -0.345893 0.412929
0.0608678 -0.348792 0.418068 0.0883494 -0.346055 0.413188
0.0598891 -0.348901 0.418242 0.0878625 -0.346109 0.413275
0.0589104 -0.34901 0.418416 0.0868881 -0.346217 0.413448
0.0579316 -0.349119 0.41859 0.0859133 -0.346325 0.413621
0.0569529 -0.349227 0.418764 0.0844501 -0.346488 0.413881
0.0559742 -0.349336 0.418938 0.0839623 -0.346542 0.413967
0.0549955 -0.349445 0.419112 0.0829864 -0.34665 0.414141
0.0540168 -0.349554 0.419286 0.0815222 -0.346813 0.414401
0.053038 -0.349662 0.41946 0.080546 -0.346922 0.414574
0.0520593 -0.349771 0.419634 0.0795697 -0.34703 0.414747
0.0510806 -0.34988 0.419808 0.0790814 -0.347085 0.414834
0.0501019 -0.349989 0.419982 0.0781049 -0.347193 0.415008
0.0491231 -0.350097 0.420156 0.0766402 -0.347356 0.415268
0.0481444 -0.350206 0.42033 0.0756639 -0.347464 0.415441
0.0471657 -0.350315 0.420504 0.0751758 -0.347519 0.415528
0.046187 -0.350424 0.420678 0.0741998 -0.347627 0.415701
0.0452082 -0.350532 0.420852 0.0732236 -0.347736 0.415875
0.0442295 -0.350641 0.421026 0.0717587 -0.347898 0.416135
0.0432508 -0.35075 0.4212 0.0707817 -0.348007 0.416309
0.0422721 -0.350859 0.421374 0.070293 -0.348061 0.416395
0.0412933 -0.350967 0.421548 0.0688265 -0.348225 0.416656
0.0403146 -0.351076 0.421722 0.0683375 -0.348279 0.416743
0.0393359 -0.351185 0.421896 0.0673595 -0.348388 0.416917
0.0383572 -0.351294 0.42207 0.0663814 -0.348496 0.417091
0.0373785 -0.351402 0.422244 0.0654032 -0.348605 0.417264
0.0363997 -0.351511 0.422418 0.0644248 -0.348714 0.417438
0.035421 -0.35162 0.422592 0.0639354 -0.348768 0.417525
0.0344423 -0.351729 0.422766 0.0619772 -0.348986 0.417873
0.0334636 -0.351837 0.42294 0.0609986 -0.349095 0.418047
0.0324848 -0.351946 0.423114 0.0600242 -0.349203 0.41822
0.0315061 -0.352055 0.423288 0.0590569 -0.34931 0.418392
0.0305274 -0.352164 0.423462 0.0580929 -0.349416 0.418564
0.0295487 -0.352272 0.423636 0.0571284 -0.349522 0.418735
0.0285699 -0.352381 0.42381 0.0566458 -0.349576 0.418821
0.0275912 -0.35249 0.423984 0.054713 -0.349789 0.419165
0.0266125 -0.352599 0.424158 0.0537451 -0.349897 0.419337
0.0256338 -0.352707 0.424332 0.052777 -0.350004 0.419509
0.024655 -0.352816 0.424506 0.0522934 -0.350057 0.419595
0.0236763 -0.352925 0.42468 0.0508458 -0.350217 0.419852
0.0226976 -0.353034 0.424854 0.0498828 -0.350324 0.420023
0.0217189 -0.353142 0.425028 0.0489211 -0.35043 0.420194
0.0207402 -0.353251 0.425202 0.0479606 -0.350536 0.420365
0.0197614 -0.35336 0.425376 0.0470011 -0.350642 0.420536
0.0187827 -0.353469 0.42555 0.0460426 -0.350748 0.420706
0.017804 -0.353577 0.425724 0.0455636 -0.350801 0.420791
0.0168253 -0.353686 0.425898 0.0441271 -0.350959 0.421047
0.0158465 -0.353795 0.426072 0.0431697 -0.351065 0.421217
0.0148678 -0.353904 0.426246 0.042691 -0.351118 0.421302
0.0138891 -0.354012 0.42642 0.0412552 -0.351276 0.421558
0.0129104 -0.354121 0.426594 0.0402978 -0.351382 0.421728
0.0119316 -0.35423 0.426768 0.0393399 -0.351488 0.421898
0.0109529 -0.354339 0.426942 0.0383811 -0.351594 0.422069
0.0099742 -0.354447 0.427116 0.0374217 -0.351701 0.42224
0.00899547 -0.354556 0.42729 0.036462 -0.351807 0.42241
0.00801675 -0.354665 0.427464 0.035502 -0.351914 0.422581
0.00703803 -0.354774 0.427638 0.0345414 -0.35202 0.422752
0.0060593 -0.354882 0.427812 0.0335802 -0.352127 0.422923
0.00508058 -0.354991 0.427986 0.0326186 -0.352234 0.423094
0.00410186 -0.3551 0.42816 0.0316569 -0.352341 0.423265
0.00312313 -0.355209 0.428334 0.030695 -0.352447 0.423436
0.00214441 -0.355317 0.428508 0.0297329 -0.352554 0.423608
0.00116569 -0.355426 0.428682 0.0292517 -0.352608 0.423693
0.000186962 -0.355535 0.428856 0.0278072 -0.352768 0.42395
-0.000791762 -0.355644 0.42903 0.0273254 -0.352822 0.424036
-0.00177049 -0.355752 0.429204 0.0258792 -0.352983 0.424293
-0.00274921 -0.355861 0.429378 0.0249143 -0.35309 0.424465
-0.00372793 -0.35597 0.429552 0.0239488 -0.353197 0.424637
-0.00470666 -0.356079 0.429726 0.0229827 -0.353305 0.424809
-0.00568538 -0.356187 0.4299 0.022016 -0.353413 0.424981
-0.0066641 -0.356296 0.430074 0.0210486 -0.35352 0.425153
-0.00764283 -0.356405 0.430248 0.0200801 -0.353628 0.425326
-0.00862155 -0.356514 0.430422 0.0191096 -0.353736 0.425498
-0.00960027 -0.356622 0.430596 0.0181375 -0.353845 0.425672
-0.010579 -0.356731 0.43077 0.0171649 -0.353953 0.425845
-0.0115577 -0.35684 0.430944 0.0161919 -0.354062 0.426018
-0.0125364 -0.356948 0.431118 0.015218 -0.354171 0.426191
-0.0135152 -0.357057 0.431292 0.0142431 -0.354279 0.426365
-0.0144939 -0.357166 0.431466 0.0132683 -0.354388 0.426538
-0.0154726 -0.357275 0.43164 0.012294 -0.354497 0.426712
-0.0164513 -0.357383 0.431814 0.0113201 -0.354605 0.426885
-0.0174301 -0.357492 0.431988 0.0103466 -0.354713 0.427059
-0.0184088 -0.357601 0.432162 0.00937341 -0.354822 0.427232
-0.0193875 -0.35771 0.432336 0.00840023 -0.35493 0.427405
-0.0203662 -0.357818 0.43251 0.00742664 -0.355038 0.427579
-0.021345 -0.357927 0.432684 0.00645245 -0.355146 0.427752
-0.0223237 -0.358036 0.432858 0.00547769 -0.355255 0.427926
-0.0233024 -0.358145 0.433032 0.00499016 -0.355309 0.428013
-0.0242811 -0.358253 0.433206 0.0045026 -0.355363 0.428099
-0.0252598 -0.358362 0.43338 0.00255395 -0.35558 0.428447
-0.0262386 -0.358471 0.433554 0.00158369 -0.355687 0.428619
-0.0272173 -0.35858 0.433728 0.000616377 -0.355794 0.428792
-0.028196 -0.358688 0.433902 -0.000350512 -0.355901 0.428964
-0.0291747 -0.358797 0.434076 -0.00131813 -0.356008 0.429136
-0.0301535 -0.358906 0.43425 -0.00228645 -0.356116 0.429309
-0.0311322 -0.359015 0.434424 -0.00325542 -0.356223 0.429481
-0.0321109 -0.359123 0.434597 -0.00422502 -0.356331 0.429654
-0.0330896 -0.359232 0.434771 -0.00519521 -0.356438 0.429827
-0.0340684 -0.359341 0.434945 -0.00616596 -0.356546 0.43
-0.0350471 -0.35945 0.435119 -0.00713723 -0.356654 0.430173
-0.0360258 -0.359558 0.435293 -0.00810899 -0.356761 0.430346
-0.0370045 -0.359667 0.435467 -0.00908123 -0.356869 0.430519
-0.0379833 -0.359776 0.435641 -0.0100539 -0.356977 0.430692
-0.038962 -0.359885 0.435815 -0.011027 -0.357086 0.430866
-0.0399407 -0.359993 0.435989 -0.0120004 -0.357194 0.431039
-0.0409194 -0.360102 0.436163 -0.0129743 -0.357302 0.431213
-0.0418981 -0.360211 0.436337 -0.0139484 -0.35741 0.431386
-0.0428769 -0.36032 0.436511 -0.0149229 -0.357518 0.43156
-0.0438556 -0.360428 0.436685 -0.0158977 -0.357627 0.431734
-0.0448343 -0.360537 0.436859 -0.0168727 -0.357735 0.431908
-0.045813 -0.360646 0.437033 -0.0178479 -0.357843 0.432081
-0.0467918 -0.360755 0.437207 -0.0188234 -0.357952 0.432255
-0.0477705 -0.360863 0.437381 -0.0197991 -0.35806 0.432429
-0.0487492 -0.360972 0.437555 -0.020775 -0.358168 0.432603
-0.0497279 -0.361081 0.437729 -0.0217511 -0.358277 0.432777
-0.0507067 -0.36119 0.437903 -0.0227273 -0.358385 0.432951
-0.0516854 -0.361298 0.438077 -0.0237037 -0.358494 0.433125
-0.0526641 -0.361407 0.438251 -0.0246802 -0.358602 0.433299
-0.0536428 -0.361516 0.438425 -0.0256569 -0.358711 0.433473
-0.0546216 -0.361625 0.438599 -0.0266337 -0.358819 0.433647
-0.0556003 -0.361733 0.438773 -0.0280992 -0.358982 0.433909
-0.056579 -0.361842 0.438947 -0.0290763 -0.359091 0.434083
-0.0575577 -0.361951 0.439121 -0.0300534 -0.359199 0.434257
-0.0585364 -0.36206 0.439295 -0.0310299 -0.359307 0.434431
-0.0595152 -0.362168 0.439469 -0.0320054 -0.359416 0.434605
-0.0604939 -0.362277 0.439643 -0.0329799 -0.359524 0.434779
-0.0614726 -0.362386 0.439817 -0.0339535 -0.359631 0.434952
-0.0624513 -0.362495 0.439991 -0.0349266 -0.359739 0.435126
-0.0634301 -0.362603 0.440165 -0.0358996 -0.359847 0.435299
-0.0644088 -0.362712 0.440339 -0.0368721 -0.359955 0.435473
-0.0653875 -0.362821 0.440513 -0.0378439 -0.360062 0.435646
-0.0663662 -0.36293 0.440687 -0.0388149 -0.36017 0.435819
-0.067345 -0.363038 0.440861 -0.0397854 -0.360277 0.435992
-0.0683237 -0.363147 0.441035 -0.0402704 -0.360331 0.436078
-0.0693024 -0.363256 0.441209 -0.0417246 -0.360492 0.436338
-0.0702811 -0.363365 0.441383 -0.0426943 -0.360599 0.43651
-0.0712599 -0.363473 0.441557 -0.0436648 -0.360707 0.436683
-0.0722386 -0.363582 0.441731 -0.0446342 -0.360814 0.436856
-0.0732173 -0.363691 0.441905 -0.0456008 -0.360921 0.437029
-0.074196 -0.3638 0.442079 -0.0465647 -0.361027 0.4372
-0.0751747 -0.363908 0.442253 -0.0475263 -0.361133 0.437372
-0.0761535 -0.364017 0.442427 -0.0484862 -0.361239 0.437543
-0.0771322 -0.364126 0.442601 -0.0494447 -0.361344 0.437714
-0.0781109 -0.364235 0.442775 -0.0504023 -0.36145 0.437884
-0.0790896 -0.364343 0.442949 -0.0513593 -0.361555 0.438055
-0.0800684 -0.364452 0.443123 -0.0518375 -0.361608 0.43814
-0.0810471 -0.364561 0.443297 -0.053271 -0.361766 0.438396
-0.0820258 -0.36467 0.443471 -0.0542257 -0.361871 0.438566
-0.0830045 -0.364778 0.443645 -0.0551801 -0.361976 0.438736
-0.0839833 -0.364887 0.443819 -0.0561354 -0.362082 0.438906
-0.084962 -0.364996 0.443993 -0.0570926 -0.362188 0.439077
-0.0859407 -0.365105 0.444167 -0.0580506 -0.362294 0.439248
-0.0869194 -0.365213 0.444341 -0.0590084 -0.3624 0.439418
-0.0878982 -0.365322 0.444515 -0.059966 -0.362506 0.439589
-0.0888769 -0.365431 0.444689 -0.0609234 -0.362612 0.43976
-0.0898556 -0.36554 0.444863 -0.0618807 -0.362718 0.439931
-0.0908343 -0.365648 0.445037 -0.062838 -0.362824 0.440101
-0.091813 -0.365757 0.445211 -0.0637956 -0.36293 0.440272
-0.0927918 -0.365866 0.445385 -0.0647535 -0.363036 0.440443
-0.0937705 -0.365974 0.445559 -0.0657119 -0.363142 0.440614
-0.0947492 -0.366083 0.445733 -0.0666708 -0.363249 0.440785
-0.0957279 -0.366192 0.445907 -0.0676302 -0.363355 0.440956
-0.0967067 -0.366301 0.446081 -0.06859 -0.363462 0.441127
-0.0976854 -0.366409 0.446255 -0.0695506 -0.363569 0.441299
-0.0986641 -0.366518 0.446429 -0.0700314 -0.363622 0.441384
-0.0996428 -0.366627 0.446603 -0.0714759 -0.363783 0.441642
-0.100622 -0.366736 0.446777 -0.0724407 -0.36389 0.441814
-0.1016 -0.366844 0.446951 -0.0734072 -0.363998 0.441987
-0.102579 -0.366953 0.447125 -0.0743755 -0.364106 0.442159
-0.103558 -0.367062 0.447299 -0.0753447 -0.364214 0.442332
-0.104536 -0.367171 0.447473 -0.0763137 -0.364322 0.442505
-0.105515 -0.367279 0.447647 -0.0772825 -0.36443 0.442678
-0.106494 -0.367388 0.447821 -0.0782511 -0.364538 0.442851
-0.107473 -0.367497 0.447995 -0.0792197 -0.364646 0.443024
-0.108451 -0.367606 0.448169 -0.0801887 -0.364754 0.443197
-0.10943 -0.367714 0.448343 -0.0811581 -0.364862 0.44337
-0.110409 -0.367823 0.448517 -0.0821279 -0.364969 0.443543
-0.111388 -0.367932 0.448691 -0.0830978 -0.365077 0.443716
-0.112366 -0.368041 0.448865 -0.0840676 -0.365185 0.443889
-0.113345 -0.368149 0.449039 -0.0850376 -0.365293 0.444062
-0.114324 -0.368258 0.449213 -0.0860078 -0.365401 0.444235
-0.115302 -0.368367 0.449387 -0.0869781 -0.365509 0.444408
-0.116281 -0.368476 0.449561 -0.0879484 -0.365617 0.444581
-0.11726 -0.368584 0.449735 -0.0889188 -0.365725 0.444754
-0.118239 -0.368693 0.449909 -0.0898892 -0.365833 0.444928
-0.119217 -0.368802 0.450083 -0.0908598 -0.365941 0.445101
-0.120196 -0.368911 0.450257 -0.0918305 -0.366049 0.445274
-0.121175 -0.369019 0.450431 -0.0928016 -0.366157 0.445447
-0.122153 -0.369128 0.450605 -0.0937733 -0.366265 0.445621
-0.123132 -0.369237 0.450779 -0.0947455 -0.366373 0.445794
-0.124111 -0.369346 0.450953 -0.0957182 -0.366481 0.445968
-0.12509 -0.369454 0.451127 -0.0966922 -0.366589 0.446141
-0.126068 -0.369563 0.451301 -0.0976682 -0.366698 0.446316
-0.127047 -0.369672 0.451475 -0.0986463 -0.366807 0.44649
-0.128026 -0.369781 0.451649 -0.0996267 -0.366916 0.446665
-0.129005 -0.369889 0.451823 -0.100118 -0.366971 0.446753
-0.129983 -0.369998 0.451997 -0.101593 -0.367136 0.447016
-0.130962 -0.370107 0.452171 -0.102085 -0.367191 0.447104
-0.131941 -0.370216 0.452345 -0.103073 -0.367301 0.447281
-0.132919 -0.370324 0.452519 -0.104063 -0.367412 0.447457
-0.133898 -0.370433 0.452693 -0.105551 -0.367579 0.447723
-0.134877 -0.370542 0.452867 -0.106048 -0.367635 0.447812
-0.135856 -0.370651 0.453041 -0.107042 -0.367746 0.44799
-0.136834 -0.370759 0.453215 -0.108038 -0.367858 0.448168
-0.137813 -0.370868 0.453389 -0.109534 -0.368025 0.448435
-0.138792 -0.370977 0.453563 -0.110033 -0.368081 0.448524
-0.139771 -0.371086 0.453737 -0.111031 -0.368193 0.448702
-0.140749 -0.371194 0.453911 -0.11203 -0.368304 0.448881
-0.141728 -0.371303 0.454085 -0.113029 -0.368416 0.449059
-0.142707 -0.371412 0.454259 -0.114028 -0.368527 0.449237
-0.143685 -0.371521 0.454433 -0.115027 -0.368639 0.449416
-0.144664 -0.371629 0.454607 -0.116026 -0.36875 0.449594
-0.145643 -0.371738 0.454781 -0.117025 -0.368862 0.449772
-0.146622 -0.371847 0.454955 -0.118023 -0.368973 0.449951
-0.1476 -0.371956 0.455129 -0.119021 -0.369084 0.450129
-0.148579 -0.372064 0.455303 -0.11952 -0.369139 0.450218
-0.149558 -0.372173 0.455477 -0.121017 -0.369306 0.450485
-0.150536 -0.372282 0.455651 -0.122512 -0.369472 0.450752
-0.151515 -0.372391 0.455825 -0.123011 -0.369527 0.450841
-0.152494 -0.372499 0.455999 -0.124007 -0.369638 0.451018
-0.153473 -0.372608 0.456173 -0.125003 -0.369749 0.451196
-0.154451 -0.372717 0.456347 -0.125999 -0.369859 0.451374
-0.15543 -0.372826 0.456521 -0.126994 -0.369969 0.451551
-0.156409 -0.372934 0.456695 -0.128486 -0.370135 0.451817
-0.157388 -0.373043 0.456869 -0.12948 -0.370245 0.451995
-0.158366 -0.373152 0.457043 -0.129977 -0.3703 0.452083
-0.159345 -0.373261 0.457217 -0.132459 -0.370575 0.452526
-0.160324 -0.373369 0.457391 -0.133451 -0.370685 0.452703
-0.161302 -0.373478 0.457565 -0.133946 -0.370739 0.452791
-0.162281 -0.373587 0.457739 -0.135425 -0.370903 0.453054
-0.16326 -0.373696 0.457913 -0.136405 -0.37101 0.453229
-0.164239 -0.373804 0.458087 -0.137381 -0.371118 0.453403
-0.165217 -0.373913 0.458261 -0.138354 -0.371224 0.453576
-0.166196 -0.374022 0.458435 -0.139323 -0.37133 0.453748
-0.167175 -0.374131 0.458609 -0.14029 -0.371436 0.45392
-0.168153 -0.374239 0.458783 -0.141253 -0.371542 0.454091
-0.169132 -0.374348 0.458957 -0.142214 -0.371647 0.454262
-0.170111 -0.374457 0.459131 -0.143173 -0.371752 0.454433
-0.17109 -0.374566 0.459305 -0.144129 -0.371856 0.454603
-0.172068 -0.374674 0.459479 -0.145084 -0.37196 0.454773
-0.173047 -0.374783 0.459653 -0.146037 -0.372065 0.454942
-0.174026 -0.374892 0.459827 -0.14699 -0.372169 0.455112
-0.175005 -0.375001 0.460001 -0.147942 -0.372273 0.455281
-0.175983 -0.375109 0.460175 -0.148893 -0.372378 0.45545
-0.176962 -0.375218 0.460349 -0.149844 -0.372482 0.45562
-0.177941 -0.375327 0.460523 -0.150795 -0.372587 0.455789
-0.178919 -0.375435 0.460697 -0.151746 -0.372691 0.455958
-0.179898 -0.375544 0.460871 -0.152697 -0.372796 0.456127
-0.180877 -0.375653 0.461045 -0.153647 -0.3729 0.456296
-0.181856 -0.375762 0.461219 -0.154598 -0.373005 0.456466
-0.182834 -0.37587 0.461393 -0.155549 -0.37311 0.456635
-0.183813 -0.375979 0.461567 -0.156501 -0.373215 0.456805
-0.184792 -0.376088 0.461741 -0.157454 -0.373321 0.456975
-0.185771 -0.376197 0.461915 -0.158408 -0.373426 0.457145
-0.186749 -0.376305 0.462089 -0.159363 -0.373532 0.457315
-0.187728 -0.376414 0.462263 -0.160319 -0.373638 0.457485
-0.188707 -0.376523 0.462437 -0.161275 -0.373744 0.457656
-0.189685 -0.376632 0.462611 -0.162232 -0.373851 0.457827
-0.190664 -0.37674 0.462785 -0.163189 -0.373957 0.457997
-0.191643 -0.376849 0.462959 -0.164148 -0.374064 0.458168
-0.192622 -0.376958 0.463133 -0.165107 -0.37417 0.458339
-0.1936 -0.377067 0.463307 -0.166067 -0.374277 0.458511
-0.194579 -0.377175 0.463481 -0.167028 -0.374384 0.458682
-0.195558 -0.377284 0.463655 -0.167989 -0.374491 0.458854
-0.196536 -0.377393 0.463829 -0.16847 -0.374545 0.45894
-0.197515 -0.377502 0.464003 -0.169916 -0.374706 0.459198
-0.198494 -0.37761 0.464177 -0.170881 -0.374813 0.45937
-0.199473 -0.377719 0.464351 -0.171849 -0.374921 0.459543
-0.200451 -0.377828 0.464525 -0.172817 -0.375029 0.459715
-0.20143 -0.377937 0.464699 -0.173785 -0.375138 0.459888
-0.202409 -0.378045 0.464873 -0.174269 -0.375192 0.459975
-0.203388 -0.378154 0.465047 -0.175722 -0.375354 0.460234
-0.204366 -0.378263 0.465221 -0.176689 -0.375461 0.460407
-0.205345 -0.378372 0.465395 -0.177654 -0.375569 0.460579
-0.206324 -0.37848 0.465569 -0.178619 -0.375676 0.460751
-0.207302 -0.378589 0.465743 -0.179584 -0.375783 0.460923
-0.208281 -0.378698 0.465917 -0.18055 -0.375891 0.461095
-0.20926 -0.378807 0.466091 -0.181518 -0.375999 0.461268
-0.210239 -0.378915 0.466265 -0.182487 -0.376107 0.461441
-0.211217 -0.379024 0.466439 -0.183457 -0.376215 0.461614
-0.212196 -0.379133 0.466613 -0.184425 -0.376322 0.461787
-0.213175 -0.379242 0.466787 -0.185392 -0.37643 0.461959
-0.214153 -0.37935 0.466961 -0.186358 -0.376537 0.462131
-0.215132 -0.379459 0.467135 -0.187326 -0.376645 0.462304
-0.216111 -0.379568 0.467309 -0.188294 -0.376752 0.462476
-0.21709 -0.379677 0.467483 -0.189264 -0.37686 0.462649
-0.218068 -0.379785 0.467657 -0.189749 -0.376914 0.462736
-0.219047 -0.379894 0.467831 -0.191207 -0.377077 0.462996
-0.220026 -0.380003 0.468005 -0.19218 -0.377185 0.46317
-0.221005 -0.380112 0.468179 -0.193155 -0.377294 0.463344
-0.221983 -0.38022 0.468353 -0.19413 -0.377403 0.463518
-0.222962 -0.380329 0.468527 -0.195106 -0.377511 0.463692
-0.223941 -0.380438 0.468701 -0.196084 -0.37762 0.463866
-0.224919 -0.380547 0.468875 -0.197061 -0.377729 0.464041
-0.225898 -0.380655 0.469049 -0.19755 -0.377784 0.464128
-0.226877 -0.380764 0.469223 -0.199018 -0.377948 0.46439
-0.227856 -0.380873 0.469397 -0.199998 -0.378057 0.464565
-0.228834 -0.380982 0.469571 -0.200979 -0.378166 0.46474
-0.229813 -0.38109 0.469745 -0.20196 -0.378276 0.464915
-0.230792 -0.381199 0.469919 -0.20294 -0.378385 0.46509
-0.231771 -0.381308 0.470093 -0.203921 -0.378494 0.465265
-0.232749 -0.381417 0.470267 -0.204901 -0.378603 0.46544
-0.233728 -0.381525 0.470441 -0.205881 -0.378712 0.465614
-0.234707 -0.381634 0.470615 -0.206861 -0.378821 0.465789
-0.235685 -0.381743 0.470789 -0.207842 -0.37893 0.465964
-0.236664 -0.381852 0.470963 -0.208822 -0.379039 0.466139
-0.237643 -0.38196 0.471137 -0.209802 -0.379148 0.466314
-0.238622 -0.382069 0.471311 -0.210783 -0.379257 0.466488
-0.2396 -0.382178 0.471484 -0.211273 -0.379312 0.466576
-0.240579 -0.382287 0.471658 -0.211763 -0.379366 0.466663
-0.241558 -0.382395 0.471832 -0.21372 -0.379583 0.467012
-0.242536 -0.382504 0.472006 -0.214696 -0.379691 0.467186
-0.243515 -0.382613 0.47218 -0.21567 -0.379799 0.467359
-0.244494 -0.382722 0.472354 -0.216158 -0.379853 0.467446
-0.245473 -0.38283 0.472528 -0.217622 -0.380016 0.467707
-0.246451 -0.382939 0.472702 -0.218598 -0.380124 0.467881
-0.24743 -0.383048 0.472876 -0.219574 -0.380232 0.468054
-0.248409 -0.383157 0.47305 -0.220062 -0.380286 0.468141
-0.249388 -0.383265 0.473224 -0.221038 -0.380394 0.468315
-0.250366 -0.383374 0.473398 -0.222014 -0.380502 0.468489
-0.251345 -0.383483 0.473572 -0.22299 -0.380611 0.468663
-0.252324 -0.383592 0.473746 -0.223967 -0.380719 0.468837
-0.253302 -0.3837 0.47392 -0.224945 -0.380828 0.469011
-0.254281 -0.383809 0.474094 -0.225924 -0.380936 0.469186
-0.25526 -0.383918 0.474268 -0.226903 -0.381045 0.46936
-0.256239 -0.384027 0.474442 -0.228374 -0.381209 0.469623
-0.257217 -0.384135 0.474616 -0.229356 -0.381318 0.469798
-0.258196 -0.384244 0.47479 -0.229847 -0.381373 0.469885
-0.259175 -0.384353 0.474964 -0.23083 -0.381482 0.470061
-0.260153 -0.384461 0.475138 -0.231813 -0.381591 0.470236
-0.261132 -0.38457 0.475312 -0.232797 -0.381701 0.470411
-0.262111 -0.384679 0.475486 -0.233782 -0.38181 0.470587
-0.26309 -0.384788 0.47566 -0.234766 -0.38192 0.470762
-0.264068 -0.384896 0.475834 -0.236244 -0.382084 0.471026
-0.265047 -0.385005 0.476008 -0.236736 -0.382139 0.471114
-0.266026 -0.385114 0.476182 -0.237717 -0.382248 0.471288
-0.267005 -0.385223 0.476356 -0.238696 -0.382356 0.471463
-0.267983 -0.385331 0.47653 -0.239674 -0.382465 0.471637
-0.268962 -0.38544 0.476704 -0.240653 -0.382573 0.471811
-0.269941 -0.385549 0.476878 -0.242123 -0.382736 0.472073
-0.270919 -0.385658 0.477052 -0.243103 -0.382845 0.472248
-0.271898 -0.385766 0.477226 -0.243594 -0.382899 0.472335
-0.272877 -0.385875 0.4774 -0.244575 -0.383008 0.47251
-0.273856 -0.385984 0.477574 -0.246048 -0.383172 0.472772
-0.274834 -0.386093 0.477748 -0.24703 -0.383281 0.472947
-0.275813 -0.386201 0.477922 -0.248012 -0.38339 0.473122
-0.276792 -0.38631 0.478096 -0.248503 -0.383444 0.47321
-0.277771 -0.386419 0.47827 -0.249484 -0.383553 0.473385
-0.278749 -0.386528 0.478444 -0.250466 -0.383662 0.47356
-0.279728 -0.386636 0.478618 -0.251448 -0.383771 0.473734
-0.280707 -0.386745 0.478792 -0.25243 -0.38388 0.473909
-0.281685 -0.386854 0.478966 -0.253411 -0.383989 0.474084
-0.282664 -0.386963 0.47914 -0.254392 -0.384098 0.474259
-0.283643 -0.387071 0.479314 -0.255374 -0.384207 0.474434
-0.284622 -0.38718 0.479488 -0.256355 -0.384316 0.474609
-0.2856 -0.387289 0.479662 -0.256846 -0.38437 0.474696
-0.286579 -0.387398 0.479836 -0.258317 -0.384533 0.474958
-0.287558 -0.387506 0.48001 -0.259296 -0.384642 0.475132
-0.288536 -0.387615 0.480184 -0.260272 -0.38475 0.475306
-0.289515 -0.387724 0.480358 -0.261248 -0.384858 0.47548
-0.290494 -0.387833 0.480532 -0.262715 -0.385021 0.475741
-0.291473 -0.387941 0.480706 -0.263693 -0.385129 0.475915
-0.292451 -0.38805 0.48088 -0.264182 -0.385183 0.476002
-0.29343 -0.388159 0.481054 -0.264671 -0.385237 0.476089
-0.294409 -0.388268 0.481228 -0.266139 -0.3854 0.476351
-0.295388 -0.388376 0.481402 -0.267117 -0.385509 0.476525
-0.296366 -0.388485 0.481576 -0.268097 -0.385617 0.476699
-0.297345 -0.388594 0.48175 -0.269077 -0.385726 0.476874
-0.298324 -0.388703 0.481924 -0.270058 -0.385835 0.477049
-0.299302 -0.388811 0.482098 -0.27104 -0.385944 0.477224
-0.300281 -0.38892 0.482272 -0.272022 -0.386054 0.477399
-0.30126 -0.389029 0.482446 -0.273004 -0.386163 0.477574
-0.302239 -0.389138 0.48262 -0.273987 -0.386272 0.477749
-0.303217 -0.389246 0.482794 -0.27497 -0.386381 0.477924
-0.304196 -0.389355 0.482968 -0.275954 -0.386491 0.478099
-0.305175 -0.389464 0.483142 -0.276938 -0.3866 0.478275
-0.306153 -0.389573 0.483316 -0.277921 -0.386709 0.47845
-0.307132 -0.389681 0.48349 -0.278905 -0.386819 0.478625
-0.308111 -0.38979 0.483664 -0.27989 -0.386928 0.478801
-0.30909 -0.389899 0.483838 -0.280874 -0.387038 0.478976
-0.310068 -0.390008 0.484012 -0.281859 -0.387147 0.479151
-0.311047 -0.390116 0.484186 -0.282843 -0.387256 0.479327
-0.312026 -0.390225 0.48436 -0.283828 -0.387366 0.479502
-0.313005 -0.390334 0.484534 -0.284812 -0.387475 0.479678
-0.313983 -0.390443 0.484708 -0.285796 -0.387585 0.479853
-0.314962 -0.390551 0.484882 -0.286781 -0.387694 0.480028
-0.315941 -0.39066 0.485056 -0.287765 -0.387803 0.480204
-0.316919 -0.390769 0.48523 -0.288749 -0.387913 0.480379
-0.317898 -0.390878 0.485404 -0.289734 -0.388022 0.480554
-0.318877 -0.390986 0.485578 -0.290718 -0.388131 0.48073
-0.319856 -0.391095 0.485752 -0.291702 -0.38824 0.480905
-0.320834 -0.391204 0.485926 -0.292686 -0.38835 0.48108
-0.321813 -0.391313 0.4861 -0.29367 -0.388459 0.481255
-0.322792 -0.391421 0.486274 -0.294161 -0.388513 0.481343
-0.323771 -0.39153 0.486448 -0.295637 -0.388677 0.481606
-0.324749 -0.391639 0.486622 -0.29662 -0.388786 0.481781
-0.325728 -0.391748 0.486796 -0.297603 -0.388895 0.481956
-0.326707 -0.391856 0.48697 -0.298586 -0.389005 0.482131
-0.327685 -0.391965 0.487144 -0.299568 -0.389113 0.482306
-0.328664 -0.392074 0.487318 -0.300551 -0.389222 0.482481
-0.329643 -0.392183 0.487492 -0.301533 -0.389331 0.482655
-0.330622 -0.392291 0.487666 -0.302515 -0.38944 0.48283
-0.3316 -0.3924 0.48784 -0.303497 -0.389549 0.483005
-0.332579 -0.392509 0.488014 -0.304479 -0.389658 0.48318
-0.333558 -0.392618 0.488188 -0.305461 -0.389767 0.483355
-0.334536 -0.392726 0.488362 -0.306442 -0.389876 0.48353
-0.335515 -0.392835 0.488536 -0.307424 -0.389985 0.483704
-0.336494 -0.392944 0.48871 -0.308406 -0.390094 0.483879
-0.337473 -0.393053 0.488884 -0.309387 -0.390203 0.484054
-0.338451 -0.393161 0.489058 -0.310368 -0.390312 0.484228
-0.33943 -0.39327 0.489232 -0.31135 -0.390421 0.484403
-0.340409 -0.393379 0.489406 -0.312331 -0.390529 0.484578
-0.341388 -0.393488 0.48958 -0.313312 -0.390638 0.484753
-0.342366 -0.393596 0.489754 -0.314293 -0.390747 0.484927
-0.343345 -0.393705 0.489928 -0.315274 -0.390856 0.485102
-0.344324 -0.393814 0.490102 -0.316255 -0.390965 0.485276
-0.345302 -0.393922 0.490276 -0.317236 -0.391074 0.485451
-0.346281 -0.394031 0.49045 -0.318216 -0.391182 0.485626
-0.34726 -0.39414 0.490624 -0.319197 -0.391291 0.4858
-0.348239 -0.394249 0.490798 -0.320178 -0.3914 0.485975
-0.349217 -0.394357 0.490972 -0.321158 -0.391509 0.486149
-0.350196 -0.394466 0.491146 -0.322138 -0.391618 0.486324
-0.351175 -0.394575 0.49132 -0.323119 -0.391727 0.486498
-0.352154 -0.394684 0.491494 -0.324099 -0.391835 0.486673
-0.353132 -0.394792 0.491668 -0.325079 -0.391944 0.486847
-0.354111 -0.394901 0.491842 -0.32606 -0.392053 0.487022
-0.35509 -0.39501 0.492016 -0.32704 -0.392162 0.487196
-0.356068 -0.395119 0.49219 -0.32802 -0.392271 0.487371
-0.357047 -0.395227 0.492364 -0.329 -0.392379 0.487545
-0.358026 -0.395336 0.492538 -0.32998 -0.392488 0.48772
-0.359005 -0.395445 0.492712 -0.33047 -0.392542 0.487807
-0.359983 -0.395554 0.492886 -0.33194 -0.392706 0.488069
-0.360962 -0.395662 0.49306 -0.332919 -0.392814 0.488243
-0.361941 -0.395771 0.493234 -0.333899 -0.392923 0.488418
-0.362919 -0.39588 0.493408 -0.334879 -0.393032 0.488592
-0.363898 -0.395989 0.493582 -0.335859 -0.393141 0.488766
-0.364877 -0.396097 0.493756 -0.336838 -0.39325 0.488941
-0.365856 -0.396206 0.49393 -0.337818 -0.393358 0.489115
-0.366834 -0.396315 0.494104 -0.338798 -0.393467 0.48929
-0.367813 -0.396424 0.494278 -0.339777 -0.393576 0.489464
-0.368792 -0.396532 0.494452 -0.340757 -0.393685 0.489639
-0.369771 -0.396641 0.494626 -0.341736 -0.393793 0.489813
-0.370749 -0.39675 0.4948 -0.342716 -0.393902 0.489987
-0.371728 -0.396859 0.494974 -0.343695 -0.394011 0.490162
-0.372707 -0.396967 0.495148 -0.344674 -0.39412 0.490336
-0.373685 -0.397076 0.495322 -0.345654 -0.394228 0.49051
-0.374664 -0.397185 0.495496 -0.346633 -0.394337 0.490685
-0.375643 -0.397294 0.49567 -0.347612 -0.394446 0.490859
-0.376622 -0.397402 0.495844 -0.348591 -0.394555 0.491033
-0.3776 -0.397511 0.496018 -0.349571 -0.394663 0.491208
-0.378579 -0.39762 0.496192 -0.35055 -0.394772 0.491382
-0.379558 -0.397729 0.496366 -0.351529 -0.394881 0.491556
-0.380536 -0.397837 0.49654 -0.352508 -0.39499 0.491731
-0.381515 -0.397946 0.496714 -0.353488 -0.395098 0.491905
-0.382494 -0.398055 0.496888 -0.354467 -0.395207 0.492079
-0.383473 -0.398164 0.497062 -0.355446 -0.395316 0.492254
-0.384451 -0.398272 0.497236 -0.356426 -0.395425 0.492428
-0.38543 -0.398381 0.49741 -0.357405 -0.395534 0.492603
-0.386409 -0.39849 0.497584 -0.358385 -0.395642 0.492777
-0.387388 -0.398599 0.497758 -0.359364 -0.395751 0.492951
-0.388366 -0.398707 0.497932 -0.360343 -0.39586 0.493126
-0.389345 -0.398816 0.498106 -0.361323 -0.395969 0.4933
-0.390324 -0.398925 0.49828 -0.362302 -0.396078 0.493474
-0.391302 -0.399034 0.498454 -0.363281 -0.396186 0.493649
-0.392281 -0.399142 0.498628 -0.364261 -0.396295 0.493823
-0.39326 -0.399251 0.498802 -0.36524 -0.396404 0.493998
-0.394239 -0.39936 0.498976 -0.36622 -0.396513 0.494172
-0.395217 -0.399469 0.49915 -0.367199 -0.396622 0.494346
-0.396196 -0.399577 0.499324 -0.368178 -0.396731 0.494521
-0.397175 -0.399686 0.499498 -0.369158 -0.396839 0.494695
-0.398154 -0.399795 0.499672 -0.369647 -0.396894 0.494783
-0.399132 -0.399904 0.499846 -0.371116 -0.397057 0.495044
-0.400111 -0.400012 0.50002 -0.372096 -0.397166 0.495219
-0.399132 -0.399904 0.499846 -0.373075 -0.397275 0.495393
-0.400111 -0.400012 0.50002 -0.374055 -0.397384 0.495567
-0.399132 -0.399904 0.499846 -0.375034 -0.397493 0.495742
-0.400111 -0.400012 0.50002 -0.376011 -0.397601 0.495916
-0.399132 -0.399904 0.499846 -0.376982 -0.397708 0.496088
-0.400111 -0.400012 0.50002 -0.377943 -0.397814 0.496259
-0.399132 -0.399904 0.499846 -0.37889 -0.397918 0.496426
-0.400111 -0.400012 0.50002 -0.379821 -0.398019 0.49659
-0.399132 -0.399904 0.499846 -0.380733 -0.398117 0.49675
-0.400111 -0.400012 0.50002 -0.381626 -0.398212 0.496906
-0.399132 -0.399904 0.499846 -0.382495 -0.398304 0.497058
-0.400111 -0.400012 0.50002 -0.383341 -0.398393 0.497205
-0.399132 -0.399904 0.499846 -0.384162 -0.398478 0.497347
-0.400111 -0.400012 0.50002 -0.384958 -0.398559 0.497484
-0.399132 -0.399904 0.499846 -0.385727 -0.398637 0.497616
-0.400111 -0.400012 0.50002 -0.386468 -0.398712 0.497742
-0.399132 -0.399904 0.499846 -0.387183 -0.398783 0.497864
-0.400111 -0.400012 0.50002 -0.38787 -0.398851 0.49798
-0.399132 -0.399904 0.499846 -0.38853 -0.398915 0.498092
-0.400111 -0.400012 0.50002 -0.38885 -0.398946 0.498145
-0.399132 -0.399904 0.499846 -0.389163 -0.398976 0.498198
-0.400111 -0.400012 0.50002 -0.390347 -0.39909 0.498396
-0.399132 -0.399904 0.499846 -0.390903 -0.399142 0.498489
-0.400111 -0.400012 0.50002 -0.391434 -0.399192 0.498577
-0.399132 -0.399904 0.499846 -0.39194 -0.39924 0.498661
-0.400111 -0.400012 0.50002 -0.392421 -0.399284 0.498741
-0.399132 -0.399904 0.499846 -0.392877 -0.399326 0.498816
-0.400111 -0.400012 0.50002 -0.393309 -0.399366 0.498887
-0.399132 -0.399904 0.499846 -0.393719 -0.399403 0.498954
-0.400111 -0.400012 0.50002 -0.394105 -0.399438 0.499018
-0.399132 -0.399904 0.499846 -0.394471 -0.399471 0.499077
-0.400111 -0.400012 0.50002 -0.394815 -0.399502 0.499134
-0.399132 -0.399904 0.499846 -0.39514 -0.399532 0.499187
-0.400111 -0.400012 0.50002 -0.395445 -0.399559 0.499237
-0.399132 -0.399904 0.499846 -0.395732 -0.399585 0.499283
-0.400111 -0.400012 0.50002 -0.396002 -0.399609 0.499327
-0.399132 -0.399904 0.499846 -0.396255 -0.399631 0.499368
-0.400111 -0.400012 0.50002 -0.396492 -0.399652 0.499407
-0.399132 -0.399904 0.499846 -0.396714 -0.399672 0.499443
-0.400111 -0.400012 0.50002 -0.396921 -0.39969 0.499477
-0.399132 -0.399904 0.499846 -0.397114 -0.399707 0.499508
-0.400111 -0.400012 0.50002 -0.397294 -0.399723 0.499537
-0.399132 -0.399904 0.499846 -0.397462 -0.399738 0.499565
-0.400111 -0.400012 0.50002 -0.397618 -0.399752 0.49959
-0.399132 -0.399904 0.499846 -0.397764 -0.399765 0.499614
-0.400111 -0.400012 0.50002 -0.397898 -0.399777 0.499635
-0.399132 -0.399904 0.499846 -0.398023 -0.399788 0.499656
-0.400111 -0.400012 0.50002 -0.398138 -0.399799 0.499675
-0.399132 -0.399904 0.499846 -0.398245 -0.399808 0.499692
-0.400111 -0.400012 0.50002 -0.398343 -0.399817 0.499708
-0.399132 -0.399904 0.499846 -0.398433 -0.399825 0.499723
-0.400111 -0.400012 0.50002 -0.398476 -0.399829 0.49973
-0.399132 -0.399904 0.499846 -0.398593 -0.39984 0.499749
-0.400111 -0.400012 0.50002 -0.398663 -0.399847 0.499761
-0.399132 -0.399904 0.499846 -0.398727 -0.399853 0.499771
-0.400111 -0.400012 0.50002 -0.398786 -0.399858 0.499781
-0.399132 -0.399904 0.499846 -0.398839 -0.399863 0.49979
-0.400111 -0.400012 0.50002 -0.398888 -0.399868 0.499798
-0.399132 -0.399904 0.499846 -0.398932 -0.399872 0.499805
-0.400111 -0.400012 0.50002 -0.398971 -0.399876 0.499812
-0.399132 -0.399904 0.499846 -0.399007 -0.39988 0.499818
-0.400111 -0.400012 0.50002 -0.39904 -0.399883 0.499824
