-0.398154 -0.399795 0.499672 -0.399131 -0.399903 0.499847
-0.397175 -0.399686 0.499498 -0.399131 -0.399903 0.499847
-0.396196 -0.399577 0.499324 -0.399131 -0.399903 0.499847
-0.395217 -0.399469 0.49915 -0.399129 -0.399903 0.499846
-0.394239 -0.39936 0.498976 -0.399127 -0.399903 0.499846
-0.39326 -0.399251 0.498802 -0.399119 -0.399902 0.499844
-0.392281 -0.399142 0.498628 -0.399091 -0.399899 0.499839
-0.391302 -0.399034 0.498454 -0.399055 -0.399895 0.499833
-0.390324 -0.398925 0.49828 -0.399002 -0.399889 0.499824
-0.389345 -0.398816 0.498106 -0.39893 -0.399882 0.499811
-0.388366 -0.398707 0.497932 -0.398836 -0.399872 0.499795
-0.387388 -0.398599 0.497758 -0.39878 -0.399866 0.499785
-0.386409 -0.39849 0.497584 -0.398578 -0.399845 0.49975
-0.38543 -0.398381 0.49741 -0.398413 -0.399828 0.499722
-0.384451 -0.398272 0.497236 -0.398124 -0.399798 0.499672
-0.383473 -0.398164 0.497062 -0.397908 -0.399776 0.499635
-0.382494 -0.398055 0.496888 -0.397793 -0.399764 0.499615
-0.381515 -0.397946 0.496714 -0.397546 -0.399738 0.499572
-0.380536 -0.397837 0.49654 -0.397123 -0.399695 0.4995
-0.379558 -0.397729 0.496366 -0.396969 -0.39968 0.499474
-0.378579 -0.39762 0.496192 -0.396462 -0.399629 0.499387
-0.3776 -0.397511 0.496018 -0.396279 -0.39961 0.499356
-0.376622 -0.397402 0.495844 -0.395692 -0.399551 0.499256
-0.375643 -0.397294 0.49567 -0.39527 -0.399509 0.499184
-0.374664 -0.397185 0.495496 -0.395051 -0.399487 0.499147
-0.373685 -0.397076 0.495322 -0.394593 -0.399441 0.499069
-0.372707 -0.396967 0.495148 -0.393859 -0.399368 0.498944
-0.371728 -0.396859 0.494974 -0.39231 -0.399211 0.498679
-0.370749 -0.39675 0.4948 -0.391804 -0.399159 0.498592
-0.369771 -0.396641 0.494626 -0.391304 -0.399107 0.498505
-0.368792 -0.396532 0.494452 -0.391056 -0.39908 0.498462
-0.367813 -0.396424 0.494278 -0.390566 -0.399028 0.498376
-0.366834 -0.396315 0.494104 -0.389842 -0.39895 0.498249
-0.365856 -0.396206 0.49393 -0.389368 -0.398898 0.498165
-0.364877 -0.396097 0.493756 -0.3889 -0.398846 0.498082
-0.363898 -0.395989 0.493582 -0.388438 -0.398794 0.498
-0.362919 -0.39588 0.493408 -0.38821 -0.398768 0.497959
-0.361941 -0.395771 0.493234 -0.387757 -0.398717 0.497877
-0.360962 -0.395662 0.49306 -0.387311 -0.398666 0.497797
-0.359983 -0.395554 0.492886 -0.386872 -0.398615 0.497717
-0.359005 -0.395445 0.492712 -0.386438 -0.398564 0.497639
-0.358026 -0.395336 0.492538 -0.386011 -0.398513 0.49756
-0.357047 -0.395227 0.492364 -0.385591 -0.398463 0.497483
-0.356068 -0.395119 0.49219 -0.385176 -0.398413 0.497407
-0.35509 -0.39501 0.492016 -0.384768 -0.398364 0.497331
-0.354111 -0.394901 0.491842 -0.384366 -0.398314 0.497257
-0.353132 -0.394792 0.491668 -0.383971 -0.398266 0.497183
-0.352154 -0.394684 0.491494 -0.383581 -0.398217 0.49711
-0.351175 -0.394575 0.49132 -0.383198 -0.398169 0.497038
-0.350196 -0.394466 0.491146 -0.382821 -0.398121 0.496967
-0.349217 -0.394357 0.490972 -0.38245 -0.398074 0.496897
-0.348239 -0.394249 0.490798 -0.382086 -0.398027 0.496828
-0.34726 -0.39414 0.490624 -0.381728 -0.397981 0.49676
-0.346281 -0.394031 0.49045 -0.381376 -0.397935 0.496693
-0.345302 -0.393922 0.490276 -0.38103 -0.39789 0.496626
-0.344324 -0.393814 0.490102 -0.38069 -0.397845 0.496561
-0.343345 -0.393705 0.489928 -0.380357 -0.397801 0.496497
-0.342366 -0.393596 0.489754 -0.38003 -0.397757 0.496433
-0.341388 -0.393488 0.48958 -0.379709 -0.397714 0.496371
-0.340409 -0.393379 0.489406 -0.379394 -0.397671 0.49631
-0.33943 -0.39327 0.489232 -0.379085 -0.397629 0.49625
-0.338451 -0.393161 0.489058 -0.378782 -0.397588 0.49619
-0.337473 -0.393053 0.488884 -0.378486 -0.397547 0.496132
-0.336494 -0.392944 0.48871 -0.378196 -0.397507 0.496075
-0.335515 -0.392835 0.488536 -0.377912 -0.397468 0.496019
-0.334536 -0.392726 0.488362 -0.377634 -0.397429 0.495964
-0.333558 -0.392618 0.488188 -0.377362 -0.39739 0.49591
-0.332579 -0.392509 0.488014 -0.377096 -0.397353 0.495857
-0.3316 -0.3924 0.48784 -0.376837 -0.397316 0.495805
-0.330622 -0.392291 0.487666 -0.376583 -0.39728 0.495755
-0.329643 -0.392183 0.487492 -0.376336 -0.397245 0.495705
-0.328664 -0.392074 0.487318 -0.376095 -0.39721 0.495657
-0.327685 -0.391965 0.487144 -0.375859 -0.397176 0.495609
-0.326707 -0.391856 0.48697 -0.37563 -0.397143 0.495563
-0.325728 -0.391748 0.486796 -0.375407 -0.39711 0.495518
-0.324749 -0.391639 0.486622 -0.37519 -0.397078 0.495474
-0.323771 -0.39153 0.486448 -0.37498 -0.397048 0.495432
-0.322792 -0.391421 0.486274 -0.374775 -0.397017 0.49539
-0.321813 -0.391313 0.4861 -0.374576 -0.396988 0.49535
-0.320834 -0.391204 0.485926 -0.374384 -0.396959 0.49531
-0.319856 -0.391095 0.485752 -0.374197 -0.396932 0.495272
-0.318877 -0.390986 0.485578 -0.374017 -0.396905 0.495235
-0.317898 -0.390878 0.485404 -0.373842 -0.396879 0.4952
-0.316919 -0.390769 0.48523 -0.373674 -0.396853 0.495165
-0.315941 -0.39066 0.485056 -0.373512 -0.396829 0.495132
-0.314962 -0.390551 0.484882 -0.373356 -0.396805 0.4951
-0.313983 -0.390443 0.484708 -0.373206 -0.396783 0.495069
-0.313005 -0.390334 0.484534 -0.373061 -0.396761 0.495039
-0.312026 -0.390225 0.48436 -0.372923 -0.39674 0.49501
-0.311047 -0.390116 0.484186 -0.372791 -0.39672 0.494983
-0.310068 -0.390008 0.484012 -0.372665 -0.3967 0.494957
-0.30909 -0.389899 0.483838 -0.372545 -0.396682 0.494932
-0.308111 -0.38979 0.483664 -0.372431 -0.396664 0.494908
-0.307132 -0.389681 0.48349 -0.372323 -0.396648 0.494886
-0.306153 -0.389573 0.483316 -0.372272 -0.39664 0.494875
-0.305175 -0.389464 0.483142 -0.372126 -0.396617 0.494845
-0.304196 -0.389355 0.482968 -0.372036 -0.396604 0.494826
-0.303217 -0.389246 0.482794 -0.371952 -0.396591 0.494809
-0.302239 -0.389138 0.48262 -0.371874 -0.396579 0.494792
-0.30126 -0.389029 0.482446 -0.371802 -0.396567 0.494777
-0.300281 -0.38892 0.482272 -0.371769 -0.396562 0.49477
-0.299302 -0.388811 0.482098 -0.371677 -0.396548 0.494751
-0.298324 -0.388703 0.481924 -0.371623 -0.396539 0.49474
-0.297345 -0.388594 0.48175 -0.371575 -0.396532 0.49473
-0.296366 -0.388485 0.481576 -0.371534 -0.396526 0.494721
-0.295388 -0.388376 0.481402 -0.371498 -0.39652 0.494714
-0.294409 -0.388268 0.481228 -0.371468 -0.396515 0.494707
-0.29343 -0.388159 0.481054 -0.371444 -0.396512 0.494702
-0.292451 -0.38805 0.48088 -0.371427 -0.396509 0.494699
-0.291473 -0.387941 0.480706 -0.371415 -0.396507 0.494696
-0.290494 -0.387833 0.480532 -0.371409 -0.396506 0.494695
-0.289515 -0.387724 0.480358 -0.371388 -0.396507 0.494693
-0.288536 -0.387615 0.480184 -0.371188 -0.396507 0.494672
-0.287558 -0.387506 0.48001 -0.370695 -0.396505 0.494616
-0.286579 -0.387398 0.479836 -0.369903 -0.396498 0.494524
-0.2856 -0.387289 0.479662 -0.368817 -0.396487 0.494397
-0.284622 -0.38718 0.479488 -0.367469 -0.396468 0.494237
-0.283643 -0.387071 0.479314 -0.365894 -0.396441 0.494047
-0.282664 -0.386963 0.47914 -0.364123 -0.396405 0.493829
-0.281685 -0.386854 0.478966 -0.362182 -0.396358 0.493587
-0.280707 -0.386745 0.478792 -0.360096 -0.396298 0.493321
-0.279728 -0.386636 0.478618 -0.357889 -0.396225 0.493035
-0.278749 -0.386528 0.478444 -0.355581 -0.396138 0.492729
-0.277771 -0.386419 0.47827 -0.353192 -0.396037 0.492406
-0.276792 -0.38631 0.478096 -0.350737 -0.395921 0.492067
-0.275813 -0.386201 0.477922 -0.348233 -0.39579 0.491714
-0.274834 -0.386093 0.477748 -0.345693 -0.395644 0.491348
-0.273856 -0.385984 0.477574 -0.343129 -0.395483 0.490971
-0.272877 -0.385875 0.4774 -0.340553 -0.395309 0.490584
-0.271898 -0.385766 0.477226 -0.337974 -0.395122 0.49019
-0.270919 -0.385658 0.477052 -0.3354 -0.394922 0.489788
-0.269941 -0.385549 0.476878 -0.334117 -0.394817 0.489585
-0.268962 -0.38544 0.476704 -0.331564 -0.3946 0.489175
-0.267983 -0.385331 0.47653 -0.327771 -0.394256 0.488553
-0.267005 -0.385223 0.476356 -0.324042 -0.393892 0.487925
-0.266026 -0.385114 0.476182 -0.3216 -0.39364 0.487506
-0.265047 -0.385005 0.476008 -0.319197 -0.393381 0.487087
-0.264068 -0.384896 0.475834 -0.316837 -0.393118 0.486669
-0.26309 -0.384788 0.47566 -0.313386 -0.392715 0.486047
-0.262111 -0.384679 0.475486 -0.311145 -0.392443 0.485637
-0.261132 -0.38457 0.475312 -0.308949 -0.392169 0.48523
-0.260153 -0.384461 0.475138 -0.307869 -0.392031 0.485028
-0.259175 -0.384353 0.474964 -0.304697 -0.391618 0.484429
-0.258196 -0.384244 0.47479 -0.303663 -0.391481 0.484232
-0.257217 -0.384135 0.474616 -0.30163 -0.391206 0.483841
-0.256239 -0.384027 0.474442 -0.299641 -0.390933 0.483456
-0.25526 -0.383918 0.474268 -0.296743 -0.390526 0.48289
-0.254281 -0.383809 0.474094 -0.295799 -0.390392 0.482704
-0.253302 -0.3837 0.47392 -0.293944 -0.390126 0.482338
-0.252324 -0.383592 0.473746 -0.292132 -0.389863 0.481977
-0.251345 -0.383483 0.473572 -0.290361 -0.389603 0.481624
-0.250366 -0.383374 0.473398 -0.28863 -0.389347 0.481276
-0.249388 -0.383265 0.473224 -0.286938 -0.389095 0.480936
-0.248409 -0.383157 0.47305 -0.286106 -0.388971 0.480768
-0.24743 -0.383048 0.472876 -0.283666 -0.388605 0.480274
-0.246451 -0.382939 0.472702 -0.282083 -0.388366 0.479954
-0.245473 -0.38283 0.472528 -0.280532 -0.388132 0.479639
-0.244494 -0.382722 0.472354 -0.279014 -0.387903 0.479331
-0.243515 -0.382613 0.47218 -0.277527 -0.387678 0.479028
-0.242536 -0.382504 0.472006 -0.27607 -0.387458 0.478732
-0.241558 -0.382395 0.471832 -0.274642 -0.387243 0.478443
-0.240579 -0.382287 0.471658 -0.273242 -0.387033 0.478159
-0.2396 -0.382178 0.471484 -0.271868 -0.386827 0.47788
-0.238622 -0.382069 0.471311 -0.27052 -0.386626 0.477608
-0.237643 -0.38196 0.471137 -0.269195 -0.38643 0.477341
-0.236664 -0.381852 0.470963 -0.267894 -0.386238 0.477079
-0.235685 -0.381743 0.470789 -0.266614 -0.38605 0.476822
-0.234707 -0.381634 0.470615 -0.265355 -0.385867 0.47657
-0.233728 -0.381525 0.470441 -0.264116 -0.385688 0.476322
-0.232749 -0.381417 0.470267 -0.262894 -0.385512 0.476079
-0.231771 -0.381308 0.470093 -0.26229 -0.385426 0.475959
-0.230792 -0.381199 0.469919 -0.260503 -0.385173 0.475606
-0.229813 -0.38109 0.469745 -0.25933 -0.385009 0.475375
-0.228834 -0.380982 0.469571 -0.258172 -0.384848 0.475149
-0.227856 -0.380873 0.469397 -0.257598 -0.384769 0.475036
-0.226877 -0.380764 0.469223 -0.255895 -0.384536 0.474705
-0.225898 -0.380655 0.469049 -0.254775 -0.384385 0.474488
-0.224919 -0.380547 0.468875 -0.253666 -0.384237 0.474275
-0.223941 -0.380438 0.468701 -0.252568 -0.384091 0.474064
-0.222962 -0.380329 0.468527 -0.25148 -0.383948 0.473856
-0.221983 -0.38022 0.468353 -0.250401 -0.383808 0.47365
-0.221005 -0.380112 0.468179 -0.24933 -0.38367 0.473447
-0.220026 -0.380003 0.468005 -0.248268 -0.383534 0.473246
-0.219047 -0.379894 0.467831 -0.247213 -0.3834 0.473047
-0.218068 -0.379785 0.467657 -0.246165 -0.383268 0.472851
-0.21709 -0.379677 0.467483 -0.245124 -0.383138 0.472656
-0.216111 -0.379568 0.467309 -0.244088 -0.38301 0.472463
-0.215132 -0.379459 0.467135 -0.243058 -0.382884 0.472272
-0.214153 -0.37935 0.466961 -0.242033 -0.382759 0.472082
-0.213175 -0.379242 0.466787 -0.241013 -0.382636 0.471894
-0.212196 -0.379133 0.466613 -0.239997 -0.382514 0.471707
-0.211217 -0.379024 0.466439 -0.238985 -0.382393 0.471521
-0.210239 -0.378915 0.466265 -0.237977 -0.382274 0.471336
-0.20926 -0.378807 0.466091 -0.236972 -0.382155 0.471153
-0.208281 -0.378698 0.465917 -0.235971 -0.382038 0.470971
-0.207302 -0.378589 0.465743 -0.234972 -0.381922 0.470789
-0.206324 -0.37848 0.465569 -0.233976 -0.381806 0.470608
-0.205345 -0.378372 0.465395 -0.232982 -0.381692 0.470429
-0.204366 -0.378263 0.465221 -0.231991 -0.381578 0.470249
-0.203388 -0.378154 0.465047 -0.231001 -0.381465 0.470071
-0.202409 -0.378045 0.464873 -0.230013 -0.381352 0.469893
-0.20143 -0.377937 0.464699 -0.229027 -0.381241 0.469716
-0.200451 -0.377828 0.464525 -0.228043 -0.381129 0.469539
-0.199473 -0.377719 0.464351 -0.227059 -0.381018 0.469363
-0.198494 -0.37761 0.464177 -0.226077 -0.380908 0.469187
-0.197515 -0.377502 0.464003 -0.225096 -0.380798 0.469011
-0.196536 -0.377393 0.463829 -0.224116 -0.380689 0.468836
-0.195558 -0.377284 0.463655 -0.223136 -0.380579 0.468661
-0.194579 -0.377175 0.463481 -0.222158 -0.380471 0.468487
-0.1936 -0.377067 0.463307 -0.221179 -0.380362 0.468312
-0.192622 -0.376958 0.463133 -0.220201 -0.380253 0.468138
-0.191643 -0.376849 0.462959 -0.219222 -0.380145 0.467964
-0.190664 -0.37674 0.462785 -0.218243 -0.380037 0.46779
-0.189685 -0.376632 0.462611 -0.217265 -0.379929 0.467616
-0.188707 -0.376523 0.462437 -0.216288 -0.379822 0.467442
-0.187728 -0.376414 0.462263 -0.215311 -0.379714 0.467269
-0.186749 -0.376305 0.462089 -0.214335 -0.379606 0.467095
-0.185771 -0.376197 0.461915 -0.213359 -0.379499 0.466922
-0.184792 -0.376088 0.461741 -0.212383 -0.379392 0.466749
-0.183813 -0.375979 0.461567 -0.211408 -0.379285 0.466576
-0.182834 -0.37587 0.461393 -0.210433 -0.379177 0.466403
-0.181856 -0.375762 0.461219 -0.209458 -0.37907 0.46623
-0.180877 -0.375653 0.461045 -0.208483 -0.378963 0.466057
-0.179898 -0.375544 0.460871 -0.207508 -0.378856 0.465884
-0.178919 -0.375435 0.460697 -0.206534 -0.378749 0.465711
-0.177941 -0.375327 0.460523 -0.205559 -0.378642 0.465538
-0.176962 -0.375218 0.460349 -0.204584 -0.378535 0.465365
-0.175983 -0.375109 0.460175 -0.20361 -0.378428 0.465192
-0.175005 -0.375001 0.460001 -0.202635 -0.378321 0.465019
-0.174026 -0.374892 0.459827 -0.201661 -0.378214 0.464846
-0.173047 -0.374783 0.459653 -0.200687 -0.378107 0.464673
-0.172068 -0.374674 0.459479 -0.199712 -0.378 0.4645
-0.17109 -0.374566 0.459305 -0.198738 -0.377893 0.464327
-0.170111 -0.374457 0.459131 -0.197763 -0.377786 0.464154
-0.169132 -0.374348 0.458957 -0.196788 -0.377678 0.463981
-0.168153 -0.374239 0.458783 -0.195813 -0.377571 0.463808
-0.167175 -0.374131 0.458609 -0.194838 -0.377464 0.463635
-0.166196 -0.374022 0.458435 -0.193863 -0.377357 0.463462
-0.165217 -0.373913 0.458261 -0.192888 -0.377249 0.463288
-0.164239 -0.373804 0.458087 -0.191912 -0.377142 0.463115
-0.16326 -0.373696 0.457913 -0.190936 -0.377035 0.462942
-0.162281 -0.373587 0.457739 -0.189961 -0.376927 0.462769
-0.161302 -0.373478 0.457565 -0.188985 -0.37682 0.462595
-0.160324 -0.373369 0.457391 -0.188009 -0.376712 0.462422
-0.159345 -0.373261 0.457217 -0.187034 -0.376605 0.462248
-0.158366 -0.373152 0.457043 -0.18557 -0.376443 0.461988
-0.157388 -0.373043 0.456869 -0.185082 -0.376389 0.461901
-0.156409 -0.372934 0.456695 -0.18313 -0.376174 0.461554
-0.15543 -0.372826 0.456521 -0.182156 -0.376066 0.461381
-0.154451 -0.372717 0.456347 -0.181184 -0.375959 0.461208
-0.153473 -0.372608 0.456173 -0.180217 -0.375852 0.461036
-0.152494 -0.372499 0.455999 -0.179253 -0.375744 0.460864
-0.151515 -0.372391 0.455825 -0.178292 -0.375637 0.460693
-0.150536 -0.372282 0.455651 -0.177333 -0.375531 0.460522
-0.149558 -0.372173 0.455477 -0.176376 -0.375424 0.460351
-0.148579 -0.372064 0.455303 -0.17542 -0.375317 0.460181
-0.1476 -0.371956 0.455129 -0.174465 -0.375211 0.46001
-0.146622 -0.371847 0.454955 -0.173512 -0.375104 0.45984
-0.145643 -0.371738 0.454781 -0.172559 -0.374998 0.45967
-0.144664 -0.371629 0.454607 -0.171607 -0.374892 0.4595
-0.143685 -0.371521 0.454433 -0.170655 -0.374786 0.459331
-0.142707 -0.371412 0.454259 -0.17018 -0.374733 0.459246
-0.141728 -0.371303 0.454085 -0.168754 -0.374574 0.458991
-0.140749 -0.371194 0.453911 -0.167803 -0.374468 0.458822
-0.139771 -0.371086 0.453737 -0.166852 -0.374362 0.458652
-0.138792 -0.370977 0.453563 -0.165901 -0.374256 0.458483
-0.137813 -0.370868 0.453389 -0.164949 -0.37415 0.458313
-0.136834 -0.370759 0.453215 -0.164473 -0.374097 0.458228
-0.135856 -0.370651 0.453041 -0.163045 -0.373939 0.457973
-0.134877 -0.370542 0.452867 -0.162092 -0.373833 0.457803
-0.133898 -0.370433 0.452693 -0.161138 -0.373727 0.457633
-0.132919 -0.370324 0.452519 -0.160184 -0.373621 0.457463
-0.131941 -0.370216 0.452345 -0.159229 -0.373515 0.457293
-0.130962 -0.370107 0.452171 -0.158273 -0.373409 0.457123
-0.129983 -0.369998 0.451997 -0.157317 -0.373303 0.456952
-0.129005 -0.369889 0.451823 -0.15636 -0.373197 0.456782
-0.128026 -0.369781 0.451649 -0.155402 -0.373091 0.456611
-0.127047 -0.369672 0.451475 -0.154443 -0.372985 0.45644
-0.126068 -0.369563 0.451301 -0.153483 -0.372879 0.456269
-0.12509 -0.369454 0.451127 -0.152523 -0.372773 0.456098
-0.124111 -0.369346 0.450953 -0.151562 -0.372666 0.455927
-0.123132 -0.369237 0.450779 -0.1506 -0.37256 0.455756
-0.122153 -0.369128 0.450605 -0.149637 -0.372454 0.455584
-0.121175 -0.369019 0.450431 -0.149156 -0.3724 0.455498
-0.120196 -0.368911 0.450257 -0.14771 -0.37224 0.455241
-0.119217 -0.368802 0.450083 -0.146745 -0.372134 0.455069
-0.118239 -0.368693 0.449909 -0.145779 -0.372027 0.454897
-0.11726 -0.368584 0.449735 -0.144813 -0.37192 0.454725
-0.116281 -0.368476 0.449561 -0.143847 -0.371814 0.454553
-0.115302 -0.368367 0.449387 -0.14288 -0.371707 0.45438
-0.114324 -0.368258 0.449213 -0.141913 -0.3716 0.454208
-0.113345 -0.368149 0.449039 -0.140946 -0.371493 0.454036
-0.112366 -0.368041 0.448865 -0.140462 -0.371439 0.453949
-0.111388 -0.367932 0.448691 -0.139009 -0.371279 0.453691
-0.110409 -0.367823 0.448517 -0.13804 -0.371172 0.453518
-0.10943 -0.367714 0.448343 -0.13707 -0.371064 0.453345
-0.108451 -0.367606 0.448169 -0.136099 -0.370957 0.453172
-0.107473 -0.367497 0.447995 -0.135128 -0.37085 0.452999
-0.106494 -0.367388 0.447821 -0.134156 -0.370742 0.452826
-0.105515 -0.367279 0.447647 -0.133184 -0.370635 0.452653
-0.104536 -0.367171 0.447473 -0.132211 -0.370527 0.452479
-0.103558 -0.367062 0.447299 -0.131238 -0.37042 0.452306
-0.102579 -0.366953 0.447125 -0.130265 -0.370312 0.452132
-0.1016 -0.366844 0.446951 -0.129291 -0.370204 0.451959
-0.100622 -0.366736 0.446777 -0.128317 -0.370097 0.451785
-0.0996428 -0.366627 0.446603 -0.127342 -0.369989 0.451611
-0.0986641 -0.366518 0.446429 -0.126368 -0.369881 0.451438
-0.0976854 -0.366409 0.446255 -0.125392 -0.369773 0.451264
-0.0967067 -0.366301 0.446081 -0.124417 -0.369665 0.45109
-0.0957279 -0.366192 0.445907 -0.123441 -0.369557 0.450916
-0.0947492 -0.366083 0.445733 -0.122466 -0.369449 0.450742
-0.0937705 -0.365974 0.445559 -0.121489 -0.369341 0.450568
-0.0927918 -0.365866 0.445385 -0.120513 -0.369233 0.450394
-0.091813 -0.365757 0.445211 -0.119537 -0.369125 0.45022
-0.0908343 -0.365648 0.445037 -0.11856 -0.369017 0.450046
-0.0898556 -0.36554 0.444863 -0.117583 -0.368909 0.449872
-0.0888769 -0.365431 0.444689 -0.116606 -0.368801 0.449697
-0.0878982 -0.365322 0.444515 -0.115629 -0.368692 0.449523
-0.0869194 -0.365213 0.444341 -0.114652 -0.368584 0.449349
-0.0859407 -0.365105 0.444167 -0.113674 -0.368476 0.449175
-0.084962 -0.364996 0.443993 -0.112697 -0.368367 0.449
-0.0839833 -0.364887 0.443819 -0.111719 -0.368259 0.448826
-0.0830045 -0.364778 0.443645 -0.110742 -0.368151 0.448652
-0.0820258 -0.36467 0.443471 -0.110253 -0.368096 0.448564
-0.0810471 -0.364561 0.443297 -0.108786 -0.367934 0.448303
-0.0800684 -0.364452 0.443123 -0.107808 -0.367825 0.448128
-0.0790896 -0.364343 0.442949 -0.10683 -0.367717 0.447954
-0.0781109 -0.364235 0.442775 -0.105853 -0.367608 0.44778
-0.0771322 -0.364126 0.442601 -0.104875 -0.3675 0.447605
-0.0761535 -0.364017 0.442427 -0.103896 -0.367391 0.447431
-0.0751747 -0.363908 0.442253 -0.102918 -0.367283 0.447256
-0.074196 -0.3638 0.442079 -0.10194 -0.367174 0.447082
-0.0732173 -0.363691 0.441905 -0.100962 -0.367066 0.446907
-0.0722386 -0.363582 0.441731 -0.0999835 -0.366957 0.446733
-0.0712599 -0.363473 0.441557 -0.0990052 -0.366849 0.446558
-0.0702811 -0.363365 0.441383 -0.0980269 -0.36674 0.446384
-0.0693024 -0.363256 0.441209 -0.0970486 -0.366632 0.446209
-0.0683237 -0.363147 0.441035 -0.0960703 -0.366523 0.446035
-0.067345 -0.363038 0.440861 -0.0950919 -0.366415 0.44586
-0.0663662 -0.36293 0.440687 -0.0941137 -0.366306 0.445686
-0.0653875 -0.362821 0.440513 -0.0931354 -0.366197 0.445511
-0.0644088 -0.362712 0.440339 -0.0921571 -0.366089 0.445337
-0.0634301 -0.362603 0.440165 -0.0911789 -0.36598 0.445162
-0.0624513 -0.362495 0.439991 -0.0902006 -0.365872 0.444988
-0.0614726 -0.362386 0.439817 -0.0892224 -0.365763 0.444813
-0.0604939 -0.362277 0.439643 -0.0882442 -0.365655 0.444639
-0.0595152 -0.362168 0.439469 -0.087266 -0.365546 0.444464
-0.0585364 -0.36206 0.439295 -0.0862878 -0.365437 0.44429
-0.0575577 -0.361951 0.439121 -0.0853096 -0.365329 0.444115
-0.056579 -0.361842 0.438947 -0.0843314 -0.36522 0.443941
-0.0556003 -0.361733 0.438773 -0.0833532 -0.365112 0.443766
-0.0546216 -0.361625 0.438599 -0.082375 -0.365003 0.443592
-0.0536428 -0.361516 0.438425 -0.0813969 -0.364895 0.443417
-0.0526641 -0.361407 0.438251 -0.0804187 -0.364786 0.443243
-0.0516854 -0.361298 0.438077 -0.0794403 -0.364677 0.443068
-0.0507067 -0.36119 0.437903 -0.0784609 -0.364569 0.442893
-0.0497279 -0.361081 0.437729 -0.0774808 -0.36446 0.442719
-0.0487492 -0.360972 0.437555 -0.0765007 -0.364352 0.442544
-0.0477705 -0.360863 0.437381 -0.0755208 -0.364243 0.442369
-0.0467918 -0.360755 0.437207 -0.0745412 -0.364134 0.442194
-0.045813 -0.360646 0.437033 -0.0735618 -0.364026 0.44202
-0.0448343 -0.360537 0.436859 -0.0725826 -0.363917 0.441845
-0.0438556 -0.360428 0.436685 -0.0716036 -0.363808 0.44167
-0.0428769 -0.36032 0.436511 -0.0706248 -0.3637 0.441496
-0.0418981 -0.360211 0.436337 -0.0696461 -0.363591 0.441321
-0.0409194 -0.360102 0.436163 -0.0686676 -0.363482 0.441147
-0.0399407 -0.359993 0.435989 -0.0676892 -0.363374 0.440972
-0.038962 -0.359885 0.435815 -0.066711 -0.363265 0.440798
-0.0379833 -0.359776 0.435641 -0.0657328 -0.363157 0.440623
-0.0370045 -0.359667 0.435467 -0.0647547 -0.363048 0.440449
-0.0360258 -0.359558 0.435293 -0.0637768 -0.36294 0.440274
-0.0350471 -0.35945 0.435119 -0.0627989 -0.362831 0.4401
-0.0340684 -0.359341 0.434945 -0.061821 -0.362722 0.439925
-0.0330896 -0.359232 0.434771 -0.0608432 -0.362614 0.439751
-0.0321109 -0.359123 0.434597 -0.0598655 -0.362505 0.439576
-0.0311322 -0.359015 0.434424 -0.0588878 -0.362397 0.439402
-0.0301535 -0.358906 0.43425 -0.0579102 -0.362288 0.439228
-0.0291747 -0.358797 0.434076 -0.0569325 -0.36218 0.439053
-0.028196 -0.358688 0.433902 -0.0559549 -0.362071 0.438879
-0.0272173 -0.35858 0.433728 -0.0549774 -0.361963 0.438705
-0.0262386 -0.358471 0.433554 -0.0539998 -0.361854 0.43853
-0.0252598 -0.358362 0.43338 -0.0530223 -0.361746 0.438356
-0.0242811 -0.358253 0.433206 -0.0520448 -0.361637 0.438182
-0.0233024 -0.358145 0.433032 -0.0510673 -0.361529 0.438007
-0.0223237 -0.358036 0.432858 -0.0500898 -0.36142 0.437833
-0.021345 -0.357927 0.432684 -0.0491122 -0.361312 0.437659
-0.0203662 -0.357818 0.43251 -0.0481347 -0.361203 0.437484
-0.0193875 -0.35771 0.432336 -0.0471571 -0.361095 0.43731
-0.0184088 -0.357601 0.432162 -0.0461794 -0.360987 0.437136
-0.0174301 -0.357492 0.431988 -0.0452016 -0.360878 0.436961
-0.0164513 -0.357383 0.431814 -0.0442239 -0.36077 0.436787
-0.0154726 -0.357275 0.43164 -0.0432462 -0.360661 0.436612
-0.0144939 -0.357166 0.431466 -0.0422686 -0.360553 0.436438
-0.0135152 -0.357057 0.431292 -0.0412909 -0.360444 0.436264
-0.0125364 -0.356948 0.431118 -0.0403133 -0.360336 0.436089
-0.0115577 -0.35684 0.430944 -0.0393356 -0.360227 0.435915
-0.010579 -0.356731 0.43077 -0.038358 -0.360119 0.435741
-0.00960027 -0.356622 0.430596 -0.0373804 -0.36001 0.435566
-0.00862155 -0.356514 0.430422 -0.0364028 -0.359902 0.435392
-0.00764283 -0.356405 0.430248 -0.0354252 -0.359794 0.435218
-0.0066641 -0.356296 0.430074 -0.0344475 -0.359685 0.435044
-0.00568538 -0.356187 0.4299 -0.0334699 -0.359577 0.434869
-0.00470666 -0.356079 0.429726 -0.0324924 -0.359468 0.434695
-0.00372793 -0.35597 0.429552 -0.0315151 -0.35936 0.434521
-0.00274921 -0.355861 0.429378 -0.030538 -0.359251 0.434347
-0.00177049 -0.355752 0.429204 -0.0295609 -0.359143 0.434172
-0.000791762 -0.355644 0.42903 -0.0285838 -0.359035 0.433998
0.000186962 -0.355535 0.428856 -0.0280952 -0.35898 0.433911
0.00116569 -0.355426 0.428682 -0.0266293 -0.358818 0.43365
0.00214441 -0.355317 0.428508 -0.0256519 -0.358709 0.433475
0.00312313 -0.355209 0.428334 -0.0246745 -0.358601 0.433301
0.00410186 -0.3551 0.42816 -0.0241858 -0.358547 0.433214
0.00508058 -0.354991 0.427986 -0.0227195 -0.358384 0.432953
0.0060593 -0.354882 0.427812 -0.0217418 -0.358276 0.432778
0.00703803 -0.354774 0.427638 -0.0207642 -0.358167 0.432604
0.00801675 -0.354665 0.427464 -0.0202754 -0.358113 0.432517
0.00899547 -0.354556 0.42729 -0.0188088 -0.35795 0.432256
0.0099742 -0.354447 0.427116 -0.017831 -0.357842 0.432081
0.0109529 -0.354339 0.426942 -0.0168532 -0.357733 0.431907
0.0119316 -0.35423 0.426768 -0.0163643 -0.357679 0.43182
0.0129104 -0.354121 0.426594 -0.014898 -0.357517 0.431559
0.0138891 -0.354012 0.42642 -0.0139205 -0.357408 0.431384
0.0148678 -0.353904 0.426246 -0.0129429 -0.3573 0.43121
0.0158465 -0.353795 0.426072 -0.0124541 -0.357246 0.431123
0.0168253 -0.353686 0.425898 -0.0109877 -0.357083 0.430862
0.017804 -0.353577 0.425724 -0.01001 -0.356974 0.430688
0.0187827 -0.353469 0.42555 -0.00903344 -0.356866 0.430514
0.0197614 -0.35336 0.425376 -0.00806021 -0.356758 0.43034
0.0207402 -0.353251 0.425202 -0.00708983 -0.35665 0.430167
0.0217189 -0.353142 0.425028 -0.00611963 -0.356542 0.429994
0.0226976 -0.353034 0.424854 -0.00514843 -0.356434 0.429821
0.0236763 -0.352925 0.42468 -0.0041763 -0.356326 0.429648
0.024655 -0.352816 0.424506 -0.00320332 -0.356218 0.429475
0.0256338 -0.352707 0.424332 -0.00222958 -0.356109 0.429301
0.0266125 -0.352599 0.424158 -0.00125504 -0.356001 0.429128
0.0275912 -0.35249 0.423984 -0.000279548 -0.355893 0.428954
0.0285699 -0.352381 0.42381 0.000696783 -0.355785 0.42878
0.0295487 -0.352272 0.423636 0.00167365 -0.355677 0.428606
0.0305274 -0.352164 0.423462 0.00265087 -0.355568 0.428432
0.0315061 -0.352055 0.423288 0.00362843 -0.35546 0.428258
0.0324848 -0.351946 0.423114 0.00460627 -0.355352 0.428083
0.0334636 -0.351837 0.42294 0.00558437 -0.355243 0.427909
0.0344423 -0.351729 0.422766 0.0065627 -0.355135 0.427735
0.035421 -0.35162 0.422592 0.00754122 -0.355027 0.427561
0.0363997 -0.351511 0.422418 0.00851991 -0.354918 0.427386
0.0373785 -0.351402 0.422244 0.00949876 -0.35481 0.427212
0.0383572 -0.351294 0.42207 0.0104777 -0.354701 0.427038
0.0393359 -0.351185 0.421896 0.0114568 -0.354593 0.426863
0.0403146 -0.351076 0.421722 0.012436 -0.354485 0.426689
0.0412933 -0.350967 0.421548 0.0134152 -0.354376 0.426514
0.0422721 -0.350859 0.421374 0.0143945 -0.354268 0.42634
0.0432508 -0.35075 0.4212 0.0153738 -0.354159 0.426166
0.0442295 -0.350641 0.421026 0.0163532 -0.35405 0.425991
0.0452082 -0.350532 0.420852 0.0173326 -0.353942 0.425817
0.046187 -0.350424 0.420678 0.0183119 -0.353833 0.425643
0.0471657 -0.350315 0.420504 0.0192913 -0.353725 0.425468
0.0481444 -0.350206 0.42033 0.0202707 -0.353616 0.425294
0.0491231 -0.350097 0.420156 0.0212501 -0.353508 0.425119
0.0501019 -0.349989 0.419982 0.0222295 -0.353399 0.424945
0.0510806 -0.34988 0.419808 0.0232088 -0.35329 0.424771
0.0520593 -0.349771 0.419634 0.0241882 -0.353182 0.424596
0.053038 -0.349662 0.41946 0.0251675 -0.353073 0.424422
0.0540168 -0.349554 0.419286 0.0261467 -0.352964 0.424248
0.0549955 -0.349445 0.419112 0.027126 -0.352856 0.424073
0.0559742 -0.349336 0.418938 0.0281052 -0.352747 0.423899
0.0569529 -0.349227 0.418764 0.0290843 -0.352639 0.423725
0.0579316 -0.349119 0.41859 0.0300634 -0.35253 0.42355
0.0589104 -0.34901 0.418416 0.0310425 -0.352421 0.423376
0.0598891 -0.348901 0.418242 0.0320216 -0.352313 0.423202
0.0608678 -0.348792 0.418068 0.0330006 -0.352204 0.423028
0.0618465 -0.348684 0.417894 0.0339795 -0.352095 0.422853
0.0628253 -0.348575 0.41772 0.0349584 -0.351987 0.422679
0.063804 -0.348466 0.417546 0.0359376 -0.351878 0.422505
0.0647827 -0.348357 0.417372 0.0369175 -0.351769 0.422331
0.0657614 -0.348249 0.417198 0.037898 -0.351661 0.422156
0.0667402 -0.34814 0.417024 0.0388785 -0.351552 0.421982
0.0677189 -0.348031 0.41685 0.0398587 -0.351443 0.421807
0.0686976 -0.347922 0.416676 0.0408387 -0.351334 0.421633
0.0696763 -0.347814 0.416502 0.0418185 -0.351226 0.421459
0.0706551 -0.347705 0.416328 0.0427981 -0.351117 0.421284
0.0716338 -0.347596 0.416154 0.0437775 -0.351008 0.42111
0.0726125 -0.347487 0.41598 0.0447567 -0.350899 0.420936
0.0735912 -0.347379 0.415806 0.0457358 -0.350791 0.420762
0.0745699 -0.34727 0.415632 0.0467147 -0.350682 0.420588
0.0755487 -0.347161 0.415458 0.0476935 -0.350573 0.420413
0.0765274 -0.347053 0.415284 0.0486721 -0.350465 0.420239
0.0775061 -0.346944 0.41511 0.0496507 -0.350356 0.420065
0.0784848 -0.346835 0.414936 0.0506292 -0.350247 0.419891
0.0794636 -0.346726 0.414762 0.0516075 -0.350139 0.419717
0.0804423 -0.346618 0.414588 0.0525858 -0.35003 0.419543
0.081421 -0.346509 0.414414 0.053564 -0.349921 0.419369
0.0823997 -0.3464 0.41424 0.0545422 -0.349813 0.419195
0.0833785 -0.346291 0.414066 0.0555203 -0.349704 0.419021
0.0843572 -0.346183 0.413892 0.0564985 -0.349595 0.418848
0.0853359 -0.346074 0.413718 0.0574768 -0.349487 0.418674
0.0863146 -0.345965 0.413544 0.058455 -0.349378 0.4185
0.0872934 -0.345856 0.41337 0.0594331 -0.349269 0.418326
0.0882721 -0.345748 0.413196 0.0604112 -0.349161 0.418152
0.0892508 -0.345639 0.413022 0.0613892 -0.349052 0.417978
0.0902295 -0.34553 0.412848 0.0623672 -0.348943 0.417804
0.0912082 -0.345421 0.412674 0.0633452 -0.348835 0.41763
0.092187 -0.345313 0.4125 0.0643231 -0.348726 0.417456
0.0931657 -0.345204 0.412326 0.065301 -0.348617 0.417283
0.0941444 -0.345095 0.412152 0.0662789 -0.348509 0.417109
0.0951231 -0.344986 0.411978 0.0672568 -0.3484 0.416935
0.0961019 -0.344878 0.411804 0.0682346 -0.348291 0.416761
0.0970806 -0.344769 0.41163 0.0692124 -0.348183 0.416587
0.0980593 -0.34466 0.411456 0.0701903 -0.348074 0.416414
0.099038 -0.344551 0.411282 0.0711681 -0.347965 0.41624
0.100017 -0.344443 0.411108 0.0721459 -0.347857 0.416066
0.100995 -0.344334 0.410934 0.0731237 -0.347748 0.415892
0.101974 -0.344225 0.41076 0.0741015 -0.347639 0.415719
0.102953 -0.344116 0.410586 0.0750794 -0.347531 0.415545
0.103932 -0.344008 0.410412 0.0760572 -0.347422 0.415371
0.10491 -0.343899 0.410238 0.077035 -0.347313 0.415197
0.105889 -0.34379 0.410064 0.0780129 -0.347205 0.415024
0.106868 -0.343681 0.40989 0.0789907 -0.347096 0.41485
0.107847 -0.343573 0.409716 0.0799686 -0.346987 0.414676
0.108825 -0.343464 0.409542 0.0809464 -0.346879 0.414502
0.109804 -0.343355 0.409368 0.0819243 -0.34677 0.414329
0.110783 -0.343246 0.409194 0.0829022 -0.346661 0.414155
0.111761 -0.343138 0.40902 0.0838801 -0.346553 0.413981
0.11274 -0.343029 0.408846 0.0843691 -0.346498 0.413894
0.113719 -0.34292 0.408672 0.0858359 -0.346335 0.413634
0.114698 -0.342811 0.408498 0.0868139 -0.346227 0.41346
0.115676 -0.342703 0.408324 0.0877918 -0.346118 0.413286
0.116655 -0.342594 0.40815 0.0887698 -0.346009 0.413113
0.117634 -0.342485 0.407976 0.0897477 -0.345901 0.412939
0.118613 -0.342376 0.407802 0.0907257 -0.345792 0.412765
0.119591 -0.342268 0.407628 0.0917037 -0.345683 0.412592
0.12057 -0.342159 0.407454 0.0926806 -0.345574 0.412418
0.121549 -0.34205 0.40728 0.0936541 -0.345466 0.412245
0.122527 -0.341941 0.407106 0.0946249 -0.345358 0.412073
0.123506 -0.341833 0.406932 0.0955954 -0.345249 0.411901
0.124485 -0.341724 0.406758 0.096567 -0.345141 0.411728
0.125464 -0.341615 0.406584 0.0975394 -0.345032 0.411555
0.126442 -0.341506 0.40641 0.0985126 -0.344924 0.411383
0.127421 -0.341398 0.406236 0.0994866 -0.344816 0.41121
0.1284 -0.341289 0.406062 0.100461 -0.344707 0.411037
0.129378 -0.34118 0.405888 0.101437 -0.344599 0.410864
0.130357 -0.341071 0.405714 0.102412 -0.34449 0.41069
0.131336 -0.340963 0.40554 0.103389 -0.344382 0.410517
0.132315 -0.340854 0.405366 0.104366 -0.344273 0.410344
0.133293 -0.340745 0.405192 0.104854 -0.344219 0.410257
0.134272 -0.340636 0.405018 0.105343 -0.344165 0.41017
0.135251 -0.340528 0.404844 0.106809 -0.344002 0.40991
0.13623 -0.340419 0.40467 0.109249 -0.34373 0.409477
0.137208 -0.34031 0.404496 0.110221 -0.343622 0.409304
0.138187 -0.340201 0.404322 0.111192 -0.343514 0.409132
0.139166 -0.340093 0.404148 0.112163 -0.343405 0.40896
0.140144 -0.339984 0.403974 0.113132 -0.343297 0.408788
0.141123 -0.339875 0.4038 0.114098 -0.343189 0.408616
0.142102 -0.339766 0.403626 0.115061 -0.343081 0.408445
0.143081 -0.339658 0.403452 0.116022 -0.342973 0.408275
0.144059 -0.339549 0.403278 0.116981 -0.342866 0.408104
0.145038 -0.33944 0.403104 0.117939 -0.342758 0.407935
0.146017 -0.339331 0.40293 0.118895 -0.342651 0.407765
0.146995 -0.339223 0.402756 0.11985 -0.342544 0.407595
0.147974 -0.339114 0.402582 0.120327 -0.34249 0.407511
0.148953 -0.339005 0.402408 0.121758 -0.34233 0.407257
0.149932 -0.338896 0.402234 0.122711 -0.342223 0.407088
0.15091 -0.338788 0.40206 0.123664 -0.342116 0.406918
0.151889 -0.338679 0.401886 0.124617 -0.342009 0.406749
0.152868 -0.33857 0.401712 0.12557 -0.341903 0.40658
0.153847 -0.338461 0.401538 0.126523 -0.341796 0.406411
0.154825 -0.338353 0.401364 0.127477 -0.341689 0.406242
0.155804 -0.338244 0.40119 0.12843 -0.341583 0.406073
0.156783 -0.338135 0.401016 0.129384 -0.341476 0.405904
0.157761 -0.338027 0.400842 0.130339 -0.34137 0.405734
0.15874 -0.337918 0.400668 0.131294 -0.341263 0.405565
0.159719 -0.337809 0.400494 0.132249 -0.341157 0.405395
0.160698 -0.3377 0.40032 0.133206 -0.34105 0.405226
0.161676 -0.337592 0.400146 0.134162 -0.340944 0.405056
0.162655 -0.337483 0.399972 0.13512 -0.340837 0.404886
0.163634 -0.337374 0.399798 0.136078 -0.34073 0.404716
0.164613 -0.337265 0.399624 0.137037 -0.340624 0.404546
0.165591 -0.337157 0.39945 0.137997 -0.340517 0.404376
0.16657 -0.337048 0.399276 0.138957 -0.34041 0.404206
0.167549 -0.336939 0.399102 0.139918 -0.340303 0.404035
0.168527 -0.33683 0.398928 0.14088 -0.340197 0.403865
0.169506 -0.336722 0.398754 0.141843 -0.34009 0.403694
0.170485 -0.336613 0.39858 0.142806 -0.339983 0.403523
0.171464 -0.336504 0.398406 0.14377 -0.339876 0.403353
0.172442 -0.336395 0.398232 0.144734 -0.339769 0.403182
0.173421 -0.336287 0.398058 0.145699 -0.339662 0.40301
0.1744 -0.336178 0.397884 0.146665 -0.339554 0.402839
0.175378 -0.336069 0.39771 0.147632 -0.339447 0.402668
0.176357 -0.33596 0.397536 0.148599 -0.33934 0.402496
0.177336 -0.335852 0.397363 0.149567 -0.339233 0.402325
0.178315 -0.335743 0.397189 0.150535 -0.339125 0.402153
0.179293 -0.335634 0.397015 0.151504 -0.339018 0.401982
0.180272 -0.335525 0.396841 0.152473 -0.33891 0.40181
0.181251 -0.335417 0.396667 0.153443 -0.338802 0.401638
0.18223 -0.335308 0.396493 0.154414 -0.338695 0.401466
0.183208 -0.335199 0.396319 0.155385 -0.338587 0.401294
0.184187 -0.33509 0.396145 0.156356 -0.338479 0.401122
0.185166 -0.334982 0.395971 0.157328 -0.338371 0.400949
0.186144 -0.334873 0.395797 0.157814 -0.338317 0.400863
0.187123 -0.334764 0.395623 0.159273 -0.338155 0.400605
0.188102 -0.334655 0.395449 0.160246 -0.338047 0.400432
0.189081 -0.334547 0.395275 0.161219 -0.337939 0.40026
0.190059 -0.334438 0.395101 0.162193 -0.337831 0.400087
0.191038 -0.334329 0.394927 0.163167 -0.337723 0.399915
0.192017 -0.33422 0.394753 0.164141 -0.337614 0.399742
0.192995 -0.334112 0.394579 0.165116 -0.337506 0.399569
0.193974 -0.334003 0.394405 0.165603 -0.337452 0.399483
0.194953 -0.333894 0.394231 0.167066 -0.337289 0.399224
0.195932 -0.333785 0.394057 0.168041 -0.337181 0.399051
0.19691 -0.333677 0.393883 0.169017 -0.337072 0.398878
0.197889 -0.333568 0.393709 0.169993 -0.336964 0.398705
0.198868 -0.333459 0.393535 0.170969 -0.336855 0.398532
0.199847 -0.33335 0.393361 0.171945 -0.336747 0.398359
0.200825 -0.333242 0.393187 0.172922 -0.336638 0.398186
0.201804 -0.333133 0.393013 0.173899 -0.336529 0.398013
0.202783 -0.333024 0.392839 0.174875 -0.33642 0.39784
0.203761 -0.332915 0.392665 0.175852 -0.336312 0.397667
0.20474 -0.332807 0.392491 0.176829 -0.336203 0.397494
0.205719 -0.332698 0.392317 0.177807 -0.336094 0.39732
0.206698 -0.332589 0.392143 0.178784 -0.335985 0.397147
0.207676 -0.33248 0.391969 0.179761 -0.335876 0.396974
0.208655 -0.332372 0.391795 0.180739 -0.335767 0.396801
0.209634 -0.332263 0.391621 0.181716 -0.335658 0.396628
0.210613 -0.332154 0.391447 0.182694 -0.335549 0.396454
0.211591 -0.332045 0.391273 0.183672 -0.335441 0.396281
0.21257 -0.331937 0.391099 0.18465 -0.335332 0.396108
0.213549 -0.331828 0.390925 0.185628 -0.335222 0.395935
0.214527 -0.331719 0.390751 0.186606 -0.335113 0.395761
0.215506 -0.33161 0.390577 0.187584 -0.335004 0.395588
0.216485 -0.331502 0.390403 0.188562 -0.334895 0.395415
0.217464 -0.331393 0.390229 0.18954 -0.334786 0.395241
0.218442 -0.331284 0.390055 0.190519 -0.334677 0.395068
0.219421 -0.331175 0.389881 0.191497 -0.334568 0.394895
0.2204 -0.331067 0.389707 0.192475 -0.334459 0.394721
0.221378 -0.330958 0.389533 0.193454 -0.33435 0.394548
0.222357 -0.330849 0.389359 0.194432 -0.334241 0.394375
0.223336 -0.33074 0.389185 0.195411 -0.334131 0.394201
0.224315 -0.330632 0.389011 0.196389 -0.334022 0.394028
0.225293 -0.330523 0.388837 0.197368 -0.333913 0.393855
0.226272 -0.330414 0.388663 0.198346 -0.333804 0.393681
0.227251 -0.330305 0.388489 0.199325 -0.333695 0.393508
0.22823 -0.330197 0.388315 0.200303 -0.333585 0.393335
0.229208 -0.330088 0.388141 0.201282 -0.333476 0.393161
0.230187 -0.329979 0.387967 0.202261 -0.333367 0.392988
0.231166 -0.32987 0.387793 0.203239 -0.333258 0.392814
0.232144 -0.329762 0.387619 0.204218 -0.333149 0.392641
0.233123 -0.329653 0.387445 0.205197 -0.333039 0.392468
0.234102 -0.329544 0.387271 0.206176 -0.33293 0.392294
0.235081 -0.329435 0.387097 0.207154 -0.332821 0.392121
0.236059 -0.329327 0.386923 0.208133 -0.332712 0.391947
0.237038 -0.329218 0.386749 0.209112 -0.332602 0.391774
0.238017 -0.329109 0.386575 0.21009 -0.332493 0.391601
0.238995 -0.329001 0.386401 0.211069 -0.332384 0.391427
0.239974 -0.328892 0.386227 0.212048 -0.332274 0.391254
0.240953 -0.328783 0.386053 0.213026 -0.332165 0.391081
0.241932 -0.328674 0.385879 0.214 -0.332056 0.390908
0.24291 -0.328566 0.385705 0.214971 -0.331947 0.390736
0.243889 -0.328457 0.385531 0.215943 -0.331839 0.390564
0.244868 -0.328348 0.385357 0.216915 -0.33173 0.390391
0.245847 -0.328239 0.385183 0.217888 -0.331621 0.390219
0.246825 -0.328131 0.385009 0.218862 -0.331512 0.390046
0.247804 -0.328022 0.384835 0.219837 -0.331403 0.389874
0.248783 -0.327913 0.384661 0.220812 -0.331294 0.389701
0.249761 -0.327804 0.384487 0.221788 -0.331185 0.389528
0.25074 -0.327696 0.384313 0.222765 -0.331076 0.389355
0.251719 -0.327587 0.384139 0.223742 -0.330967 0.389182
0.252698 -0.327478 0.383965 0.224719 -0.330858 0.389009
0.253676 -0.327369 0.383791 0.225208 -0.330803 0.388922
0.254655 -0.327261 0.383617 0.226674 -0.33064 0.388663
0.255634 -0.327152 0.383443 0.227648 -0.330531 0.38849
0.256613 -0.327043 0.383269 0.22862 -0.330422 0.388318
0.257591 -0.326934 0.383095 0.229592 -0.330313 0.388146
0.25857 -0.326826 0.382921 0.230564 -0.330205 0.387973
0.259549 -0.326717 0.382747 0.231538 -0.330096 0.387801
0.260527 -0.326608 0.382573 0.232513 -0.329987 0.387628
0.261506 -0.326499 0.382399 0.233489 -0.329878 0.387455
0.262485 -0.326391 0.382225 0.234466 -0.329769 0.387282
0.263464 -0.326282 0.382051 0.235443 -0.32966 0.387109
0.264442 -0.326173 0.381877 0.236421 -0.329551 0.386936
0.265421 -0.326064 0.381703 0.237399 -0.329442 0.386762
0.2664 -0.325956 0.381529 0.238378 -0.329333 0.386589
0.267378 -0.325847 0.381355 0.239357 -0.329224 0.386416
0.268357 -0.325738 0.381181 0.240337 -0.329114 0.386242
0.269336 -0.325629 0.381007 0.241317 -0.329005 0.386069
0.270315 -0.325521 0.380833 0.242297 -0.328896 0.385895
0.271293 -0.325412 0.380659 0.243278 -0.328787 0.385721
0.272272 -0.325303 0.380485 0.244259 -0.328677 0.385548
0.273251 -0.325194 0.380311 0.244749 -0.328623 0.385461
0.27423 -0.325086 0.380137 0.246221 -0.328459 0.3852
0.275208 -0.324977 0.379963 0.247202 -0.328349 0.385026
0.276187 -0.324868 0.379789 0.248183 -0.32824 0.384853
0.277166 -0.324759 0.379615 0.249165 -0.32813 0.384679
0.278144 -0.324651 0.379441 0.249655 -0.328076 0.384592
0.279123 -0.324542 0.379267 0.251122 -0.327912 0.384332
0.280102 -0.324433 0.379093 0.252095 -0.327803 0.384159
0.281081 -0.324324 0.378919 0.253066 -0.327694 0.383987
0.282059 -0.324216 0.378745 0.25355 -0.327639 0.383901
0.283038 -0.324107 0.378571 0.255479 -0.327423 0.383559
0.284017 -0.323998 0.378397 0.256441 -0.327315 0.383388
0.284996 -0.323889 0.378223 0.257403 -0.327206 0.383218
0.285974 -0.323781 0.378049 0.258367 -0.327098 0.383047
0.286953 -0.323672 0.377875 0.259332 -0.32699 0.382876
0.287932 -0.323563 0.377701 0.260299 -0.326882 0.382704
0.28891 -0.323454 0.377527 0.261267 -0.326774 0.382533
0.289889 -0.323346 0.377353 0.262237 -0.326665 0.382361
0.290868 -0.323237 0.377179 0.262722 -0.326611 0.382275
0.291847 -0.323128 0.377005 0.26418 -0.326448 0.382016
0.292825 -0.323019 0.376831 0.265154 -0.32634 0.381844
0.293804 -0.322911 0.376657 0.266128 -0.326231 0.381671
0.294783 -0.322802 0.376483 0.266616 -0.326177 0.381585
0.295761 -0.322693 0.376309 0.267592 -0.326068 0.381412
0.29674 -0.322584 0.376135 0.268569 -0.325959 0.381239
0.297719 -0.322476 0.375961 0.269547 -0.32585 0.381066
0.298698 -0.322367 0.375787 0.270525 -0.325741 0.380893
0.299676 -0.322258 0.375613 0.271995 -0.325578 0.380633
0.300655 -0.322149 0.375439 0.272975 -0.325469 0.380459
0.301634 -0.322041 0.375265 0.273466 -0.325414 0.380372
0.302613 -0.321932 0.375091 0.274446 -0.325305 0.380199
0.303591 -0.321823 0.374917 0.275427 -0.325196 0.380025
0.30457 -0.321714 0.374743 0.276408 -0.325086 0.379851
0.305549 -0.321606 0.374569 0.27739 -0.324977 0.379677
0.306527 -0.321497 0.374395 0.278372 -0.324868 0.379504
0.307506 -0.321388 0.374221 0.279355 -0.324758 0.379329
0.308485 -0.321279 0.374047 0.280339 -0.324649 0.379155
0.309464 -0.321171 0.373873 0.281323 -0.324539 0.378981
0.310442 -0.321062 0.373699 0.282307 -0.32443 0.378807
0.311421 -0.320953 0.373525 0.283292 -0.32432 0.378632
0.3124 -0.320844 0.373351 0.284276 -0.32421 0.378458
0.313378 -0.320736 0.373177 0.285261 -0.324101 0.378284
0.314357 -0.320627 0.373003 0.286247 -0.323991 0.378109
0.315336 -0.320518 0.372829 0.287232 -0.323881 0.377935
0.316315 -0.320409 0.372655 0.288217 -0.323771 0.37776
0.317293 -0.320301 0.372481 0.289203 -0.323661 0.377585
0.318272 -0.320192 0.372307 0.290188 -0.323551 0.377411
0.319251 -0.320083 0.372133 0.291173 -0.323442 0.377236
0.32023 -0.319974 0.371959 0.292159 -0.323332 0.377062
0.321208 -0.319866 0.371785 0.293144 -0.323222 0.376887
0.322187 -0.319757 0.371611 0.294129 -0.323112 0.376713
0.323166 -0.319648 0.371437 0.295114 -0.323002 0.376538
0.324144 -0.31954 0.371263 0.296099 -0.322892 0.376363
0.325123 -0.319431 0.371089 0.297084 -0.322782 0.376189
0.326102 -0.319322 0.370915 0.298068 -0.322672 0.376014
0.327081 -0.319213 0.370741 0.299053 -0.322562 0.37584
0.328059 -0.319105 0.370567 0.300037 -0.322452 0.375665
0.329038 -0.318996 0.370393 0.301021 -0.322342 0.375491
0.330017 -0.318887 0.370219 0.302005 -0.322233 0.375317
0.330996 -0.318778 0.370045 0.302989 -0.322123 0.375142
0.331974 -0.31867 0.369871 0.303973 -0.322013 0.374968
0.332953 -0.318561 0.369697 0.304956 -0.321903 0.374793
0.333932 -0.318452 0.369523 0.30594 -0.321793 0.374619
0.33491 -0.318343 0.369349 0.306923 -0.321683 0.374445
0.335889 -0.318235 0.369175 0.307906 -0.321574 0.374271
0.336868 -0.318126 0.369001 0.308888 -0.321464 0.374096
0.337847 -0.318017 0.368827 0.309871 -0.321354 0.373922
0.338825 -0.317908 0.368653 0.310853 -0.321244 0.373748
0.339804 -0.3178 0.368479 0.311836 -0.321134 0.373574
0.340783 -0.317691 0.368305 0.312818 -0.321025 0.3734
0.341761 -0.317582 0.368131 0.313799 -0.320915 0.373225
0.34274 -0.317473 0.367957 0.314781 -0.320805 0.373051
0.343719 -0.317365 0.367783 0.315763 -0.320696 0.372877
0.344698 -0.317256 0.367609 0.316744 -0.320586 0.372703
0.345676 -0.317147 0.367435 0.317726 -0.320476 0.372529
0.346655 -0.317038 0.367261 0.318707 -0.320367 0.372355
0.347634 -0.31693 0.367087 0.319688 -0.320257 0.372181
0.348613 -0.316821 0.366913 0.320669 -0.320147 0.372007
0.349591 -0.316712 0.366739 0.32165 -0.320038 0.371833
0.35057 -0.316603 0.366565 0.32263 -0.319928 0.371659
0.351549 -0.316495 0.366391 0.323611 -0.319819 0.371486
0.352527 -0.316386 0.366217 0.324591 -0.319709 0.371312
0.353506 -0.316277 0.366043 0.325572 -0.3196 0.371138
0.354485 -0.316168 0.365869 0.326552 -0.31949 0.370964
0.355464 -0.31606 0.365695 0.327532 -0.319381 0.37079
0.356442 -0.315951 0.365521 0.328513 -0.319271 0.370616
0.357421 -0.315842 0.365347 0.329493 -0.319162 0.370442
0.3584 -0.315733 0.365173 0.330473 -0.319052 0.370269
0.359378 -0.315625 0.364999 0.331453 -0.318943 0.370095
0.360357 -0.315516 0.364825 0.332433 -0.318833 0.369921
0.361336 -0.315407 0.364651 0.333413 -0.318724 0.369747
0.362315 -0.315298 0.364477 0.334393 -0.318614 0.369573
0.363293 -0.31519 0.364303 0.335372 -0.318505 0.3694
0.364272 -0.315081 0.364129 0.336352 -0.318396 0.369226
0.365251 -0.314972 0.363955 0.337332 -0.318286 0.369052
0.36623 -0.314863 0.363781 0.338312 -0.318177 0.368878
0.367208 -0.314755 0.363607 0.339291 -0.318067 0.368704
0.368187 -0.314646 0.363433 0.340271 -0.317958 0.368531
0.369166 -0.314537 0.363259 0.341251 -0.317849 0.368357
0.370144 -0.314428 0.363085 0.342231 -0.317739 0.368183
0.371123 -0.31432 0.362911 0.34321 -0.31763 0.368009
0.372102 -0.314211 0.362737 0.34419 -0.317521 0.367836
0.373081 -0.314102 0.362563 0.34517 -0.317411 0.367662
0.374059 -0.313993 0.362389 0.34615 -0.317302 0.367488
0.375038 -0.313885 0.362215 0.34713 -0.317193 0.367314
0.376017 -0.313776 0.362041 0.34811 -0.317083 0.36714
0.376996 -0.313667 0.361867 0.349089 -0.316974 0.366967
0.377974 -0.313558 0.361693 0.350069 -0.316865 0.366793
0.378953 -0.31345 0.361519 0.351049 -0.316755 0.366619
0.379932 -0.313341 0.361345 0.352028 -0.316646 0.366445
0.38091 -0.313232 0.361171 0.353008 -0.316537 0.366272
0.381889 -0.313123 0.360997 0.353987 -0.316427 0.366098
0.382868 -0.313015 0.360823 0.354967 -0.316318 0.365924
0.383847 -0.312906 0.360649 0.355457 -0.316263 0.365837
0.384825 -0.312797 0.360476 0.356436 -0.316154 0.365663
0.385804 -0.312688 0.360302 0.357416 -0.316045 0.36549
0.386783 -0.31258 0.360128 0.358885 -0.315881 0.365229
0.387761 -0.312471 0.359954 0.359375 -0.315826 0.365142
0.38874 -0.312362 0.35978 0.360355 -0.315717 0.364968
0.389719 -0.312253 0.359606 0.361335 -0.315607 0.364794
0.390698 -0.312145 0.359432 0.362806 -0.315443 0.364534
0.391676 -0.312036 0.359258 0.363787 -0.315334 0.36436
0.392655 -0.311927 0.359084 0.364277 -0.315279 0.364273
0.393634 -0.311818 0.35891 0.365257 -0.31517 0.364099
0.394613 -0.31171 0.358736 0.366237 -0.315061 0.363925
0.395591 -0.311601 0.358562 0.367217 -0.314951 0.363751
0.39657 -0.311492 0.358388 0.368196 -0.314842 0.363577
0.397549 -0.311383 0.358214 0.369176 -0.314733 0.363404
0.398527 -0.311275 0.35804 0.370645 -0.314569 0.363143
0.399506 -0.311166 0.357866 0.371624 -0.31446 0.362969
0.400485 -0.311057 0.357692 0.372603 -0.31435 0.362795
0.401464 -0.310948 0.357518 0.373582 -0.314241 0.362622
0.402442 -0.31084 0.357344 0.374561 -0.314132 0.362448
0.403421 -0.310731 0.35717 0.37505 -0.314077 0.362361
0.4044 -0.310622 0.356996 0.376029 -0.313968 0.362187
0.405378 -0.310514 0.356822 0.377008 -0.313859 0.362014
0.406357 -0.310405 0.356648 0.377986 -0.31375 0.36184
0.407336 -0.310296 0.356474 0.378965 -0.313641 0.361666
0.408315 -0.310187 0.3563 0.380433 -0.313477 0.361406
0.409293 -0.310079 0.356126 0.381411 -0.313368 0.361232
0.410272 -0.30997 0.355952 0.38239 -0.313258 0.361059
0.411251 -0.309861 0.355778 0.382879 -0.313204 0.360972
0.41223 -0.309752 0.355604 0.383858 -0.313095 0.360798
0.413208 -0.309644 0.35543 0.384837 -0.312986 0.360624
0.414187 -0.309535 0.355256 0.385816 -0.312876 0.360451
0.415166 -0.309426 0.355082 0.386794 -0.312767 0.360277
0.416144 -0.309317 0.354908 0.387773 -0.312658 0.360103
0.417123 -0.309209 0.354734 0.388752 -0.312549 0.35993
0.418102 -0.3091 0.35456 0.389731 -0.31244 0.359756
0.419081 -0.308991 0.354386 0.39071 -0.312331 0.359582
0.420059 -0.308882 0.354212 0.391689 -0.312221 0.359409
0.421038 -0.308774 0.354038 0.392667 -0.312112 0.359235
0.422017 -0.308665 0.353864 0.393646 -0.312003 0.359061
0.422996 -0.308556 0.35369 0.394625 -0.311894 0.358887
0.423974 -0.308447 0.353516 0.395603 -0.311785 0.358714
0.424953 -0.308339 0.353342 0.396582 -0.311676 0.35854
0.425932 -0.30823 0.353168 0.39756 -0.311567 0.358366
0.42691 -0.308121 0.352994 0.398538 -0.311458 0.358193
0.427889 -0.308012 0.35282 0.399028 -0.311403 0.358106
0.428868 -0.307904 0.352646 0.400984 -0.311185 0.357759
0.429847 -0.307795 0.352472 0.401963 -0.311076 0.357585
0.430825 -0.307686 0.352298 0.402941 -0.310967 0.357411
0.431804 -0.307577 0.352124 0.403919 -0.310857 0.357238
0.432783 -0.307469 0.35195 0.404898 -0.310748 0.357064
0.433761 -0.30736 0.351776 0.405876 -0.310639 0.35689
0.43474 -0.307251 0.351602 0.406855 -0.31053 0.356717
0.435719 -0.307142 0.351428 0.407833 -0.310421 0.356543
0.436698 -0.307034 0.351254 0.408812 -0.310312 0.356369
0.437676 -0.306925 0.35108 0.409791 -0.310203 0.356195
0.438655 -0.306816 0.350906 0.41077 -0.310094 0.356022
0.439634 -0.306707 0.350732 0.411749 -0.309985 0.355848
0.440613 -0.306599 0.350558 0.412728 -0.309876 0.355674
0.441591 -0.30649 0.350384 0.413707 -0.309766 0.3555
0.44257 -0.306381 0.35021 0.414686 -0.309657 0.355327
0.443549 -0.306272 0.350036 0.415664 -0.309548 0.355153
0.444527 -0.306164 0.349862 0.416643 -0.309439 0.354979
0.445506 -0.306055 0.349688 0.417622 -0.30933 0.354805
0.446485 -0.305946 0.349514 0.418601 -0.309221 0.354632
0.447464 -0.305837 0.34934 0.419579 -0.309112 0.354458
0.448442 -0.305729 0.349166 0.420558 -0.309003 0.354284
0.449421 -0.30562 0.348992 0.421536 -0.308894 0.35411
0.4504 -0.305511 0.348818 0.422515 -0.308785 0.353937
0.451379 -0.305402 0.348644 0.423494 -0.308675 0.353763
0.452357 -0.305294 0.34847 0.424472 -0.308566 0.353589
0.453336 -0.305185 0.348296 0.425451 -0.308457 0.353415
0.454315 -0.305076 0.348122 0.42643 -0.308348 0.353242
0.455293 -0.304967 0.347948 0.427408 -0.308239 0.353068
0.456272 -0.304859 0.347774 0.427898 -0.308185 0.352981
0.457251 -0.30475 0.3476 0.429366 -0.308021 0.35272
0.45823 -0.304641 0.347426 0.430344 -0.307912 0.352547
0.459208 -0.304532 0.347252 0.431323 -0.307803 0.352373
0.460187 -0.304424 0.347078 0.432302 -0.307694 0.352199
0.461166 -0.304315 0.346904 0.43328 -0.307585 0.352025
0.462144 -0.304206 0.34673 0.434259 -0.307476 0.351852
0.463123 -0.304097 0.346556 0.435238 -0.307367 0.351678
0.464102 -0.303989 0.346382 0.436217 -0.307258 0.351504
0.465081 -0.30388 0.346208 0.437195 -0.307148 0.35133
0.466059 -0.303771 0.346034 0.438174 -0.307039 0.351157
0.467038 -0.303662 0.34586 0.439153 -0.30693 0.350983
0.468017 -0.303554 0.345686 0.440132 -0.306821 0.350809
0.468996 -0.303445 0.345512 0.44111 -0.306712 0.350635
0.469974 -0.303336 0.345338 0.442089 -0.306603 0.350461
0.470953 -0.303227 0.345164 0.443068 -0.306494 0.350288
0.471932 -0.303119 0.34499 0.444047 -0.306385 0.350114
0.47291 -0.30301 0.344816 0.445026 -0.306276 0.34994
0.473889 -0.302901 0.344642 0.446005 -0.306167 0.349766
0.474868 -0.302792 0.344468 0.446983 -0.306058 0.349592
0.475847 -0.302684 0.344294 0.447962 -0.305949 0.349418
0.476825 -0.302575 0.34412 0.448941 -0.30584 0.349245
0.477804 -0.302466 0.343946 0.44992 -0.305731 0.349071
0.478783 -0.302357 0.343772 0.450899 -0.305622 0.348897
0.479761 -0.302249 0.343598 0.451388 -0.305567 0.34881
0.48074 -0.30214 0.343424 0.454325 -0.30524 0.348289
0.481719 -0.302031 0.34325 0.455304 -0.305131 0.348115
0.482698 -0.301922 0.343076 0.456277 -0.305022 0.347942
0.483676 -0.301814 0.342902 0.457243 -0.304914 0.34777
0.484655 -0.301705 0.342728 0.458202 -0.304807 0.347599
0.485634 -0.301596 0.342554 0.459155 -0.3047 0.347429
0.486613 -0.301487 0.34238 0.460102 -0.304593 0.347259
0.487591 -0.301379 0.342206 0.461044 -0.304487 0.347091
0.48857 -0.30127 0.342032 0.461982 -0.304382 0.346923
0.489549 -0.301161 0.341858 0.462917 -0.304277 0.346756
0.490527 -0.301053 0.341684 0.463383 -0.304224 0.346673
0.491506 -0.300944 0.34151 0.464778 -0.304067 0.346423
0.492485 -0.300835 0.341336 0.465708 -0.303962 0.346257
0.493464 -0.300726 0.341162 0.466638 -0.303858 0.346091
0.494442 -0.300618 0.340988 0.467568 -0.303754 0.345925
0.495421 -0.300509 0.340814 0.468497 -0.303649 0.345759
0.4964 -0.3004 0.34064 0.469425 -0.303545 0.345593
0.497379 -0.300291 0.340466 0.470353 -0.303441 0.345428
0.498357 -0.300183 0.340292 0.470817 -0.303389 0.345345
0.499336 -0.300074 0.340118 0.471745 -0.303285 0.34518
0.500315 -0.299965 0.339944 0.473136 -0.30313 0.344932
0.499336 -0.300074 0.340118 0.4736 -0.303078 0.344849
0.500315 -0.299965 0.339944 0.474065 -0.303026 0.344766
0.499336 -0.300074 0.340118 0.474995 -0.302922 0.344601
0.500315 -0.299965 0.339944 0.476863 -0.302714 0.344269
0.499336 -0.300074 0.340118 0.477794 -0.30261 0.344103
0.500315 -0.299965 0.339944 0.478257 -0.302558 0.344021
0.499336 -0.300074 0.340118 0.479176 -0.302455 0.343857
0.500315 -0.299965 0.339944 0.480084 -0.302353 0.343695
0.499336 -0.300074 0.340118 0.481415 -0.302203 0.343456
0.500315 -0.299965 0.339944 0.482279 -0.302105 0.343301
0.499336 -0.300074 0.340118 0.483122 -0.302009 0.343148
0.500315 -0.299965 0.339944 0.483944 -0.301915 0.342999
0.499336 -0.300074 0.340118 0.484742 -0.301823 0.342854
0.500315 -0.299965 0.339944 0.485516 -0.301733 0.342713
0.499336 -0.300074 0.340118 0.486265 -0.301646 0.342576
0.500315 -0.299965 0.339944 0.486989 -0.301562 0.342443
0.499336 -0.300074 0.340118 0.487686 -0.30148 0.342314
0.500315 -0.299965 0.339944 0.488358 -0.301401 0.34219
0.499336 -0.300074 0.340118 0.489003 -0.301324 0.34207
0.500315 -0.299965 0.339944 0.489623 -0.301251 0.341955
0.499336 -0.300074 0.340118 0.490217 -0.30118 0.341844
0.500315 -0.299965 0.339944 0.490786 -0.301112 0.341738
0.499336 -0.300074 0.340118 0.49133 -0.301047 0.341636
0.500315 -0.299965 0.339944 0.491849 -0.300984 0.341538
0.499336 -0.300074 0.340118 0.492344 -0.300924 0.341445
0.500315 -0.299965 0.339944 0.492815 -0.300867 0.341356
0.499336 -0.300074 0.340118 0.493262 -0.300813 0.341271
0.500315 -0.299965 0.339944 0.493478 -0.300787 0.34123
0.499336 -0.300074 0.340118 0.49409 -0.300712 0.341114
0.500315 -0.299965 0.339944 0.494472 -0.300665 0.341042
0.499336 -0.300074 0.340118 0.494833 -0.300621 0.340973
0.500315 -0.299965 0.339944 0.495174 -0.300579 0.340908
0.499336 -0.300074 0.340118 0.495497 -0.30054 0.340846
0.500315 -0.299965 0.339944 0.495801 -0.300502 0.340788
0.499336 -0.300074 0.340118 0.496087 -0.300467 0.340734
0.500315 -0.299965 0.339944 0.496356 -0.300434 0.340682
0.499336 -0.300074 0.340118 0.496609 -0.300403 0.340634
0.500315 -0.299965 0.339944 0.49673 -0.300388 0.340611
0.499336 -0.300074 0.340118 0.496959 -0.30036 0.340567
0.500315 -0.299965 0.339944 0.497175 -0.300333 0.340526
0.499336 -0.300074 0.340118 0.497375 -0.300309 0.340487
0.500315 -0.299965 0.339944 0.497562 -0.300285 0.340451
0.499336 -0.300074 0.340118 0.497736 -0.300264 0.340418
0.500315 -0.299965 0.339944 0.497976 -0.300234 0.340372
0.499336 -0.300074 0.340118 0.498121 -0.300216 0.340344
0.500315 -0.299965 0.339944 0.498255 -0.3002 0.340318
0.499336 -0.300074 0.340118 0.49838 -0.300184 0.340294
0.500315 -0.299965 0.339944 0.498495 -0.30017 0.340272
0.499336 -0.300074 0.340118 0.498549 -0.300164 0.340262
0.500315 -0.299965 0.339944 0.498651 -0.300151 0.340242
0.499336 -0.300074 0.340118 0.498745 -0.30014 0.340225
0.500315 -0.299965 0.339944 0.498871 -0.300124 0.3402
0.499336 -0.300074 0.340118 0.498947 -0.300115 0.340186
0.500315 -0.299965 0.339944 0.499016 -0.300107 0.340173
0.499336 -0.300074 0.340118 0.499079 -0.300099 0.340161
