-0.399132 -0.399904 0.499846 -0.400113 -0.400011 0.500019
-0.398154 -0.399795 0.499672 -0.400113 -0.400011 0.500019
-0.397175 -0.399686 0.499498 -0.400113 -0.400011 0.500019
-0.396196 -0.399577 0.499324 -0.400113 -0.400011 0.500019
-0.395217 -0.399469 0.49915 -0.400113 -0.400011 0.500019
-0.394239 -0.39936 0.498976 -0.400107 -0.40001 0.500018
-0.39326 -0.399251 0.498802 -0.400093 -0.400008 0.500016
-0.392281 -0.399142 0.498628 -0.400067 -0.400006 0.500011
-0.391302 -0.399034 0.498454 -0.400049 -0.400004 0.500008
-0.390324 -0.398925 0.49828 -0.399931 -0.399991 0.499988
-0.389345 -0.398816 0.498106 -0.399842 -0.399982 0.499972
-0.388366 -0.398707 0.497932 -0.39973 -0.39997 0.499953
-0.387388 -0.398599 0.497758 -0.399594 -0.399956 0.499929
-0.386409 -0.39849 0.497584 -0.399433 -0.399939 0.499902
-0.38543 -0.398381 0.49741 -0.399246 -0.39992 0.49987
-0.384451 -0.398272 0.497236 -0.399032 -0.399898 0.499833
-0.383473 -0.398164 0.497062 -0.39879 -0.399874 0.499791
-0.382494 -0.398055 0.496888 -0.398521 -0.399846 0.499746
-0.381515 -0.397946 0.496714 -0.398225 -0.399817 0.499695
-0.380536 -0.397837 0.49654 -0.3979 -0.399784 0.49964
-0.379558 -0.397729 0.496366 -0.397549 -0.399749 0.49958
-0.378579 -0.39762 0.496192 -0.39717 -0.399711 0.499515
-0.3776 -0.397511 0.496018 -0.396764 -0.39967 0.499446
-0.376622 -0.397402 0.495844 -0.396331 -0.399627 0.499373
-0.375643 -0.397294 0.49567 -0.396105 -0.399605 0.499335
-0.374664 -0.397185 0.495496 -0.395634 -0.399558 0.499255
-0.373685 -0.397076 0.495322 -0.395389 -0.399534 0.499213
-0.372707 -0.396967 0.495148 -0.394618 -0.399457 0.499082
-0.371728 -0.396859 0.494974 -0.394073 -0.399403 0.49899
-0.370749 -0.39675 0.4948 -0.393503 -0.399346 0.498893
-0.369771 -0.396641 0.494626 -0.392908 -0.399287 0.498792
-0.368792 -0.396532 0.494452 -0.392288 -0.399226 0.498687
-0.367813 -0.396424 0.494278 -0.391646 -0.399162 0.498578
-0.366834 -0.396315 0.494104 -0.390982 -0.399096 0.498465
-0.365856 -0.396206 0.49393 -0.390297 -0.399028 0.498349
-0.364877 -0.396097 0.493756 -0.389594 -0.398958 0.498229
-0.363898 -0.395989 0.493582 -0.388874 -0.398886 0.498107
-0.362919 -0.39588 0.493408 -0.388138 -0.398812 0.497982
-0.361941 -0.395771 0.493234 -0.387386 -0.398736 0.497853
-0.360962 -0.395662 0.49306 -0.386619 -0.398659 0.497722
-0.359983 -0.395554 0.492886 -0.385839 -0.39858 0.497588
-0.359005 -0.395445 0.492712 -0.385046 -0.398499 0.497453
-0.358026 -0.395336 0.492538 -0.384243 -0.398417 0.497315
-0.357047 -0.395227 0.492364 -0.383428 -0.398333 0.497174
-0.356068 -0.395119 0.49219 -0.382603 -0.398248 0.497032
-0.35509 -0.39501 0.492016 -0.381767 -0.398162 0.496888
-0.354111 -0.394901 0.491842 -0.381344 -0.398118 0.496815
-0.353132 -0.394792 0.491668 -0.380491 -0.39803 0.496668
-0.352154 -0.394684 0.491494 -0.377875 -0.397757 0.496214
-0.351175 -0.394575 0.49132 -0.376984 -0.397664 0.49606
-0.350196 -0.394466 0.491146 -0.37609 -0.397569 0.495904
-0.349217 -0.394357 0.490972 -0.375195 -0.397475 0.495748
-0.348239 -0.394249 0.490798 -0.374299 -0.397379 0.495591
-0.34726 -0.39414 0.490624 -0.373401 -0.397283 0.495434
-0.346281 -0.394031 0.49045 -0.372501 -0.397186 0.495276
-0.345302 -0.393922 0.490276 -0.3716 -0.397089 0.495118
-0.344324 -0.393814 0.490102 -0.370243 -0.396942 0.494879
-0.343345 -0.393705 0.489928 -0.369337 -0.396843 0.494719
-0.342366 -0.393596 0.489754 -0.368429 -0.396744 0.494559
-0.341388 -0.393488 0.48958 -0.367519 -0.396645 0.494398
-0.340409 -0.393379 0.489406 -0.367063 -0.396595 0.494317
-0.33943 -0.39327 0.489232 -0.365693 -0.396445 0.494075
-0.338451 -0.393161 0.489058 -0.364776 -0.396344 0.493912
-0.337473 -0.393053 0.488884 -0.364318 -0.396294 0.493831
-0.336494 -0.392944 0.48871 -0.363398 -0.396192 0.493668
-0.335515 -0.392835 0.488536 -0.362014 -0.39604 0.493423
-0.334536 -0.392726 0.488362 -0.361089 -0.395938 0.493258
-0.333558 -0.392618 0.488188 -0.360161 -0.395835 0.493094
-0.332579 -0.392509 0.488014 -0.359696 -0.395784 0.493011
-0.3316 -0.3924 0.48784 -0.358765 -0.395681 0.492846
-0.330622 -0.392291 0.487666 -0.357832 -0.395578 0.49268
-0.329643 -0.392183 0.487492 -0.356896 -0.395475 0.492514
-0.328664 -0.392074 0.487318 -0.355958 -0.395371 0.492347
-0.327685 -0.391965 0.487144 -0.355017 -0.395267 0.49218
-0.326707 -0.391856 0.48697 -0.354074 -0.395162 0.492012
-0.325728 -0.391748 0.486796 -0.353129 -0.395058 0.491844
-0.324749 -0.391639 0.486622 -0.352182 -0.394953 0.491676
-0.323771 -0.39153 0.486448 -0.351233 -0.394848 0.491507
-0.322792 -0.391421 0.486274 -0.350281 -0.394743 0.491338
-0.321813 -0.391313 0.4861 -0.349328 -0.394637 0.491169
-0.320834 -0.391204 0.485926 -0.348373 -0.394532 0.490999
-0.319856 -0.391095 0.485752 -0.347416 -0.394426 0.490829
-0.318877 -0.390986 0.485578 -0.346458 -0.394319 0.490658
-0.317898 -0.390878 0.485404 -0.345498 -0.394213 0.490487
-0.316919 -0.390769 0.48523 -0.344537 -0.394107 0.490316
-0.315941 -0.39066 0.485056 -0.343574 -0.394 0.490145
-0.314962 -0.390551 0.484882 -0.34261 -0.393893 0.489974
-0.313983 -0.390443 0.484708 -0.341644 -0.393786 0.489802
-0.313005 -0.390334 0.484534 -0.340677 -0.393679 0.48963
-0.312026 -0.390225 0.48436 -0.33971 -0.393572 0.489458
-0.311047 -0.390116 0.484186 -0.338741 -0.393464 0.489285
-0.310068 -0.390008 0.484012 -0.337771 -0.393357 0.489113
-0.30909 -0.389899 0.483838 -0.336801 -0.393249 0.48894
-0.308111 -0.38979 0.483664 -0.335829 -0.393142 0.488767
-0.307132 -0.389681 0.48349 -0.334857 -0.393034 0.488594
-0.306153 -0.389573 0.483316 -0.333885 -0.392926 0.488421
-0.305175 -0.389464 0.483142 -0.332911 -0.392818 0.488248
-0.304196 -0.389355 0.482968 -0.331937 -0.39271 0.488074
-0.303217 -0.389246 0.482794 -0.33145 -0.392656 0.487987
-0.302239 -0.389138 0.48262 -0.329988 -0.392493 0.487727
-0.30126 -0.389029 0.482446 -0.329012 -0.392385 0.487553
-0.300281 -0.38892 0.482272 -0.327548 -0.392222 0.487293
-0.299302 -0.388811 0.482098 -0.326572 -0.392114 0.487119
-0.298324 -0.388703 0.481924 -0.326084 -0.39206 0.487032
-0.297345 -0.388594 0.48175 -0.32462 -0.391897 0.486771
-0.296366 -0.388485 0.481576 -0.324132 -0.391843 0.486684
-0.295388 -0.388376 0.481402 -0.323156 -0.391734 0.48651
-0.294409 -0.388268 0.481228 -0.32218 -0.391626 0.486336
-0.29343 -0.388159 0.481054 -0.321204 -0.391517 0.486162
-0.292451 -0.38805 0.48088 -0.320228 -0.391408 0.485988
-0.291473 -0.387941 0.480706 -0.319251 -0.3913 0.485814
-0.290494 -0.387833 0.480532 -0.318274 -0.391191 0.48564
-0.289515 -0.387724 0.480358 -0.317296 -0.391083 0.485466
-0.288536 -0.387615 0.480184 -0.316318 -0.390974 0.485292
-0.287558 -0.387506 0.48001 -0.315339 -0.390865 0.485117
-0.286579 -0.387398 0.479836 -0.314361 -0.390756 0.484943
-0.2856 -0.387289 0.479662 -0.313382 -0.390647 0.484769
-0.284622 -0.38718 0.479488 -0.312403 -0.390539 0.484594
-0.283643 -0.387071 0.479314 -0.311423 -0.39043 0.48442
-0.282664 -0.386963 0.47914 -0.310444 -0.390321 0.484245
-0.281685 -0.386854 0.478966 -0.309464 -0.390212 0.484071
-0.280707 -0.386745 0.478792 -0.308484 -0.390103 0.483896
-0.279728 -0.386636 0.478618 -0.307504 -0.389994 0.483721
-0.278749 -0.386528 0.478444 -0.306524 -0.389885 0.483547
-0.277771 -0.386419 0.47827 -0.305544 -0.389777 0.483372
-0.276792 -0.38631 0.478096 -0.304564 -0.389668 0.483198
-0.275813 -0.386201 0.477922 -0.303584 -0.389559 0.483023
-0.274834 -0.386093 0.477748 -0.302604 -0.38945 0.482848
-0.273856 -0.385984 0.477574 -0.301623 -0.389341 0.482674
-0.272877 -0.385875 0.4774 -0.300643 -0.389232 0.482499
-0.271898 -0.385766 0.477226 -0.299663 -0.389123 0.482324
-0.270919 -0.385658 0.477052 -0.298683 -0.389014 0.48215
-0.269941 -0.385549 0.476878 -0.297702 -0.388905 0.481975
-0.268962 -0.38544 0.476704 -0.297212 -0.388851 0.481888
-0.267983 -0.385331 0.47653 -0.295742 -0.388687 0.481626
-0.267005 -0.385223 0.476356 -0.294761 -0.388578 0.481451
-0.266026 -0.385114 0.476182 -0.29378 -0.388469 0.481276
-0.265047 -0.385005 0.476008 -0.292797 -0.38836 0.481101
-0.264068 -0.384896 0.475834 -0.292306 -0.388306 0.481014
-0.26309 -0.384788 0.47566 -0.290833 -0.388142 0.480752
-0.262111 -0.384679 0.475486 -0.289851 -0.388033 0.480577
-0.261132 -0.38457 0.475312 -0.288869 -0.387924 0.480402
-0.260153 -0.384461 0.475138 -0.287888 -0.387815 0.480227
-0.259175 -0.384353 0.474964 -0.286906 -0.387706 0.480052
-0.258196 -0.384244 0.47479 -0.285924 -0.387597 0.479877
-0.257217 -0.384135 0.474616 -0.284943 -0.387488 0.479702
-0.256239 -0.384027 0.474442 -0.283961 -0.387379 0.479528
-0.25526 -0.383918 0.474268 -0.282979 -0.38727 0.479353
-0.254281 -0.383809 0.474094 -0.281998 -0.387161 0.479178
-0.253302 -0.3837 0.47392 -0.281017 -0.387052 0.479003
-0.252324 -0.383592 0.473746 -0.280036 -0.386943 0.478828
-0.251345 -0.383483 0.473572 -0.279055 -0.386834 0.478654
-0.250366 -0.383374 0.473398 -0.278074 -0.386725 0.478479
-0.249388 -0.383265 0.473224 -0.277583 -0.386671 0.478391
-0.248409 -0.383157 0.47305 -0.276111 -0.386507 0.478129
-0.24743 -0.383048 0.472876 -0.27513 -0.386398 0.477954
-0.246451 -0.382939 0.472702 -0.27415 -0.386289 0.47778
-0.245473 -0.38283 0.472528 -0.273169 -0.38618 0.477605
-0.244494 -0.382722 0.472354 -0.272189 -0.386071 0.47743
-0.243515 -0.382613 0.47218 -0.271209 -0.385962 0.477256
-0.242536 -0.382504 0.472006 -0.270229 -0.385854 0.477081
-0.241558 -0.382395 0.471832 -0.269739 -0.385799 0.476994
-0.240579 -0.382287 0.471658 -0.26827 -0.385636 0.476732
-0.2396 -0.382178 0.471484 -0.267291 -0.385527 0.476558
-0.238622 -0.382069 0.471311 -0.266312 -0.385418 0.476383
-0.237643 -0.38196 0.471137 -0.265333 -0.38531 0.476209
-0.236664 -0.381852 0.470963 -0.264354 -0.385201 0.476034
-0.235685 -0.381743 0.470789 -0.263865 -0.385146 0.475947
-0.234707 -0.381634 0.470615 -0.262397 -0.384983 0.475686
-0.233728 -0.381525 0.470441 -0.261419 -0.384875 0.475511
-0.232749 -0.381417 0.470267 -0.260441 -0.384766 0.475337
-0.231771 -0.381308 0.470093 -0.259462 -0.384657 0.475163
-0.230792 -0.381199 0.469919 -0.258483 -0.384548 0.474988
-0.229813 -0.38109 0.469745 -0.257504 -0.38444 0.474814
-0.228834 -0.380982 0.469571 -0.256525 -0.384331 0.474639
-0.227856 -0.380873 0.469397 -0.255546 -0.384222 0.474465
-0.226877 -0.380764 0.469223 -0.254567 -0.384114 0.474291
-0.225898 -0.380655 0.469049 -0.253588 -0.384005 0.474116
-0.224919 -0.380547 0.468875 -0.25261 -0.383896 0.473942
-0.223941 -0.380438 0.468701 -0.251631 -0.383788 0.473768
-0.222962 -0.380329 0.468527 -0.250653 -0.383679 0.473593
-0.221983 -0.38022 0.468353 -0.249674 -0.38357 0.473419
-0.221005 -0.380112 0.468179 -0.248696 -0.383462 0.473245
-0.220026 -0.380003 0.468005 -0.247718 -0.383353 0.47307
-0.219047 -0.379894 0.467831 -0.24674 -0.383244 0.472896
-0.218068 -0.379785 0.467657 -0.245761 -0.383136 0.472722
-0.21709 -0.379677 0.467483 -0.244783 -0.383027 0.472548
-0.216111 -0.379568 0.467309 -0.243805 -0.382918 0.472373
-0.215132 -0.379459 0.467135 -0.242827 -0.38281 0.472199
-0.214153 -0.37935 0.466961 -0.241849 -0.382701 0.472025
-0.213175 -0.379242 0.466787 -0.240871 -0.382593 0.47185
-0.212196 -0.379133 0.466613 -0.239893 -0.382484 0.471676
-0.211217 -0.379024 0.466439 -0.238915 -0.382375 0.471502
-0.210239 -0.378915 0.466265 -0.237937 -0.382267 0.471328
-0.20926 -0.378807 0.466091 -0.236958 -0.382158 0.471153
-0.208281 -0.378698 0.465917 -0.23598 -0.38205 0.470979
-0.207302 -0.378589 0.465743 -0.235002 -0.381941 0.470805
-0.206324 -0.37848 0.465569 -0.234023 -0.381833 0.47063
-0.205345 -0.378372 0.465395 -0.233044 -0.381724 0.470456
-0.204366 -0.378263 0.465221 -0.232555 -0.38167 0.470369
-0.203388 -0.378154 0.465047 -0.231087 -0.381507 0.470107
-0.202409 -0.378045 0.464873 -0.230108 -0.381398 0.469933
-0.20143 -0.377937 0.464699 -0.22913 -0.38129 0.469759
-0.200451 -0.377828 0.464525 -0.228151 -0.381181 0.469584
-0.199473 -0.377719 0.464351 -0.227173 -0.381072 0.46941
-0.198494 -0.37761 0.464177 -0.226194 -0.380964 0.469236
-0.197515 -0.377502 0.464003 -0.225216 -0.380855 0.469061
-0.196536 -0.377393 0.463829 -0.224237 -0.380747 0.468887
-0.195558 -0.377284 0.463655 -0.223259 -0.380638 0.468713
-0.194579 -0.377175 0.463481 -0.22228 -0.380529 0.468538
-0.1936 -0.377067 0.463307 -0.221302 -0.380421 0.468364
-0.192622 -0.376958 0.463133 -0.220324 -0.380312 0.46819
-0.191643 -0.376849 0.462959 -0.219345 -0.380204 0.468015
-0.190664 -0.37674 0.462785 -0.218367 -0.380095 0.467841
-0.189685 -0.376632 0.462611 -0.217389 -0.379986 0.467667
-0.188707 -0.376523 0.462437 -0.21641 -0.379878 0.467492
-0.187728 -0.376414 0.462263 -0.215432 -0.379769 0.467318
-0.186749 -0.376305 0.462089 -0.214454 -0.379661 0.467143
-0.185771 -0.376197 0.461915 -0.213475 -0.379552 0.466969
-0.184792 -0.376088 0.461741 -0.212986 -0.379498 0.466882
-0.183813 -0.375979 0.461567 -0.211518 -0.379335 0.46662
-0.182834 -0.37587 0.461393 -0.21054 -0.379226 0.466446
-0.181856 -0.375762 0.461219 -0.209562 -0.379118 0.466272
-0.180877 -0.375653 0.461045 -0.208583 -0.379009 0.466097
-0.179898 -0.375544 0.460871 -0.207605 -0.3789 0.465923
-0.178919 -0.375435 0.460697 -0.206626 -0.378792 0.465749
-0.177941 -0.375327 0.460523 -0.205648 -0.378683 0.465574
-0.176962 -0.375218 0.460349 -0.204669 -0.378575 0.4654
-0.175983 -0.375109 0.460175 -0.203691 -0.378466 0.465225
-0.175005 -0.375001 0.460001 -0.202712 -0.378357 0.465051
-0.174026 -0.374892 0.459827 -0.201734 -0.378249 0.464877
-0.173047 -0.374783 0.459653 -0.200755 -0.37814 0.464702
-0.172068 -0.374674 0.459479 -0.199777 -0.378032 0.464528
-0.17109 -0.374566 0.459305 -0.198798 -0.377923 0.464354
-0.170111 -0.374457 0.459131 -0.19782 -0.377814 0.464179
-0.169132 -0.374348 0.458957 -0.196841 -0.377706 0.464005
-0.168153 -0.374239 0.458783 -0.196352 -0.377652 0.463918
-0.167175 -0.374131 0.458609 -0.195863 -0.377597 0.46383
-0.166196 -0.374022 0.458435 -0.194884 -0.377489 0.463656
-0.165217 -0.373913 0.458261 -0.192927 -0.377271 0.463307
-0.164239 -0.373804 0.458087 -0.191949 -0.377163 0.463133
-0.16326 -0.373696 0.457913 -0.19097 -0.377054 0.462958
-0.162281 -0.373587 0.457739 -0.190481 -0.377 0.462871
-0.161302 -0.373478 0.457565 -0.189013 -0.376837 0.462609
-0.160324 -0.373369 0.457391 -0.188035 -0.376728 0.462435
-0.159345 -0.373261 0.457217 -0.187056 -0.37662 0.462261
-0.158366 -0.373152 0.457043 -0.186078 -0.376511 0.462086
-0.157388 -0.373043 0.456869 -0.185099 -0.376403 0.461912
-0.156409 -0.372934 0.456695 -0.184121 -0.376294 0.461737
-0.15543 -0.372826 0.456521 -0.183142 -0.376185 0.461563
-0.154451 -0.372717 0.456347 -0.182163 -0.376077 0.461388
-0.153473 -0.372608 0.456173 -0.181185 -0.375968 0.461214
-0.152494 -0.372499 0.455999 -0.180696 -0.375914 0.461127
-0.151515 -0.372391 0.455825 -0.180206 -0.37586 0.461039
-0.150536 -0.372282 0.455651 -0.178249 -0.375642 0.460691
-0.149558 -0.372173 0.455477 -0.177271 -0.375534 0.460516
-0.148579 -0.372064 0.455303 -0.176292 -0.375425 0.460342
-0.1476 -0.371956 0.455129 -0.175314 -0.375317 0.460167
-0.146622 -0.371847 0.454955 -0.174335 -0.375208 0.459993
-0.145643 -0.371738 0.454781 -0.173357 -0.375099 0.459818
-0.144664 -0.371629 0.454607 -0.172379 -0.374991 0.459644
-0.143685 -0.371521 0.454433 -0.1714 -0.374882 0.45947
-0.142707 -0.371412 0.454259 -0.169933 -0.374719 0.459208
-0.141728 -0.371303 0.454085 -0.168955 -0.374611 0.459033
-0.140749 -0.371194 0.453911 -0.167977 -0.374502 0.458859
-0.139771 -0.371086 0.453737 -0.167488 -0.374448 0.458772
-0.138792 -0.370977 0.453563 -0.16651 -0.374339 0.458598
-0.137813 -0.370868 0.453389 -0.165533 -0.374231 0.458423
-0.136834 -0.370759 0.453215 -0.164555 -0.374122 0.458249
-0.135856 -0.370651 0.453041 -0.163578 -0.374014 0.458075
-0.134877 -0.370542 0.452867 -0.162112 -0.373851 0.457813
-0.133898 -0.370433 0.452693 -0.161623 -0.373797 0.457726
-0.132919 -0.370324 0.452519 -0.160645 -0.373688 0.457552
-0.131941 -0.370216 0.452345 -0.159668 -0.37358 0.457377
-0.130962 -0.370107 0.452171 -0.15869 -0.373471 0.457203
-0.129983 -0.369998 0.451997 -0.157713 -0.373363 0.457029
-0.129005 -0.369889 0.451823 -0.156735 -0.373254 0.456854
-0.128026 -0.369781 0.451649 -0.155757 -0.373146 0.45668
-0.127047 -0.369672 0.451475 -0.154779 -0.373037 0.456506
-0.126068 -0.369563 0.451301 -0.153801 -0.372928 0.456331
-0.12509 -0.369454 0.451127 -0.152823 -0.37282 0.456157
-0.124111 -0.369346 0.450953 -0.151845 -0.372711 0.455982
-0.123132 -0.369237 0.450779 -0.150867 -0.372603 0.455808
-0.122153 -0.369128 0.450605 -0.149889 -0.372494 0.455634
-0.121175 -0.369019 0.450431 -0.148911 -0.372386 0.455459
-0.120196 -0.368911 0.450257 -0.147933 -0.372277 0.455285
-0.119217 -0.368802 0.450083 -0.146954 -0.372169 0.45511
-0.118239 -0.368693 0.449909 -0.145976 -0.37206 0.454936
-0.11726 -0.368584 0.449735 -0.144998 -0.371952 0.454761
-0.116281 -0.368476 0.449561 -0.144019 -0.371843 0.454587
-0.115302 -0.368367 0.449387 -0.143041 -0.371734 0.454412
-0.114324 -0.368258 0.449213 -0.142062 -0.371626 0.454238
-0.113345 -0.368149 0.449039 -0.141084 -0.371517 0.454063
-0.112366 -0.368041 0.448865 -0.140105 -0.371409 0.453889
-0.111388 -0.367932 0.448691 -0.139126 -0.3713 0.453714
-0.110409 -0.367823 0.448517 -0.138148 -0.371192 0.45354
-0.10943 -0.367714 0.448343 -0.137658 -0.371137 0.453453
-0.108451 -0.367606 0.448169 -0.13619 -0.370974 0.453191
-0.107473 -0.367497 0.447995 -0.135211 -0.370866 0.453016
-0.106494 -0.367388 0.447821 -0.134722 -0.370811 0.452929
-0.105515 -0.367279 0.447647 -0.133253 -0.370649 0.452667
-0.104536 -0.367171 0.447473 -0.132274 -0.37054 0.452492
-0.103558 -0.367062 0.447299 -0.131295 -0.370431 0.452318
-0.102579 -0.366953 0.447125 -0.130316 -0.370323 0.452143
-0.1016 -0.366844 0.446951 -0.129337 -0.370214 0.451969
-0.100622 -0.366736 0.446777 -0.128358 -0.370105 0.451794
-0.0996428 -0.366627 0.446603 -0.126892 -0.369943 0.451532
-0.0986641 -0.366518 0.446429 -0.125915 -0.369834 0.451358
-0.0976854 -0.366409 0.446255 -0.125426 -0.36978 0.451271
-0.0967067 -0.366301 0.446081 -0.124449 -0.369671 0.451097
-0.0957279 -0.366192 0.445907 -0.123473 -0.369563 0.450922
-0.0947492 -0.366083 0.445733 -0.122496 -0.369454 0.450748
-0.0937705 -0.365974 0.445559 -0.122008 -0.3694 0.450661
-0.0927918 -0.365866 0.445385 -0.120543 -0.369237 0.4504
-0.091813 -0.365757 0.445211 -0.119567 -0.369129 0.450226
-0.0908343 -0.365648 0.445037 -0.11859 -0.369021 0.450051
-0.0898556 -0.36554 0.444863 -0.117613 -0.368912 0.449877
-0.0888769 -0.365431 0.444689 -0.116636 -0.368804 0.449703
-0.0878982 -0.365322 0.444515 -0.11566 -0.368695 0.449529
-0.0869194 -0.365213 0.444341 -0.114683 -0.368587 0.449354
-0.0859407 -0.365105 0.444167 -0.113706 -0.368478 0.44918
-0.084962 -0.364996 0.443993 -0.112729 -0.36837 0.449006
-0.0839833 -0.364887 0.443819 -0.111752 -0.368261 0.448832
-0.0830045 -0.364778 0.443645 -0.110775 -0.368153 0.448657
-0.0820258 -0.36467 0.443471 -0.109797 -0.368045 0.448483
-0.0810471 -0.364561 0.443297 -0.10882 -0.367936 0.448309
-0.0800684 -0.364452 0.443123 -0.107842 -0.367828 0.448134
-0.0790896 -0.364343 0.442949 -0.106864 -0.367719 0.44796
-0.0781109 -0.364235 0.442775 -0.105886 -0.367611 0.447785
-0.0771322 -0.364126 0.442601 -0.104907 -0.367502 0.447611
-0.0761535 -0.364017 0.442427 -0.103929 -0.367394 0.447436
-0.0751747 -0.363908 0.442253 -0.10295 -0.367285 0.447262
-0.074196 -0.3638 0.442079 -0.101971 -0.367177 0.447087
-0.0732173 -0.363691 0.441905 -0.100993 -0.367068 0.446912
-0.0722386 -0.363582 0.441731 -0.100014 -0.366959 0.446738
-0.0712599 -0.363473 0.441557 -0.0990347 -0.366851 0.446563
-0.0702811 -0.363365 0.441383 -0.0980556 -0.366742 0.446389
-0.0693024 -0.363256 0.441209 -0.0975661 -0.366688 0.446301
-0.0683237 -0.363147 0.441035 -0.0960974 -0.366525 0.446039
-0.067345 -0.363038 0.440861 -0.0951182 -0.366417 0.445865
-0.0663662 -0.36293 0.440687 -0.0941391 -0.366308 0.44569
-0.0653875 -0.362821 0.440513 -0.0931599 -0.366199 0.445515
-0.0644088 -0.362712 0.440339 -0.0921807 -0.366091 0.445341
-0.0634301 -0.362603 0.440165 -0.0912015 -0.365982 0.445166
-0.0624513 -0.362495 0.439991 -0.0902224 -0.365874 0.444991
-0.0614726 -0.362386 0.439817 -0.0892432 -0.365765 0.444817
-0.0604939 -0.362277 0.439643 -0.0882641 -0.365656 0.444642
-0.0595152 -0.362168 0.439469 -0.087285 -0.365548 0.444467
-0.0585364 -0.36206 0.439295 -0.0863059 -0.365439 0.444293
-0.0575577 -0.361951 0.439121 -0.0853268 -0.36533 0.444118
-0.056579 -0.361842 0.438947 -0.0843478 -0.365222 0.443943
-0.0556003 -0.361733 0.438773 -0.0833688 -0.365113 0.443769
-0.0546216 -0.361625 0.438599 -0.0823898 -0.365005 0.443594
-0.0536428 -0.361516 0.438425 -0.0814109 -0.364896 0.44342
-0.0526641 -0.361407 0.438251 -0.080432 -0.364787 0.443245
-0.0516854 -0.361298 0.438077 -0.0794531 -0.364679 0.44307
-0.0507067 -0.36119 0.437903 -0.0784743 -0.36457 0.442896
-0.0497279 -0.361081 0.437729 -0.0774955 -0.364462 0.442721
-0.0487492 -0.360972 0.437555 -0.0765167 -0.364353 0.442547
-0.0477705 -0.360863 0.437381 -0.0755381 -0.364244 0.442372
-0.0467918 -0.360755 0.437207 -0.0745597 -0.364136 0.442197
-0.045813 -0.360646 0.437033 -0.0735816 -0.364027 0.442023
-0.0448343 -0.360537 0.436859 -0.0726036 -0.363919 0.441848
-0.0438556 -0.360428 0.436685 -0.0716255 -0.36381 0.441674
-0.0428769 -0.36032 0.436511 -0.0706473 -0.363702 0.4415
-0.0418981 -0.360211 0.436337 -0.0696692 -0.363593 0.441325
-0.0409194 -0.360102 0.436163 -0.068691 -0.363484 0.441151
-0.0399407 -0.359993 0.435989 -0.0677128 -0.363376 0.440976
-0.038962 -0.359885 0.435815 -0.0667346 -0.363267 0.440802
-0.0379833 -0.359776 0.435641 -0.0657563 -0.363159 0.440627
-0.0370045 -0.359667 0.435467 -0.0647781 -0.36305 0.440453
-0.0360258 -0.359558 0.435293 -0.0637998 -0.362942 0.440278
-0.0350471 -0.35945 0.435119 -0.0628216 -0.362833 0.440104
-0.0340684 -0.359341 0.434945 -0.0618433 -0.362725 0.439929
-0.0330896 -0.359232 0.434771 -0.0608651 -0.362616 0.439755
-0.0321109 -0.359123 0.434597 -0.060376 -0.362562 0.439667
-0.0311322 -0.359015 0.434424 -0.0589086 -0.362399 0.439406
-0.0301535 -0.358906 0.43425 -0.0579303 -0.36229 0.439231
-0.0291747 -0.358797 0.434076 -0.0569521 -0.362182 0.439057
-0.028196 -0.358688 0.433902 -0.0559739 -0.362073 0.438882
-0.0272173 -0.35858 0.433728 -0.0549956 -0.361965 0.438708
-0.0262386 -0.358471 0.433554 -0.0540174 -0.361856 0.438533
-0.0252598 -0.358362 0.43338 -0.0530392 -0.361748 0.438359
-0.0242811 -0.358253 0.433206 -0.052061 -0.361639 0.438184
-0.0233024 -0.358145 0.433032 -0.0510828 -0.361531 0.43801
-0.0223237 -0.358036 0.432858 -0.0501047 -0.361422 0.437836
-0.021345 -0.357927 0.432684 -0.0491265 -0.361314 0.437661
-0.0203662 -0.357818 0.43251 -0.0481484 -0.361205 0.437487
-0.0193875 -0.35771 0.432336 -0.0471702 -0.361097 0.437312
-0.0184088 -0.357601 0.432162 -0.0461921 -0.360988 0.437138
-0.0174301 -0.357492 0.431988 -0.045214 -0.36088 0.436963
-0.0164513 -0.357383 0.431814 -0.0442359 -0.360771 0.436789
-0.0154726 -0.357275 0.43164 -0.0432578 -0.360663 0.436615
-0.0144939 -0.357166 0.431466 -0.0422797 -0.360554 0.43644
-0.0135152 -0.357057 0.431292 -0.0413016 -0.360446 0.436266
-0.0125364 -0.356948 0.431118 -0.0403236 -0.360337 0.436091
-0.0115577 -0.35684 0.430944 -0.0393455 -0.360229 0.435917
-0.010579 -0.356731 0.43077 -0.0383675 -0.36012 0.435742
-0.00960027 -0.356622 0.430596 -0.0373895 -0.360012 0.435568
-0.00862155 -0.356514 0.430422 -0.0364115 -0.359903 0.435394
-0.00764283 -0.356405 0.430248 -0.0354334 -0.359795 0.435219
-0.0066641 -0.356296 0.430074 -0.0344555 -0.359686 0.435045
-0.00568538 -0.356187 0.4299 -0.0334775 -0.359578 0.434871
-0.00470666 -0.356079 0.429726 -0.0324995 -0.359469 0.434696
-0.00372793 -0.35597 0.429552 -0.0315215 -0.359361 0.434522
-0.00274921 -0.355861 0.429378 -0.0305435 -0.359252 0.434348
-0.00177049 -0.355752 0.429204 -0.0295656 -0.359144 0.434173
-0.000791762 -0.355644 0.42903 -0.0285876 -0.359035 0.433999
0.000186962 -0.355535 0.428856 -0.0276097 -0.358927 0.433824
0.00116569 -0.355426 0.428682 -0.0266318 -0.358818 0.43365
0.00214441 -0.355317 0.428508 -0.0256538 -0.35871 0.433476
0.00312313 -0.355209 0.428334 -0.0246759 -0.358601 0.433301
0.00410186 -0.3551 0.42816 -0.023698 -0.358493 0.433127
0.00508058 -0.354991 0.427986 -0.0232091 -0.358439 0.43304
0.0060593 -0.354882 0.427812 -0.0217422 -0.358276 0.432779
0.00703803 -0.354774 0.427638 -0.0207643 -0.358168 0.432604
0.00801675 -0.354665 0.427464 -0.0197864 -0.358059 0.43243
0.00899547 -0.354556 0.42729 -0.0188085 -0.357951 0.432256
0.0099742 -0.354447 0.427116 -0.0178306 -0.357842 0.432081
0.0109529 -0.354339 0.426942 -0.0168527 -0.357734 0.431907
0.0119316 -0.35423 0.426768 -0.0158749 -0.357625 0.431733
0.0129104 -0.354121 0.426594 -0.014897 -0.357517 0.431558
0.0138891 -0.354012 0.42642 -0.0139191 -0.357408 0.431384
0.0148678 -0.353904 0.426246 -0.0129412 -0.3573 0.43121
0.0158465 -0.353795 0.426072 -0.0119634 -0.357191 0.431036
0.0168253 -0.353686 0.425898 -0.0109855 -0.357083 0.430861
0.017804 -0.353577 0.425724 -0.0100076 -0.356974 0.430687
0.0187827 -0.353469 0.42555 -0.00902978 -0.356866 0.430513
0.0197614 -0.35336 0.425376 -0.00805192 -0.356757 0.430339
0.0207402 -0.353251 0.425202 -0.00707406 -0.356649 0.430164
0.0217189 -0.353142 0.425028 -0.00609621 -0.35654 0.42999
0.0226976 -0.353034 0.424854 -0.00511835 -0.356432 0.429816
0.0236763 -0.352925 0.42468 -0.0041405 -0.356324 0.429642
0.024655 -0.352816 0.424506 -0.00316265 -0.356215 0.429467
0.0256338 -0.352707 0.424332 -0.0021848 -0.356107 0.429293
0.0266125 -0.352599 0.424158 -0.00120695 -0.355998 0.429119
0.0275912 -0.35249 0.423984 -0.000718027 -0.355944 0.429032
0.0285699 -0.352381 0.42381 0.000748745 -0.355781 0.42877
0.0295487 -0.352272 0.423636 0.00172659 -0.355673 0.428596
0.0305274 -0.352164 0.423462 0.00270444 -0.355564 0.428422
0.0315061 -0.352055 0.423288 0.00368229 -0.355456 0.428248
0.0324848 -0.351946 0.423114 0.00466013 -0.355347 0.428074
0.0334636 -0.351837 0.42294 0.00563797 -0.355239 0.427899
0.0344423 -0.351729 0.422766 0.00661582 -0.35513 0.427725
0.035421 -0.35162 0.422592 0.00759367 -0.355022 0.427551
0.0363997 -0.351511 0.422418 0.00857152 -0.354913 0.427377
0.0373785 -0.351402 0.422244 0.00954937 -0.354805 0.427203
0.0383572 -0.351294 0.42207 0.0105272 -0.354696 0.427029
0.0393359 -0.351185 0.421896 0.0115051 -0.354588 0.426854
0.0403146 -0.351076 0.421722 0.0124829 -0.354479 0.42668
0.0412933 -0.350967 0.421548 0.0134608 -0.354371 0.426506
0.0422721 -0.350859 0.421374 0.0144387 -0.354262 0.426332
0.0432508 -0.35075 0.4212 0.0154165 -0.354154 0.426158
0.0442295 -0.350641 0.421026 0.0163944 -0.354045 0.425984
0.0452082 -0.350532 0.420852 0.0173723 -0.353937 0.42581
0.046187 -0.350424 0.420678 0.0183501 -0.353828 0.425636
0.0471657 -0.350315 0.420504 0.019328 -0.35372 0.425461
0.0481444 -0.350206 0.42033 0.0203059 -0.353612 0.425287
0.0491231 -0.350097 0.420156 0.0212838 -0.353503 0.425113
0.0501019 -0.349989 0.419982 0.0222617 -0.353395 0.424939
0.0510806 -0.34988 0.419808 0.0232395 -0.353286 0.424765
0.0520593 -0.349771 0.419634 0.0242174 -0.353178 0.424591
0.053038 -0.349662 0.41946 0.0251953 -0.353069 0.424417
0.0540168 -0.349554 0.419286 0.0261732 -0.352961 0.424243
0.0549955 -0.349445 0.419112 0.0271511 -0.352852 0.424069
0.0559742 -0.349336 0.418938 0.028129 -0.352744 0.423895
0.0569529 -0.349227 0.418764 0.0291069 -0.352635 0.423721
0.0579316 -0.349119 0.41859 0.0300848 -0.352526 0.423546
0.0589104 -0.34901 0.418416 0.0310627 -0.352418 0.423372
0.0598891 -0.348901 0.418242 0.0320406 -0.352309 0.423198
0.0608678 -0.348792 0.418068 0.0330185 -0.352201 0.423024
0.0618465 -0.348684 0.417894 0.0339964 -0.352092 0.42285
0.0628253 -0.348575 0.41772 0.0349744 -0.351984 0.422676
0.063804 -0.348466 0.417546 0.0359523 -0.351875 0.422502
0.0647827 -0.348357 0.417372 0.0369302 -0.351767 0.422328
0.0657614 -0.348249 0.417198 0.0379081 -0.351658 0.422154
0.0667402 -0.34814 0.417024 0.0388861 -0.35155 0.42198
0.0677189 -0.348031 0.41685 0.039864 -0.351441 0.421806
0.0686976 -0.347922 0.416676 0.040842 -0.351333 0.421632
0.0696763 -0.347814 0.416502 0.0418199 -0.351224 0.421458
0.0706551 -0.347705 0.416328 0.0427979 -0.351116 0.421284
0.0716338 -0.347596 0.416154 0.0437759 -0.351007 0.42111
0.0726125 -0.347487 0.41598 0.0442649 -0.350953 0.421023
0.0735912 -0.347379 0.415806 0.0457319 -0.35079 0.420762
0.0745699 -0.34727 0.415632 0.0467099 -0.350681 0.420588
0.0755487 -0.347161 0.415458 0.0476878 -0.350573 0.420414
0.0765274 -0.347053 0.415284 0.0486658 -0.350464 0.42024
0.0775061 -0.346944 0.41511 0.0496438 -0.350356 0.420067
0.0784848 -0.346835 0.414936 0.0506218 -0.350247 0.419893
0.0794636 -0.346726 0.414762 0.0515998 -0.350139 0.419719
0.0804423 -0.346618 0.414588 0.0525778 -0.35003 0.419545
0.081421 -0.346509 0.414414 0.0535558 -0.349921 0.419371
0.0823997 -0.3464 0.41424 0.0545338 -0.349813 0.419197
0.0833785 -0.346291 0.414066 0.0555118 -0.349704 0.419023
0.0843572 -0.346183 0.413892 0.0564898 -0.349596 0.418849
0.0853359 -0.346074 0.413718 0.0574678 -0.349487 0.418675
0.0863146 -0.345965 0.413544 0.0584458 -0.349378 0.418501
0.0872934 -0.345856 0.41337 0.0594238 -0.34927 0.418327
0.0882721 -0.345748 0.413196 0.0599128 -0.349215 0.41824
0.0892508 -0.345639 0.413022 0.0613799 -0.349053 0.41798
0.0902295 -0.34553 0.412848 0.0623579 -0.348944 0.417806
0.0912082 -0.345421 0.412674 0.0633359 -0.348835 0.417632
0.092187 -0.345313 0.4125 0.0643139 -0.348727 0.417458
0.0931657 -0.345204 0.412326 0.065292 -0.348618 0.417284
0.0941444 -0.345095 0.412152 0.06627 -0.348509 0.41711
0.0951231 -0.344986 0.411978 0.0672481 -0.348401 0.416936
0.0961019 -0.344878 0.411804 0.0682261 -0.348292 0.416763
0.0970806 -0.344769 0.41163 0.0692042 -0.348184 0.416589
0.0980593 -0.34466 0.411456 0.0701822 -0.348075 0.416415
0.099038 -0.344551 0.411282 0.0711603 -0.347966 0.416241
0.100017 -0.344443 0.411108 0.0721383 -0.347858 0.416067
0.100995 -0.344334 0.410934 0.0731164 -0.347749 0.415894
0.101974 -0.344225 0.41076 0.0740945 -0.34764 0.41572
0.102953 -0.344116 0.410586 0.0750726 -0.347532 0.415546
0.103932 -0.344008 0.410412 0.0760507 -0.347423 0.415372
0.10491 -0.343899 0.410238 0.0770287 -0.347314 0.415198
0.105889 -0.34379 0.410064 0.0780068 -0.347206 0.415025
0.106868 -0.343681 0.40989 0.078985 -0.347097 0.414851
0.107847 -0.343573 0.409716 0.0799631 -0.346988 0.414677
0.108825 -0.343464 0.409542 0.0809412 -0.34688 0.414503
0.109804 -0.343355 0.409368 0.0819193 -0.346771 0.414329
0.110783 -0.343246 0.409194 0.0828978 -0.346662 0.414156
0.111761 -0.343138 0.40902 0.0838776 -0.346553 0.413982
0.11274 -0.343029 0.408846 0.0848584 -0.346445 0.413807
0.113719 -0.34292 0.408672 0.0858393 -0.346336 0.413633
0.114698 -0.342811 0.408498 0.0868199 -0.346227 0.413459
0.115676 -0.342703 0.408324 0.0878001 -0.346118 0.413285
0.116655 -0.342594 0.40815 0.0887801 -0.346009 0.413111
0.117634 -0.342485 0.407976 0.0897598 -0.3459 0.412937
0.118613 -0.342376 0.407802 0.0907392 -0.345791 0.412763
0.119591 -0.342268 0.407628 0.0917184 -0.345683 0.412589
0.12057 -0.342159 0.407454 0.0926974 -0.345574 0.412415
0.121549 -0.34205 0.40728 0.0936763 -0.345465 0.412241
0.122527 -0.341941 0.407106 0.0946549 -0.345356 0.412068
0.123506 -0.341833 0.406932 0.0956335 -0.345247 0.411894
0.124485 -0.341724 0.406758 0.0966119 -0.345138 0.41172
0.125464 -0.341615 0.406584 0.0971011 -0.345084 0.411633
0.126442 -0.341506 0.40641 0.0985684 -0.344921 0.411373
0.127421 -0.341398 0.406236 0.0995465 -0.344812 0.411199
0.1284 -0.341289 0.406062 0.100525 -0.344703 0.411025
0.129378 -0.34118 0.405888 0.101503 -0.344594 0.410852
0.130357 -0.341071 0.405714 0.10248 -0.344485 0.410678
0.131336 -0.340963 0.40554 0.103458 -0.344377 0.410505
0.132315 -0.340854 0.405366 0.104436 -0.344268 0.410331
0.133293 -0.340745 0.405192 0.104925 -0.344213 0.410244
0.134272 -0.340636 0.405018 0.106392 -0.34405 0.409984
0.135251 -0.340528 0.404844 0.107369 -0.343941 0.40981
0.13623 -0.340419 0.40467 0.108347 -0.343833 0.409637
0.137208 -0.34031 0.404496 0.109325 -0.343724 0.409463
0.138187 -0.340201 0.404322 0.110303 -0.343615 0.40929
0.139166 -0.340093 0.404148 0.11128 -0.343506 0.409116
0.140144 -0.339984 0.403974 0.112258 -0.343397 0.408943
0.141123 -0.339875 0.4038 0.113236 -0.343288 0.408769
0.142102 -0.339766 0.403626 0.114213 -0.34318 0.408596
0.143081 -0.339658 0.403452 0.115191 -0.343071 0.408422
0.144059 -0.339549 0.403278 0.116169 -0.342962 0.408249
0.145038 -0.33944 0.403104 0.117147 -0.342853 0.408075
0.146017 -0.339331 0.40293 0.118124 -0.342744 0.407902
0.146995 -0.339223 0.402756 0.119102 -0.342635 0.407728
0.147974 -0.339114 0.402582 0.12008 -0.342527 0.407555
0.148953 -0.339005 0.402408 0.121057 -0.342418 0.407382
0.149932 -0.338896 0.402234 0.122035 -0.342309 0.407208
0.15091 -0.338788 0.40206 0.123013 -0.3422 0.407035
0.151889 -0.338679 0.401886 0.123991 -0.342091 0.406861
0.152868 -0.33857 0.401712 0.124968 -0.341982 0.406688
0.153847 -0.338461 0.401538 0.125946 -0.341874 0.406514
0.154825 -0.338353 0.401364 0.126924 -0.341765 0.406341
0.155804 -0.338244 0.40119 0.127902 -0.341656 0.406167
0.156783 -0.338135 0.401016 0.12888 -0.341547 0.405994
0.157761 -0.338027 0.400842 0.129858 -0.341438 0.40582
0.15874 -0.337918 0.400668 0.130836 -0.341329 0.405647
0.159719 -0.337809 0.400494 0.131814 -0.34122 0.405473
0.160698 -0.3377 0.40032 0.132792 -0.341111 0.4053
0.161676 -0.337592 0.400146 0.13377 -0.341002 0.405127
0.162655 -0.337483 0.399972 0.134748 -0.340894 0.404953
0.163634 -0.337374 0.399798 0.135727 -0.340785 0.40478
0.164613 -0.337265 0.399624 0.136705 -0.340676 0.404606
0.165591 -0.337157 0.39945 0.137683 -0.340567 0.404433
0.16657 -0.337048 0.399276 0.13866 -0.340458 0.404259
0.167549 -0.336939 0.399102 0.139636 -0.340349 0.404086
0.168527 -0.33683 0.398928 0.140612 -0.34024 0.403913
0.169506 -0.336722 0.398754 0.141589 -0.340131 0.40374
0.170485 -0.336613 0.39858 0.142566 -0.340022 0.403567
0.171464 -0.336504 0.398406 0.143543 -0.339914 0.403394
0.172442 -0.336395 0.398232 0.14452 -0.339805 0.40322
0.173421 -0.336287 0.398058 0.145497 -0.339696 0.403047
0.1744 -0.336178 0.397884 0.146474 -0.339587 0.402874
0.175378 -0.336069 0.39771 0.147451 -0.339478 0.402701
0.176357 -0.33596 0.397536 0.148428 -0.339369 0.402527
0.177336 -0.335852 0.397363 0.149405 -0.33926 0.402354
0.178315 -0.335743 0.397189 0.150383 -0.339151 0.402181
0.179293 -0.335634 0.397015 0.151361 -0.339042 0.402007
0.180272 -0.335525 0.396841 0.152338 -0.338934 0.401834
0.181251 -0.335417 0.396667 0.153316 -0.338825 0.401661
0.18223 -0.335308 0.396493 0.154294 -0.338716 0.401487
0.183208 -0.335199 0.396319 0.155273 -0.338607 0.401314
0.184187 -0.33509 0.396145 0.156251 -0.338498 0.401141
0.185166 -0.334982 0.395971 0.157229 -0.338389 0.400967
0.186144 -0.334873 0.395797 0.158207 -0.33828 0.400794
0.187123 -0.334764 0.395623 0.159186 -0.338171 0.40062
0.188102 -0.334655 0.395449 0.160165 -0.338062 0.400447
0.189081 -0.334547 0.395275 0.161143 -0.337953 0.400273
0.190059 -0.334438 0.395101 0.162122 -0.337843 0.4001
0.191038 -0.334329 0.394927 0.163101 -0.337734 0.399927
0.192017 -0.33422 0.394753 0.16408 -0.337625 0.399753
0.192995 -0.334112 0.394579 0.164569 -0.337571 0.399666
0.193974 -0.334003 0.394405 0.166038 -0.337407 0.399406
0.194953 -0.333894 0.394231 0.167017 -0.337298 0.399233
0.195932 -0.333785 0.394057 0.167996 -0.337189 0.399059
0.19691 -0.333677 0.393883 0.168975 -0.33708 0.398885
0.197889 -0.333568 0.393709 0.169954 -0.336971 0.398712
0.198868 -0.333459 0.393535 0.170933 -0.336861 0.398538
0.199847 -0.33335 0.393361 0.171912 -0.336752 0.398365
0.200825 -0.333242 0.393187 0.172892 -0.336643 0.398191
0.201804 -0.333133 0.393013 0.173871 -0.336534 0.398018
0.202783 -0.333024 0.392839 0.17485 -0.336425 0.397844
0.203761 -0.332915 0.392665 0.175829 -0.336316 0.397671
0.20474 -0.332807 0.392491 0.176808 -0.336206 0.397497
0.205719 -0.332698 0.392317 0.177787 -0.336097 0.397324
0.206698 -0.332589 0.392143 0.178766 -0.335988 0.39715
0.207676 -0.33248 0.391969 0.179745 -0.335879 0.396977
0.208655 -0.332372 0.391795 0.180725 -0.33577 0.396803
0.209634 -0.332263 0.391621 0.181704 -0.33566 0.39663
0.210613 -0.332154 0.391447 0.182683 -0.335551 0.396457
0.211591 -0.332045 0.391273 0.183662 -0.335442 0.396283
0.21257 -0.331937 0.391099 0.184641 -0.335333 0.39611
0.213549 -0.331828 0.390925 0.18562 -0.335224 0.395936
0.214527 -0.331719 0.390751 0.186599 -0.335114 0.395763
0.215506 -0.33161 0.390577 0.187578 -0.335005 0.395589
0.216485 -0.331502 0.390403 0.188557 -0.334896 0.395416
0.217464 -0.331393 0.390229 0.189536 -0.334787 0.395242
0.218442 -0.331284 0.390055 0.190515 -0.334677 0.395069
0.219421 -0.331175 0.389881 0.191494 -0.334568 0.394895
0.2204 -0.331067 0.389707 0.192473 -0.334459 0.394722
0.221378 -0.330958 0.389533 0.193452 -0.33435 0.394548
0.222357 -0.330849 0.389359 0.193941 -0.334295 0.394462
0.223336 -0.33074 0.389185 0.19541 -0.334131 0.394202
0.224315 -0.330632 0.389011 0.196388 -0.334022 0.394028
0.225293 -0.330523 0.388837 0.197367 -0.333913 0.393855
0.226272 -0.330414 0.388663 0.198346 -0.333803 0.393681
0.227251 -0.330305 0.388489 0.199325 -0.333694 0.393508
0.22823 -0.330197 0.388315 0.200304 -0.333585 0.393334
0.229208 -0.330088 0.388141 0.201283 -0.333476 0.393161
0.230187 -0.329979 0.387967 0.202261 -0.333366 0.392988
0.231166 -0.32987 0.387793 0.20324 -0.333257 0.392814
0.232144 -0.329762 0.387619 0.204218 -0.333148 0.392641
0.233123 -0.329653 0.387445 0.205192 -0.333039 0.392468
0.234102 -0.329544 0.387271 0.206164 -0.33293 0.392296
0.235081 -0.329435 0.387097 0.207135 -0.332821 0.392124
0.236059 -0.329327 0.386923 0.208107 -0.332712 0.391952
0.237038 -0.329218 0.386749 0.20908 -0.332604 0.391779
0.238017 -0.329109 0.386575 0.210054 -0.332495 0.391607
0.238995 -0.329001 0.386401 0.211029 -0.332386 0.391434
0.239974 -0.328892 0.386227 0.212004 -0.332277 0.391261
0.240953 -0.328783 0.386053 0.21298 -0.332168 0.391088
0.241932 -0.328674 0.385879 0.213957 -0.332059 0.390915
0.24291 -0.328566 0.385705 0.214934 -0.33195 0.390742
0.243889 -0.328457 0.385531 0.215911 -0.331841 0.390569
0.244868 -0.328348 0.385357 0.216889 -0.331732 0.390396
0.245847 -0.328239 0.385183 0.217867 -0.331623 0.390223
0.246825 -0.328131 0.385009 0.218845 -0.331514 0.390049
0.247804 -0.328022 0.384835 0.219824 -0.331405 0.389876
0.248783 -0.327913 0.384661 0.220803 -0.331295 0.389703
0.249761 -0.327804 0.384487 0.221782 -0.331186 0.389529
0.25074 -0.327696 0.384313 0.222762 -0.331077 0.389356
0.251719 -0.327587 0.384139 0.223741 -0.330968 0.389182
0.252698 -0.327478 0.383965 0.224721 -0.330859 0.389009
0.253676 -0.327369 0.383791 0.225701 -0.330749 0.388835
0.254655 -0.327261 0.383617 0.226681 -0.33064 0.388662
0.255634 -0.327152 0.383443 0.227661 -0.330531 0.388488
0.256613 -0.327043 0.383269 0.228641 -0.330421 0.388315
0.257591 -0.326934 0.383095 0.229621 -0.330312 0.388141
0.25857 -0.326826 0.382921 0.230601 -0.330203 0.387967
0.259549 -0.326717 0.382747 0.231091 -0.330148 0.387881
0.260527 -0.326608 0.382573 0.232562 -0.329984 0.38762
0.261506 -0.326499 0.382399 0.233052 -0.329929 0.387533
0.262485 -0.326391 0.382225 0.234032 -0.32982 0.38736
0.263464 -0.326282 0.382051 0.235502 -0.329656 0.387099
0.264442 -0.326173 0.381877 0.235993 -0.329601 0.387012
0.265421 -0.326064 0.381703 0.237463 -0.329437 0.386752
0.2664 -0.325956 0.381529 0.237953 -0.329382 0.386665
0.267378 -0.325847 0.381355 0.239423 -0.329218 0.386405
0.268357 -0.325738 0.381181 0.240402 -0.329109 0.386231
0.269336 -0.325629 0.381007 0.241381 -0.329 0.386058
0.270315 -0.325521 0.380833 0.242356 -0.32889 0.385885
0.271293 -0.325412 0.380659 0.243329 -0.328781 0.385713
0.272272 -0.325303 0.380485 0.244301 -0.328673 0.38554
0.273251 -0.325194 0.380311 0.245274 -0.328564 0.385368
0.27423 -0.325086 0.380137 0.246249 -0.328455 0.385195
0.275208 -0.324977 0.379963 0.247224 -0.328346 0.385022
0.276187 -0.324868 0.379789 0.248199 -0.328237 0.38485
0.277166 -0.324759 0.379615 0.249175 -0.328128 0.384677
0.278144 -0.324651 0.379441 0.250152 -0.328019 0.384504
0.279123 -0.324542 0.379267 0.25113 -0.32791 0.38433
0.280102 -0.324433 0.379093 0.252108 -0.3278 0.384157
0.281081 -0.324324 0.378919 0.253086 -0.327691 0.383984
0.282059 -0.324216 0.378745 0.254065 -0.327582 0.383811
0.283038 -0.324107 0.378571 0.255044 -0.327473 0.383637
0.284017 -0.323998 0.378397 0.256023 -0.327364 0.383464
0.284996 -0.323889 0.378223 0.257003 -0.327254 0.38329
0.285974 -0.323781 0.378049 0.257982 -0.327145 0.383117
0.286953 -0.323672 0.377875 0.258962 -0.327036 0.382943
0.287932 -0.323563 0.377701 0.259943 -0.326926 0.382769
0.28891 -0.323454 0.377527 0.260923 -0.326817 0.382596
0.289889 -0.323346 0.377353 0.261903 -0.326708 0.382422
0.290868 -0.323237 0.377179 0.262884 -0.326598 0.382248
0.291847 -0.323128 0.377005 0.263865 -0.326489 0.382075
0.292825 -0.323019 0.376831 0.264846 -0.326379 0.381901
0.293804 -0.322911 0.376657 0.265827 -0.32627 0.381727
0.294783 -0.322802 0.376483 0.266808 -0.32616 0.381553
0.295761 -0.322693 0.376309 0.267789 -0.326051 0.381379
0.29674 -0.322584 0.376135 0.26877 -0.325941 0.381206
0.297719 -0.322476 0.375961 0.269751 -0.325832 0.381032
0.298698 -0.322367 0.375787 0.270732 -0.325722 0.380858
0.299676 -0.322258 0.375613 0.271713 -0.325613 0.380684
0.300655 -0.322149 0.375439 0.272694 -0.325503 0.38051
0.301634 -0.322041 0.375265 0.273675 -0.325394 0.380336
0.302613 -0.321932 0.375091 0.274656 -0.325284 0.380163
0.303591 -0.321823 0.374917 0.275637 -0.325175 0.379989
0.30457 -0.321714 0.374743 0.276127 -0.32512 0.379902
0.305549 -0.321606 0.374569 0.276617 -0.325065 0.379815
0.306527 -0.321497 0.374395 0.278579 -0.324846 0.379467
0.307506 -0.321388 0.374221 0.27956 -0.324737 0.379294
0.308485 -0.321279 0.374047 0.280541 -0.324627 0.37912
0.309464 -0.321171 0.373873 0.281521 -0.324518 0.378946
0.310442 -0.321062 0.373699 0.282011 -0.324463 0.378859
0.311421 -0.320953 0.373525 0.283482 -0.324299 0.378599
0.3124 -0.320844 0.373351 0.284462 -0.324189 0.378425
0.313378 -0.320736 0.373177 0.285442 -0.32408 0.378251
0.314357 -0.320627 0.373003 0.286422 -0.32397 0.378077
0.315336 -0.320518 0.372829 0.287403 -0.323861 0.377904
0.316315 -0.320409 0.372655 0.288383 -0.323751 0.37773
0.317293 -0.320301 0.372481 0.289364 -0.323642 0.377556
0.318272 -0.320192 0.372307 0.290344 -0.323532 0.377382
0.319251 -0.320083 0.372133 0.290834 -0.323478 0.377295
0.32023 -0.319974 0.371959 0.291815 -0.323368 0.377122
0.321208 -0.319866 0.371785 0.292796 -0.323258 0.376948
0.322187 -0.319757 0.371611 0.294267 -0.323094 0.376687
0.323166 -0.319648 0.371437 0.294758 -0.323039 0.3766
0.324144 -0.31954 0.371263 0.295738 -0.32293 0.376426
0.325123 -0.319431 0.371089 0.296719 -0.32282 0.376252
0.326102 -0.319322 0.370915 0.297699 -0.322711 0.376079
0.327081 -0.319213 0.370741 0.298679 -0.322601 0.375905
0.328059 -0.319105 0.370567 0.299659 -0.322492 0.375731
0.329038 -0.318996 0.370393 0.301129 -0.322328 0.375471
0.330017 -0.318887 0.370219 0.302109 -0.322218 0.375297
0.330996 -0.318778 0.370045 0.302599 -0.322164 0.37521
0.331974 -0.31867 0.369871 0.303581 -0.322054 0.375036
0.332953 -0.318561 0.369697 0.304563 -0.321945 0.374862
0.333932 -0.318452 0.369523 0.305544 -0.321835 0.374688
0.33491 -0.318343 0.369349 0.306525 -0.321726 0.374514
0.335889 -0.318235 0.369175 0.307016 -0.321671 0.374427
0.336868 -0.318126 0.369001 0.308483 -0.321507 0.374167
0.337847 -0.318017 0.368827 0.309457 -0.321398 0.373994
0.338825 -0.317908 0.368653 0.309943 -0.321343 0.373908
0.339804 -0.3178 0.368479 0.311887 -0.321125 0.373563
0.340783 -0.317691 0.368305 0.312856 -0.321017 0.373391
0.341761 -0.317582 0.368131 0.313823 -0.320908 0.373219
0.34274 -0.317473 0.367957 0.314791 -0.3208 0.373047
0.343719 -0.317365 0.367783 0.315759 -0.320691 0.372875
0.344698 -0.317256 0.367609 0.31673 -0.320583 0.372703
0.345676 -0.317147 0.367435 0.317701 -0.320474 0.372531
0.346655 -0.317038 0.367261 0.318673 -0.320366 0.372359
0.347634 -0.31693 0.367087 0.319647 -0.320257 0.372186
0.348613 -0.316821 0.366913 0.320621 -0.320148 0.372013
0.349591 -0.316712 0.366739 0.321597 -0.320039 0.37184
0.35057 -0.316603 0.366565 0.322573 -0.31993 0.371667
0.351549 -0.316495 0.366391 0.32355 -0.319822 0.371494
0.352527 -0.316386 0.366217 0.324527 -0.319713 0.371321
0.353506 -0.316277 0.366043 0.325505 -0.319604 0.371148
0.354485 -0.316168 0.365869 0.326483 -0.319495 0.370974
0.355464 -0.31606 0.365695 0.327462 -0.319385 0.370801
0.356442 -0.315951 0.365521 0.328442 -0.319276 0.370627
0.357421 -0.315842 0.365347 0.329421 -0.319167 0.370454
0.3584 -0.315733 0.365173 0.330401 -0.319058 0.37028
0.359378 -0.315625 0.364999 0.331381 -0.318949 0.370106
0.360357 -0.315516 0.364825 0.332362 -0.31884 0.369933
0.361336 -0.315407 0.364651 0.333342 -0.31873 0.369759
0.362315 -0.315298 0.364477 0.334323 -0.318621 0.369585
0.363293 -0.31519 0.364303 0.335304 -0.318512 0.369411
0.364272 -0.315081 0.364129 0.336285 -0.318402 0.369237
0.365251 -0.314972 0.363955 0.337266 -0.318293 0.369063
0.36623 -0.314863 0.363781 0.337757 -0.318238 0.368976
0.367208 -0.314755 0.363607 0.339228 -0.318074 0.368716
0.368187 -0.314646 0.363433 0.34021 -0.317965 0.368542
0.369166 -0.314537 0.363259 0.341191 -0.317855 0.368368
0.370144 -0.314428 0.363085 0.342172 -0.317746 0.368194
0.371123 -0.31432 0.362911 0.343153 -0.317637 0.36802
0.372102 -0.314211 0.362737 0.344135 -0.317527 0.367846
0.373081 -0.314102 0.362563 0.345116 -0.317418 0.367672
0.374059 -0.313993 0.362389 0.346097 -0.317308 0.367498
0.375038 -0.313885 0.362215 0.347078 -0.317199 0.367324
0.376017 -0.313776 0.362041 0.348059 -0.317089 0.36715
0.376996 -0.313667 0.361867 0.349041 -0.31698 0.366976
0.377974 -0.313558 0.361693 0.349531 -0.316925 0.366889
0.378953 -0.31345 0.361519 0.350512 -0.316816 0.366715
0.379932 -0.313341 0.361345 0.351493 -0.316706 0.366541
0.38091 -0.313232 0.361171 0.351983 -0.316652 0.366454
0.381889 -0.313123 0.360997 0.353455 -0.316488 0.366193
0.382868 -0.313015 0.360823 0.354435 -0.316378 0.366019
0.383847 -0.312906 0.360649 0.355416 -0.316269 0.365845
0.384825 -0.312797 0.360476 0.356397 -0.316159 0.365671
0.385804 -0.312688 0.360302 0.357378 -0.31605 0.365497
0.386783 -0.31258 0.360128 0.358358 -0.31594 0.365323
0.387761 -0.312471 0.359954 0.359339 -0.315831 0.365149
0.38874 -0.312362 0.35978 0.36032 -0.315722 0.364975
0.389719 -0.312253 0.359606 0.3613 -0.315612 0.364801
0.390698 -0.312145 0.359432 0.362281 -0.315503 0.364627
0.391676 -0.312036 0.359258 0.363261 -0.315393 0.364453
0.392655 -0.311927 0.359084 0.364242 -0.315284 0.364279
0.393634 -0.311818 0.35891 0.365222 -0.315175 0.364105
0.394613 -0.31171 0.358736 0.366202 -0.315065 0.363932
0.395591 -0.311601 0.358562 0.367182 -0.314956 0.363758
0.39657 -0.311492 0.358388 0.368162 -0.314846 0.363584
0.397549 -0.311383 0.358214 0.369142 -0.314737 0.36341
0.398527 -0.311275 0.35804 0.370122 -0.314628 0.363236
0.399506 -0.311166 0.357866 0.371102 -0.314518 0.363062
0.400485 -0.311057 0.357692 0.372082 -0.314409 0.362888
0.401464 -0.310948 0.357518 0.373061 -0.3143 0.362714
0.402442 -0.31084 0.357344 0.374041 -0.31419 0.362541
0.403421 -0.310731 0.35717 0.375021 -0.314081 0.362367
0.4044 -0.310622 0.356996 0.376 -0.313972 0.362193
0.405378 -0.310514 0.356822 0.37698 -0.313863 0.362019
0.406357 -0.310405 0.356648 0.37796 -0.313753 0.361845
0.407336 -0.310296 0.356474 0.378941 -0.313644 0.361671
0.408315 -0.310187 0.3563 0.379922 -0.313534 0.361497
0.409293 -0.310079 0.356126 0.380903 -0.313425 0.361323
0.410272 -0.30997 0.355952 0.381883 -0.313316 0.361149
0.411251 -0.309861 0.355778 0.382373 -0.313261 0.361062
0.41223 -0.309752 0.355604 0.383844 -0.313097 0.360801
0.413208 -0.309644 0.35543 0.384824 -0.312988 0.360627
0.414187 -0.309535 0.355256 0.385804 -0.312878 0.360453
0.415166 -0.309426 0.355082 0.386783 -0.312769 0.360279
0.416144 -0.309317 0.354908 0.387763 -0.31266 0.360106
0.417123 -0.309209 0.354734 0.388742 -0.312551 0.359932
0.418102 -0.3091 0.35456 0.389722 -0.312441 0.359758
0.419081 -0.308991 0.354386 0.390701 -0.312332 0.359584
0.420059 -0.308882 0.354212 0.39168 -0.312223 0.35941
0.421038 -0.308774 0.354038 0.39266 -0.312114 0.359236
0.422017 -0.308665 0.353864 0.393641 -0.312004 0.359062
0.422996 -0.308556 0.35369 0.394622 -0.311895 0.358888
0.423974 -0.308447 0.353516 0.395602 -0.311786 0.358714
0.424953 -0.308339 0.353342 0.396583 -0.311676 0.35854
0.425932 -0.30823 0.353168 0.397563 -0.311567 0.358366
0.42691 -0.308121 0.352994 0.398543 -0.311458 0.358192
0.427889 -0.308012 0.35282 0.399522 -0.311348 0.358019
0.428868 -0.307904 0.352646 0.400502 -0.311239 0.357845
0.429847 -0.307795 0.352472 0.401481 -0.31113 0.357671
0.430825 -0.307686 0.352298 0.402461 -0.311021 0.357497
0.431804 -0.307577 0.352124 0.40344 -0.310912 0.357323
0.432783 -0.307469 0.35195 0.404419 -0.310802 0.357149
0.433761 -0.30736 0.351776 0.405398 -0.310693 0.356976
0.43474 -0.307251 0.351602 0.406377 -0.310584 0.356802
0.435719 -0.307142 0.351428 0.407359 -0.310475 0.356628
0.436698 -0.307034 0.351254 0.40834 -0.310365 0.356453
0.437676 -0.306925 0.35108 0.409322 -0.310256 0.356279
0.438655 -0.306816 0.350906 0.410303 -0.310147 0.356105
0.439634 -0.306707 0.350732 0.411284 -0.310037 0.355931
0.440613 -0.306599 0.350558 0.412264 -0.309928 0.355757
0.441591 -0.30649 0.350384 0.413244 -0.309819 0.355583
0.44257 -0.306381 0.35021 0.414224 -0.309709 0.355409
0.443549 -0.306272 0.350036 0.415204 -0.3096 0.355235
0.444527 -0.306164 0.349862 0.416183 -0.309491 0.355061
0.445506 -0.306055 0.349688 0.417163 -0.309382 0.354887
0.446485 -0.305946 0.349514 0.418142 -0.309273 0.354714
0.447464 -0.305837 0.34934 0.419121 -0.309163 0.35454
0.448442 -0.305729 0.349166 0.41961 -0.309109 0.354453
0.449421 -0.30562 0.348992 0.421078 -0.308945 0.354192
0.4504 -0.305511 0.348818 0.422056 -0.308836 0.354018
0.451379 -0.305402 0.348644 0.423035 -0.308727 0.353845
0.452357 -0.305294 0.34847 0.424013 -0.308618 0.353671
0.453336 -0.305185 0.348296 0.424991 -0.308509 0.353497
0.454315 -0.305076 0.348122 0.425969 -0.3084 0.353324
0.455293 -0.304967 0.347948 0.426947 -0.308291 0.35315
0.456272 -0.304859 0.347774 0.427925 -0.308182 0.352976
0.457251 -0.30475 0.3476 0.428903 -0.308073 0.352803
0.45823 -0.304641 0.347426 0.429881 -0.307964 0.352629
0.459208 -0.304532 0.347252 0.43086 -0.307854 0.352455
0.460187 -0.304424 0.347078 0.431838 -0.307745 0.352281
0.461166 -0.304315 0.346904 0.432817 -0.307636 0.352108
0.462144 -0.304206 0.34673 0.433795 -0.307527 0.351934
0.463123 -0.304097 0.346556 0.434774 -0.307418 0.35176
0.464102 -0.303989 0.346382 0.435752 -0.307309 0.351586
0.465081 -0.30388 0.346208 0.43673 -0.3072 0.351413
0.466059 -0.303771 0.346034 0.437708 -0.307091 0.351239
0.467038 -0.303662 0.34586 0.438686 -0.306982 0.351065
0.468017 -0.303554 0.345686 0.439665 -0.306873 0.350892
0.468996 -0.303445 0.345512 0.440643 -0.306764 0.350718
0.469974 -0.303336 0.345338 0.441621 -0.306655 0.350544
0.470953 -0.303227 0.345164 0.442599 -0.306546 0.350371
0.471932 -0.303119 0.34499 0.443577 -0.306437 0.350197
0.47291 -0.30301 0.344816 0.444556 -0.306328 0.350023
0.473889 -0.302901 0.344642 0.445534 -0.306219 0.349849
0.474868 -0.302792 0.344468 0.446514 -0.30611 0.349676
0.475847 -0.302684 0.344294 0.447493 -0.306001 0.349502
0.476825 -0.302575 0.34412 0.448473 -0.305892 0.349328
0.477804 -0.302466 0.343946 0.449452 -0.305783 0.349154
0.478783 -0.302357 0.343772 0.450431 -0.305674 0.34898
0.479761 -0.302249 0.343598 0.45141 -0.305565 0.348806
0.48074 -0.30214 0.343424 0.452389 -0.305456 0.348632
0.481719 -0.302031 0.34325 0.453368 -0.305346 0.348458
0.482698 -0.301922 0.343076 0.454347 -0.305237 0.348285
0.483676 -0.301814 0.342902 0.455326 -0.305128 0.348111
0.484655 -0.301705 0.342728 0.456304 -0.305019 0.347937
0.485634 -0.301596 0.342554 0.458262 -0.304801 0.347589
0.486613 -0.301487 0.34238 0.458751 -0.304747 0.347502
0.487591 -0.301379 0.342206 0.45973 -0.304638 0.347329
0.48857 -0.30127 0.342032 0.460709 -0.304529 0.347155
0.489549 -0.301161 0.341858 0.461688 -0.30442 0.346981
0.490527 -0.301053 0.341684 0.462666 -0.304311 0.346807
0.491506 -0.300944 0.34151 0.463643 -0.304202 0.346634
0.492485 -0.300835 0.341336 0.464621 -0.304093 0.34646
0.493464 -0.300726 0.341162 0.465598 -0.303984 0.346286
0.494442 -0.300618 0.340988 0.466575 -0.303875 0.346113
0.495421 -0.300509 0.340814 0.467552 -0.303766 0.345939
0.4964 -0.3004 0.34064 0.469018 -0.303603 0.345679
0.497379 -0.300291 0.340466 0.469507 -0.303548 0.345592
0.498357 -0.300183 0.340292 0.470484 -0.303439 0.345418
0.499336 -0.300074 0.340118 0.471462 -0.30333 0.345245
0.500315 -0.299965 0.339944 0.472439 -0.303222 0.345071
0.499336 -0.300074 0.340118 0.473416 -0.303113 0.344897
0.500315 -0.299965 0.339944 0.474394 -0.303004 0.344724
0.499336 -0.300074 0.340118 0.475371 -0.302895 0.34455
0.500315 -0.299965 0.339944 0.476346 -0.302786 0.344377
0.499336 -0.300074 0.340118 0.477314 -0.302678 0.344205
0.500315 -0.299965 0.339944 0.478273 -0.302571 0.344034
0.499336 -0.300074 0.340118 0.479218 -0.302465 0.343865
0.500315 -0.299965 0.339944 0.480146 -0.30236 0.343698
0.499336 -0.300074 0.340118 0.481056 -0.302257 0.343535
0.500315 -0.299965 0.339944 0.481945 -0.302155 0.343374
0.499336 -0.300074 0.340118 0.482812 -0.302056 0.343217
0.500315 -0.299965 0.339944 0.483654 -0.301959 0.343064
0.499336 -0.300074 0.340118 0.484472 -0.301864 0.342915
0.500315 -0.299965 0.339944 0.485263 -0.301772 0.34277
0.499336 -0.300074 0.340118 0.486028 -0.301683 0.342629
0.500315 -0.299965 0.339944 0.486766 -0.301596 0.342493
0.499336 -0.300074 0.340118 0.487476 -0.301512 0.342361
0.500315 -0.299965 0.339944 0.488159 -0.301431 0.342234
0.499336 -0.300074 0.340118 0.488815 -0.301353 0.342112
0.500315 -0.299965 0.339944 0.489443 -0.301278 0.341995
0.499336 -0.300074 0.340118 0.490044 -0.301206 0.341882
0.500315 -0.299965 0.339944 0.490618 -0.301137 0.341774
0.499336 -0.300074 0.340118 0.491166 -0.301071 0.341671
0.500315 -0.299965 0.339944 0.491688 -0.301007 0.341572
0.499336 -0.300074 0.340118 0.492185 -0.300947 0.341478
0.500315 -0.299965 0.339944 0.492657 -0.300889 0.341388
0.499336 -0.300074 0.340118 0.493106 -0.300834 0.341303
0.500315 -0.299965 0.339944 0.493531 -0.300782 0.341222
0.499336 -0.300074 0.340118 0.493934 -0.300732 0.341145
0.500315 -0.299965 0.339944 0.494315 -0.300685 0.341073
0.499336 -0.300074 0.340118 0.494675 -0.300641 0.341004
0.500315 -0.299965 0.339944 0.495014 -0.300599 0.340939
0.499336 -0.300074 0.340118 0.495335 -0.300559 0.340877
0.500315 -0.299965 0.339944 0.495636 -0.300522 0.340819
0.499336 -0.300074 0.340118 0.49592 -0.300487 0.340765
0.500315 -0.299965 0.339944 0.496187 -0.300454 0.340714
0.499336 -0.300074 0.340118 0.496437 -0.300423 0.340665
0.500315 -0.299965 0.339944 0.496672 -0.300394 0.34062
0.499336 -0.300074 0.340118 0.496892 -0.300366 0.340578
0.500315 -0.299965 0.339944 0.497097 -0.300341 0.340538
0.499336 -0.300074 0.340118 0.497289 -0.300317 0.340501
0.500315 -0.299965 0.339944 0.497468 -0.300295 0.340467
0.499336 -0.300074 0.340118 0.497635 -0.300274 0.340435
0.500315 -0.299965 0.339944 0.497791 -0.300254 0.340405
0.499336 -0.300074 0.340118 0.497936 -0.300236 0.340377
0.500315 -0.299965 0.339944 0.49807 -0.30022 0.340351
0.499336 -0.300074 0.340118 0.498195 -0.300204 0.340327
0.500315 -0.299965 0.339944 0.49831 -0.30019 0.340305
0.499336 -0.300074 0.340118 0.498417 -0.300177 0.340284
0.500315 -0.299965 0.339944 0.498516 -0.300165 0.340265
0.499336 -0.300074 0.340118 0.498608 -0.300153 0.340248
0.500315 -0.299965 0.339944 0.498692 -0.300143 0.340232
0.499336 -0.300074 0.340118 0.498769 -0.300134 0.340217
0.500315 -0.299965 0.339944 0.498805 -0.300129 0.34021
0.499336 -0.300074 0.340118 0.498873 -0.300121 0.340197
0.500315 -0.299965 0.339944 0.498964 -0.30011 0.34018
0.499336 -0.300074 0.340118 0.499018 -0.300104 0.34017
0.500315 -0.299965 0.339944 0.499068 -0.300098 0.340161
