-0.399132 -0.399904 0.499846 -0.400112 -0.400011 0.50002
-0.398154 -0.399795 0.499672 -0.400112 -0.400011 0.50002
-0.397175 -0.399686 0.499498 -0.400112 -0.40001 0.50002
-0.396196 -0.399577 0.499324 -0.40011 -0.40001 0.50002
-0.395217 -0.399469 0.49915 -0.400106 -0.40001 0.500019
-0.394239 -0.39936 0.498976 -0.400095 -0.400009 0.500017
-0.39326 -0.399251 0.498802 -0.400086 -0.400008 0.500015
-0.392281 -0.399142 0.498628 -0.400074 -0.400006 0.500013
-0.391302 -0.399034 0.498454 -0.400016 -0.4 0.500003
-0.390324 -0.398925 0.49828 -0.399919 -0.39999 0.499986
-0.389345 -0.398816 0.498106 -0.399829 -0.399981 0.49997
-0.388366 -0.398707 0.497932 -0.399716 -0.399969 0.499951
-0.387388 -0.398599 0.497758 -0.39958 -0.399955 0.499927
-0.386409 -0.39849 0.497584 -0.399418 -0.399938 0.4999
-0.38543 -0.398381 0.49741 -0.399328 -0.399929 0.499884
-0.384451 -0.398272 0.497236 -0.399127 -0.399908 0.499849
-0.383473 -0.398164 0.497062 -0.398776 -0.399872 0.499789
-0.382494 -0.398055 0.496888 -0.398509 -0.399845 0.499744
-0.381515 -0.397946 0.496714 -0.39807 -0.399801 0.499669
-0.380536 -0.397837 0.49654 -0.397749 -0.399768 0.499614
-0.379558 -0.397729 0.496366 -0.397399 -0.399733 0.499554
-0.378579 -0.39762 0.496192 -0.39702 -0.399695 0.499489
-0.3776 -0.397511 0.496018 -0.396614 -0.399654 0.49942
-0.376622 -0.397402 0.495844 -0.396181 -0.399611 0.499347
-0.375643 -0.397294 0.49567 -0.395956 -0.399589 0.499308
-0.374664 -0.397185 0.495496 -0.395489 -0.399542 0.499229
-0.373685 -0.397076 0.495322 -0.394482 -0.399442 0.499058
-0.372707 -0.396967 0.495148 -0.393944 -0.399388 0.498966
-0.371728 -0.396859 0.494974 -0.393385 -0.399332 0.498871
-0.370749 -0.39675 0.4948 -0.392804 -0.399274 0.498773
-0.369771 -0.396641 0.494626 -0.392204 -0.399214 0.49867
-0.368792 -0.396532 0.494452 -0.391585 -0.399152 0.498565
-0.367813 -0.396424 0.494278 -0.390947 -0.399088 0.498456
-0.366834 -0.396315 0.494104 -0.390291 -0.399022 0.498344
-0.365856 -0.396206 0.49393 -0.389617 -0.398954 0.498229
-0.364877 -0.396097 0.493756 -0.389274 -0.398919 0.498171
-0.363898 -0.395989 0.493582 -0.38822 -0.398813 0.49799
-0.362919 -0.39588 0.493408 -0.387498 -0.398739 0.497867
-0.361941 -0.395771 0.493234 -0.386761 -0.398665 0.49774
-0.360962 -0.395662 0.49306 -0.386009 -0.398588 0.497611
-0.359983 -0.395554 0.492886 -0.385243 -0.39851 0.49748
-0.359005 -0.395445 0.492712 -0.384465 -0.39843 0.497346
-0.358026 -0.395336 0.492538 -0.383673 -0.398349 0.49721
-0.357047 -0.395227 0.492364 -0.38287 -0.398266 0.497071
-0.356068 -0.395119 0.49219 -0.382055 -0.398182 0.496931
-0.35509 -0.39501 0.492016 -0.38123 -0.398096 0.496788
-0.354111 -0.394901 0.491842 -0.380394 -0.39801 0.496644
-0.353132 -0.394792 0.491668 -0.379548 -0.397921 0.496497
-0.352154 -0.394684 0.491494 -0.378693 -0.397832 0.496349
-0.351175 -0.394575 0.49132 -0.378262 -0.397787 0.496274
-0.350196 -0.394466 0.491146 -0.376957 -0.39765 0.496048
-0.349217 -0.394357 0.490972 -0.376077 -0.397558 0.495895
-0.348239 -0.394249 0.490798 -0.37519 -0.397464 0.49574
-0.34726 -0.39414 0.490624 -0.374296 -0.397369 0.495584
-0.346281 -0.394031 0.49045 -0.373395 -0.397274 0.495427
-0.345302 -0.393922 0.490276 -0.372488 -0.397177 0.495269
-0.344324 -0.393814 0.490102 -0.371576 -0.39708 0.495109
-0.343345 -0.393705 0.489928 -0.370658 -0.396982 0.494948
-0.342366 -0.393596 0.489754 -0.369735 -0.396883 0.494787
-0.341388 -0.393488 0.48958 -0.368807 -0.396784 0.494624
-0.340409 -0.393379 0.489406 -0.367875 -0.396683 0.49446
-0.33943 -0.39327 0.489232 -0.366938 -0.396582 0.494296
-0.338451 -0.393161 0.489058 -0.365998 -0.396481 0.49413
-0.337473 -0.393053 0.488884 -0.365054 -0.396379 0.493964
-0.336494 -0.392944 0.48871 -0.364107 -0.396276 0.493797
-0.335515 -0.392835 0.488536 -0.363157 -0.396173 0.49363
-0.334536 -0.392726 0.488362 -0.362204 -0.396069 0.493461
-0.333558 -0.392618 0.488188 -0.361249 -0.395965 0.493293
-0.332579 -0.392509 0.488014 -0.360291 -0.39586 0.493123
-0.3316 -0.3924 0.48784 -0.35933 -0.395755 0.492953
-0.330622 -0.392291 0.487666 -0.358368 -0.395649 0.492783
-0.329643 -0.392183 0.487492 -0.357404 -0.395544 0.492612
-0.328664 -0.392074 0.487318 -0.356438 -0.395437 0.492441
-0.327685 -0.391965 0.487144 -0.35547 -0.395331 0.492269
-0.326707 -0.391856 0.48697 -0.354501 -0.395224 0.492098
-0.325728 -0.391748 0.486796 -0.353531 -0.395117 0.491925
-0.324749 -0.391639 0.486622 -0.352559 -0.39501 0.491753
-0.323771 -0.39153 0.486448 -0.351586 -0.394902 0.49158
-0.322792 -0.391421 0.486274 -0.350612 -0.394795 0.491407
-0.321813 -0.391313 0.4861 -0.349637 -0.394687 0.491234
-0.320834 -0.391204 0.485926 -0.348662 -0.394579 0.49106
-0.319856 -0.391095 0.485752 -0.347685 -0.394471 0.490886
-0.318877 -0.390986 0.485578 -0.346708 -0.394362 0.490712
-0.317898 -0.390878 0.485404 -0.345731 -0.394254 0.490538
-0.316919 -0.390769 0.48523 -0.344752 -0.394145 0.490364
-0.315941 -0.39066 0.485056 -0.343774 -0.394036 0.49019
-0.314962 -0.390551 0.484882 -0.342795 -0.393927 0.490015
-0.313983 -0.390443 0.484708 -0.341815 -0.393818 0.489841
-0.313005 -0.390334 0.484534 -0.340835 -0.393709 0.489666
-0.312026 -0.390225 0.48436 -0.339855 -0.3936 0.489492
-0.311047 -0.390116 0.484186 -0.338875 -0.393491 0.489317
-0.310068 -0.390008 0.484012 -0.337894 -0.393382 0.489142
-0.30909 -0.389899 0.483838 -0.336914 -0.393273 0.488967
-0.308111 -0.38979 0.483664 -0.335933 -0.393163 0.488792
-0.307132 -0.389681 0.48349 -0.334952 -0.393054 0.488617
-0.306153 -0.389573 0.483316 -0.333971 -0.392945 0.488442
-0.305175 -0.389464 0.483142 -0.332991 -0.392835 0.488267
-0.304196 -0.389355 0.482968 -0.33201 -0.392726 0.488092
-0.303217 -0.389246 0.482794 -0.331029 -0.392617 0.487917
-0.302239 -0.389138 0.48262 -0.330047 -0.392507 0.487742
-0.30126 -0.389029 0.482446 -0.329066 -0.392398 0.487567
-0.300281 -0.38892 0.482272 -0.328085 -0.392288 0.487392
-0.299302 -0.388811 0.482098 -0.327104 -0.392179 0.487217
-0.298324 -0.388703 0.481924 -0.326123 -0.39207 0.487042
-0.297345 -0.388594 0.48175 -0.325141 -0.39196 0.486867
-0.296366 -0.388485 0.481576 -0.32416 -0.391851 0.486692
-0.295388 -0.388376 0.481402 -0.323179 -0.391741 0.486517
-0.294409 -0.388268 0.481228 -0.322198 -0.391632 0.486342
-0.29343 -0.388159 0.481054 -0.321217 -0.391523 0.486167
-0.292451 -0.38805 0.48088 -0.320236 -0.391413 0.485992
-0.291473 -0.387941 0.480706 -0.319255 -0.391304 0.485817
-0.290494 -0.387833 0.480532 -0.318274 -0.391195 0.485642
-0.289515 -0.387724 0.480358 -0.317293 -0.391085 0.485467
-0.288536 -0.387615 0.480184 -0.315821 -0.390921 0.485205
-0.287558 -0.387506 0.48001 -0.31484 -0.390812 0.48503
-0.286579 -0.387398 0.479836 -0.31386 -0.390703 0.484855
-0.2856 -0.387289 0.479662 -0.312879 -0.390594 0.48468
-0.284622 -0.38718 0.479488 -0.312389 -0.390539 0.484593
-0.283643 -0.387071 0.479314 -0.311409 -0.39043 0.484418
-0.282664 -0.386963 0.47914 -0.310429 -0.390321 0.484243
-0.281685 -0.386854 0.478966 -0.309449 -0.390211 0.484069
-0.280707 -0.386745 0.478792 -0.30847 -0.390102 0.483894
-0.279728 -0.386636 0.478618 -0.30749 -0.389993 0.483719
-0.278749 -0.386528 0.478444 -0.306511 -0.389884 0.483545
-0.277771 -0.386419 0.47827 -0.305532 -0.389775 0.48337
-0.276792 -0.38631 0.478096 -0.305042 -0.389721 0.483283
-0.275813 -0.386201 0.477922 -0.303573 -0.389557 0.483021
-0.274834 -0.386093 0.477748 -0.302593 -0.389448 0.482846
-0.273856 -0.385984 0.477574 -0.301614 -0.389339 0.482672
-0.272877 -0.385875 0.4774 -0.300634 -0.38923 0.482497
-0.271898 -0.385766 0.477226 -0.299654 -0.389121 0.482322
-0.270919 -0.385658 0.477052 -0.298675 -0.389012 0.482148
-0.269941 -0.385549 0.476878 -0.297695 -0.388903 0.481973
-0.268962 -0.38544 0.476704 -0.296715 -0.388795 0.481799
-0.267983 -0.385331 0.47653 -0.295736 -0.388686 0.481624
-0.267005 -0.385223 0.476356 -0.294756 -0.388577 0.48145
-0.266026 -0.385114 0.476182 -0.293776 -0.388468 0.481275
-0.265047 -0.385005 0.476008 -0.292796 -0.388359 0.4811
-0.264068 -0.384896 0.475834 -0.291817 -0.38825 0.480926
-0.26309 -0.384788 0.47566 -0.290837 -0.388141 0.480751
-0.262111 -0.384679 0.475486 -0.289858 -0.388032 0.480577
-0.261132 -0.38457 0.475312 -0.288879 -0.387924 0.480403
-0.260153 -0.384461 0.475138 -0.2879 -0.387815 0.480228
-0.259175 -0.384353 0.474964 -0.28692 -0.387706 0.480054
-0.258196 -0.384244 0.47479 -0.285941 -0.387597 0.479879
-0.257217 -0.384135 0.474616 -0.284962 -0.387488 0.479705
-0.256239 -0.384027 0.474442 -0.283982 -0.38738 0.47953
-0.25526 -0.383918 0.474268 -0.283003 -0.387271 0.479356
-0.254281 -0.383809 0.474094 -0.282023 -0.387162 0.479181
-0.253302 -0.3837 0.47392 -0.281044 -0.387053 0.479007
-0.252324 -0.383592 0.473746 -0.280064 -0.386944 0.478832
-0.251345 -0.383483 0.473572 -0.279084 -0.386836 0.478658
-0.250366 -0.383374 0.473398 -0.278105 -0.386727 0.478483
-0.249388 -0.383265 0.473224 -0.277125 -0.386618 0.478309
-0.248409 -0.383157 0.47305 -0.276146 -0.386509 0.478134
-0.24743 -0.383048 0.472876 -0.275166 -0.386401 0.47796
-0.246451 -0.382939 0.472702 -0.274187 -0.386292 0.477785
-0.245473 -0.38283 0.472528 -0.273207 -0.386183 0.477611
-0.244494 -0.382722 0.472354 -0.272228 -0.386074 0.477436
-0.243515 -0.382613 0.47218 -0.271248 -0.385965 0.477262
-0.242536 -0.382504 0.472006 -0.270269 -0.385857 0.477088
-0.241558 -0.382395 0.471832 -0.26929 -0.385748 0.476913
-0.240579 -0.382287 0.471658 -0.268311 -0.385639 0.476739
-0.2396 -0.382178 0.471484 -0.267332 -0.385531 0.476565
-0.238622 -0.382069 0.471311 -0.266354 -0.385422 0.47639
-0.237643 -0.38196 0.471137 -0.265375 -0.385313 0.476216
-0.236664 -0.381852 0.470963 -0.264396 -0.385205 0.476041
-0.235685 -0.381743 0.470789 -0.263417 -0.385096 0.475867
-0.234707 -0.381634 0.470615 -0.262438 -0.384987 0.475693
-0.233728 -0.381525 0.470441 -0.261459 -0.384879 0.475518
-0.232749 -0.381417 0.470267 -0.26048 -0.38477 0.475344
-0.231771 -0.381308 0.470093 -0.259501 -0.384661 0.47517
-0.230792 -0.381199 0.469919 -0.258522 -0.384553 0.474995
-0.229813 -0.38109 0.469745 -0.257543 -0.384444 0.474821
-0.228834 -0.380982 0.469571 -0.256563 -0.384335 0.474646
-0.227856 -0.380873 0.469397 -0.255584 -0.384227 0.474472
-0.226877 -0.380764 0.469223 -0.254605 -0.384118 0.474297
-0.225898 -0.380655 0.469049 -0.253626 -0.384009 0.474123
-0.224919 -0.380547 0.468875 -0.252647 -0.3839 0.473949
-0.223941 -0.380438 0.468701 -0.251667 -0.383792 0.473774
-0.222962 -0.380329 0.468527 -0.250688 -0.383683 0.4736
-0.221983 -0.38022 0.468353 -0.250199 -0.383629 0.473513
-0.221005 -0.380112 0.468179 -0.24873 -0.383466 0.473251
-0.220026 -0.380003 0.468005 -0.247751 -0.383357 0.473076
-0.219047 -0.379894 0.467831 -0.246771 -0.383248 0.472902
-0.218068 -0.379785 0.467657 -0.245791 -0.38314 0.472727
-0.21709 -0.379677 0.467483 -0.244811 -0.383031 0.472553
-0.216111 -0.379568 0.467309 -0.24383 -0.382922 0.472378
-0.215132 -0.379459 0.467135 -0.24285 -0.382813 0.472204
-0.214153 -0.37935 0.466961 -0.24236 -0.382759 0.472116
-0.213175 -0.379242 0.466787 -0.24138 -0.38265 0.471942
-0.212196 -0.379133 0.466613 -0.23991 -0.382487 0.47168
-0.211217 -0.379024 0.466439 -0.23893 -0.382378 0.471505
-0.210239 -0.378915 0.466265 -0.237461 -0.382215 0.471244
-0.20926 -0.378807 0.466091 -0.236971 -0.382161 0.471156
-0.208281 -0.378698 0.465917 -0.235503 -0.381998 0.470895
-0.207302 -0.378589 0.465743 -0.235014 -0.381943 0.470807
-0.206324 -0.37848 0.465569 -0.234035 -0.381835 0.470633
-0.205345 -0.378372 0.465395 -0.233057 -0.381726 0.470459
-0.204366 -0.378263 0.465221 -0.231589 -0.381563 0.470197
-0.203388 -0.378154 0.465047 -0.2311 -0.381509 0.47011
-0.202409 -0.378045 0.464873 -0.230122 -0.3814 0.469936
-0.20143 -0.377937 0.464699 -0.229144 -0.381292 0.469762
-0.200451 -0.377828 0.464525 -0.228167 -0.381183 0.469587
-0.199473 -0.377719 0.464351 -0.227189 -0.381074 0.469413
-0.198494 -0.37761 0.464177 -0.226212 -0.380966 0.469239
-0.197515 -0.377502 0.464003 -0.225234 -0.380857 0.469065
-0.196536 -0.377393 0.463829 -0.224256 -0.380749 0.46889
-0.195558 -0.377284 0.463655 -0.223279 -0.38064 0.468716
-0.194579 -0.377175 0.463481 -0.222301 -0.380532 0.468542
-0.1936 -0.377067 0.463307 -0.221323 -0.380423 0.468368
-0.192622 -0.376958 0.463133 -0.220345 -0.380314 0.468193
-0.191643 -0.376849 0.462959 -0.219367 -0.380206 0.468019
-0.190664 -0.37674 0.462785 -0.218389 -0.380097 0.467845
-0.189685 -0.376632 0.462611 -0.217411 -0.379989 0.46767
-0.188707 -0.376523 0.462437 -0.216432 -0.37988 0.467496
-0.187728 -0.376414 0.462263 -0.215454 -0.379772 0.467322
-0.186749 -0.376305 0.462089 -0.214475 -0.379663 0.467147
-0.185771 -0.376197 0.461915 -0.213496 -0.379554 0.466973
-0.184792 -0.376088 0.461741 -0.212518 -0.379446 0.466799
-0.183813 -0.375979 0.461567 -0.211539 -0.379337 0.466624
-0.182834 -0.37587 0.461393 -0.21056 -0.379228 0.46645
-0.181856 -0.375762 0.461219 -0.209581 -0.37912 0.466275
-0.180877 -0.375653 0.461045 -0.208602 -0.379011 0.466101
-0.179898 -0.375544 0.460871 -0.207623 -0.378903 0.465926
-0.178919 -0.375435 0.460697 -0.206644 -0.378794 0.465752
-0.177941 -0.375327 0.460523 -0.206154 -0.37874 0.465665
-0.176962 -0.375218 0.460349 -0.204686 -0.378577 0.465403
-0.175983 -0.375109 0.460175 -0.203707 -0.378468 0.465228
-0.175005 -0.375001 0.460001 -0.203218 -0.378414 0.465141
-0.174026 -0.374892 0.459827 -0.201751 -0.378251 0.46488
-0.173047 -0.374783 0.459653 -0.200773 -0.378142 0.464706
-0.172068 -0.374674 0.459479 -0.200285 -0.378088 0.464618
-0.17109 -0.374566 0.459305 -0.199309 -0.37798 0.464445
-0.170111 -0.374457 0.459131 -0.197853 -0.377817 0.464185
-0.169132 -0.374348 0.458957 -0.196397 -0.377655 0.463925
-0.168153 -0.374239 0.458783 -0.195428 -0.377547 0.463752
-0.167175 -0.374131 0.458609 -0.194461 -0.377439 0.463579
-0.166196 -0.374022 0.458435 -0.193496 -0.377332 0.463407
-0.165217 -0.373913 0.458261 -0.192529 -0.377224 0.463235
-0.164239 -0.373804 0.458087 -0.191562 -0.377116 0.463062
-0.16326 -0.373696 0.457913 -0.190595 -0.377008 0.46289
-0.162281 -0.373587 0.457739 -0.189627 -0.376901 0.462717
-0.161302 -0.373478 0.457565 -0.188658 -0.376793 0.462544
-0.160324 -0.373369 0.457391 -0.187689 -0.376685 0.462371
-0.159345 -0.373261 0.457217 -0.18672 -0.376577 0.462199
-0.158366 -0.373152 0.457043 -0.18575 -0.37647 0.462026
-0.157388 -0.373043 0.456869 -0.184779 -0.376362 0.461853
-0.156409 -0.372934 0.456695 -0.183808 -0.376254 0.46168
-0.15543 -0.372826 0.456521 -0.182837 -0.376147 0.461506
-0.154451 -0.372717 0.456347 -0.181866 -0.376039 0.461333
-0.153473 -0.372608 0.456173 -0.180895 -0.375931 0.46116
-0.152494 -0.372499 0.455999 -0.179925 -0.375823 0.460987
-0.151515 -0.372391 0.455825 -0.178956 -0.375716 0.460814
-0.150536 -0.372282 0.455651 -0.177987 -0.375608 0.460642
-0.149558 -0.372173 0.455477 -0.177018 -0.3755 0.460469
-0.148579 -0.372064 0.455303 -0.176048 -0.375393 0.460296
-0.1476 -0.371956 0.455129 -0.175077 -0.375285 0.460123
-0.146622 -0.371847 0.454955 -0.174106 -0.375177 0.45995
-0.145643 -0.371738 0.454781 -0.173134 -0.37507 0.459777
-0.144664 -0.371629 0.454607 -0.172164 -0.374962 0.459604
-0.143685 -0.371521 0.454433 -0.171196 -0.374854 0.459431
-0.142707 -0.371412 0.454259 -0.170228 -0.374747 0.459258
-0.141728 -0.371303 0.454085 -0.169259 -0.374639 0.459086
-0.140749 -0.371194 0.453911 -0.16829 -0.374532 0.458913
-0.139771 -0.371086 0.453737 -0.167319 -0.374424 0.45874
-0.138792 -0.370977 0.453563 -0.166348 -0.374316 0.458567
-0.137813 -0.370868 0.453389 -0.165377 -0.374209 0.458394
-0.136834 -0.370759 0.453215 -0.164406 -0.374101 0.458221
-0.135856 -0.370651 0.453041 -0.163438 -0.373993 0.458048
-0.134877 -0.370542 0.452867 -0.162469 -0.373886 0.457875
-0.133898 -0.370433 0.452693 -0.161499 -0.373778 0.457702
-0.132919 -0.370324 0.452519 -0.160529 -0.37367 0.457529
-0.131941 -0.370216 0.452345 -0.159557 -0.373563 0.457356
-0.130962 -0.370107 0.452171 -0.158584 -0.373455 0.457183
-0.129983 -0.369998 0.451997 -0.15761 -0.373347 0.457009
-0.129005 -0.369889 0.451823 -0.156637 -0.373239 0.456836
-0.128026 -0.369781 0.451649 -0.155665 -0.373131 0.456662
-0.127047 -0.369672 0.451475 -0.154693 -0.373024 0.456489
-0.126068 -0.369563 0.451301 -0.15372 -0.372916 0.456315
-0.12509 -0.369454 0.451127 -0.152746 -0.372808 0.456142
-0.124111 -0.369346 0.450953 -0.151771 -0.3727 0.455968
-0.123132 -0.369237 0.450779 -0.150797 -0.372592 0.455794
-0.122153 -0.369128 0.450605 -0.149825 -0.372484 0.455621
-0.121175 -0.369019 0.450431 -0.148855 -0.372376 0.455448
-0.120196 -0.368911 0.450257 -0.147886 -0.372269 0.455275
-0.119217 -0.368802 0.450083 -0.146919 -0.372161 0.455103
-0.118239 -0.368693 0.449909 -0.145952 -0.372054 0.45493
-0.11726 -0.368584 0.449735 -0.144987 -0.371946 0.454758
-0.116281 -0.368476 0.449561 -0.144022 -0.371839 0.454586
-0.115302 -0.368367 0.449387 -0.143058 -0.371731 0.454414
-0.114324 -0.368258 0.449213 -0.142094 -0.371624 0.454242
-0.113345 -0.368149 0.449039 -0.14113 -0.371517 0.45407
-0.112366 -0.368041 0.448865 -0.140166 -0.371409 0.453898
-0.111388 -0.367932 0.448691 -0.139202 -0.371302 0.453726
-0.110409 -0.367823 0.448517 -0.138239 -0.371195 0.453554
-0.10943 -0.367714 0.448343 -0.137275 -0.371088 0.453382
-0.108451 -0.367606 0.448169 -0.136312 -0.370981 0.45321
-0.107473 -0.367497 0.447995 -0.135348 -0.370873 0.453038
-0.106494 -0.367388 0.447821 -0.134385 -0.370766 0.452866
-0.105515 -0.367279 0.447647 -0.133421 -0.370659 0.452695
-0.104536 -0.367171 0.447473 -0.132457 -0.370552 0.452523
-0.103558 -0.367062 0.447299 -0.131493 -0.370445 0.452351
-0.102579 -0.366953 0.447125 -0.130528 -0.370338 0.452178
-0.1016 -0.366844 0.446951 -0.129563 -0.370231 0.452006
-0.100622 -0.366736 0.446777 -0.128598 -0.370124 0.451834
-0.0996428 -0.366627 0.446603 -0.127632 -0.370016 0.451662
-0.0986641 -0.366518 0.446429 -0.126666 -0.369909 0.45149
-0.0976854 -0.366409 0.446255 -0.125699 -0.369802 0.451317
-0.0967067 -0.366301 0.446081 -0.124732 -0.369695 0.451145
-0.0957279 -0.366192 0.445907 -0.123765 -0.369588 0.450972
-0.0947492 -0.366083 0.445733 -0.122797 -0.36948 0.4508
-0.0937705 -0.365974 0.445559 -0.121828 -0.369373 0.450627
-0.0927918 -0.365866 0.445385 -0.12086 -0.369266 0.450454
-0.091813 -0.365757 0.445211 -0.119891 -0.369158 0.450282
-0.0908343 -0.365648 0.445037 -0.118921 -0.369051 0.450109
-0.0898556 -0.36554 0.444863 -0.117951 -0.368943 0.449936
-0.0888769 -0.365431 0.444689 -0.116981 -0.368836 0.449763
-0.0878982 -0.365322 0.444515 -0.11601 -0.368728 0.44959
-0.0869194 -0.365213 0.444341 -0.115039 -0.368621 0.449416
-0.0859407 -0.365105 0.444167 -0.114067 -0.368513 0.449243
-0.084962 -0.364996 0.443993 -0.113581 -0.36846 0.449156
-0.0839833 -0.364887 0.443819 -0.113094 -0.368406 0.44907
-0.0830045 -0.364778 0.443645 -0.111634 -0.368244 0.448809
-0.0820258 -0.36467 0.443471 -0.110658 -0.368136 0.448635
-0.0810471 -0.364561 0.443297 -0.109679 -0.368028 0.448461
-0.0800684 -0.364452 0.443123 -0.108695 -0.36792 0.448286
-0.0790896 -0.364343 0.442949 -0.107708 -0.367811 0.44811
-0.0781109 -0.364235 0.442775 -0.106718 -0.367703 0.447933
-0.0771322 -0.364126 0.442601 -0.105725 -0.367594 0.447757
-0.0761535 -0.364017 0.442427 -0.104729 -0.367484 0.447579
-0.0751747 -0.363908 0.442253 -0.103731 -0.367375 0.447402
-0.074196 -0.3638 0.442079 -0.102732 -0.367265 0.447224
-0.0732173 -0.363691 0.441905 -0.101731 -0.367156 0.447045
-0.0722386 -0.363582 0.441731 -0.100729 -0.367046 0.446867
-0.0712599 -0.363473 0.441557 -0.0997259 -0.366936 0.446688
-0.0702811 -0.363365 0.441383 -0.0992243 -0.366881 0.446599
-0.0693024 -0.363256 0.441209 -0.0977188 -0.366715 0.446331
-0.0683237 -0.363147 0.441035 -0.0967149 -0.366605 0.446152
-0.067345 -0.363038 0.440861 -0.095711 -0.366494 0.445973
-0.0663662 -0.36293 0.440687 -0.0947071 -0.366384 0.445794
-0.0653875 -0.362821 0.440513 -0.0937034 -0.366273 0.445615
-0.0644088 -0.362712 0.440339 -0.0932016 -0.366217 0.445526
-0.0634301 -0.362603 0.440165 -0.091697 -0.366051 0.445257
-0.0624513 -0.362495 0.439991 -0.0906944 -0.36594 0.445079
-0.0614726 -0.362386 0.439817 -0.0896924 -0.36583 0.4449
-0.0604939 -0.362277 0.439643 -0.0886909 -0.365719 0.444721
-0.0595152 -0.362168 0.439469 -0.0876901 -0.365608 0.444543
-0.0585364 -0.36206 0.439295 -0.0866899 -0.365497 0.444365
-0.0575577 -0.361951 0.439121 -0.0856904 -0.365386 0.444186
-0.056579 -0.361842 0.438947 -0.0851909 -0.365331 0.444097
-0.0556003 -0.361733 0.438773 -0.0836936 -0.365165 0.44383
-0.0546216 -0.361625 0.438599 -0.0826963 -0.365054 0.443652
-0.0536428 -0.361516 0.438425 -0.0816997 -0.364943 0.443474
-0.0526641 -0.361407 0.438251 -0.0807038 -0.364832 0.443297
-0.0516854 -0.361298 0.438077 -0.0797087 -0.364722 0.443119
-0.0507067 -0.36119 0.437903 -0.0792114 -0.364666 0.44303
-0.0497279 -0.361081 0.437729 -0.0777207 -0.3645 0.442764
-0.0487492 -0.360972 0.437555 -0.0772242 -0.364445 0.442676
-0.0477705 -0.360863 0.437381 -0.0757356 -0.364279 0.44241
-0.0467918 -0.360755 0.437207 -0.074744 -0.364169 0.442233
-0.045813 -0.360646 0.437033 -0.0737532 -0.364058 0.442056
-0.0448343 -0.360537 0.436859 -0.072763 -0.363948 0.441879
-0.0438556 -0.360428 0.436685 -0.0717734 -0.363838 0.441703
-0.0428769 -0.36032 0.436511 -0.0707844 -0.363728 0.441526
-0.0418981 -0.360211 0.436337 -0.0697961 -0.363618 0.44135
-0.0409194 -0.360102 0.436163 -0.0688083 -0.363508 0.441174
-0.0399407 -0.359993 0.435989 -0.0678211 -0.363398 0.440997
-0.038962 -0.359885 0.435815 -0.0668344 -0.363288 0.440821
-0.0379833 -0.359776 0.435641 -0.0658482 -0.363178 0.440645
-0.0370045 -0.359667 0.435467 -0.0648625 -0.363068 0.440469
-0.0360258 -0.359558 0.435293 -0.0638773 -0.362958 0.440293
-0.0350471 -0.35945 0.435119 -0.0628925 -0.362848 0.440118
-0.0340684 -0.359341 0.434945 -0.0619082 -0.362739 0.439942
-0.0330896 -0.359232 0.434771 -0.0609243 -0.362629 0.439766
-0.0321109 -0.359123 0.434597 -0.0599407 -0.36252 0.439591
-0.0311322 -0.359015 0.434424 -0.0589576 -0.36241 0.439416
-0.0301535 -0.358906 0.43425 -0.0579748 -0.362301 0.43924
-0.0291747 -0.358797 0.434076 -0.0569923 -0.362191 0.439065
-0.028196 -0.358688 0.433902 -0.0560101 -0.362082 0.43889
-0.0272173 -0.35858 0.433728 -0.0550283 -0.361973 0.438714
-0.0262386 -0.358471 0.433554 -0.0540467 -0.361863 0.438539
-0.0252598 -0.358362 0.43338 -0.0530654 -0.361754 0.438364
-0.0242811 -0.358253 0.433206 -0.0520843 -0.361645 0.438189
-0.0233024 -0.358145 0.433032 -0.0511035 -0.361536 0.438014
-0.0223237 -0.358036 0.432858 -0.0501229 -0.361427 0.437839
-0.021345 -0.357927 0.432684 -0.0491425 -0.361318 0.437664
-0.0203662 -0.357818 0.43251 -0.0481623 -0.361209 0.437489
-0.0193875 -0.35771 0.432336 -0.0471823 -0.3611 0.437315
-0.0184088 -0.357601 0.432162 -0.0462025 -0.360991 0.43714
-0.0174301 -0.357492 0.431988 -0.0452228 -0.360882 0.436965
-0.0164513 -0.357383 0.431814 -0.0442433 -0.360773 0.43679
-0.0154726 -0.357275 0.43164 -0.043264 -0.360664 0.436616
-0.0144939 -0.357166 0.431466 -0.0422847 -0.360556 0.436441
-0.0135152 -0.357057 0.431292 -0.0413056 -0.360447 0.436266
-0.0125364 -0.356948 0.431118 -0.0403266 -0.360338 0.436092
-0.0115577 -0.35684 0.430944 -0.0393477 -0.360229 0.435917
-0.010579 -0.356731 0.43077 -0.038369 -0.360121 0.435743
-0.00960027 -0.356622 0.430596 -0.0373903 -0.360012 0.435568
-0.00862155 -0.356514 0.430422 -0.0364117 -0.359903 0.435394
-0.00764283 -0.356405 0.430248 -0.0354333 -0.359795 0.435219
-0.0066641 -0.356296 0.430074 -0.034455 -0.359686 0.435045
-0.00568538 -0.356187 0.4299 -0.0334767 -0.359577 0.43487
-0.00470666 -0.356079 0.429726 -0.0324984 -0.359469 0.434696
-0.00372793 -0.35597 0.429552 -0.0320093 -0.359415 0.434609
-0.00274921 -0.355861 0.429378 -0.0305421 -0.359252 0.434347
-0.00177049 -0.355752 0.429204 -0.029564 -0.359143 0.434173
-0.000791762 -0.355644 0.42903 -0.0285859 -0.359035 0.433998
0.000186962 -0.355535 0.428856 -0.0276078 -0.358926 0.433824
0.00116569 -0.355426 0.428682 -0.0266298 -0.358818 0.43365
0.00214441 -0.355317 0.428508 -0.0256518 -0.358709 0.433475
0.00312313 -0.355209 0.428334 -0.0246738 -0.358601 0.433301
0.00410186 -0.3551 0.42816 -0.0236959 -0.358492 0.433127
0.00508058 -0.354991 0.427986 -0.0227179 -0.358384 0.432952
0.0060593 -0.354882 0.427812 -0.02174 -0.358275 0.432778
0.00703803 -0.354774 0.427638 -0.0207621 -0.358167 0.432604
0.00801675 -0.354665 0.427464 -0.0197842 -0.358058 0.432429
0.00899547 -0.354556 0.42729 -0.0192953 -0.358004 0.432342
0.0099742 -0.354447 0.427116 -0.0178285 -0.357841 0.432081
0.0109529 -0.354339 0.426942 -0.0173396 -0.357787 0.431994
0.0119316 -0.35423 0.426768 -0.0163617 -0.357678 0.431819
0.0129104 -0.354121 0.426594 -0.014895 -0.357516 0.431558
0.0138891 -0.354012 0.42642 -0.0139173 -0.357407 0.431384
0.0148678 -0.353904 0.426246 -0.0129398 -0.357299 0.431209
0.0158465 -0.353795 0.426072 -0.0124512 -0.357245 0.431122
0.0168253 -0.353686 0.425898 -0.00757048 -0.356703 0.430253
0.017804 -0.353577 0.425724 -0.00660665 -0.356595 0.430081
0.0187827 -0.353469 0.42555 -0.00565377 -0.356488 0.429911
0.0197614 -0.35336 0.425376 -0.00471357 -0.356381 0.429743
0.0207402 -0.353251 0.425202 -0.00424815 -0.356329 0.42966
0.0217189 -0.353142 0.425028 -0.00286957 -0.356171 0.429415
0.0226976 -0.353034 0.424854 -0.00196359 -0.356067 0.429253
0.0236763 -0.352925 0.42468 -0.00106632 -0.355963 0.429093
0.024655 -0.352816 0.424506 -0.000176333 -0.355861 0.428934
0.0256338 -0.352707 0.424332 0.000707707 -0.355759 0.428777
0.0266125 -0.352599 0.424158 0.00158688 -0.355657 0.42862
0.0275912 -0.35249 0.423984 0.00246217 -0.355556 0.428464
0.0285699 -0.352381 0.42381 0.0033345 -0.355456 0.428308
0.0295487 -0.352272 0.423636 0.00420474 -0.355356 0.428153
0.0305274 -0.352164 0.423462 0.00463935 -0.355306 0.428076
0.0315061 -0.352055 0.423288 0.00594229 -0.355156 0.427843
0.0324848 -0.351946 0.423114 0.006811 -0.355057 0.427688
0.0334636 -0.351837 0.42294 0.0076804 -0.354958 0.427534
0.0344423 -0.351729 0.422766 0.00855076 -0.35486 0.427378
0.035421 -0.35162 0.422592 0.00942234 -0.354761 0.427223
0.0363997 -0.351511 0.422418 0.0102956 -0.354663 0.427068
0.0373785 -0.351402 0.422244 0.0107329 -0.354613 0.42699
0.0383572 -0.351294 0.42207 0.0129281 -0.354368 0.426599
0.0393359 -0.351185 0.421896 0.0138104 -0.354269 0.426442
0.0403146 -0.351076 0.421722 0.014695 -0.354171 0.426284
0.0412933 -0.350967 0.421548 0.0155802 -0.354072 0.426127
0.0422721 -0.350859 0.421374 0.0164642 -0.353974 0.425969
0.0432508 -0.35075 0.4212 0.0169059 -0.353925 0.425891
0.0442295 -0.350641 0.421026 0.0182304 -0.353778 0.425655
0.0452082 -0.350532 0.420852 0.0191136 -0.35368 0.425498
0.046187 -0.350424 0.420678 0.0199974 -0.353582 0.42534
0.0471657 -0.350315 0.420504 0.0208829 -0.353484 0.425183
0.0481444 -0.350206 0.42033 0.0217706 -0.353385 0.425025
0.0491231 -0.350097 0.420156 0.0226603 -0.353287 0.424866
0.0501019 -0.349989 0.419982 0.0231058 -0.353238 0.424787
0.0510806 -0.34988 0.419808 0.0244448 -0.35309 0.424549
0.0520593 -0.349771 0.419634 0.0253399 -0.352991 0.424389
0.053038 -0.349662 0.41946 0.0262372 -0.352893 0.42423
0.0540168 -0.349554 0.419286 0.0275873 -0.352744 0.42399
0.0549955 -0.349445 0.419112 0.0280385 -0.352695 0.423909
0.0559742 -0.349336 0.418938 0.0289429 -0.352596 0.423748
0.0569529 -0.349227 0.418764 0.030304 -0.352446 0.423506
0.0579316 -0.349119 0.41859 0.030759 -0.352396 0.423425
0.0589104 -0.34901 0.418416 0.031671 -0.352297 0.423263
0.0598891 -0.348901 0.418242 0.0325855 -0.352197 0.4231
0.0608678 -0.348792 0.418068 0.0339622 -0.352046 0.422855
0.0618465 -0.348684 0.417894 0.0344224 -0.351996 0.422774
0.0628253 -0.348575 0.41772 0.0353448 -0.351895 0.422609
0.063804 -0.348466 0.417546 0.0362696 -0.351794 0.422445
0.0647827 -0.348357 0.417372 0.0371968 -0.351693 0.42228
0.0657614 -0.348249 0.417198 0.0385921 -0.35154 0.422032
0.0667402 -0.34814 0.417024 0.0390584 -0.351489 0.421949
0.0677189 -0.348031 0.41685 0.0399927 -0.351387 0.421783
0.0686976 -0.347922 0.416676 0.0409292 -0.351285 0.421616
0.0696763 -0.347814 0.416502 0.0418679 -0.351183 0.421449
0.0706551 -0.347705 0.416328 0.0428088 -0.35108 0.421282
0.0716338 -0.347596 0.416154 0.043752 -0.350977 0.421114
0.0726125 -0.347487 0.41598 0.0446972 -0.350874 0.420946
0.0735912 -0.347379 0.415806 0.0456443 -0.35077 0.420778
0.0745699 -0.34727 0.415632 0.0465931 -0.350667 0.420609
0.0755487 -0.347161 0.415458 0.0475437 -0.350563 0.42044
0.0765274 -0.347053 0.415284 0.0484958 -0.350459 0.420271
0.0775061 -0.346944 0.41511 0.0494495 -0.350354 0.420101
0.0784848 -0.346835 0.414936 0.0504046 -0.35025 0.419931
0.0794636 -0.346726 0.414762 0.0513612 -0.350145 0.419761
0.0804423 -0.346618 0.414588 0.0523191 -0.35004 0.419591
0.081421 -0.346509 0.414414 0.0532783 -0.349935 0.41942
0.0823997 -0.3464 0.41424 0.0542386 -0.34983 0.419249
0.0833785 -0.346291 0.414066 0.0552002 -0.349724 0.419078
0.0843572 -0.346183 0.413892 0.0561628 -0.349618 0.418907
0.0853359 -0.346074 0.413718 0.0571265 -0.349513 0.418736
0.0863146 -0.345965 0.413544 0.0576087 -0.34946 0.41865
0.0872934 -0.345856 0.41337 0.0590568 -0.3493 0.418393
0.0882721 -0.345748 0.413196 0.0600233 -0.349194 0.418221
0.0892508 -0.345639 0.413022 0.0609906 -0.349088 0.418049
0.0902295 -0.34553 0.412848 0.0619588 -0.348981 0.417877
0.0912082 -0.345421 0.412674 0.0629277 -0.348874 0.417705
0.092187 -0.345313 0.4125 0.0638973 -0.348767 0.417532
0.0931657 -0.345204 0.412326 0.0648675 -0.34866 0.41736
0.0941444 -0.345095 0.412152 0.0658384 -0.348553 0.417187
0.0951231 -0.344986 0.411978 0.0668098 -0.348446 0.417015
0.0961019 -0.344878 0.411804 0.0677818 -0.348339 0.416842
0.0970806 -0.344769 0.41163 0.0687544 -0.348231 0.416669
0.0980593 -0.34466 0.411456 0.0697274 -0.348124 0.416496
0.099038 -0.344551 0.411282 0.0707008 -0.348016 0.416323
0.100017 -0.344443 0.411108 0.0716747 -0.347908 0.41615
0.100995 -0.344334 0.410934 0.0726489 -0.347801 0.415977
0.101974 -0.344225 0.41076 0.0736235 -0.347693 0.415804
0.102953 -0.344116 0.410586 0.0745986 -0.347585 0.41563
0.103932 -0.344008 0.410412 0.0755753 -0.347477 0.415457
0.10491 -0.343899 0.410238 0.0765545 -0.347368 0.415283
0.105889 -0.34379 0.410064 0.0775347 -0.34726 0.415109
0.106868 -0.343681 0.40989 0.0785149 -0.347152 0.414935
0.107847 -0.343573 0.409716 0.0794963 -0.347043 0.41476
0.108825 -0.343464 0.409542 0.08048 -0.346934 0.414585
0.109804 -0.343355 0.409368 0.0814659 -0.346826 0.41441
0.110783 -0.343246 0.409194 0.0824537 -0.346717 0.414235
0.111761 -0.343138 0.40902 0.0834433 -0.346607 0.414059
0.11274 -0.343029 0.408846 0.0844345 -0.346498 0.413883
0.113719 -0.34292 0.408672 0.0854271 -0.346389 0.413707
0.114698 -0.342811 0.408498 0.0864211 -0.346279 0.41353
0.115676 -0.342703 0.408324 0.0874163 -0.346169 0.413353
0.116655 -0.342594 0.40815 0.0884125 -0.346059 0.413176
0.117634 -0.342485 0.407976 0.0894093 -0.345949 0.412999
0.118613 -0.342376 0.407802 0.0904065 -0.345839 0.412822
0.119591 -0.342268 0.407628 0.0914042 -0.345729 0.412645
0.12057 -0.342159 0.407454 0.0924019 -0.345619 0.412468
0.121549 -0.34205 0.40728 0.0933982 -0.345508 0.412291
0.122527 -0.341941 0.407106 0.0943917 -0.345398 0.412115
0.123506 -0.341833 0.406932 0.095384 -0.345288 0.411939
0.124485 -0.341724 0.406758 0.0963767 -0.345177 0.411762
0.125464 -0.341615 0.406584 0.0973698 -0.345067 0.411586
0.126442 -0.341506 0.40641 0.0983632 -0.344957 0.41141
0.127421 -0.341398 0.406236 0.0993551 -0.344846 0.411233
0.1284 -0.341289 0.406062 0.100344 -0.344736 0.411058
0.129378 -0.34118 0.405888 0.101332 -0.344626 0.410882
0.130357 -0.341071 0.405714 0.10232 -0.344516 0.410707
0.131336 -0.340963 0.40554 0.103309 -0.344405 0.410532
0.132315 -0.340854 0.405366 0.104298 -0.344295 0.410356
0.133293 -0.340745 0.405192 0.105287 -0.344185 0.41018
0.134272 -0.340636 0.405018 0.106276 -0.344075 0.410005
0.135251 -0.340528 0.404844 0.107265 -0.343964 0.409829
0.13623 -0.340419 0.40467 0.108255 -0.343854 0.409654
0.137208 -0.34031 0.404496 0.109242 -0.343744 0.409478
0.138187 -0.340201 0.404322 0.110228 -0.343634 0.409304
0.139166 -0.340093 0.404148 0.111212 -0.343524 0.409129
0.140144 -0.339984 0.403974 0.112196 -0.343414 0.408954
0.141123 -0.339875 0.4038 0.11318 -0.343304 0.408779
0.142102 -0.339766 0.403626 0.114166 -0.343194 0.408605
0.143081 -0.339658 0.403452 0.115151 -0.343084 0.40843
0.144059 -0.339549 0.403278 0.116136 -0.342974 0.408255
0.145038 -0.33944 0.403104 0.117122 -0.342864 0.40808
0.146017 -0.339331 0.40293 0.118107 -0.342754 0.407905
0.146995 -0.339223 0.402756 0.119093 -0.342644 0.40773
0.147974 -0.339114 0.402582 0.120078 -0.342534 0.407556
0.148953 -0.339005 0.402408 0.121063 -0.342424 0.407381
0.149932 -0.338896 0.402234 0.122048 -0.342315 0.407206
0.15091 -0.338788 0.40206 0.123033 -0.342205 0.407031
0.151889 -0.338679 0.401886 0.124018 -0.342095 0.406857
0.152868 -0.33857 0.401712 0.125002 -0.341985 0.406682
0.153847 -0.338461 0.401538 0.125985 -0.341875 0.406508
0.154825 -0.338353 0.401364 0.126967 -0.341766 0.406333
0.155804 -0.338244 0.40119 0.127459 -0.341711 0.406246
0.156783 -0.338135 0.401016 0.128934 -0.341546 0.405985
0.157761 -0.338027 0.400842 0.129425 -0.341491 0.405897
0.15874 -0.337918 0.400668 0.130901 -0.341327 0.405636
0.159719 -0.337809 0.400494 0.131884 -0.341217 0.405461
0.160698 -0.3377 0.40032 0.132867 -0.341108 0.405287
0.161676 -0.337592 0.400146 0.133358 -0.341053 0.4052
0.162655 -0.337483 0.399972 0.134833 -0.340888 0.404938
0.163634 -0.337374 0.399798 0.135325 -0.340834 0.404851
0.164613 -0.337265 0.399624 0.136802 -0.340669 0.404589
0.165591 -0.337157 0.39945 0.137787 -0.340559 0.404414
0.16657 -0.337048 0.399276 0.138773 -0.34045 0.40424
0.167549 -0.336939 0.399102 0.139267 -0.340395 0.404152
0.168527 -0.33683 0.398928 0.140746 -0.34023 0.40389
0.169506 -0.336722 0.398754 0.141732 -0.34012 0.403715
0.170485 -0.336613 0.39858 0.142719 -0.34001 0.40354
0.171464 -0.336504 0.398406 0.143705 -0.339901 0.403365
0.172442 -0.336395 0.398232 0.144199 -0.339846 0.403278
0.173421 -0.336287 0.398058 0.145678 -0.339681 0.403015
0.1744 -0.336178 0.397884 0.146665 -0.339571 0.40284
0.175378 -0.336069 0.39771 0.147652 -0.339461 0.402665
0.176357 -0.33596 0.397536 0.148145 -0.339406 0.402578
0.177336 -0.335852 0.397363 0.149131 -0.339296 0.402403
0.178315 -0.335743 0.397189 0.150117 -0.339187 0.402228
0.179293 -0.335634 0.397015 0.151596 -0.339022 0.401966
0.180272 -0.335525 0.396841 0.152582 -0.338912 0.401791
0.181251 -0.335417 0.396667 0.153075 -0.338857 0.401704
0.18223 -0.335308 0.396493 0.154061 -0.338747 0.401529
0.183208 -0.335199 0.396319 0.155047 -0.338637 0.401355
0.184187 -0.33509 0.396145 0.156033 -0.338527 0.40118
0.185166 -0.334982 0.395971 0.157018 -0.338417 0.401005
0.186144 -0.334873 0.395797 0.158003 -0.338308 0.400831
0.187123 -0.334764 0.395623 0.158988 -0.338198 0.400656
0.188102 -0.334655 0.395449 0.159481 -0.338143 0.400569
0.189081 -0.334547 0.395275 0.161446 -0.337923 0.40022
0.190059 -0.334438 0.395101 0.162427 -0.337814 0.400046
0.191038 -0.334329 0.394927 0.162918 -0.337759 0.399959
0.192017 -0.33422 0.394753 0.163898 -0.337649 0.399786
0.192995 -0.334112 0.394579 0.164388 -0.337595 0.399699
0.193974 -0.334003 0.394405 0.166336 -0.337376 0.399353
0.194953 -0.333894 0.394231 0.167306 -0.337267 0.399181
0.195932 -0.333785 0.394057 0.168276 -0.337158 0.399009
0.19691 -0.333677 0.393883 0.169246 -0.337049 0.398837
0.197889 -0.333568 0.393709 0.170217 -0.33694 0.398665
0.198868 -0.333459 0.393535 0.171188 -0.336832 0.398493
0.199847 -0.33335 0.393361 0.17216 -0.336723 0.398321
0.200825 -0.333242 0.393187 0.173132 -0.336614 0.398148
0.201804 -0.333133 0.393013 0.174106 -0.336505 0.397976
0.202783 -0.333024 0.392839 0.17508 -0.336396 0.397803
0.203761 -0.332915 0.392665 0.176054 -0.336288 0.397631
0.20474 -0.332807 0.392491 0.177027 -0.336179 0.397458
0.205719 -0.332698 0.392317 0.177999 -0.33607 0.397286
0.206698 -0.332589 0.392143 0.178969 -0.335962 0.397114
0.207676 -0.33248 0.391969 0.179937 -0.335853 0.396942
0.208655 -0.332372 0.391795 0.180903 -0.335745 0.396771
0.209634 -0.332263 0.391621 0.181867 -0.335637 0.3966
0.210613 -0.332154 0.391447 0.182831 -0.335529 0.396429
0.211591 -0.332045 0.391273 0.183793 -0.335421 0.396259
0.21257 -0.331937 0.391099 0.184754 -0.335313 0.396088
0.213549 -0.331828 0.390925 0.185715 -0.335205 0.395918
0.214527 -0.331719 0.390751 0.186676 -0.335097 0.395748
0.215506 -0.33161 0.390577 0.187636 -0.33499 0.395577
0.216485 -0.331502 0.390403 0.188595 -0.334882 0.395407
0.217464 -0.331393 0.390229 0.189555 -0.334775 0.395237
0.218442 -0.331284 0.390055 0.190515 -0.334667 0.395067
0.219421 -0.331175 0.389881 0.191476 -0.33456 0.394897
0.2204 -0.331067 0.389707 0.192437 -0.334452 0.394726
0.221378 -0.330958 0.389533 0.193398 -0.334345 0.394556
0.222357 -0.330849 0.389359 0.194362 -0.334237 0.394385
0.223336 -0.33074 0.389185 0.195326 -0.33413 0.394214
0.224315 -0.330632 0.389011 0.195808 -0.334076 0.394129
0.225293 -0.330523 0.388837 0.197256 -0.333915 0.393873
0.226272 -0.330414 0.388663 0.198225 -0.333807 0.393701
0.227251 -0.330305 0.388489 0.199195 -0.333699 0.393529
0.22823 -0.330197 0.388315 0.200166 -0.333591 0.393357
0.229208 -0.330088 0.388141 0.201136 -0.333483 0.393185
0.230187 -0.329979 0.387967 0.201621 -0.333429 0.3931
0.231166 -0.32987 0.387793 0.202107 -0.333375 0.393014
0.232144 -0.329762 0.387619 0.204051 -0.333159 0.392669
0.233123 -0.329653 0.387445 0.205024 -0.333051 0.392497
0.234102 -0.329544 0.387271 0.205511 -0.332997 0.392411
0.235081 -0.329435 0.387097 0.206969 -0.332834 0.392153
0.236059 -0.329327 0.386923 0.207941 -0.332726 0.39198
0.237038 -0.329218 0.386749 0.208912 -0.332618 0.391808
0.238017 -0.329109 0.386575 0.209398 -0.332564 0.391722
0.238995 -0.329001 0.386401 0.210857 -0.332402 0.391464
0.239974 -0.328892 0.386227 0.211832 -0.332293 0.391291
0.240953 -0.328783 0.386053 0.212809 -0.332184 0.391118
0.241932 -0.328674 0.385879 0.213788 -0.332076 0.390945
0.24291 -0.328566 0.385705 0.215256 -0.331913 0.390685
0.243889 -0.328457 0.385531 0.215745 -0.331858 0.390598
0.244868 -0.328348 0.385357 0.216722 -0.331749 0.390425
0.245847 -0.328239 0.385183 0.217698 -0.331641 0.390253
0.246825 -0.328131 0.385009 0.21916 -0.331478 0.389994
0.247804 -0.328022 0.384835 0.220134 -0.331369 0.389821
0.248783 -0.327913 0.384661 0.221108 -0.33126 0.389649
0.249761 -0.327804 0.384487 0.221594 -0.331206 0.389562
0.25074 -0.327696 0.384313 0.223053 -0.331043 0.389304
0.251719 -0.327587 0.384139 0.224025 -0.330935 0.389132
0.252698 -0.327478 0.383965 0.224997 -0.330826 0.388959
0.253676 -0.327369 0.383791 0.225969 -0.330717 0.388787
0.254655 -0.327261 0.383617 0.22694 -0.330609 0.388615
0.255634 -0.327152 0.383443 0.227911 -0.3305 0.388443
0.256613 -0.327043 0.383269 0.228883 -0.330392 0.388271
0.257591 -0.326934 0.383095 0.229854 -0.330283 0.388099
0.25857 -0.326826 0.382921 0.230825 -0.330175 0.387927
0.259549 -0.326717 0.382747 0.231796 -0.330066 0.387755
0.260527 -0.326608 0.382573 0.232767 -0.329958 0.387583
0.261506 -0.326499 0.382399 0.233739 -0.329849 0.38741
0.262485 -0.326391 0.382225 0.23471 -0.329741 0.387238
0.263464 -0.326282 0.382051 0.235682 -0.329632 0.387066
0.264442 -0.326173 0.381877 0.236654 -0.329523 0.386894
0.265421 -0.326064 0.381703 0.237626 -0.329415 0.386722
0.2664 -0.325956 0.381529 0.238598 -0.329306 0.38655
0.267378 -0.325847 0.381355 0.239571 -0.329198 0.386377
0.268357 -0.325738 0.381181 0.240057 -0.329143 0.386291
0.269336 -0.325629 0.381007 0.241515 -0.328981 0.386033
0.270315 -0.325521 0.380833 0.242484 -0.328872 0.385861
0.271293 -0.325412 0.380659 0.24345 -0.328764 0.38569
0.272272 -0.325303 0.380485 0.244416 -0.328656 0.385518
0.273251 -0.325194 0.380311 0.245384 -0.328548 0.385347
0.27423 -0.325086 0.380137 0.246353 -0.328439 0.385175
0.275208 -0.324977 0.379963 0.247322 -0.328331 0.385004
0.276187 -0.324868 0.379789 0.248292 -0.328223 0.384832
0.277166 -0.324759 0.379615 0.249264 -0.328114 0.38466
0.278144 -0.324651 0.379441 0.250236 -0.328006 0.384487
0.279123 -0.324542 0.379267 0.251208 -0.327897 0.384315
0.280102 -0.324433 0.379093 0.252182 -0.327789 0.384143
0.281081 -0.324324 0.378919 0.253156 -0.32768 0.38397
0.282059 -0.324216 0.378745 0.25413 -0.327571 0.383798
0.283038 -0.324107 0.378571 0.255105 -0.327463 0.383625
0.284017 -0.323998 0.378397 0.256081 -0.327354 0.383452
0.284996 -0.323889 0.378223 0.257057 -0.327245 0.383279
0.285974 -0.323781 0.378049 0.258033 -0.327136 0.383106
0.286953 -0.323672 0.377875 0.25901 -0.327028 0.382933
0.287932 -0.323563 0.377701 0.259987 -0.326919 0.38276
0.28891 -0.323454 0.377527 0.260964 -0.32681 0.382587
0.289889 -0.323346 0.377353 0.261942 -0.326701 0.382414
0.290868 -0.323237 0.377179 0.26292 -0.326592 0.382241
0.291847 -0.323128 0.377005 0.263898 -0.326483 0.382068
0.292825 -0.323019 0.376831 0.264876 -0.326374 0.381894
0.293804 -0.322911 0.376657 0.265365 -0.326319 0.381808
0.294783 -0.322802 0.376483 0.266833 -0.326156 0.381548
0.295761 -0.322693 0.376309 0.267812 -0.326046 0.381374
0.29674 -0.322584 0.376135 0.268791 -0.325937 0.381201
0.297719 -0.322476 0.375961 0.26928 -0.325883 0.381114
0.298698 -0.322367 0.375787 0.270259 -0.325774 0.380941
0.299676 -0.322258 0.375613 0.271722 -0.32561 0.380682
0.300655 -0.322149 0.375439 0.27318 -0.325447 0.380423
0.301634 -0.322041 0.375265 0.273666 -0.325393 0.380337
0.302613 -0.321932 0.375091 0.275123 -0.325229 0.380079
0.303591 -0.321823 0.374917 0.27609 -0.325121 0.379907
0.30457 -0.321714 0.374743 0.276571 -0.325067 0.379822
0.305549 -0.321606 0.374569 0.278473 -0.324852 0.379484
0.306527 -0.321497 0.374395 0.279419 -0.324745 0.379315
0.307506 -0.321388 0.374221 0.280367 -0.324639 0.379147
0.308485 -0.321279 0.374047 0.281316 -0.324532 0.378978
0.309464 -0.321171 0.373873 0.282265 -0.324425 0.37881
0.310442 -0.321062 0.373699 0.283214 -0.324318 0.378641
0.311421 -0.320953 0.373525 0.284164 -0.324212 0.378473
0.3124 -0.320844 0.373351 0.285113 -0.324105 0.378304
0.313378 -0.320736 0.373177 0.286064 -0.323998 0.378135
0.314357 -0.320627 0.373003 0.287015 -0.323892 0.377967
0.315336 -0.320518 0.372829 0.287967 -0.323785 0.377798
0.316315 -0.320409 0.372655 0.28892 -0.323679 0.377629
0.317293 -0.320301 0.372481 0.289874 -0.323572 0.37746
0.318272 -0.320192 0.372307 0.290828 -0.323465 0.37729
0.319251 -0.320083 0.372133 0.291783 -0.323358 0.377121
0.32023 -0.319974 0.371959 0.292739 -0.323252 0.376952
0.321208 -0.319866 0.371785 0.293695 -0.323145 0.376782
0.322187 -0.319757 0.371611 0.294653 -0.323038 0.376612
0.323166 -0.319648 0.371437 0.295611 -0.322931 0.376443
0.324144 -0.31954 0.371263 0.29657 -0.322824 0.376273
0.325123 -0.319431 0.371089 0.29753 -0.322717 0.376103
0.326102 -0.319322 0.370915 0.29801 -0.322664 0.376018
0.327081 -0.319213 0.370741 0.299452 -0.322503 0.375762
0.328059 -0.319105 0.370567 0.300413 -0.322396 0.375592
0.329038 -0.318996 0.370393 0.301376 -0.322289 0.375421
0.330017 -0.318887 0.370219 0.302339 -0.322182 0.375251
0.330996 -0.318778 0.370045 0.303303 -0.322074 0.37508
0.331974 -0.31867 0.369871 0.304268 -0.321967 0.374909
0.332953 -0.318561 0.369697 0.305233 -0.32186 0.374738
0.333932 -0.318452 0.369523 0.306199 -0.321752 0.374567
0.33491 -0.318343 0.369349 0.307165 -0.321644 0.374396
0.335889 -0.318235 0.369175 0.308133 -0.321537 0.374225
0.336868 -0.318126 0.369001 0.3091 -0.321429 0.374053
0.337847 -0.318017 0.368827 0.310069 -0.321321 0.373882
0.338825 -0.317908 0.368653 0.311038 -0.321214 0.37371
0.339804 -0.3178 0.368479 0.312007 -0.321106 0.373539
0.340783 -0.317691 0.368305 0.312977 -0.320998 0.373367
0.341761 -0.317582 0.368131 0.313948 -0.32089 0.373195
0.34274 -0.317473 0.367957 0.314919 -0.320782 0.373023
0.343719 -0.317365 0.367783 0.31589 -0.320674 0.372851
0.344698 -0.317256 0.367609 0.316862 -0.320565 0.372679
0.345676 -0.317147 0.367435 0.317835 -0.320457 0.372507
0.346655 -0.317038 0.367261 0.318807 -0.320349 0.372334
0.347634 -0.31693 0.367087 0.319781 -0.320241 0.372162
0.348613 -0.316821 0.366913 0.320754 -0.320132 0.371989
0.349591 -0.316712 0.366739 0.321728 -0.320024 0.371817
0.35057 -0.316603 0.366565 0.322702 -0.319915 0.371644
0.351549 -0.316495 0.366391 0.323677 -0.319807 0.371472
0.352527 -0.316386 0.366217 0.324651 -0.319698 0.371299
0.353506 -0.316277 0.366043 0.325626 -0.31959 0.371126
0.354485 -0.316168 0.365869 0.326114 -0.319535 0.37104
0.355464 -0.31606 0.365695 0.327577 -0.319372 0.37078
0.356442 -0.315951 0.365521 0.328553 -0.319264 0.370607
0.357421 -0.315842 0.365347 0.329529 -0.319155 0.370435
0.3584 -0.315733 0.365173 0.330017 -0.3191 0.370348
0.359378 -0.315625 0.364999 0.331482 -0.318937 0.370088
0.360357 -0.315516 0.364825 0.332459 -0.318828 0.369915
0.361336 -0.315407 0.364651 0.333435 -0.31872 0.369742
0.362315 -0.315298 0.364477 0.334413 -0.318611 0.369569
0.363293 -0.31519 0.364303 0.33539 -0.318502 0.369396
0.364272 -0.315081 0.364129 0.336367 -0.318393 0.369223
0.365251 -0.314972 0.363955 0.337345 -0.318284 0.369049
0.36623 -0.314863 0.363781 0.338322 -0.318175 0.368876
0.367208 -0.314755 0.363607 0.3393 -0.318066 0.368703
0.368187 -0.314646 0.363433 0.340278 -0.317957 0.368529
0.369166 -0.314537 0.363259 0.341256 -0.317848 0.368356
0.370144 -0.314428 0.363085 0.341745 -0.317793 0.368269
0.371123 -0.31432 0.362911 0.343213 -0.317629 0.368009
0.372102 -0.314211 0.362737 0.344192 -0.31752 0.367835
0.373081 -0.314102 0.362563 0.344681 -0.317466 0.367749
0.374059 -0.313993 0.362389 0.345659 -0.317357 0.367575
0.375038 -0.313885 0.362215 0.346149 -0.317302 0.367488
0.376017 -0.313776 0.362041 0.348106 -0.317084 0.367141
0.376996 -0.313667 0.361867 0.349086 -0.316975 0.366967
0.377974 -0.313558 0.361693 0.350066 -0.316865 0.366794
0.378953 -0.31345 0.361519 0.350557 -0.316811 0.366707
0.379932 -0.313341 0.361345 0.352026 -0.316647 0.366446
0.38091 -0.313232 0.361171 0.353001 -0.316538 0.366273
0.381889 -0.313123 0.360997 0.353974 -0.316429 0.3661
0.382868 -0.313015 0.360823 0.354946 -0.31632 0.365928
0.383847 -0.312906 0.360649 0.355919 -0.316211 0.365755
0.384825 -0.312797 0.360476 0.356893 -0.316103 0.365582
0.385804 -0.312688 0.360302 0.357868 -0.315994 0.365409
0.386783 -0.31258 0.360128 0.358843 -0.315885 0.365236
0.387761 -0.312471 0.359954 0.360307 -0.315722 0.364976
0.38874 -0.312362 0.35978 0.361283 -0.315613 0.364803
0.389719 -0.312253 0.359606 0.362257 -0.315504 0.36463
0.390698 -0.312145 0.359432 0.363228 -0.315395 0.364458
0.391676 -0.312036 0.359258 0.364195 -0.315287 0.364286
0.392655 -0.311927 0.359084 0.365158 -0.315179 0.364115
0.393634 -0.311818 0.35891 0.366117 -0.315071 0.363944
0.394613 -0.31171 0.358736 0.367074 -0.314964 0.363774
0.395591 -0.311601 0.358562 0.369458 -0.314696 0.363349
0.39657 -0.311492 0.358388 0.370411 -0.314589 0.36318
0.397549 -0.311383 0.358214 0.37136 -0.314483 0.363011
0.398527 -0.311275 0.35804 0.372303 -0.314376 0.362843
0.399506 -0.311166 0.357866 0.372771 -0.314324 0.36276
0.400485 -0.311057 0.357692 0.374627 -0.314114 0.362428
0.401464 -0.310948 0.357518 0.375548 -0.31401 0.362264
0.402442 -0.31084 0.357344 0.376009 -0.313958 0.362181
0.403421 -0.310731 0.35717 0.37739 -0.313802 0.361935
0.4044 -0.310622 0.356996 0.37831 -0.313698 0.361771
0.405378 -0.310514 0.356822 0.379229 -0.313594 0.361607
0.406357 -0.310405 0.356648 0.380144 -0.313491 0.361444
0.407336 -0.310296 0.356474 0.381968 -0.313286 0.361119
0.408315 -0.310187 0.3563 0.382874 -0.313183 0.360957
0.409293 -0.310079 0.356126 0.383776 -0.313082 0.360796
0.410272 -0.30997 0.355952 0.385567 -0.312879 0.360476
0.411251 -0.309861 0.355778 0.386458 -0.312779 0.360317
0.41223 -0.309752 0.355604 0.38779 -0.312628 0.36008
0.413208 -0.309644 0.35543 0.388673 -0.312528 0.359922
0.414187 -0.309535 0.355256 0.389549 -0.312429 0.359765
0.415166 -0.309426 0.355082 0.390419 -0.312331 0.35961
0.416144 -0.309317 0.354908 0.390852 -0.312282 0.359533
0.417123 -0.309209 0.354734 0.391715 -0.312184 0.359378
0.418102 -0.3091 0.35456 0.392577 -0.312087 0.359224
0.419081 -0.308991 0.354386 0.393437 -0.311989 0.359071
0.420059 -0.308882 0.354212 0.394294 -0.311892 0.358918
0.421038 -0.308774 0.354038 0.395151 -0.311796 0.358764
0.422017 -0.308665 0.353864 0.39601 -0.311699 0.358611
0.422996 -0.308556 0.35369 0.396873 -0.311602 0.358457
0.423974 -0.308447 0.353516 0.397305 -0.311554 0.35838
0.424953 -0.308339 0.353342 0.398609 -0.311408 0.358149
0.425932 -0.30823 0.353168 0.399045 -0.311359 0.358071
0.42691 -0.308121 0.352994 0.400357 -0.311213 0.357838
0.427889 -0.308012 0.35282 0.401233 -0.311115 0.357682
0.428868 -0.307904 0.352646 0.402113 -0.311017 0.357526
0.429847 -0.307795 0.352472 0.402999 -0.310919 0.357369
0.430825 -0.307686 0.352298 0.40389 -0.31082 0.357212
0.431804 -0.307577 0.352124 0.404785 -0.310721 0.357053
0.432783 -0.307469 0.35195 0.405234 -0.310671 0.356974
0.433761 -0.30736 0.351776 0.405685 -0.310622 0.356894
0.43474 -0.307251 0.351602 0.406137 -0.310572 0.356814
0.435719 -0.307142 0.351428 0.407505 -0.310421 0.356573
0.436698 -0.307034 0.351254 0.408425 -0.31032 0.356411
0.437676 -0.306925 0.35108 0.40935 -0.310218 0.356248
0.438655 -0.306816 0.350906 0.411219 -0.310014 0.355919
0.439634 -0.306707 0.350732 0.413104 -0.309807 0.355587
0.440613 -0.306599 0.350558 0.414048 -0.309703 0.355421
0.441591 -0.30649 0.350384 0.416862 -0.309393 0.354924
0.44257 -0.306381 0.35021 0.419171 -0.309137 0.354515
0.443549 -0.306272 0.350036 0.420528 -0.308985 0.354274
0.444527 -0.306164 0.349862 0.421859 -0.308835 0.354036
0.445506 -0.306055 0.349688 0.422297 -0.308786 0.353958
0.446485 -0.305946 0.349514 0.423163 -0.308688 0.353802
0.447464 -0.305837 0.34934 0.424019 -0.308591 0.353649
0.448442 -0.305729 0.349166 0.424866 -0.308495 0.353497
0.449421 -0.30562 0.348992 0.426541 -0.308304 0.353196
0.4504 -0.305511 0.348818 0.427784 -0.308163 0.352972
0.451379 -0.305402 0.348644 0.429016 -0.308023 0.352751
0.452357 -0.305294 0.34847 0.431419 -0.307748 0.352317
0.453336 -0.305185 0.348296 0.432204 -0.307659 0.352176
0.454315 -0.305076 0.348122 0.433368 -0.307526 0.351966
0.455293 -0.304967 0.347948 0.434136 -0.307438 0.351827
0.456272 -0.304859 0.347774 0.434895 -0.307351 0.35169
0.457251 -0.30475 0.3476 0.435646 -0.307265 0.351554
0.45823 -0.304641 0.347426 0.437128 -0.307095 0.351286
0.459208 -0.304532 0.347252 0.437495 -0.307053 0.35122
0.460187 -0.304424 0.347078 0.438595 -0.306928 0.351021
0.461166 -0.304315 0.346904 0.439326 -0.306844 0.35089
0.462144 -0.304206 0.34673 0.43969 -0.306803 0.350824
0.463123 -0.304097 0.346556 0.441505 -0.306597 0.350498
0.464102 -0.303989 0.346382 0.442231 -0.306515 0.350367
0.465081 -0.30388 0.346208 0.442958 -0.306432 0.350237
0.466059 -0.303771 0.346034 0.443688 -0.30635 0.350107
0.467038 -0.303662 0.34586 0.445156 -0.306185 0.349844
0.468017 -0.303554 0.345686 0.445525 -0.306144 0.349779
0.468996 -0.303445 0.345512 0.446265 -0.306061 0.349647
0.469974 -0.303336 0.345338 0.447004 -0.305978 0.349515
0.470953 -0.303227 0.345164 0.447742 -0.305896 0.349384
0.471932 -0.303119 0.34499 0.44848 -0.305813 0.349253
0.47291 -0.30301 0.344816 0.44922 -0.305731 0.349121
0.473889 -0.302901 0.344642 0.449963 -0.305648 0.348989
0.474868 -0.302792 0.344468 0.45109 -0.305523 0.348789
0.475847 -0.302684 0.344294 0.451469 -0.305481 0.348722
0.476825 -0.302575 0.34412 0.452613 -0.305355 0.34852
0.477804 -0.302466 0.343946 0.452997 -0.305312 0.348452
0.478783 -0.302357 0.343772 0.453773 -0.305227 0.348315
0.479761 -0.302249 0.343598 0.454556 -0.305141 0.348177
0.48074 -0.30214 0.343424 0.456549 -0.304922 0.347826
0.481719 -0.302031 0.34325 0.457359 -0.304834 0.347684
0.482698 -0.301922 0.343076 0.458174 -0.304744 0.347541
0.483676 -0.301814 0.342902 0.458991 -0.304655 0.347398
0.484655 -0.301705 0.342728 0.459809 -0.304566 0.347254
0.485634 -0.301596 0.342554 0.461861 -0.304341 0.346893
0.486613 -0.301487 0.34238 0.463096 -0.304205 0.346675
0.487591 -0.301379 0.342206 0.46392 -0.304114 0.34653
0.48857 -0.30127 0.342032 0.46474 -0.304024 0.346385
0.489549 -0.301161 0.341858 0.465557 -0.303934 0.346241
0.490527 -0.301053 0.341684 0.466373 -0.303844 0.346096
0.491506 -0.300944 0.34151 0.467192 -0.303753 0.345951
0.492485 -0.300835 0.341336 0.468423 -0.303617 0.345734
0.493464 -0.300726 0.341162 0.469661 -0.303481 0.345515
0.494442 -0.300618 0.340988 0.470488 -0.303389 0.345368
0.495421 -0.300509 0.340814 0.471312 -0.303298 0.345222
0.4964 -0.3004 0.34064 0.472543 -0.303162 0.345004
0.497379 -0.300291 0.340466 0.473366 -0.30307 0.344858
0.498357 -0.300183 0.340292 0.47501 -0.302888 0.344567
0.499336 -0.300074 0.340118 0.47542 -0.302843 0.344494
0.500315 -0.299965 0.339944 0.475831 -0.302797 0.344421
0.499336 -0.300074 0.340118 0.476651 -0.302706 0.344275
0.500315 -0.299965 0.339944 0.477471 -0.302615 0.34413
0.499336 -0.300074 0.340118 0.47829 -0.302524 0.343984
0.500315 -0.299965 0.339944 0.479108 -0.302433 0.343839
0.499336 -0.300074 0.340118 0.47993 -0.302342 0.343693
0.500315 -0.299965 0.339944 0.48075 -0.30225 0.343547
0.499336 -0.300074 0.340118 0.481564 -0.30216 0.343402
0.500315 -0.299965 0.339944 0.48237 -0.30207 0.343259
0.499336 -0.300074 0.340118 0.483165 -0.301981 0.343117
0.500315 -0.299965 0.339944 0.483947 -0.301893 0.342977
0.499336 -0.300074 0.340118 0.484714 -0.301806 0.342839
0.500315 -0.299965 0.339944 0.485465 -0.301721 0.342704
0.499336 -0.300074 0.340118 0.486197 -0.301638 0.342572
0.500315 -0.299965 0.339944 0.486909 -0.301556 0.342443
0.499336 -0.300074 0.340118 0.487601 -0.301477 0.342317
0.500315 -0.299965 0.339944 0.488271 -0.3014 0.342195
0.499336 -0.300074 0.340118 0.488919 -0.301325 0.342076
0.500315 -0.299965 0.339944 0.489545 -0.301252 0.341961
0.499336 -0.300074 0.340118 0.490148 -0.301182 0.34185
0.500315 -0.299965 0.339944 0.490728 -0.301114 0.341743
0.499336 -0.300074 0.340118 0.491284 -0.301048 0.34164
0.500315 -0.299965 0.339944 0.491818 -0.300985 0.341541
0.499336 -0.300074 0.340118 0.492328 -0.300925 0.341447
0.500315 -0.299965 0.339944 0.492814 -0.300867 0.341356
0.499336 -0.300074 0.340118 0.493277 -0.300811 0.341269
0.500315 -0.299965 0.339944 0.493718 -0.300759 0.341186
0.499336 -0.300074 0.340118 0.494139 -0.300708 0.341108
0.500315 -0.299965 0.339944 0.494538 -0.30066 0.341032
0.499336 -0.300074 0.340118 0.494915 -0.300615 0.340961
0.500315 -0.299965 0.339944 0.49527 -0.300572 0.340894
0.499336 -0.300074 0.340118 0.495604 -0.300531 0.340831
0.500315 -0.299965 0.339944 0.495919 -0.300493 0.340771
0.499336 -0.300074 0.340118 0.496214 -0.300457 0.340715
0.500315 -0.299965 0.339944 0.496491 -0.300423 0.340662
0.499336 -0.300074 0.340118 0.496751 -0.300391 0.340613
0.500315 -0.299965 0.339944 0.496994 -0.300361 0.340567
0.499336 -0.300074 0.340118 0.497221 -0.300333 0.340523
0.500315 -0.299965 0.339944 0.497433 -0.300307 0.340483
0.499336 -0.300074 0.340118 0.49763 -0.300283 0.340445
0.500315 -0.299965 0.339944 0.497814 -0.30026 0.34041
0.499336 -0.300074 0.340118 0.497984 -0.300239 0.340377
0.500315 -0.299965 0.339944 0.498142 -0.30022 0.340347
0.499336 -0.300074 0.340118 0.498289 -0.300202 0.340318
0.500315 -0.299965 0.339944 0.498424 -0.300185 0.340292
0.499336 -0.300074 0.340118 0.498548 -0.300169 0.340268
0.500315 -0.299965 0.339944 0.498663 -0.300155 0.340246
0.499336 -0.300074 0.340118 0.498769 -0.300142 0.340226
0.500315 -0.299965 0.339944 0.498866 -0.30013 0.340207
0.499336 -0.300074 0.340118 0.498955 -0.300119 0.34019
0.500315 -0.299965 0.339944 0.499036 -0.300109 0.340175
