-0.398154 -0.399795 0.499672 -0.399132 -0.399903 0.499847
-0.397175 -0.399686 0.499498 -0.399132 -0.399903 0.499847
-0.396196 -0.399577 0.499324 -0.399132 -0.399903 0.499847
-0.395217 -0.399469 0.49915 -0.39913 -0.399903 0.499846
-0.394239 -0.39936 0.498976 -0.399127 -0.399903 0.499846
-0.39326 -0.399251 0.498802 -0.399117 -0.399902 0.499844
-0.392281 -0.399142 0.498628 -0.399109 -0.399901 0.499843
-0.391302 -0.399034 0.498454 -0.399067 -0.399896 0.499835
-0.390324 -0.398925 0.49828 -0.399023 -0.399891 0.499827
-0.389345 -0.398816 0.498106 -0.398963 -0.399885 0.499817
-0.388366 -0.398707 0.497932 -0.398834 -0.399871 0.499794
-0.387388 -0.398599 0.497758 -0.398719 -0.399859 0.499774
-0.386409 -0.39849 0.497584 -0.398579 -0.399845 0.49975
-0.38543 -0.398381 0.49741 -0.398413 -0.399828 0.499722
-0.384451 -0.398272 0.497236 -0.39822 -0.399808 0.499689
-0.383473 -0.398164 0.497062 -0.398002 -0.399786 0.499651
-0.382494 -0.398055 0.496888 -0.397759 -0.399761 0.49961
-0.381515 -0.397946 0.496714 -0.39749 -0.399733 0.499563
-0.380536 -0.397837 0.49654 -0.397193 -0.399703 0.499513
-0.379558 -0.397729 0.496366 -0.396869 -0.399671 0.499457
-0.378579 -0.39762 0.496192 -0.396516 -0.399635 0.499397
-0.3776 -0.397511 0.496018 -0.396138 -0.399598 0.499333
-0.376622 -0.397402 0.495844 -0.395735 -0.399557 0.499264
-0.375643 -0.397294 0.49567 -0.395306 -0.399514 0.499191
-0.374664 -0.397185 0.495496 -0.394851 -0.399469 0.499114
-0.373685 -0.397076 0.495322 -0.394372 -0.399421 0.499033
-0.372707 -0.396967 0.495148 -0.393609 -0.399345 0.498903
-0.371728 -0.396859 0.494974 -0.39307 -0.399291 0.498811
-0.370749 -0.39675 0.4948 -0.392508 -0.399235 0.498716
-0.369771 -0.396641 0.494626 -0.392219 -0.399207 0.498667
-0.368792 -0.396532 0.494452 -0.391321 -0.399117 0.498514
-0.367813 -0.396424 0.494278 -0.390698 -0.399055 0.498408
-0.366834 -0.396315 0.494104 -0.390056 -0.39899 0.498299
-0.365856 -0.396206 0.49393 -0.389397 -0.398924 0.498186
-0.364877 -0.396097 0.493756 -0.38872 -0.398856 0.49807
-0.363898 -0.395989 0.493582 -0.388025 -0.398786 0.497952
-0.362919 -0.39588 0.493408 -0.387672 -0.39875 0.497891
-0.361941 -0.395771 0.493234 -0.386953 -0.398677 0.497768
-0.360962 -0.395662 0.49306 -0.385847 -0.398565 0.497579
-0.359983 -0.395554 0.492886 -0.38509 -0.398488 0.497449
-0.359005 -0.395445 0.492712 -0.384318 -0.398409 0.497317
-0.358026 -0.395336 0.492538 -0.383534 -0.398329 0.497182
-0.357047 -0.395227 0.492364 -0.383137 -0.398288 0.497114
-0.356068 -0.395119 0.49219 -0.382334 -0.398206 0.496975
-0.35509 -0.39501 0.492016 -0.38152 -0.398122 0.496835
-0.354111 -0.394901 0.491842 -0.380695 -0.398036 0.496693
-0.353132 -0.394792 0.491668 -0.379859 -0.39795 0.496548
-0.352154 -0.394684 0.491494 -0.379012 -0.397862 0.496402
-0.351175 -0.394575 0.49132 -0.378157 -0.397773 0.496254
-0.350196 -0.394466 0.491146 -0.377293 -0.397682 0.496104
-0.349217 -0.394357 0.490972 -0.376421 -0.397591 0.495952
-0.348239 -0.394249 0.490798 -0.375542 -0.397498 0.495799
-0.34726 -0.39414 0.490624 -0.374655 -0.397405 0.495645
-0.346281 -0.394031 0.49045 -0.373761 -0.39731 0.495489
-0.345302 -0.393922 0.490276 -0.372861 -0.397215 0.495332
-0.344324 -0.393814 0.490102 -0.371955 -0.397119 0.495174
-0.343345 -0.393705 0.489928 -0.371044 -0.397021 0.495015
-0.342366 -0.393596 0.489754 -0.370127 -0.396923 0.494854
-0.341388 -0.393488 0.48958 -0.369204 -0.396825 0.494692
-0.340409 -0.393379 0.489406 -0.368278 -0.396725 0.49453
-0.33943 -0.39327 0.489232 -0.367347 -0.396625 0.494366
-0.338451 -0.393161 0.489058 -0.366411 -0.396524 0.494202
-0.337473 -0.393053 0.488884 -0.365472 -0.396423 0.494037
-0.336494 -0.392944 0.48871 -0.36453 -0.39632 0.493871
-0.335515 -0.392835 0.488536 -0.363583 -0.396218 0.493704
-0.334536 -0.392726 0.488362 -0.362633 -0.396115 0.493536
-0.333558 -0.392618 0.488188 -0.361681 -0.396011 0.493368
-0.332579 -0.392509 0.488014 -0.360247 -0.395854 0.493115
-0.3316 -0.3924 0.48784 -0.359288 -0.39575 0.492945
-0.330622 -0.392291 0.487666 -0.358327 -0.395644 0.492775
-0.329643 -0.392183 0.487492 -0.357364 -0.395539 0.492605
-0.328664 -0.392074 0.487318 -0.356399 -0.395433 0.492434
-0.327685 -0.391965 0.487144 -0.355432 -0.395326 0.492263
-0.326707 -0.391856 0.48697 -0.354465 -0.39522 0.492091
-0.325728 -0.391748 0.486796 -0.353495 -0.395113 0.491919
-0.324749 -0.391639 0.486622 -0.352525 -0.395006 0.491747
-0.323771 -0.39153 0.486448 -0.351554 -0.394899 0.491574
-0.322792 -0.391421 0.486274 -0.350581 -0.394791 0.491401
-0.321813 -0.391313 0.4861 -0.349608 -0.394683 0.491228
-0.320834 -0.391204 0.485926 -0.348633 -0.394575 0.491055
-0.319856 -0.391095 0.485752 -0.347658 -0.394467 0.490881
-0.318877 -0.390986 0.485578 -0.346683 -0.394359 0.490708
-0.317898 -0.390878 0.485404 -0.345706 -0.394251 0.490534
-0.316919 -0.390769 0.48523 -0.344729 -0.394142 0.49036
-0.315941 -0.39066 0.485056 -0.343752 -0.394034 0.490186
-0.314962 -0.390551 0.484882 -0.342774 -0.393925 0.490012
-0.313983 -0.390443 0.484708 -0.341795 -0.393816 0.489837
-0.313005 -0.390334 0.484534 -0.340817 -0.393707 0.489663
-0.312026 -0.390225 0.48436 -0.339838 -0.393598 0.489488
-0.311047 -0.390116 0.484186 -0.339348 -0.393544 0.489401
-0.310068 -0.390008 0.484012 -0.33788 -0.39338 0.489139
-0.30909 -0.389899 0.483838 -0.336905 -0.393271 0.488965
-0.308111 -0.38979 0.483664 -0.335932 -0.393162 0.488792
-0.307132 -0.389681 0.48349 -0.33496 -0.393054 0.488618
-0.306153 -0.389573 0.483316 -0.333986 -0.392945 0.488444
-0.305175 -0.389464 0.483142 -0.333011 -0.392836 0.48827
-0.304196 -0.389355 0.482968 -0.332036 -0.392727 0.488096
-0.303217 -0.389246 0.482794 -0.331059 -0.392618 0.487922
-0.302239 -0.389138 0.48262 -0.330082 -0.392509 0.487748
-0.30126 -0.389029 0.482446 -0.329104 -0.3924 0.487573
-0.300281 -0.38892 0.482272 -0.328126 -0.392291 0.487399
-0.299302 -0.388811 0.482098 -0.327146 -0.392182 0.487224
-0.298324 -0.388703 0.481924 -0.326167 -0.392073 0.487049
-0.297345 -0.388594 0.48175 -0.325187 -0.391963 0.486874
-0.296366 -0.388485 0.481576 -0.324207 -0.391854 0.4867
-0.295388 -0.388376 0.481402 -0.323226 -0.391745 0.486525
-0.294409 -0.388268 0.481228 -0.322245 -0.391636 0.48635
-0.29343 -0.388159 0.481054 -0.321264 -0.391527 0.486175
-0.292451 -0.38805 0.48088 -0.320283 -0.391417 0.486
-0.291473 -0.387941 0.480706 -0.319301 -0.391308 0.485825
-0.290494 -0.387833 0.480532 -0.31832 -0.391199 0.48565
-0.289515 -0.387724 0.480358 -0.317338 -0.39109 0.485475
-0.288536 -0.387615 0.480184 -0.316356 -0.39098 0.4853
-0.287558 -0.387506 0.48001 -0.315374 -0.390871 0.485125
-0.286579 -0.387398 0.479836 -0.314392 -0.390762 0.48495
-0.2856 -0.387289 0.479662 -0.313411 -0.390653 0.484775
-0.284622 -0.38718 0.479488 -0.312429 -0.390543 0.4846
-0.283643 -0.387071 0.479314 -0.311447 -0.390434 0.484425
-0.282664 -0.386963 0.47914 -0.310465 -0.390325 0.48425
-0.281685 -0.386854 0.478966 -0.309483 -0.390216 0.484075
-0.280707 -0.386745 0.478792 -0.308501 -0.390106 0.4839
-0.279728 -0.386636 0.478618 -0.30801 -0.390052 0.483813
-0.278749 -0.386528 0.478444 -0.306538 -0.389888 0.48355
-0.277771 -0.386419 0.47827 -0.305556 -0.389779 0.483375
-0.276792 -0.38631 0.478096 -0.304575 -0.38967 0.4832
-0.275813 -0.386201 0.477922 -0.303593 -0.38956 0.483025
-0.274834 -0.386093 0.477748 -0.302612 -0.389451 0.48285
-0.273856 -0.385984 0.477574 -0.301631 -0.389342 0.482676
-0.272877 -0.385875 0.4774 -0.300649 -0.389233 0.482501
-0.271898 -0.385766 0.477226 -0.300159 -0.389179 0.482413
-0.270919 -0.385658 0.477052 -0.298687 -0.389015 0.482151
-0.269941 -0.385549 0.476878 -0.297706 -0.388906 0.481976
-0.268962 -0.38544 0.476704 -0.296724 -0.388797 0.481801
-0.267983 -0.385331 0.47653 -0.295743 -0.388688 0.481626
-0.267005 -0.385223 0.476356 -0.294762 -0.388578 0.481452
-0.266026 -0.385114 0.476182 -0.293781 -0.388469 0.481277
-0.265047 -0.385005 0.476008 -0.2928 -0.38836 0.481102
-0.264068 -0.384896 0.475834 -0.291819 -0.388251 0.480927
-0.26309 -0.384788 0.47566 -0.290838 -0.388142 0.480752
-0.262111 -0.384679 0.475486 -0.289858 -0.388033 0.480578
-0.261132 -0.38457 0.475312 -0.288877 -0.387924 0.480403
-0.260153 -0.384461 0.475138 -0.287897 -0.387815 0.480228
-0.259175 -0.384353 0.474964 -0.286917 -0.387706 0.480054
-0.258196 -0.384244 0.47479 -0.285936 -0.387598 0.479879
-0.257217 -0.384135 0.474616 -0.284956 -0.387489 0.479704
-0.256239 -0.384027 0.474442 -0.283976 -0.38738 0.47953
-0.25526 -0.383918 0.474268 -0.282996 -0.387271 0.479355
-0.254281 -0.383809 0.474094 -0.282017 -0.387162 0.479181
-0.253302 -0.3837 0.47392 -0.281037 -0.387053 0.479006
-0.252324 -0.383592 0.473746 -0.280057 -0.386944 0.478831
-0.251345 -0.383483 0.473572 -0.279077 -0.386835 0.478657
-0.250366 -0.383374 0.473398 -0.278098 -0.386727 0.478482
-0.249388 -0.383265 0.473224 -0.277118 -0.386618 0.478308
-0.248409 -0.383157 0.47305 -0.276139 -0.386509 0.478133
-0.24743 -0.383048 0.472876 -0.275159 -0.3864 0.477959
-0.246451 -0.382939 0.472702 -0.27418 -0.386291 0.477784
-0.245473 -0.38283 0.472528 -0.273201 -0.386182 0.47761
-0.244494 -0.382722 0.472354 -0.272221 -0.386074 0.477435
-0.243515 -0.382613 0.47218 -0.271242 -0.385965 0.477261
-0.242536 -0.382504 0.472006 -0.270263 -0.385856 0.477087
-0.241558 -0.382395 0.471832 -0.269284 -0.385747 0.476912
-0.240579 -0.382287 0.471658 -0.268305 -0.385639 0.476738
-0.2396 -0.382178 0.471484 -0.267326 -0.38553 0.476563
-0.238622 -0.382069 0.471311 -0.266347 -0.385421 0.476389
-0.237643 -0.38196 0.471137 -0.265368 -0.385313 0.476214
-0.236664 -0.381852 0.470963 -0.264388 -0.385204 0.47604
-0.235685 -0.381743 0.470789 -0.263409 -0.385095 0.475866
-0.234707 -0.381634 0.470615 -0.26243 -0.384986 0.475691
-0.233728 -0.381525 0.470441 -0.261451 -0.384878 0.475517
-0.232749 -0.381417 0.470267 -0.260472 -0.384769 0.475342
-0.231771 -0.381308 0.470093 -0.259493 -0.38466 0.475168
-0.230792 -0.381199 0.469919 -0.258514 -0.384552 0.474994
-0.229813 -0.38109 0.469745 -0.257535 -0.384443 0.474819
-0.228834 -0.380982 0.469571 -0.256556 -0.384334 0.474645
-0.227856 -0.380873 0.469397 -0.255577 -0.384225 0.47447
-0.226877 -0.380764 0.469223 -0.254598 -0.384117 0.474296
-0.225898 -0.380655 0.469049 -0.253129 -0.383954 0.474034
-0.224919 -0.380547 0.468875 -0.25215 -0.383845 0.47386
-0.223941 -0.380438 0.468701 -0.251661 -0.383791 0.473773
-0.222962 -0.380329 0.468527 -0.250682 -0.383682 0.473598
-0.221983 -0.38022 0.468353 -0.249704 -0.383573 0.473424
-0.221005 -0.380112 0.468179 -0.248725 -0.383465 0.47325
-0.220026 -0.380003 0.468005 -0.247747 -0.383356 0.473075
-0.219047 -0.379894 0.467831 -0.246769 -0.383248 0.472901
-0.218068 -0.379785 0.467657 -0.24579 -0.383139 0.472727
-0.21709 -0.379677 0.467483 -0.244812 -0.38303 0.472553
-0.216111 -0.379568 0.467309 -0.243833 -0.382922 0.472378
-0.215132 -0.379459 0.467135 -0.242366 -0.382759 0.472117
-0.214153 -0.37935 0.466961 -0.241877 -0.382704 0.47203
-0.213175 -0.379242 0.466787 -0.240409 -0.382542 0.471768
-0.212196 -0.379133 0.466613 -0.23992 -0.382487 0.471681
-0.211217 -0.379024 0.466439 -0.238942 -0.382379 0.471507
-0.210239 -0.378915 0.466265 -0.237964 -0.38227 0.471332
-0.20926 -0.378807 0.466091 -0.236985 -0.382161 0.471158
-0.208281 -0.378698 0.465917 -0.236007 -0.382053 0.470984
-0.207302 -0.378589 0.465743 -0.235029 -0.381944 0.47081
-0.206324 -0.37848 0.465569 -0.234051 -0.381836 0.470635
-0.205345 -0.378372 0.465395 -0.233073 -0.381727 0.470461
-0.204366 -0.378263 0.465221 -0.232585 -0.381673 0.470374
-0.203388 -0.378154 0.465047 -0.228714 -0.381241 0.469683
-0.202409 -0.378045 0.464873 -0.227763 -0.381134 0.469513
-0.20143 -0.377937 0.464699 -0.226817 -0.381027 0.469344
-0.200451 -0.377828 0.464525 -0.225878 -0.380921 0.469176
-0.199473 -0.377719 0.464351 -0.224943 -0.380816 0.469008
-0.198494 -0.37761 0.464177 -0.224478 -0.380763 0.468925
-0.197515 -0.377502 0.464003 -0.223087 -0.380605 0.468676
-0.196536 -0.377393 0.463829 -0.222164 -0.380501 0.46851
-0.195558 -0.377284 0.463655 -0.221244 -0.380397 0.468345
-0.194579 -0.377175 0.463481 -0.220785 -0.380345 0.468263
-0.1936 -0.377067 0.463307 -0.219868 -0.380241 0.468099
-0.192622 -0.376958 0.463133 -0.218496 -0.380086 0.467853
-0.191643 -0.376849 0.462959 -0.217582 -0.379983 0.467689
-0.190664 -0.37674 0.462785 -0.217125 -0.379931 0.467608
-0.189685 -0.376632 0.462611 -0.21621 -0.379828 0.467444
-0.188707 -0.376523 0.462437 -0.214834 -0.379674 0.467198
-0.187728 -0.376414 0.462263 -0.213915 -0.379571 0.467034
-0.186749 -0.376305 0.462089 -0.212995 -0.379468 0.466869
-0.185771 -0.376197 0.461915 -0.212076 -0.379365 0.466705
-0.184792 -0.376088 0.461741 -0.211616 -0.379314 0.466623
-0.183813 -0.375979 0.461567 -0.210235 -0.37916 0.466377
-0.182834 -0.37587 0.461393 -0.209313 -0.379057 0.466212
-0.181856 -0.375762 0.461219 -0.208388 -0.378954 0.466047
-0.180877 -0.375653 0.461045 -0.20746 -0.378851 0.465882
-0.179898 -0.375544 0.460871 -0.206531 -0.378748 0.465717
-0.178919 -0.375435 0.460697 -0.205601 -0.378645 0.465551
-0.177941 -0.375327 0.460523 -0.205134 -0.378594 0.465468
-0.176962 -0.375218 0.460349 -0.203733 -0.378439 0.465218
-0.175983 -0.375109 0.460175 -0.202796 -0.378336 0.465052
-0.175005 -0.375001 0.460001 -0.201857 -0.378232 0.464885
-0.174026 -0.374892 0.459827 -0.200917 -0.378128 0.464717
-0.173047 -0.374783 0.459653 -0.199975 -0.378025 0.46455
-0.172068 -0.374674 0.459479 -0.199031 -0.377921 0.464382
-0.17109 -0.374566 0.459305 -0.198086 -0.377817 0.464214
-0.170111 -0.374457 0.459131 -0.197139 -0.377712 0.464046
-0.169132 -0.374348 0.458957 -0.196191 -0.377608 0.463877
-0.168153 -0.374239 0.458783 -0.195241 -0.377504 0.463708
-0.167175 -0.374131 0.458609 -0.19429 -0.377399 0.463539
-0.166196 -0.374022 0.458435 -0.193337 -0.377294 0.46337
-0.165217 -0.373913 0.458261 -0.192383 -0.377189 0.4632
-0.164239 -0.373804 0.458087 -0.191427 -0.377084 0.46303
-0.16326 -0.373696 0.457913 -0.19047 -0.376979 0.46286
-0.162281 -0.373587 0.457739 -0.189511 -0.376874 0.46269
-0.161302 -0.373478 0.457565 -0.18855 -0.376768 0.462519
-0.160324 -0.373369 0.457391 -0.187588 -0.376662 0.462348
-0.159345 -0.373261 0.457217 -0.186625 -0.376556 0.462177
-0.158366 -0.373152 0.457043 -0.185661 -0.37645 0.462005
-0.157388 -0.373043 0.456869 -0.184696 -0.376344 0.461834
-0.156409 -0.372934 0.456695 -0.18373 -0.376238 0.461662
-0.15543 -0.372826 0.456521 -0.183246 -0.376185 0.461576
-0.154451 -0.372717 0.456347 -0.182278 -0.376078 0.461404
-0.153473 -0.372608 0.456173 -0.180825 -0.375918 0.461145
-0.152494 -0.372499 0.455999 -0.179855 -0.375812 0.460973
-0.151515 -0.372391 0.455825 -0.17937 -0.375758 0.460886
-0.150536 -0.372282 0.455651 -0.177912 -0.375598 0.460627
-0.149558 -0.372173 0.455477 -0.176939 -0.37549 0.460454
-0.148579 -0.372064 0.455303 -0.176453 -0.375437 0.460367
-0.1476 -0.371956 0.455129 -0.174991 -0.375276 0.460107
-0.146622 -0.371847 0.454955 -0.174504 -0.375222 0.460021
-0.145643 -0.371738 0.454781 -0.17304 -0.375061 0.45976
-0.144664 -0.371629 0.454607 -0.172552 -0.375007 0.459673
-0.143685 -0.371521 0.454433 -0.171576 -0.374899 0.459499
-0.142707 -0.371412 0.454259 -0.170598 -0.374791 0.459326
-0.141728 -0.371303 0.454085 -0.169621 -0.374683 0.459151
-0.140749 -0.371194 0.453911 -0.168643 -0.374575 0.458977
-0.139771 -0.371086 0.453737 -0.167175 -0.374413 0.458716
-0.138792 -0.370977 0.453563 -0.166686 -0.374359 0.458629
-0.137813 -0.370868 0.453389 -0.165217 -0.374196 0.458367
-0.136834 -0.370759 0.453215 -0.164238 -0.374088 0.458193
-0.135856 -0.370651 0.453041 -0.163749 -0.374034 0.458106
-0.134877 -0.370542 0.452867 -0.162281 -0.373871 0.457844
-0.133898 -0.370433 0.452693 -0.161302 -0.373763 0.45767
-0.132919 -0.370324 0.452519 -0.160812 -0.373709 0.457582
-0.131941 -0.370216 0.452345 -0.159832 -0.3736 0.457408
-0.130962 -0.370107 0.452171 -0.158363 -0.373437 0.457146
-0.129983 -0.369998 0.451997 -0.157384 -0.373329 0.456971
-0.129005 -0.369889 0.451823 -0.156894 -0.373275 0.456884
-0.128026 -0.369781 0.451649 -0.155914 -0.373166 0.456709
-0.127047 -0.369672 0.451475 -0.154934 -0.373057 0.456535
-0.126068 -0.369563 0.451301 -0.153953 -0.372949 0.45636
-0.12509 -0.369454 0.451127 -0.152973 -0.37284 0.456185
-0.124111 -0.369346 0.450953 -0.151991 -0.372731 0.45601
-0.123132 -0.369237 0.450779 -0.15101 -0.372622 0.455835
-0.122153 -0.369128 0.450605 -0.150029 -0.372513 0.45566
-0.121175 -0.369019 0.450431 -0.149047 -0.372405 0.455485
-0.120196 -0.368911 0.450257 -0.147576 -0.372241 0.455223
-0.119217 -0.368802 0.450083 -0.146595 -0.372133 0.455048
-0.118239 -0.368693 0.449909 -0.146104 -0.372078 0.45496
-0.11726 -0.368584 0.449735 -0.144633 -0.371915 0.454698
-0.116281 -0.368476 0.449561 -0.143651 -0.371806 0.454523
-0.115302 -0.368367 0.449387 -0.14316 -0.371751 0.454435
-0.114324 -0.368258 0.449213 -0.142179 -0.371642 0.45426
-0.113345 -0.368149 0.449039 -0.141198 -0.371534 0.454085
-0.112366 -0.368041 0.448865 -0.139726 -0.37137 0.453823
-0.111388 -0.367932 0.448691 -0.139236 -0.371316 0.453735
-0.110409 -0.367823 0.448517 -0.138255 -0.371207 0.45356
-0.10943 -0.367714 0.448343 -0.137274 -0.371098 0.453385
-0.108451 -0.367606 0.448169 -0.135804 -0.370935 0.453123
-0.107473 -0.367497 0.447995 -0.135314 -0.37088 0.453036
-0.106494 -0.367388 0.447821 -0.134333 -0.370771 0.452861
-0.105515 -0.367279 0.447647 -0.133353 -0.370662 0.452686
-0.104536 -0.367171 0.447473 -0.131882 -0.370499 0.452424
-0.103558 -0.367062 0.447299 -0.130902 -0.37039 0.452249
-0.102579 -0.366953 0.447125 -0.130412 -0.370336 0.452161
-0.1016 -0.366844 0.446951 -0.129432 -0.370227 0.451986
-0.100622 -0.366736 0.446777 -0.128452 -0.370118 0.451812
-0.0996428 -0.366627 0.446603 -0.127472 -0.370009 0.451637
-0.0986641 -0.366518 0.446429 -0.126492 -0.3699 0.451462
-0.0976854 -0.366409 0.446255 -0.125513 -0.369792 0.451287
-0.0967067 -0.366301 0.446081 -0.124534 -0.369683 0.451113
-0.0957279 -0.366192 0.445907 -0.124044 -0.369628 0.451025
-0.0947492 -0.366083 0.445733 -0.122577 -0.369465 0.450763
-0.0937705 -0.365974 0.445559 -0.121602 -0.369357 0.450589
-0.0927918 -0.365866 0.445385 -0.120629 -0.369249 0.450416
-0.091813 -0.365757 0.445211 -0.119657 -0.36914 0.450242
-0.0908343 -0.365648 0.445037 -0.118684 -0.369032 0.450068
-0.0898556 -0.36554 0.444863 -0.11771 -0.368924 0.449895
-0.0888769 -0.365431 0.444689 -0.116735 -0.368815 0.449721
-0.0878982 -0.365322 0.444515 -0.115759 -0.368707 0.449546
-0.0869194 -0.365213 0.444341 -0.114782 -0.368598 0.449372
-0.0859407 -0.365105 0.444167 -0.113804 -0.36849 0.449198
-0.084962 -0.364996 0.443993 -0.112826 -0.368381 0.449023
-0.0839833 -0.364887 0.443819 -0.111848 -0.368273 0.448849
-0.0830045 -0.364778 0.443645 -0.110869 -0.368164 0.448674
-0.0820258 -0.36467 0.443471 -0.109889 -0.368056 0.448499
-0.0810471 -0.364561 0.443297 -0.108909 -0.367947 0.448325
-0.0800684 -0.364452 0.443123 -0.107929 -0.367838 0.44815
-0.0790896 -0.364343 0.442949 -0.106948 -0.36773 0.447975
-0.0781109 -0.364235 0.442775 -0.105967 -0.367621 0.4478
-0.0771322 -0.364126 0.442601 -0.104986 -0.367512 0.447625
-0.0761535 -0.364017 0.442427 -0.104005 -0.367403 0.44745
-0.0751747 -0.363908 0.442253 -0.103023 -0.367295 0.447275
-0.074196 -0.3638 0.442079 -0.102042 -0.367186 0.4471
-0.0732173 -0.363691 0.441905 -0.10106 -0.367077 0.446925
-0.0722386 -0.363582 0.441731 -0.100078 -0.366968 0.44675
-0.0712599 -0.363473 0.441557 -0.0995872 -0.366914 0.446662
-0.0702811 -0.363365 0.441383 -0.0981144 -0.366751 0.446399
-0.0693024 -0.363256 0.441209 -0.0971325 -0.366642 0.446224
-0.0683237 -0.363147 0.441035 -0.0961507 -0.366533 0.446049
-0.067345 -0.363038 0.440861 -0.0951689 -0.366424 0.445874
-0.0663662 -0.36293 0.440687 -0.0941872 -0.366315 0.445699
-0.0653875 -0.362821 0.440513 -0.0932055 -0.366206 0.445524
-0.0644088 -0.362712 0.440339 -0.0917332 -0.366043 0.445261
-0.0634301 -0.362603 0.440165 -0.0907518 -0.365934 0.445086
-0.0624513 -0.362495 0.439991 -0.0897708 -0.365825 0.444911
-0.0614726 -0.362386 0.439817 -0.088792 -0.365716 0.444736
-0.0604939 -0.362277 0.439643 -0.0878171 -0.365608 0.444562
-0.0595152 -0.362168 0.439469 -0.086846 -0.3655 0.444389
-0.0585364 -0.36206 0.439295 -0.0858784 -0.365391 0.444216
-0.0575577 -0.361951 0.439121 -0.0849134 -0.365283 0.444044
-0.056579 -0.361842 0.438947 -0.0839506 -0.365176 0.443872
-0.0556003 -0.361733 0.438773 -0.0829897 -0.365068 0.443701
-0.0546216 -0.361625 0.438599 -0.0820308 -0.364961 0.443529
-0.0536428 -0.361516 0.438425 -0.0810737 -0.364853 0.443358
-0.0526641 -0.361407 0.438251 -0.0801179 -0.364746 0.443188
-0.0516854 -0.361298 0.438077 -0.0791631 -0.364639 0.443017
-0.0507067 -0.36119 0.437903 -0.0782089 -0.364532 0.442847
-0.0497279 -0.361081 0.437729 -0.0772553 -0.364426 0.442677
-0.0487492 -0.360972 0.437555 -0.0763023 -0.364319 0.442506
-0.0477705 -0.360863 0.437381 -0.0753496 -0.364213 0.442336
-0.0467918 -0.360755 0.437207 -0.074397 -0.364106 0.442166
-0.045813 -0.360646 0.437033 -0.0734443 -0.364 0.441996
-0.0448343 -0.360537 0.436859 -0.072491 -0.363893 0.441826
-0.0438556 -0.360428 0.436685 -0.0715373 -0.363787 0.441656
-0.0428769 -0.36032 0.436511 -0.0705831 -0.363681 0.441486
-0.0418981 -0.360211 0.436337 -0.0696284 -0.363574 0.441315
-0.0409194 -0.360102 0.436163 -0.0686734 -0.363468 0.441145
-0.0399407 -0.359993 0.435989 -0.0677173 -0.363362 0.440974
-0.038962 -0.359885 0.435815 -0.0667596 -0.363256 0.440804
-0.0379833 -0.359776 0.435641 -0.0658011 -0.363149 0.440633
-0.0370045 -0.359667 0.435467 -0.0648423 -0.363043 0.440462
-0.0360258 -0.359558 0.435293 -0.0638832 -0.362937 0.440291
-0.0350471 -0.35945 0.435119 -0.0629237 -0.36283 0.440119
-0.0340684 -0.359341 0.434945 -0.0619636 -0.362724 0.439948
-0.0330896 -0.359232 0.434771 -0.0610026 -0.362618 0.439777
-0.0321109 -0.359123 0.434597 -0.0600408 -0.362511 0.439605
-0.0311322 -0.359015 0.434424 -0.0590781 -0.362405 0.439434
-0.0301535 -0.358906 0.43425 -0.0581149 -0.362298 0.439262
-0.0291747 -0.358797 0.434076 -0.0571514 -0.362191 0.43909
-0.028196 -0.358688 0.433902 -0.0561875 -0.362085 0.438918
-0.0272173 -0.35858 0.433728 -0.0552233 -0.361978 0.438746
-0.0262386 -0.358471 0.433554 -0.0542585 -0.361871 0.438574
-0.0252598 -0.358362 0.43338 -0.0532931 -0.361765 0.438402
-0.0242811 -0.358253 0.433206 -0.0523273 -0.361658 0.43823
-0.0233024 -0.358145 0.433032 -0.051361 -0.361551 0.438058
-0.0223237 -0.358036 0.432858 -0.050394 -0.361444 0.437886
-0.021345 -0.357927 0.432684 -0.0489418 -0.361284 0.437627
-0.0203662 -0.357818 0.43251 -0.0484574 -0.36123 0.43754
-0.0193875 -0.35771 0.432336 -0.0465187 -0.361016 0.437195
-0.0184088 -0.357601 0.432162 -0.0455481 -0.360909 0.437022
-0.0174301 -0.357492 0.431988 -0.0445784 -0.360802 0.436849
-0.0164513 -0.357383 0.431814 -0.0436113 -0.360694 0.436676
-0.0154726 -0.357275 0.43164 -0.0426473 -0.360587 0.436505
-0.0144939 -0.357166 0.431466 -0.0412074 -0.360427 0.436248
-0.0135152 -0.357057 0.431292 -0.0402511 -0.360321 0.436077
-0.0125364 -0.356948 0.431118 -0.0392972 -0.360214 0.435907
-0.0115577 -0.35684 0.430944 -0.0383453 -0.360108 0.435737
-0.010579 -0.356731 0.43077 -0.0373951 -0.360002 0.435568
-0.00960027 -0.356622 0.430596 -0.036446 -0.359896 0.435399
-0.00862155 -0.356514 0.430422 -0.0354975 -0.35979 0.435229
-0.00764283 -0.356405 0.430248 -0.0345494 -0.359684 0.43506
-0.0066641 -0.356296 0.430074 -0.0336015 -0.359578 0.434891
-0.00568538 -0.356187 0.4299 -0.0326539 -0.359472 0.434722
-0.00470666 -0.356079 0.429726 -0.0317066 -0.359366 0.434553
-0.00372793 -0.35597 0.429552 -0.0312331 -0.359314 0.434469
-0.00274921 -0.355861 0.429378 -0.0302859 -0.359208 0.4343
-0.00177049 -0.355752 0.429204 -0.0288638 -0.35905 0.434047
-0.000791762 -0.355644 0.42903 -0.0279145 -0.358944 0.433877
0.000186962 -0.355535 0.428856 -0.0269648 -0.358839 0.433708
0.00116569 -0.355426 0.428682 -0.0260148 -0.358733 0.433539
0.00214441 -0.355317 0.428508 -0.0250645 -0.358627 0.433369
0.00312313 -0.355209 0.428334 -0.0241137 -0.358522 0.4332
0.00410186 -0.3551 0.42816 -0.0231623 -0.358416 0.43303
0.00508058 -0.354991 0.427986 -0.0222101 -0.358311 0.432861
0.0060593 -0.354882 0.427812 -0.0212568 -0.358205 0.432691
0.00703803 -0.354774 0.427638 -0.0203024 -0.358099 0.432521
0.00801675 -0.354665 0.427464 -0.0193471 -0.357994 0.43235
0.00899547 -0.354556 0.42729 -0.0183908 -0.357888 0.43218
0.0099742 -0.354447 0.427116 -0.0174338 -0.357782 0.432009
0.0109529 -0.354339 0.426942 -0.016476 -0.357676 0.431839
0.0119316 -0.35423 0.426768 -0.0155176 -0.35757 0.431668
0.0129104 -0.354121 0.426594 -0.0145586 -0.357464 0.431497
0.0138891 -0.354012 0.42642 -0.0135987 -0.357358 0.431326
0.0148678 -0.353904 0.426246 -0.0126379 -0.357252 0.431155
0.0158465 -0.353795 0.426072 -0.0116762 -0.357146 0.430984
0.0168253 -0.353686 0.425898 -0.0107135 -0.357039 0.430812
0.017804 -0.353577 0.425724 -0.00974998 -0.356933 0.43064
0.0187827 -0.353469 0.42555 -0.00878588 -0.356827 0.430469
0.0197614 -0.35336 0.425376 -0.00782127 -0.35672 0.430297
0.0207402 -0.353251 0.425202 -0.00685612 -0.356613 0.430125
0.0217189 -0.353142 0.425028 -0.00589033 -0.356507 0.429953
0.0226976 -0.353034 0.424854 -0.00540718 -0.356453 0.429867
0.0236763 -0.352925 0.42468 -0.00395684 -0.356293 0.429608
0.024655 -0.352816 0.424506 -0.00298917 -0.356186 0.429436
0.0256338 -0.352707 0.424332 -0.00202068 -0.35608 0.429264
0.0266125 -0.352599 0.424158 -0.00105147 -0.355973 0.429091
0.0275912 -0.35249 0.423984 -8.18365e-05 -0.355865 0.428918
0.0285699 -0.352381 0.42381 0.000888141 -0.355758 0.428745
0.0295487 -0.352272 0.423636 0.00137331 -0.355705 0.428659
0.0305274 -0.352164 0.423462 0.00282974 -0.355544 0.4284
0.0315061 -0.352055 0.423288 0.00380169 -0.355437 0.428227
0.0324848 -0.351946 0.423114 0.00477437 -0.355329 0.428053
0.0334636 -0.351837 0.42294 0.00574745 -0.355222 0.42788
0.0344423 -0.351729 0.422766 0.00672077 -0.355114 0.427707
0.035421 -0.35162 0.422592 0.0076943 -0.355006 0.427533
0.0363997 -0.351511 0.422418 0.00866808 -0.354899 0.42736
0.0373785 -0.351402 0.422244 0.00964217 -0.354791 0.427186
0.0383572 -0.351294 0.42207 0.0101293 -0.354737 0.4271
0.0393359 -0.351185 0.421896 0.0115909 -0.354576 0.426839
0.0403146 -0.351076 0.421722 0.0125653 -0.354468 0.426666
0.0412933 -0.350967 0.421548 0.0135397 -0.35436 0.426492
0.0422721 -0.350859 0.421374 0.0145143 -0.354252 0.426319
0.0432508 -0.35075 0.4212 0.0154892 -0.354144 0.426145
0.0442295 -0.350641 0.421026 0.0164644 -0.354036 0.425971
0.0452082 -0.350532 0.420852 0.0174398 -0.353928 0.425798
0.046187 -0.350424 0.420678 0.0184152 -0.35382 0.425624
0.0471657 -0.350315 0.420504 0.0193907 -0.353712 0.42545
0.0481444 -0.350206 0.42033 0.0203663 -0.353604 0.425277
0.0491231 -0.350097 0.420156 0.020854 -0.35355 0.42519
0.0501019 -0.349989 0.419982 0.0223175 -0.353388 0.424929
0.0510806 -0.34988 0.419808 0.0232933 -0.35328 0.424756
0.0520593 -0.349771 0.419634 0.0242693 -0.353171 0.424582
0.053038 -0.349662 0.41946 0.0252453 -0.353063 0.424408
0.0540168 -0.349554 0.419286 0.0262214 -0.352955 0.424234
0.0549955 -0.349445 0.419112 0.0271974 -0.352847 0.424061
0.0559742 -0.349336 0.418938 0.0281736 -0.352738 0.423887
0.0569529 -0.349227 0.418764 0.0291501 -0.35263 0.423713
0.0579316 -0.349119 0.41859 0.0296386 -0.352576 0.423626
0.0589104 -0.34901 0.418416 0.0306155 -0.352468 0.423452
0.0598891 -0.348901 0.418242 0.0315924 -0.352359 0.423278
0.0608678 -0.348792 0.418068 0.0325692 -0.352251 0.423105
0.0618465 -0.348684 0.417894 0.0340344 -0.352088 0.422844
0.0628253 -0.348575 0.41772 0.0345227 -0.352034 0.422757
0.063804 -0.348466 0.417546 0.035988 -0.351872 0.422496
0.0647827 -0.348357 0.417372 0.0369658 -0.351763 0.422322
0.0657614 -0.348249 0.417198 0.0379441 -0.351655 0.422148
0.0667402 -0.34814 0.417024 0.0384334 -0.351601 0.422061
0.0677189 -0.348031 0.41685 0.0399008 -0.351438 0.4218
0.0686976 -0.347922 0.416676 0.0403898 -0.351384 0.421713
0.0696763 -0.347814 0.416502 0.0408788 -0.351329 0.421626
0.0706551 -0.347705 0.416328 0.0423458 -0.351167 0.421365
0.0716338 -0.347596 0.416154 0.0433241 -0.351058 0.421191
0.0726125 -0.347487 0.41598 0.0443031 -0.350949 0.421017
0.0735912 -0.347379 0.415806 0.0447929 -0.350895 0.42093
0.0745699 -0.34727 0.415632 0.0462631 -0.350732 0.420668
0.0755487 -0.347161 0.415458 0.0472435 -0.350623 0.420494
0.0765274 -0.347053 0.415284 0.0482244 -0.350515 0.420319
0.0775061 -0.346944 0.41511 0.0492062 -0.350406 0.420145
0.0784848 -0.346835 0.414936 0.0501881 -0.350297 0.41997
0.0794636 -0.346726 0.414762 0.0511695 -0.350188 0.419795
0.0804423 -0.346618 0.414588 0.0521506 -0.35008 0.419621
0.081421 -0.346509 0.414414 0.0531319 -0.349971 0.419446
0.0823997 -0.3464 0.41424 0.0541129 -0.349862 0.419272
0.0833785 -0.346291 0.414066 0.0550935 -0.349753 0.419097
0.0843572 -0.346183 0.413892 0.0560739 -0.349644 0.418923
0.0853359 -0.346074 0.413718 0.0570545 -0.349535 0.418749
0.0863146 -0.345965 0.413544 0.0580348 -0.349427 0.418574
0.0872934 -0.345856 0.41337 0.0590148 -0.349318 0.4184
0.0882721 -0.345748 0.413196 0.0599948 -0.349209 0.418226
0.0892508 -0.345639 0.413022 0.0609754 -0.3491 0.418052
0.0902295 -0.34553 0.412848 0.061956 -0.348991 0.417877
0.0912082 -0.345421 0.412674 0.062936 -0.348882 0.417703
0.092187 -0.345313 0.4125 0.0639156 -0.348773 0.417529
0.0931657 -0.345204 0.412326 0.0648948 -0.348664 0.417355
0.0941444 -0.345095 0.412152 0.0658738 -0.348556 0.417181
0.0951231 -0.344986 0.411978 0.0668528 -0.348447 0.417007
0.0961019 -0.344878 0.411804 0.0678316 -0.348338 0.416833
0.0970806 -0.344769 0.41163 0.0688099 -0.348229 0.416659
0.0980593 -0.34466 0.411456 0.0692989 -0.348175 0.416572
0.099038 -0.344551 0.411282 0.0707655 -0.348012 0.416311
0.100017 -0.344443 0.411108 0.071743 -0.347903 0.416138
0.100995 -0.344334 0.410934 0.0727205 -0.347794 0.415964
0.101974 -0.344225 0.41076 0.0736986 -0.347685 0.41579
0.102953 -0.344116 0.410586 0.0746777 -0.347577 0.415616
0.103932 -0.344008 0.410412 0.0756573 -0.347468 0.415442
0.10491 -0.343899 0.410238 0.0766368 -0.347359 0.415268
0.105889 -0.34379 0.410064 0.0776159 -0.34725 0.415094
0.106868 -0.343681 0.40989 0.0785945 -0.347141 0.41492
0.107847 -0.343573 0.409716 0.0795732 -0.347033 0.414746
0.108825 -0.343464 0.409542 0.0805524 -0.346924 0.414572
0.109804 -0.343355 0.409368 0.0815318 -0.346815 0.414398
0.110783 -0.343246 0.409194 0.0825113 -0.346706 0.414224
0.111761 -0.343138 0.40902 0.0834908 -0.346597 0.41405
0.11274 -0.343029 0.408846 0.0844705 -0.346488 0.413876
0.113719 -0.34292 0.408672 0.0854501 -0.34638 0.413702
0.114698 -0.342811 0.408498 0.0864295 -0.346271 0.413528
0.115676 -0.342703 0.408324 0.0874088 -0.346162 0.413355
0.116655 -0.342594 0.40815 0.0883882 -0.346053 0.413181
0.117634 -0.342485 0.407976 0.0893678 -0.345944 0.413007
0.118613 -0.342376 0.407802 0.0903476 -0.345835 0.412833
0.119591 -0.342268 0.407628 0.0913273 -0.345726 0.412659
0.12057 -0.342159 0.407454 0.0923066 -0.345617 0.412485
0.121549 -0.34205 0.40728 0.093286 -0.345509 0.412311
0.122527 -0.341941 0.407106 0.0942659 -0.3454 0.412137
0.123506 -0.341833 0.406932 0.0952463 -0.345291 0.411963
0.124485 -0.341724 0.406758 0.0962268 -0.345182 0.411789
0.125464 -0.341615 0.406584 0.0972073 -0.345073 0.411615
0.126442 -0.341506 0.40641 0.0981878 -0.344964 0.411441
0.127421 -0.341398 0.406236 0.0991678 -0.344855 0.411267
0.1284 -0.341289 0.406062 0.100147 -0.344746 0.411093
0.129378 -0.34118 0.405888 0.101126 -0.344637 0.410919
0.130357 -0.341071 0.405714 0.102104 -0.344528 0.410745
0.131336 -0.340963 0.40554 0.103082 -0.344419 0.410572
0.132315 -0.340854 0.405366 0.104059 -0.34431 0.410398
0.133293 -0.340745 0.405192 0.105036 -0.344202 0.410225
0.134272 -0.340636 0.405018 0.106014 -0.344093 0.410051
0.135251 -0.340528 0.404844 0.106991 -0.343984 0.409878
0.13623 -0.340419 0.40467 0.107968 -0.343875 0.409704
0.137208 -0.34031 0.404496 0.108945 -0.343766 0.409531
0.138187 -0.340201 0.404322 0.109921 -0.343657 0.409358
0.139166 -0.340093 0.404148 0.110896 -0.343549 0.409185
0.140144 -0.339984 0.403974 0.111869 -0.34344 0.409012
0.141123 -0.339875 0.4038 0.112842 -0.343332 0.408839
0.142102 -0.339766 0.403626 0.113815 -0.343223 0.408667
0.143081 -0.339658 0.403452 0.114788 -0.343115 0.408494
0.144059 -0.339549 0.403278 0.115274 -0.34306 0.408408
0.145038 -0.33944 0.403104 0.115761 -0.343006 0.408321
0.146017 -0.339331 0.40293 0.117709 -0.342789 0.407976
0.146995 -0.339223 0.402756 0.118685 -0.34268 0.407802
0.147974 -0.339114 0.402582 0.119665 -0.342572 0.407629
0.148953 -0.339005 0.402408 0.120646 -0.342463 0.407454
0.149932 -0.338896 0.402234 0.122118 -0.342299 0.407193
0.15091 -0.338788 0.40206 0.122608 -0.342245 0.407107
0.151889 -0.338679 0.401886 0.124077 -0.342082 0.406846
0.152868 -0.33857 0.401712 0.125055 -0.341973 0.406672
0.153847 -0.338461 0.401538 0.126033 -0.341864 0.406499
0.154825 -0.338353 0.401364 0.12701 -0.341755 0.406326
0.155804 -0.338244 0.40119 0.127987 -0.341646 0.406152
0.156783 -0.338135 0.401016 0.128964 -0.341537 0.405979
0.157761 -0.338027 0.400842 0.129453 -0.341483 0.405892
0.15874 -0.337918 0.400668 0.13092 -0.34132 0.405632
0.159719 -0.337809 0.400494 0.131897 -0.341211 0.405459
0.160698 -0.3377 0.40032 0.132386 -0.341157 0.405372
0.161676 -0.337592 0.400146 0.133853 -0.340993 0.405112
0.162655 -0.337483 0.399972 0.13483 -0.340884 0.404938
0.163634 -0.337374 0.399798 0.135808 -0.340775 0.404765
0.164613 -0.337265 0.399624 0.136297 -0.340721 0.404678
0.165591 -0.337157 0.39945 0.137764 -0.340558 0.404418
0.16657 -0.337048 0.399276 0.138741 -0.340449 0.404245
0.167549 -0.336939 0.399102 0.13923 -0.340394 0.404158
0.168527 -0.33683 0.398928 0.140695 -0.340231 0.403898
0.169506 -0.336722 0.398754 0.141184 -0.340177 0.403812
0.170485 -0.336613 0.39858 0.142648 -0.340013 0.403552
0.171464 -0.336504 0.398406 0.143137 -0.339959 0.403465
0.172442 -0.336395 0.398232 0.144601 -0.339796 0.403206
0.173421 -0.336287 0.398058 0.145089 -0.339741 0.403119
0.1744 -0.336178 0.397884 0.146554 -0.339578 0.40286
0.175378 -0.336069 0.39771 0.14753 -0.339469 0.402687
0.176357 -0.33596 0.397536 0.148018 -0.339415 0.4026
0.177336 -0.335852 0.397363 0.149482 -0.339252 0.40234
0.178315 -0.335743 0.397189 0.150458 -0.339143 0.402167
0.179293 -0.335634 0.397015 0.151435 -0.339034 0.401994
0.180272 -0.335525 0.396841 0.152411 -0.338925 0.401821
0.181251 -0.335417 0.396667 0.152899 -0.338871 0.401735
0.18223 -0.335308 0.396493 0.154362 -0.338707 0.401475
0.183208 -0.335199 0.396319 0.155338 -0.338599 0.401302
0.184187 -0.33509 0.396145 0.156313 -0.33849 0.401129
0.185166 -0.334982 0.395971 0.157288 -0.338381 0.400957
0.186144 -0.334873 0.395797 0.158264 -0.338272 0.400784
0.187123 -0.334764 0.395623 0.15924 -0.338164 0.400611
0.188102 -0.334655 0.395449 0.160216 -0.338055 0.400438
0.189081 -0.334547 0.395275 0.161192 -0.337946 0.400265
0.190059 -0.334438 0.395101 0.162168 -0.337837 0.400092
0.191038 -0.334329 0.394927 0.163144 -0.337728 0.399919
0.192017 -0.33422 0.394753 0.164121 -0.337619 0.399746
0.192995 -0.334112 0.394579 0.165097 -0.337511 0.399573
0.193974 -0.334003 0.394405 0.166074 -0.337402 0.399399
0.194953 -0.333894 0.394231 0.16705 -0.337293 0.399226
0.195932 -0.333785 0.394057 0.168027 -0.337184 0.399053
0.19691 -0.333677 0.393883 0.169004 -0.337075 0.39888
0.197889 -0.333568 0.393709 0.169981 -0.336966 0.398707
0.198868 -0.333459 0.393535 0.170958 -0.336857 0.398534
0.199847 -0.33335 0.393361 0.171936 -0.336748 0.398361
0.200825 -0.333242 0.393187 0.172913 -0.336639 0.398187
0.201804 -0.333133 0.393013 0.173891 -0.33653 0.398014
0.202783 -0.333024 0.392839 0.174868 -0.336421 0.397841
0.203761 -0.332915 0.392665 0.175846 -0.336312 0.397668
0.20474 -0.332807 0.392491 0.176824 -0.336203 0.397495
0.205719 -0.332698 0.392317 0.177802 -0.336094 0.397321
0.206698 -0.332589 0.392143 0.17878 -0.335985 0.397148
0.207676 -0.33248 0.391969 0.179758 -0.335876 0.396975
0.208655 -0.332372 0.391795 0.180736 -0.335767 0.396801
0.209634 -0.332263 0.391621 0.181714 -0.335658 0.396628
0.210613 -0.332154 0.391447 0.182693 -0.335549 0.396455
0.211591 -0.332045 0.391273 0.183671 -0.33544 0.396281
0.21257 -0.331937 0.391099 0.18465 -0.335331 0.396108
0.213549 -0.331828 0.390925 0.185628 -0.335222 0.395935
0.214527 -0.331719 0.390751 0.186607 -0.335113 0.395761
0.215506 -0.33161 0.390577 0.187585 -0.335004 0.395588
0.216485 -0.331502 0.390403 0.188564 -0.334895 0.395414
0.217464 -0.331393 0.390229 0.189543 -0.334785 0.395241
0.218442 -0.331284 0.390055 0.190521 -0.334676 0.395068
0.219421 -0.331175 0.389881 0.1915 -0.334567 0.394894
0.2204 -0.331067 0.389707 0.192478 -0.334458 0.394721
0.221378 -0.330958 0.389533 0.193457 -0.334349 0.394548
0.222357 -0.330849 0.389359 0.194435 -0.33424 0.394374
0.223336 -0.33074 0.389185 0.195414 -0.33413 0.394201
0.224315 -0.330632 0.389011 0.196393 -0.334021 0.394027
0.225293 -0.330523 0.388837 0.197371 -0.333912 0.393854
0.226272 -0.330414 0.388663 0.19835 -0.333803 0.393681
0.227251 -0.330305 0.388489 0.199328 -0.333694 0.393507
0.22823 -0.330197 0.388315 0.200307 -0.333584 0.393334
0.229208 -0.330088 0.388141 0.201286 -0.333475 0.393161
0.230187 -0.329979 0.387967 0.202264 -0.333366 0.392987
0.231166 -0.32987 0.387793 0.203243 -0.333257 0.392814
0.232144 -0.329762 0.387619 0.204222 -0.333148 0.39264
0.233123 -0.329653 0.387445 0.2052 -0.333038 0.392467
0.234102 -0.329544 0.387271 0.206179 -0.332929 0.392294
0.235081 -0.329435 0.387097 0.207157 -0.33282 0.39212
0.236059 -0.329327 0.386923 0.208136 -0.332711 0.391947
0.237038 -0.329218 0.386749 0.209115 -0.332601 0.391774
0.238017 -0.329109 0.386575 0.210093 -0.332492 0.3916
0.238995 -0.329001 0.386401 0.211072 -0.332383 0.391427
0.239974 -0.328892 0.386227 0.212051 -0.332274 0.391253
0.240953 -0.328783 0.386053 0.213029 -0.332164 0.39108
0.241932 -0.328674 0.385879 0.214008 -0.332055 0.390907
0.24291 -0.328566 0.385705 0.214987 -0.331946 0.390733
0.243889 -0.328457 0.385531 0.215966 -0.331837 0.39056
0.244868 -0.328348 0.385357 0.216946 -0.331727 0.390386
0.245847 -0.328239 0.385183 0.217928 -0.331618 0.390212
0.246825 -0.328131 0.385009 0.21891 -0.331508 0.390039
0.247804 -0.328022 0.384835 0.219891 -0.331399 0.389865
0.248783 -0.327913 0.384661 0.220872 -0.33129 0.389691
0.249761 -0.327804 0.384487 0.221853 -0.33118 0.389517
0.25074 -0.327696 0.384313 0.222833 -0.331071 0.389344
0.251719 -0.327587 0.384139 0.223813 -0.330961 0.38917
0.252698 -0.327478 0.383965 0.224793 -0.330852 0.388996
0.253676 -0.327369 0.383791 0.225773 -0.330743 0.388823
0.254655 -0.327261 0.383617 0.226752 -0.330633 0.388649
0.255634 -0.327152 0.383443 0.22871 -0.330414 0.388302
0.256613 -0.327043 0.383269 0.229689 -0.330305 0.388129
0.257591 -0.326934 0.383095 0.230668 -0.330196 0.387956
0.25857 -0.326826 0.382921 0.231646 -0.330086 0.387782
0.259549 -0.326717 0.382747 0.23262 -0.329977 0.38761
0.260527 -0.326608 0.382573 0.23359 -0.329868 0.387438
0.261506 -0.326499 0.382399 0.234074 -0.329814 0.387352
0.262485 -0.326391 0.382225 0.235521 -0.329651 0.387095
0.263464 -0.326282 0.382051 0.236002 -0.329597 0.38701
0.264442 -0.326173 0.381877 0.237442 -0.329435 0.386754
0.265421 -0.326064 0.381703 0.238397 -0.329327 0.386585
0.2664 -0.325956 0.381529 0.239351 -0.32922 0.386415
0.267378 -0.325847 0.381355 0.240303 -0.329113 0.386246
0.268357 -0.325738 0.381181 0.241254 -0.329005 0.386078
0.269336 -0.325629 0.381007 0.241729 -0.328952 0.385993
0.270315 -0.325521 0.380833 0.243155 -0.328791 0.38574
0.271293 -0.325412 0.380659 0.244106 -0.328684 0.385571
0.272272 -0.325303 0.380485 0.245057 -0.328577 0.385403
0.273251 -0.325194 0.380311 0.24601 -0.32847 0.385234
0.27423 -0.325086 0.380137 0.246964 -0.328364 0.385065
0.275208 -0.324977 0.379963 0.247918 -0.328257 0.384895
0.276187 -0.324868 0.379789 0.248873 -0.32815 0.384726
0.277166 -0.324759 0.379615 0.249827 -0.328043 0.384557
0.278144 -0.324651 0.379441 0.250782 -0.327936 0.384388
0.279123 -0.324542 0.379267 0.251736 -0.327829 0.384219
0.280102 -0.324433 0.379093 0.252692 -0.327722 0.384049
0.281081 -0.324324 0.378919 0.253647 -0.327616 0.38388
0.282059 -0.324216 0.378745 0.254603 -0.327509 0.38371
0.283038 -0.324107 0.378571 0.25556 -0.327402 0.383541
0.284017 -0.323998 0.378397 0.256038 -0.327349 0.383456
0.284996 -0.323889 0.378223 0.257475 -0.327188 0.383202
0.285974 -0.323781 0.378049 0.258433 -0.327081 0.383032
0.286953 -0.323672 0.377875 0.259392 -0.326974 0.382862
0.287932 -0.323563 0.377701 0.260352 -0.326867 0.382692
0.28891 -0.323454 0.377527 0.261312 -0.32676 0.382522
0.289889 -0.323346 0.377353 0.262273 -0.326653 0.382352
0.290868 -0.323237 0.377179 0.263235 -0.326546 0.382181
0.291847 -0.323128 0.377005 0.263716 -0.326493 0.382096
0.292825 -0.323019 0.376831 0.26516 -0.326332 0.38184
0.293804 -0.322911 0.376657 0.266124 -0.326225 0.38167
0.294783 -0.322802 0.376483 0.267089 -0.326117 0.381499
0.295761 -0.322693 0.376309 0.268053 -0.32601 0.381328
0.29674 -0.322584 0.376135 0.269019 -0.325902 0.381157
0.297719 -0.322476 0.375961 0.269985 -0.325795 0.380986
0.298698 -0.322367 0.375787 0.270952 -0.325687 0.380815
0.299676 -0.322258 0.375613 0.271435 -0.325634 0.380729
0.300655 -0.322149 0.375439 0.272403 -0.325526 0.380558
0.301634 -0.322041 0.375265 0.273855 -0.325364 0.380301
0.302613 -0.321932 0.375091 0.274824 -0.325257 0.380129
0.303591 -0.321823 0.374917 0.275794 -0.325149 0.379958
0.30457 -0.321714 0.374743 0.276764 -0.325041 0.379786
0.305549 -0.321606 0.374569 0.277734 -0.324933 0.379614
0.306527 -0.321497 0.374395 0.278705 -0.324825 0.379442
0.307506 -0.321388 0.374221 0.279677 -0.324717 0.37927
0.308485 -0.321279 0.374047 0.280649 -0.324608 0.379098
0.309464 -0.321171 0.373873 0.281621 -0.3245 0.378926
0.310442 -0.321062 0.373699 0.282594 -0.324392 0.378753
0.311421 -0.320953 0.373525 0.283567 -0.324284 0.378581
0.3124 -0.320844 0.373351 0.284541 -0.324175 0.378409
0.313378 -0.320736 0.373177 0.285515 -0.324067 0.378236
0.314357 -0.320627 0.373003 0.286489 -0.323958 0.378064
0.315336 -0.320518 0.372829 0.287463 -0.32385 0.377891
0.316315 -0.320409 0.372655 0.288438 -0.323741 0.377719
0.317293 -0.320301 0.372481 0.289413 -0.323633 0.377546
0.318272 -0.320192 0.372307 0.290389 -0.323524 0.377373
0.319251 -0.320083 0.372133 0.291365 -0.323415 0.3772
0.32023 -0.319974 0.371959 0.292341 -0.323307 0.377027
0.321208 -0.319866 0.371785 0.293317 -0.323198 0.376854
0.322187 -0.319757 0.371611 0.294293 -0.323089 0.376681
0.323166 -0.319648 0.371437 0.29527 -0.32298 0.376508
0.324144 -0.31954 0.371263 0.296247 -0.322871 0.376335
0.325123 -0.319431 0.371089 0.297223 -0.322762 0.376162
0.326102 -0.319322 0.370915 0.2982 -0.322653 0.375989
0.327081 -0.319213 0.370741 0.299177 -0.322544 0.375816
0.328059 -0.319105 0.370567 0.300155 -0.322435 0.375643
0.329038 -0.318996 0.370393 0.301132 -0.322326 0.37547
0.330017 -0.318887 0.370219 0.302109 -0.322217 0.375297
0.330996 -0.318778 0.370045 0.303087 -0.322108 0.375123
0.331974 -0.31867 0.369871 0.304065 -0.321999 0.37495
0.332953 -0.318561 0.369697 0.305042 -0.32189 0.374777
0.333932 -0.318452 0.369523 0.30602 -0.321781 0.374603
0.33491 -0.318343 0.369349 0.306998 -0.321672 0.37443
0.335889 -0.318235 0.369175 0.307976 -0.321563 0.374257
0.336868 -0.318126 0.369001 0.308954 -0.321454 0.374083
0.337847 -0.318017 0.368827 0.309932 -0.321345 0.37391
0.338825 -0.317908 0.368653 0.310911 -0.321235 0.373737
0.339804 -0.3178 0.368479 0.311889 -0.321126 0.373563
0.340783 -0.317691 0.368305 0.312867 -0.321017 0.37339
0.341761 -0.317582 0.368131 0.313845 -0.320908 0.373216
0.34274 -0.317473 0.367957 0.314824 -0.320799 0.373043
0.343719 -0.317365 0.367783 0.315802 -0.320689 0.372869
0.344698 -0.317256 0.367609 0.316781 -0.32058 0.372696
0.345676 -0.317147 0.367435 0.31727 -0.320526 0.372609
0.346655 -0.317038 0.367261 0.318738 -0.320362 0.372349
0.347634 -0.31693 0.367087 0.319717 -0.320252 0.372175
0.348613 -0.316821 0.366913 0.320696 -0.320143 0.372002
0.349591 -0.316712 0.366739 0.321676 -0.320034 0.371828
0.35057 -0.316603 0.366565 0.322655 -0.319925 0.371655
0.351549 -0.316495 0.366391 0.323635 -0.319815 0.371481
0.352527 -0.316386 0.366217 0.324124 -0.319761 0.371394
0.353506 -0.316277 0.366043 0.325593 -0.319597 0.371134
0.354485 -0.316168 0.365869 0.326572 -0.319487 0.37096
0.355464 -0.31606 0.365695 0.327551 -0.319378 0.370786
0.356442 -0.315951 0.365521 0.32853 -0.319269 0.370613
0.357421 -0.315842 0.365347 0.329509 -0.319159 0.370439
0.3584 -0.315733 0.365173 0.330488 -0.31905 0.370266
0.359378 -0.315625 0.364999 0.331467 -0.318941 0.370092
0.360357 -0.315516 0.364825 0.331957 -0.318886 0.370005
0.361336 -0.315407 0.364651 0.333425 -0.318722 0.369745
0.362315 -0.315298 0.364477 0.334404 -0.318613 0.369571
0.363293 -0.31519 0.364303 0.335383 -0.318504 0.369398
0.364272 -0.315081 0.364129 0.336362 -0.318395 0.369224
0.365251 -0.314972 0.363955 0.33734 -0.318285 0.36905
0.36623 -0.314863 0.363781 0.338319 -0.318176 0.368877
0.367208 -0.314755 0.363607 0.339298 -0.318067 0.368703
0.368187 -0.314646 0.363433 0.339787 -0.318012 0.368616
0.369166 -0.314537 0.363259 0.340766 -0.317903 0.368443
0.370144 -0.314428 0.363085 0.342234 -0.317739 0.368183
0.371123 -0.31432 0.362911 0.343213 -0.31763 0.368009
0.372102 -0.314211 0.362737 0.344192 -0.31752 0.367835
0.373081 -0.314102 0.362563 0.345171 -0.317411 0.367662
0.374059 -0.313993 0.362389 0.346149 -0.317302 0.367488
0.375038 -0.313885 0.362215 0.347129 -0.317193 0.367314
0.376017 -0.313776 0.362041 0.348109 -0.317083 0.367141
0.376996 -0.313667 0.361867 0.34909 -0.316974 0.366967
0.377974 -0.313558 0.361693 0.35007 -0.316865 0.366793
0.378953 -0.31345 0.361519 0.351049 -0.316755 0.366619
0.379932 -0.313341 0.361345 0.352029 -0.316646 0.366445
0.38091 -0.313232 0.361171 0.353009 -0.316537 0.366272
0.381889 -0.313123 0.360997 0.353499 -0.316482 0.366185
0.382868 -0.313015 0.360823 0.354968 -0.316318 0.365924
0.383847 -0.312906 0.360649 0.355947 -0.316209 0.36575
0.384825 -0.312797 0.360476 0.356926 -0.3161 0.365577
0.385804 -0.312688 0.360302 0.357905 -0.31599 0.365403
0.386783 -0.31258 0.360128 0.358884 -0.315881 0.365229
0.387761 -0.312471 0.359954 0.359863 -0.315772 0.365056
0.38874 -0.312362 0.35978 0.360842 -0.315663 0.364882
0.389719 -0.312253 0.359606 0.361821 -0.315553 0.364708
0.390698 -0.312145 0.359432 0.362799 -0.315444 0.364535
0.391676 -0.312036 0.359258 0.363778 -0.315335 0.364361
0.392655 -0.311927 0.359084 0.364757 -0.315226 0.364187
0.393634 -0.311818 0.35891 0.365735 -0.315117 0.364014
0.394613 -0.31171 0.358736 0.366714 -0.315007 0.36384
0.395591 -0.311601 0.358562 0.367693 -0.314898 0.363667
0.39657 -0.311492 0.358388 0.368671 -0.314789 0.363493
0.397549 -0.311383 0.358214 0.36965 -0.31468 0.363319
0.398527 -0.311275 0.35804 0.370629 -0.314571 0.363146
0.399506 -0.311166 0.357866 0.371607 -0.314461 0.362972
0.400485 -0.311057 0.357692 0.372586 -0.314352 0.362798
0.401464 -0.310948 0.357518 0.373564 -0.314243 0.362625
0.402442 -0.31084 0.357344 0.374543 -0.314134 0.362451
0.403421 -0.310731 0.35717 0.375522 -0.314025 0.362277
0.4044 -0.310622 0.356996 0.3765 -0.313915 0.362104
0.405378 -0.310514 0.356822 0.377479 -0.313806 0.36193
0.406357 -0.310405 0.356648 0.378457 -0.313697 0.361756
0.407336 -0.310296 0.356474 0.379436 -0.313588 0.361583
0.408315 -0.310187 0.3563 0.380415 -0.313479 0.361409
0.409293 -0.310079 0.356126 0.381393 -0.31337 0.361236
0.410272 -0.30997 0.355952 0.382372 -0.313261 0.361062
0.411251 -0.309861 0.355778 0.383351 -0.313151 0.360888
0.41223 -0.309752 0.355604 0.384329 -0.313042 0.360715
0.413208 -0.309644 0.35543 0.385308 -0.312933 0.360541
0.414187 -0.309535 0.355256 0.386287 -0.312824 0.360367
0.415166 -0.309426 0.355082 0.387265 -0.312715 0.360193
0.416144 -0.309317 0.354908 0.388244 -0.312606 0.36002
0.417123 -0.309209 0.354734 0.389223 -0.312496 0.359846
0.418102 -0.3091 0.35456 0.390201 -0.312387 0.359672
0.419081 -0.308991 0.354386 0.39118 -0.312278 0.359499
0.420059 -0.308882 0.354212 0.392159 -0.312169 0.359325
0.421038 -0.308774 0.354038 0.393138 -0.31206 0.359151
0.422017 -0.308665 0.353864 0.394116 -0.311951 0.358978
0.422996 -0.308556 0.35369 0.395095 -0.311842 0.358804
0.423974 -0.308447 0.353516 0.396074 -0.311732 0.35863
0.424953 -0.308339 0.353342 0.397053 -0.311623 0.358456
0.425932 -0.30823 0.353168 0.398032 -0.311514 0.358283
0.42691 -0.308121 0.352994 0.399011 -0.311405 0.358109
0.427889 -0.308012 0.35282 0.399989 -0.311296 0.357935
0.428868 -0.307904 0.352646 0.400479 -0.311241 0.357848
0.429847 -0.307795 0.352472 0.401947 -0.311078 0.357588
0.430825 -0.307686 0.352298 0.402926 -0.310968 0.357414
0.431804 -0.307577 0.352124 0.403905 -0.310859 0.35724
0.432783 -0.307469 0.35195 0.404885 -0.31075 0.357067
0.433761 -0.30736 0.351776 0.405864 -0.310641 0.356893
0.43474 -0.307251 0.351602 0.406843 -0.310532 0.356719
0.435719 -0.307142 0.351428 0.407823 -0.310423 0.356545
0.436698 -0.307034 0.351254 0.408802 -0.310313 0.356371
0.437676 -0.306925 0.35108 0.409781 -0.310204 0.356197
0.438655 -0.306816 0.350906 0.41076 -0.310095 0.356024
0.439634 -0.306707 0.350732 0.411739 -0.309986 0.35585
0.440613 -0.306599 0.350558 0.412718 -0.309877 0.355676
0.441591 -0.30649 0.350384 0.413697 -0.309768 0.355502
0.44257 -0.306381 0.35021 0.414676 -0.309659 0.355328
0.443549 -0.306272 0.350036 0.415655 -0.309549 0.355155
0.444527 -0.306164 0.349862 0.416634 -0.30944 0.354981
0.445506 -0.306055 0.349688 0.417613 -0.309331 0.354807
0.446485 -0.305946 0.349514 0.418592 -0.309222 0.354633
0.447464 -0.305837 0.34934 0.419571 -0.309113 0.354459
0.448442 -0.305729 0.349166 0.42055 -0.309004 0.354286
0.449421 -0.30562 0.348992 0.421529 -0.308895 0.354112
0.4504 -0.305511 0.348818 0.422508 -0.308786 0.353938
0.451379 -0.305402 0.348644 0.423487 -0.308676 0.353764
0.452357 -0.305294 0.34847 0.424466 -0.308567 0.35359
0.453336 -0.305185 0.348296 0.425445 -0.308458 0.353417
0.454315 -0.305076 0.348122 0.426424 -0.308349 0.353243
0.455293 -0.304967 0.347948 0.427404 -0.30824 0.353069
0.456272 -0.304859 0.347774 0.428385 -0.308131 0.352895
0.457251 -0.30475 0.3476 0.429366 -0.308021 0.352721
0.45823 -0.304641 0.347426 0.430347 -0.307912 0.352547
0.459208 -0.304532 0.347252 0.431327 -0.307803 0.352373
0.460187 -0.304424 0.347078 0.432307 -0.307694 0.352199
0.461166 -0.304315 0.346904 0.433287 -0.307584 0.352025
0.462144 -0.304206 0.34673 0.434267 -0.307475 0.351851
0.463123 -0.304097 0.346556 0.435247 -0.307366 0.351677
0.464102 -0.303989 0.346382 0.436226 -0.307257 0.351503
0.465081 -0.30388 0.346208 0.437205 -0.307148 0.351329
0.466059 -0.303771 0.346034 0.438185 -0.307039 0.351155
0.467038 -0.303662 0.34586 0.439164 -0.306929 0.350981
0.468017 -0.303554 0.345686 0.440143 -0.30682 0.350807
0.468996 -0.303445 0.345512 0.441122 -0.306711 0.350633
0.469974 -0.303336 0.345338 0.442101 -0.306602 0.35046
0.470953 -0.303227 0.345164 0.44308 -0.306493 0.350286
0.471932 -0.303119 0.34499 0.444059 -0.306384 0.350112
0.47291 -0.30301 0.344816 0.445038 -0.306275 0.349938
0.473889 -0.302901 0.344642 0.446017 -0.306166 0.349764
0.474868 -0.302792 0.344468 0.446996 -0.306057 0.34959
0.475847 -0.302684 0.344294 0.447974 -0.305948 0.349416
0.476825 -0.302575 0.34412 0.448953 -0.305838 0.349243
0.477804 -0.302466 0.343946 0.449932 -0.305729 0.349069
0.478783 -0.302357 0.343772 0.45091 -0.30562 0.348895
0.479761 -0.302249 0.343598 0.451889 -0.305511 0.348721
0.48074 -0.30214 0.343424 0.452868 -0.305402 0.348547
0.481719 -0.302031 0.34325 0.453846 -0.305293 0.348374
0.482698 -0.301922 0.343076 0.454825 -0.305184 0.3482
0.483676 -0.301814 0.342902 0.455804 -0.305075 0.348026
0.484655 -0.301705 0.342728 0.456782 -0.304966 0.347852
0.485634 -0.301596 0.342554 0.457761 -0.304857 0.347678
0.486613 -0.301487 0.34238 0.45874 -0.304748 0.347505
0.487591 -0.301379 0.342206 0.459718 -0.304639 0.347331
0.48857 -0.30127 0.342032 0.460697 -0.30453 0.347157
0.489549 -0.301161 0.341858 0.461675 -0.304421 0.346983
0.490527 -0.301053 0.341684 0.462654 -0.304312 0.346809
0.491506 -0.300944 0.34151 0.463633 -0.304203 0.346635
0.492485 -0.300835 0.341336 0.464612 -0.304094 0.346462
0.493464 -0.300726 0.341162 0.46559 -0.303985 0.346288
0.494442 -0.300618 0.340988 0.46608 -0.30393 0.346201
0.495421 -0.300509 0.340814 0.467548 -0.303767 0.34594
0.4964 -0.3004 0.34064 0.468526 -0.303658 0.345766
0.497379 -0.300291 0.340466 0.469016 -0.303603 0.345679
0.498357 -0.300183 0.340292 0.470483 -0.30344 0.345419
0.499336 -0.300074 0.340118 0.47195 -0.303276 0.345158
0.500315 -0.299965 0.339944 0.472926 -0.303168 0.344985
0.499336 -0.300074 0.340118 0.473902 -0.303059 0.344811
0.500315 -0.299965 0.339944 0.474877 -0.30295 0.344638
0.499336 -0.300074 0.340118 0.475851 -0.302841 0.344465
0.500315 -0.299965 0.339944 0.476823 -0.302733 0.344292
0.499336 -0.300074 0.340118 0.47779 -0.302625 0.34412
0.500315 -0.299965 0.339944 0.478747 -0.302518 0.343949
0.499336 -0.300074 0.340118 0.479693 -0.302411 0.34378
0.500315 -0.299965 0.339944 0.480623 -0.302307 0.343613
0.499336 -0.300074 0.340118 0.481535 -0.302203 0.343449
0.500315 -0.299965 0.339944 0.482427 -0.302102 0.343289
0.499336 -0.300074 0.340118 0.483297 -0.302002 0.343131
0.500315 -0.299965 0.339944 0.484143 -0.301905 0.342977
0.499336 -0.300074 0.340118 0.484964 -0.30181 0.342827
0.500315 -0.299965 0.339944 0.485757 -0.301718 0.342682
0.499336 -0.300074 0.340118 0.486522 -0.301628 0.342542
0.500315 -0.299965 0.339944 0.48726 -0.301542 0.342405
0.499336 -0.300074 0.340118 0.487972 -0.301458 0.342273
0.500315 -0.299965 0.339944 0.488658 -0.301376 0.342146
0.499336 -0.300074 0.340118 0.489316 -0.301298 0.342024
0.500315 -0.299965 0.339944 0.489948 -0.301222 0.341906
0.499336 -0.300074 0.340118 0.490551 -0.30115 0.341792
0.500315 -0.299965 0.339944 0.491125 -0.301081 0.341684
0.499336 -0.300074 0.340118 0.491672 -0.301015 0.341581
0.500315 -0.299965 0.339944 0.492194 -0.300951 0.341483
0.499336 -0.300074 0.340118 0.492691 -0.300891 0.341388
0.500315 -0.299965 0.339944 0.492931 -0.300862 0.341343
0.499336 -0.300074 0.340118 0.493615 -0.300778 0.341213
0.500315 -0.299965 0.339944 0.493831 -0.300751 0.341172
0.499336 -0.300074 0.340118 0.494248 -0.3007 0.341092
0.500315 -0.299965 0.339944 0.494642 -0.300652 0.341017
0.499336 -0.300074 0.340118 0.495015 -0.300606 0.340946
0.500315 -0.299965 0.339944 0.495368 -0.300562 0.340878
0.499336 -0.300074 0.340118 0.495538 -0.300541 0.340846
0.500315 -0.299965 0.339944 0.495862 -0.300501 0.340784
0.499336 -0.300074 0.340118 0.496165 -0.300464 0.340726
0.500315 -0.299965 0.339944 0.49671 -0.300396 0.340621
0.499336 -0.300074 0.340118 0.49707 -0.300351 0.340551
0.500315 -0.299965 0.339944 0.497181 -0.300337 0.34053
0.499336 -0.300074 0.340118 0.497392 -0.300311 0.340489
0.500315 -0.299965 0.339944 0.497588 -0.300287 0.340451
0.499336 -0.300074 0.340118 0.49777 -0.300264 0.340416
0.500315 -0.299965 0.339944 0.498019 -0.300233 0.340368
0.499336 -0.300074 0.340118 0.498097 -0.300223 0.340353
0.500315 -0.299965 0.339944 0.498241 -0.300205 0.340325
0.499336 -0.300074 0.340118 0.498375 -0.300188 0.340299
0.500315 -0.299965 0.339944 0.498497 -0.300173 0.340275
0.499336 -0.300074 0.340118 0.498663 -0.300152 0.340243
0.500315 -0.299965 0.339944 0.498713 -0.300146 0.340233
0.499336 -0.300074 0.340118 0.498807 -0.300134 0.340215
0.500315 -0.299965 0.339944 0.498893 -0.300123 0.340198
0.499336 -0.300074 0.340118 0.498971 -0.300114 0.340183
0.500315 -0.299965 0.339944 0.499043 -0.300105 0.34017
