-0.399132 -0.399904 0.499846 -0.400113 -0.400011 0.500019
-0.398154 -0.399795 0.499672 -0.400113 -0.400011 0.500019
-0.397175 -0.399686 0.499498 -0.400113 -0.400011 0.500019
-0.396196 -0.399577 0.499324 -0.400112 -0.40001 0.500019
-0.395217 -0.399469 0.49915 -0.400108 -0.40001 0.500019
-0.394239 -0.39936 0.498976 -0.400095 -0.400009 0.500016
-0.39326 -0.399251 0.498802 -0.400085 -0.400008 0.500015
-0.392281 -0.399142 0.498628 -0.400034 -0.400002 0.500006
-0.391302 -0.399034 0.498454 -0.39998 -0.399996 0.499996
-0.390324 -0.398925 0.49828 -0.399907 -0.399989 0.499983
-0.389345 -0.398816 0.498106 -0.399815 -0.399979 0.499967
-0.388366 -0.398707 0.497932 -0.399703 -0.399967 0.499948
-0.387388 -0.398599 0.497758 -0.399569 -0.399953 0.499925
-0.386409 -0.39849 0.497584 -0.399413 -0.399937 0.499898
-0.38543 -0.398381 0.49741 -0.39923 -0.399918 0.499867
-0.384451 -0.398272 0.497236 -0.39902 -0.399897 0.49983
-0.383473 -0.398164 0.497062 -0.398905 -0.399885 0.499811
-0.382494 -0.398055 0.496888 -0.398654 -0.399859 0.499768
-0.381515 -0.397946 0.496714 -0.398377 -0.399831 0.49972
-0.380536 -0.397837 0.49654 -0.39807 -0.399801 0.499668
-0.379558 -0.397729 0.496366 -0.397556 -0.399749 0.49958
-0.378579 -0.39762 0.496192 -0.397178 -0.399711 0.499516
-0.3776 -0.397511 0.496018 -0.396978 -0.399691 0.499482
-0.376622 -0.397402 0.495844 -0.396338 -0.399628 0.499374
-0.375643 -0.397294 0.49567 -0.396111 -0.399605 0.499335
-0.374664 -0.397185 0.495496 -0.395877 -0.399582 0.499296
-0.373685 -0.397076 0.495322 -0.395877 -0.399582 0.499296
-0.372707 -0.396967 0.495148 -0.394073 -0.399403 0.49899
-0.371728 -0.396859 0.494974 -0.393509 -0.399347 0.498894
-0.370749 -0.39675 0.4948 -0.392925 -0.399289 0.498795
-0.369771 -0.396641 0.494626 -0.392626 -0.399259 0.498744
-0.368792 -0.396532 0.494452 -0.391701 -0.399166 0.498586
-0.367813 -0.396424 0.494278 -0.391385 -0.399134 0.498532
-0.366834 -0.396315 0.494104 -0.390414 -0.399036 0.498367
-0.365856 -0.396206 0.49393 -0.390081 -0.399003 0.49831
-0.364877 -0.396097 0.493756 -0.389404 -0.398934 0.498194
-0.363898 -0.395989 0.493582 -0.388709 -0.398864 0.498075
-0.362919 -0.39588 0.493408 -0.387997 -0.398792 0.497953
-0.361941 -0.395771 0.493234 -0.387269 -0.398718 0.497829
-0.360962 -0.395662 0.49306 -0.386899 -0.39868 0.497765
-0.359983 -0.395554 0.492886 -0.386148 -0.398603 0.497636
-0.359005 -0.395445 0.492712 -0.385767 -0.398564 0.497571
-0.358026 -0.395336 0.492538 -0.383818 -0.398364 0.497236
-0.357047 -0.395227 0.492364 -0.383022 -0.398282 0.497098
-0.356068 -0.395119 0.49219 -0.382621 -0.398241 0.497029
-0.35509 -0.39501 0.492016 -0.381406 -0.398114 0.496819
-0.354111 -0.394901 0.491842 -0.380585 -0.398028 0.496677
-0.353132 -0.394792 0.491668 -0.380171 -0.397985 0.496605
-0.352154 -0.394684 0.491494 -0.378914 -0.397853 0.496386
-0.351175 -0.394575 0.49132 -0.378062 -0.397764 0.496238
-0.350196 -0.394466 0.491146 -0.377199 -0.397673 0.496089
-0.349217 -0.394357 0.490972 -0.376327 -0.397581 0.495937
-0.348239 -0.394249 0.490798 -0.375445 -0.397488 0.495783
-0.34726 -0.39414 0.490624 -0.374555 -0.397394 0.495628
-0.346281 -0.394031 0.49045 -0.373656 -0.397299 0.495472
-0.345302 -0.393922 0.490276 -0.37275 -0.397203 0.495313
-0.344324 -0.393814 0.490102 -0.371838 -0.397106 0.495154
-0.343345 -0.393705 0.489928 -0.370918 -0.397008 0.494993
-0.342366 -0.393596 0.489754 -0.369993 -0.39691 0.494831
-0.341388 -0.393488 0.48958 -0.369063 -0.39681 0.494668
-0.340409 -0.393379 0.489406 -0.368595 -0.39676 0.494586
-0.33943 -0.39327 0.489232 -0.367187 -0.396609 0.494339
-0.338451 -0.393161 0.489058 -0.366244 -0.396507 0.494174
-0.337473 -0.393053 0.488884 -0.365298 -0.396405 0.494007
-0.336494 -0.392944 0.48871 -0.364349 -0.396302 0.49384
-0.335515 -0.392835 0.488536 -0.363396 -0.396199 0.493672
-0.334536 -0.392726 0.488362 -0.36244 -0.396095 0.493504
-0.333558 -0.392618 0.488188 -0.36148 -0.395991 0.493334
-0.332579 -0.392509 0.488014 -0.360518 -0.395886 0.493164
-0.3316 -0.3924 0.48784 -0.359553 -0.39578 0.492994
-0.330622 -0.392291 0.487666 -0.358585 -0.395675 0.492823
-0.329643 -0.392183 0.487492 -0.357616 -0.395568 0.492651
-0.328664 -0.392074 0.487318 -0.356644 -0.395462 0.492479
-0.327685 -0.391965 0.487144 -0.355671 -0.395355 0.492307
-0.326707 -0.391856 0.48697 -0.354696 -0.395248 0.492134
-0.325728 -0.391748 0.486796 -0.35372 -0.39514 0.491961
-0.324749 -0.391639 0.486622 -0.352742 -0.395033 0.491787
-0.323771 -0.39153 0.486448 -0.351764 -0.394925 0.491613
-0.322792 -0.391421 0.486274 -0.350784 -0.394816 0.491439
-0.321813 -0.391313 0.4861 -0.349803 -0.394708 0.491265
-0.320834 -0.391204 0.485926 -0.348822 -0.394599 0.491091
-0.319856 -0.391095 0.485752 -0.34784 -0.394491 0.490916
-0.318877 -0.390986 0.485578 -0.346857 -0.394382 0.490741
-0.317898 -0.390878 0.485404 -0.345874 -0.394273 0.490566
-0.316919 -0.390769 0.48523 -0.344891 -0.394163 0.490391
-0.315941 -0.39066 0.485056 -0.343907 -0.394054 0.490216
-0.314962 -0.390551 0.484882 -0.342923 -0.393945 0.490041
-0.313983 -0.390443 0.484708 -0.341939 -0.393835 0.489865
-0.313005 -0.390334 0.484534 -0.340955 -0.393726 0.48969
-0.312026 -0.390225 0.48436 -0.33997 -0.393616 0.489514
-0.311047 -0.390116 0.484186 -0.338985 -0.393506 0.489339
-0.310068 -0.390008 0.484012 -0.338001 -0.393397 0.489163
-0.30909 -0.389899 0.483838 -0.337016 -0.393287 0.488987
-0.308111 -0.38979 0.483664 -0.336031 -0.393177 0.488812
-0.307132 -0.389681 0.48349 -0.335047 -0.393067 0.488636
-0.306153 -0.389573 0.483316 -0.334062 -0.392957 0.48846
-0.305175 -0.389464 0.483142 -0.333077 -0.392848 0.488285
-0.304196 -0.389355 0.482968 -0.332093 -0.392738 0.488109
-0.303217 -0.389246 0.482794 -0.331109 -0.392628 0.487933
-0.302239 -0.389138 0.48262 -0.330125 -0.392518 0.487758
-0.30126 -0.389029 0.482446 -0.32914 -0.392408 0.487582
-0.300281 -0.38892 0.482272 -0.328157 -0.392298 0.487407
-0.299302 -0.388811 0.482098 -0.327173 -0.392189 0.487231
-0.298324 -0.388703 0.481924 -0.326189 -0.392079 0.487056
-0.297345 -0.388594 0.48175 -0.325206 -0.391969 0.48688
-0.296366 -0.388485 0.481576 -0.324222 -0.391859 0.486704
-0.295388 -0.388376 0.481402 -0.323239 -0.39175 0.486529
-0.294409 -0.388268 0.481228 -0.322256 -0.39164 0.486354
-0.29343 -0.388159 0.481054 -0.321273 -0.39153 0.486178
-0.292451 -0.38805 0.48088 -0.320291 -0.391421 0.486003
-0.291473 -0.387941 0.480706 -0.319308 -0.391311 0.485828
-0.290494 -0.387833 0.480532 -0.318326 -0.391201 0.485652
-0.289515 -0.387724 0.480358 -0.317344 -0.391092 0.485477
-0.288536 -0.387615 0.480184 -0.316362 -0.390982 0.485302
-0.287558 -0.387506 0.48001 -0.315381 -0.390873 0.485127
-0.286579 -0.387398 0.479836 -0.314399 -0.390763 0.484952
-0.2856 -0.387289 0.479662 -0.313418 -0.390654 0.484777
-0.284622 -0.38718 0.479488 -0.312437 -0.390545 0.484602
-0.283643 -0.387071 0.479314 -0.311456 -0.390435 0.484427
-0.282664 -0.386963 0.47914 -0.310475 -0.390326 0.484252
-0.281685 -0.386854 0.478966 -0.309494 -0.390217 0.484077
-0.280707 -0.386745 0.478792 -0.308513 -0.390107 0.483902
-0.279728 -0.386636 0.478618 -0.307532 -0.389998 0.483727
-0.278749 -0.386528 0.478444 -0.306551 -0.389889 0.483552
-0.277771 -0.386419 0.47827 -0.305571 -0.38978 0.483377
-0.276792 -0.38631 0.478096 -0.30459 -0.389671 0.483202
-0.275813 -0.386201 0.477922 -0.30361 -0.389561 0.483028
-0.274834 -0.386093 0.477748 -0.303119 -0.389507 0.48294
-0.273856 -0.385984 0.477574 -0.302139 -0.389398 0.482765
-0.272877 -0.385875 0.4774 -0.301157 -0.389289 0.482591
-0.271898 -0.385766 0.477226 -0.300666 -0.389234 0.482503
-0.270919 -0.385658 0.477052 -0.299192 -0.38907 0.48224
-0.269941 -0.385549 0.476878 -0.298206 -0.388961 0.482065
-0.268962 -0.38544 0.476704 -0.297216 -0.388851 0.481889
-0.267983 -0.385331 0.47653 -0.296226 -0.388742 0.481713
-0.267005 -0.385223 0.476356 -0.295237 -0.388632 0.481536
-0.266026 -0.385114 0.476182 -0.294249 -0.388523 0.481361
-0.265047 -0.385005 0.476008 -0.293262 -0.388413 0.481185
-0.264068 -0.384896 0.475834 -0.292276 -0.388304 0.481009
-0.26309 -0.384788 0.47566 -0.291291 -0.388194 0.480834
-0.262111 -0.384679 0.475486 -0.290307 -0.388085 0.480659
-0.261132 -0.38457 0.475312 -0.289324 -0.387976 0.480483
-0.260153 -0.384461 0.475138 -0.288342 -0.387866 0.480308
-0.259175 -0.384353 0.474964 -0.287361 -0.387757 0.480133
-0.258196 -0.384244 0.47479 -0.28638 -0.387648 0.479959
-0.257217 -0.384135 0.474616 -0.285399 -0.387539 0.479784
-0.256239 -0.384027 0.474442 -0.284909 -0.387484 0.479697
-0.25526 -0.383918 0.474268 -0.28344 -0.387321 0.479435
-0.254281 -0.383809 0.474094 -0.28295 -0.387266 0.479347
-0.253302 -0.3837 0.47392 -0.281482 -0.387103 0.479086
-0.252324 -0.383592 0.473746 -0.280503 -0.386994 0.478911
-0.251345 -0.383483 0.473572 -0.279525 -0.386885 0.478737
-0.250366 -0.383374 0.473398 -0.278545 -0.386776 0.478562
-0.249388 -0.383265 0.473224 -0.277073 -0.386613 0.4783
-0.248409 -0.383157 0.47305 -0.276091 -0.386504 0.478125
-0.24743 -0.383048 0.472876 -0.275109 -0.386395 0.47795
-0.246451 -0.382939 0.472702 -0.274128 -0.386286 0.477775
-0.245473 -0.38283 0.472528 -0.273148 -0.386177 0.477601
-0.244494 -0.382722 0.472354 -0.272168 -0.386068 0.477426
-0.243515 -0.382613 0.47218 -0.271188 -0.385959 0.477252
-0.242536 -0.382504 0.472006 -0.270209 -0.38585 0.477077
-0.241558 -0.382395 0.471832 -0.269231 -0.385742 0.476903
-0.240579 -0.382287 0.471658 -0.268252 -0.385633 0.476728
-0.2396 -0.382178 0.471484 -0.267275 -0.385524 0.476554
-0.238622 -0.382069 0.471311 -0.266298 -0.385416 0.47638
-0.237643 -0.38196 0.471137 -0.265323 -0.385307 0.476206
-0.236664 -0.381852 0.470963 -0.264347 -0.385199 0.476032
-0.235685 -0.381743 0.470789 -0.263372 -0.38509 0.475859
-0.234707 -0.381634 0.470615 -0.262396 -0.384982 0.475685
-0.233728 -0.381525 0.470441 -0.261422 -0.384873 0.475511
-0.232749 -0.381417 0.470267 -0.26045 -0.384765 0.475338
-0.231771 -0.381308 0.470093 -0.259481 -0.384657 0.475165
-0.230792 -0.381199 0.469919 -0.258513 -0.384549 0.474992
-0.229813 -0.38109 0.469745 -0.257544 -0.384441 0.474819
-0.228834 -0.380982 0.469571 -0.256573 -0.384333 0.474646
-0.227856 -0.380873 0.469397 -0.255602 -0.384225 0.474473
-0.226877 -0.380764 0.469223 -0.25463 -0.384117 0.4743
-0.225898 -0.380655 0.469049 -0.253657 -0.384009 0.474126
-0.224919 -0.380547 0.468875 -0.252683 -0.3839 0.473953
-0.223941 -0.380438 0.468701 -0.251709 -0.383792 0.473779
-0.222962 -0.380329 0.468527 -0.250734 -0.383684 0.473606
-0.221983 -0.38022 0.468353 -0.249759 -0.383576 0.473432
-0.221005 -0.380112 0.468179 -0.248783 -0.383468 0.473258
-0.220026 -0.380003 0.468005 -0.248295 -0.383414 0.473171
-0.219047 -0.379894 0.467831 -0.247318 -0.383305 0.472997
-0.218068 -0.379785 0.467657 -0.246341 -0.383197 0.472823
-0.21709 -0.379677 0.467483 -0.245364 -0.383089 0.472649
-0.216111 -0.379568 0.467309 -0.243897 -0.382926 0.472388
-0.215132 -0.379459 0.467135 -0.243408 -0.382872 0.472301
-0.214153 -0.37935 0.466961 -0.24243 -0.382764 0.472127
-0.213175 -0.379242 0.466787 -0.241451 -0.382655 0.471953
-0.212196 -0.379133 0.466613 -0.240962 -0.382601 0.471866
-0.211217 -0.379024 0.466439 -0.239494 -0.382438 0.471604
-0.210239 -0.378915 0.466265 -0.238515 -0.38233 0.47143
-0.20926 -0.378807 0.466091 -0.237536 -0.382221 0.471256
-0.208281 -0.378698 0.465917 -0.236556 -0.382113 0.471081
-0.207302 -0.378589 0.465743 -0.235575 -0.382004 0.470906
-0.206324 -0.37848 0.465569 -0.234595 -0.381895 0.470732
-0.205345 -0.378372 0.465395 -0.233614 -0.381787 0.470557
-0.204366 -0.378263 0.465221 -0.232633 -0.381678 0.470383
-0.203388 -0.378154 0.465047 -0.231651 -0.381569 0.470208
-0.202409 -0.378045 0.464873 -0.230666 -0.38146 0.470032
-0.20143 -0.377937 0.464699 -0.22968 -0.381351 0.469857
-0.200451 -0.377828 0.464525 -0.228694 -0.381242 0.469681
-0.199473 -0.377719 0.464351 -0.227709 -0.381133 0.469506
-0.198494 -0.37761 0.464177 -0.226723 -0.381024 0.469331
-0.197515 -0.377502 0.464003 -0.225738 -0.380915 0.469155
-0.196536 -0.377393 0.463829 -0.224754 -0.380806 0.46898
-0.195558 -0.377284 0.463655 -0.223771 -0.380697 0.468805
-0.194579 -0.377175 0.463481 -0.222788 -0.380588 0.46863
-0.1936 -0.377067 0.463307 -0.221806 -0.380479 0.468455
-0.192622 -0.376958 0.463133 -0.220824 -0.38037 0.46828
-0.191643 -0.376849 0.462959 -0.219843 -0.380261 0.468105
-0.190664 -0.37674 0.462785 -0.218863 -0.380152 0.46793
-0.189685 -0.376632 0.462611 -0.217392 -0.379989 0.467668
-0.188707 -0.376523 0.462437 -0.216902 -0.379935 0.467581
-0.187728 -0.376414 0.462263 -0.215922 -0.379826 0.467406
-0.186749 -0.376305 0.462089 -0.214943 -0.379717 0.467232
-0.185771 -0.376197 0.461915 -0.213962 -0.379608 0.467057
-0.184792 -0.376088 0.461741 -0.212978 -0.379499 0.466881
-0.183813 -0.375979 0.461567 -0.211991 -0.37939 0.466706
-0.182834 -0.37587 0.461393 -0.211003 -0.37928 0.46653
-0.181856 -0.375762 0.461219 -0.210012 -0.379171 0.466353
-0.180877 -0.375653 0.461045 -0.20902 -0.379061 0.466177
-0.179898 -0.375544 0.460871 -0.208026 -0.378952 0.466
-0.178919 -0.375435 0.460697 -0.207032 -0.378842 0.465823
-0.177941 -0.375327 0.460523 -0.206038 -0.378732 0.465646
-0.176962 -0.375218 0.460349 -0.20554 -0.378677 0.465558
-0.175983 -0.375109 0.460175 -0.20405 -0.378512 0.465292
-0.175005 -0.375001 0.460001 -0.203058 -0.378402 0.465116
-0.174026 -0.374892 0.459827 -0.202067 -0.378293 0.464939
-0.173047 -0.374783 0.459653 -0.201076 -0.378183 0.464762
-0.172068 -0.374674 0.459479 -0.200084 -0.378073 0.464586
-0.17109 -0.374566 0.459305 -0.199091 -0.377963 0.464409
-0.170111 -0.374457 0.459131 -0.198101 -0.377853 0.464232
-0.169132 -0.374348 0.458957 -0.197112 -0.377743 0.464056
-0.168153 -0.374239 0.458783 -0.196124 -0.377634 0.46388
-0.167175 -0.374131 0.458609 -0.195135 -0.377524 0.463704
-0.166196 -0.374022 0.458435 -0.194146 -0.377414 0.463527
-0.165217 -0.373913 0.458261 -0.193157 -0.377304 0.463351
-0.164239 -0.373804 0.458087 -0.192167 -0.377194 0.463175
-0.16326 -0.373696 0.457913 -0.191176 -0.377084 0.462998
-0.162281 -0.373587 0.457739 -0.190186 -0.376975 0.462822
-0.161302 -0.373478 0.457565 -0.189196 -0.376865 0.462645
-0.160324 -0.373369 0.457391 -0.188206 -0.376755 0.462469
-0.159345 -0.373261 0.457217 -0.187711 -0.3767 0.46238
-0.158366 -0.373152 0.457043 -0.186721 -0.37659 0.462204
-0.157388 -0.373043 0.456869 -0.185729 -0.37648 0.462027
-0.156409 -0.372934 0.456695 -0.184737 -0.37637 0.46185
-0.15543 -0.372826 0.456521 -0.183743 -0.37626 0.461673
-0.154451 -0.372717 0.456347 -0.182748 -0.37615 0.461496
-0.153473 -0.372608 0.456173 -0.181751 -0.376039 0.461318
-0.152494 -0.372499 0.455999 -0.180755 -0.375929 0.461141
-0.151515 -0.372391 0.455825 -0.180256 -0.375874 0.461052
-0.150536 -0.372282 0.455651 -0.179258 -0.375763 0.460874
-0.149558 -0.372173 0.455477 -0.178258 -0.375653 0.460696
-0.148579 -0.372064 0.455303 -0.177756 -0.375598 0.460607
-0.1476 -0.371956 0.455129 -0.176751 -0.375487 0.460428
-0.146622 -0.371847 0.454955 -0.175743 -0.375376 0.460248
-0.145643 -0.371738 0.454781 -0.174732 -0.375265 0.460068
-0.144664 -0.371629 0.454607 -0.173212 -0.375097 0.459798
-0.143685 -0.371521 0.454433 -0.172196 -0.374986 0.459617
-0.142707 -0.371412 0.454259 -0.171688 -0.37493 0.459527
-0.141728 -0.371303 0.454085 -0.170671 -0.374818 0.459345
-0.140749 -0.371194 0.453911 -0.169652 -0.374706 0.459164
-0.139771 -0.371086 0.453737 -0.168125 -0.374538 0.458892
-0.138792 -0.370977 0.453563 -0.167615 -0.374482 0.458802
-0.137813 -0.370868 0.453389 -0.166597 -0.374369 0.45862
-0.136834 -0.370759 0.453215 -0.165578 -0.374257 0.458439
-0.135856 -0.370651 0.453041 -0.16456 -0.374144 0.458258
-0.134877 -0.370542 0.452867 -0.163542 -0.374032 0.458076
-0.133898 -0.370433 0.452693 -0.162525 -0.37392 0.457895
-0.132919 -0.370324 0.452519 -0.161508 -0.373807 0.457714
-0.131941 -0.370216 0.452345 -0.160492 -0.373695 0.457533
-0.130962 -0.370107 0.452171 -0.159477 -0.373582 0.457352
-0.129983 -0.369998 0.451997 -0.158463 -0.37347 0.457171
-0.129005 -0.369889 0.451823 -0.157449 -0.373357 0.45699
-0.128026 -0.369781 0.451649 -0.156437 -0.373245 0.45681
-0.127047 -0.369672 0.451475 -0.155425 -0.373132 0.456629
-0.126068 -0.369563 0.451301 -0.154413 -0.37302 0.456449
-0.12509 -0.369454 0.451127 -0.153403 -0.372907 0.456268
-0.124111 -0.369346 0.450953 -0.152393 -0.372795 0.456088
-0.123132 -0.369237 0.450779 -0.151383 -0.372683 0.455908
-0.122153 -0.369128 0.450605 -0.150375 -0.372571 0.455728
-0.121175 -0.369019 0.450431 -0.14987 -0.372514 0.455638
-0.120196 -0.368911 0.450257 -0.14836 -0.372346 0.455368
-0.119217 -0.368802 0.450083 -0.147355 -0.372234 0.455189
-0.118239 -0.368693 0.449909 -0.146351 -0.372122 0.45501
-0.11726 -0.368584 0.449735 -0.145349 -0.37201 0.454831
-0.116281 -0.368476 0.449561 -0.144348 -0.371899 0.454652
-0.115302 -0.368367 0.449387 -0.143348 -0.371787 0.454473
-0.114324 -0.368258 0.449213 -0.142349 -0.371676 0.454295
-0.113345 -0.368149 0.449039 -0.141352 -0.371564 0.454117
-0.112366 -0.368041 0.448865 -0.140355 -0.371453 0.453939
-0.111388 -0.367932 0.448691 -0.13936 -0.371342 0.453761
-0.110409 -0.367823 0.448517 -0.138365 -0.371231 0.453584
-0.10943 -0.367714 0.448343 -0.137371 -0.37112 0.453406
-0.108451 -0.367606 0.448169 -0.136378 -0.371009 0.453229
-0.107473 -0.367497 0.447995 -0.135882 -0.370953 0.45314
-0.106494 -0.367388 0.447821 -0.135386 -0.370898 0.453052
-0.105515 -0.367279 0.447647 -0.133405 -0.370677 0.452698
-0.104536 -0.367171 0.447473 -0.132415 -0.370566 0.452521
-0.103558 -0.367062 0.447299 -0.131426 -0.370456 0.452344
-0.102579 -0.366953 0.447125 -0.130438 -0.370345 0.452168
-0.1016 -0.366844 0.446951 -0.129451 -0.370235 0.451992
-0.100622 -0.366736 0.446777 -0.128464 -0.370125 0.451815
-0.0996428 -0.366627 0.446603 -0.127478 -0.370015 0.451639
-0.0986641 -0.366518 0.446429 -0.126985 -0.36996 0.451551
-0.0976854 -0.366409 0.446255 -0.125508 -0.369795 0.451287
-0.0967067 -0.366301 0.446081 -0.124523 -0.369685 0.451112
-0.0957279 -0.366192 0.445907 -0.12354 -0.369576 0.450936
-0.0947492 -0.366083 0.445733 -0.122556 -0.369466 0.45076
-0.0937705 -0.365974 0.445559 -0.121573 -0.369356 0.450585
-0.0927918 -0.365866 0.445385 -0.120591 -0.369247 0.45041
-0.091813 -0.365757 0.445211 -0.119608 -0.369137 0.450234
-0.0908343 -0.365648 0.445037 -0.118627 -0.369028 0.450059
-0.0898556 -0.36554 0.444863 -0.117645 -0.368919 0.449884
-0.0888769 -0.365431 0.444689 -0.116664 -0.368809 0.449709
-0.0878982 -0.365322 0.444515 -0.115683 -0.3687 0.449533
-0.0869194 -0.365213 0.444341 -0.114702 -0.368591 0.449358
-0.0859407 -0.365105 0.444167 -0.114212 -0.368536 0.449271
-0.084962 -0.364996 0.443993 -0.112741 -0.368373 0.449009
-0.0839833 -0.364887 0.443819 -0.111761 -0.368264 0.448834
-0.0830045 -0.364778 0.443645 -0.110782 -0.368155 0.448659
-0.0820258 -0.36467 0.443471 -0.109802 -0.368046 0.448484
-0.0810471 -0.364561 0.443297 -0.108823 -0.367937 0.448309
-0.0800684 -0.364452 0.443123 -0.107843 -0.367828 0.448134
-0.0790896 -0.364343 0.442949 -0.106864 -0.367719 0.44796
-0.0781109 -0.364235 0.442775 -0.105885 -0.367611 0.447785
-0.0771322 -0.364126 0.442601 -0.104906 -0.367502 0.44761
-0.0761535 -0.364017 0.442427 -0.103927 -0.367393 0.447436
-0.0751747 -0.363908 0.442253 -0.102949 -0.367284 0.447261
-0.074196 -0.3638 0.442079 -0.10197 -0.367176 0.447086
-0.0732173 -0.363691 0.441905 -0.100991 -0.367067 0.446912
-0.0722386 -0.363582 0.441731 -0.100013 -0.366958 0.446737
-0.0712599 -0.363473 0.441557 -0.0990341 -0.36685 0.446563
-0.0702811 -0.363365 0.441383 -0.0980536 -0.366741 0.446388
-0.0693024 -0.363256 0.441209 -0.0975629 -0.366686 0.4463
-0.0683237 -0.363147 0.441035 -0.0960899 -0.366523 0.446038
-0.067345 -0.363038 0.440861 -0.0951086 -0.366414 0.445863
-0.0663662 -0.36293 0.440687 -0.0941276 -0.366306 0.445688
-0.0653875 -0.362821 0.440513 -0.0931472 -0.366197 0.445513
-0.0644088 -0.362712 0.440339 -0.0921671 -0.366088 0.445338
-0.0634301 -0.362603 0.440165 -0.0911875 -0.36598 0.445163
-0.0624513 -0.362495 0.439991 -0.0902081 -0.365871 0.444988
-0.0614726 -0.362386 0.439817 -0.089229 -0.365762 0.444814
-0.0604939 -0.362277 0.439643 -0.0882502 -0.365654 0.444639
-0.0595152 -0.362168 0.439469 -0.0872717 -0.365545 0.444465
-0.0585364 -0.36206 0.439295 -0.0862933 -0.365436 0.44429
-0.0575577 -0.361951 0.439121 -0.0853151 -0.365328 0.444116
-0.056579 -0.361842 0.438947 -0.0843371 -0.365219 0.443941
-0.0556003 -0.361733 0.438773 -0.0833593 -0.365111 0.443767
-0.0546216 -0.361625 0.438599 -0.0823815 -0.365002 0.443592
-0.0536428 -0.361516 0.438425 -0.081404 -0.364894 0.443418
-0.0526641 -0.361407 0.438251 -0.0804264 -0.364785 0.443243
-0.0516854 -0.361298 0.438077 -0.079449 -0.364677 0.443069
-0.0507067 -0.36119 0.437903 -0.0784716 -0.364568 0.442895
-0.0497279 -0.361081 0.437729 -0.0774944 -0.36446 0.44272
-0.0487492 -0.360972 0.437555 -0.0765171 -0.364351 0.442546
-0.0477705 -0.360863 0.437381 -0.0760286 -0.364297 0.442459
-0.0467918 -0.360755 0.437207 -0.0750514 -0.364189 0.442285
-0.045813 -0.360646 0.437033 -0.0735857 -0.364026 0.442023
-0.0448343 -0.360537 0.436859 -0.0721205 -0.363863 0.441762
-0.0438556 -0.360428 0.436685 -0.0711484 -0.363755 0.441588
-0.0428769 -0.36032 0.436511 -0.070184 -0.363647 0.441416
-0.0418981 -0.360211 0.436337 -0.0692246 -0.36354 0.441245
-0.0409194 -0.360102 0.436163 -0.0682672 -0.363432 0.441074
-0.0399407 -0.359993 0.435989 -0.0673112 -0.363325 0.440903
-0.038962 -0.359885 0.435815 -0.0663566 -0.363218 0.440733
-0.0379833 -0.359776 0.435641 -0.0654034 -0.363112 0.440563
-0.0370045 -0.359667 0.435467 -0.0644513 -0.363005 0.440393
-0.0360258 -0.359558 0.435293 -0.0634988 -0.362898 0.440223
-0.0350471 -0.35945 0.435119 -0.0625449 -0.362792 0.440053
-0.0340684 -0.359341 0.434945 -0.0615906 -0.362685 0.439882
-0.0330896 -0.359232 0.434771 -0.0606369 -0.362579 0.439712
-0.0321109 -0.359123 0.434597 -0.0601604 -0.362526 0.439627
-0.0311322 -0.359015 0.434424 -0.0592077 -0.362419 0.439457
-0.0301535 -0.358906 0.43425 -0.0582544 -0.362313 0.439287
-0.0291747 -0.358797 0.434076 -0.0572981 -0.362207 0.439116
-0.028196 -0.358688 0.433902 -0.056338 -0.3621 0.438945
-0.0272173 -0.35858 0.433728 -0.0553741 -0.361993 0.438773
-0.0262386 -0.358471 0.433554 -0.054407 -0.361887 0.438601
-0.0252598 -0.358362 0.43338 -0.0534369 -0.36178 0.438428
-0.0242811 -0.358253 0.433206 -0.0524642 -0.361672 0.438255
-0.0233024 -0.358145 0.433032 -0.051489 -0.361565 0.438081
-0.0223237 -0.358036 0.432858 -0.0505119 -0.361458 0.437907
-0.021345 -0.357927 0.432684 -0.049533 -0.36135 0.437732
-0.0203662 -0.357818 0.43251 -0.0485526 -0.361242 0.437557
-0.0193875 -0.35771 0.432336 -0.0475707 -0.361135 0.437383
-0.0184088 -0.357601 0.432162 -0.0470794 -0.36108 0.437295
-0.0174301 -0.357492 0.431988 -0.0456035 -0.360918 0.437032
-0.0164513 -0.357383 0.431814 -0.0446184 -0.36081 0.436856
-0.0154726 -0.357275 0.43164 -0.0436324 -0.360702 0.436681
-0.0144939 -0.357166 0.431466 -0.0426459 -0.360593 0.436505
-0.0135152 -0.357057 0.431292 -0.0416587 -0.360485 0.436329
-0.0125364 -0.356948 0.431118 -0.0406712 -0.360376 0.436153
-0.0115577 -0.35684 0.430944 -0.0396832 -0.360267 0.435977
-0.010579 -0.356731 0.43077 -0.0386951 -0.360158 0.435801
-0.00960027 -0.356622 0.430596 -0.0377068 -0.360049 0.435625
-0.00862155 -0.356514 0.430422 -0.0367184 -0.35994 0.435449
-0.00764283 -0.356405 0.430248 -0.0357299 -0.359831 0.435272
-0.0066641 -0.356296 0.430074 -0.0347415 -0.359722 0.435096
-0.00568538 -0.356187 0.4299 -0.0337531 -0.359613 0.43492
-0.00470666 -0.356079 0.429726 -0.0327649 -0.359504 0.434744
-0.00372793 -0.35597 0.429552 -0.0317767 -0.359394 0.434568
-0.00274921 -0.355861 0.429378 -0.0307888 -0.359285 0.434392
-0.00177049 -0.355752 0.429204 -0.0298011 -0.359176 0.434216
-0.000791762 -0.355644 0.42903 -0.0288136 -0.359067 0.43404
0.000186962 -0.355535 0.428856 -0.0278263 -0.358957 0.433864
0.00116569 -0.355426 0.428682 -0.0268394 -0.358848 0.433688
0.00214441 -0.355317 0.428508 -0.0258526 -0.358739 0.433512
0.00312313 -0.355209 0.428334 -0.0248662 -0.358629 0.433336
0.00410186 -0.3551 0.42816 -0.02388 -0.35852 0.43316
0.00508058 -0.354991 0.427986 -0.0228942 -0.35841 0.432984
0.0060593 -0.354882 0.427812 -0.0219086 -0.358301 0.432809
0.00703803 -0.354774 0.427638 -0.0209234 -0.358192 0.432633
0.00801675 -0.354665 0.427464 -0.0199385 -0.358082 0.432458
0.00899547 -0.354556 0.42729 -0.0189539 -0.357973 0.432282
0.0099742 -0.354447 0.427116 -0.0179695 -0.357864 0.432107
0.0109529 -0.354339 0.426942 -0.0169855 -0.357754 0.431931
0.0119316 -0.35423 0.426768 -0.0160017 -0.357645 0.431756
0.0129104 -0.354121 0.426594 -0.0150182 -0.357536 0.431581
0.0138891 -0.354012 0.42642 -0.014035 -0.357427 0.431405
0.0148678 -0.353904 0.426246 -0.013052 -0.357317 0.43123
0.0158465 -0.353795 0.426072 -0.0120692 -0.357208 0.431055
0.0168253 -0.353686 0.425898 -0.0110867 -0.357099 0.43088
0.017804 -0.353577 0.425724 -0.0101042 -0.35699 0.430705
0.0187827 -0.353469 0.42555 -0.00912204 -0.356881 0.43053
0.0197614 -0.35336 0.425376 -0.00814001 -0.356772 0.430355
0.0207402 -0.353251 0.425202 -0.0071583 -0.356662 0.43018
0.0217189 -0.353142 0.425028 -0.00617677 -0.356553 0.430005
0.0226976 -0.353034 0.424854 -0.00519554 -0.356444 0.42983
0.0236763 -0.352925 0.42468 -0.00421447 -0.356335 0.429655
0.024655 -0.352816 0.424506 -0.00323368 -0.356226 0.42948
0.0256338 -0.352707 0.424332 -0.00225301 -0.356117 0.429306
0.0266125 -0.352599 0.424158 -0.00127261 -0.356008 0.429131
0.0275912 -0.35249 0.423984 -0.000292323 -0.355899 0.428956
0.0285699 -0.352381 0.42381 0.000687729 -0.355791 0.428782
0.0295487 -0.352272 0.423636 0.00166769 -0.355682 0.428607
0.0305274 -0.352164 0.423462 0.00264743 -0.355573 0.428432
0.0315061 -0.352055 0.423288 0.00362709 -0.355464 0.428258
0.0324848 -0.351946 0.423114 0.00460656 -0.355355 0.428083
0.0334636 -0.351837 0.42294 0.00558596 -0.355246 0.427909
0.0344423 -0.351729 0.422766 0.00656518 -0.355137 0.427734
0.035421 -0.35162 0.422592 0.00754436 -0.355029 0.42756
0.0363997 -0.351511 0.422418 0.00852336 -0.35492 0.427386
0.0373785 -0.351402 0.422244 0.00950234 -0.354811 0.427211
0.0383572 -0.351294 0.42207 0.0104812 -0.354702 0.427037
0.0393359 -0.351185 0.421896 0.01146 -0.354594 0.426863
0.0403146 -0.351076 0.421722 0.0124386 -0.354485 0.426688
0.0412933 -0.350967 0.421548 0.0134173 -0.354376 0.426514
0.0422721 -0.350859 0.421374 0.0139065 -0.354322 0.426427
0.0432508 -0.35075 0.4212 0.0153743 -0.354159 0.426166
0.0442295 -0.350641 0.421026 0.016353 -0.35405 0.425991
0.0452082 -0.350532 0.420852 0.0173325 -0.353942 0.425817
0.046187 -0.350424 0.420678 0.0183127 -0.353833 0.425642
0.0471657 -0.350315 0.420504 0.0192929 -0.353724 0.425468
0.0481444 -0.350206 0.42033 0.0202728 -0.353616 0.425293
0.0491231 -0.350097 0.420156 0.0212525 -0.353507 0.425119
0.0501019 -0.349989 0.419982 0.0222319 -0.353398 0.424944
0.0510806 -0.34988 0.419808 0.0232111 -0.35329 0.42477
0.0520593 -0.349771 0.419634 0.0241901 -0.353181 0.424596
0.053038 -0.349662 0.41946 0.0251689 -0.353072 0.424422
0.0540168 -0.349554 0.419286 0.0261475 -0.352964 0.424247
0.0549955 -0.349445 0.419112 0.0271261 -0.352855 0.424073
0.0559742 -0.349336 0.418938 0.0281044 -0.352746 0.423899
0.0569529 -0.349227 0.418764 0.0290827 -0.352638 0.423725
0.0579316 -0.349119 0.41859 0.0300608 -0.352529 0.423551
0.0589104 -0.34901 0.418416 0.0310389 -0.35242 0.423377
0.0598891 -0.348901 0.418242 0.0320168 -0.352312 0.423203
0.0608678 -0.348792 0.418068 0.0329948 -0.352203 0.423029
0.0618465 -0.348684 0.417894 0.0339726 -0.352095 0.422855
0.0628253 -0.348575 0.41772 0.0349505 -0.351986 0.422681
0.063804 -0.348466 0.417546 0.0359282 -0.351878 0.422507
0.0647827 -0.348357 0.417372 0.0369059 -0.351769 0.422333
0.0657614 -0.348249 0.417198 0.0378835 -0.35166 0.422159
0.0667402 -0.34814 0.417024 0.0388612 -0.351552 0.421985
0.0677189 -0.348031 0.41685 0.0398387 -0.351443 0.421811
0.0686976 -0.347922 0.416676 0.0408164 -0.351335 0.421637
0.0696763 -0.347814 0.416502 0.0417939 -0.351226 0.421463
0.0706551 -0.347705 0.416328 0.0427715 -0.351118 0.421289
0.0716338 -0.347596 0.416154 0.043749 -0.351009 0.421115
0.0726125 -0.347487 0.41598 0.0447266 -0.350901 0.420941
0.0735912 -0.347379 0.415806 0.0457041 -0.350792 0.420767
0.0745699 -0.34727 0.415632 0.0466816 -0.350684 0.420593
0.0755487 -0.347161 0.415458 0.0476591 -0.350575 0.42042
0.0765274 -0.347053 0.415284 0.0486367 -0.350467 0.420246
0.0775061 -0.346944 0.41511 0.0496142 -0.350358 0.420072
0.0784848 -0.346835 0.414936 0.0505918 -0.35025 0.419898
0.0794636 -0.346726 0.414762 0.0515693 -0.350141 0.419724
0.0804423 -0.346618 0.414588 0.0525469 -0.350032 0.41955
0.081421 -0.346509 0.414414 0.0535244 -0.349924 0.419376
0.0823997 -0.3464 0.41424 0.0545021 -0.349815 0.419203
0.0833785 -0.346291 0.414066 0.0554796 -0.349707 0.419029
0.0843572 -0.346183 0.413892 0.0564573 -0.349598 0.418855
0.0853359 -0.346074 0.413718 0.0574349 -0.34949 0.418681
0.0863146 -0.345965 0.413544 0.0584126 -0.349381 0.418507
0.0872934 -0.345856 0.41337 0.0593902 -0.349273 0.418333
0.0882721 -0.345748 0.413196 0.060368 -0.349164 0.41816
0.0892508 -0.345639 0.413022 0.0613458 -0.349055 0.417986
0.0902295 -0.34553 0.412848 0.0623237 -0.348947 0.417812
0.0912082 -0.345421 0.412674 0.0633015 -0.348838 0.417638
0.092187 -0.345313 0.4125 0.0642793 -0.34873 0.417464
0.0931657 -0.345204 0.412326 0.0652571 -0.348621 0.41729
0.0941444 -0.345095 0.412152 0.066235 -0.348513 0.417117
0.0951231 -0.344986 0.411978 0.0672128 -0.348404 0.416943
0.0961019 -0.344878 0.411804 0.0677018 -0.34835 0.416856
0.0970806 -0.344769 0.41163 0.0691686 -0.348187 0.416595
0.0980593 -0.34466 0.411456 0.0701465 -0.348078 0.416421
0.099038 -0.344551 0.411282 0.0711243 -0.34797 0.416248
0.100017 -0.344443 0.411108 0.0721022 -0.347861 0.416074
0.100995 -0.344334 0.410934 0.0730801 -0.347752 0.4159
0.101974 -0.344225 0.41076 0.0740581 -0.347644 0.415726
0.102953 -0.344116 0.410586 0.075036 -0.347535 0.415552
0.103932 -0.344008 0.410412 0.0760139 -0.347426 0.415379
0.10491 -0.343899 0.410238 0.0769919 -0.347318 0.415205
0.105889 -0.34379 0.410064 0.0779698 -0.347209 0.415031
0.106868 -0.343681 0.40989 0.0789478 -0.3471 0.414857
0.107847 -0.343573 0.409716 0.0799258 -0.346992 0.414684
0.108825 -0.343464 0.409542 0.0809038 -0.346883 0.41451
0.109804 -0.343355 0.409368 0.0818818 -0.346774 0.414336
0.110783 -0.343246 0.409194 0.0828598 -0.346666 0.414162
0.111761 -0.343138 0.40902 0.0838378 -0.346557 0.413989
0.11274 -0.343029 0.408846 0.0848163 -0.346448 0.413815
0.113719 -0.34292 0.408672 0.0857961 -0.34634 0.413641
0.114698 -0.342811 0.408498 0.086777 -0.346231 0.413467
0.115676 -0.342703 0.408324 0.0877582 -0.346122 0.413292
0.116655 -0.342594 0.40815 0.0887389 -0.346013 0.413118
0.117634 -0.342485 0.407976 0.0897193 -0.345904 0.412944
0.118613 -0.342376 0.407802 0.0906993 -0.345795 0.41277
0.119591 -0.342268 0.407628 0.0916791 -0.345686 0.412596
0.12057 -0.342159 0.407454 0.0926586 -0.345578 0.412422
0.121549 -0.34205 0.40728 0.0936379 -0.345469 0.412248
0.122527 -0.341941 0.407106 0.094617 -0.34536 0.412074
0.123506 -0.341833 0.406932 0.0955959 -0.345251 0.411901
0.124485 -0.341724 0.406758 0.0965745 -0.345142 0.411727
0.125464 -0.341615 0.406584 0.0970638 -0.345088 0.41164
0.126442 -0.341506 0.40641 0.0985315 -0.344924 0.411379
0.127421 -0.341398 0.406236 0.0995098 -0.344816 0.411206
0.1284 -0.341289 0.406062 0.100488 -0.344707 0.411032
0.129378 -0.34118 0.405888 0.101466 -0.344598 0.410858
0.130357 -0.341071 0.405714 0.102444 -0.344489 0.410685
0.131336 -0.340963 0.40554 0.103422 -0.34438 0.410511
0.132315 -0.340854 0.405366 0.104401 -0.344271 0.410337
0.133293 -0.340745 0.405192 0.105379 -0.344163 0.410164
0.134272 -0.340636 0.405018 0.106357 -0.344054 0.40999
0.135251 -0.340528 0.404844 0.107335 -0.343945 0.409817
0.13623 -0.340419 0.40467 0.108313 -0.343836 0.409643
0.137208 -0.34031 0.404496 0.109291 -0.343727 0.409469
0.138187 -0.340201 0.404322 0.110269 -0.343618 0.409296
0.139166 -0.340093 0.404148 0.111248 -0.34351 0.409122
0.140144 -0.339984 0.403974 0.112226 -0.343401 0.408949
0.141123 -0.339875 0.4038 0.113204 -0.343292 0.408775
0.142102 -0.339766 0.403626 0.114182 -0.343183 0.408601
0.143081 -0.339658 0.403452 0.11516 -0.343074 0.408428
0.144059 -0.339549 0.403278 0.116138 -0.342965 0.408254
0.145038 -0.33944 0.403104 0.117116 -0.342856 0.408081
0.146017 -0.339331 0.40293 0.118094 -0.342747 0.407907
0.146995 -0.339223 0.402756 0.119072 -0.342639 0.407734
0.147974 -0.339114 0.402582 0.12005 -0.34253 0.40756
0.148953 -0.339005 0.402408 0.121028 -0.342421 0.407387
0.149932 -0.338896 0.402234 0.122005 -0.342312 0.407213
0.15091 -0.338788 0.40206 0.122983 -0.342203 0.40704
0.151889 -0.338679 0.401886 0.123961 -0.342094 0.406866
0.152868 -0.33857 0.401712 0.124939 -0.341985 0.406693
0.153847 -0.338461 0.401538 0.125428 -0.341931 0.406606
0.154825 -0.338353 0.401364 0.125917 -0.341877 0.40652
0.155804 -0.338244 0.40119 0.127873 -0.341659 0.406173
0.156783 -0.338135 0.401016 0.128853 -0.34155 0.405999
0.157761 -0.338027 0.400842 0.129344 -0.341495 0.405912
0.15874 -0.337918 0.400668 0.130819 -0.341332 0.40565
0.159719 -0.337809 0.400494 0.131802 -0.341222 0.405476
0.160698 -0.3377 0.40032 0.132786 -0.341113 0.405301
0.161676 -0.337592 0.400146 0.133277 -0.341059 0.405214
0.162655 -0.337483 0.399972 0.134259 -0.340949 0.40504
0.163634 -0.337374 0.399798 0.135241 -0.34084 0.404866
0.164613 -0.337265 0.399624 0.136223 -0.340731 0.404692
0.165591 -0.337157 0.39945 0.137205 -0.340622 0.404518
0.16657 -0.337048 0.399276 0.138187 -0.340512 0.404343
0.167549 -0.336939 0.399102 0.139168 -0.340403 0.404169
0.168527 -0.33683 0.398928 0.140149 -0.340294 0.403996
0.169506 -0.336722 0.398754 0.140639 -0.340239 0.403909
0.170485 -0.336613 0.39858 0.142108 -0.340075 0.403648
0.171464 -0.336504 0.398406 0.143088 -0.339966 0.403474
0.172442 -0.336395 0.398232 0.144068 -0.339857 0.403301
0.173421 -0.336287 0.398058 0.14505 -0.339748 0.403126
0.1744 -0.336178 0.397884 0.146033 -0.339638 0.402952
0.175378 -0.336069 0.39771 0.147015 -0.339529 0.402778
0.176357 -0.33596 0.397536 0.147996 -0.33942 0.402604
0.177336 -0.335852 0.397363 0.148977 -0.33931 0.40243
0.178315 -0.335743 0.397189 0.149957 -0.339201 0.402257
0.179293 -0.335634 0.397015 0.150937 -0.339092 0.402083
0.180272 -0.335525 0.396841 0.151915 -0.338983 0.401909
0.181251 -0.335417 0.396667 0.152894 -0.338873 0.401736
0.18223 -0.335308 0.396493 0.153872 -0.338764 0.401562
0.183208 -0.335199 0.396319 0.15485 -0.338655 0.401389
0.184187 -0.33509 0.396145 0.155827 -0.338546 0.401216
0.185166 -0.334982 0.395971 0.156804 -0.338437 0.401043
0.186144 -0.334873 0.395797 0.157781 -0.338328 0.400869
0.187123 -0.334764 0.395623 0.158758 -0.338219 0.400696
0.188102 -0.334655 0.395449 0.159735 -0.33811 0.400523
0.189081 -0.334547 0.395275 0.160712 -0.338001 0.40035
0.190059 -0.334438 0.395101 0.16169 -0.337892 0.400177
0.191038 -0.334329 0.394927 0.162667 -0.337783 0.400003
0.192017 -0.33422 0.394753 0.163644 -0.337674 0.39983
0.192995 -0.334112 0.394579 0.164621 -0.337564 0.399657
0.193974 -0.334003 0.394405 0.165598 -0.337455 0.399484
0.194953 -0.333894 0.394231 0.166574 -0.337346 0.399311
0.195932 -0.333785 0.394057 0.167551 -0.337237 0.399138
0.19691 -0.333677 0.393883 0.168527 -0.337128 0.398965
0.197889 -0.333568 0.393709 0.169504 -0.33702 0.398791
0.198868 -0.333459 0.393535 0.170482 -0.336911 0.398618
0.199847 -0.33335 0.393361 0.17146 -0.336802 0.398445
0.200825 -0.333242 0.393187 0.172438 -0.336692 0.398272
0.201804 -0.333133 0.393013 0.173416 -0.336583 0.398098
0.202783 -0.333024 0.392839 0.174394 -0.336474 0.397925
0.203761 -0.332915 0.392665 0.175372 -0.336365 0.397752
0.20474 -0.332807 0.392491 0.17635 -0.336256 0.397579
0.205719 -0.332698 0.392317 0.177329 -0.336147 0.397405
0.206698 -0.332589 0.392143 0.178307 -0.336038 0.397232
0.207676 -0.33248 0.391969 0.179285 -0.335929 0.397059
0.208655 -0.332372 0.391795 0.180263 -0.33582 0.396885
0.209634 -0.332263 0.391621 0.18124 -0.335711 0.396712
0.210613 -0.332154 0.391447 0.182218 -0.335602 0.396539
0.211591 -0.332045 0.391273 0.183196 -0.335493 0.396366
0.21257 -0.331937 0.391099 0.184174 -0.335384 0.396192
0.213549 -0.331828 0.390925 0.185152 -0.335275 0.396019
0.214527 -0.331719 0.390751 0.185641 -0.33522 0.395932
0.215506 -0.33161 0.390577 0.187107 -0.335057 0.395673
0.216485 -0.331502 0.390403 0.188084 -0.334947 0.3955
0.217464 -0.331393 0.390229 0.189062 -0.334838 0.395326
0.218442 -0.331284 0.390055 0.190041 -0.334729 0.395153
0.219421 -0.331175 0.389881 0.19102 -0.33462 0.394979
0.2204 -0.331067 0.389707 0.192 -0.334511 0.394806
0.221378 -0.330958 0.389533 0.192979 -0.334402 0.394632
0.222357 -0.330849 0.389359 0.193958 -0.334292 0.394459
0.223336 -0.33074 0.389185 0.194447 -0.334238 0.394372
0.224315 -0.330632 0.389011 0.195915 -0.334074 0.394112
0.225293 -0.330523 0.388837 0.196894 -0.333965 0.393939
0.226272 -0.330414 0.388663 0.197873 -0.333856 0.393765
0.227251 -0.330305 0.388489 0.198853 -0.333746 0.393592
0.22823 -0.330197 0.388315 0.199832 -0.333637 0.393418
0.229208 -0.330088 0.388141 0.200811 -0.333528 0.393245
0.230187 -0.329979 0.387967 0.2013 -0.333473 0.393158
0.231166 -0.32987 0.387793 0.202768 -0.33331 0.392898
0.232144 -0.329762 0.387619 0.203746 -0.3332 0.392725
0.233123 -0.329653 0.387445 0.204725 -0.333091 0.392551
0.234102 -0.329544 0.387271 0.205704 -0.332982 0.392378
0.235081 -0.329435 0.387097 0.206683 -0.332873 0.392204
0.236059 -0.329327 0.386923 0.207662 -0.332763 0.392031
0.237038 -0.329218 0.386749 0.208641 -0.332654 0.391858
0.238017 -0.329109 0.386575 0.20962 -0.332545 0.391684
0.238995 -0.329001 0.386401 0.210598 -0.332436 0.391511
0.239974 -0.328892 0.386227 0.211576 -0.332326 0.391338
0.240953 -0.328783 0.386053 0.212555 -0.332217 0.391164
0.241932 -0.328674 0.385879 0.213535 -0.332108 0.390991
0.24291 -0.328566 0.385705 0.214515 -0.331998 0.390817
0.243889 -0.328457 0.385531 0.215496 -0.331889 0.390643
0.244868 -0.328348 0.385357 0.216475 -0.33178 0.39047
0.245847 -0.328239 0.385183 0.217455 -0.33167 0.390296
0.246825 -0.328131 0.385009 0.218436 -0.331561 0.390122
0.247804 -0.328022 0.384835 0.219421 -0.331451 0.389948
0.248783 -0.327913 0.384661 0.220406 -0.331342 0.389773
0.249761 -0.327804 0.384487 0.221391 -0.331232 0.389599
0.25074 -0.327696 0.384313 0.222375 -0.331122 0.389425
0.251719 -0.327587 0.384139 0.223359 -0.331013 0.389251
0.252698 -0.327478 0.383965 0.22385 -0.330958 0.389164
0.253676 -0.327369 0.383791 0.225322 -0.330794 0.388903
0.254655 -0.327261 0.383617 0.226302 -0.330684 0.388729
0.255634 -0.327152 0.383443 0.227282 -0.330575 0.388556
0.256613 -0.327043 0.383269 0.228262 -0.330465 0.388382
0.257591 -0.326934 0.383095 0.229241 -0.330356 0.388209
0.25857 -0.326826 0.382921 0.230219 -0.330246 0.388035
0.259549 -0.326717 0.382747 0.231197 -0.330137 0.387862
0.260527 -0.326608 0.382573 0.232175 -0.330028 0.387689
0.261506 -0.326499 0.382399 0.233152 -0.329918 0.387515
0.262485 -0.326391 0.382225 0.233641 -0.329864 0.387429
0.263464 -0.326282 0.382051 0.235106 -0.3297 0.387169
0.264442 -0.326173 0.381877 0.236083 -0.32959 0.386996
0.265421 -0.326064 0.381703 0.237059 -0.329481 0.386823
0.2664 -0.325956 0.381529 0.237547 -0.329427 0.386736
0.267378 -0.325847 0.381355 0.238524 -0.329317 0.386563
0.268357 -0.325738 0.381181 0.239988 -0.329154 0.386304
0.269336 -0.325629 0.381007 0.241452 -0.32899 0.386045
0.270315 -0.325521 0.380833 0.242428 -0.328881 0.385872
0.271293 -0.325412 0.380659 0.243404 -0.328772 0.385699
0.272272 -0.325303 0.380485 0.244381 -0.328663 0.385526
0.273251 -0.325194 0.380311 0.244869 -0.328608 0.385439
0.27423 -0.325086 0.380137 0.245847 -0.328499 0.385266
0.275208 -0.324977 0.379963 0.2478 -0.328281 0.38492
0.276187 -0.324868 0.379789 0.248286 -0.328226 0.384834
0.277166 -0.324759 0.379615 0.249738 -0.328063 0.384576
0.278144 -0.324651 0.379441 0.250704 -0.327955 0.384405
0.279123 -0.324542 0.379267 0.251667 -0.327847 0.384234
0.280102 -0.324433 0.379093 0.252629 -0.327739 0.384063
0.281081 -0.324324 0.378919 0.253589 -0.327631 0.383893
0.282059 -0.324216 0.378745 0.254548 -0.327523 0.383723
0.283038 -0.324107 0.378571 0.255504 -0.327415 0.383553
0.284017 -0.323998 0.378397 0.256458 -0.327308 0.383384
0.284996 -0.323889 0.378223 0.257412 -0.327201 0.383214
0.285974 -0.323781 0.378049 0.258364 -0.327093 0.383045
0.286953 -0.323672 0.377875 0.259316 -0.326986 0.382876
0.287932 -0.323563 0.377701 0.260267 -0.32688 0.382708
0.28891 -0.323454 0.377527 0.261218 -0.326773 0.382539
0.289889 -0.323346 0.377353 0.262169 -0.326666 0.38237
0.290868 -0.323237 0.377179 0.263119 -0.326559 0.382202
0.291847 -0.323128 0.377005 0.26407 -0.326453 0.382033
0.292825 -0.323019 0.376831 0.265022 -0.326346 0.381864
0.293804 -0.322911 0.376657 0.265977 -0.326239 0.381695
0.294783 -0.322802 0.376483 0.266933 -0.326132 0.381525
0.295761 -0.322693 0.376309 0.267889 -0.326025 0.381356
0.29674 -0.322584 0.376135 0.268845 -0.325919 0.381186
0.297719 -0.322476 0.375961 0.269802 -0.325812 0.381017
0.298698 -0.322367 0.375787 0.270759 -0.325705 0.380847
0.299676 -0.322258 0.375613 0.271717 -0.325598 0.380678
0.300655 -0.322149 0.375439 0.272677 -0.325491 0.380507
0.301634 -0.322041 0.375265 0.273641 -0.325384 0.380337
0.302613 -0.321932 0.375091 0.274609 -0.325276 0.380166
0.303591 -0.321823 0.374917 0.275579 -0.325169 0.379994
0.30457 -0.321714 0.374743 0.276551 -0.325061 0.379822
0.305549 -0.321606 0.374569 0.277039 -0.325007 0.379736
0.306527 -0.321497 0.374395 0.278504 -0.324844 0.379477
0.307506 -0.321388 0.374221 0.279483 -0.324736 0.379304
0.308485 -0.321279 0.374047 0.280463 -0.324627 0.37913
0.309464 -0.321171 0.373873 0.281445 -0.324519 0.378957
0.310442 -0.321062 0.373699 0.282428 -0.32441 0.378783
0.311421 -0.320953 0.373525 0.283412 -0.324301 0.378609
0.3124 -0.320844 0.373351 0.284397 -0.324192 0.378435
0.313378 -0.320736 0.373177 0.285383 -0.324083 0.37826
0.314357 -0.320627 0.373003 0.286367 -0.323973 0.378086
0.315336 -0.320518 0.372829 0.287349 -0.323864 0.377912
0.316315 -0.320409 0.372655 0.288331 -0.323755 0.377739
0.317293 -0.320301 0.372481 0.289312 -0.323646 0.377565
0.318272 -0.320192 0.372307 0.290295 -0.323536 0.377391
0.319251 -0.320083 0.372133 0.290787 -0.323482 0.377304
0.32023 -0.319974 0.371959 0.292263 -0.323318 0.377042
0.321208 -0.319866 0.371785 0.293248 -0.323208 0.376868
0.322187 -0.319757 0.371611 0.294233 -0.323098 0.376694
0.323166 -0.319648 0.371437 0.295218 -0.322989 0.376519
0.324144 -0.31954 0.371263 0.296204 -0.322879 0.376345
0.325123 -0.319431 0.371089 0.297189 -0.322769 0.37617
0.326102 -0.319322 0.370915 0.298174 -0.32266 0.375996
0.327081 -0.319213 0.370741 0.29916 -0.32255 0.375821
0.328059 -0.319105 0.370567 0.300145 -0.32244 0.375646
0.329038 -0.318996 0.370393 0.301131 -0.32233 0.375472
0.330017 -0.318887 0.370219 0.302117 -0.32222 0.375297
0.330996 -0.318778 0.370045 0.303103 -0.32211 0.375122
0.331974 -0.31867 0.369871 0.30409 -0.322 0.374947
0.332953 -0.318561 0.369697 0.305077 -0.32189 0.374773
0.333932 -0.318452 0.369523 0.306063 -0.32178 0.374598
0.33491 -0.318343 0.369349 0.306557 -0.321725 0.37451
0.335889 -0.318235 0.369175 0.308037 -0.32156 0.374248
0.336868 -0.318126 0.369001 0.309024 -0.32145 0.374073
0.337847 -0.318017 0.368827 0.310009 -0.32134 0.373898
0.338825 -0.317908 0.368653 0.310994 -0.32123 0.373724
0.339804 -0.3178 0.368479 0.311978 -0.32112 0.373549
0.340783 -0.317691 0.368305 0.312962 -0.32101 0.373375
0.341761 -0.317582 0.368131 0.313946 -0.3209 0.3732
0.34274 -0.317473 0.367957 0.314929 -0.32079 0.373026
0.343719 -0.317365 0.367783 0.315913 -0.32068 0.372852
0.344698 -0.317256 0.367609 0.316896 -0.32057 0.372677
0.345676 -0.317147 0.367435 0.31788 -0.320461 0.372503
0.346655 -0.317038 0.367261 0.318862 -0.320351 0.372329
0.347634 -0.31693 0.367087 0.319845 -0.320241 0.372154
0.348613 -0.316821 0.366913 0.320827 -0.320131 0.37198
0.349591 -0.316712 0.366739 0.321808 -0.320021 0.371806
0.35057 -0.316603 0.366565 0.322789 -0.319912 0.371632
0.351549 -0.316495 0.366391 0.323769 -0.319802 0.371458
0.352527 -0.316386 0.366217 0.32475 -0.319692 0.371284
0.353506 -0.316277 0.366043 0.325731 -0.319583 0.37111
0.354485 -0.316168 0.365869 0.326712 -0.319473 0.370936
0.355464 -0.31606 0.365695 0.327693 -0.319364 0.370762
0.356442 -0.315951 0.365521 0.328674 -0.319254 0.370588
0.357421 -0.315842 0.365347 0.329655 -0.319144 0.370414
0.3584 -0.315733 0.365173 0.330635 -0.319035 0.37024
0.359378 -0.315625 0.364999 0.331613 -0.318925 0.370067
0.360357 -0.315516 0.364825 0.332589 -0.318816 0.369893
0.361336 -0.315407 0.364651 0.333564 -0.318707 0.36972
0.362315 -0.315298 0.364477 0.334538 -0.318598 0.369547
0.363293 -0.31519 0.364303 0.335513 -0.318489 0.369374
0.364272 -0.315081 0.364129 0.336488 -0.31838 0.369201
0.365251 -0.314972 0.363955 0.336976 -0.318325 0.369115
0.36623 -0.314863 0.363781 0.338441 -0.318162 0.368855
0.367208 -0.314755 0.363607 0.339419 -0.318052 0.368681
0.368187 -0.314646 0.363433 0.340398 -0.317943 0.368508
0.369166 -0.314537 0.363259 0.341378 -0.317834 0.368334
0.370144 -0.314428 0.363085 0.342357 -0.317724 0.36816
0.371123 -0.31432 0.362911 0.343337 -0.317615 0.367987
0.372102 -0.314211 0.362737 0.344316 -0.317506 0.367813
0.373081 -0.314102 0.362563 0.344805 -0.317451 0.367726
0.374059 -0.313993 0.362389 0.346269 -0.317288 0.367466
0.375038 -0.313885 0.362215 0.347241 -0.317179 0.367294
0.376017 -0.313776 0.362041 0.348212 -0.31707 0.367121
0.376996 -0.313667 0.361867 0.349181 -0.316962 0.366949
0.377974 -0.313558 0.361693 0.350152 -0.316853 0.366777
0.378953 -0.31345 0.361519 0.351122 -0.316745 0.366605
0.379932 -0.313341 0.361345 0.352091 -0.316636 0.366433
0.38091 -0.313232 0.361171 0.352575 -0.316582 0.366347
0.381889 -0.313123 0.360997 0.353541 -0.316474 0.366175
0.382868 -0.313015 0.360823 0.354508 -0.316366 0.366003
0.383847 -0.312906 0.360649 0.355476 -0.316257 0.365831
0.384825 -0.312797 0.360476 0.356447 -0.316149 0.365659
0.385804 -0.312688 0.360302 0.357421 -0.31604 0.365486
0.386783 -0.31258 0.360128 0.358398 -0.315932 0.365313
0.387761 -0.312471 0.359954 0.358887 -0.315877 0.365227
0.38874 -0.312362 0.35978 0.360356 -0.315714 0.364966
0.389719 -0.312253 0.359606 0.361334 -0.315605 0.364793
0.390698 -0.312145 0.359432 0.362311 -0.315496 0.36462
0.391676 -0.312036 0.359258 0.363289 -0.315387 0.364446
0.392655 -0.311927 0.359084 0.36427 -0.315278 0.364272
0.393634 -0.311818 0.35891 0.365252 -0.315169 0.364099
0.394613 -0.31171 0.358736 0.366235 -0.315059 0.363924
0.395591 -0.311601 0.358562 0.36722 -0.31495 0.36375
0.39657 -0.311492 0.358388 0.368207 -0.31484 0.363575
0.397549 -0.311383 0.358214 0.369194 -0.31473 0.3634
0.398527 -0.311275 0.35804 0.370182 -0.314621 0.363225
0.399506 -0.311166 0.357866 0.371172 -0.314511 0.36305
0.400485 -0.311057 0.357692 0.372161 -0.314401 0.362875
0.401464 -0.310948 0.357518 0.373152 -0.314291 0.362699
0.402442 -0.31084 0.357344 0.373647 -0.314236 0.362612
0.403421 -0.310731 0.35717 0.375133 -0.31407 0.362348
0.4044 -0.310622 0.356996 0.376125 -0.31396 0.362173
0.405378 -0.310514 0.356822 0.377118 -0.31385 0.361997
0.406357 -0.310405 0.356648 0.378113 -0.313739 0.361821
0.407336 -0.310296 0.356474 0.379108 -0.313629 0.361644
0.408315 -0.310187 0.3563 0.380102 -0.313518 0.361468
0.409293 -0.310079 0.356126 0.380599 -0.313463 0.36138
0.410272 -0.30997 0.355952 0.38209 -0.313297 0.361116
0.411251 -0.309861 0.355778 0.383084 -0.313186 0.36094
0.41223 -0.309752 0.355604 0.384078 -0.313076 0.360763
0.413208 -0.309644 0.35543 0.385071 -0.312965 0.360587
0.414187 -0.309535 0.355256 0.386063 -0.312854 0.360411
0.415166 -0.309426 0.355082 0.387055 -0.312744 0.360235
0.416144 -0.309317 0.354908 0.388046 -0.312633 0.36006
0.417123 -0.309209 0.354734 0.389036 -0.312523 0.359884
0.418102 -0.3091 0.35456 0.390026 -0.312412 0.359708
0.419081 -0.308991 0.354386 0.391016 -0.312302 0.359532
0.420059 -0.308882 0.354212 0.392005 -0.312192 0.359357
0.421038 -0.308774 0.354038 0.392994 -0.312081 0.359181
0.422017 -0.308665 0.353864 0.393982 -0.311971 0.359006
0.422996 -0.308556 0.35369 0.39497 -0.311861 0.35883
0.423974 -0.308447 0.353516 0.395957 -0.31175 0.358655
0.424953 -0.308339 0.353342 0.39645 -0.311695 0.358567
0.425932 -0.30823 0.353168 0.39793 -0.31153 0.358305
0.42691 -0.308121 0.352994 0.398917 -0.31142 0.358129
0.427889 -0.308012 0.35282 0.399904 -0.31131 0.357954
0.428868 -0.307904 0.352646 0.400892 -0.3112 0.357779
0.429847 -0.307795 0.352472 0.401879 -0.311089 0.357603
0.430825 -0.307686 0.352298 0.402865 -0.310979 0.357428
0.431804 -0.307577 0.352124 0.40385 -0.310869 0.357253
0.432783 -0.307469 0.35195 0.404835 -0.310759 0.357078
0.433761 -0.30736 0.351776 0.405819 -0.310649 0.356904
0.43474 -0.307251 0.351602 0.406803 -0.310539 0.356729
0.435719 -0.307142 0.351428 0.407786 -0.31043 0.356554
0.436698 -0.307034 0.351254 0.40877 -0.31032 0.356379
0.437676 -0.306925 0.35108 0.409753 -0.31021 0.356205
0.438655 -0.306816 0.350906 0.410736 -0.3101 0.35603
0.439634 -0.306707 0.350732 0.411718 -0.309991 0.355856
0.440613 -0.306599 0.350558 0.412701 -0.309881 0.355681
0.441591 -0.30649 0.350384 0.413684 -0.309771 0.355506
0.44257 -0.306381 0.35021 0.414667 -0.309661 0.355332
0.443549 -0.306272 0.350036 0.415649 -0.309552 0.355157
0.444527 -0.306164 0.349862 0.416632 -0.309442 0.354983
0.445506 -0.306055 0.349688 0.417123 -0.309387 0.354896
0.446485 -0.305946 0.349514 0.418106 -0.309278 0.354721
0.447464 -0.305837 0.34934 0.41958 -0.309113 0.354459
0.448442 -0.305729 0.349166 0.420562 -0.309004 0.354285
0.449421 -0.30562 0.348992 0.421053 -0.308949 0.354198
0.4504 -0.305511 0.348818 0.422525 -0.308785 0.353936
0.451379 -0.305402 0.348644 0.423507 -0.308675 0.353762
0.452357 -0.305294 0.34847 0.423998 -0.30862 0.353675
0.453336 -0.305185 0.348296 0.424979 -0.308511 0.3535
0.454315 -0.305076 0.348122 0.426451 -0.308347 0.353239
0.455293 -0.304967 0.347948 0.427431 -0.308237 0.353065
0.456272 -0.304859 0.347774 0.427921 -0.308183 0.352978
0.457251 -0.30475 0.3476 0.429392 -0.308019 0.352717
0.45823 -0.304641 0.347426 0.429882 -0.307964 0.35263
0.459208 -0.304532 0.347252 0.430862 -0.307855 0.352456
0.460187 -0.304424 0.347078 0.431842 -0.307745 0.352281
0.461166 -0.304315 0.346904 0.433311 -0.307582 0.35202
0.462144 -0.304206 0.34673 0.4338 -0.307527 0.351934
0.463123 -0.304097 0.346556 0.435269 -0.307363 0.351673
0.464102 -0.303989 0.346382 0.435758 -0.307309 0.351586
0.465081 -0.30388 0.346208 0.437226 -0.307145 0.351325
0.466059 -0.303771 0.346034 0.438204 -0.307036 0.351151
0.467038 -0.303662 0.34586 0.439182 -0.306927 0.350977
0.468017 -0.303554 0.345686 0.439671 -0.306872 0.350891
0.468996 -0.303445 0.345512 0.441139 -0.306709 0.35063
0.469974 -0.303336 0.345338 0.441628 -0.306654 0.350543
0.470953 -0.303227 0.345164 0.443095 -0.306491 0.350282
0.471932 -0.303119 0.34499 0.443584 -0.306436 0.350196
0.47291 -0.30301 0.344816 0.444562 -0.306327 0.350022
0.473889 -0.302901 0.344642 0.445541 -0.306218 0.349848
0.474868 -0.302792 0.344468 0.446519 -0.306109 0.349674
0.475847 -0.302684 0.344294 0.447497 -0.306 0.349501
0.476825 -0.302575 0.34412 0.448476 -0.305891 0.349327
0.477804 -0.302466 0.343946 0.449943 -0.305727 0.349066
0.478783 -0.302357 0.343772 0.450433 -0.305673 0.348979
0.479761 -0.302249 0.343598 0.451411 -0.305564 0.348805
0.48074 -0.30214 0.343424 0.45239 -0.305455 0.348632
0.481719 -0.302031 0.34325 0.453369 -0.305346 0.348458
0.482698 -0.301922 0.343076 0.454347 -0.305237 0.348284
0.483676 -0.301814 0.342902 0.455816 -0.305073 0.348023
0.484655 -0.301705 0.342728 0.456305 -0.305019 0.347936
0.485634 -0.301596 0.342554 0.457284 -0.30491 0.347763
0.486613 -0.301487 0.34238 0.458263 -0.3048 0.347589
0.487591 -0.301379 0.342206 0.459242 -0.304691 0.347415
0.48857 -0.30127 0.342032 0.460221 -0.304582 0.347241
0.489549 -0.301161 0.341858 0.461202 -0.304473 0.347067
0.490527 -0.301053 0.341684 0.462185 -0.304364 0.346892
0.491506 -0.300944 0.34151 0.463171 -0.304254 0.346718
0.492485 -0.300835 0.341336 0.464159 -0.304145 0.346542
0.493464 -0.300726 0.341162 0.46515 -0.304035 0.346367
0.494442 -0.300618 0.340988 0.466142 -0.303924 0.346191
0.495421 -0.300509 0.340814 0.467135 -0.303814 0.346015
0.4964 -0.3004 0.34064 0.46813 -0.303704 0.345839
0.497379 -0.300291 0.340466 0.469126 -0.303593 0.345662
0.498357 -0.300183 0.340292 0.470123 -0.303483 0.345486
0.499336 -0.300074 0.340118 0.471121 -0.303372 0.345309
0.500315 -0.299965 0.339944 0.47212 -0.303261 0.345132
0.499336 -0.300074 0.340118 0.473119 -0.30315 0.344955
0.500315 -0.299965 0.339944 0.474118 -0.303039 0.344778
0.499336 -0.300074 0.340118 0.475117 -0.302928 0.344601
0.500315 -0.299965 0.339944 0.476116 -0.302817 0.344424
0.499336 -0.300074 0.340118 0.477111 -0.302707 0.344247
0.500315 -0.299965 0.339944 0.478097 -0.302597 0.344072
0.499336 -0.300074 0.340118 0.479069 -0.302488 0.343899
0.500315 -0.299965 0.339944 0.480023 -0.30238 0.343728
0.499336 -0.300074 0.340118 0.480492 -0.302327 0.343644
0.500315 -0.299965 0.339944 0.481872 -0.302171 0.343395
0.499336 -0.300074 0.340118 0.482766 -0.302069 0.343234
0.500315 -0.299965 0.339944 0.483636 -0.301969 0.343076
0.499336 -0.300074 0.340118 0.484482 -0.301871 0.342921
0.500315 -0.299965 0.339944 0.485303 -0.301776 0.342771
0.499336 -0.300074 0.340118 0.485703 -0.301729 0.342698
0.500315 -0.299965 0.339944 0.486864 -0.301593 0.342484
0.499336 -0.300074 0.340118 0.487604 -0.301506 0.342347
0.500315 -0.299965 0.339944 0.488317 -0.301422 0.342215
0.499336 -0.300074 0.340118 0.489003 -0.30134 0.342088
0.500315 -0.299965 0.339944 0.489661 -0.301262 0.341965
0.499336 -0.300074 0.340118 0.490291 -0.301186 0.341847
0.500315 -0.299965 0.339944 0.490894 -0.301114 0.341733
0.499336 -0.300074 0.340118 0.491185 -0.301078 0.341679
0.500315 -0.299965 0.339944 0.491748 -0.30101 0.341572
0.499336 -0.300074 0.340118 0.492544 -0.300914 0.341422
0.500315 -0.299965 0.339944 0.492796 -0.300883 0.341374
0.499336 -0.300074 0.340118 0.493283 -0.300823 0.341282
0.500315 -0.299965 0.339944 0.493968 -0.300739 0.341151
0.499336 -0.300074 0.340118 0.494184 -0.300713 0.34111
0.500315 -0.299965 0.339944 0.4946 -0.300662 0.341031
0.499336 -0.300074 0.340118 0.494994 -0.300613 0.340955
0.500315 -0.299965 0.339944 0.495367 -0.300567 0.340884
0.499336 -0.300074 0.340118 0.495719 -0.300524 0.340816
0.500315 -0.299965 0.339944 0.496052 -0.300482 0.340753
0.499336 -0.300074 0.340118 0.496365 -0.300444 0.340692
0.500315 -0.299965 0.339944 0.49666 -0.300407 0.340636
0.499336 -0.300074 0.340118 0.496937 -0.300373 0.340582
0.500315 -0.299965 0.339944 0.497198 -0.30034 0.340532
0.499336 -0.300074 0.340118 0.497443 -0.30031 0.340485
0.500315 -0.299965 0.339944 0.497781 -0.300268 0.34042
0.499336 -0.300074 0.340118 0.497986 -0.300242 0.34038
0.500315 -0.299965 0.339944 0.498083 -0.30023 0.340362
0.499336 -0.300074 0.340118 0.498263 -0.300208 0.340327
0.500315 -0.299965 0.339944 0.49851 -0.300177 0.340279
0.499336 -0.300074 0.340118 0.498661 -0.300158 0.34025
0.500315 -0.299965 0.339944 0.498733 -0.300149 0.340236
0.499336 -0.300074 0.340118 0.498869 -0.300132 0.34021
0.500315 -0.299965 0.339944 0.499055 -0.300109 0.340174
