-0.399132 -0.399904 0.499846 -0.400113 -0.400011 0.500019
-0.398154 -0.399795 0.499672 -0.400113 -0.400011 0.500019
-0.397175 -0.399686 0.499498 -0.400113 -0.400011 0.500019
-0.396196 -0.399577 0.499324 -0.400112 -0.400011 0.500019
-0.395217 -0.399469 0.49915 -0.40011 -0.40001 0.500019
-0.394239 -0.39936 0.498976 -0.400102 -0.400009 0.500017
-0.39326 -0.399251 0.498802 -0.400083 -0.400007 0.500014
-0.392281 -0.399142 0.498628 -0.40005 -0.400004 0.500008
-0.391302 -0.399034 0.498454 -0.4 -0.399998 0.5
-0.390324 -0.398925 0.49828 -0.399932 -0.399991 0.499988
-0.389345 -0.398816 0.498106 -0.399842 -0.399982 0.499972
-0.388366 -0.398707 0.497932 -0.399729 -0.39997 0.499953
-0.387388 -0.398599 0.497758 -0.399594 -0.399956 0.499929
-0.386409 -0.39849 0.497584 -0.399432 -0.399939 0.499902
-0.38543 -0.398381 0.49741 -0.399246 -0.39992 0.499869
-0.384451 -0.398272 0.497236 -0.399032 -0.399898 0.499833
-0.383473 -0.398164 0.497062 -0.398791 -0.399874 0.499792
-0.382494 -0.398055 0.496888 -0.398523 -0.399847 0.499746
-0.381515 -0.397946 0.496714 -0.398227 -0.399817 0.499695
-0.380536 -0.397837 0.49654 -0.397904 -0.399784 0.49964
-0.379558 -0.397729 0.496366 -0.397553 -0.399749 0.49958
-0.378579 -0.39762 0.496192 -0.397175 -0.399711 0.499516
-0.3776 -0.397511 0.496018 -0.396976 -0.399692 0.499482
-0.376622 -0.397402 0.495844 -0.396339 -0.399628 0.499374
-0.375643 -0.397294 0.49567 -0.395882 -0.399583 0.499297
-0.374664 -0.397185 0.495496 -0.3954 -0.399535 0.499215
-0.373685 -0.397076 0.495322 -0.395149 -0.39951 0.499172
-0.372707 -0.396967 0.495148 -0.39463 -0.399458 0.499084
-0.371728 -0.396859 0.494974 -0.394087 -0.399404 0.498992
-0.370749 -0.39675 0.4948 -0.39352 -0.399348 0.498896
-0.369771 -0.396641 0.494626 -0.39293 -0.399289 0.498796
-0.368792 -0.396532 0.494452 -0.392317 -0.399228 0.498692
-0.367813 -0.396424 0.494278 -0.391361 -0.399133 0.498529
-0.366834 -0.396315 0.494104 -0.390699 -0.399067 0.498416
-0.365856 -0.396206 0.49393 -0.390018 -0.398999 0.498301
-0.364877 -0.396097 0.493756 -0.389319 -0.398929 0.498182
-0.363898 -0.395989 0.493582 -0.388603 -0.398856 0.498059
-0.362919 -0.39588 0.493408 -0.38787 -0.398783 0.497934
-0.361941 -0.395771 0.493234 -0.387498 -0.398745 0.497871
-0.360962 -0.395662 0.49306 -0.386743 -0.398669 0.497741
-0.359983 -0.395554 0.492886 -0.385973 -0.39859 0.49761
-0.359005 -0.395445 0.492712 -0.385187 -0.39851 0.497475
-0.358026 -0.395336 0.492538 -0.384386 -0.398429 0.497338
-0.357047 -0.395227 0.492364 -0.38357 -0.398345 0.497197
-0.356068 -0.395119 0.49219 -0.38274 -0.39826 0.497055
-0.35509 -0.39501 0.492016 -0.381897 -0.398174 0.49691
-0.354111 -0.394901 0.491842 -0.381472 -0.39813 0.496836
-0.353132 -0.394792 0.491668 -0.38018 -0.397997 0.496614
-0.352154 -0.394684 0.491494 -0.379308 -0.397906 0.496463
-0.351175 -0.394575 0.49132 -0.378429 -0.397815 0.496311
-0.350196 -0.394466 0.491146 -0.377542 -0.397722 0.496157
-0.349217 -0.394357 0.490972 -0.377095 -0.397675 0.496079
-0.348239 -0.394249 0.490798 -0.375743 -0.397533 0.495844
-0.34726 -0.39414 0.490624 -0.374833 -0.397437 0.495686
-0.346281 -0.394031 0.49045 -0.373918 -0.39734 0.495526
-0.345302 -0.393922 0.490276 -0.372998 -0.397243 0.495366
-0.344324 -0.393814 0.490102 -0.372073 -0.397144 0.495204
-0.343345 -0.393705 0.489928 -0.371144 -0.397045 0.495041
-0.342366 -0.393596 0.489754 -0.370211 -0.396945 0.494878
-0.341388 -0.393488 0.48958 -0.369274 -0.396844 0.494713
-0.340409 -0.393379 0.489406 -0.368803 -0.396793 0.49463
-0.33943 -0.39327 0.489232 -0.367382 -0.39664 0.494381
-0.338451 -0.393161 0.489058 -0.366906 -0.396589 0.494297
-0.337473 -0.393053 0.488884 -0.365471 -0.396433 0.494044
-0.336494 -0.392944 0.48871 -0.364509 -0.396329 0.493875
-0.335515 -0.392835 0.488536 -0.364027 -0.396277 0.49379
-0.334536 -0.392726 0.488362 -0.362579 -0.396119 0.493534
-0.333558 -0.392618 0.488188 -0.362096 -0.396067 0.493449
-0.332579 -0.392509 0.488014 -0.360646 -0.395908 0.493193
-0.3316 -0.3924 0.48784 -0.359678 -0.395802 0.493021
-0.330622 -0.392291 0.487666 -0.359193 -0.395748 0.492935
-0.329643 -0.392183 0.487492 -0.357737 -0.395588 0.492677
-0.328664 -0.392074 0.487318 -0.356766 -0.395481 0.492505
-0.327685 -0.391965 0.487144 -0.355794 -0.395374 0.492332
-0.326707 -0.391856 0.48697 -0.354822 -0.395266 0.492159
-0.325728 -0.391748 0.486796 -0.35385 -0.395158 0.491986
-0.324749 -0.391639 0.486622 -0.352877 -0.395051 0.491813
-0.323771 -0.39153 0.486448 -0.351905 -0.394943 0.49164
-0.322792 -0.391421 0.486274 -0.350932 -0.394834 0.491467
-0.321813 -0.391313 0.4861 -0.34996 -0.394726 0.491294
-0.320834 -0.391204 0.485926 -0.348987 -0.394618 0.49112
-0.319856 -0.391095 0.485752 -0.348014 -0.394509 0.490947
-0.318877 -0.390986 0.485578 -0.347041 -0.394401 0.490773
-0.317898 -0.390878 0.485404 -0.346068 -0.394292 0.4906
-0.316919 -0.390769 0.48523 -0.345095 -0.394184 0.490426
-0.315941 -0.39066 0.485056 -0.34412 -0.394075 0.490252
-0.314962 -0.390551 0.484882 -0.343143 -0.393966 0.490078
-0.313983 -0.390443 0.484708 -0.342163 -0.393857 0.489903
-0.313005 -0.390334 0.484534 -0.34118 -0.393748 0.489728
-0.312026 -0.390225 0.48436 -0.340195 -0.393638 0.489553
-0.311047 -0.390116 0.484186 -0.339207 -0.393529 0.489377
-0.310068 -0.390008 0.484012 -0.338217 -0.393419 0.4892
-0.30909 -0.389899 0.483838 -0.337226 -0.393309 0.489024
-0.308111 -0.38979 0.483664 -0.336233 -0.393199 0.488847
-0.307132 -0.389681 0.48349 -0.33524 -0.393088 0.48867
-0.306153 -0.389573 0.483316 -0.334246 -0.392978 0.488493
-0.305175 -0.389464 0.483142 -0.33325 -0.392868 0.488316
-0.304196 -0.389355 0.482968 -0.332255 -0.392757 0.488139
-0.303217 -0.389246 0.482794 -0.331757 -0.392702 0.48805
-0.302239 -0.389138 0.48262 -0.330263 -0.392536 0.487784
-0.30126 -0.389029 0.482446 -0.329267 -0.392425 0.487607
-0.300281 -0.38892 0.482272 -0.328271 -0.392315 0.487429
-0.299302 -0.388811 0.482098 -0.327277 -0.392204 0.487252
-0.298324 -0.388703 0.481924 -0.326283 -0.392093 0.487075
-0.297345 -0.388594 0.48175 -0.325289 -0.391983 0.486897
-0.296366 -0.388485 0.481576 -0.324294 -0.391872 0.48672
-0.295388 -0.388376 0.481402 -0.323299 -0.391761 0.486543
-0.294409 -0.388268 0.481228 -0.322305 -0.391651 0.486365
-0.29343 -0.388159 0.481054 -0.32131 -0.39154 0.486188
-0.292451 -0.38805 0.48088 -0.320315 -0.391429 0.486011
-0.291473 -0.387941 0.480706 -0.319321 -0.391318 0.485834
-0.290494 -0.387833 0.480532 -0.318328 -0.391208 0.485656
-0.289515 -0.387724 0.480358 -0.317831 -0.391152 0.485568
-0.288536 -0.387615 0.480184 -0.316838 -0.391042 0.485391
-0.287558 -0.387506 0.48001 -0.315844 -0.390931 0.485214
-0.286579 -0.387398 0.479836 -0.314851 -0.39082 0.485036
-0.2856 -0.387289 0.479662 -0.313363 -0.390655 0.484771
-0.284622 -0.38718 0.479488 -0.312373 -0.390544 0.484594
-0.283643 -0.387071 0.479314 -0.31188 -0.390489 0.484506
-0.282664 -0.386963 0.47914 -0.310404 -0.390324 0.484243
-0.281685 -0.386854 0.478966 -0.309422 -0.390214 0.484067
-0.280707 -0.386745 0.478792 -0.30844 -0.390104 0.483892
-0.279728 -0.386636 0.478618 -0.307457 -0.389994 0.483716
-0.278749 -0.386528 0.478444 -0.306474 -0.389885 0.483541
-0.277771 -0.386419 0.47827 -0.305491 -0.389775 0.483366
-0.276792 -0.38631 0.478096 -0.304508 -0.389665 0.48319
-0.275813 -0.386201 0.477922 -0.303524 -0.389556 0.483015
-0.274834 -0.386093 0.477748 -0.302541 -0.389446 0.482839
-0.273856 -0.385984 0.477574 -0.301557 -0.389336 0.482664
-0.272877 -0.385875 0.4774 -0.300573 -0.389227 0.482488
-0.271898 -0.385766 0.477226 -0.299589 -0.389117 0.482313
-0.270919 -0.385658 0.477052 -0.298605 -0.389008 0.482137
-0.269941 -0.385549 0.476878 -0.297621 -0.388898 0.481962
-0.268962 -0.38544 0.476704 -0.296636 -0.388788 0.481786
-0.267983 -0.385331 0.47653 -0.295652 -0.388679 0.481611
-0.267005 -0.385223 0.476356 -0.294667 -0.388569 0.481435
-0.266026 -0.385114 0.476182 -0.293682 -0.38846 0.48126
-0.265047 -0.385005 0.476008 -0.292698 -0.38835 0.481084
-0.264068 -0.384896 0.475834 -0.291713 -0.388241 0.480909
-0.26309 -0.384788 0.47566 -0.290728 -0.388131 0.480733
-0.262111 -0.384679 0.475486 -0.289743 -0.388022 0.480558
-0.261132 -0.38457 0.475312 -0.288759 -0.387913 0.480383
-0.260153 -0.384461 0.475138 -0.287774 -0.387803 0.480207
-0.259175 -0.384353 0.474964 -0.28679 -0.387694 0.480032
-0.258196 -0.384244 0.47479 -0.285806 -0.387584 0.479856
-0.257217 -0.384135 0.474616 -0.284822 -0.387475 0.479681
-0.256239 -0.384027 0.474442 -0.283837 -0.387366 0.479506
-0.25526 -0.383918 0.474268 -0.282853 -0.387256 0.47933
-0.254281 -0.383809 0.474094 -0.281869 -0.387147 0.479155
-0.253302 -0.3837 0.47392 -0.280885 -0.387038 0.47898
-0.252324 -0.383592 0.473746 -0.279901 -0.386928 0.478805
-0.251345 -0.383483 0.473572 -0.278917 -0.386819 0.478629
-0.250366 -0.383374 0.473398 -0.277934 -0.38671 0.478454
-0.249388 -0.383265 0.473224 -0.27695 -0.386601 0.478279
-0.248409 -0.383157 0.47305 -0.275966 -0.386491 0.478104
-0.24743 -0.383048 0.472876 -0.274983 -0.386382 0.477928
-0.246451 -0.382939 0.472702 -0.273999 -0.386273 0.477753
-0.245473 -0.38283 0.472528 -0.273016 -0.386164 0.477578
-0.244494 -0.382722 0.472354 -0.272032 -0.386054 0.477403
-0.243515 -0.382613 0.47218 -0.271048 -0.385945 0.477227
-0.242536 -0.382504 0.472006 -0.270556 -0.385891 0.47714
-0.241558 -0.382395 0.471832 -0.269572 -0.385781 0.476964
-0.240579 -0.382287 0.471658 -0.268588 -0.385672 0.476789
-0.2396 -0.382178 0.471484 -0.267603 -0.385563 0.476614
-0.238622 -0.382069 0.471311 -0.266619 -0.385454 0.476438
-0.237643 -0.38196 0.471137 -0.265634 -0.385344 0.476263
-0.236664 -0.381852 0.470963 -0.264648 -0.385235 0.476088
-0.235685 -0.381743 0.470789 -0.26317 -0.385071 0.475824
-0.234707 -0.381634 0.470615 -0.262184 -0.384962 0.475649
-0.233728 -0.381525 0.470441 -0.261199 -0.384852 0.475473
-0.232749 -0.381417 0.470267 -0.260706 -0.384798 0.475386
-0.231771 -0.381308 0.470093 -0.259721 -0.384688 0.47521
-0.230792 -0.381199 0.469919 -0.258736 -0.384579 0.475035
-0.229813 -0.38109 0.469745 -0.257751 -0.38447 0.474859
-0.228834 -0.380982 0.469571 -0.256766 -0.38436 0.474684
-0.227856 -0.380873 0.469397 -0.255781 -0.384251 0.474508
-0.226877 -0.380764 0.469223 -0.254796 -0.384142 0.474333
-0.225898 -0.380655 0.469049 -0.253811 -0.384032 0.474157
-0.224919 -0.380547 0.468875 -0.252826 -0.383923 0.473982
-0.223941 -0.380438 0.468701 -0.251841 -0.383814 0.473807
-0.222962 -0.380329 0.468527 -0.250856 -0.383705 0.473631
-0.221983 -0.38022 0.468353 -0.250364 -0.38365 0.473543
-0.221005 -0.380112 0.468179 -0.248887 -0.383486 0.47328
-0.220026 -0.380003 0.468005 -0.247902 -0.383377 0.473105
-0.219047 -0.379894 0.467831 -0.246917 -0.383267 0.472929
-0.218068 -0.379785 0.467657 -0.245441 -0.383103 0.472666
-0.21709 -0.379677 0.467483 -0.244456 -0.382994 0.472491
-0.216111 -0.379568 0.467309 -0.243473 -0.382885 0.472316
-0.215132 -0.379459 0.467135 -0.242491 -0.382776 0.472141
-0.214153 -0.37935 0.466961 -0.24151 -0.382667 0.471966
-0.213175 -0.379242 0.466787 -0.240532 -0.382558 0.471791
-0.212196 -0.379133 0.466613 -0.239555 -0.382449 0.471617
-0.211217 -0.379024 0.466439 -0.239067 -0.382394 0.47153
-0.210239 -0.378915 0.466265 -0.237605 -0.382231 0.471269
-0.20926 -0.378807 0.466091 -0.236631 -0.382123 0.471096
-0.208281 -0.378698 0.465917 -0.235659 -0.382015 0.470922
-0.207302 -0.378589 0.465743 -0.23469 -0.381906 0.470749
-0.206324 -0.37848 0.465569 -0.233723 -0.381798 0.470577
-0.205345 -0.378372 0.465395 -0.233239 -0.381744 0.47049
-0.204366 -0.378263 0.465221 -0.231788 -0.381582 0.470231
-0.203388 -0.378154 0.465047 -0.230819 -0.381474 0.470058
-0.202409 -0.378045 0.464873 -0.229851 -0.381366 0.469886
-0.20143 -0.377937 0.464699 -0.228885 -0.381259 0.469713
-0.200451 -0.377828 0.464525 -0.227921 -0.381151 0.469541
-0.199473 -0.377719 0.464351 -0.226959 -0.381043 0.469369
-0.198494 -0.37761 0.464177 -0.225997 -0.380936 0.469198
-0.197515 -0.377502 0.464003 -0.225034 -0.380829 0.469026
-0.196536 -0.377393 0.463829 -0.224071 -0.380721 0.468854
-0.195558 -0.377284 0.463655 -0.223109 -0.380614 0.468683
-0.194579 -0.377175 0.463481 -0.222149 -0.380507 0.468511
-0.1936 -0.377067 0.463307 -0.221189 -0.3804 0.46834
-0.192622 -0.376958 0.463133 -0.22023 -0.380293 0.468169
-0.191643 -0.376849 0.462959 -0.219751 -0.38024 0.468083
-0.190664 -0.37674 0.462785 -0.218314 -0.380079 0.467827
-0.189685 -0.376632 0.462611 -0.217356 -0.379973 0.467656
-0.188707 -0.376523 0.462437 -0.216397 -0.379866 0.467485
-0.187728 -0.376414 0.462263 -0.215436 -0.379759 0.467314
-0.186749 -0.376305 0.462089 -0.214474 -0.379652 0.467142
-0.185771 -0.376197 0.461915 -0.213512 -0.379545 0.466971
-0.184792 -0.376088 0.461741 -0.212551 -0.379439 0.466799
-0.183813 -0.375979 0.461567 -0.21159 -0.379332 0.466628
-0.182834 -0.37587 0.461393 -0.210629 -0.379225 0.466457
-0.181856 -0.375762 0.461219 -0.209668 -0.379118 0.466285
-0.180877 -0.375653 0.461045 -0.208706 -0.379012 0.466114
-0.179898 -0.375544 0.460871 -0.207744 -0.378905 0.465943
-0.178919 -0.375435 0.460697 -0.207263 -0.378851 0.465857
-0.177941 -0.375327 0.460523 -0.205818 -0.378691 0.4656
-0.176962 -0.375218 0.460349 -0.204853 -0.378584 0.465428
-0.175983 -0.375109 0.460175 -0.203885 -0.378477 0.465255
-0.175005 -0.375001 0.460001 -0.202916 -0.37837 0.465083
-0.174026 -0.374892 0.459827 -0.202431 -0.378316 0.464996
-0.173047 -0.374783 0.459653 -0.200976 -0.378156 0.464737
-0.172068 -0.374674 0.459479 -0.200006 -0.378048 0.464565
-0.17109 -0.374566 0.459305 -0.199036 -0.377941 0.464392
-0.170111 -0.374457 0.459131 -0.198066 -0.377834 0.464219
-0.169132 -0.374348 0.458957 -0.197096 -0.377726 0.464046
-0.168153 -0.374239 0.458783 -0.196125 -0.377619 0.463874
-0.167175 -0.374131 0.458609 -0.195152 -0.377511 0.4637
-0.166196 -0.374022 0.458435 -0.194178 -0.377404 0.463527
-0.165217 -0.373913 0.458261 -0.193202 -0.377296 0.463353
-0.164239 -0.373804 0.458087 -0.192227 -0.377188 0.46318
-0.16326 -0.373696 0.457913 -0.191253 -0.37708 0.463006
-0.162281 -0.373587 0.457739 -0.190766 -0.377027 0.46292
-0.161302 -0.373478 0.457565 -0.189307 -0.376865 0.46266
-0.160324 -0.373369 0.457391 -0.188335 -0.376757 0.462486
-0.159345 -0.373261 0.457217 -0.187362 -0.376649 0.462313
-0.158366 -0.373152 0.457043 -0.186876 -0.376596 0.462227
-0.157388 -0.373043 0.456869 -0.185903 -0.376488 0.462053
-0.156409 -0.372934 0.456695 -0.184437 -0.376326 0.461792
-0.15543 -0.372826 0.456521 -0.183947 -0.376272 0.461705
-0.154451 -0.372717 0.456347 -0.182965 -0.376163 0.46153
-0.153473 -0.372608 0.456173 -0.18198 -0.376055 0.461355
-0.152494 -0.372499 0.455999 -0.180993 -0.375946 0.461179
-0.151515 -0.372391 0.455825 -0.180003 -0.375837 0.461003
-0.150536 -0.372282 0.455651 -0.179012 -0.375728 0.460827
-0.149558 -0.372173 0.455477 -0.17802 -0.375619 0.46065
-0.148579 -0.372064 0.455303 -0.177026 -0.375509 0.460473
-0.1476 -0.371956 0.455129 -0.176031 -0.3754 0.460296
-0.146622 -0.371847 0.454955 -0.175036 -0.37529 0.460119
-0.145643 -0.371738 0.454781 -0.174039 -0.375181 0.459942
-0.144664 -0.371629 0.454607 -0.173042 -0.375071 0.459764
-0.143685 -0.371521 0.454433 -0.172044 -0.374961 0.459587
-0.142707 -0.371412 0.454259 -0.171046 -0.374851 0.459409
-0.141728 -0.371303 0.454085 -0.170048 -0.374741 0.459232
-0.140749 -0.371194 0.453911 -0.16905 -0.37463 0.459054
-0.139771 -0.371086 0.453737 -0.168052 -0.37452 0.458876
-0.138792 -0.370977 0.453563 -0.167054 -0.37441 0.458698
-0.137813 -0.370868 0.453389 -0.166555 -0.374355 0.458609
-0.136834 -0.370759 0.453215 -0.16456 -0.374134 0.458254
-0.135856 -0.370651 0.453041 -0.163562 -0.374024 0.458076
-0.134877 -0.370542 0.452867 -0.162565 -0.373913 0.457898
-0.133898 -0.370433 0.452693 -0.161568 -0.373803 0.457721
-0.132919 -0.370324 0.452519 -0.160574 -0.373692 0.457543
-0.131941 -0.370216 0.452345 -0.160077 -0.373637 0.457455
-0.130962 -0.370107 0.452171 -0.158588 -0.373472 0.457189
-0.129983 -0.369998 0.451997 -0.157597 -0.373361 0.457012
-0.129005 -0.369889 0.451823 -0.156605 -0.373251 0.456836
-0.128026 -0.369781 0.451649 -0.155615 -0.373141 0.456659
-0.127047 -0.369672 0.451475 -0.154628 -0.373031 0.456483
-0.126068 -0.369563 0.451301 -0.153643 -0.372921 0.456307
-0.12509 -0.369454 0.451127 -0.152658 -0.372811 0.456131
-0.124111 -0.369346 0.450953 -0.151673 -0.372702 0.455955
-0.123132 -0.369237 0.450779 -0.150689 -0.372592 0.45578
-0.122153 -0.369128 0.450605 -0.149705 -0.372482 0.455604
-0.121175 -0.369019 0.450431 -0.148721 -0.372372 0.455428
-0.120196 -0.368911 0.450257 -0.147738 -0.372263 0.455253
-0.119217 -0.368802 0.450083 -0.146755 -0.372153 0.455077
-0.118239 -0.368693 0.449909 -0.145773 -0.372044 0.454902
-0.11726 -0.368584 0.449735 -0.144792 -0.371935 0.454727
-0.116281 -0.368476 0.449561 -0.143812 -0.371825 0.454552
-0.115302 -0.368367 0.449387 -0.142832 -0.371716 0.454377
-0.114324 -0.368258 0.449213 -0.141855 -0.371607 0.454203
-0.113345 -0.368149 0.449039 -0.14088 -0.371498 0.454029
-0.112366 -0.368041 0.448865 -0.139909 -0.371389 0.453855
-0.111388 -0.367932 0.448691 -0.13894 -0.371281 0.453682
-0.110409 -0.367823 0.448517 -0.137972 -0.371173 0.453509
-0.10943 -0.367714 0.448343 -0.137004 -0.371064 0.453336
-0.108451 -0.367606 0.448169 -0.13652 -0.37101 0.45325
-0.107473 -0.367497 0.447995 -0.13507 -0.370848 0.452991
-0.106494 -0.367388 0.447821 -0.134105 -0.37074 0.452818
-0.105515 -0.367279 0.447647 -0.133142 -0.370632 0.452646
-0.104536 -0.367171 0.447473 -0.13218 -0.370525 0.452474
-0.103558 -0.367062 0.447299 -0.131219 -0.370417 0.452303
-0.102579 -0.366953 0.447125 -0.130259 -0.37031 0.452131
-0.1016 -0.366844 0.446951 -0.1293 -0.370203 0.45196
-0.100622 -0.366736 0.446777 -0.128341 -0.370095 0.451789
-0.0996428 -0.366627 0.446603 -0.127382 -0.369988 0.451617
-0.0986641 -0.366518 0.446429 -0.126422 -0.369881 0.451446
-0.0976854 -0.366409 0.446255 -0.125462 -0.369774 0.451275
-0.0967067 -0.366301 0.446081 -0.124501 -0.369667 0.451103
-0.0957279 -0.366192 0.445907 -0.123541 -0.36956 0.450932
-0.0947492 -0.366083 0.445733 -0.12258 -0.369453 0.45076
-0.0937705 -0.365974 0.445559 -0.1221 -0.3694 0.450675
-0.0927918 -0.365866 0.445385 -0.120178 -0.369186 0.450332
-0.091813 -0.365757 0.445211 -0.119217 -0.369079 0.45016
-0.0908343 -0.365648 0.445037 -0.118256 -0.368972 0.449989
-0.0898556 -0.36554 0.444863 -0.117294 -0.368866 0.449817
-0.0888769 -0.365431 0.444689 -0.116331 -0.368759 0.449645
-0.0878982 -0.365322 0.444515 -0.115368 -0.368652 0.449474
-0.0869194 -0.365213 0.444341 -0.114887 -0.368598 0.449388
-0.0859407 -0.365105 0.444167 -0.113922 -0.368492 0.449216
-0.084962 -0.364996 0.443993 -0.112475 -0.368331 0.448958
-0.0839833 -0.364887 0.443819 -0.11151 -0.368224 0.448786
-0.0830045 -0.364778 0.443645 -0.110544 -0.368117 0.448613
-0.0820258 -0.36467 0.443471 -0.109577 -0.36801 0.448441
-0.0810471 -0.364561 0.443297 -0.10861 -0.367903 0.448269
-0.0800684 -0.364452 0.443123 -0.107643 -0.367796 0.448096
-0.0790896 -0.364343 0.442949 -0.107159 -0.367742 0.44801
-0.0781109 -0.364235 0.442775 -0.105706 -0.367582 0.447751
-0.0771322 -0.364126 0.442601 -0.104737 -0.367475 0.447578
-0.0761535 -0.364017 0.442427 -0.103769 -0.367367 0.447405
-0.0751747 -0.363908 0.442253 -0.102799 -0.36726 0.447232
-0.074196 -0.3638 0.442079 -0.10183 -0.367153 0.44706
-0.0732173 -0.363691 0.441905 -0.10086 -0.367045 0.446887
-0.0722386 -0.363582 0.441731 -0.0998896 -0.366938 0.446714
-0.0712599 -0.363473 0.441557 -0.098919 -0.366831 0.446541
-0.0702811 -0.363365 0.441383 -0.0984337 -0.366777 0.446454
-0.0693024 -0.363256 0.441209 -0.096977 -0.366616 0.446194
-0.0683237 -0.363147 0.441035 -0.0960055 -0.366508 0.446021
-0.067345 -0.363038 0.440861 -0.0950337 -0.366401 0.445848
-0.0663662 -0.36293 0.440687 -0.0940616 -0.366293 0.445675
-0.0653875 -0.362821 0.440513 -0.0935755 -0.366239 0.445588
-0.0644088 -0.362712 0.440339 -0.0921166 -0.366078 0.445328
-0.0634301 -0.362603 0.440165 -0.0911436 -0.36597 0.445154
-0.0624513 -0.362495 0.439991 -0.0901705 -0.365862 0.444981
-0.0614726 -0.362386 0.439817 -0.089197 -0.365755 0.444807
-0.0604939 -0.362277 0.439643 -0.0882233 -0.365647 0.444634
-0.0595152 -0.362168 0.439469 -0.0872494 -0.365539 0.44446
-0.0585364 -0.36206 0.439295 -0.0862754 -0.365431 0.444286
-0.0575577 -0.361951 0.439121 -0.0853011 -0.365323 0.444113
-0.056579 -0.361842 0.438947 -0.0843267 -0.365215 0.443939
-0.0556003 -0.361733 0.438773 -0.0833519 -0.365107 0.443765
-0.0546216 -0.361625 0.438599 -0.082377 -0.364999 0.443591
-0.0536428 -0.361516 0.438425 -0.0814019 -0.364891 0.443418
-0.0526641 -0.361407 0.438251 -0.0804266 -0.364783 0.443244
-0.0516854 -0.361298 0.438077 -0.0794511 -0.364675 0.44307
-0.0507067 -0.36119 0.437903 -0.0784755 -0.364567 0.442896
-0.0497279 -0.361081 0.437729 -0.0774996 -0.364459 0.442722
-0.0487492 -0.360972 0.437555 -0.0770117 -0.364405 0.442635
-0.0477705 -0.360863 0.437381 -0.0755476 -0.364243 0.442374
-0.0467918 -0.360755 0.437207 -0.0740832 -0.364081 0.442113
-0.045813 -0.360646 0.437033 -0.0731069 -0.363972 0.441938
-0.0448343 -0.360537 0.436859 -0.0721314 -0.363864 0.441764
-0.0438556 -0.360428 0.436685 -0.0711574 -0.363756 0.441591
-0.0428769 -0.36032 0.436511 -0.0701849 -0.363648 0.441417
-0.0418981 -0.360211 0.436337 -0.0692134 -0.36354 0.441244
-0.0409194 -0.360102 0.436163 -0.0682427 -0.363432 0.441071
-0.0399407 -0.359993 0.435989 -0.0672727 -0.363324 0.440898
-0.038962 -0.359885 0.435815 -0.0663046 -0.363217 0.440725
-0.0379833 -0.359776 0.435641 -0.0653394 -0.363109 0.440553
-0.0370045 -0.359667 0.435467 -0.0643757 -0.363001 0.440381
-0.0360258 -0.359558 0.435293 -0.0634116 -0.362894 0.440209
-0.0350471 -0.35945 0.435119 -0.0624468 -0.362787 0.440037
-0.0340684 -0.359341 0.434945 -0.0614808 -0.362679 0.439864
-0.0330896 -0.359232 0.434771 -0.0605141 -0.362572 0.439692
-0.0321109 -0.359123 0.434597 -0.0595469 -0.362464 0.439519
-0.0311322 -0.359015 0.434424 -0.0585791 -0.362357 0.439347
-0.0301535 -0.358906 0.43425 -0.0576107 -0.362249 0.439174
-0.0291747 -0.358797 0.434076 -0.0566418 -0.362142 0.439001
-0.028196 -0.358688 0.433902 -0.0556726 -0.362034 0.438828
-0.0272173 -0.35858 0.433728 -0.0551878 -0.36198 0.438742
-0.0262386 -0.358471 0.433554 -0.0547029 -0.361926 0.438655
-0.0252598 -0.358362 0.43338 -0.0527647 -0.361711 0.438309
-0.0242811 -0.358253 0.433206 -0.0517985 -0.361604 0.438137
-0.0233024 -0.358145 0.433032 -0.050833 -0.361497 0.437965
-0.0223237 -0.358036 0.432858 -0.0498667 -0.361389 0.437793
-0.021345 -0.357927 0.432684 -0.0488995 -0.361282 0.43762
-0.0203662 -0.357818 0.43251 -0.0479316 -0.361175 0.437447
-0.0193875 -0.35771 0.432336 -0.0474475 -0.361121 0.437361
-0.0184088 -0.357601 0.432162 -0.045994 -0.36096 0.437102
-0.0174301 -0.357492 0.431988 -0.0450236 -0.360852 0.436929
-0.0164513 -0.357383 0.431814 -0.0440519 -0.360745 0.436756
-0.0154726 -0.357275 0.43164 -0.0430804 -0.360637 0.436582
-0.0144939 -0.357166 0.431466 -0.0421108 -0.360529 0.436409
-0.0135152 -0.357057 0.431292 -0.0411433 -0.360422 0.436237
-0.0125364 -0.356948 0.431118 -0.0401778 -0.360315 0.436065
-0.0115577 -0.35684 0.430944 -0.039214 -0.360208 0.435893
-0.010579 -0.356731 0.43077 -0.0382517 -0.3601 0.435721
-0.00960027 -0.356622 0.430596 -0.0372906 -0.359993 0.43555
-0.00862155 -0.356514 0.430422 -0.0363305 -0.359886 0.435379
-0.00764283 -0.356405 0.430248 -0.0353712 -0.359779 0.435207
-0.0066641 -0.356296 0.430074 -0.0344124 -0.359673 0.435036
-0.00568538 -0.356187 0.4299 -0.033454 -0.359566 0.434866
-0.00470666 -0.356079 0.429726 -0.0329749 -0.359513 0.43478
-0.00372793 -0.35597 0.429552 -0.031538 -0.359353 0.434524
-0.00274921 -0.355861 0.429378 -0.0305802 -0.359246 0.434353
-0.00177049 -0.355752 0.429204 -0.0296223 -0.359139 0.434182
-0.000791762 -0.355644 0.42903 -0.0286643 -0.359033 0.434011
0.000186962 -0.355535 0.428856 -0.0277062 -0.358926 0.433841
0.00116569 -0.355426 0.428682 -0.0267477 -0.35882 0.43367
0.00214441 -0.355317 0.428508 -0.0257889 -0.358713 0.433499
0.00312313 -0.355209 0.428334 -0.0248298 -0.358607 0.433328
0.00410186 -0.3551 0.42816 -0.0238702 -0.3585 0.433157
0.00508058 -0.354991 0.427986 -0.0229101 -0.358393 0.432986
0.0060593 -0.354882 0.427812 -0.0219495 -0.358287 0.432814
0.00703803 -0.354774 0.427638 -0.0209885 -0.35818 0.432643
0.00801675 -0.354665 0.427464 -0.0200269 -0.358074 0.432472
0.00899547 -0.354556 0.42729 -0.0195458 -0.35802 0.432386
0.0099742 -0.354447 0.427116 -0.0181017 -0.35786 0.432129
0.0109529 -0.354339 0.426942 -0.0171374 -0.357754 0.431957
0.0119316 -0.35423 0.426768 -0.0161704 -0.357647 0.431784
0.0129104 -0.354121 0.426594 -0.0151999 -0.35754 0.431612
0.0138891 -0.354012 0.42642 -0.0142275 -0.357433 0.431438
0.0148678 -0.353904 0.426246 -0.0132551 -0.357325 0.431265
0.0158465 -0.353795 0.426072 -0.012283 -0.357218 0.431092
0.0168253 -0.353686 0.425898 -0.0113111 -0.357111 0.430919
0.017804 -0.353577 0.425724 -0.0103392 -0.357004 0.430745
0.0187827 -0.353469 0.42555 -0.00936729 -0.356896 0.430572
0.0197614 -0.35336 0.425376 -0.00839532 -0.356789 0.430399
0.0207402 -0.353251 0.425202 -0.00742341 -0.356681 0.430226
0.0217189 -0.353142 0.425028 -0.00645092 -0.356574 0.430053
0.0226976 -0.353034 0.424854 -0.00547735 -0.356466 0.429879
0.0236763 -0.352925 0.42468 -0.00450329 -0.356359 0.429706
0.024655 -0.352816 0.424506 -0.00352943 -0.356251 0.429532
0.0256338 -0.352707 0.424332 -0.00304262 -0.356197 0.429446
0.0266125 -0.352599 0.424158 -0.00158237 -0.356036 0.429185
0.0275912 -0.35249 0.423984 -0.00060794 -0.355928 0.429012
0.0285699 -0.352381 0.42381 0.00036822 -0.35582 0.428838
0.0295487 -0.352272 0.423636 0.00134512 -0.355712 0.428664
0.0305274 -0.352164 0.423462 0.00232161 -0.355604 0.42849
0.0315061 -0.352055 0.423288 0.00329765 -0.355496 0.428316
0.0324848 -0.351946 0.423114 0.00427333 -0.355388 0.428142
0.0334636 -0.351837 0.42294 0.00476104 -0.355334 0.428055
0.0344423 -0.351729 0.422766 0.00622392 -0.355172 0.427795
0.035421 -0.35162 0.422592 0.00720108 -0.355064 0.427621
0.0363997 -0.351511 0.422418 0.00818185 -0.354955 0.427446
0.0373785 -0.351402 0.422244 0.00916585 -0.354847 0.427271
0.0383572 -0.351294 0.42207 0.0101522 -0.354738 0.427095
0.0393359 -0.351185 0.421896 0.0111406 -0.35463 0.426919
0.0403146 -0.351076 0.421722 0.0121309 -0.354521 0.426743
0.0412933 -0.350967 0.421548 0.0126266 -0.354466 0.426655
0.0422721 -0.350859 0.421374 0.0141151 -0.354302 0.42639
0.0432508 -0.35075 0.4212 0.0151089 -0.354193 0.426213
0.0442295 -0.350641 0.421026 0.0161041 -0.354083 0.426036
0.0452082 -0.350532 0.420852 0.016602 -0.354029 0.425947
0.046187 -0.350424 0.420678 0.0180962 -0.353864 0.425681
0.0471657 -0.350315 0.420504 0.0190925 -0.353754 0.425504
0.0481444 -0.350206 0.42033 0.0200887 -0.353645 0.425326
0.0491231 -0.350097 0.420156 0.0210851 -0.353535 0.425149
0.0501019 -0.349989 0.419982 0.0220816 -0.353425 0.424971
0.0510806 -0.34988 0.419808 0.0230783 -0.353315 0.424794
0.0520593 -0.349771 0.419634 0.0240749 -0.353205 0.424617
0.053038 -0.349662 0.41946 0.0250712 -0.353094 0.424439
0.0540168 -0.349554 0.419286 0.0260669 -0.352984 0.424262
0.0549955 -0.349445 0.419112 0.0265646 -0.352929 0.424173
0.0559742 -0.349336 0.418938 0.0280571 -0.352764 0.423908
0.0569529 -0.349227 0.418764 0.0290519 -0.352654 0.423731
0.0579316 -0.349119 0.41859 0.0300467 -0.352543 0.423554
0.0589104 -0.34901 0.418416 0.0310413 -0.352433 0.423377
0.0598891 -0.348901 0.418242 0.0320352 -0.352323 0.4232
0.0608678 -0.348792 0.418068 0.0330282 -0.352212 0.423023
0.0618465 -0.348684 0.417894 0.0340203 -0.352102 0.422846
0.0628253 -0.348575 0.41772 0.0350115 -0.351992 0.42267
0.063804 -0.348466 0.417546 0.0360021 -0.351882 0.422494
0.0647827 -0.348357 0.417372 0.0364971 -0.351827 0.422406
0.0657614 -0.348249 0.417198 0.0374867 -0.351717 0.42223
0.0667402 -0.34814 0.417024 0.0384758 -0.351607 0.422054
0.0677189 -0.348031 0.41685 0.0394651 -0.351497 0.421878
0.0686976 -0.347922 0.416676 0.0404543 -0.351386 0.421702
0.0696763 -0.347814 0.416502 0.0414436 -0.351276 0.421526
0.0706551 -0.347705 0.416328 0.0424326 -0.351166 0.42135
0.0716338 -0.347596 0.416154 0.0434216 -0.351056 0.421174
0.0726125 -0.347487 0.41598 0.0444105 -0.350946 0.420998
0.0735912 -0.347379 0.415806 0.0453993 -0.350836 0.420822
0.0745699 -0.34727 0.415632 0.0463878 -0.350726 0.420646
0.0755487 -0.347161 0.415458 0.0473763 -0.350616 0.42047
0.0765274 -0.347053 0.415284 0.0483646 -0.350507 0.420294
0.0775061 -0.346944 0.41511 0.0493526 -0.350397 0.420119
0.0784848 -0.346835 0.414936 0.0503403 -0.350287 0.419943
0.0794636 -0.346726 0.414762 0.0513277 -0.350177 0.419767
0.0804423 -0.346618 0.414588 0.0523149 -0.350067 0.419592
0.081421 -0.346509 0.414414 0.053302 -0.349957 0.419416
0.0823997 -0.3464 0.41424 0.054289 -0.349847 0.419241
0.0833785 -0.346291 0.414066 0.055276 -0.349738 0.419065
0.0843572 -0.346183 0.413892 0.0562627 -0.349628 0.41889
0.0853359 -0.346074 0.413718 0.0572494 -0.349518 0.418714
0.0863146 -0.345965 0.413544 0.0577426 -0.349463 0.418626
0.0872934 -0.345856 0.41337 0.0592221 -0.349299 0.418363
0.0882721 -0.345748 0.413196 0.0602081 -0.349189 0.418188
0.0892508 -0.345639 0.413022 0.061194 -0.349079 0.418013
0.0902295 -0.34553 0.412848 0.0621796 -0.34897 0.417838
0.0912082 -0.345421 0.412674 0.063165 -0.34886 0.417662
0.092187 -0.345313 0.4125 0.0641501 -0.34875 0.417487
0.0931657 -0.345204 0.412326 0.065135 -0.348641 0.417312
0.0941444 -0.345095 0.412152 0.0661196 -0.348531 0.417137
0.0951231 -0.344986 0.411978 0.067104 -0.348422 0.416962
0.0961019 -0.344878 0.411804 0.0680878 -0.348312 0.416787
0.0970806 -0.344769 0.41163 0.069071 -0.348203 0.416613
0.0980593 -0.34466 0.411456 0.0700533 -0.348093 0.416438
0.099038 -0.344551 0.411282 0.0710355 -0.347984 0.416263
0.100017 -0.344443 0.411108 0.0720175 -0.347875 0.416089
0.100995 -0.344334 0.410934 0.0729994 -0.347765 0.415914
0.101974 -0.344225 0.41076 0.0739812 -0.347656 0.41574
0.102953 -0.344116 0.410586 0.074963 -0.347547 0.415565
0.103932 -0.344008 0.410412 0.0759446 -0.347438 0.415391
0.10491 -0.343899 0.410238 0.0769262 -0.347328 0.415217
0.105889 -0.34379 0.410064 0.0779076 -0.347219 0.415042
0.106868 -0.343681 0.40989 0.0788889 -0.34711 0.414868
0.107847 -0.343573 0.409716 0.0798699 -0.347001 0.414694
0.108825 -0.343464 0.409542 0.0808509 -0.346892 0.414519
0.109804 -0.343355 0.409368 0.0818317 -0.346782 0.414345
0.110783 -0.343246 0.409194 0.0828125 -0.346673 0.414171
0.111761 -0.343138 0.40902 0.083793 -0.346564 0.413997
0.11274 -0.343029 0.408846 0.0847736 -0.346455 0.413823
0.113719 -0.34292 0.408672 0.085754 -0.346346 0.413648
0.114698 -0.342811 0.408498 0.0867343 -0.346237 0.413474
0.115676 -0.342703 0.408324 0.0882046 -0.346073 0.413213
0.116655 -0.342594 0.40815 0.0891847 -0.345964 0.413039
0.117634 -0.342485 0.407976 0.0901648 -0.345855 0.412865
0.118613 -0.342376 0.407802 0.0911447 -0.345746 0.412691
0.119591 -0.342268 0.407628 0.0921239 -0.345637 0.412517
0.12057 -0.342159 0.407454 0.0931019 -0.345528 0.412343
0.121549 -0.34205 0.40728 0.0935905 -0.345474 0.412257
0.122527 -0.341941 0.407106 0.0950552 -0.345311 0.411997
0.123506 -0.341833 0.406932 0.0960307 -0.345202 0.411823
0.124485 -0.341724 0.406758 0.0965182 -0.345147 0.411737
0.125464 -0.341615 0.406584 0.0979793 -0.344984 0.411477
0.126442 -0.341506 0.40641 0.0984657 -0.34493 0.411391
0.127421 -0.341398 0.406236 0.0994379 -0.344822 0.411218
0.1284 -0.341289 0.406062 0.10041 -0.344713 0.411046
0.129378 -0.34118 0.405888 0.10187 -0.34455 0.410787
0.130357 -0.341071 0.405714 0.102357 -0.344496 0.4107
0.131336 -0.340963 0.40554 0.103331 -0.344388 0.410527
0.132315 -0.340854 0.405366 0.104306 -0.344279 0.410354
0.133293 -0.340745 0.405192 0.10528 -0.344171 0.410181
0.134272 -0.340636 0.405018 0.106255 -0.344062 0.410008
0.135251 -0.340528 0.404844 0.10723 -0.343954 0.409835
0.13623 -0.340419 0.40467 0.108206 -0.343845 0.409662
0.137208 -0.34031 0.404496 0.109183 -0.343736 0.409489
0.138187 -0.340201 0.404322 0.110159 -0.343628 0.409316
0.139166 -0.340093 0.404148 0.111136 -0.343519 0.409142
0.140144 -0.339984 0.403974 0.112114 -0.343411 0.408969
0.141123 -0.339875 0.4038 0.11309 -0.343302 0.408795
0.142102 -0.339766 0.403626 0.114065 -0.343194 0.408623
0.143081 -0.339658 0.403452 0.115036 -0.343085 0.40845
0.144059 -0.339549 0.403278 0.116008 -0.342977 0.408278
0.145038 -0.33944 0.403104 0.11698 -0.342868 0.408105
0.146017 -0.339331 0.40293 0.117954 -0.34276 0.407932
0.146995 -0.339223 0.402756 0.118928 -0.342652 0.40776
0.147974 -0.339114 0.402582 0.120392 -0.342489 0.4075
0.148953 -0.339005 0.402408 0.12088 -0.342435 0.407413
0.149932 -0.338896 0.402234 0.121856 -0.342326 0.40724
0.15091 -0.338788 0.40206 0.122833 -0.342217 0.407067
0.151889 -0.338679 0.401886 0.12381 -0.342109 0.406893
0.152868 -0.33857 0.401712 0.124787 -0.342 0.40672
0.153847 -0.338461 0.401538 0.126253 -0.341837 0.40646
0.154825 -0.338353 0.401364 0.126742 -0.341783 0.406373
0.155804 -0.338244 0.40119 0.128207 -0.34162 0.406113
0.156783 -0.338135 0.401016 0.129184 -0.341511 0.40594
0.157761 -0.338027 0.400842 0.130161 -0.341403 0.405767
0.15874 -0.337918 0.400668 0.131138 -0.341294 0.405594
0.159719 -0.337809 0.400494 0.131626 -0.34124 0.405507
0.160698 -0.3377 0.40032 0.133092 -0.341076 0.405247
0.161676 -0.337592 0.400146 0.13407 -0.340968 0.405074
0.162655 -0.337483 0.399972 0.135048 -0.340859 0.4049
0.163634 -0.337374 0.399798 0.136026 -0.34075 0.404727
0.164613 -0.337265 0.399624 0.136515 -0.340696 0.40464
0.165591 -0.337157 0.39945 0.137493 -0.340587 0.404466
0.16657 -0.337048 0.399276 0.138961 -0.340424 0.404206
0.167549 -0.336939 0.399102 0.13994 -0.340315 0.404033
0.168527 -0.33683 0.398928 0.14043 -0.34026 0.403946
0.169506 -0.336722 0.398754 0.141409 -0.340151 0.403772
0.170485 -0.336613 0.39858 0.142389 -0.340042 0.403598
0.171464 -0.336504 0.398406 0.143369 -0.339933 0.403425
0.172442 -0.336395 0.398232 0.144349 -0.339824 0.403251
0.173421 -0.336287 0.398058 0.14533 -0.339715 0.403077
0.1744 -0.336178 0.397884 0.146311 -0.339606 0.402903
0.175378 -0.336069 0.39771 0.147292 -0.339497 0.402729
0.176357 -0.33596 0.397536 0.148273 -0.339388 0.402555
0.177336 -0.335852 0.397363 0.149255 -0.339279 0.402381
0.178315 -0.335743 0.397189 0.150237 -0.339169 0.402207
0.179293 -0.335634 0.397015 0.151219 -0.33906 0.402033
0.180272 -0.335525 0.396841 0.152201 -0.338951 0.401859
0.181251 -0.335417 0.396667 0.153183 -0.338841 0.401685
0.18223 -0.335308 0.396493 0.154166 -0.338732 0.401511
0.183208 -0.335199 0.396319 0.155148 -0.338623 0.401336
0.184187 -0.33509 0.396145 0.156131 -0.338513 0.401162
0.185166 -0.334982 0.395971 0.157113 -0.338404 0.400988
0.186144 -0.334873 0.395797 0.158096 -0.338295 0.400814
0.187123 -0.334764 0.395623 0.159078 -0.338185 0.40064
0.188102 -0.334655 0.395449 0.16006 -0.338076 0.400466
0.189081 -0.334547 0.395275 0.161043 -0.337966 0.400292
0.190059 -0.334438 0.395101 0.162025 -0.337857 0.400118
0.191038 -0.334329 0.394927 0.163007 -0.337747 0.399943
0.192017 -0.33422 0.394753 0.163988 -0.337638 0.39977
0.192995 -0.334112 0.394579 0.164966 -0.337529 0.399596
0.193974 -0.334003 0.394405 0.165941 -0.337419 0.399423
0.194953 -0.333894 0.394231 0.166916 -0.33731 0.399251
0.195932 -0.333785 0.394057 0.167891 -0.337201 0.399078
0.19691 -0.333677 0.393883 0.168379 -0.337147 0.398991
0.197889 -0.333568 0.393709 0.169844 -0.336983 0.398732
0.198868 -0.333459 0.393535 0.170821 -0.336874 0.398558
0.199847 -0.33335 0.393361 0.171799 -0.336765 0.398385
0.200825 -0.333242 0.393187 0.172777 -0.336656 0.398212
0.201804 -0.333133 0.393013 0.173756 -0.336546 0.398038
0.202783 -0.333024 0.392839 0.174735 -0.336437 0.397865
0.203761 -0.332915 0.392665 0.175715 -0.336328 0.397691
0.20474 -0.332807 0.392491 0.176695 -0.336219 0.397517
0.205719 -0.332698 0.392317 0.177185 -0.336164 0.397431
0.206698 -0.332589 0.392143 0.178655 -0.336 0.39717
0.207676 -0.33248 0.391969 0.179636 -0.335891 0.396996
0.208655 -0.332372 0.391795 0.180617 -0.335782 0.396822
0.209634 -0.332263 0.391621 0.1816 -0.335672 0.396648
0.210613 -0.332154 0.391447 0.182582 -0.335563 0.396474
0.211591 -0.332045 0.391273 0.183565 -0.335453 0.3963
0.21257 -0.331937 0.391099 0.184547 -0.335344 0.396126
0.213549 -0.331828 0.390925 0.185529 -0.335234 0.395952
0.214527 -0.331719 0.390751 0.186511 -0.335125 0.395778
0.215506 -0.33161 0.390577 0.187493 -0.335015 0.395604
0.216485 -0.331502 0.390403 0.188475 -0.334906 0.39543
0.217464 -0.331393 0.390229 0.189456 -0.334796 0.395257
0.218442 -0.331284 0.390055 0.190438 -0.334687 0.395083
0.219421 -0.331175 0.389881 0.191419 -0.334578 0.394909
0.2204 -0.331067 0.389707 0.1924 -0.334468 0.394735
0.221378 -0.330958 0.389533 0.193381 -0.334359 0.394561
0.222357 -0.330849 0.389359 0.194362 -0.334249 0.394387
0.223336 -0.33074 0.389185 0.195343 -0.33414 0.394214
0.224315 -0.330632 0.389011 0.196324 -0.33403 0.39404
0.225293 -0.330523 0.388837 0.197304 -0.333921 0.393866
0.226272 -0.330414 0.388663 0.198285 -0.333811 0.393692
0.227251 -0.330305 0.388489 0.200246 -0.333592 0.393345
0.22823 -0.330197 0.388315 0.200246 -0.333592 0.393345
0.229208 -0.330088 0.388141 0.200736 -0.333538 0.393258
0.230187 -0.329979 0.387967 0.204161 -0.333155 0.392651
0.231166 -0.32987 0.387793 0.205131 -0.333046 0.392479
0.232144 -0.329762 0.387619 0.20609 -0.332938 0.392309
0.233123 -0.329653 0.387445 0.206567 -0.332884 0.392224
0.234102 -0.329544 0.387271 0.207986 -0.332723 0.391972
0.235081 -0.329435 0.387097 0.208927 -0.332616 0.391805
0.236059 -0.329327 0.386923 0.209866 -0.332509 0.391638
0.237038 -0.329218 0.386749 0.210801 -0.332403 0.391472
0.238017 -0.329109 0.386575 0.211734 -0.332297 0.391307
0.238995 -0.329001 0.386401 0.2122 -0.332244 0.391224
0.239974 -0.328892 0.386227 0.213129 -0.332138 0.391059
0.240953 -0.328783 0.386053 0.21452 -0.33198 0.390812
0.241932 -0.328674 0.385879 0.214983 -0.331928 0.39073
0.24291 -0.328566 0.385705 0.215908 -0.331823 0.390565
0.243889 -0.328457 0.385531 0.216833 -0.331718 0.390401
0.244868 -0.328348 0.385357 0.217758 -0.331614 0.390237
0.245847 -0.328239 0.385183 0.218683 -0.331509 0.390073
0.246825 -0.328131 0.385009 0.219608 -0.331405 0.389908
0.247804 -0.328022 0.384835 0.220534 -0.3313 0.389744
0.248783 -0.327913 0.384661 0.22146 -0.331196 0.38958
0.249761 -0.327804 0.384487 0.222388 -0.331092 0.389415
0.25074 -0.327696 0.384313 0.223316 -0.330988 0.389251
0.251719 -0.327587 0.384139 0.224246 -0.330884 0.389086
0.252698 -0.327478 0.383965 0.225176 -0.330779 0.388921
0.253676 -0.327369 0.383791 0.226108 -0.330675 0.388756
0.254655 -0.327261 0.383617 0.227042 -0.330571 0.388591
0.255634 -0.327152 0.383443 0.227977 -0.330467 0.388425
0.256613 -0.327043 0.383269 0.228913 -0.330362 0.388259
0.257591 -0.326934 0.383095 0.229851 -0.330258 0.388093
0.25857 -0.326826 0.382921 0.230791 -0.330153 0.387927
0.259549 -0.326717 0.382747 0.231732 -0.330049 0.38776
0.260527 -0.326608 0.382573 0.232676 -0.329944 0.387593
0.261506 -0.326499 0.382399 0.233622 -0.329839 0.387425
0.262485 -0.326391 0.382225 0.234572 -0.329734 0.387257
0.263464 -0.326282 0.382051 0.235524 -0.329628 0.387089
0.264442 -0.326173 0.381877 0.236478 -0.329523 0.38692
0.265421 -0.326064 0.381703 0.237432 -0.329417 0.386751
0.2664 -0.325956 0.381529 0.238386 -0.329311 0.386583
0.267378 -0.325847 0.381355 0.239342 -0.329206 0.386413
0.268357 -0.325738 0.381181 0.240298 -0.3291 0.386244
0.269336 -0.325629 0.381007 0.241256 -0.328994 0.386075
0.270315 -0.325521 0.380833 0.242214 -0.328887 0.385905
0.271293 -0.325412 0.380659 0.243173 -0.328781 0.385736
0.272272 -0.325303 0.380485 0.244133 -0.328675 0.385566
0.273251 -0.325194 0.380311 0.245093 -0.328568 0.385396
0.27423 -0.325086 0.380137 0.246055 -0.328462 0.385226
0.275208 -0.324977 0.379963 0.247017 -0.328355 0.385055
0.276187 -0.324868 0.379789 0.247979 -0.328248 0.384885
0.277166 -0.324759 0.379615 0.248943 -0.328141 0.384714
0.278144 -0.324651 0.379441 0.249907 -0.328034 0.384544
0.279123 -0.324542 0.379267 0.250872 -0.327927 0.384373
0.280102 -0.324433 0.379093 0.251838 -0.32782 0.384202
0.281081 -0.324324 0.378919 0.252805 -0.327713 0.384031
0.282059 -0.324216 0.378745 0.253772 -0.327606 0.38386
0.283038 -0.324107 0.378571 0.25474 -0.327498 0.383688
0.284017 -0.323998 0.378397 0.255708 -0.327391 0.383517
0.284996 -0.323889 0.378223 0.256677 -0.327283 0.383345
0.285974 -0.323781 0.378049 0.257647 -0.327175 0.383174
0.286953 -0.323672 0.377875 0.258619 -0.327067 0.383002
0.287932 -0.323563 0.377701 0.259593 -0.326959 0.382829
0.28891 -0.323454 0.377527 0.260569 -0.326851 0.382656
0.289889 -0.323346 0.377353 0.261546 -0.326742 0.382484
0.290868 -0.323237 0.377179 0.262523 -0.326634 0.382311
0.291847 -0.323128 0.377005 0.263503 -0.326525 0.382137
0.292825 -0.323019 0.376831 0.264485 -0.326416 0.381964
0.293804 -0.322911 0.376657 0.265469 -0.326307 0.38179
0.294783 -0.322802 0.376483 0.266455 -0.326198 0.381615
0.295761 -0.322693 0.376309 0.267442 -0.326089 0.381441
0.29674 -0.322584 0.376135 0.26843 -0.325979 0.381266
0.297719 -0.322476 0.375961 0.269419 -0.32587 0.381091
0.298698 -0.322367 0.375787 0.270409 -0.32576 0.380916
0.299676 -0.322258 0.375613 0.2714 -0.32565 0.38074
0.300655 -0.322149 0.375439 0.272392 -0.32554 0.380565
0.301634 -0.322041 0.375265 0.272889 -0.325485 0.380477
0.302613 -0.321932 0.375091 0.274379 -0.325319 0.380213
0.303591 -0.321823 0.374917 0.275373 -0.325209 0.380037
0.30457 -0.321714 0.374743 0.276367 -0.325098 0.379862
0.305549 -0.321606 0.374569 0.277359 -0.324988 0.379686
0.306527 -0.321497 0.374395 0.278351 -0.324878 0.37951
0.307506 -0.321388 0.374221 0.279343 -0.324767 0.379334
0.308485 -0.321279 0.374047 0.280335 -0.324657 0.379159
0.309464 -0.321171 0.373873 0.280831 -0.324601 0.379071
0.310442 -0.321062 0.373699 0.281822 -0.324491 0.378895
0.311421 -0.320953 0.373525 0.283304 -0.324325 0.378633
0.3124 -0.320844 0.373351 0.28429 -0.324215 0.378458
0.313378 -0.320736 0.373177 0.284783 -0.32416 0.37837
0.314357 -0.320627 0.373003 0.285769 -0.32405 0.378196
0.315336 -0.320518 0.372829 0.286262 -0.323994 0.378108
0.316315 -0.320409 0.372655 0.287742 -0.323829 0.377846
0.317293 -0.320301 0.372481 0.288728 -0.323719 0.377671
0.318272 -0.320192 0.372307 0.289711 -0.323609 0.377497
0.319251 -0.320083 0.372133 0.291189 -0.323443 0.377235
0.32023 -0.319974 0.371959 0.292176 -0.323333 0.37706
0.321208 -0.319866 0.371785 0.29267 -0.323278 0.376972
0.322187 -0.319757 0.371611 0.293659 -0.323167 0.376797
0.323166 -0.319648 0.371437 0.294649 -0.323057 0.376621
0.324144 -0.31954 0.371263 0.295639 -0.322946 0.376446
0.325123 -0.319431 0.371089 0.296631 -0.322836 0.37627
0.326102 -0.319322 0.370915 0.297623 -0.322725 0.376095
0.327081 -0.319213 0.370741 0.299112 -0.322559 0.375831
0.328059 -0.319105 0.370567 0.299608 -0.322504 0.375743
0.329038 -0.318996 0.370393 0.301097 -0.322338 0.375479
0.330017 -0.318887 0.370219 0.301594 -0.322282 0.375391
0.330996 -0.318778 0.370045 0.30209 -0.322227 0.375303
0.331974 -0.31867 0.369871 0.303581 -0.322061 0.375039
0.332953 -0.318561 0.369697 0.304574 -0.32195 0.374863
0.333932 -0.318452 0.369523 0.305568 -0.321839 0.374687
0.33491 -0.318343 0.369349 0.306562 -0.321728 0.374511
0.335889 -0.318235 0.369175 0.307556 -0.321617 0.374335
0.336868 -0.318126 0.369001 0.308549 -0.321506 0.374159
0.337847 -0.318017 0.368827 0.309542 -0.321395 0.373983
0.338825 -0.317908 0.368653 0.310535 -0.321284 0.373807
0.339804 -0.3178 0.368479 0.311528 -0.321173 0.373631
0.340783 -0.317691 0.368305 0.31252 -0.321063 0.373455
0.341761 -0.317582 0.368131 0.313512 -0.320952 0.373279
0.34274 -0.317473 0.367957 0.315 -0.320786 0.373015
0.343719 -0.317365 0.367783 0.315496 -0.32073 0.372927
0.344698 -0.317256 0.367609 0.316487 -0.320619 0.372751
0.345676 -0.317147 0.367435 0.316983 -0.320564 0.372663
0.346655 -0.317038 0.367261 0.318468 -0.320398 0.3724
0.347634 -0.31693 0.367087 0.319459 -0.320287 0.372224
0.348613 -0.316821 0.366913 0.320448 -0.320177 0.372049
0.349591 -0.316712 0.366739 0.321438 -0.320066 0.371873
0.35057 -0.316603 0.366565 0.322427 -0.319955 0.371698
0.351549 -0.316495 0.366391 0.323416 -0.319845 0.371523
0.352527 -0.316386 0.366217 0.324404 -0.319734 0.371347
0.353506 -0.316277 0.366043 0.325392 -0.319624 0.371172
0.354485 -0.316168 0.365869 0.326379 -0.319513 0.370997
0.355464 -0.31606 0.365695 0.327366 -0.319403 0.370822
0.356442 -0.315951 0.365521 0.328353 -0.319293 0.370647
0.357421 -0.315842 0.365347 0.329339 -0.319182 0.370472
0.3584 -0.315733 0.365173 0.330325 -0.319072 0.370297
0.359378 -0.315625 0.364999 0.33131 -0.318962 0.370122
0.360357 -0.315516 0.364825 0.332296 -0.318852 0.369947
0.361336 -0.315407 0.364651 0.33328 -0.318742 0.369772
0.362315 -0.315298 0.364477 0.334265 -0.318632 0.369598
0.363293 -0.31519 0.364303 0.335249 -0.318522 0.369423
0.364272 -0.315081 0.364129 0.336233 -0.318411 0.369248
0.365251 -0.314972 0.363955 0.337217 -0.318301 0.369074
0.36623 -0.314863 0.363781 0.338201 -0.318192 0.368899
0.367208 -0.314755 0.363607 0.339184 -0.318082 0.368725
0.368187 -0.314646 0.363433 0.340168 -0.317972 0.36855
0.369166 -0.314537 0.363259 0.340659 -0.317917 0.368463
0.370144 -0.314428 0.363085 0.342134 -0.317752 0.368201
0.371123 -0.31432 0.362911 0.343116 -0.317642 0.368027
0.372102 -0.314211 0.362737 0.344099 -0.317532 0.367853
0.373081 -0.314102 0.362563 0.345081 -0.317423 0.367678
0.374059 -0.313993 0.362389 0.346063 -0.317313 0.367504
0.375038 -0.313885 0.362215 0.347045 -0.317203 0.36733
0.376017 -0.313776 0.362041 0.348027 -0.317093 0.367156
0.376996 -0.313667 0.361867 0.349008 -0.316984 0.366982
0.377974 -0.313558 0.361693 0.34999 -0.316874 0.366808
0.378953 -0.31345 0.361519 0.350971 -0.316765 0.366633
0.379932 -0.313341 0.361345 0.351952 -0.316655 0.366459
0.38091 -0.313232 0.361171 0.352933 -0.316545 0.366285
0.381889 -0.313123 0.360997 0.353913 -0.316436 0.366111
0.382868 -0.313015 0.360823 0.354894 -0.316326 0.365937
0.383847 -0.312906 0.360649 0.355875 -0.316217 0.365763
0.384825 -0.312797 0.360476 0.356856 -0.316107 0.365589
0.385804 -0.312688 0.360302 0.357837 -0.315998 0.365415
0.386783 -0.31258 0.360128 0.358818 -0.315888 0.365241
0.387761 -0.312471 0.359954 0.359799 -0.315779 0.365067
0.38874 -0.312362 0.35978 0.360779 -0.315669 0.364893
0.389719 -0.312253 0.359606 0.36176 -0.31556 0.364719
0.390698 -0.312145 0.359432 0.362739 -0.315451 0.364545
0.391676 -0.312036 0.359258 0.363229 -0.315396 0.364458
0.392655 -0.311927 0.359084 0.364699 -0.315232 0.364198
0.393634 -0.311818 0.35891 0.365679 -0.315123 0.364024
0.394613 -0.31171 0.358736 0.366658 -0.315013 0.36385
0.395591 -0.311601 0.358562 0.367637 -0.314904 0.363676
0.39657 -0.311492 0.358388 0.368616 -0.314795 0.363503
0.397549 -0.311383 0.358214 0.370084 -0.314631 0.363242
0.398527 -0.311275 0.35804 0.370574 -0.314576 0.363155
0.399506 -0.311166 0.357866 0.371552 -0.314467 0.362982
0.400485 -0.311057 0.357692 0.37253 -0.314358 0.362808
0.401464 -0.310948 0.357518 0.373508 -0.314249 0.362634
0.402442 -0.31084 0.357344 0.374486 -0.314139 0.362461
0.403421 -0.310731 0.35717 0.375464 -0.31403 0.362287
0.4044 -0.310622 0.356996 0.376442 -0.313921 0.362114
0.405378 -0.310514 0.356822 0.37742 -0.313812 0.36194
0.406357 -0.310405 0.356648 0.378398 -0.313703 0.361766
0.407336 -0.310296 0.356474 0.379377 -0.313594 0.361593
0.408315 -0.310187 0.3563 0.380355 -0.313485 0.361419
0.409293 -0.310079 0.356126 0.381333 -0.313376 0.361246
0.410272 -0.30997 0.355952 0.382311 -0.313266 0.361072
0.411251 -0.309861 0.355778 0.38329 -0.313157 0.360898
0.41223 -0.309752 0.355604 0.384268 -0.313048 0.360725
0.413208 -0.309644 0.35543 0.385246 -0.312939 0.360551
0.414187 -0.309535 0.355256 0.386224 -0.31283 0.360378
0.415166 -0.309426 0.355082 0.387202 -0.312721 0.360204
0.416144 -0.309317 0.354908 0.38818 -0.312612 0.360031
0.417123 -0.309209 0.354734 0.389158 -0.312503 0.359857
0.418102 -0.3091 0.35456 0.390135 -0.312394 0.359684
0.419081 -0.308991 0.354386 0.391113 -0.312285 0.35951
0.420059 -0.308882 0.354212 0.39209 -0.312176 0.359337
0.421038 -0.308774 0.354038 0.393068 -0.312067 0.359163
0.422017 -0.308665 0.353864 0.393557 -0.312012 0.359076
0.422996 -0.308556 0.35369 0.395025 -0.311849 0.358816
0.423974 -0.308447 0.353516 0.396004 -0.311739 0.358642
0.424953 -0.308339 0.353342 0.396982 -0.31163 0.358468
0.425932 -0.30823 0.353168 0.397961 -0.311521 0.358295
0.42691 -0.308121 0.352994 0.39894 -0.311412 0.358121
0.427889 -0.308012 0.35282 0.399919 -0.311303 0.357947
0.428868 -0.307904 0.352646 0.400898 -0.311194 0.357774
0.429847 -0.307795 0.352472 0.401877 -0.311085 0.3576
0.430825 -0.307686 0.352298 0.402857 -0.310976 0.357426
0.431804 -0.307577 0.352124 0.403836 -0.310866 0.357252
0.432783 -0.307469 0.35195 0.404816 -0.310757 0.357078
0.433761 -0.30736 0.351776 0.405795 -0.310648 0.356905
0.43474 -0.307251 0.351602 0.406775 -0.310539 0.356731
0.435719 -0.307142 0.351428 0.407265 -0.310484 0.356644
0.436698 -0.307034 0.351254 0.408734 -0.310321 0.356383
0.437676 -0.306925 0.35108 0.409714 -0.310211 0.356209
0.438655 -0.306816 0.350906 0.410694 -0.310102 0.356035
0.439634 -0.306707 0.350732 0.411673 -0.309993 0.355861
0.440613 -0.306599 0.350558 0.412653 -0.309884 0.355687
0.441591 -0.30649 0.350384 0.413633 -0.309775 0.355514
0.44257 -0.306381 0.35021 0.414613 -0.309665 0.35534
0.443549 -0.306272 0.350036 0.415592 -0.309556 0.355166
0.444527 -0.306164 0.349862 0.416572 -0.309447 0.354992
0.445506 -0.306055 0.349688 0.417552 -0.309338 0.354818
0.446485 -0.305946 0.349514 0.418532 -0.309229 0.354644
0.447464 -0.305837 0.34934 0.419511 -0.309119 0.35447
0.448442 -0.305729 0.349166 0.420489 -0.30901 0.354296
0.449421 -0.30562 0.348992 0.421466 -0.308901 0.354123
0.4504 -0.305511 0.348818 0.422442 -0.308793 0.35395
0.451379 -0.305402 0.348644 0.423419 -0.308684 0.353776
0.452357 -0.305294 0.34847 0.424395 -0.308575 0.353603
0.453336 -0.305185 0.348296 0.425859 -0.308411 0.353343
0.454315 -0.305076 0.348122 0.426835 -0.308303 0.353169
0.455293 -0.304967 0.347948 0.427811 -0.308194 0.352996
0.456272 -0.304859 0.347774 0.428298 -0.308139 0.352909
0.457251 -0.30475 0.3476 0.429761 -0.307976 0.352649
0.45823 -0.304641 0.347426 0.430249 -0.307922 0.352563
0.459208 -0.304532 0.347252 0.430736 -0.307867 0.352476
0.460187 -0.304424 0.347078 0.432685 -0.30765 0.35213
0.461166 -0.304315 0.346904 0.43366 -0.307541 0.351957
0.462144 -0.304206 0.34673 0.434635 -0.307433 0.351784
0.463123 -0.304097 0.346556 0.435611 -0.307324 0.35161
0.464102 -0.303989 0.346382 0.436586 -0.307215 0.351437
0.465081 -0.30388 0.346208 0.437562 -0.307106 0.351264
0.466059 -0.303771 0.346034 0.438537 -0.306998 0.351091
0.467038 -0.303662 0.34586 0.439512 -0.306889 0.350918
0.468017 -0.303554 0.345686 0.44 -0.306835 0.350831
0.468996 -0.303445 0.345512 0.441462 -0.306672 0.350571
0.469974 -0.303336 0.345338 0.442437 -0.306563 0.350398
0.470953 -0.303227 0.345164 0.443413 -0.306454 0.350225
0.471932 -0.303119 0.34499 0.443901 -0.3064 0.350138
0.47291 -0.30301 0.344816 0.444877 -0.306291 0.349965
0.473889 -0.302901 0.344642 0.445853 -0.306182 0.349792
0.474868 -0.302792 0.344468 0.44683 -0.306074 0.349618
0.475847 -0.302684 0.344294 0.448297 -0.30591 0.349358
0.476825 -0.302575 0.34412 0.448786 -0.305856 0.349271
0.477804 -0.302466 0.343946 0.449764 -0.305747 0.349097
0.478783 -0.302357 0.343772 0.450743 -0.305638 0.348924
0.479761 -0.302249 0.343598 0.451722 -0.305529 0.34875
0.48074 -0.30214 0.343424 0.452702 -0.30542 0.348576
0.481719 -0.302031 0.34325 0.453682 -0.305311 0.348402
0.482698 -0.301922 0.343076 0.454662 -0.305202 0.348228
0.483676 -0.301814 0.342902 0.455643 -0.305093 0.348054
0.484655 -0.301705 0.342728 0.456623 -0.304983 0.34788
0.485634 -0.301596 0.342554 0.457603 -0.304874 0.347706
0.486613 -0.301487 0.34238 0.458583 -0.304765 0.347532
0.487591 -0.301379 0.342206 0.459563 -0.304656 0.347358
0.48857 -0.30127 0.342032 0.460543 -0.304547 0.347184
0.489549 -0.301161 0.341858 0.461523 -0.304438 0.34701
0.490527 -0.301053 0.341684 0.462503 -0.304329 0.346836
0.491506 -0.300944 0.34151 0.463483 -0.304219 0.346662
0.492485 -0.300835 0.341336 0.464464 -0.30411 0.346488
0.493464 -0.300726 0.341162 0.465445 -0.304001 0.346314
0.494442 -0.300618 0.340988 0.466426 -0.303892 0.34614
0.495421 -0.300509 0.340814 0.467408 -0.303782 0.345966
0.4964 -0.3004 0.34064 0.467899 -0.303728 0.345879
0.497379 -0.300291 0.340466 0.46888 -0.303618 0.345704
0.498357 -0.300183 0.340292 0.470353 -0.303454 0.345443
0.499336 -0.300074 0.340118 0.471335 -0.303345 0.345269
0.500315 -0.299965 0.339944 0.472317 -0.303236 0.345094
0.499336 -0.300074 0.340118 0.472808 -0.303181 0.345007
0.500315 -0.299965 0.339944 0.474281 -0.303017 0.344745
0.499336 -0.300074 0.340118 0.475263 -0.302908 0.344571
0.500315 -0.299965 0.339944 0.476243 -0.302799 0.344397
0.499336 -0.300074 0.340118 0.476731 -0.302744 0.34431
0.500315 -0.299965 0.339944 0.47818 -0.302582 0.344052
0.499336 -0.300074 0.340118 0.479129 -0.302475 0.343882
0.500315 -0.299965 0.339944 0.480063 -0.30237 0.343715
0.499336 -0.300074 0.340118 0.480977 -0.302266 0.34355
0.500315 -0.299965 0.339944 0.48187 -0.302165 0.343389
0.499336 -0.300074 0.340118 0.482741 -0.302065 0.343231
0.500315 -0.299965 0.339944 0.483587 -0.301967 0.343077
0.499336 -0.300074 0.340118 0.484001 -0.30192 0.343002
0.500315 -0.299965 0.339944 0.485204 -0.30178 0.342782
0.499336 -0.300074 0.340118 0.485972 -0.30169 0.34264
0.500315 -0.299965 0.339944 0.486714 -0.301603 0.342504
0.499336 -0.300074 0.340118 0.487427 -0.301519 0.342371
0.500315 -0.299965 0.339944 0.488114 -0.301437 0.342244
0.499336 -0.300074 0.340118 0.488772 -0.301359 0.342121
0.500315 -0.299965 0.339944 0.489403 -0.301283 0.342003
0.499336 -0.300074 0.340118 0.490007 -0.301211 0.34189
0.500315 -0.299965 0.339944 0.490584 -0.301141 0.341781
0.499336 -0.300074 0.340118 0.491134 -0.301075 0.341678
0.500315 -0.299965 0.339944 0.491659 -0.301011 0.341578
0.499336 -0.300074 0.340118 0.492158 -0.30095 0.341484
0.500315 -0.299965 0.339944 0.492633 -0.300892 0.341394
0.499336 -0.300074 0.340118 0.493083 -0.300837 0.341308
0.500315 -0.299965 0.339944 0.4933 -0.300811 0.341267
0.499336 -0.300074 0.340118 0.493915 -0.300735 0.341149
0.500315 -0.299965 0.339944 0.494298 -0.300688 0.341076
0.499336 -0.300074 0.340118 0.49466 -0.300643 0.341007
0.500315 -0.299965 0.339944 0.495001 -0.300601 0.340941
0.499336 -0.300074 0.340118 0.495323 -0.300561 0.34088
0.500315 -0.299965 0.339944 0.495626 -0.300524 0.340821
0.499336 -0.300074 0.340118 0.495911 -0.300488 0.340767
0.500315 -0.299965 0.339944 0.496178 -0.300455 0.340715
0.499336 -0.300074 0.340118 0.49643 -0.300424 0.340667
0.500315 -0.299965 0.339944 0.496665 -0.300395 0.340622
0.499336 -0.300074 0.340118 0.496886 -0.300367 0.340579
0.500315 -0.299965 0.339944 0.497092 -0.300342 0.340539
0.499336 -0.300074 0.340118 0.497285 -0.300318 0.340502
0.500315 -0.299965 0.339944 0.497465 -0.300295 0.340468
0.499336 -0.300074 0.340118 0.497632 -0.300275 0.340435
0.500315 -0.299965 0.339944 0.497789 -0.300255 0.340405
0.499336 -0.300074 0.340118 0.497934 -0.300237 0.340377
0.500315 -0.299965 0.339944 0.498068 -0.30022 0.340352
0.499336 -0.300074 0.340118 0.498193 -0.300205 0.340328
0.500315 -0.299965 0.339944 0.498309 -0.300191 0.340305
0.499336 -0.300074 0.340118 0.498416 -0.300178 0.340285
0.500315 -0.299965 0.339944 0.498515 -0.300165 0.340266
0.499336 -0.300074 0.340118 0.498606 -0.300154 0.340248
0.500315 -0.299965 0.339944 0.49869 -0.300144 0.340232
0.499336 -0.300074 0.340118 0.498767 -0.300134 0.340218
0.500315 -0.299965 0.339944 0.498838 -0.300126 0.340204
0.499336 -0.300074 0.340118 0.498903 -0.300118 0.340192
0.500315 -0.299965 0.339944 0.498963 -0.300111 0.340181
0.499336 -0.300074 0.340118 0.499017 -0.300104 0.34017
0.500315 -0.299965 0.339944 0.499066 -0.300099 0.340161
