-0.399132 -0.399904 0.499846 -0.400112 -0.400011 0.50002
-0.398154 -0.399795 0.499672 -0.400112 -0.400011 0.50002
-0.397175 -0.399686 0.499498 -0.400112 -0.400011 0.50002
-0.396196 -0.399577 0.499324 -0.400111 -0.40001 0.50002
-0.395217 -0.399469 0.49915 -0.400106 -0.40001 0.500019
-0.394239 -0.39936 0.498976 -0.400095 -0.400009 0.500017
-0.39326 -0.399251 0.498802 -0.400074 -0.400006 0.500013
-0.392281 -0.399142 0.498628 -0.400059 -0.400005 0.50001
-0.391302 -0.399034 0.498454 -0.40004 -0.400003 0.500007
-0.390324 -0.398925 0.49828 -0.399989 -0.399997 0.499998
-0.389345 -0.398816 0.498106 -0.399876 -0.399985 0.499979
-0.388366 -0.398707 0.497932 -0.39977 -0.399974 0.49996
-0.387388 -0.398599 0.497758 -0.399639 -0.399961 0.499938
-0.386409 -0.39849 0.497584 -0.399484 -0.399945 0.499911
-0.38543 -0.398381 0.49741 -0.399302 -0.399926 0.49988
-0.384451 -0.398272 0.497236 -0.399092 -0.399905 0.499844
-0.383473 -0.398164 0.497062 -0.398852 -0.399881 0.499803
-0.382494 -0.398055 0.496888 -0.398584 -0.399854 0.499757
-0.381515 -0.397946 0.496714 -0.398287 -0.399824 0.499706
-0.380536 -0.397837 0.49654 -0.39796 -0.399791 0.499651
-0.379558 -0.397729 0.496366 -0.397606 -0.399756 0.49959
-0.378579 -0.39762 0.496192 -0.397418 -0.399737 0.499558
-0.3776 -0.397511 0.496018 -0.396812 -0.399677 0.499456
-0.376622 -0.397402 0.495844 -0.396374 -0.399633 0.499381
-0.375643 -0.397294 0.49567 -0.395911 -0.399587 0.499303
-0.374664 -0.397185 0.495496 -0.395671 -0.399563 0.499262
-0.373685 -0.397076 0.495322 -0.394912 -0.399488 0.499134
-0.372707 -0.396967 0.495148 -0.394376 -0.399435 0.499043
-0.371728 -0.396859 0.494974 -0.393817 -0.399379 0.498948
-0.370749 -0.39675 0.4948 -0.393529 -0.399351 0.498899
-0.369771 -0.396641 0.494626 -0.391703 -0.399169 0.498588
-0.368792 -0.396532 0.494452 -0.391057 -0.399104 0.498478
-0.367813 -0.396424 0.494278 -0.390395 -0.399037 0.498365
-0.366834 -0.396315 0.494104 -0.38972 -0.398969 0.49825
-0.365856 -0.396206 0.49393 -0.389032 -0.398899 0.498132
-0.364877 -0.396097 0.493756 -0.388333 -0.398828 0.498012
-0.363898 -0.395989 0.493582 -0.387621 -0.398755 0.49789
-0.362919 -0.39588 0.493408 -0.386897 -0.398681 0.497766
-0.361941 -0.395771 0.493234 -0.386161 -0.398605 0.497639
-0.360962 -0.395662 0.49306 -0.385414 -0.398528 0.49751
-0.359983 -0.395554 0.492886 -0.384655 -0.398449 0.497379
-0.359005 -0.395445 0.492712 -0.383885 -0.39837 0.497246
-0.358026 -0.395336 0.492538 -0.383105 -0.398288 0.497111
-0.357047 -0.395227 0.492364 -0.382313 -0.398206 0.496974
-0.356068 -0.395119 0.49219 -0.381512 -0.398122 0.496835
-0.35509 -0.39501 0.492016 -0.380701 -0.398037 0.496694
-0.354111 -0.394901 0.491842 -0.37988 -0.397951 0.496552
-0.353132 -0.394792 0.491668 -0.379051 -0.397864 0.496408
-0.352154 -0.394684 0.491494 -0.378212 -0.397776 0.496262
-0.351175 -0.394575 0.49132 -0.377366 -0.397686 0.496114
-0.350196 -0.394466 0.491146 -0.376511 -0.397596 0.495965
-0.349217 -0.394357 0.490972 -0.375648 -0.397505 0.495815
-0.348239 -0.394249 0.490798 -0.374778 -0.397412 0.495663
-0.34726 -0.39414 0.490624 -0.373901 -0.397319 0.49551
-0.346281 -0.394031 0.49045 -0.373018 -0.397225 0.495355
-0.345302 -0.393922 0.490276 -0.372128 -0.39713 0.4952
-0.344324 -0.393814 0.490102 -0.371232 -0.397034 0.495043
-0.343345 -0.393705 0.489928 -0.37033 -0.396937 0.494885
-0.342366 -0.393596 0.489754 -0.368968 -0.396791 0.494645
-0.341388 -0.393488 0.48958 -0.368511 -0.396742 0.494565
-0.340409 -0.393379 0.489406 -0.367134 -0.396593 0.494323
-0.33943 -0.39327 0.489232 -0.36621 -0.396494 0.494161
-0.338451 -0.393161 0.489058 -0.365283 -0.396393 0.493997
-0.337473 -0.393053 0.488884 -0.364818 -0.396343 0.493916
-0.336494 -0.392944 0.48871 -0.363417 -0.396191 0.493669
-0.335515 -0.392835 0.488536 -0.36248 -0.396089 0.493503
-0.334536 -0.392726 0.488362 -0.361539 -0.395986 0.493337
-0.333558 -0.392618 0.488188 -0.361068 -0.395935 0.493254
-0.332579 -0.392509 0.488014 -0.360123 -0.395832 0.493087
-0.3316 -0.3924 0.48784 -0.359176 -0.395728 0.492919
-0.330622 -0.392291 0.487666 -0.358226 -0.395624 0.492751
-0.329643 -0.392183 0.487492 -0.357274 -0.39552 0.492583
-0.328664 -0.392074 0.487318 -0.356319 -0.395415 0.492414
-0.327685 -0.391965 0.487144 -0.355363 -0.39531 0.492244
-0.326707 -0.391856 0.48697 -0.354404 -0.395205 0.492074
-0.325728 -0.391748 0.486796 -0.353443 -0.395099 0.491904
-0.324749 -0.391639 0.486622 -0.352481 -0.394993 0.491733
-0.323771 -0.39153 0.486448 -0.351516 -0.394887 0.491562
-0.322792 -0.391421 0.486274 -0.350551 -0.39478 0.491391
-0.321813 -0.391313 0.4861 -0.349583 -0.394673 0.491219
-0.320834 -0.391204 0.485926 -0.348615 -0.394566 0.491047
-0.319856 -0.391095 0.485752 -0.347645 -0.394459 0.490875
-0.318877 -0.390986 0.485578 -0.346674 -0.394352 0.490702
-0.317898 -0.390878 0.485404 -0.345701 -0.394244 0.490529
-0.316919 -0.390769 0.48523 -0.344728 -0.394137 0.490356
-0.315941 -0.39066 0.485056 -0.343754 -0.394029 0.490183
-0.314962 -0.390551 0.484882 -0.342779 -0.393921 0.490009
-0.313983 -0.390443 0.484708 -0.342291 -0.393866 0.489923
-0.313005 -0.390334 0.484534 -0.340827 -0.393704 0.489662
-0.312026 -0.390225 0.48436 -0.33985 -0.393596 0.489488
-0.311047 -0.390116 0.484186 -0.338873 -0.393487 0.489314
-0.310068 -0.390008 0.484012 -0.337895 -0.393378 0.48914
-0.30909 -0.389899 0.483838 -0.336916 -0.39327 0.488965
-0.308111 -0.38979 0.483664 -0.335937 -0.393161 0.488791
-0.307132 -0.389681 0.48349 -0.334958 -0.393052 0.488617
-0.306153 -0.389573 0.483316 -0.333978 -0.392943 0.488442
-0.305175 -0.389464 0.483142 -0.332998 -0.392834 0.488267
-0.304196 -0.389355 0.482968 -0.332018 -0.392725 0.488093
-0.303217 -0.389246 0.482794 -0.331037 -0.392616 0.487918
-0.302239 -0.389138 0.48262 -0.330057 -0.392507 0.487743
-0.30126 -0.389029 0.482446 -0.329076 -0.392398 0.487568
-0.300281 -0.38892 0.482272 -0.328095 -0.392288 0.487394
-0.299302 -0.388811 0.482098 -0.327604 -0.392234 0.487306
-0.298324 -0.388703 0.481924 -0.326133 -0.39207 0.487044
-0.297345 -0.388594 0.48175 -0.325152 -0.391961 0.486869
-0.296366 -0.388485 0.481576 -0.32417 -0.391852 0.486694
-0.295388 -0.388376 0.481402 -0.323189 -0.391742 0.486519
-0.294409 -0.388268 0.481228 -0.322208 -0.391633 0.486344
-0.29343 -0.388159 0.481054 -0.321227 -0.391524 0.486169
-0.292451 -0.38805 0.48088 -0.320245 -0.391414 0.485994
-0.291473 -0.387941 0.480706 -0.319264 -0.391305 0.485819
-0.290494 -0.387833 0.480532 -0.318283 -0.391196 0.485644
-0.289515 -0.387724 0.480358 -0.317302 -0.391087 0.485469
-0.288536 -0.387615 0.480184 -0.31632 -0.390977 0.485294
-0.287558 -0.387506 0.48001 -0.315339 -0.390868 0.485119
-0.286579 -0.387398 0.479836 -0.314358 -0.390759 0.484944
-0.2856 -0.387289 0.479662 -0.313377 -0.39065 0.484769
-0.284622 -0.38718 0.479488 -0.312396 -0.39054 0.484595
-0.283643 -0.387071 0.479314 -0.311415 -0.390431 0.48442
-0.282664 -0.386963 0.47914 -0.310435 -0.390322 0.484245
-0.281685 -0.386854 0.478966 -0.309454 -0.390213 0.48407
-0.280707 -0.386745 0.478792 -0.308473 -0.390104 0.483895
-0.279728 -0.386636 0.478618 -0.307492 -0.389994 0.48372
-0.278749 -0.386528 0.478444 -0.306512 -0.389885 0.483545
-0.277771 -0.386419 0.47827 -0.305531 -0.389776 0.483371
-0.276792 -0.38631 0.478096 -0.304551 -0.389667 0.483196
-0.275813 -0.386201 0.477922 -0.30357 -0.389558 0.483021
-0.274834 -0.386093 0.477748 -0.30259 -0.389449 0.482846
-0.273856 -0.385984 0.477574 -0.30161 -0.38934 0.482672
-0.272877 -0.385875 0.4774 -0.300629 -0.389231 0.482497
-0.271898 -0.385766 0.477226 -0.299649 -0.389122 0.482322
-0.270919 -0.385658 0.477052 -0.298669 -0.389013 0.482148
-0.269941 -0.385549 0.476878 -0.297689 -0.388904 0.481973
-0.268962 -0.38544 0.476704 -0.296709 -0.388795 0.481798
-0.267983 -0.385331 0.47653 -0.295729 -0.388686 0.481624
-0.267005 -0.385223 0.476356 -0.294749 -0.388577 0.481449
-0.266026 -0.385114 0.476182 -0.293769 -0.388468 0.481274
-0.265047 -0.385005 0.476008 -0.292789 -0.388359 0.4811
-0.264068 -0.384896 0.475834 -0.29181 -0.38825 0.480925
-0.26309 -0.384788 0.47566 -0.29083 -0.388141 0.480751
-0.262111 -0.384679 0.475486 -0.28985 -0.388032 0.480576
-0.261132 -0.38457 0.475312 -0.288871 -0.387923 0.480401
-0.260153 -0.384461 0.475138 -0.287891 -0.387814 0.480227
-0.259175 -0.384353 0.474964 -0.286911 -0.387705 0.480052
-0.258196 -0.384244 0.47479 -0.285932 -0.387597 0.479878
-0.257217 -0.384135 0.474616 -0.284952 -0.387488 0.479703
-0.256239 -0.384027 0.474442 -0.283973 -0.387379 0.479529
-0.25526 -0.383918 0.474268 -0.282993 -0.38727 0.479354
-0.254281 -0.383809 0.474094 -0.282014 -0.387161 0.47918
-0.253302 -0.3837 0.47392 -0.281035 -0.387052 0.479005
-0.252324 -0.383592 0.473746 -0.280545 -0.386998 0.478918
-0.251345 -0.383483 0.473572 -0.279076 -0.386835 0.478656
-0.250366 -0.383374 0.473398 -0.278096 -0.386726 0.478482
-0.249388 -0.383265 0.473224 -0.277117 -0.386617 0.478307
-0.248409 -0.383157 0.47305 -0.276138 -0.386509 0.478133
-0.24743 -0.383048 0.472876 -0.275159 -0.3864 0.477959
-0.246451 -0.382939 0.472702 -0.274179 -0.386291 0.477784
-0.245473 -0.38283 0.472528 -0.2732 -0.386182 0.47761
-0.244494 -0.382722 0.472354 -0.272221 -0.386074 0.477435
-0.243515 -0.382613 0.47218 -0.271242 -0.385965 0.477261
-0.242536 -0.382504 0.472006 -0.270263 -0.385856 0.477086
-0.241558 -0.382395 0.471832 -0.269283 -0.385747 0.476912
-0.240579 -0.382287 0.471658 -0.268304 -0.385639 0.476738
-0.2396 -0.382178 0.471484 -0.267325 -0.38553 0.476563
-0.238622 -0.382069 0.471311 -0.266346 -0.385421 0.476389
-0.237643 -0.38196 0.471137 -0.265367 -0.385312 0.476214
-0.236664 -0.381852 0.470963 -0.264388 -0.385204 0.47604
-0.235685 -0.381743 0.470789 -0.263409 -0.385095 0.475866
-0.234707 -0.381634 0.470615 -0.26243 -0.384986 0.475691
-0.233728 -0.381525 0.470441 -0.261451 -0.384878 0.475517
-0.232749 -0.381417 0.470267 -0.260471 -0.384769 0.475342
-0.231771 -0.381308 0.470093 -0.259492 -0.38466 0.475168
-0.230792 -0.381199 0.469919 -0.258513 -0.384552 0.474994
-0.229813 -0.38109 0.469745 -0.257534 -0.384443 0.474819
-0.228834 -0.380982 0.469571 -0.256555 -0.384334 0.474645
-0.227856 -0.380873 0.469397 -0.255576 -0.384225 0.47447
-0.226877 -0.380764 0.469223 -0.254598 -0.384117 0.474296
-0.225898 -0.380655 0.469049 -0.25362 -0.384008 0.474122
-0.224919 -0.380547 0.468875 -0.252643 -0.3839 0.473948
-0.223941 -0.380438 0.468701 -0.251665 -0.383791 0.473774
-0.222962 -0.380329 0.468527 -0.250688 -0.383682 0.473599
-0.221983 -0.38022 0.468353 -0.24971 -0.383574 0.473425
-0.221005 -0.380112 0.468179 -0.248733 -0.383465 0.473251
-0.220026 -0.380003 0.468005 -0.247755 -0.383357 0.473077
-0.219047 -0.379894 0.467831 -0.246777 -0.383248 0.472903
-0.218068 -0.379785 0.467657 -0.245798 -0.38314 0.472728
-0.21709 -0.379677 0.467483 -0.24482 -0.383031 0.472554
-0.216111 -0.379568 0.467309 -0.243841 -0.382922 0.47238
-0.215132 -0.379459 0.467135 -0.242863 -0.382814 0.472205
-0.214153 -0.37935 0.466961 -0.241884 -0.382705 0.472031
-0.213175 -0.379242 0.466787 -0.240905 -0.382597 0.471857
-0.212196 -0.379133 0.466613 -0.239926 -0.382488 0.471682
-0.211217 -0.379024 0.466439 -0.238947 -0.382379 0.471508
-0.210239 -0.378915 0.466265 -0.237968 -0.382271 0.471333
-0.20926 -0.378807 0.466091 -0.236989 -0.382162 0.471159
-0.208281 -0.378698 0.465917 -0.23601 -0.382053 0.470985
-0.207302 -0.378589 0.465743 -0.235031 -0.381945 0.47081
-0.206324 -0.37848 0.465569 -0.234052 -0.381836 0.470636
-0.205345 -0.378372 0.465395 -0.233073 -0.381727 0.470461
-0.204366 -0.378263 0.465221 -0.232094 -0.381619 0.470287
-0.203388 -0.378154 0.465047 -0.231114 -0.38151 0.470112
-0.202409 -0.378045 0.464873 -0.230135 -0.381401 0.469938
-0.20143 -0.377937 0.464699 -0.229156 -0.381293 0.469764
-0.200451 -0.377828 0.464525 -0.228177 -0.381184 0.469589
-0.199473 -0.377719 0.464351 -0.227198 -0.381075 0.469415
-0.198494 -0.37761 0.464177 -0.226219 -0.380967 0.46924
-0.197515 -0.377502 0.464003 -0.22524 -0.380858 0.469066
-0.196536 -0.377393 0.463829 -0.224261 -0.38075 0.468891
-0.195558 -0.377284 0.463655 -0.223282 -0.380641 0.468717
-0.194579 -0.377175 0.463481 -0.222303 -0.380532 0.468543
-0.1936 -0.377067 0.463307 -0.221814 -0.380478 0.468455
-0.192622 -0.376958 0.463133 -0.219856 -0.380261 0.468106
-0.191643 -0.376849 0.462959 -0.218877 -0.380152 0.467932
-0.190664 -0.37674 0.462785 -0.217897 -0.380043 0.467758
-0.189685 -0.376632 0.462611 -0.216919 -0.379935 0.467583
-0.188707 -0.376523 0.462437 -0.215941 -0.379826 0.467409
-0.187728 -0.376414 0.462263 -0.215453 -0.379772 0.467322
-0.186749 -0.376305 0.462089 -0.214476 -0.379663 0.467148
-0.185771 -0.376197 0.461915 -0.2135 -0.379555 0.466974
-0.184792 -0.376088 0.461741 -0.212523 -0.379446 0.4668
-0.183813 -0.375979 0.461567 -0.211059 -0.379284 0.466539
-0.182834 -0.37587 0.461393 -0.210571 -0.379229 0.466452
-0.181856 -0.375762 0.461219 -0.209106 -0.379067 0.46619
-0.180877 -0.375653 0.461045 -0.208617 -0.379012 0.466103
-0.179898 -0.375544 0.460871 -0.20764 -0.378904 0.465929
-0.178919 -0.375435 0.460697 -0.207152 -0.37885 0.465842
-0.177941 -0.375327 0.460523 -0.205687 -0.378687 0.465581
-0.176962 -0.375218 0.460349 -0.20471 -0.378578 0.465407
-0.175983 -0.375109 0.460175 -0.203732 -0.37847 0.465233
-0.175005 -0.375001 0.460001 -0.202755 -0.378362 0.465058
-0.174026 -0.374892 0.459827 -0.201777 -0.378253 0.464884
-0.173047 -0.374783 0.459653 -0.2008 -0.378145 0.46471
-0.172068 -0.374674 0.459479 -0.199822 -0.378036 0.464536
-0.17109 -0.374566 0.459305 -0.198844 -0.377928 0.464361
-0.170111 -0.374457 0.459131 -0.197866 -0.377819 0.464187
-0.169132 -0.374348 0.458957 -0.196887 -0.37771 0.464013
-0.168153 -0.374239 0.458783 -0.195908 -0.377602 0.463838
-0.167175 -0.374131 0.458609 -0.19493 -0.377493 0.463664
-0.166196 -0.374022 0.458435 -0.193951 -0.377385 0.463489
-0.165217 -0.373913 0.458261 -0.192971 -0.377276 0.463315
-0.164239 -0.373804 0.458087 -0.192482 -0.377222 0.463228
-0.16326 -0.373696 0.457913 -0.191013 -0.377059 0.462966
-0.162281 -0.373587 0.457739 -0.190033 -0.37695 0.462791
-0.161302 -0.373478 0.457565 -0.189052 -0.376842 0.462616
-0.160324 -0.373369 0.457391 -0.18807 -0.376733 0.462441
-0.159345 -0.373261 0.457217 -0.187088 -0.376624 0.462266
-0.158366 -0.373152 0.457043 -0.186106 -0.376515 0.462091
-0.157388 -0.373043 0.456869 -0.185124 -0.376406 0.461916
-0.156409 -0.372934 0.456695 -0.184143 -0.376298 0.461742
-0.15543 -0.372826 0.456521 -0.183162 -0.376189 0.461567
-0.154451 -0.372717 0.456347 -0.182181 -0.37608 0.461392
-0.153473 -0.372608 0.456173 -0.1812 -0.375971 0.461217
-0.152494 -0.372499 0.455999 -0.18022 -0.375862 0.461042
-0.151515 -0.372391 0.455825 -0.17924 -0.375754 0.460868
-0.150536 -0.372282 0.455651 -0.17826 -0.375645 0.460693
-0.149558 -0.372173 0.455477 -0.177281 -0.375536 0.460518
-0.148579 -0.372064 0.455303 -0.176302 -0.375427 0.460344
-0.1476 -0.371956 0.455129 -0.175323 -0.375319 0.460169
-0.146622 -0.371847 0.454955 -0.174344 -0.37521 0.459994
-0.145643 -0.371738 0.454781 -0.173364 -0.375101 0.45982
-0.144664 -0.371629 0.454607 -0.172385 -0.374993 0.459645
-0.143685 -0.371521 0.454433 -0.171406 -0.374884 0.459471
-0.142707 -0.371412 0.454259 -0.170427 -0.374775 0.459296
-0.141728 -0.371303 0.454085 -0.169448 -0.374667 0.459122
-0.140749 -0.371194 0.453911 -0.168469 -0.374558 0.458947
-0.139771 -0.371086 0.453737 -0.16798 -0.374503 0.45886
-0.138792 -0.370977 0.453563 -0.166511 -0.37434 0.458598
-0.137813 -0.370868 0.453389 -0.165532 -0.374232 0.458423
-0.136834 -0.370759 0.453215 -0.164554 -0.374123 0.458249
-0.135856 -0.370651 0.453041 -0.163575 -0.374014 0.458074
-0.134877 -0.370542 0.452867 -0.162596 -0.373906 0.4579
-0.133898 -0.370433 0.452693 -0.161617 -0.373797 0.457725
-0.132919 -0.370324 0.452519 -0.161128 -0.373743 0.457638
-0.131941 -0.370216 0.452345 -0.160149 -0.373634 0.457463
-0.130962 -0.370107 0.452171 -0.15917 -0.373525 0.457289
-0.129983 -0.369998 0.451997 -0.157708 -0.373363 0.457028
-0.129005 -0.369889 0.451823 -0.157222 -0.373309 0.456941
-0.128026 -0.369781 0.451649 -0.156251 -0.3732 0.456768
-0.127047 -0.369672 0.451475 -0.155279 -0.373092 0.456595
-0.126068 -0.369563 0.451301 -0.154793 -0.373038 0.456508
-0.12509 -0.369454 0.451127 -0.153819 -0.37293 0.456334
-0.124111 -0.369346 0.450953 -0.152844 -0.372821 0.45616
-0.123132 -0.369237 0.450779 -0.151864 -0.372713 0.455985
-0.122153 -0.369128 0.450605 -0.15088 -0.372604 0.45581
-0.121175 -0.369019 0.450431 -0.149891 -0.372495 0.455634
-0.120196 -0.368911 0.450257 -0.1489 -0.372386 0.455457
-0.119217 -0.368802 0.450083 -0.148403 -0.372331 0.455369
-0.118239 -0.368693 0.449909 -0.146908 -0.372167 0.455103
-0.11726 -0.368584 0.449735 -0.145908 -0.372057 0.454925
-0.116281 -0.368476 0.449561 -0.144907 -0.371947 0.454747
-0.115302 -0.368367 0.449387 -0.143904 -0.371837 0.454568
-0.114324 -0.368258 0.449213 -0.142899 -0.371727 0.454389
-0.113345 -0.368149 0.449039 -0.141894 -0.371616 0.45421
-0.112366 -0.368041 0.448865 -0.140888 -0.371505 0.454031
-0.111388 -0.367932 0.448691 -0.139881 -0.371395 0.453852
-0.110409 -0.367823 0.448517 -0.139378 -0.371339 0.453763
-0.10943 -0.367714 0.448343 -0.137366 -0.371118 0.453404
-0.108451 -0.367606 0.448169 -0.136364 -0.371007 0.453226
-0.107473 -0.367497 0.447995 -0.135864 -0.370952 0.453137
-0.106494 -0.367388 0.447821 -0.134867 -0.370841 0.452959
-0.105515 -0.367279 0.447647 -0.13387 -0.37073 0.452781
-0.104536 -0.367171 0.447473 -0.132872 -0.37062 0.452603
-0.103558 -0.367062 0.447299 -0.131874 -0.370509 0.452425
-0.102579 -0.366953 0.447125 -0.130875 -0.370398 0.452247
-0.1016 -0.366844 0.446951 -0.129876 -0.370287 0.452069
-0.100622 -0.366736 0.446777 -0.128877 -0.370177 0.451891
-0.0996428 -0.366627 0.446603 -0.127878 -0.370066 0.451712
-0.0986641 -0.366518 0.446429 -0.12688 -0.369955 0.451534
-0.0976854 -0.366409 0.446255 -0.125882 -0.369844 0.451356
-0.0967067 -0.366301 0.446081 -0.125384 -0.369789 0.451267
-0.0957279 -0.366192 0.445907 -0.12389 -0.369623 0.451001
-0.0947492 -0.366083 0.445733 -0.122894 -0.369512 0.450823
-0.0937705 -0.365974 0.445559 -0.121898 -0.369402 0.450645
-0.0927918 -0.365866 0.445385 -0.120902 -0.369291 0.450468
-0.091813 -0.365757 0.445211 -0.119907 -0.36918 0.45029
-0.0908343 -0.365648 0.445037 -0.118912 -0.36907 0.450113
-0.0898556 -0.36554 0.444863 -0.117919 -0.368959 0.449935
-0.0888769 -0.365431 0.444689 -0.116927 -0.368849 0.449758
-0.0878982 -0.365322 0.444515 -0.115935 -0.368738 0.449581
-0.0869194 -0.365213 0.444341 -0.115439 -0.368683 0.449493
-0.0859407 -0.365105 0.444167 -0.113952 -0.368518 0.449227
-0.084962 -0.364996 0.443993 -0.112961 -0.368407 0.449051
-0.0839833 -0.364887 0.443819 -0.111972 -0.368297 0.448874
-0.0830045 -0.364778 0.443645 -0.110983 -0.368187 0.448698
-0.0820258 -0.36467 0.443471 -0.109995 -0.368077 0.448521
-0.0810471 -0.364561 0.443297 -0.109007 -0.367967 0.448345
-0.0800684 -0.364452 0.443123 -0.108019 -0.367857 0.448168
-0.0790896 -0.364343 0.442949 -0.107031 -0.367747 0.447992
-0.0781109 -0.364235 0.442775 -0.106043 -0.367637 0.447816
-0.0771322 -0.364126 0.442601 -0.105056 -0.367527 0.447639
-0.0761535 -0.364017 0.442427 -0.104068 -0.367417 0.447463
-0.0751747 -0.363908 0.442253 -0.103081 -0.367307 0.447287
-0.074196 -0.3638 0.442079 -0.102094 -0.367197 0.447111
-0.0732173 -0.363691 0.441905 -0.101108 -0.367088 0.446935
-0.0722386 -0.363582 0.441731 -0.100122 -0.366978 0.446759
-0.0712599 -0.363473 0.441557 -0.0991356 -0.366868 0.446583
-0.0702811 -0.363365 0.441383 -0.0981499 -0.366759 0.446407
-0.0693024 -0.363256 0.441209 -0.0971645 -0.366649 0.446231
-0.0683237 -0.363147 0.441035 -0.0961794 -0.36654 0.446055
-0.067345 -0.363038 0.440861 -0.0951946 -0.36643 0.44588
-0.0663662 -0.36293 0.440687 -0.0942101 -0.366321 0.445704
-0.0653875 -0.362821 0.440513 -0.0937179 -0.366266 0.445616
-0.0644088 -0.362712 0.440339 -0.0932258 -0.366211 0.445528
-0.0634301 -0.362603 0.440165 -0.0912579 -0.365992 0.445177
-0.0624513 -0.362495 0.439991 -0.0902742 -0.365883 0.445002
-0.0614726 -0.362386 0.439817 -0.0892905 -0.365774 0.444826
-0.0604939 -0.362277 0.439643 -0.088307 -0.365664 0.44465
-0.0595152 -0.362168 0.439469 -0.087324 -0.365555 0.444475
-0.0585364 -0.36206 0.439295 -0.0863412 -0.365446 0.4443
-0.0575577 -0.361951 0.439121 -0.0853587 -0.365337 0.444124
-0.056579 -0.361842 0.438947 -0.0848675 -0.365282 0.444037
-0.0556003 -0.361733 0.438773 -0.0833945 -0.365118 0.443774
-0.0546216 -0.361625 0.438599 -0.0824128 -0.365009 0.443599
-0.0536428 -0.361516 0.438425 -0.0814314 -0.3649 0.443424
-0.0526641 -0.361407 0.438251 -0.0804502 -0.364791 0.443249
-0.0516854 -0.361298 0.438077 -0.0794692 -0.364682 0.443074
-0.0507067 -0.36119 0.437903 -0.0784885 -0.364573 0.442899
-0.0497279 -0.361081 0.437729 -0.0775079 -0.364464 0.442724
-0.0487492 -0.360972 0.437555 -0.0765275 -0.364355 0.442549
-0.0477705 -0.360863 0.437381 -0.0755473 -0.364246 0.442374
-0.0467918 -0.360755 0.437207 -0.0745672 -0.364137 0.442199
-0.045813 -0.360646 0.437033 -0.0735873 -0.364029 0.442024
-0.0448343 -0.360537 0.436859 -0.0726076 -0.36392 0.441849
-0.0438556 -0.360428 0.436685 -0.071628 -0.363811 0.441675
-0.0428769 -0.36032 0.436511 -0.0706485 -0.363702 0.4415
-0.0418981 -0.360211 0.436337 -0.0696692 -0.363593 0.441325
-0.0409194 -0.360102 0.436163 -0.06869 -0.363485 0.44115
-0.0399407 -0.359993 0.435989 -0.0677108 -0.363376 0.440976
-0.038962 -0.359885 0.435815 -0.0667318 -0.363267 0.440801
-0.0379833 -0.359776 0.435641 -0.0657529 -0.363159 0.440626
-0.0370045 -0.359667 0.435467 -0.0647741 -0.36305 0.440452
-0.0360258 -0.359558 0.435293 -0.0642847 -0.362995 0.440365
-0.0350471 -0.35945 0.435119 -0.0628166 -0.362833 0.440103
-0.0340684 -0.359341 0.434945 -0.0623273 -0.362778 0.440015
-0.0330896 -0.359232 0.434771 -0.060858 -0.362615 0.439753
-0.0321109 -0.359123 0.434597 -0.0598776 -0.362507 0.439578
-0.0311322 -0.359015 0.434424 -0.0588972 -0.362398 0.439404
-0.0301535 -0.358906 0.43425 -0.0579172 -0.362289 0.439229
-0.0291747 -0.358797 0.434076 -0.0569374 -0.36218 0.439054
-0.028196 -0.358688 0.433902 -0.0559578 -0.362072 0.438879
-0.0272173 -0.35858 0.433728 -0.0549785 -0.361963 0.438705
-0.0262386 -0.358471 0.433554 -0.054489 -0.361909 0.438617
-0.0252598 -0.358362 0.43338 -0.0530206 -0.361746 0.438355
-0.0242811 -0.358253 0.433206 -0.0520419 -0.361637 0.438181
-0.0233024 -0.358145 0.433032 -0.0510633 -0.361529 0.438006
-0.0223237 -0.358036 0.432858 -0.0500849 -0.36142 0.437832
-0.021345 -0.357927 0.432684 -0.0495958 -0.361366 0.437745
-0.0203662 -0.357818 0.43251 -0.0481285 -0.361203 0.437483
-0.0193875 -0.35771 0.432336 -0.0471505 -0.361094 0.437309
-0.0184088 -0.357601 0.432162 -0.0461726 -0.360986 0.437134
-0.0174301 -0.357492 0.431988 -0.0451947 -0.360877 0.43696
-0.0164513 -0.357383 0.431814 -0.0442169 -0.360769 0.436785
-0.0154726 -0.357275 0.43164 -0.0432392 -0.36066 0.436611
-0.0144939 -0.357166 0.431466 -0.0422615 -0.360552 0.436437
-0.0135152 -0.357057 0.431292 -0.0412839 -0.360443 0.436262
-0.0125364 -0.356948 0.431118 -0.0403063 -0.360335 0.436088
-0.0115577 -0.35684 0.430944 -0.0398176 -0.360281 0.436001
-0.010579 -0.356731 0.43077 -0.0383513 -0.360118 0.435739
-0.00960027 -0.356622 0.430596 -0.0373738 -0.36001 0.435565
-0.00862155 -0.356514 0.430422 -0.0363963 -0.359901 0.435391
-0.00764283 -0.356405 0.430248 -0.0354189 -0.359793 0.435217
-0.0066641 -0.356296 0.430074 -0.0344415 -0.359684 0.435042
-0.00568538 -0.356187 0.4299 -0.033464 -0.359576 0.434868
-0.00470666 -0.356079 0.429726 -0.0324866 -0.359467 0.434694
-0.00372793 -0.35597 0.429552 -0.0315092 -0.359359 0.43452
-0.00274921 -0.355861 0.429378 -0.0305318 -0.35925 0.434345
-0.00177049 -0.355752 0.429204 -0.0295544 -0.359142 0.434171
-0.000791762 -0.355644 0.42903 -0.0285769 -0.359034 0.433997
0.000186962 -0.355535 0.428856 -0.0275995 -0.358925 0.433823
0.00116569 -0.355426 0.428682 -0.0266221 -0.358817 0.433648
0.00214441 -0.355317 0.428508 -0.0256447 -0.358708 0.433474
0.00312313 -0.355209 0.428334 -0.0246672 -0.3586 0.4333
0.00410186 -0.3551 0.42816 -0.0236898 -0.358491 0.433126
0.00508058 -0.354991 0.427986 -0.0227123 -0.358383 0.432951
0.0060593 -0.354882 0.427812 -0.0217348 -0.358275 0.432777
0.00703803 -0.354774 0.427638 -0.0207573 -0.358166 0.432603
0.00801675 -0.354665 0.427464 -0.0197799 -0.358058 0.432429
0.00899547 -0.354556 0.42729 -0.0192911 -0.358004 0.432342
0.0099742 -0.354447 0.427116 -0.0178248 -0.357841 0.43208
0.0109529 -0.354339 0.426942 -0.0168473 -0.357733 0.431906
0.0119316 -0.35423 0.426768 -0.0158698 -0.357624 0.431732
0.0129104 -0.354121 0.426594 -0.0148922 -0.357516 0.431557
0.0138891 -0.354012 0.42642 -0.0139146 -0.357407 0.431383
0.0148678 -0.353904 0.426246 -0.0129371 -0.357299 0.431209
0.0158465 -0.353795 0.426072 -0.0119595 -0.35719 0.431035
0.0168253 -0.353686 0.425898 -0.0114706 -0.357136 0.430948
0.017804 -0.353577 0.425724 -0.0109817 -0.357082 0.430861
0.0187827 -0.353469 0.42555 -0.00902499 -0.356865 0.430512
0.0197614 -0.35336 0.425376 -0.0080464 -0.356757 0.430337
0.0207402 -0.353251 0.425202 -0.00706792 -0.356648 0.430163
0.0217189 -0.353142 0.425028 -0.00608955 -0.35654 0.429989
0.0226976 -0.353034 0.424854 -0.00511128 -0.356431 0.429814
0.0236763 -0.352925 0.42468 -0.00413308 -0.356323 0.42964
0.024655 -0.352816 0.424506 -0.00364401 -0.356268 0.429553
0.0256338 -0.352707 0.424332 -0.00266593 -0.35616 0.429379
0.0266125 -0.352599 0.424158 -0.00119893 -0.355997 0.429117
0.0275912 -0.35249 0.423984 -0.000220991 -0.355889 0.428943
0.0285699 -0.352381 0.42381 0.000756895 -0.35578 0.428769
0.0295487 -0.352272 0.423636 0.00173474 -0.355672 0.428595
0.0305274 -0.352164 0.423462 0.00271255 -0.355563 0.428421
0.0315061 -0.352055 0.423288 0.00369032 -0.355455 0.428246
0.0324848 -0.351946 0.423114 0.00466807 -0.355346 0.428072
0.0334636 -0.351837 0.42294 0.00564579 -0.355238 0.427898
0.0344423 -0.351729 0.422766 0.00662349 -0.355129 0.427724
0.035421 -0.35162 0.422592 0.00760117 -0.355021 0.42755
0.0363997 -0.351511 0.422418 0.00857884 -0.354913 0.427376
0.0373785 -0.351402 0.422244 0.0095565 -0.354804 0.427202
0.0383572 -0.351294 0.42207 0.0105342 -0.354696 0.427027
0.0393359 -0.351185 0.421896 0.0115118 -0.354587 0.426853
0.0403146 -0.351076 0.421722 0.0124894 -0.354479 0.426679
0.0412933 -0.350967 0.421548 0.0134671 -0.35437 0.426505
0.0422721 -0.350859 0.421374 0.0144447 -0.354262 0.426331
0.0432508 -0.35075 0.4212 0.0154222 -0.354153 0.426157
0.0442295 -0.350641 0.421026 0.0163995 -0.354045 0.425983
0.0452082 -0.350532 0.420852 0.0173769 -0.353936 0.425809
0.046187 -0.350424 0.420678 0.0183543 -0.353828 0.425635
0.0471657 -0.350315 0.420504 0.0193318 -0.353719 0.425461
0.0481444 -0.350206 0.42033 0.0198205 -0.353665 0.425374
0.0491231 -0.350097 0.420156 0.0212868 -0.353503 0.425113
0.0501019 -0.349989 0.419982 0.0222643 -0.353394 0.424939
0.0510806 -0.34988 0.419808 0.0232419 -0.353286 0.424765
0.0520593 -0.349771 0.419634 0.0242195 -0.353177 0.424591
0.053038 -0.349662 0.41946 0.0251971 -0.353069 0.424417
0.0540168 -0.349554 0.419286 0.0261748 -0.35296 0.424243
0.0549955 -0.349445 0.419112 0.0271525 -0.352852 0.424069
0.0559742 -0.349336 0.418938 0.0281302 -0.352743 0.423895
0.0569529 -0.349227 0.418764 0.0291079 -0.352635 0.423721
0.0579316 -0.349119 0.41859 0.0300856 -0.352526 0.423547
0.0589104 -0.34901 0.418416 0.0310634 -0.352418 0.423373
0.0598891 -0.348901 0.418242 0.0320412 -0.352309 0.423199
0.0608678 -0.348792 0.418068 0.033019 -0.352201 0.423025
0.0618465 -0.348684 0.417894 0.0335079 -0.352147 0.422938
0.0628253 -0.348575 0.41772 0.0349746 -0.351984 0.422677
0.063804 -0.348466 0.417546 0.0359524 -0.351875 0.422503
0.0647827 -0.348357 0.417372 0.0369303 -0.351767 0.422329
0.0657614 -0.348249 0.417198 0.0379081 -0.351658 0.422155
0.0667402 -0.34814 0.417024 0.038886 -0.35155 0.421981
0.0677189 -0.348031 0.41685 0.0398639 -0.351441 0.421807
0.0686976 -0.347922 0.416676 0.0408418 -0.351333 0.421633
0.0696763 -0.347814 0.416502 0.0418197 -0.351224 0.421459
0.0706551 -0.347705 0.416328 0.0427976 -0.351116 0.421285
0.0716338 -0.347596 0.416154 0.0437755 -0.351007 0.421111
0.0726125 -0.347487 0.41598 0.0447534 -0.350899 0.420937
0.0735912 -0.347379 0.415806 0.0457315 -0.35079 0.420763
0.0745699 -0.34727 0.415632 0.0467098 -0.350681 0.420589
0.0755487 -0.347161 0.415458 0.0476884 -0.350573 0.420415
0.0765274 -0.347053 0.415284 0.0486671 -0.350464 0.42024
0.0775061 -0.346944 0.41511 0.0491564 -0.35041 0.420153
0.0784848 -0.346835 0.414936 0.0506243 -0.350247 0.419892
0.0794636 -0.346726 0.414762 0.0516029 -0.350138 0.419718
0.0804423 -0.346618 0.414588 0.0525814 -0.35003 0.419544
0.081421 -0.346509 0.414414 0.0535599 -0.349921 0.41937
0.0823997 -0.3464 0.41424 0.0545385 -0.349813 0.419196
0.0833785 -0.346291 0.414066 0.0555171 -0.349704 0.419022
0.0843572 -0.346183 0.413892 0.0564957 -0.349595 0.418848
0.0853359 -0.346074 0.413718 0.0574743 -0.349487 0.418674
0.0863146 -0.345965 0.413544 0.0584529 -0.349378 0.4185
0.0872934 -0.345856 0.41337 0.0594317 -0.349269 0.418326
0.0882721 -0.345748 0.413196 0.0604103 -0.349161 0.418152
0.0892508 -0.345639 0.413022 0.0608996 -0.349106 0.418065
0.0902295 -0.34553 0.412848 0.0623675 -0.348943 0.417804
0.0912082 -0.345421 0.412674 0.0633461 -0.348835 0.41763
0.092187 -0.345313 0.4125 0.0643246 -0.348726 0.417456
0.0931657 -0.345204 0.412326 0.0653032 -0.348617 0.417282
0.0941444 -0.345095 0.412152 0.0662819 -0.348509 0.417108
0.0951231 -0.344986 0.411978 0.0672607 -0.3484 0.416934
0.0961019 -0.344878 0.411804 0.0682397 -0.348291 0.41676
0.0970806 -0.344769 0.41163 0.0687292 -0.348237 0.416673
0.0980593 -0.34466 0.411456 0.0697084 -0.348128 0.416499
0.099038 -0.344551 0.411282 0.071177 -0.347965 0.416238
0.100017 -0.344443 0.411108 0.0716664 -0.347911 0.416151
0.100995 -0.344334 0.410934 0.0726452 -0.347802 0.415977
0.101974 -0.344225 0.41076 0.0736239 -0.347693 0.415803
0.102953 -0.344116 0.410586 0.0746024 -0.347584 0.41563
0.103932 -0.344008 0.410412 0.0760702 -0.347421 0.415369
0.10491 -0.343899 0.410238 0.0770488 -0.347313 0.415195
0.105889 -0.34379 0.410064 0.0780272 -0.347204 0.415021
0.106868 -0.343681 0.40989 0.0785165 -0.34715 0.414934
0.107847 -0.343573 0.409716 0.0799854 -0.346986 0.414673
0.108825 -0.343464 0.409542 0.0809655 -0.346878 0.414499
0.109804 -0.343355 0.409368 0.0819456 -0.346769 0.414325
0.110783 -0.343246 0.409194 0.0829253 -0.34666 0.414151
0.111761 -0.343138 0.40902 0.0839048 -0.346551 0.413977
0.11274 -0.343029 0.408846 0.0848839 -0.346442 0.413803
0.113719 -0.34292 0.408672 0.0858628 -0.346333 0.413629
0.114698 -0.342811 0.408498 0.0868415 -0.346225 0.413455
0.115676 -0.342703 0.408324 0.08782 -0.346116 0.413281
0.116655 -0.342594 0.40815 0.0887983 -0.346007 0.413108
0.117634 -0.342485 0.407976 0.0897764 -0.345898 0.412934
0.118613 -0.342376 0.407802 0.0907544 -0.345789 0.41276
0.119591 -0.342268 0.407628 0.0917323 -0.345681 0.412587
0.12057 -0.342159 0.407454 0.09271 -0.345572 0.412413
0.121549 -0.34205 0.40728 0.0936877 -0.345463 0.412239
0.122527 -0.341941 0.407106 0.0946653 -0.345354 0.412066
0.123506 -0.341833 0.406932 0.0956428 -0.345246 0.411892
0.124485 -0.341724 0.406758 0.0966203 -0.345137 0.411719
0.125464 -0.341615 0.406584 0.0975977 -0.345028 0.411545
0.126442 -0.341506 0.40641 0.0985751 -0.344919 0.411372
0.127421 -0.341398 0.406236 0.0995525 -0.344811 0.411198
0.1284 -0.341289 0.406062 0.10053 -0.344702 0.411025
0.129378 -0.34118 0.405888 0.101507 -0.344593 0.410851
0.130357 -0.341071 0.405714 0.102485 -0.344484 0.410678
0.131336 -0.340963 0.40554 0.103462 -0.344376 0.410504
0.132315 -0.340854 0.405366 0.104439 -0.344267 0.410331
0.133293 -0.340745 0.405192 0.105417 -0.344158 0.410157
0.134272 -0.340636 0.405018 0.106394 -0.344049 0.409984
0.135251 -0.340528 0.404844 0.107371 -0.343941 0.40981
0.13623 -0.340419 0.40467 0.108349 -0.343832 0.409637
0.137208 -0.34031 0.404496 0.109326 -0.343723 0.409463
0.138187 -0.340201 0.404322 0.109815 -0.343669 0.409377
0.139166 -0.340093 0.404148 0.111281 -0.343506 0.409116
0.140144 -0.339984 0.403974 0.112259 -0.343397 0.408943
0.141123 -0.339875 0.4038 0.113236 -0.343288 0.408769
0.142102 -0.339766 0.403626 0.114214 -0.343179 0.408596
0.143081 -0.339658 0.403452 0.115191 -0.34307 0.408422
0.144059 -0.339549 0.403278 0.116169 -0.342962 0.408249
0.145038 -0.33944 0.403104 0.117146 -0.342853 0.408075
0.146017 -0.339331 0.40293 0.117635 -0.342798 0.407989
0.146995 -0.339223 0.402756 0.119102 -0.342635 0.407729
0.147974 -0.339114 0.402582 0.12008 -0.342526 0.407555
0.148953 -0.339005 0.402408 0.121057 -0.342418 0.407382
0.149932 -0.338896 0.402234 0.122035 -0.342309 0.407208
0.15091 -0.338788 0.40206 0.123013 -0.3422 0.407035
0.151889 -0.338679 0.401886 0.123991 -0.342091 0.406861
0.152868 -0.33857 0.401712 0.124969 -0.341982 0.406688
0.153847 -0.338461 0.401538 0.125947 -0.341873 0.406514
0.154825 -0.338353 0.401364 0.126925 -0.341765 0.406341
0.155804 -0.338244 0.40119 0.127902 -0.341656 0.406167
0.156783 -0.338135 0.401016 0.12888 -0.341547 0.405994
0.157761 -0.338027 0.400842 0.129858 -0.341438 0.40582
0.15874 -0.337918 0.400668 0.130836 -0.341329 0.405647
0.159719 -0.337809 0.400494 0.131815 -0.34122 0.405473
0.160698 -0.3377 0.40032 0.132793 -0.341111 0.4053
0.161676 -0.337592 0.400146 0.133771 -0.341002 0.405127
0.162655 -0.337483 0.399972 0.134749 -0.340894 0.404953
0.163634 -0.337374 0.399798 0.135727 -0.340785 0.40478
0.164613 -0.337265 0.399624 0.136705 -0.340676 0.404606
0.165591 -0.337157 0.39945 0.137683 -0.340567 0.404433
0.16657 -0.337048 0.399276 0.138661 -0.340458 0.404259
0.167549 -0.336939 0.399102 0.13964 -0.340349 0.404086
0.168527 -0.33683 0.398928 0.140618 -0.34024 0.403912
0.169506 -0.336722 0.398754 0.141596 -0.340131 0.403739
0.170485 -0.336613 0.39858 0.142574 -0.340022 0.403565
0.171464 -0.336504 0.398406 0.143553 -0.339913 0.403392
0.172442 -0.336395 0.398232 0.144531 -0.339804 0.403218
0.173421 -0.336287 0.398058 0.145509 -0.339695 0.403045
0.1744 -0.336178 0.397884 0.146487 -0.339586 0.402872
0.175378 -0.336069 0.39771 0.147466 -0.339477 0.402698
0.176357 -0.33596 0.397536 0.148444 -0.339368 0.402525
0.177336 -0.335852 0.397363 0.149422 -0.339259 0.402351
0.178315 -0.335743 0.397189 0.150401 -0.33915 0.402178
0.179293 -0.335634 0.397015 0.151379 -0.339041 0.402004
0.180272 -0.335525 0.396841 0.152357 -0.338932 0.401831
0.181251 -0.335417 0.396667 0.153336 -0.338823 0.401657
0.18223 -0.335308 0.396493 0.154314 -0.338714 0.401484
0.183208 -0.335199 0.396319 0.155292 -0.338605 0.401311
0.184187 -0.33509 0.396145 0.15627 -0.338496 0.401137
0.185166 -0.334982 0.395971 0.157249 -0.338387 0.400964
0.186144 -0.334873 0.395797 0.158227 -0.338278 0.40079
0.187123 -0.334764 0.395623 0.159205 -0.338169 0.400617
0.188102 -0.334655 0.395449 0.160184 -0.33806 0.400444
0.189081 -0.334547 0.395275 0.161162 -0.337951 0.40027
0.190059 -0.334438 0.395101 0.162141 -0.337842 0.400097
0.191038 -0.334329 0.394927 0.163119 -0.337733 0.399923
0.192017 -0.33422 0.394753 0.164097 -0.337623 0.39975
0.192995 -0.334112 0.394579 0.165076 -0.337514 0.399577
0.193974 -0.334003 0.394405 0.166054 -0.337405 0.399403
0.194953 -0.333894 0.394231 0.167033 -0.337296 0.39923
0.195932 -0.333785 0.394057 0.168012 -0.337187 0.399056
0.19691 -0.333677 0.393883 0.16899 -0.337078 0.398883
0.197889 -0.333568 0.393709 0.169969 -0.336969 0.398709
0.198868 -0.333459 0.393535 0.170947 -0.33686 0.398536
0.199847 -0.33335 0.393361 0.171926 -0.336751 0.398363
0.200825 -0.333242 0.393187 0.172904 -0.336642 0.398189
0.201804 -0.333133 0.393013 0.173883 -0.336532 0.398016
0.202783 -0.333024 0.392839 0.174862 -0.336423 0.397842
0.203761 -0.332915 0.392665 0.17584 -0.336314 0.397669
0.20474 -0.332807 0.392491 0.176819 -0.336205 0.397496
0.205719 -0.332698 0.392317 0.177797 -0.336096 0.397322
0.206698 -0.332589 0.392143 0.178776 -0.335987 0.397149
0.207676 -0.33248 0.391969 0.179755 -0.335878 0.396975
0.208655 -0.332372 0.391795 0.180733 -0.335768 0.396802
0.209634 -0.332263 0.391621 0.181712 -0.335659 0.396628
0.210613 -0.332154 0.391447 0.182691 -0.33555 0.396455
0.211591 -0.332045 0.391273 0.183669 -0.335441 0.396282
0.21257 -0.331937 0.391099 0.184158 -0.335386 0.396195
0.213549 -0.331828 0.390925 0.184648 -0.335332 0.396108
0.214527 -0.331719 0.390751 0.185137 -0.335277 0.396022
0.215506 -0.33161 0.390577 0.186116 -0.335168 0.395848
0.216485 -0.331502 0.390403 0.187097 -0.335059 0.395674
0.217464 -0.331393 0.390229 0.188577 -0.334894 0.395412
0.218442 -0.331284 0.390055 0.189072 -0.334839 0.395325
0.219421 -0.331175 0.389881 0.190064 -0.334729 0.395149
0.2204 -0.331067 0.389707 0.191059 -0.334619 0.394973
0.221378 -0.330958 0.389533 0.192058 -0.334509 0.394796
0.222357 -0.330849 0.389359 0.193058 -0.334398 0.394619
0.223336 -0.33074 0.389185 0.194061 -0.334288 0.394442
0.224315 -0.330632 0.389011 0.195065 -0.334177 0.394264
0.225293 -0.330523 0.388837 0.196072 -0.334066 0.394086
0.226272 -0.330414 0.388663 0.19708 -0.333954 0.393908
0.227251 -0.330305 0.388489 0.198089 -0.333843 0.393729
0.22823 -0.330197 0.388315 0.199098 -0.333731 0.39355
0.229208 -0.330088 0.388141 0.199603 -0.333675 0.393461
0.230187 -0.329979 0.387967 0.201116 -0.333508 0.393193
0.231166 -0.32987 0.387793 0.202124 -0.333396 0.393015
0.232144 -0.329762 0.387619 0.203133 -0.333284 0.392836
0.233123 -0.329653 0.387445 0.204144 -0.333172 0.392657
0.234102 -0.329544 0.387271 0.205154 -0.33306 0.392479
0.235081 -0.329435 0.387097 0.206165 -0.332948 0.3923
0.236059 -0.329327 0.386923 0.207174 -0.332836 0.392121
0.237038 -0.329218 0.386749 0.208183 -0.332723 0.391942
0.238017 -0.329109 0.386575 0.209192 -0.332611 0.391764
0.238995 -0.329001 0.386401 0.210198 -0.332499 0.391586
0.239974 -0.328892 0.386227 0.211203 -0.332387 0.391407
0.240953 -0.328783 0.386053 0.212207 -0.332274 0.39123
0.241932 -0.328674 0.385879 0.21321 -0.332162 0.391052
0.24291 -0.328566 0.385705 0.214211 -0.33205 0.390875
0.243889 -0.328457 0.385531 0.215211 -0.331938 0.390697
0.244868 -0.328348 0.385357 0.216209 -0.331827 0.39052
0.245847 -0.328239 0.385183 0.217207 -0.331715 0.390344
0.246825 -0.328131 0.385009 0.218204 -0.331603 0.390167
0.247804 -0.328022 0.384835 0.2192 -0.331491 0.38999
0.248783 -0.327913 0.384661 0.220195 -0.33138 0.389814
0.249761 -0.327804 0.384487 0.220692 -0.331324 0.389726
0.25074 -0.327696 0.384313 0.222183 -0.331157 0.389462
0.251719 -0.327587 0.384139 0.223178 -0.331045 0.389285
0.252698 -0.327478 0.383965 0.224175 -0.330934 0.389109
0.253676 -0.327369 0.383791 0.225175 -0.330822 0.388931
0.254655 -0.327261 0.383617 0.226175 -0.33071 0.388754
0.255634 -0.327152 0.383443 0.227174 -0.330598 0.388577
0.256613 -0.327043 0.383269 0.228171 -0.330487 0.388401
0.257591 -0.326934 0.383095 0.229167 -0.330375 0.388224
0.25857 -0.326826 0.382921 0.230161 -0.330264 0.388048
0.259549 -0.326717 0.382747 0.231153 -0.330153 0.387872
0.260527 -0.326608 0.382573 0.232143 -0.330042 0.387697
0.261506 -0.326499 0.382399 0.233132 -0.329931 0.387521
0.262485 -0.326391 0.382225 0.23412 -0.32982 0.387346
0.263464 -0.326282 0.382051 0.235106 -0.329709 0.387171
0.264442 -0.326173 0.381877 0.236092 -0.329598 0.386997
0.265421 -0.326064 0.381703 0.237076 -0.329488 0.386822
0.2664 -0.325956 0.381529 0.238059 -0.329377 0.386648
0.267378 -0.325847 0.381355 0.239042 -0.329267 0.386473
0.268357 -0.325738 0.381181 0.240023 -0.329156 0.386299
0.269336 -0.325629 0.381007 0.241005 -0.329046 0.386125
0.270315 -0.325521 0.380833 0.241985 -0.328936 0.385952
0.271293 -0.325412 0.380659 0.242965 -0.328826 0.385778
0.272272 -0.325303 0.380485 0.243944 -0.328716 0.385604
0.273251 -0.325194 0.380311 0.244923 -0.328606 0.385431
0.27423 -0.325086 0.380137 0.245902 -0.328497 0.385257
0.275208 -0.324977 0.379963 0.24688 -0.328387 0.385084
0.276187 -0.324868 0.379789 0.247858 -0.328277 0.38491
0.277166 -0.324759 0.379615 0.248835 -0.328168 0.384737
0.278144 -0.324651 0.379441 0.249813 -0.328058 0.384564
0.279123 -0.324542 0.379267 0.250791 -0.327948 0.38439
0.280102 -0.324433 0.379093 0.251768 -0.327839 0.384217
0.281081 -0.324324 0.378919 0.252746 -0.32773 0.384044
0.282059 -0.324216 0.378745 0.253723 -0.32762 0.383871
0.283038 -0.324107 0.378571 0.2547 -0.327511 0.383697
0.284017 -0.323998 0.378397 0.255677 -0.327401 0.383524
0.284996 -0.323889 0.378223 0.256654 -0.327292 0.383351
0.285974 -0.323781 0.378049 0.25763 -0.327183 0.383178
0.286953 -0.323672 0.377875 0.258607 -0.327074 0.383005
0.287932 -0.323563 0.377701 0.259584 -0.326964 0.382832
0.28891 -0.323454 0.377527 0.260561 -0.326855 0.382659
0.289889 -0.323346 0.377353 0.261538 -0.326746 0.382486
0.290868 -0.323237 0.377179 0.262515 -0.326637 0.382313
0.291847 -0.323128 0.377005 0.263493 -0.326528 0.382139
0.292825 -0.323019 0.376831 0.26447 -0.326418 0.381966
0.293804 -0.322911 0.376657 0.265448 -0.326309 0.381793
0.294783 -0.322802 0.376483 0.266426 -0.3262 0.38162
0.295761 -0.322693 0.376309 0.267403 -0.326091 0.381446
0.29674 -0.322584 0.376135 0.268381 -0.325982 0.381273
0.297719 -0.322476 0.375961 0.269359 -0.325873 0.3811
0.298698 -0.322367 0.375787 0.270338 -0.325763 0.380926
0.299676 -0.322258 0.375613 0.27132 -0.325654 0.380753
0.300655 -0.322149 0.375439 0.272302 -0.325544 0.380579
0.301634 -0.322041 0.375265 0.273284 -0.325435 0.380405
0.302613 -0.321932 0.375091 0.274266 -0.325326 0.380231
0.303591 -0.321823 0.374917 0.275246 -0.325216 0.380057
0.30457 -0.321714 0.374743 0.276227 -0.325107 0.379883
0.305549 -0.321606 0.374569 0.277207 -0.324998 0.37971
0.306527 -0.321497 0.374395 0.278186 -0.324888 0.379536
0.307506 -0.321388 0.374221 0.279166 -0.324779 0.379363
0.308485 -0.321279 0.374047 0.280145 -0.32467 0.379189
0.309464 -0.321171 0.373873 0.281124 -0.32456 0.379016
0.310442 -0.321062 0.373699 0.28308 -0.324342 0.378669
0.311421 -0.320953 0.373525 0.284059 -0.324233 0.378496
0.3124 -0.320844 0.373351 0.285037 -0.324123 0.378322
0.313378 -0.320736 0.373177 0.286014 -0.324014 0.378149
0.314357 -0.320627 0.373003 0.28699 -0.323905 0.377976
0.315336 -0.320518 0.372829 0.287965 -0.323796 0.377803
0.316315 -0.320409 0.372655 0.288938 -0.323687 0.377631
0.317293 -0.320301 0.372481 0.28991 -0.323578 0.377458
0.318272 -0.320192 0.372307 0.290882 -0.32347 0.377286
0.319251 -0.320083 0.372133 0.291851 -0.323361 0.377114
0.32023 -0.319974 0.371959 0.292817 -0.323253 0.376942
0.321208 -0.319866 0.371785 0.293781 -0.323144 0.376771
0.322187 -0.319757 0.371611 0.294742 -0.323036 0.376601
0.323166 -0.319648 0.371437 0.295703 -0.322929 0.37643
0.324144 -0.31954 0.371263 0.296664 -0.322821 0.376259
0.325123 -0.319431 0.371089 0.297625 -0.322713 0.376089
0.326102 -0.319322 0.370915 0.298585 -0.322605 0.375918
0.327081 -0.319213 0.370741 0.299545 -0.322498 0.375748
0.328059 -0.319105 0.370567 0.300502 -0.32239 0.375578
0.329038 -0.318996 0.370393 0.301459 -0.322283 0.375408
0.330017 -0.318887 0.370219 0.302415 -0.322176 0.375238
0.330996 -0.318778 0.370045 0.303371 -0.322068 0.375069
0.331974 -0.31867 0.369871 0.304325 -0.321961 0.374899
0.332953 -0.318561 0.369697 0.30528 -0.321854 0.37473
0.333932 -0.318452 0.369523 0.306233 -0.321747 0.374561
0.33491 -0.318343 0.369349 0.307187 -0.321641 0.374391
0.335889 -0.318235 0.369175 0.308142 -0.321534 0.374222
0.336868 -0.318126 0.369001 0.309097 -0.321427 0.374052
0.337847 -0.318017 0.368827 0.310051 -0.32132 0.373883
0.338825 -0.317908 0.368653 0.311006 -0.321213 0.373714
0.339804 -0.3178 0.368479 0.311961 -0.321106 0.373544
0.340783 -0.317691 0.368305 0.312918 -0.321 0.373375
0.341761 -0.317582 0.368131 0.313877 -0.320893 0.373205
0.34274 -0.317473 0.367957 0.314837 -0.320786 0.373034
0.343719 -0.317365 0.367783 0.315799 -0.320678 0.372864
0.344698 -0.317256 0.367609 0.316761 -0.320571 0.372694
0.345676 -0.317147 0.367435 0.317722 -0.320464 0.372523
0.346655 -0.317038 0.367261 0.318684 -0.320357 0.372353
0.347634 -0.31693 0.367087 0.319645 -0.32025 0.372182
0.348613 -0.316821 0.366913 0.320607 -0.320143 0.372012
0.349591 -0.316712 0.366739 0.321569 -0.320035 0.371841
0.35057 -0.316603 0.366565 0.322532 -0.319928 0.371671
0.351549 -0.316495 0.366391 0.323494 -0.319821 0.3715
0.352527 -0.316386 0.366217 0.324457 -0.319713 0.37133
0.353506 -0.316277 0.366043 0.325421 -0.319606 0.371159
0.354485 -0.316168 0.365869 0.326386 -0.319499 0.370988
0.355464 -0.31606 0.365695 0.327351 -0.319391 0.370817
0.356442 -0.315951 0.365521 0.327833 -0.319337 0.370731
0.357421 -0.315842 0.365347 0.328316 -0.319284 0.370646
0.3584 -0.315733 0.365173 0.330727 -0.319015 0.370218
0.359378 -0.315625 0.364999 0.33169 -0.318908 0.370048
0.360357 -0.315516 0.364825 0.332653 -0.3188 0.369877
0.361336 -0.315407 0.364651 0.333617 -0.318693 0.369706
0.362315 -0.315298 0.364477 0.334582 -0.318585 0.369535
0.363293 -0.31519 0.364303 0.335548 -0.318478 0.369364
0.364272 -0.315081 0.364129 0.336514 -0.31837 0.369193
0.365251 -0.314972 0.363955 0.337481 -0.318262 0.369021
0.36623 -0.314863 0.363781 0.338449 -0.318155 0.36885
0.367208 -0.314755 0.363607 0.339418 -0.318047 0.368678
0.368187 -0.314646 0.363433 0.340387 -0.317939 0.368506
0.369166 -0.314537 0.363259 0.341356 -0.317831 0.368335
0.370144 -0.314428 0.363085 0.342327 -0.317723 0.368163
0.371123 -0.31432 0.362911 0.343297 -0.317615 0.367991
0.372102 -0.314211 0.362737 0.344269 -0.317507 0.367818
0.373081 -0.314102 0.362563 0.345241 -0.317398 0.367646
0.374059 -0.313993 0.362389 0.346213 -0.31729 0.367474
0.375038 -0.313885 0.362215 0.347186 -0.317182 0.367302
0.376017 -0.313776 0.362041 0.348159 -0.317074 0.367129
0.376996 -0.313667 0.361867 0.349133 -0.316965 0.366957
0.377974 -0.313558 0.361693 0.350107 -0.316857 0.366784
0.378953 -0.31345 0.361519 0.351081 -0.316748 0.366611
0.379932 -0.313341 0.361345 0.352056 -0.31664 0.366439
0.38091 -0.313232 0.361171 0.353031 -0.316531 0.366266
0.381889 -0.313123 0.360997 0.354006 -0.316423 0.366093
0.382868 -0.313015 0.360823 0.354982 -0.316314 0.36592
0.383847 -0.312906 0.360649 0.355957 -0.316205 0.365747
0.384825 -0.312797 0.360476 0.356933 -0.316097 0.365574
0.385804 -0.312688 0.360302 0.35791 -0.315988 0.365401
0.386783 -0.31258 0.360128 0.358886 -0.315879 0.365228
0.387761 -0.312471 0.359954 0.359863 -0.31577 0.365055
0.38874 -0.312362 0.35978 0.36084 -0.315661 0.364881
0.389719 -0.312253 0.359606 0.361817 -0.315553 0.364708
0.390698 -0.312145 0.359432 0.362795 -0.315444 0.364535
0.391676 -0.312036 0.359258 0.363772 -0.315335 0.364362
0.392655 -0.311927 0.359084 0.36475 -0.315226 0.364188
0.393634 -0.311818 0.35891 0.365727 -0.315117 0.364015
0.394613 -0.31171 0.358736 0.366705 -0.315008 0.363841
0.395591 -0.311601 0.358562 0.367683 -0.314899 0.363668
0.39657 -0.311492 0.358388 0.368661 -0.31479 0.363495
0.397549 -0.311383 0.358214 0.36964 -0.314681 0.363321
0.398527 -0.311275 0.35804 0.370618 -0.314572 0.363148
0.399506 -0.311166 0.357866 0.371596 -0.314463 0.362974
0.400485 -0.311057 0.357692 0.372573 -0.314354 0.362801
0.401464 -0.310948 0.357518 0.373548 -0.314245 0.362628
0.402442 -0.31084 0.357344 0.374519 -0.314136 0.362455
0.403421 -0.310731 0.35717 0.37549 -0.314028 0.362283
0.4044 -0.310622 0.356996 0.376462 -0.313919 0.36211
0.405378 -0.310514 0.356822 0.377435 -0.313811 0.361937
0.406357 -0.310405 0.356648 0.378409 -0.313702 0.361764
0.407336 -0.310296 0.356474 0.378896 -0.313647 0.361678
0.408315 -0.310187 0.3563 0.380359 -0.313484 0.361418
0.409293 -0.310079 0.356126 0.381335 -0.313375 0.361245
0.410272 -0.30997 0.355952 0.382311 -0.313267 0.361072
0.411251 -0.309861 0.355778 0.383283 -0.313158 0.360899
0.41223 -0.309752 0.355604 0.384254 -0.31305 0.360727
0.413208 -0.309644 0.35543 0.385224 -0.312941 0.360555
0.414187 -0.309535 0.355256 0.386196 -0.312833 0.360382
0.415166 -0.309426 0.355082 0.386683 -0.312778 0.360296
0.416144 -0.309317 0.354908 0.388143 -0.312615 0.360036
0.417123 -0.309209 0.354734 0.389119 -0.312507 0.359863
0.418102 -0.3091 0.35456 0.390095 -0.312398 0.35969
0.419081 -0.308991 0.354386 0.391072 -0.312289 0.359517
0.420059 -0.308882 0.354212 0.392049 -0.31218 0.359343
0.421038 -0.308774 0.354038 0.393028 -0.312071 0.35917
0.422017 -0.308665 0.353864 0.394007 -0.311962 0.358996
0.422996 -0.308556 0.35369 0.394986 -0.311853 0.358823
0.423974 -0.308447 0.353516 0.395966 -0.311744 0.358649
0.424953 -0.308339 0.353342 0.396946 -0.311635 0.358475
0.425932 -0.30823 0.353168 0.397927 -0.311526 0.358301
0.42691 -0.308121 0.352994 0.398908 -0.311416 0.358127
0.427889 -0.308012 0.35282 0.399889 -0.311307 0.357953
0.428868 -0.307904 0.352646 0.400871 -0.311198 0.357779
0.429847 -0.307795 0.352472 0.401853 -0.311089 0.357605
0.430825 -0.307686 0.352298 0.402834 -0.310979 0.357431
0.431804 -0.307577 0.352124 0.403816 -0.31087 0.357257
0.432783 -0.307469 0.35195 0.404798 -0.310761 0.357082
0.433761 -0.30736 0.351776 0.40578 -0.310651 0.356908
0.43474 -0.307251 0.351602 0.406762 -0.310542 0.356734
0.435719 -0.307142 0.351428 0.407744 -0.310432 0.35656
0.436698 -0.307034 0.351254 0.408726 -0.310323 0.356386
0.437676 -0.306925 0.35108 0.409708 -0.310214 0.356211
0.438655 -0.306816 0.350906 0.41069 -0.310104 0.356037
0.439634 -0.306707 0.350732 0.411672 -0.309995 0.355863
0.440613 -0.306599 0.350558 0.412654 -0.309885 0.355688
0.441591 -0.30649 0.350384 0.413636 -0.309776 0.355514
0.44257 -0.306381 0.35021 0.414618 -0.309666 0.35534
0.443549 -0.306272 0.350036 0.4156 -0.309557 0.355166
0.444527 -0.306164 0.349862 0.416091 -0.309502 0.355079
0.445506 -0.306055 0.349688 0.417563 -0.309338 0.354817
0.446485 -0.305946 0.349514 0.418545 -0.309229 0.354643
0.447464 -0.305837 0.34934 0.419526 -0.309119 0.354469
0.448442 -0.305729 0.349166 0.420507 -0.30901 0.354294
0.449421 -0.30562 0.348992 0.421489 -0.308901 0.35412
0.4504 -0.305511 0.348818 0.42247 -0.308791 0.353946
0.451379 -0.305402 0.348644 0.423451 -0.308682 0.353772
0.452357 -0.305294 0.34847 0.424922 -0.308518 0.353511
0.453336 -0.305185 0.348296 0.4259 -0.308409 0.353337
0.454315 -0.305076 0.348122 0.426875 -0.3083 0.353164
0.455293 -0.304967 0.347948 0.427845 -0.308191 0.352991
0.456272 -0.304859 0.347774 0.428813 -0.308083 0.352819
0.457251 -0.30475 0.3476 0.429778 -0.307975 0.352647
0.45823 -0.304641 0.347426 0.430744 -0.307867 0.352475
0.459208 -0.304532 0.347252 0.43171 -0.307759 0.352303
0.460187 -0.304424 0.347078 0.432677 -0.30765 0.352131
0.461166 -0.304315 0.346904 0.433643 -0.307542 0.351959
0.462144 -0.304206 0.34673 0.434127 -0.307488 0.351873
0.463123 -0.304097 0.346556 0.435094 -0.30738 0.351701
0.464102 -0.303989 0.346382 0.436061 -0.307272 0.351529
0.465081 -0.30388 0.346208 0.437508 -0.307111 0.351272
0.466059 -0.303771 0.346034 0.43799 -0.307057 0.351186
0.467038 -0.303662 0.34586 0.439433 -0.306895 0.350929
0.468017 -0.303554 0.345686 0.439913 -0.306842 0.350844
0.468996 -0.303445 0.345512 0.442315 -0.306573 0.350417
0.469974 -0.303336 0.345338 0.443275 -0.306466 0.350246
0.470953 -0.303227 0.345164 0.444234 -0.306359 0.350075
0.471932 -0.303119 0.34499 0.44519 -0.306252 0.349905
0.47291 -0.30301 0.344816 0.445667 -0.306199 0.34982
0.473889 -0.302901 0.344642 0.446616 -0.306092 0.349651
0.474868 -0.302792 0.344468 0.448503 -0.305881 0.349315
0.475847 -0.302684 0.344294 0.448973 -0.305828 0.349231
0.476825 -0.302575 0.34412 0.450377 -0.30567 0.34898
0.477804 -0.302466 0.343946 0.451311 -0.305566 0.348814
0.478783 -0.302357 0.343772 0.452243 -0.305461 0.348647
0.479761 -0.302249 0.343598 0.453175 -0.305356 0.348481
0.48074 -0.30214 0.343424 0.454106 -0.305252 0.348315
0.481719 -0.302031 0.34325 0.455037 -0.305148 0.348149
0.482698 -0.301922 0.343076 0.455968 -0.305044 0.347983
0.483676 -0.301814 0.342902 0.456899 -0.304939 0.347817
0.484655 -0.301705 0.342728 0.45783 -0.304835 0.347652
0.485634 -0.301596 0.342554 0.458762 -0.304731 0.347486
0.486613 -0.301487 0.34238 0.459695 -0.304627 0.34732
0.487591 -0.301379 0.342206 0.460629 -0.304522 0.347153
0.48857 -0.30127 0.342032 0.461564 -0.304418 0.346987
0.489549 -0.301161 0.341858 0.4625 -0.304314 0.346821
0.490527 -0.301053 0.341684 0.463437 -0.304209 0.346654
0.491506 -0.300944 0.34151 0.464375 -0.304105 0.346488
0.492485 -0.300835 0.341336 0.465314 -0.304 0.346321
0.493464 -0.300726 0.341162 0.466255 -0.303896 0.346154
0.494442 -0.300618 0.340988 0.467198 -0.303791 0.345987
0.495421 -0.300509 0.340814 0.468141 -0.303686 0.345819
0.4964 -0.3004 0.34064 0.469086 -0.303581 0.345652
0.497379 -0.300291 0.340466 0.470033 -0.303476 0.345484
0.498357 -0.300183 0.340292 0.47098 -0.303371 0.345316
0.499336 -0.300074 0.340118 0.471929 -0.303265 0.345148
0.500315 -0.299965 0.339944 0.47288 -0.30316 0.344979
0.499336 -0.300074 0.340118 0.473831 -0.303054 0.344811
0.500315 -0.299965 0.339944 0.474784 -0.302948 0.344642
0.499336 -0.300074 0.340118 0.475738 -0.302843 0.344473
0.500315 -0.299965 0.339944 0.476691 -0.302737 0.344304
0.499336 -0.300074 0.340118 0.477639 -0.302631 0.344136
0.500315 -0.299965 0.339944 0.478577 -0.302527 0.343969
0.499336 -0.300074 0.340118 0.479503 -0.302423 0.343804
0.500315 -0.299965 0.339944 0.480413 -0.302321 0.343641
0.499336 -0.300074 0.340118 0.481306 -0.30222 0.343481
0.500315 -0.299965 0.339944 0.482178 -0.302121 0.343324
0.499336 -0.300074 0.340118 0.483029 -0.302024 0.34317
0.500315 -0.299965 0.339944 0.483857 -0.301929 0.34302
0.499336 -0.300074 0.340118 0.48466 -0.301836 0.342874
0.500315 -0.299965 0.339944 0.485439 -0.301746 0.342732
0.499336 -0.300074 0.340118 0.486191 -0.301659 0.342594
0.500315 -0.299965 0.339944 0.486917 -0.301574 0.34246
0.499336 -0.300074 0.340118 0.487616 -0.301492 0.342331
0.500315 -0.299965 0.339944 0.488288 -0.301412 0.342206
0.499336 -0.300074 0.340118 0.488934 -0.301336 0.342086
0.500315 -0.299965 0.339944 0.489553 -0.301262 0.341971
0.499336 -0.300074 0.340118 0.490145 -0.301191 0.34186
0.500315 -0.299965 0.339944 0.490711 -0.301123 0.341754
0.499336 -0.300074 0.340118 0.491251 -0.301058 0.341652
0.500315 -0.299965 0.339944 0.491766 -0.300996 0.341555
0.499336 -0.300074 0.340118 0.492256 -0.300936 0.341463
0.500315 -0.299965 0.339944 0.492722 -0.30088 0.341374
0.499336 -0.300074 0.340118 0.492947 -0.300852 0.341332
0.500315 -0.299965 0.339944 0.493586 -0.300774 0.34121
0.499336 -0.300074 0.340118 0.493988 -0.300725 0.341134
0.500315 -0.299965 0.339944 0.494372 -0.300678 0.341061
0.499336 -0.300074 0.340118 0.494735 -0.300633 0.340992
0.500315 -0.299965 0.339944 0.495077 -0.300591 0.340926
0.499336 -0.300074 0.340118 0.4954 -0.300552 0.340865
0.500315 -0.299965 0.339944 0.495847 -0.300497 0.340779
0.499336 -0.300074 0.340118 0.496123 -0.300463 0.340726
0.500315 -0.299965 0.339944 0.496382 -0.300431 0.340677
0.499336 -0.300074 0.340118 0.496624 -0.300401 0.34063
0.500315 -0.299965 0.339944 0.496853 -0.300372 0.340586
0.499336 -0.300074 0.340118 0.497072 -0.300345 0.340545
0.500315 -0.299965 0.339944 0.49728 -0.30032 0.340505
0.499336 -0.300074 0.340118 0.497477 -0.300296 0.340467
0.500315 -0.299965 0.339944 0.497664 -0.300273 0.340432
0.499336 -0.300074 0.340118 0.49784 -0.300251 0.340398
0.500315 -0.299965 0.339944 0.498006 -0.300231 0.340366
0.499336 -0.300074 0.340118 0.498161 -0.300212 0.340337
0.500315 -0.299965 0.339944 0.498308 -0.300194 0.340309
0.499336 -0.300074 0.340118 0.498447 -0.300177 0.340282
0.500315 -0.299965 0.339944 0.498578 -0.300161 0.340258
0.499336 -0.300074 0.340118 0.498702 -0.300146 0.340234
0.500315 -0.299965 0.339944 0.498818 -0.300132 0.340212
0.499336 -0.300074 0.340118 0.498928 -0.300119 0.340191
0.500315 -0.299965 0.339944 0.49903 -0.300107 0.340172
