0.499829 -0.300019 0.34003 0.500809 -0.299908 0.339854
0.49885 -0.300128 0.340204 0.500809 -0.299908 0.339854
0.497872 -0.300236 0.340378 0.500809 -0.299908 0.339854
0.496893 -0.300345 0.340552 0.500809 -0.299908 0.339854
0.495914 -0.300454 0.340726 0.500806 -0.299908 0.339855
0.494936 -0.300563 0.3409 0.500798 -0.299909 0.339856
0.493957 -0.300671 0.341074 0.500779 -0.299911 0.33986
0.492978 -0.30078 0.341248 0.500725 -0.299917 0.339869
0.491999 -0.300889 0.341422 0.500668 -0.299924 0.33988
0.491021 -0.300998 0.341596 0.500633 -0.299928 0.339886
0.490042 -0.301106 0.34177 0.500545 -0.299938 0.339902
0.489063 -0.301215 0.341944 0.500493 -0.299944 0.339911
0.488084 -0.301324 0.342118 0.500226 -0.299975 0.33996
0.487106 -0.301433 0.342292 0.500054 -0.299995 0.339992
0.486127 -0.301541 0.342466 0.499859 -0.300017 0.340028
0.485148 -0.30165 0.34264 0.49964 -0.300043 0.340068
0.48417 -0.301759 0.342814 0.499396 -0.300071 0.340113
0.483191 -0.301868 0.342988 0.499124 -0.300103 0.340163
0.482212 -0.301976 0.343162 0.498496 -0.300177 0.340279
0.481233 -0.302085 0.343336 0.497952 -0.30024 0.34038
0.480255 -0.302194 0.34351 0.497557 -0.300287 0.340453
0.479276 -0.302303 0.343684 0.497351 -0.300311 0.340491
0.478297 -0.302411 0.343858 0.496925 -0.300361 0.34057
0.477319 -0.30252 0.344032 0.496705 -0.300387 0.340611
0.47634 -0.302629 0.344206 0.495776 -0.300496 0.340782
0.475361 -0.302738 0.34438 0.495532 -0.300524 0.340827
0.474382 -0.302846 0.344554 0.495029 -0.300583 0.34092
0.473404 -0.302955 0.344728 0.49451 -0.300644 0.341016
0.472425 -0.303064 0.344902 0.493974 -0.300707 0.341115
0.471446 -0.303173 0.345076 0.493421 -0.300771 0.341217
0.470467 -0.303281 0.34525 0.492847 -0.300838 0.341323
0.469489 -0.30339 0.345424 0.491949 -0.300943 0.341488
0.46851 -0.303499 0.345598 0.491326 -0.301016 0.341603
0.467531 -0.303608 0.345772 0.491008 -0.301053 0.341661
0.466553 -0.303716 0.345946 0.490358 -0.301129 0.341781
0.465574 -0.303825 0.34612 0.489351 -0.301247 0.341966
0.464595 -0.303934 0.346294 0.488659 -0.301328 0.342094
0.463616 -0.304043 0.346468 0.487952 -0.30141 0.342224
0.462638 -0.304151 0.346642 0.487592 -0.301452 0.34229
0.461659 -0.30426 0.346816 0.486862 -0.301537 0.342424
0.46068 -0.304369 0.34699 0.486118 -0.301624 0.34256
0.459702 -0.304478 0.347164 0.484976 -0.301756 0.34277
0.458723 -0.304586 0.347338 0.484198 -0.301846 0.342912
0.457744 -0.304695 0.347512 0.483409 -0.301938 0.343057
0.456765 -0.304804 0.347686 0.482608 -0.302031 0.343203
0.455787 -0.304913 0.34786 0.482203 -0.302077 0.343277
0.454808 -0.305021 0.348034 0.480973 -0.30222 0.343502
0.453829 -0.30513 0.348208 0.48014 -0.302316 0.343653
0.45285 -0.305239 0.348382 0.479298 -0.302413 0.343807
0.451872 -0.305348 0.348556 0.478873 -0.302462 0.343884
0.450893 -0.305456 0.34873 0.478017 -0.30256 0.34404
0.449914 -0.305565 0.348904 0.477153 -0.302659 0.344197
0.448936 -0.305674 0.349078 0.47628 -0.302759 0.344355
0.447957 -0.305783 0.349252 0.4754 -0.30286 0.344515
0.446978 -0.305891 0.349426 0.474512 -0.302962 0.344676
0.445999 -0.306 0.3496 0.474066 -0.303013 0.344757
0.445021 -0.306109 0.349774 0.472718 -0.303167 0.345
0.444042 -0.306218 0.349948 0.471356 -0.303322 0.345246
0.443063 -0.306326 0.350122 0.4709 -0.303374 0.345329
0.442084 -0.306435 0.350296 0.469528 -0.303529 0.345576
0.441106 -0.306544 0.35047 0.46907 -0.303581 0.345658
0.440127 -0.306653 0.350644 0.468152 -0.303685 0.345823
0.439148 -0.306761 0.350818 0.466764 -0.303842 0.346072
0.43817 -0.30687 0.350992 0.4663 -0.303895 0.346156
0.437191 -0.306979 0.351166 0.464898 -0.304053 0.346407
0.436212 -0.307088 0.35134 0.463959 -0.304159 0.346576
0.435233 -0.307196 0.351514 0.463015 -0.304265 0.346745
0.434255 -0.307305 0.351688 0.462069 -0.304372 0.346914
0.433276 -0.307414 0.351862 0.461118 -0.304479 0.347085
0.432297 -0.307523 0.352036 0.460165 -0.304586 0.347255
0.431319 -0.307631 0.35221 0.459209 -0.304694 0.347426
0.43034 -0.30774 0.352384 0.45825 -0.304802 0.347597
0.429361 -0.307849 0.352558 0.457289 -0.30491 0.347769
0.428382 -0.307958 0.352732 0.456325 -0.305018 0.347941
0.427404 -0.308066 0.352906 0.45536 -0.305126 0.348113
0.426425 -0.308175 0.35308 0.454877 -0.30518 0.3482
0.425446 -0.308284 0.353254 0.453424 -0.305343 0.348459
0.424467 -0.308393 0.353428 0.452454 -0.305452 0.348632
0.423489 -0.308501 0.353602 0.451482 -0.30556 0.348805
0.42251 -0.30861 0.353776 0.450995 -0.305615 0.348891
0.421531 -0.308719 0.35395 0.449533 -0.305778 0.349152
0.420553 -0.308827 0.354124 0.448557 -0.305888 0.349325
0.419574 -0.308936 0.354298 0.447579 -0.305997 0.349499
0.418595 -0.309045 0.354472 0.4466 -0.306106 0.349673
0.417616 -0.309154 0.354646 0.445621 -0.306215 0.349847
0.416638 -0.309262 0.35482 0.445132 -0.30627 0.349934
0.415659 -0.309371 0.354994 0.443662 -0.306434 0.350196
0.41468 -0.30948 0.355168 0.442681 -0.306543 0.35037
0.413701 -0.309589 0.355342 0.4417 -0.306653 0.350544
0.412723 -0.309697 0.355516 0.441209 -0.306707 0.350631
0.411744 -0.309806 0.35569 0.440227 -0.306817 0.350805
0.410765 -0.309915 0.355864 0.439245 -0.306926 0.35098
0.409787 -0.310024 0.356038 0.437772 -0.30709 0.351241
0.408808 -0.310132 0.356212 0.436788 -0.3072 0.351416
0.407829 -0.310241 0.356386 0.436296 -0.307255 0.351503
0.40685 -0.31035 0.35656 0.435313 -0.307364 0.351678
0.405872 -0.310459 0.356734 0.434329 -0.307474 0.351852
0.404893 -0.310567 0.356908 0.433345 -0.307583 0.352027
0.403914 -0.310676 0.357082 0.43187 -0.307747 0.352288
0.402936 -0.310785 0.357256 0.430887 -0.307857 0.352463
0.401957 -0.310894 0.35743 0.430396 -0.307911 0.35255
0.400978 -0.311002 0.357604 0.429413 -0.30802 0.352724
0.399999 -0.311111 0.357778 0.427938 -0.308184 0.352985
0.399021 -0.31122 0.357952 0.426954 -0.308294 0.35316
0.398042 -0.311329 0.358126 0.425969 -0.308403 0.353334
0.397063 -0.311437 0.3583 0.425476 -0.308458 0.353422
0.396084 -0.311546 0.358474 0.423998 -0.308623 0.353684
0.395106 -0.311655 0.358648 0.423013 -0.308732 0.353859
0.394127 -0.311764 0.358822 0.422521 -0.308787 0.353946
0.393148 -0.311872 0.358996 0.421044 -0.308951 0.354208
0.39217 -0.311981 0.35917 0.420061 -0.309061 0.354382
0.391191 -0.31209 0.359344 0.419569 -0.309116 0.354469
0.390212 -0.312199 0.359518 0.418585 -0.309225 0.354644
0.389233 -0.312307 0.359692 0.417602 -0.309334 0.354818
0.388255 -0.312416 0.359866 0.416128 -0.309498 0.355079
0.387276 -0.312525 0.36004 0.415637 -0.309553 0.355166
0.386297 -0.312634 0.360214 0.414654 -0.309662 0.35534
0.385319 -0.312742 0.360388 0.413672 -0.309771 0.355514
0.38434 -0.312851 0.360562 0.41269 -0.30988 0.355688
0.383361 -0.31296 0.360736 0.411709 -0.30999 0.355862
0.382382 -0.313069 0.36091 0.410727 -0.310099 0.356036
0.381404 -0.313177 0.361084 0.409747 -0.310208 0.35621
0.380425 -0.313286 0.361258 0.408766 -0.310317 0.356384
0.379446 -0.313395 0.361432 0.407296 -0.310481 0.356645
0.378467 -0.313504 0.361606 0.406315 -0.31059 0.356818
0.377489 -0.313612 0.36178 0.405336 -0.310699 0.356992
0.37651 -0.313721 0.361954 0.404356 -0.310808 0.357166
0.375531 -0.31383 0.362128 0.403866 -0.310862 0.357253
0.374553 -0.313939 0.362302 0.402886 -0.310971 0.357426
0.373574 -0.314047 0.362476 0.401907 -0.31108 0.3576
0.372595 -0.314156 0.36265 0.400927 -0.311189 0.357774
0.371616 -0.314265 0.362824 0.399947 -0.311298 0.357947
0.370638 -0.314374 0.362998 0.399458 -0.311353 0.358034
0.369659 -0.314482 0.363172 0.397989 -0.311516 0.358295
0.36868 -0.314591 0.363346 0.39701 -0.311625 0.358468
0.367701 -0.3147 0.36352 0.39603 -0.311734 0.358642
0.366723 -0.314809 0.363694 0.395049 -0.311844 0.358816
0.365744 -0.314917 0.363868 0.394067 -0.311953 0.35899
0.364765 -0.315026 0.364042 0.393087 -0.312062 0.359164
0.363787 -0.315135 0.364216 0.392106 -0.312172 0.359338
0.362808 -0.315244 0.36439 0.391126 -0.312281 0.359512
0.361829 -0.315352 0.364564 0.390147 -0.31239 0.359686
0.36085 -0.315461 0.364738 0.389167 -0.312499 0.35986
0.359872 -0.31557 0.364912 0.388188 -0.312608 0.360034
0.358893 -0.315679 0.365086 0.38721 -0.312717 0.360207
0.357914 -0.315787 0.36526 0.386231 -0.312826 0.360381
0.356936 -0.315896 0.365434 0.385253 -0.312935 0.360554
0.355957 -0.316005 0.365608 0.384275 -0.313044 0.360728
0.354978 -0.316114 0.365782 0.383297 -0.313153 0.360901
0.353999 -0.316222 0.365956 0.382318 -0.313263 0.361075
0.353021 -0.316331 0.36613 0.381339 -0.313372 0.361249
0.352042 -0.31644 0.366304 0.38036 -0.313481 0.361423
0.351063 -0.316549 0.366478 0.37987 -0.313536 0.361509
0.350084 -0.316657 0.366652 0.378401 -0.313699 0.36177
0.349106 -0.316766 0.366826 0.377912 -0.313754 0.361857
0.348127 -0.316875 0.367 0.376444 -0.313918 0.362117
0.347148 -0.316984 0.367174 0.375955 -0.313972 0.362204
0.34617 -0.317092 0.367348 0.375465 -0.314027 0.362291
0.345191 -0.317201 0.367522 0.374486 -0.314136 0.362465
0.344212 -0.31731 0.367696 0.373996 -0.31419 0.362552
0.343233 -0.317419 0.36787 0.371056 -0.314519 0.363073
0.342255 -0.317527 0.368044 0.370076 -0.314628 0.363247
0.341276 -0.317636 0.368218 0.369097 -0.314737 0.363421
0.340297 -0.317745 0.368392 0.368118 -0.314846 0.363595
0.339319 -0.317853 0.368566 0.367139 -0.314955 0.363768
0.33834 -0.317962 0.36874 0.366161 -0.315064 0.363942
0.337361 -0.318071 0.368914 0.365182 -0.315173 0.364115
0.336382 -0.31818 0.369088 0.364204 -0.315282 0.364289
0.335404 -0.318288 0.369262 0.363226 -0.315392 0.364462
0.334425 -0.318397 0.369436 0.362249 -0.315501 0.364636
0.333446 -0.318506 0.36961 0.361271 -0.31561 0.364809
0.332467 -0.318615 0.369784 0.360293 -0.315719 0.364983
0.331489 -0.318723 0.369958 0.359316 -0.315828 0.365156
0.33051 -0.318832 0.370132 0.358338 -0.315937 0.365329
0.329531 -0.318941 0.370306 0.357361 -0.316046 0.365503
0.328553 -0.31905 0.37048 0.356383 -0.316155 0.365676
0.327574 -0.319158 0.370654 0.355406 -0.316264 0.365849
0.326595 -0.319267 0.370828 0.354428 -0.316372 0.366023
0.325616 -0.319376 0.371002 0.353451 -0.316481 0.366196
0.324638 -0.319485 0.371176 0.352474 -0.31659 0.366369
0.323659 -0.319593 0.37135 0.351496 -0.3167 0.366543
0.32268 -0.319702 0.371524 0.350519 -0.316809 0.366716
0.321701 -0.319811 0.371698 0.349541 -0.316918 0.36689
0.320723 -0.31992 0.371872 0.348563 -0.317027 0.367063
0.319744 -0.320028 0.372046 0.347585 -0.317136 0.367237
0.318765 -0.320137 0.372219 0.346608 -0.317245 0.36741
0.317787 -0.320246 0.372393 0.34563 -0.317354 0.367583
0.316808 -0.320355 0.372567 0.344652 -0.317463 0.367757
0.315829 -0.320463 0.372741 0.343674 -0.317572 0.36793
0.31485 -0.320572 0.372915 0.342697 -0.317681 0.368104
0.313872 -0.320681 0.373089 0.341719 -0.31779 0.368277
0.312893 -0.32079 0.373263 0.340741 -0.3179 0.36845
0.311914 -0.320898 0.373437 0.339763 -0.318009 0.368624
0.310936 -0.321007 0.373611 0.338785 -0.318118 0.368797
0.309957 -0.321116 0.373785 0.337807 -0.318227 0.368971
0.308978 -0.321225 0.373959 0.336829 -0.318336 0.369144
0.307999 -0.321333 0.374133 0.335851 -0.318445 0.369318
0.307021 -0.321442 0.374307 0.334873 -0.318554 0.369491
0.306042 -0.321551 0.374481 0.333895 -0.318664 0.369665
0.305063 -0.32166 0.374655 0.332917 -0.318773 0.369838
0.304084 -0.321768 0.374829 0.332427 -0.318827 0.369925
0.303106 -0.321877 0.375003 0.331938 -0.318882 0.370012
0.302127 -0.321986 0.375177 0.329981 -0.319101 0.370359
0.301148 -0.322095 0.375351 0.329003 -0.31921 0.370532
0.30017 -0.322203 0.375525 0.328025 -0.319319 0.370706
0.299191 -0.322312 0.375699 0.327048 -0.319428 0.370879
0.298212 -0.322421 0.375873 0.32607 -0.319537 0.371052
0.297233 -0.32253 0.376047 0.325092 -0.319646 0.371226
0.296255 -0.322638 0.376221 0.324114 -0.319755 0.371399
0.295276 -0.322747 0.376395 0.323625 -0.31981 0.371486
0.294297 -0.322856 0.376569 0.322158 -0.319974 0.371746
0.293319 -0.322965 0.376743 0.321181 -0.320083 0.371919
0.29234 -0.323073 0.376917 0.320203 -0.320192 0.372093
0.291361 -0.323182 0.377091 0.319225 -0.320301 0.372266
0.290382 -0.323291 0.377265 0.318246 -0.32041 0.37244
0.289404 -0.3234 0.377439 0.317267 -0.32052 0.372613
0.288425 -0.323508 0.377613 0.316288 -0.320629 0.372787
0.287446 -0.323617 0.377787 0.31531 -0.320738 0.37296
0.286467 -0.323726 0.377961 0.314331 -0.320847 0.373134
0.285489 -0.323835 0.378135 0.313352 -0.320957 0.373308
0.28451 -0.323943 0.378309 0.312373 -0.321066 0.373481
0.283531 -0.324052 0.378483 0.311395 -0.321175 0.373655
0.282553 -0.324161 0.378657 0.310416 -0.321285 0.373828
0.281574 -0.32427 0.378831 0.309437 -0.321394 0.374002
0.280595 -0.324378 0.379005 0.308948 -0.321448 0.374088
0.279616 -0.324487 0.379179 0.30748 -0.321612 0.374349
0.278638 -0.324596 0.379353 0.306501 -0.321722 0.374522
0.277659 -0.324705 0.379527 0.305522 -0.321831 0.374696
0.27668 -0.324813 0.379701 0.304544 -0.32194 0.374869
0.275701 -0.324922 0.379875 0.303565 -0.322049 0.375043
0.274723 -0.325031 0.380049 0.302587 -0.322159 0.375216
0.273744 -0.32514 0.380223 0.300631 -0.322377 0.375563
0.272765 -0.325248 0.380397 0.299165 -0.322541 0.375823
0.271787 -0.325357 0.380571 0.298677 -0.322595 0.375909
0.270808 -0.325466 0.380745 0.297705 -0.322703 0.376081
0.269829 -0.325575 0.380919 0.296738 -0.322811 0.376253
0.26885 -0.325683 0.381093 0.295774 -0.322918 0.376423
0.267872 -0.325792 0.381267 0.294813 -0.323024 0.376593
0.266893 -0.325901 0.381441 0.293377 -0.323183 0.376847
0.265914 -0.32601 0.381615 0.292899 -0.323236 0.376932
0.264936 -0.326118 0.381789 0.291945 -0.323342 0.3771
0.263957 -0.326227 0.381963 0.290516 -0.3235 0.377353
0.262978 -0.326336 0.382137 0.289564 -0.323605 0.377521
0.261999 -0.326445 0.382311 0.288614 -0.323711 0.377689
0.261021 -0.326553 0.382485 0.287664 -0.323816 0.377857
0.260042 -0.326662 0.382659 0.28719 -0.323868 0.377941
0.259063 -0.326771 0.382833 0.286241 -0.323974 0.378109
0.258084 -0.32688 0.383007 0.28482 -0.324131 0.37836
0.257106 -0.326988 0.383181 0.283872 -0.324237 0.378528
0.256127 -0.327097 0.383355 0.282925 -0.324342 0.378696
0.255148 -0.327206 0.383529 0.28198 -0.324446 0.378863
0.25417 -0.327314 0.383703 0.281037 -0.324551 0.37903
0.253191 -0.327423 0.383877 0.280093 -0.324656 0.379197
0.252212 -0.327532 0.384051 0.279151 -0.32476 0.379363
0.251233 -0.327641 0.384225 0.27868 -0.324813 0.379447
0.250255 -0.327749 0.384399 0.27727 -0.324969 0.379696
0.249276 -0.327858 0.384573 0.276329 -0.325074 0.379863
0.248297 -0.327967 0.384747 0.275386 -0.325179 0.38003
0.247319 -0.328076 0.384921 0.274442 -0.325284 0.380197
0.24634 -0.328184 0.385095 0.273497 -0.325389 0.380364
0.245361 -0.328293 0.385269 0.27255 -0.325495 0.380532
0.244382 -0.328402 0.385443 0.271601 -0.325601 0.3807
0.243404 -0.328511 0.385617 0.270652 -0.325707 0.380869
0.242425 -0.328619 0.385791 0.269702 -0.325813 0.381037
0.241446 -0.328728 0.385965 0.268754 -0.325919 0.381205
0.240467 -0.328837 0.386139 0.267806 -0.326025 0.381373
0.239489 -0.328946 0.386313 0.266855 -0.326131 0.381542
0.23851 -0.329054 0.386487 0.265902 -0.326238 0.381711
0.237531 -0.329163 0.386661 0.264947 -0.326345 0.38188
0.236553 -0.329272 0.386835 0.26399 -0.326453 0.38205
0.235574 -0.329381 0.387009 0.26303 -0.32656 0.382221
0.234595 -0.329489 0.387183 0.262069 -0.326668 0.382391
0.233616 -0.329598 0.387357 0.261105 -0.326777 0.382562
0.232638 -0.329707 0.387531 0.260141 -0.326885 0.382733
0.231659 -0.329816 0.387705 0.259658 -0.326939 0.382819
0.23068 -0.329924 0.387879 0.258207 -0.327103 0.383077
0.229701 -0.330033 0.388053 0.257238 -0.327212 0.383249
0.228723 -0.330142 0.388227 0.256753 -0.327266 0.383335
0.227744 -0.330251 0.388401 0.255295 -0.32743 0.383594
0.226765 -0.330359 0.388575 0.254322 -0.32754 0.383766
0.225787 -0.330468 0.388749 0.253348 -0.327649 0.383939
0.224808 -0.330577 0.388923 0.252861 -0.327704 0.384026
0.223829 -0.330686 0.389097 0.251886 -0.327814 0.384199
0.22285 -0.330794 0.389271 0.25091 -0.327923 0.384372
0.221872 -0.330903 0.389445 0.249444 -0.328088 0.384632
0.220893 -0.331012 0.389619 0.248466 -0.328198 0.384806
0.219914 -0.331121 0.389793 0.247487 -0.328308 0.38498
0.218936 -0.331229 0.389967 0.246507 -0.328418 0.385153
0.217957 -0.331338 0.390141 0.246017 -0.328473 0.38524
0.216978 -0.331447 0.390315 0.245037 -0.328583 0.385414
0.215999 -0.331556 0.390489 0.244056 -0.328693 0.385588
0.215021 -0.331664 0.390663 0.243075 -0.328803 0.385762
0.214042 -0.331773 0.390837 0.242094 -0.328913 0.385936
0.213063 -0.331882 0.391011 0.241113 -0.329023 0.38611
0.212084 -0.331991 0.391185 0.240131 -0.329133 0.386284
0.211106 -0.332099 0.391359 0.239149 -0.329244 0.386458
0.210127 -0.332208 0.391533 0.238167 -0.329354 0.386633
0.209148 -0.332317 0.391707 0.237184 -0.329464 0.386807
0.20817 -0.332426 0.391881 0.236201 -0.329574 0.386981
0.207191 -0.332534 0.392055 0.23571 -0.329629 0.387068
0.206212 -0.332643 0.392229 0.234235 -0.329794 0.38733
0.205233 -0.332752 0.392403 0.233252 -0.329904 0.387504
0.204255 -0.332861 0.392577 0.232268 -0.330014 0.387678
0.203276 -0.332969 0.392751 0.231284 -0.330124 0.387853
0.202297 -0.333078 0.392925 0.230301 -0.330234 0.388027
0.201318 -0.333187 0.393099 0.229317 -0.330344 0.388201
0.20034 -0.333296 0.393273 0.228333 -0.330454 0.388376
0.199361 -0.333404 0.393447 0.227349 -0.330564 0.38855
0.198382 -0.333513 0.393621 0.226366 -0.330674 0.388724
0.197404 -0.333622 0.393795 0.224891 -0.330839 0.388986
0.196425 -0.333731 0.393969 0.224399 -0.330894 0.389073
0.195446 -0.333839 0.394143 0.222924 -0.331058 0.389334
0.194467 -0.333948 0.394317 0.222433 -0.331113 0.389421
0.193489 -0.334057 0.394491 0.221451 -0.331223 0.389595
0.19251 -0.334166 0.394665 0.220469 -0.331332 0.389769
0.191531 -0.334274 0.394839 0.219979 -0.331387 0.389856
0.190553 -0.334383 0.395013 0.218017 -0.331606 0.390203
0.189574 -0.334492 0.395187 0.217036 -0.331715 0.390377
0.188595 -0.334601 0.395361 0.216056 -0.331824 0.39055
0.187616 -0.334709 0.395535 0.215076 -0.331934 0.390724
0.186638 -0.334818 0.395709 0.214586 -0.331988 0.390811
0.185659 -0.334927 0.395883 0.213607 -0.332097 0.390984
0.18468 -0.335036 0.396057 0.212627 -0.332207 0.391158
0.183701 -0.335144 0.396231 0.211648 -0.332316 0.391331
0.182723 -0.335253 0.396405 0.210179 -0.332479 0.391591
0.181744 -0.335362 0.396579 0.209689 -0.332534 0.391678
0.180765 -0.335471 0.396753 0.20871 -0.332643 0.391851
0.179787 -0.335579 0.396927 0.20773 -0.332752 0.392025
0.178808 -0.335688 0.397101 0.206751 -0.332862 0.392198
0.177829 -0.335797 0.397275 0.205772 -0.332971 0.392372
0.17685 -0.335906 0.397449 0.205282 -0.333025 0.392458
0.175872 -0.336014 0.397623 0.203814 -0.333189 0.392719
0.174893 -0.336123 0.397797 0.202349 -0.333352 0.392978
0.173914 -0.336232 0.397971 0.201374 -0.333461 0.393151
0.172936 -0.33634 0.398145 0.200887 -0.333515 0.393237
0.171957 -0.336449 0.398319 0.19991 -0.333624 0.39341
0.170978 -0.336558 0.398493 0.198934 -0.333733 0.393583
0.169999 -0.336667 0.398667 0.197957 -0.333842 0.393756
0.169021 -0.336775 0.398841 0.196979 -0.333951 0.393929
0.168042 -0.336884 0.399015 0.196001 -0.33406 0.394102
0.167063 -0.336993 0.399189 0.195023 -0.334169 0.394275
0.166084 -0.337102 0.399363 0.194045 -0.334278 0.394449
0.165106 -0.33721 0.399537 0.193066 -0.334387 0.394622
0.164127 -0.337319 0.399711 0.192087 -0.334497 0.394796
0.163148 -0.337428 0.399885 0.191107 -0.334606 0.394969
0.16217 -0.337537 0.400059 0.190128 -0.334715 0.395143
0.161191 -0.337645 0.400233 0.189148 -0.334825 0.395316
0.160212 -0.337754 0.400407 0.188168 -0.334934 0.39549
0.159233 -0.337863 0.400581 0.187188 -0.335044 0.395664
0.158255 -0.337972 0.400755 0.186207 -0.335153 0.395837
0.157276 -0.33808 0.400929 0.185227 -0.335263 0.396011
0.156297 -0.338189 0.401103 0.184246 -0.335372 0.396185
0.155318 -0.338298 0.401277 0.183265 -0.335482 0.396359
0.15434 -0.338407 0.401451 0.182284 -0.335591 0.396532
0.153361 -0.338515 0.401625 0.181303 -0.335701 0.396706
0.152382 -0.338624 0.401799 0.180322 -0.33581 0.39688
0.151404 -0.338733 0.401973 0.179341 -0.33592 0.397054
0.150425 -0.338842 0.402147 0.17836 -0.336029 0.397228
0.149446 -0.33895 0.402321 0.177379 -0.336139 0.397402
0.148467 -0.339059 0.402495 0.176397 -0.336248 0.397575
0.147489 -0.339168 0.402669 0.175416 -0.336358 0.397749
0.14651 -0.339277 0.402843 0.174926 -0.336413 0.397836
0.145531 -0.339385 0.403017 0.173454 -0.336577 0.398097
0.144553 -0.339494 0.403191 0.172473 -0.336686 0.398271
0.143574 -0.339603 0.403365 0.171492 -0.336796 0.398445
0.142595 -0.339712 0.403539 0.170511 -0.336905 0.398618
0.141616 -0.33982 0.403713 0.16953 -0.337015 0.398792
0.140638 -0.339929 0.403887 0.168549 -0.337124 0.398966
0.139659 -0.340038 0.404061 0.167568 -0.337234 0.39914
0.13868 -0.340147 0.404235 0.166587 -0.337343 0.399314
0.137701 -0.340255 0.404409 0.165607 -0.337452 0.399487
0.136723 -0.340364 0.404583 0.164626 -0.337562 0.399661
0.135744 -0.340473 0.404757 0.163646 -0.337671 0.399835
0.134765 -0.340582 0.404931 0.162665 -0.33778 0.400009
0.133787 -0.34069 0.405105 0.161685 -0.33789 0.400182
0.132808 -0.340799 0.405279 0.160704 -0.337999 0.400356
0.131829 -0.340908 0.405453 0.159724 -0.338108 0.40053
0.13085 -0.341017 0.405627 0.158744 -0.338218 0.400704
0.129872 -0.341125 0.405801 0.157764 -0.338327 0.400877
0.128893 -0.341234 0.405975 0.156784 -0.338436 0.401051
0.127914 -0.341343 0.406149 0.155804 -0.338545 0.401225
0.126936 -0.341452 0.406323 0.154825 -0.338654 0.401398
0.125957 -0.34156 0.406497 0.153845 -0.338764 0.401572
0.124978 -0.341669 0.406671 0.152865 -0.338873 0.401745
0.123999 -0.341778 0.406845 0.151886 -0.338982 0.401919
0.123021 -0.341887 0.407019 0.150906 -0.339091 0.402093
0.122042 -0.341995 0.407193 0.149927 -0.3392 0.402266
0.121063 -0.342104 0.407367 0.148948 -0.339309 0.40244
0.120084 -0.342213 0.407541 0.147968 -0.339418 0.402613
0.119106 -0.342322 0.407715 0.147479 -0.339473 0.4027
0.118127 -0.34243 0.407889 0.14601 -0.339636 0.402961
0.117148 -0.342539 0.408063 0.14601 -0.339636 0.402961
0.11617 -0.342648 0.408237 0.14552 -0.339691 0.403047
0.115191 -0.342757 0.408411 0.142588 -0.340017 0.403567
0.114212 -0.342865 0.408585 0.141623 -0.340124 0.403738
0.113233 -0.342974 0.408759 0.140664 -0.34023 0.403908
0.112255 -0.343083 0.408933 0.139712 -0.340334 0.404077
0.111276 -0.343192 0.409107 0.138763 -0.340438 0.404245
0.110297 -0.3433 0.40928 0.137815 -0.340542 0.404413
0.109318 -0.343409 0.409454 0.136868 -0.340646 0.404581
0.10834 -0.343518 0.409628 0.135921 -0.34075 0.404748
0.107361 -0.343627 0.409802 0.134973 -0.340854 0.404916
0.106382 -0.343735 0.409976 0.134026 -0.340959 0.405084
0.105404 -0.343844 0.41015 0.133078 -0.341063 0.405252
0.104425 -0.343953 0.410324 0.132129 -0.341168 0.40542
0.103446 -0.344062 0.410498 0.131179 -0.341273 0.405589
0.102467 -0.34417 0.410672 0.130229 -0.341379 0.405757
0.101489 -0.344279 0.410846 0.129277 -0.341484 0.405926
0.10051 -0.344388 0.41102 0.128323 -0.34159 0.406095
0.0995313 -0.344497 0.411194 0.127845 -0.341643 0.40618
0.0985525 -0.344605 0.411368 0.126411 -0.341803 0.406434
0.0975738 -0.344714 0.411542 0.125454 -0.34191 0.406604
0.0965951 -0.344823 0.411716 0.124494 -0.342017 0.406774
0.0956164 -0.344932 0.41189 0.123534 -0.342124 0.406945
0.0946376 -0.34504 0.412064 0.122573 -0.342231 0.407115
0.0936589 -0.345149 0.412238 0.121613 -0.342338 0.407285
0.0926802 -0.345258 0.412412 0.120652 -0.342446 0.407456
0.0917015 -0.345367 0.412586 0.120171 -0.342499 0.407541
0.0907227 -0.345475 0.41276 0.119209 -0.342607 0.407712
0.089744 -0.345584 0.412934 0.117766 -0.342768 0.407968
0.0887653 -0.345693 0.413108 0.116803 -0.342875 0.408139
0.0877866 -0.345801 0.413282 0.11584 -0.342983 0.40831
0.0868078 -0.34591 0.413456 0.114876 -0.34309 0.40848
0.0858291 -0.346019 0.41363 0.113431 -0.343252 0.408737
0.0848504 -0.346128 0.413804 0.112466 -0.34336 0.408908
0.0838717 -0.346236 0.413978 0.1115 -0.343468 0.40908
0.082893 -0.346345 0.414152 0.111017 -0.343522 0.409165
0.0819142 -0.346454 0.414326 0.110049 -0.34363 0.409337
0.0809355 -0.346563 0.4145 0.108597 -0.343792 0.409595
0.0799568 -0.346671 0.414674 0.107629 -0.3439 0.409767
0.0789781 -0.34678 0.414848 0.10666 -0.344009 0.409939
0.0779993 -0.346889 0.415022 0.105691 -0.344117 0.410111
0.0770206 -0.346998 0.415196 0.105206 -0.344171 0.410197
0.0760419 -0.347106 0.41537 0.104237 -0.344279 0.410369
0.0750632 -0.347215 0.415544 0.103267 -0.344387 0.410541
0.0740844 -0.347324 0.415718 0.102297 -0.344496 0.410713
0.0731057 -0.347433 0.415892 0.101327 -0.344604 0.410885
0.072127 -0.347541 0.416066 0.0998715 -0.344766 0.411143
0.0711483 -0.34765 0.41624 0.0989007 -0.344875 0.411316
0.0701695 -0.347759 0.416414 0.0979291 -0.344983 0.411488
0.0691908 -0.347868 0.416588 0.0969568 -0.345092 0.411661
0.0682121 -0.347976 0.416762 0.0959841 -0.3452 0.411833
0.0672334 -0.348085 0.416936 0.0950112 -0.345309 0.412006
0.0662547 -0.348194 0.41711 0.0945247 -0.345363 0.412093
0.0652759 -0.348303 0.417284 0.0935516 -0.345472 0.412265
0.0642972 -0.348411 0.417458 0.0920918 -0.345634 0.412525
0.0633185 -0.34852 0.417632 0.0916051 -0.345689 0.412611
0.0623398 -0.348629 0.417806 0.0906317 -0.345797 0.412784
0.061361 -0.348738 0.41798 0.0896581 -0.345906 0.412957
0.0603823 -0.348846 0.418154 0.0886844 -0.346014 0.41313
0.0594036 -0.348955 0.418328 0.0877105 -0.346123 0.413302
0.0584249 -0.349064 0.418502 0.0872235 -0.346177 0.413389
0.0574461 -0.349173 0.418676 0.0867365 -0.346231 0.413475
0.0564674 -0.349281 0.41885 0.0847877 -0.346448 0.413821
0.0554887 -0.34939 0.419024 0.0838124 -0.346557 0.413995
0.05451 -0.349499 0.419198 0.0828369 -0.346665 0.414168
0.0535312 -0.349608 0.419372 0.0818612 -0.346774 0.414341
0.0525525 -0.349716 0.419546 0.0808856 -0.346883 0.414514
0.0515738 -0.349825 0.41972 0.0799099 -0.346991 0.414688
0.0505951 -0.349934 0.419894 0.0789342 -0.3471 0.414861
0.0496164 -0.350043 0.420068 0.0779584 -0.347209 0.415034
0.0486376 -0.350151 0.420242 0.0769826 -0.347317 0.415208
0.0476589 -0.35026 0.420416 0.0760067 -0.347426 0.415381
0.0466802 -0.350369 0.42059 0.0750308 -0.347534 0.415554
0.0457015 -0.350478 0.420764 0.0740548 -0.347643 0.415728
0.0447227 -0.350586 0.420938 0.0730787 -0.347751 0.415901
0.043744 -0.350695 0.421112 0.0721026 -0.34786 0.416075
0.0427653 -0.350804 0.421286 0.0711264 -0.347969 0.416248
0.0417866 -0.350913 0.42146 0.0701501 -0.348077 0.416421
0.0408078 -0.351021 0.421634 0.0691738 -0.348186 0.416595
0.0398291 -0.35113 0.421808 0.0681974 -0.348294 0.416768
0.0388504 -0.351239 0.421982 0.0672209 -0.348403 0.416942
0.0378717 -0.351348 0.422156 0.0662443 -0.348511 0.417115
0.0368929 -0.351456 0.42233 0.0652672 -0.34862 0.417289
0.0359142 -0.351565 0.422504 0.0642893 -0.348729 0.417463
0.0349355 -0.351674 0.422678 0.0638002 -0.348783 0.41755
0.0339568 -0.351783 0.422852 0.0618438 -0.349001 0.417897
0.0329781 -0.351891 0.423026 0.0608658 -0.349109 0.418071
0.0319993 -0.352 0.4232 0.0603769 -0.349164 0.418158
0.0310206 -0.352109 0.423374 0.0589098 -0.349327 0.418419
0.0300419 -0.352218 0.423548 0.0579316 -0.349435 0.418593
0.0290632 -0.352326 0.423722 0.0569532 -0.349544 0.418767
0.0280844 -0.352435 0.423896 0.0559746 -0.349653 0.418941
0.0271057 -0.352544 0.42407 0.0554853 -0.349707 0.419027
0.026127 -0.352653 0.424244 0.0545068 -0.349816 0.419201
0.0251483 -0.352761 0.424418 0.0535284 -0.349925 0.419375
0.0241695 -0.35287 0.424592 0.05255 -0.350034 0.419549
0.0231908 -0.352979 0.424766 0.0515717 -0.350142 0.419723
0.0222121 -0.353088 0.42494 0.0505934 -0.350251 0.419897
0.0212334 -0.353196 0.425114 0.0496154 -0.350359 0.420071
0.0202546 -0.353305 0.425288 0.0486375 -0.350468 0.420245
0.0192759 -0.353414 0.425462 0.0476597 -0.350577 0.420419
0.0182972 -0.353523 0.425636 0.046682 -0.350685 0.420593
0.0173185 -0.353631 0.42581 0.0457044 -0.350794 0.420767
0.0163398 -0.35374 0.425984 0.0447268 -0.350902 0.42094
0.015361 -0.353849 0.426158 0.0437494 -0.351011 0.421114
0.0143823 -0.353958 0.426332 0.0427719 -0.351119 0.421288
0.0134036 -0.354066 0.426506 0.0417944 -0.351228 0.421462
0.0124249 -0.354175 0.42668 0.0408167 -0.351336 0.421636
0.0114461 -0.354284 0.426854 0.0398388 -0.351445 0.42181
0.0104674 -0.354393 0.427028 0.0388608 -0.351553 0.421984
0.00948869 -0.354501 0.427202 0.037882 -0.351662 0.422158
0.00850996 -0.35461 0.427376 0.0369019 -0.351771 0.422332
0.00753124 -0.354719 0.42755 0.0359213 -0.35188 0.422507
0.00655252 -0.354827 0.427724 0.034941 -0.351989 0.422681
0.00557379 -0.354936 0.427898 0.0339611 -0.352098 0.422855
0.00459507 -0.355045 0.428072 0.0329814 -0.352207 0.42303
0.00361635 -0.355154 0.428246 0.0320019 -0.352315 0.423204
0.00263762 -0.355262 0.42842 0.0310228 -0.352424 0.423378
0.0016589 -0.355371 0.428594 0.0300438 -0.352533 0.423552
0.000680176 -0.35548 0.428768 0.0290648 -0.352641 0.423726
-0.000298548 -0.355589 0.428942 0.0280859 -0.35275 0.423901
-0.00127727 -0.355697 0.429116 0.0271073 -0.352859 0.424075
-0.00225599 -0.355806 0.42929 0.026129 -0.352967 0.424249
-0.00323472 -0.355915 0.429464 0.0251509 -0.353076 0.424423
-0.00421344 -0.356024 0.429638 0.024173 -0.353184 0.424597
-0.00519217 -0.356132 0.429812 0.0231951 -0.353292 0.424771
-0.00617089 -0.356241 0.429986 0.0222174 -0.353401 0.424945
-0.00714961 -0.35635 0.43016 0.0212398 -0.353509 0.425119
-0.00812834 -0.356459 0.430334 0.020751 -0.353563 0.425206
-0.00910706 -0.356567 0.430508 0.019285 -0.353726 0.425467
-0.0100858 -0.356676 0.430682 0.0183078 -0.353834 0.425641
-0.0110645 -0.356785 0.430856 0.0178192 -0.353889 0.425728
-0.0120432 -0.356894 0.43103 0.0163535 -0.354051 0.425989
-0.013022 -0.357002 0.431204 0.0153759 -0.35416 0.426163
-0.0140007 -0.357111 0.431378 0.0143974 -0.354268 0.426337
-0.0149794 -0.35722 0.431552 0.0134173 -0.354377 0.426512
-0.0159581 -0.357329 0.431726 0.0124368 -0.354486 0.426686
-0.0169368 -0.357437 0.4319 0.0114566 -0.354595 0.426861
-0.0179156 -0.357546 0.432074 0.0104768 -0.354704 0.427035
-0.0188943 -0.357655 0.432248 0.00949737 -0.354812 0.42721
-0.019873 -0.357764 0.432422 0.00851818 -0.354921 0.427384
-0.0208517 -0.357872 0.432596 0.00753913 -0.35503 0.427558
-0.0218305 -0.357981 0.43277 0.00656032 -0.355138 0.427733
-0.0228092 -0.35809 0.432944 0.00558186 -0.355247 0.427907
-0.0237879 -0.358199 0.433118 0.00460371 -0.355355 0.428081
-0.0247666 -0.358307 0.433292 0.00362577 -0.355464 0.428255
-0.0257454 -0.358416 0.433466 0.00264742 -0.355572 0.428429
-0.0267241 -0.358525 0.43364 0.00166822 -0.355681 0.428604
-0.0277028 -0.358634 0.433814 0.000688783 -0.35579 0.428778
-0.0286815 -0.358742 0.433988 -0.000290288 -0.355898 0.428953
-0.0296603 -0.358851 0.434162 -0.00126896 -0.356007 0.429127
-0.030639 -0.35896 0.434336 -0.00224728 -0.356115 0.429301
-0.0316177 -0.359069 0.43451 -0.00273632 -0.35617 0.429388
-0.0325964 -0.359177 0.434684 -0.00420306 -0.356332 0.42965
-0.0335751 -0.359286 0.434858 -0.00518116 -0.356441 0.429824
-0.0345539 -0.359395 0.435032 -0.00615997 -0.356549 0.429998
-0.0355326 -0.359504 0.435206 -0.00713899 -0.356658 0.430173
-0.0365113 -0.359612 0.43538 -0.00811769 -0.356767 0.430347
-0.03749 -0.359721 0.435554 -0.00909605 -0.356875 0.430521
-0.0384688 -0.35983 0.435728 -0.0100741 -0.356984 0.430696
-0.0394475 -0.359939 0.435902 -0.0110519 -0.357092 0.43087
-0.0404262 -0.360047 0.436076 -0.0120293 -0.3572 0.431044
-0.0414049 -0.360156 0.43625 -0.0130066 -0.357309 0.431218
-0.0423837 -0.360265 0.436424 -0.0139837 -0.357417 0.431392
-0.0433624 -0.360374 0.436598 -0.0149615 -0.357525 0.431567
-0.0443411 -0.360482 0.436772 -0.0159407 -0.357634 0.431741
-0.0453198 -0.360591 0.436946 -0.0169204 -0.357743 0.431916
-0.0462986 -0.3607 0.43712 -0.0178997 -0.357852 0.43209
-0.0472773 -0.360809 0.437294 -0.0188785 -0.35796 0.432265
-0.048256 -0.360917 0.437468 -0.0193678 -0.358014 0.432352
-0.0492347 -0.361026 0.437642 -0.0203462 -0.358123 0.432526
-0.0502134 -0.361135 0.437816 -0.0213242 -0.358231 0.4327
-0.0511922 -0.361244 0.43799 -0.0223029 -0.35834 0.432875
-0.0521709 -0.361352 0.438164 -0.0232845 -0.358449 0.43305
-0.0531496 -0.361461 0.438338 -0.0242696 -0.358559 0.433226
-0.0541283 -0.36157 0.438512 -0.0252579 -0.358669 0.433402
-0.0551071 -0.361679 0.438686 -0.026249 -0.35878 0.433579
-0.0560858 -0.361787 0.43886 -0.0272425 -0.358891 0.433756
-0.0570645 -0.361896 0.439034 -0.0282382 -0.359002 0.433933
-0.0580432 -0.362005 0.439208 -0.0292358 -0.359114 0.434111
-0.059022 -0.362114 0.439382 -0.030235 -0.359226 0.434289
-0.0600007 -0.362222 0.439556 -0.0312355 -0.359338 0.434468
-0.0609794 -0.362331 0.43973 -0.0322369 -0.35945 0.434647
-0.0619581 -0.36244 0.439904 -0.033239 -0.359562 0.434825
-0.0629369 -0.362549 0.440078 -0.0337403 -0.359618 0.434915
-0.0639156 -0.362657 0.440252 -0.0352446 -0.359787 0.435183
-0.0648943 -0.362766 0.440426 -0.0362478 -0.359899 0.435362
-0.065873 -0.362875 0.4406 -0.037251 -0.360011 0.435541
-0.0668517 -0.362984 0.440774 -0.0382541 -0.360123 0.43572
-0.0678305 -0.363092 0.440948 -0.0392571 -0.360234 0.435899
-0.0688092 -0.363201 0.441122 -0.0397584 -0.36029 0.435988
-0.0697879 -0.36331 0.441296 -0.0412621 -0.360458 0.436256
-0.0707666 -0.363419 0.44147 -0.0422644 -0.360569 0.436435
-0.0717454 -0.363527 0.441644 -0.0432672 -0.360681 0.436614
-0.0727241 -0.363636 0.441818 -0.0442704 -0.360793 0.436793
-0.0737028 -0.363745 0.441992 -0.045273 -0.360904 0.436972
-0.0746815 -0.363854 0.442166 -0.0462748 -0.361015 0.43715
-0.0756603 -0.363962 0.44234 -0.0472758 -0.361126 0.437329
-0.076639 -0.364071 0.442514 -0.048276 -0.361237 0.437507
-0.0776177 -0.36418 0.442688 -0.0492752 -0.361348 0.437685
-0.0785964 -0.364288 0.442862 -0.0497745 -0.361404 0.437774
-0.0795752 -0.364397 0.443036 -0.051271 -0.361569 0.438041
-0.0805539 -0.364506 0.44321 -0.0522675 -0.36168 0.438219
-0.0815326 -0.364615 0.443384 -0.0532632 -0.36179 0.438397
-0.0825113 -0.364723 0.443558 -0.054258 -0.3619 0.438574
-0.08349 -0.364832 0.443732 -0.0552521 -0.36201 0.438751
-0.0844688 -0.364941 0.443906 -0.0562454 -0.362119 0.438928
-0.0854475 -0.36505 0.44408 -0.057238 -0.362229 0.439105
-0.0864262 -0.365158 0.444254 -0.0582297 -0.362339 0.439282
-0.0874049 -0.365267 0.444428 -0.0592207 -0.362448 0.439459
-0.0883837 -0.365376 0.444602 -0.060211 -0.362557 0.439635
-0.0893624 -0.365485 0.444776 -0.0612006 -0.362667 0.439812
-0.0903411 -0.365593 0.44495 -0.0621896 -0.362776 0.439988
-0.0913198 -0.365702 0.445124 -0.0631779 -0.362885 0.440164
-0.0922986 -0.365811 0.445298 -0.0641656 -0.362994 0.440341
-0.0932773 -0.36592 0.445472 -0.0651527 -0.363103 0.440517
-0.094256 -0.366028 0.445646 -0.0661393 -0.363212 0.440692
-0.0952347 -0.366137 0.44582 -0.0671252 -0.363321 0.440868
-0.0962135 -0.366246 0.445994 -0.0681107 -0.36343 0.441044
-0.0971922 -0.366355 0.446167 -0.0690957 -0.363539 0.44122
-0.0981709 -0.366463 0.446341 -0.0700802 -0.363647 0.441395
-0.0991496 -0.366572 0.446515 -0.0710642 -0.363756 0.441571
-0.100128 -0.366681 0.446689 -0.0715561 -0.36381 0.441658
-0.101107 -0.36679 0.446863 -0.0730311 -0.363973 0.441921
-0.102086 -0.366898 0.447037 -0.074014 -0.364082 0.442097
-0.103065 -0.367007 0.447211 -0.0749965 -0.364191 0.442272
-0.104043 -0.367116 0.447385 -0.0759786 -0.364299 0.442447
-0.105022 -0.367225 0.447559 -0.0769605 -0.364408 0.442622
-0.106001 -0.367333 0.447733 -0.077942 -0.364516 0.442797
-0.106979 -0.367442 0.447907 -0.0789233 -0.364625 0.442972
-0.107958 -0.367551 0.448081 -0.0794139 -0.364679 0.44306
-0.108937 -0.36766 0.448255 -0.0808851 -0.364842 0.443322
-0.109916 -0.367768 0.448429 -0.0818657 -0.36495 0.443497
-0.110894 -0.367877 0.448603 -0.082846 -0.365059 0.443672
-0.111873 -0.367986 0.448777 -0.0838262 -0.365167 0.443847
-0.112852 -0.368095 0.448951 -0.0848061 -0.365276 0.444021
-0.11383 -0.368203 0.449125 -0.0857859 -0.365384 0.444196
-0.114809 -0.368312 0.449299 -0.0867655 -0.365493 0.444371
-0.115788 -0.368421 0.449473 -0.087745 -0.365601 0.444546
-0.116767 -0.36853 0.449647 -0.0887244 -0.36571 0.44472
-0.117745 -0.368638 0.449821 -0.0897036 -0.365818 0.444895
-0.118724 -0.368747 0.449995 -0.0906827 -0.365927 0.44507
-0.119703 -0.368856 0.450169 -0.0916616 -0.366035 0.445244
-0.120682 -0.368965 0.450343 -0.0926405 -0.366143 0.445419
-0.12166 -0.369073 0.450517 -0.0936193 -0.366252 0.445594
-0.122639 -0.369182 0.450691 -0.094598 -0.36636 0.445768
-0.123618 -0.369291 0.450865 -0.0955766 -0.366469 0.445943
-0.124596 -0.3694 0.451039 -0.0960659 -0.366523 0.44603
-0.125575 -0.369508 0.451213 -0.0975325 -0.366686 0.446292
-0.126554 -0.369617 0.451387 -0.0985067 -0.366793 0.446465
-0.127533 -0.369726 0.451561 -0.0989925 -0.366847 0.446552
-0.128511 -0.369835 0.451735 -0.100449 -0.367008 0.446812
-0.12949 -0.369943 0.451909 -0.101421 -0.367116 0.446985
-0.130469 -0.370052 0.452083 -0.102394 -0.367223 0.447158
-0.131447 -0.370161 0.452257 -0.103367 -0.367331 0.447332
-0.132426 -0.37027 0.452431 -0.104341 -0.367439 0.447506
-0.133405 -0.370378 0.452605 -0.105316 -0.367547 0.44768
-0.134384 -0.370487 0.452779 -0.106291 -0.367655 0.447854
-0.135362 -0.370596 0.452953 -0.107267 -0.367764 0.448028
-0.136341 -0.370705 0.453127 -0.108243 -0.367872 0.448202
-0.13732 -0.370813 0.453301 -0.10922 -0.36798 0.448376
-0.138299 -0.370922 0.453475 -0.110197 -0.368089 0.44855
-0.139277 -0.371031 0.453649 -0.111174 -0.368198 0.448725
-0.140256 -0.37114 0.453823 -0.112152 -0.368306 0.448899
-0.141235 -0.371248 0.453997 -0.11313 -0.368415 0.449074
-0.142213 -0.371357 0.454171 -0.114108 -0.368524 0.449248
-0.143192 -0.371466 0.454345 -0.115087 -0.368632 0.449423
-0.144171 -0.371575 0.454519 -0.116066 -0.368741 0.449598
-0.14515 -0.371683 0.454693 -0.117044 -0.36885 0.449772
-0.146128 -0.371792 0.454867 -0.118023 -0.368959 0.449947
-0.147107 -0.371901 0.455041 -0.119002 -0.369068 0.450121
-0.148086 -0.37201 0.455215 -0.119979 -0.369176 0.450296
-0.149065 -0.372118 0.455389 -0.120955 -0.369284 0.45047
-0.150043 -0.372227 0.455563 -0.121932 -0.369393 0.450644
-0.151022 -0.372336 0.455737 -0.122908 -0.369501 0.450818
-0.152001 -0.372445 0.455911 -0.123885 -0.369609 0.450993
-0.152979 -0.372553 0.456085 -0.124862 -0.369718 0.451167
-0.153958 -0.372662 0.456259 -0.12584 -0.369827 0.451341
-0.154937 -0.372771 0.456433 -0.126818 -0.369935 0.451516
-0.155916 -0.37288 0.456607 -0.127797 -0.370044 0.45169
-0.156894 -0.372988 0.456781 -0.128776 -0.370153 0.451865
-0.157873 -0.373097 0.456955 -0.129755 -0.370261 0.45204
-0.158852 -0.373206 0.457129 -0.130734 -0.37037 0.452214
-0.15983 -0.373314 0.457303 -0.131713 -0.370479 0.452389
-0.160809 -0.373423 0.457477 -0.132693 -0.370588 0.452564
-0.161788 -0.373532 0.457651 -0.133672 -0.370697 0.452739
-0.162767 -0.373641 0.457825 -0.134652 -0.370806 0.452913
-0.163745 -0.373749 0.457999 -0.135633 -0.370915 0.453088
-0.164724 -0.373858 0.458173 -0.136613 -0.371024 0.453263
-0.165703 -0.373967 0.458347 -0.137594 -0.371133 0.453438
-0.166682 -0.374076 0.458521 -0.138575 -0.371242 0.453613
-0.16766 -0.374184 0.458695 -0.139556 -0.371351 0.453788
-0.168639 -0.374293 0.458869 -0.140537 -0.37146 0.453963
-0.169618 -0.374402 0.459043 -0.141518 -0.371569 0.454139
-0.170596 -0.374511 0.459217 -0.142499 -0.371678 0.454313
-0.171575 -0.374619 0.459391 -0.143478 -0.371786 0.454488
-0.172554 -0.374728 0.459565 -0.144455 -0.371895 0.454662
-0.173533 -0.374837 0.459739 -0.145432 -0.372003 0.454836
-0.174511 -0.374946 0.459913 -0.146409 -0.372111 0.455011
-0.17549 -0.375054 0.460087 -0.147387 -0.37222 0.455185
-0.176469 -0.375163 0.460261 -0.148365 -0.372328 0.455359
-0.177448 -0.375272 0.460435 -0.149343 -0.372437 0.455534
-0.178426 -0.375381 0.460609 -0.150321 -0.372545 0.455708
-0.179405 -0.375489 0.460783 -0.1513 -0.372654 0.455883
-0.180384 -0.375598 0.460957 -0.152279 -0.372762 0.456057
-0.181362 -0.375707 0.461131 -0.153258 -0.372871 0.456232
-0.182341 -0.375816 0.461305 -0.154237 -0.37298 0.456407
-0.18332 -0.375924 0.461479 -0.155216 -0.373088 0.456581
-0.184299 -0.376033 0.461653 -0.156195 -0.373197 0.456756
-0.185277 -0.376142 0.461827 -0.157174 -0.373306 0.45693
-0.186256 -0.376251 0.462001 -0.158153 -0.373415 0.457105
-0.187235 -0.376359 0.462175 -0.159133 -0.373523 0.45728
-0.188213 -0.376468 0.462349 -0.160112 -0.373632 0.457454
-0.189192 -0.376577 0.462523 -0.161091 -0.373741 0.457629
-0.190171 -0.376686 0.462697 -0.161581 -0.373795 0.457716
-0.19115 -0.376794 0.462871 -0.16305 -0.373958 0.457978
-0.192128 -0.376903 0.463045 -0.16403 -0.374067 0.458153
-0.193107 -0.377012 0.463219 -0.165009 -0.374176 0.458328
-0.194086 -0.377121 0.463393 -0.165989 -0.374284 0.458502
-0.195065 -0.377229 0.463567 -0.166968 -0.374393 0.458677
-0.196043 -0.377338 0.463741 -0.167948 -0.374502 0.458852
-0.197022 -0.377447 0.463915 -0.168927 -0.374611 0.459026
-0.198001 -0.377556 0.464089 -0.169907 -0.374719 0.459201
-0.198979 -0.377664 0.464263 -0.170886 -0.374828 0.459376
-0.199958 -0.377773 0.464437 -0.171865 -0.374937 0.45955
-0.200937 -0.377882 0.464611 -0.172845 -0.375045 0.459725
-0.201916 -0.377991 0.464785 -0.173824 -0.375154 0.4599
-0.202894 -0.378099 0.464959 -0.174803 -0.375263 0.460074
-0.203873 -0.378208 0.465133 -0.175783 -0.375372 0.460249
-0.204852 -0.378317 0.465307 -0.176762 -0.37548 0.460423
-0.20583 -0.378426 0.465481 -0.177741 -0.375589 0.460598
-0.206809 -0.378534 0.465655 -0.17872 -0.375698 0.460773
-0.207788 -0.378643 0.465829 -0.1797 -0.375806 0.460947
-0.208767 -0.378752 0.466003 -0.180678 -0.375915 0.461122
-0.209745 -0.378861 0.466177 -0.181657 -0.376023 0.461296
-0.210724 -0.378969 0.466351 -0.182635 -0.376132 0.461471
-0.211703 -0.379078 0.466525 -0.183614 -0.37624 0.461645
-0.212682 -0.379187 0.466699 -0.184103 -0.376295 0.461732
-0.21366 -0.379296 0.466873 -0.185082 -0.376403 0.461907
-0.214639 -0.379404 0.467047 -0.186061 -0.376512 0.462081
-0.215618 -0.379513 0.467221 -0.187039 -0.376621 0.462256
-0.216596 -0.379622 0.467395 -0.188018 -0.376729 0.46243
-0.217575 -0.379731 0.467569 -0.188997 -0.376838 0.462605
-0.218554 -0.379839 0.467743 -0.189976 -0.376946 0.462779
-0.219533 -0.379948 0.467917 -0.190955 -0.377055 0.462954
-0.220511 -0.380057 0.468091 -0.191934 -0.377164 0.463128
-0.22149 -0.380166 0.468265 -0.192913 -0.377272 0.463303
-0.222469 -0.380274 0.468439 -0.193892 -0.377381 0.463477
-0.223448 -0.380383 0.468613 -0.194871 -0.37749 0.463652
-0.224426 -0.380492 0.468787 -0.19585 -0.377598 0.463826
-0.225405 -0.380601 0.468961 -0.196829 -0.377707 0.464001
-0.226384 -0.380709 0.469135 -0.197808 -0.377816 0.464175
-0.227362 -0.380818 0.469309 -0.198787 -0.377924 0.46435
-0.228341 -0.380927 0.469483 -0.199766 -0.378033 0.464524
-0.22932 -0.381036 0.469657 -0.200746 -0.378142 0.464699
-0.230299 -0.381144 0.469831 -0.201725 -0.378251 0.464873
-0.231277 -0.381253 0.470005 -0.202705 -0.378359 0.465048
-0.232256 -0.381362 0.470179 -0.203685 -0.378468 0.465223
-0.233235 -0.381471 0.470353 -0.204664 -0.378577 0.465397
-0.234213 -0.381579 0.470527 -0.205644 -0.378686 0.465572
-0.235192 -0.381688 0.470701 -0.206624 -0.378794 0.465747
-0.236171 -0.381797 0.470875 -0.207604 -0.378903 0.465921
-0.23715 -0.381906 0.471049 -0.208584 -0.379012 0.466096
-0.238128 -0.382014 0.471223 -0.209564 -0.379121 0.466271
-0.239107 -0.382123 0.471397 -0.210546 -0.37923 0.466446
-0.240086 -0.382232 0.471571 -0.211528 -0.379339 0.466621
-0.241065 -0.382341 0.471745 -0.21251 -0.379448 0.466796
-0.242043 -0.382449 0.471919 -0.213491 -0.379557 0.466971
-0.243022 -0.382558 0.472093 -0.214473 -0.379666 0.467146
-0.244001 -0.382667 0.472267 -0.215454 -0.379775 0.467321
-0.244979 -0.382775 0.472441 -0.216434 -0.379884 0.467496
-0.245958 -0.382884 0.472615 -0.217415 -0.379993 0.467671
-0.246937 -0.382993 0.472789 -0.218396 -0.380102 0.467845
-0.247916 -0.383102 0.472963 -0.219377 -0.380211 0.46802
-0.248894 -0.38321 0.473137 -0.220357 -0.380319 0.468195
-0.249873 -0.383319 0.473311 -0.221337 -0.380428 0.46837
-0.250852 -0.383428 0.473485 -0.222317 -0.380537 0.468544
-0.25183 -0.383537 0.473659 -0.223297 -0.380646 0.468719
-0.252809 -0.383645 0.473833 -0.224276 -0.380754 0.468893
-0.253788 -0.383754 0.474007 -0.225255 -0.380863 0.469068
-0.254767 -0.383863 0.474181 -0.226234 -0.380971 0.469242
-0.255745 -0.383972 0.474355 -0.227213 -0.38108 0.469417
-0.256724 -0.38408 0.474529 -0.228192 -0.381189 0.469591
-0.257703 -0.384189 0.474703 -0.229171 -0.381297 0.469765
-0.258682 -0.384298 0.474877 -0.230149 -0.381406 0.46994
-0.25966 -0.384407 0.475051 -0.231128 -0.381514 0.470114
-0.260639 -0.384515 0.475225 -0.232106 -0.381623 0.470288
-0.261618 -0.384624 0.475399 -0.233085 -0.381731 0.470462
-0.262596 -0.384733 0.475573 -0.234063 -0.38184 0.470637
-0.263575 -0.384842 0.475747 -0.235041 -0.381948 0.470811
-0.264554 -0.38495 0.475921 -0.236019 -0.382057 0.470985
-0.265533 -0.385059 0.476095 -0.236997 -0.382165 0.471159
-0.266511 -0.385168 0.476269 -0.237976 -0.382274 0.471334
-0.26749 -0.385277 0.476443 -0.238955 -0.382383 0.471508
-0.268469 -0.385385 0.476617 -0.239938 -0.382492 0.471683
-0.269448 -0.385494 0.476791 -0.240921 -0.382601 0.471859
-0.270426 -0.385603 0.476965 -0.241904 -0.38271 0.472034
-0.271405 -0.385712 0.477139 -0.242886 -0.38282 0.472209
-0.272384 -0.38582 0.477313 -0.243869 -0.382929 0.472384
-0.273362 -0.385929 0.477487 -0.24436 -0.382983 0.472472
-0.274341 -0.386038 0.477661 -0.245837 -0.383148 0.472735
-0.27532 -0.386147 0.477835 -0.246824 -0.383258 0.472911
-0.276299 -0.386255 0.478009 -0.247814 -0.383368 0.473088
-0.277277 -0.386364 0.478183 -0.24831 -0.383423 0.473176
-0.278256 -0.386473 0.478357 -0.249794 -0.383589 0.473441
-0.279235 -0.386582 0.478531 -0.250783 -0.383699 0.473617
-0.280213 -0.38669 0.478705 -0.251773 -0.383809 0.473794
-0.281192 -0.386799 0.478879 -0.252763 -0.38392 0.47397
-0.282171 -0.386908 0.479053 -0.253751 -0.384029 0.474147
-0.28315 -0.387017 0.479227 -0.254738 -0.384139 0.474322
-0.284128 -0.387125 0.479401 -0.255724 -0.384248 0.474498
-0.285107 -0.387234 0.479575 -0.256708 -0.384358 0.474673
-0.286086 -0.387343 0.479749 -0.25769 -0.384467 0.474848
-0.287065 -0.387452 0.479923 -0.258672 -0.384575 0.475023
-0.288043 -0.38756 0.480097 -0.259653 -0.384684 0.475197
-0.289022 -0.387669 0.480271 -0.260633 -0.384792 0.475372
-0.290001 -0.387778 0.480445 -0.261614 -0.384901 0.475547
-0.290979 -0.387887 0.480619 -0.262594 -0.38501 0.475721
-0.291958 -0.387995 0.480793 -0.263574 -0.385118 0.475895
-0.292937 -0.388104 0.480967 -0.264063 -0.385172 0.475982
-0.293916 -0.388213 0.481141 -0.265531 -0.385335 0.476244
-0.294894 -0.388322 0.481315 -0.266508 -0.385443 0.476418
-0.295873 -0.38843 0.481489 -0.267485 -0.385551 0.476591
-0.296852 -0.388539 0.481663 -0.268461 -0.385659 0.476765
-0.29783 -0.388648 0.481837 -0.269437 -0.385767 0.476939
-0.298809 -0.388757 0.482011 -0.270413 -0.385875 0.477112
-0.299788 -0.388865 0.482185 -0.271388 -0.385983 0.477286
-0.300767 -0.388974 0.482359 -0.272363 -0.386091 0.477459
-0.301745 -0.389083 0.482533 -0.273338 -0.386199 0.477633
-0.302724 -0.389192 0.482707 -0.274312 -0.386306 0.477806
-0.303703 -0.3893 0.482881 -0.275287 -0.386414 0.47798
-0.304682 -0.389409 0.483054 -0.276263 -0.386523 0.478153
-0.30566 -0.389518 0.483228 -0.27724 -0.386631 0.478327
-0.306639 -0.389627 0.483402 -0.278217 -0.386739 0.478501
-0.307618 -0.389735 0.483576 -0.279195 -0.386848 0.478675
-0.308596 -0.389844 0.48375 -0.280172 -0.386956 0.478849
-0.309575 -0.389953 0.483924 -0.281149 -0.387065 0.479023
-0.310554 -0.390062 0.484098 -0.282125 -0.387173 0.479197
-0.311533 -0.39017 0.484272 -0.283102 -0.387281 0.479371
-0.312511 -0.390279 0.484446 -0.284078 -0.38739 0.479545
-0.31349 -0.390388 0.48462 -0.285054 -0.387498 0.479719
-0.314469 -0.390497 0.484794 -0.28603 -0.387606 0.479892
-0.315448 -0.390605 0.484968 -0.287005 -0.387714 0.480066
-0.316426 -0.390714 0.485142 -0.287981 -0.387823 0.48024
-0.317405 -0.390823 0.485316 -0.288957 -0.387931 0.480414
-0.318384 -0.390932 0.48549 -0.289932 -0.388039 0.480587
-0.319362 -0.39104 0.485664 -0.290908 -0.388147 0.480761
-0.320341 -0.391149 0.485838 -0.291884 -0.388256 0.480935
-0.32132 -0.391258 0.486012 -0.292859 -0.388364 0.481108
-0.322299 -0.391367 0.486186 -0.293835 -0.388472 0.481282
-0.323277 -0.391475 0.48636 -0.294811 -0.388581 0.481456
-0.324256 -0.391584 0.486534 -0.295786 -0.388689 0.48163
-0.325235 -0.391693 0.486708 -0.296762 -0.388797 0.481803
-0.326213 -0.391801 0.486882 -0.297738 -0.388905 0.481977
-0.327192 -0.39191 0.487056 -0.298714 -0.389014 0.482151
-0.328171 -0.392019 0.48723 -0.29969 -0.389122 0.482325
-0.32915 -0.392128 0.487404 -0.300666 -0.389231 0.482499
-0.330128 -0.392236 0.487578 -0.301642 -0.389339 0.482672
-0.331107 -0.392345 0.487752 -0.302619 -0.389447 0.482846
-0.332086 -0.392454 0.487926 -0.303595 -0.389556 0.48302
-0.333065 -0.392563 0.4881 -0.304572 -0.389664 0.483194
-0.334043 -0.392671 0.488274 -0.305549 -0.389773 0.483368
-0.335022 -0.39278 0.488448 -0.306526 -0.389881 0.483542
-0.336001 -0.392889 0.488622 -0.307503 -0.38999 0.483716
-0.336979 -0.392998 0.488796 -0.30848 -0.390099 0.48389
-0.337958 -0.393106 0.48897 -0.309458 -0.390207 0.484064
-0.338937 -0.393215 0.489144 -0.309946 -0.390261 0.484151
-0.339916 -0.393324 0.489318 -0.310435 -0.390316 0.484239
-0.340894 -0.393433 0.489492 -0.310924 -0.39037 0.484326
-0.341873 -0.393541 0.489666 -0.311412 -0.390424 0.484413
-0.342852 -0.39365 0.48984 -0.314821 -0.390802 0.485019
-0.343831 -0.393759 0.490014 -0.315791 -0.39091 0.485192
-0.344809 -0.393868 0.490188 -0.316762 -0.391017 0.485364
-0.345788 -0.393976 0.490362 -0.317734 -0.391125 0.485537
-0.346767 -0.394085 0.490536 -0.318707 -0.391233 0.485711
-0.347745 -0.394194 0.49071 -0.319681 -0.391341 0.485884
-0.348724 -0.394303 0.490884 -0.320168 -0.391395 0.485971
-0.349703 -0.394411 0.491058 -0.321631 -0.391558 0.486231
-0.350682 -0.39452 0.491232 -0.322606 -0.391666 0.486405
-0.35166 -0.394629 0.491406 -0.323583 -0.391774 0.486579
-0.352639 -0.394738 0.49158 -0.324559 -0.391883 0.486753
-0.353618 -0.394846 0.491754 -0.325536 -0.391992 0.486927
-0.354596 -0.394955 0.491928 -0.326514 -0.3921 0.487101
-0.355575 -0.395064 0.492102 -0.327492 -0.392209 0.487275
-0.356554 -0.395173 0.492276 -0.32847 -0.392318 0.48745
-0.357533 -0.395281 0.49245 -0.329449 -0.392427 0.487624
-0.358511 -0.39539 0.492624 -0.330427 -0.392536 0.487798
-0.35949 -0.395499 0.492798 -0.331407 -0.392645 0.487973
-0.360469 -0.395608 0.492972 -0.332386 -0.392753 0.488147
-0.361448 -0.395716 0.493146 -0.333365 -0.392862 0.488322
-0.362426 -0.395825 0.49332 -0.334345 -0.392971 0.488496
-0.363405 -0.395934 0.493494 -0.335325 -0.39308 0.488671
-0.364384 -0.396043 0.493668 -0.336305 -0.393189 0.488845
-0.365362 -0.396151 0.493842 -0.337285 -0.393298 0.48902
-0.366341 -0.39626 0.494016 -0.338265 -0.393407 0.489194
-0.36732 -0.396369 0.49419 -0.339245 -0.393516 0.489369
-0.368299 -0.396478 0.494364 -0.340225 -0.393625 0.489544
-0.369277 -0.396586 0.494538 -0.341206 -0.393734 0.489718
-0.370256 -0.396695 0.494712 -0.341696 -0.393789 0.489806
-0.371235 -0.396804 0.494886 -0.343166 -0.393952 0.490068
-0.372213 -0.396913 0.49506 -0.344147 -0.394061 0.490242
-0.373192 -0.397021 0.495234 -0.345128 -0.39417 0.490417
-0.374171 -0.39713 0.495408 -0.346109 -0.394279 0.490592
-0.37515 -0.397239 0.495582 -0.34709 -0.394388 0.490766
-0.376128 -0.397348 0.495756 -0.348071 -0.394498 0.490941
-0.377107 -0.397456 0.49593 -0.348561 -0.394552 0.491028
-0.378086 -0.397565 0.496104 -0.348561 -0.394552 0.491028
-0.379065 -0.397674 0.496278 -0.351504 -0.394879 0.491552
-0.380043 -0.397783 0.496452 -0.352485 -0.394988 0.491727
-0.381022 -0.397891 0.496626 -0.353465 -0.395097 0.491902
-0.382001 -0.398 0.4968 -0.354445 -0.395206 0.492076
-0.382979 -0.398109 0.496974 -0.355424 -0.395315 0.49225
-0.383958 -0.398218 0.497148 -0.356403 -0.395423 0.492425
-0.384937 -0.398326 0.497322 -0.35738 -0.395532 0.492599
-0.385916 -0.398435 0.497496 -0.357869 -0.395586 0.492685
-0.386894 -0.398544 0.49767 -0.359334 -0.395748 0.492946
-0.387873 -0.398653 0.497844 -0.360308 -0.395856 0.493119
-0.388852 -0.398761 0.498018 -0.36128 -0.395964 0.493292
-0.389831 -0.39887 0.498192 -0.362249 -0.396071 0.493464
-0.390809 -0.398979 0.498366 -0.363218 -0.396178 0.493637
-0.391788 -0.399088 0.49854 -0.364188 -0.396285 0.493809
-0.392767 -0.399196 0.498714 -0.365158 -0.396393 0.493981
-0.393745 -0.399305 0.498888 -0.366129 -0.3965 0.494154
-0.394724 -0.399414 0.499062 -0.3671 -0.396608 0.494327
-0.395703 -0.399523 0.499236 -0.368071 -0.396715 0.494499
-0.396682 -0.399631 0.49941 -0.369043 -0.396823 0.494672
-0.39766 -0.39974 0.499584 -0.370015 -0.396931 0.494845
-0.398639 -0.399849 0.499758 -0.370501 -0.396985 0.494932
-0.399618 -0.399958 0.499932 -0.371474 -0.397093 0.495105
-0.400596 -0.400066 0.500106 -0.372447 -0.397201 0.495278
-0.399618 -0.399958 0.499932 -0.372934 -0.397255 0.495365
-0.400596 -0.400066 0.500106 -0.374391 -0.397417 0.495624
-0.399618 -0.399958 0.499932 -0.375358 -0.397524 0.495796
-0.400596 -0.400066 0.500106 -0.37632 -0.39763 0.495967
-0.399618 -0.399958 0.499932 -0.377751 -0.397788 0.496221
-0.400596 -0.400066 0.500106 -0.378698 -0.397892 0.496389
-0.399618 -0.399958 0.499932 -0.379636 -0.397994 0.496554
-0.400596 -0.400066 0.500106 -0.380561 -0.398095 0.496717
-0.399618 -0.399958 0.499932 -0.38147 -0.398193 0.496877
-0.400596 -0.400066 0.500106 -0.382361 -0.398288 0.497033
-0.399618 -0.399958 0.499932 -0.383231 -0.398381 0.497185
-0.400596 -0.400066 0.500106 -0.384081 -0.39847 0.497333
-0.399618 -0.399958 0.499932 -0.384907 -0.398556 0.497476
-0.400596 -0.400066 0.500106 -0.385709 -0.398639 0.497615
-0.399618 -0.399958 0.499932 -0.386485 -0.398719 0.497748
-0.400596 -0.400066 0.500106 -0.387236 -0.398795 0.497877
-0.399618 -0.399958 0.499932 -0.387961 -0.398868 0.498001
-0.400596 -0.400066 0.500106 -0.388659 -0.398937 0.498119
-0.399618 -0.399958 0.499932 -0.38933 -0.399003 0.498233
-0.400596 -0.400066 0.500106 -0.389974 -0.399066 0.498342
-0.399618 -0.399958 0.499932 -0.390592 -0.399126 0.498446
-0.400596 -0.400066 0.500106 -0.390891 -0.399155 0.498496
-0.399618 -0.399958 0.499932 -0.391749 -0.399237 0.49864
-0.400596 -0.400066 0.500106 -0.392288 -0.399288 0.49873
-0.399618 -0.399958 0.499932 -0.392802 -0.399337 0.498815
-0.400596 -0.400066 0.500106 -0.39329 -0.399382 0.498896
-0.399618 -0.399958 0.499932 -0.393754 -0.399425 0.498973
-0.400596 -0.400066 0.500106 -0.394193 -0.399466 0.499045
-0.399618 -0.399958 0.499932 -0.39461 -0.399504 0.499114
-0.400596 -0.400066 0.500106 -0.39481 -0.399522 0.499147
-0.399618 -0.399958 0.499932 -0.395377 -0.399574 0.49924
-0.400596 -0.400066 0.500106 -0.39573 -0.399606 0.499297
-0.399618 -0.399958 0.499932 -0.396061 -0.399636 0.499352
-0.400596 -0.400066 0.500106 -0.396371 -0.399663 0.499402
-0.399618 -0.399958 0.499932 -0.396662 -0.399689 0.49945
-0.400596 -0.400066 0.500106 -0.396935 -0.399714 0.499494
-0.399618 -0.399958 0.499932 -0.397193 -0.399737 0.499536
-0.400596 -0.400066 0.500106 -0.397316 -0.399748 0.499556
-0.399618 -0.399958 0.499932 -0.397663 -0.399779 0.499613
-0.400596 -0.400066 0.500106 -0.397876 -0.399798 0.499647
-0.399618 -0.399958 0.499932 -0.398075 -0.399816 0.49968
-0.400596 -0.400066 0.500106 -0.398258 -0.399832 0.499709
-0.399618 -0.399958 0.499932 -0.398344 -0.39984 0.499724
-0.400596 -0.400066 0.500106 -0.398509 -0.399854 0.49975
-0.399618 -0.399958 0.499932 -0.398737 -0.399875 0.499787
-0.400596 -0.400066 0.500106 -0.398877 -0.399887 0.49981
-0.399618 -0.399958 0.499932 -0.399008 -0.399899 0.499832
-0.400596 -0.400066 0.500106 -0.399131 -0.39991 0.499852
