0.499829 -0.300019 0.34003 0.500808 -0.299908 0.339854
0.49885 -0.300128 0.340204 0.500808 -0.299908 0.339854
0.497872 -0.300236 0.340378 0.500808 -0.299908 0.339854
0.496893 -0.300345 0.340552 0.500808 -0.299908 0.339854
0.495914 -0.300454 0.340726 0.500805 -0.299908 0.339855
0.494936 -0.300563 0.3409 0.500797 -0.299909 0.339856
0.493957 -0.300671 0.341074 0.500764 -0.299913 0.339862
0.492978 -0.30078 0.341248 0.500725 -0.299917 0.339869
0.491999 -0.300889 0.341422 0.50067 -0.299924 0.339879
0.491021 -0.300998 0.341596 0.500637 -0.299927 0.339885
0.490042 -0.301106 0.34177 0.500509 -0.299942 0.339908
0.489063 -0.301215 0.341944 0.500396 -0.299955 0.339929
0.488084 -0.301324 0.342118 0.500331 -0.299963 0.339941
0.487106 -0.301433 0.342292 0.500181 -0.29998 0.339968
0.486127 -0.301541 0.342466 0.49991 -0.300011 0.340018
0.485148 -0.30165 0.34264 0.499697 -0.300036 0.340057
0.48417 -0.301759 0.342814 0.499456 -0.300064 0.340102
0.483191 -0.301868 0.342988 0.499188 -0.300095 0.340151
0.482212 -0.301976 0.343162 0.498891 -0.30013 0.340206
0.481233 -0.302085 0.343336 0.498567 -0.300168 0.340266
0.480255 -0.302194 0.34351 0.498214 -0.30021 0.340331
0.479276 -0.302303 0.343684 0.497833 -0.300255 0.340402
0.478297 -0.302411 0.343858 0.497426 -0.300303 0.340477
0.477319 -0.30252 0.344032 0.496992 -0.300354 0.340558
0.47634 -0.302629 0.344206 0.496533 -0.300408 0.340643
0.475361 -0.302738 0.34438 0.496048 -0.300465 0.340733
0.474382 -0.302846 0.344554 0.495797 -0.300495 0.34078
0.473404 -0.302955 0.344728 0.495006 -0.300588 0.340927
0.472425 -0.303064 0.344902 0.494451 -0.300653 0.34103
0.471446 -0.303173 0.345076 0.493876 -0.300721 0.341136
0.470467 -0.303281 0.34525 0.493279 -0.300791 0.341247
0.469489 -0.30339 0.345424 0.492662 -0.300864 0.341361
0.46851 -0.303499 0.345598 0.492023 -0.300939 0.341479
0.467531 -0.303608 0.345772 0.491365 -0.301017 0.341601
0.466553 -0.303716 0.345946 0.490688 -0.301096 0.341727
0.465574 -0.303825 0.34612 0.489993 -0.301178 0.341855
0.464595 -0.303934 0.346294 0.489281 -0.301261 0.341987
0.463616 -0.304043 0.346468 0.488551 -0.301347 0.342121
0.462638 -0.304151 0.346642 0.487806 -0.301434 0.342259
0.461659 -0.30426 0.346816 0.487045 -0.301523 0.342399
0.46068 -0.304369 0.34699 0.48627 -0.301613 0.342541
0.459702 -0.304478 0.347164 0.485481 -0.301705 0.342687
0.458723 -0.304586 0.347338 0.485081 -0.301752 0.34276
0.457744 -0.304695 0.347512 0.483863 -0.301894 0.342983
0.456765 -0.304804 0.347686 0.483037 -0.30199 0.343135
0.455787 -0.304913 0.34786 0.482198 -0.302087 0.343288
0.454808 -0.305021 0.348034 0.481348 -0.302185 0.343444
0.453829 -0.30513 0.348208 0.480489 -0.302285 0.3436
0.45285 -0.305239 0.348382 0.47962 -0.302385 0.343759
0.451872 -0.305348 0.348556 0.478743 -0.302486 0.343919
0.450893 -0.305456 0.34873 0.477858 -0.302588 0.34408
0.449914 -0.305565 0.348904 0.476966 -0.30269 0.344242
0.448936 -0.305674 0.349078 0.476066 -0.302793 0.344405
0.447957 -0.305783 0.349252 0.47516 -0.302897 0.344569
0.446978 -0.305891 0.349426 0.474248 -0.303001 0.344734
0.445999 -0.306 0.3496 0.473329 -0.303106 0.3449
0.445021 -0.306109 0.349774 0.472405 -0.303211 0.345067
0.444042 -0.306218 0.349948 0.471476 -0.303317 0.345235
0.443063 -0.306326 0.350122 0.470542 -0.303423 0.345403
0.442084 -0.306435 0.350296 0.470074 -0.303476 0.345487
0.441106 -0.306544 0.35047 0.468661 -0.303637 0.345742
0.440127 -0.306653 0.350644 0.467715 -0.303744 0.345912
0.439148 -0.306761 0.350818 0.46724 -0.303797 0.345997
0.43817 -0.30687 0.350992 0.465811 -0.303959 0.346253
0.437191 -0.306979 0.351166 0.464854 -0.304067 0.346425
0.436212 -0.307088 0.35134 0.463894 -0.304175 0.346597
0.435233 -0.307196 0.351514 0.463413 -0.304229 0.346683
0.434255 -0.307305 0.351688 0.461966 -0.304392 0.346942
0.433276 -0.307414 0.351862 0.460999 -0.304501 0.347115
0.432297 -0.307523 0.352036 0.460029 -0.30461 0.347288
0.431319 -0.307631 0.35221 0.459543 -0.304664 0.347375
0.43034 -0.30774 0.352384 0.458085 -0.304828 0.347635
0.429361 -0.307849 0.352558 0.457598 -0.304882 0.347722
0.428382 -0.307958 0.352732 0.456627 -0.304991 0.347895
0.427404 -0.308066 0.352906 0.455174 -0.305153 0.348153
0.426425 -0.308175 0.35308 0.454207 -0.305261 0.348325
0.425446 -0.308284 0.353254 0.453239 -0.305369 0.348497
0.424467 -0.308393 0.353428 0.452268 -0.305477 0.348669
0.423489 -0.308501 0.353602 0.451294 -0.305585 0.348842
0.42251 -0.30861 0.353776 0.45032 -0.305694 0.349015
0.421531 -0.308719 0.35395 0.449344 -0.305802 0.349189
0.420553 -0.308827 0.354124 0.448368 -0.305911 0.349362
0.419574 -0.308936 0.354298 0.44739 -0.30602 0.349535
0.418595 -0.309045 0.354472 0.446412 -0.306129 0.349709
0.417616 -0.309154 0.354646 0.445434 -0.306238 0.349883
0.416638 -0.309262 0.35482 0.444455 -0.306347 0.350056
0.415659 -0.309371 0.354994 0.443476 -0.306456 0.35023
0.41468 -0.30948 0.355168 0.442497 -0.306564 0.350404
0.413701 -0.309589 0.355342 0.441518 -0.306673 0.350577
0.412723 -0.309697 0.355516 0.441028 -0.306728 0.350664
0.411744 -0.309806 0.35569 0.439559 -0.306891 0.350924
0.410765 -0.309915 0.355864 0.438579 -0.307 0.351098
0.409787 -0.310024 0.356038 0.437598 -0.307109 0.351272
0.408808 -0.310132 0.356212 0.436619 -0.307218 0.351446
0.407829 -0.310241 0.356386 0.435639 -0.307327 0.351619
0.40685 -0.31035 0.35656 0.434659 -0.307436 0.351793
0.405872 -0.310459 0.356734 0.43368 -0.307545 0.351966
0.404893 -0.310567 0.356908 0.4327 -0.307654 0.35214
0.403914 -0.310676 0.357082 0.43172 -0.307762 0.352314
0.402936 -0.310785 0.357256 0.430739 -0.307871 0.352488
0.401957 -0.310894 0.35743 0.42976 -0.30798 0.352661
0.400978 -0.311002 0.357604 0.428781 -0.308089 0.352834
0.399999 -0.311111 0.357778 0.427804 -0.308197 0.353007
0.399021 -0.31122 0.357952 0.42683 -0.308306 0.35318
0.398042 -0.311329 0.358126 0.425858 -0.308413 0.353352
0.397063 -0.311437 0.3583 0.424887 -0.308521 0.353524
0.396084 -0.311546 0.358474 0.423918 -0.308628 0.353695
0.395106 -0.311655 0.358648 0.422951 -0.308736 0.353866
0.394127 -0.311764 0.358822 0.421985 -0.308843 0.354037
0.393148 -0.311872 0.358996 0.421502 -0.308896 0.354123
0.39217 -0.311981 0.35917 0.420055 -0.309056 0.354378
0.391191 -0.31209 0.359344 0.41909 -0.309163 0.354549
0.390212 -0.312199 0.359518 0.418126 -0.30927 0.35472
0.389233 -0.312307 0.359692 0.41716 -0.309378 0.354891
0.388255 -0.312416 0.359866 0.416193 -0.309485 0.355062
0.387276 -0.312525 0.36004 0.415227 -0.309592 0.355233
0.386297 -0.312634 0.360214 0.414262 -0.309699 0.355404
0.385319 -0.312742 0.360388 0.413297 -0.309807 0.355575
0.38434 -0.312851 0.360562 0.412332 -0.309914 0.355746
0.383361 -0.31296 0.360736 0.411367 -0.310021 0.355917
0.382382 -0.313069 0.36091 0.410402 -0.310128 0.356088
0.381404 -0.313177 0.361084 0.409436 -0.310236 0.356259
0.380425 -0.313286 0.361258 0.408471 -0.310343 0.35643
0.379446 -0.313395 0.361432 0.407505 -0.310451 0.356601
0.378467 -0.313504 0.361606 0.406539 -0.310558 0.356773
0.377489 -0.313612 0.36178 0.405573 -0.310665 0.356944
0.37651 -0.313721 0.361954 0.404607 -0.310773 0.357115
0.375531 -0.31383 0.362128 0.403641 -0.310881 0.357287
0.374553 -0.313939 0.362302 0.402675 -0.310988 0.357458
0.373574 -0.314047 0.362476 0.401708 -0.311096 0.35763
0.372595 -0.314156 0.36265 0.40074 -0.311204 0.357801
0.371616 -0.314265 0.362824 0.399772 -0.311312 0.357973
0.370638 -0.314374 0.362998 0.398804 -0.31142 0.358145
0.369659 -0.314482 0.363172 0.397835 -0.311528 0.358317
0.36868 -0.314591 0.363346 0.396866 -0.311636 0.358489
0.367701 -0.3147 0.36352 0.395896 -0.311744 0.358661
0.366723 -0.314809 0.363694 0.394926 -0.311852 0.358833
0.365744 -0.314917 0.363868 0.393956 -0.31196 0.359006
0.364765 -0.315026 0.364042 0.392984 -0.312069 0.359178
0.363787 -0.315135 0.364216 0.392009 -0.312178 0.359351
0.362808 -0.315244 0.36439 0.391032 -0.312287 0.359525
0.361829 -0.315352 0.364564 0.390052 -0.312397 0.359699
0.36085 -0.315461 0.364738 0.389071 -0.312507 0.359874
0.359872 -0.31557 0.364912 0.388088 -0.312617 0.360049
0.358893 -0.315679 0.365086 0.387105 -0.312727 0.360223
0.357914 -0.315787 0.36526 0.386123 -0.312837 0.360398
0.356936 -0.315896 0.365434 0.385142 -0.312946 0.360572
0.355957 -0.316005 0.365608 0.384162 -0.313056 0.360746
0.354978 -0.316114 0.365782 0.383181 -0.313165 0.360921
0.353999 -0.316222 0.365956 0.382199 -0.313275 0.361095
0.353021 -0.316331 0.36613 0.381215 -0.313385 0.36127
0.352042 -0.31644 0.366304 0.380229 -0.313496 0.361445
0.351063 -0.316549 0.366478 0.379241 -0.313606 0.361621
0.350084 -0.316657 0.366652 0.378252 -0.313717 0.361797
0.349106 -0.316766 0.366826 0.377262 -0.313828 0.361973
0.348127 -0.316875 0.367 0.376272 -0.313939 0.362149
0.347148 -0.316984 0.367174 0.37528 -0.31405 0.362325
0.34617 -0.317092 0.367348 0.374287 -0.314161 0.362502
0.345191 -0.317201 0.367522 0.373791 -0.314217 0.36259
0.344212 -0.31731 0.367696 0.372301 -0.314383 0.362855
0.343233 -0.317419 0.36787 0.371309 -0.314494 0.363031
0.342255 -0.317527 0.368044 0.37032 -0.314605 0.363207
0.341276 -0.317636 0.368218 0.369331 -0.314715 0.363382
0.340297 -0.317745 0.368392 0.368342 -0.314826 0.363558
0.339319 -0.317854 0.368566 0.367352 -0.314936 0.363734
0.33834 -0.317962 0.36874 0.366361 -0.315047 0.36391
0.337361 -0.318071 0.368914 0.36537 -0.315158 0.364086
0.336382 -0.31818 0.369088 0.364874 -0.315213 0.364174
0.335404 -0.318288 0.369262 0.363385 -0.315379 0.364438
0.334425 -0.318397 0.369436 0.362888 -0.315435 0.364526
0.333446 -0.318506 0.36961 0.361895 -0.315546 0.364703
0.332467 -0.318615 0.369784 0.360901 -0.315657 0.364879
0.331489 -0.318723 0.369958 0.359907 -0.315768 0.365055
0.33051 -0.318832 0.370132 0.358913 -0.315879 0.365232
0.329531 -0.318941 0.370306 0.357422 -0.316046 0.365497
0.328553 -0.31905 0.37048 0.356925 -0.316101 0.365585
0.327574 -0.319158 0.370654 0.355931 -0.316212 0.365761
0.326595 -0.319267 0.370828 0.35444 -0.316378 0.366026
0.325616 -0.319376 0.371002 0.353447 -0.316489 0.366202
0.324638 -0.319485 0.371176 0.352455 -0.3166 0.366378
0.323659 -0.319593 0.37135 0.351958 -0.316655 0.366466
0.32268 -0.319702 0.371524 0.350966 -0.316766 0.366642
0.321701 -0.319811 0.371698 0.349973 -0.316877 0.366818
0.320723 -0.31992 0.371872 0.34898 -0.316988 0.366994
0.319744 -0.320028 0.372046 0.347988 -0.317098 0.36717
0.318765 -0.320137 0.372219 0.346995 -0.317209 0.367346
0.317787 -0.320246 0.372393 0.346004 -0.31732 0.367522
0.316808 -0.320355 0.372567 0.345013 -0.31743 0.367698
0.315829 -0.320463 0.372741 0.344021 -0.317541 0.367874
0.31485 -0.320572 0.372915 0.34303 -0.317651 0.368049
0.313872 -0.320681 0.373089 0.342039 -0.317762 0.368225
0.312893 -0.32079 0.373263 0.341048 -0.317872 0.368401
0.311914 -0.320898 0.373437 0.340057 -0.317983 0.368577
0.310936 -0.321007 0.373611 0.339066 -0.318093 0.368752
0.309957 -0.321116 0.373785 0.338075 -0.318204 0.368928
0.308978 -0.321225 0.373959 0.337085 -0.318314 0.369104
0.307999 -0.321333 0.374133 0.336094 -0.318425 0.369279
0.307021 -0.321442 0.374307 0.335105 -0.318535 0.369455
0.306042 -0.321551 0.374481 0.334115 -0.318645 0.36963
0.305063 -0.32166 0.374655 0.333126 -0.318756 0.369805
0.304084 -0.321768 0.374829 0.332137 -0.318866 0.369981
0.303106 -0.321877 0.375003 0.331148 -0.318976 0.370156
0.302127 -0.321986 0.375177 0.33016 -0.319086 0.370331
0.301148 -0.322095 0.375351 0.329173 -0.319196 0.370506
0.30017 -0.322203 0.375525 0.328185 -0.319306 0.370681
0.299191 -0.322312 0.375699 0.327691 -0.319361 0.370768
0.298212 -0.322421 0.375873 0.326211 -0.319526 0.371031
0.297233 -0.32253 0.376047 0.325225 -0.319636 0.371206
0.296255 -0.322638 0.376221 0.324239 -0.319746 0.37138
0.295276 -0.322747 0.376395 0.323253 -0.319856 0.371555
0.294297 -0.322856 0.376569 0.322268 -0.319966 0.37173
0.293319 -0.322965 0.376743 0.321282 -0.320076 0.371904
0.29234 -0.323073 0.376917 0.320298 -0.320186 0.372079
0.291361 -0.323182 0.377091 0.319313 -0.320295 0.372253
0.290382 -0.323291 0.377265 0.318329 -0.320405 0.372428
0.289404 -0.3234 0.377439 0.317345 -0.320515 0.372602
0.288425 -0.323508 0.377613 0.316361 -0.320624 0.372776
0.287446 -0.323617 0.377787 0.315377 -0.320734 0.372951
0.286467 -0.323726 0.377961 0.314394 -0.320844 0.373125
0.285489 -0.323835 0.378135 0.313411 -0.320953 0.373299
0.28451 -0.323943 0.378309 0.312428 -0.321063 0.373473
0.283531 -0.324052 0.378483 0.311446 -0.321172 0.373647
0.282553 -0.324161 0.378657 0.310464 -0.321282 0.373821
0.281574 -0.32427 0.378831 0.309482 -0.321391 0.373995
0.280595 -0.324378 0.379005 0.308501 -0.321501 0.374169
0.279616 -0.324487 0.379179 0.307519 -0.32161 0.374343
0.278638 -0.324596 0.379353 0.306538 -0.321719 0.374517
0.277659 -0.324705 0.379527 0.305557 -0.321829 0.374691
0.27668 -0.324813 0.379701 0.304576 -0.321938 0.374865
0.275701 -0.324922 0.379875 0.303595 -0.322048 0.375038
0.274723 -0.325031 0.380049 0.302614 -0.322157 0.375212
0.273744 -0.32514 0.380223 0.301633 -0.322266 0.375386
0.272765 -0.325248 0.380397 0.300653 -0.322376 0.37556
0.271787 -0.325357 0.380571 0.299673 -0.322485 0.375733
0.270808 -0.325466 0.380745 0.298693 -0.322594 0.375907
0.269829 -0.325575 0.380919 0.297713 -0.322704 0.376081
0.26885 -0.325683 0.381093 0.296733 -0.322813 0.376254
0.267872 -0.325792 0.381267 0.295753 -0.322922 0.376428
0.266893 -0.325901 0.381441 0.294774 -0.323032 0.376601
0.265914 -0.32601 0.381615 0.293795 -0.323141 0.376775
0.264936 -0.326118 0.381789 0.292815 -0.32325 0.376948
0.263957 -0.326227 0.381963 0.291836 -0.323359 0.377122
0.262978 -0.326336 0.382137 0.290857 -0.323468 0.377295
0.261999 -0.326445 0.382311 0.289878 -0.323578 0.377469
0.261021 -0.326553 0.382485 0.2889 -0.323687 0.377642
0.260042 -0.326662 0.382659 0.287922 -0.323796 0.377816
0.259063 -0.326771 0.382833 0.286945 -0.323905 0.377989
0.258084 -0.32688 0.383007 0.285968 -0.324014 0.378162
0.257106 -0.326988 0.383181 0.28499 -0.324123 0.378335
0.256127 -0.327097 0.383355 0.284013 -0.324232 0.378508
0.255148 -0.327206 0.383529 0.283036 -0.324341 0.378681
0.25417 -0.327314 0.383703 0.282059 -0.32445 0.378854
0.253191 -0.327423 0.383877 0.281081 -0.324559 0.379028
0.252212 -0.327532 0.384051 0.280104 -0.324668 0.379201
0.251233 -0.327641 0.384225 0.279126 -0.324777 0.379374
0.250255 -0.327749 0.384399 0.278148 -0.324887 0.379548
0.249276 -0.327858 0.384573 0.27717 -0.324996 0.379721
0.248297 -0.327967 0.384747 0.276192 -0.325105 0.379894
0.247319 -0.328076 0.384921 0.275215 -0.325214 0.380067
0.24634 -0.328184 0.385095 0.274237 -0.325323 0.380241
0.245361 -0.328293 0.385269 0.27326 -0.325432 0.380414
0.244382 -0.328402 0.385443 0.272287 -0.325541 0.380586
0.243404 -0.328511 0.385617 0.271316 -0.325649 0.380758
0.242425 -0.328619 0.385791 0.270345 -0.325757 0.38093
0.241446 -0.328728 0.385965 0.269373 -0.325865 0.381102
0.240467 -0.328837 0.386139 0.2684 -0.325974 0.381274
0.239489 -0.328946 0.386313 0.267427 -0.326082 0.381447
0.23851 -0.329054 0.386487 0.266453 -0.326191 0.38162
0.237531 -0.329163 0.386661 0.265477 -0.3263 0.381792
0.236553 -0.329272 0.386835 0.264501 -0.326409 0.381965
0.235574 -0.329381 0.387009 0.264013 -0.326464 0.382052
0.234595 -0.329489 0.387183 0.263525 -0.326518 0.382138
0.233616 -0.329598 0.387357 0.262058 -0.326682 0.382398
0.232638 -0.329707 0.387531 0.261569 -0.326737 0.382485
0.231659 -0.329816 0.387705 0.260591 -0.326846 0.382658
0.23068 -0.329924 0.387879 0.260102 -0.326901 0.382745
0.229701 -0.330033 0.388053 0.257655 -0.327175 0.383179
0.228723 -0.330142 0.388227 0.256682 -0.327283 0.383351
0.227744 -0.330251 0.388401 0.255713 -0.327391 0.383523
0.226765 -0.330359 0.388575 0.254745 -0.327499 0.383694
0.225787 -0.330468 0.388749 0.253775 -0.327607 0.383866
0.224808 -0.330577 0.388923 0.252803 -0.327715 0.384038
0.223829 -0.330686 0.389097 0.251829 -0.327824 0.384211
0.22285 -0.330794 0.389271 0.250855 -0.327933 0.384383
0.221872 -0.330903 0.389445 0.249879 -0.328042 0.384556
0.220893 -0.331012 0.389619 0.248902 -0.328151 0.384729
0.219914 -0.331121 0.389793 0.247925 -0.32826 0.384903
0.218936 -0.331229 0.389967 0.246946 -0.32837 0.385076
0.217957 -0.331338 0.390141 0.245967 -0.328479 0.38525
0.216978 -0.331447 0.390315 0.244987 -0.328589 0.385423
0.215999 -0.331556 0.390489 0.244007 -0.328699 0.385597
0.215021 -0.331664 0.390663 0.243026 -0.328809 0.385771
0.214042 -0.331773 0.390837 0.242045 -0.328918 0.385945
0.213063 -0.331882 0.391011 0.241063 -0.329028 0.386119
0.212084 -0.331991 0.391185 0.240081 -0.329138 0.386293
0.211106 -0.332099 0.391359 0.239099 -0.329248 0.386467
0.210127 -0.332208 0.391533 0.238116 -0.329358 0.386641
0.209148 -0.332317 0.391707 0.237134 -0.329468 0.386815
0.20817 -0.332426 0.391881 0.236151 -0.329578 0.386989
0.207191 -0.332534 0.392055 0.235168 -0.329688 0.387164
0.206212 -0.332643 0.392229 0.234186 -0.329798 0.387338
0.205233 -0.332752 0.392403 0.233203 -0.329908 0.387512
0.204255 -0.332861 0.392577 0.23222 -0.330018 0.387686
0.203276 -0.332969 0.392751 0.231237 -0.330128 0.38786
0.202297 -0.333078 0.392925 0.230254 -0.330238 0.388035
0.201318 -0.333187 0.393099 0.229271 -0.330348 0.388209
0.20034 -0.333296 0.393273 0.228288 -0.330457 0.388383
0.199361 -0.333404 0.393447 0.227306 -0.330567 0.388557
0.198382 -0.333513 0.393621 0.226323 -0.330677 0.388731
0.197404 -0.333622 0.393795 0.225341 -0.330787 0.388905
0.196425 -0.333731 0.393969 0.224358 -0.330896 0.389079
0.195446 -0.333839 0.394143 0.223376 -0.331006 0.389253
0.194467 -0.333948 0.394317 0.222394 -0.331116 0.389427
0.193489 -0.334057 0.394491 0.221412 -0.331226 0.389601
0.19251 -0.334166 0.394665 0.22043 -0.331335 0.389775
0.191531 -0.334274 0.394839 0.219448 -0.331445 0.389949
0.190553 -0.334383 0.395013 0.218466 -0.331554 0.390123
0.189574 -0.334492 0.395187 0.217484 -0.331664 0.390297
0.188595 -0.334601 0.395361 0.216503 -0.331773 0.390471
0.187616 -0.334709 0.395535 0.215521 -0.331883 0.390644
0.186638 -0.334818 0.395709 0.21454 -0.331992 0.390818
0.185659 -0.334927 0.395883 0.213559 -0.332102 0.390992
0.18468 -0.335036 0.396057 0.212578 -0.332211 0.391166
0.183701 -0.335144 0.396231 0.211597 -0.332321 0.391339
0.182723 -0.335253 0.396405 0.210616 -0.33243 0.391513
0.181744 -0.335362 0.396579 0.209636 -0.33254 0.391687
0.180765 -0.335471 0.396753 0.208655 -0.332649 0.391861
0.179787 -0.335579 0.396927 0.207675 -0.332759 0.392034
0.178808 -0.335688 0.397101 0.206694 -0.332868 0.392208
0.177829 -0.335797 0.397275 0.205714 -0.332977 0.392382
0.17685 -0.335906 0.397449 0.204734 -0.333087 0.392555
0.175872 -0.336014 0.397623 0.203753 -0.333196 0.392729
0.174893 -0.336123 0.397797 0.202773 -0.333305 0.392902
0.173914 -0.336232 0.397971 0.201794 -0.333415 0.393076
0.172936 -0.336341 0.398145 0.200814 -0.333524 0.39325
0.171957 -0.336449 0.398319 0.199834 -0.333633 0.393423
0.170978 -0.336558 0.398493 0.198854 -0.333742 0.393597
0.169999 -0.336667 0.398667 0.197875 -0.333852 0.39377
0.169021 -0.336775 0.398841 0.196895 -0.333961 0.393944
0.168042 -0.336884 0.399015 0.195915 -0.33407 0.394117
0.167063 -0.336993 0.399189 0.194936 -0.334179 0.394291
0.166084 -0.337102 0.399363 0.193957 -0.334289 0.394464
0.165106 -0.33721 0.399537 0.192977 -0.334398 0.394638
0.164127 -0.337319 0.399711 0.191998 -0.334507 0.394811
0.163148 -0.337428 0.399885 0.191019 -0.334616 0.394985
0.16217 -0.337537 0.400059 0.19004 -0.334726 0.395158
0.161191 -0.337645 0.400233 0.18906 -0.334835 0.395332
0.160212 -0.337754 0.400407 0.188081 -0.334944 0.395505
0.159233 -0.337863 0.400581 0.187102 -0.335053 0.395679
0.158255 -0.337972 0.400755 0.186123 -0.335163 0.395852
0.157276 -0.33808 0.400929 0.185634 -0.335217 0.395939
0.156297 -0.338189 0.401103 0.184165 -0.335381 0.396199
0.155318 -0.338298 0.401277 0.183186 -0.33549 0.396372
0.15434 -0.338407 0.401451 0.182207 -0.335599 0.396546
0.153361 -0.338515 0.401625 0.181228 -0.335708 0.396719
0.152382 -0.338624 0.401799 0.18025 -0.335818 0.396893
0.151404 -0.338733 0.401973 0.179271 -0.335927 0.397066
0.150425 -0.338842 0.402147 0.178292 -0.336036 0.397239
0.149446 -0.33895 0.402321 0.177313 -0.336145 0.397413
0.148467 -0.339059 0.402495 0.176334 -0.336254 0.397586
0.147489 -0.339168 0.402669 0.175356 -0.336364 0.39776
0.14651 -0.339277 0.402843 0.174377 -0.336473 0.397933
0.145531 -0.339385 0.403017 0.173399 -0.336582 0.398106
0.144553 -0.339494 0.403191 0.172421 -0.336691 0.39828
0.143574 -0.339603 0.403365 0.171443 -0.3368 0.398453
0.142595 -0.339712 0.403539 0.170465 -0.336909 0.398626
0.141616 -0.33982 0.403713 0.169487 -0.337018 0.3988
0.140638 -0.339929 0.403887 0.168509 -0.337127 0.398973
0.139659 -0.340038 0.404061 0.16753 -0.337236 0.399146
0.13868 -0.340147 0.404235 0.166552 -0.337345 0.39932
0.137701 -0.340255 0.404409 0.165574 -0.337454 0.399493
0.136723 -0.340364 0.404583 0.164595 -0.337563 0.399666
0.135744 -0.340473 0.404757 0.163617 -0.337673 0.39984
0.134765 -0.340582 0.404931 0.163127 -0.337727 0.399927
0.133787 -0.34069 0.405105 0.16166 -0.337891 0.400187
0.132808 -0.340799 0.405279 0.160681 -0.338 0.40036
0.131829 -0.340908 0.405453 0.159703 -0.338109 0.400533
0.13085 -0.341017 0.405627 0.158724 -0.338218 0.400707
0.129872 -0.341125 0.405801 0.157745 -0.338327 0.40088
0.128893 -0.341234 0.405975 0.156767 -0.338436 0.401054
0.127914 -0.341343 0.406149 0.155788 -0.338546 0.401227
0.126936 -0.341452 0.406323 0.15481 -0.338655 0.401401
0.125957 -0.34156 0.406497 0.153831 -0.338764 0.401574
0.124978 -0.341669 0.406671 0.153342 -0.338818 0.401661
0.123999 -0.341778 0.406845 0.152852 -0.338873 0.401748
0.123021 -0.341887 0.407019 0.151385 -0.339037 0.402008
0.122042 -0.341995 0.407193 0.149918 -0.3392 0.402268
0.121063 -0.342104 0.407367 0.148944 -0.339308 0.40244
0.120084 -0.342213 0.407541 0.147972 -0.339416 0.402613
0.119106 -0.342322 0.407715 0.146516 -0.339578 0.402871
0.118127 -0.34243 0.407889 0.14603 -0.339632 0.402957
0.117148 -0.342539 0.408063 0.145057 -0.33974 0.403129
0.11617 -0.342648 0.408237 0.144084 -0.339848 0.403302
0.115191 -0.342757 0.408411 0.14311 -0.339957 0.403474
0.114212 -0.342865 0.408585 0.142136 -0.340065 0.403647
0.113233 -0.342974 0.408759 0.141161 -0.340174 0.40382
0.112255 -0.343083 0.408933 0.140673 -0.340228 0.403906
0.111276 -0.343192 0.409107 0.139209 -0.340391 0.404166
0.110297 -0.3433 0.40928 0.138233 -0.3405 0.404339
0.109318 -0.343409 0.409454 0.137257 -0.340609 0.404512
0.10834 -0.343518 0.409628 0.13628 -0.340718 0.404685
0.107361 -0.343627 0.409802 0.135303 -0.340827 0.404858
0.106382 -0.343735 0.409976 0.134326 -0.340936 0.405032
0.105404 -0.343844 0.41015 0.133348 -0.341045 0.405205
0.104425 -0.343953 0.410324 0.13237 -0.341154 0.405379
0.103446 -0.344062 0.410498 0.131391 -0.341263 0.405552
0.102467 -0.34417 0.410672 0.130413 -0.341372 0.405726
0.101489 -0.344279 0.410846 0.129434 -0.341481 0.405899
0.10051 -0.344388 0.41102 0.128454 -0.341591 0.406073
0.0995313 -0.344497 0.411194 0.127475 -0.3417 0.406247
0.0985525 -0.344605 0.411368 0.126495 -0.341809 0.40642
0.0975738 -0.344714 0.411542 0.126005 -0.341864 0.406507
0.0965951 -0.344823 0.411716 0.124536 -0.342028 0.406768
0.0956164 -0.344932 0.41189 0.123556 -0.342137 0.406942
0.0946376 -0.34504 0.412064 0.122575 -0.342246 0.407116
0.0936589 -0.345149 0.412238 0.121595 -0.342356 0.407289
0.0926802 -0.345258 0.412412 0.120615 -0.342465 0.407463
0.0917015 -0.345367 0.412586 0.119635 -0.342574 0.407637
0.0907227 -0.345475 0.41276 0.118655 -0.342683 0.407811
0.089744 -0.345584 0.412934 0.117675 -0.342793 0.407985
0.0887653 -0.345693 0.413108 0.116695 -0.342902 0.408159
0.0877866 -0.345801 0.413282 0.115715 -0.343011 0.408333
0.0868078 -0.34591 0.413456 0.114735 -0.34312 0.408506
0.0858291 -0.346019 0.41363 0.114245 -0.343175 0.408593
0.0848504 -0.346128 0.413804 0.112774 -0.343339 0.408854
0.0838717 -0.346236 0.413978 0.111794 -0.343448 0.409028
0.082893 -0.346345 0.414152 0.111304 -0.343502 0.409115
0.0819142 -0.346454 0.414326 0.110324 -0.343611 0.409289
0.0809355 -0.346563 0.4145 0.108854 -0.343775 0.40955
0.0799568 -0.346671 0.414674 0.107875 -0.343884 0.409724
0.0789781 -0.34678 0.414848 0.106895 -0.343993 0.409897
0.0779993 -0.346889 0.415022 0.105915 -0.344102 0.410071
0.0770206 -0.346998 0.415196 0.104936 -0.344211 0.410245
0.0760419 -0.347106 0.41537 0.103956 -0.34432 0.410419
0.0750632 -0.347215 0.415544 0.102976 -0.344429 0.410593
0.0740844 -0.347324 0.415718 0.101997 -0.344538 0.410767
0.0731057 -0.347433 0.415892 0.101017 -0.344647 0.41094
0.072127 -0.347541 0.416066 0.100038 -0.344756 0.411114
0.0711483 -0.34765 0.41624 0.0990586 -0.344865 0.411288
0.0701695 -0.347759 0.416414 0.0980793 -0.344974 0.411462
0.0691908 -0.347868 0.416588 0.0970999 -0.345083 0.411636
0.0682121 -0.347976 0.416762 0.0961207 -0.345192 0.411809
0.0672334 -0.348085 0.416936 0.095631 -0.345246 0.411896
0.0662547 -0.348194 0.41711 0.0941622 -0.345409 0.412157
0.0652759 -0.348303 0.417284 0.093183 -0.345518 0.412331
0.0642972 -0.348411 0.417458 0.0922037 -0.345627 0.412505
0.0633185 -0.34852 0.417632 0.0912244 -0.345736 0.412679
0.0623398 -0.348629 0.417806 0.0902451 -0.345845 0.412853
0.061361 -0.348738 0.41798 0.0892658 -0.345954 0.413026
0.0603823 -0.348846 0.418154 0.0882867 -0.346063 0.4132
0.0594036 -0.348955 0.418328 0.0873076 -0.346171 0.413374
0.0584249 -0.349064 0.418502 0.0863285 -0.34628 0.413548
0.0574461 -0.349173 0.418676 0.0853496 -0.346389 0.413722
0.0564674 -0.349281 0.41885 0.0843707 -0.346498 0.413896
0.0554887 -0.34939 0.419024 0.0833918 -0.346607 0.414069
0.05451 -0.349499 0.419198 0.082413 -0.346715 0.414243
0.0535312 -0.349608 0.419372 0.0814343 -0.346824 0.414417
0.0525525 -0.349716 0.419546 0.0804556 -0.346933 0.414591
0.0515738 -0.349825 0.41972 0.079477 -0.347042 0.414765
0.0505951 -0.349934 0.419894 0.0784984 -0.34715 0.414938
0.0496164 -0.350043 0.420068 0.0775198 -0.347259 0.415112
0.0486376 -0.350151 0.420242 0.0765414 -0.347368 0.415286
0.0476589 -0.35026 0.420416 0.075563 -0.347477 0.41546
0.0466802 -0.350369 0.42059 0.0745846 -0.347585 0.415634
0.0457015 -0.350478 0.420764 0.0736062 -0.347694 0.415807
0.0447227 -0.350586 0.420938 0.0726279 -0.347803 0.415981
0.043744 -0.350695 0.421112 0.0721388 -0.347857 0.416068
0.0427653 -0.350804 0.421286 0.0706713 -0.34802 0.416329
0.0417866 -0.350913 0.42146 0.0696931 -0.348129 0.416503
0.0408078 -0.351021 0.421634 0.0687148 -0.348237 0.416676
0.0398291 -0.35113 0.421808 0.0677367 -0.348346 0.41685
0.0388504 -0.351239 0.421982 0.0667585 -0.348455 0.417024
0.0378717 -0.351348 0.422156 0.0657804 -0.348563 0.417198
0.0368929 -0.351456 0.42233 0.0648026 -0.348672 0.417372
0.0359142 -0.351565 0.422504 0.0638249 -0.34878 0.417545
0.0349355 -0.351674 0.422678 0.0628473 -0.348889 0.417719
0.0339568 -0.351783 0.422852 0.0618702 -0.348998 0.417893
0.0329781 -0.351891 0.423026 0.0608946 -0.349106 0.418066
0.0319993 -0.352 0.4232 0.0599203 -0.349214 0.418239
0.0310206 -0.352109 0.423374 0.0589461 -0.349322 0.418412
0.0300419 -0.352218 0.423548 0.0579714 -0.34943 0.418586
0.0290632 -0.352326 0.423722 0.0569962 -0.349538 0.418759
0.0280844 -0.352435 0.423896 0.0560206 -0.349646 0.418932
0.0271057 -0.352544 0.42407 0.0550446 -0.349755 0.419106
0.026127 -0.352653 0.424244 0.0540684 -0.349863 0.419279
0.0251483 -0.352761 0.424418 0.053092 -0.349971 0.419453
0.0241695 -0.35287 0.424592 0.0521154 -0.35008 0.419627
0.0231908 -0.352979 0.424766 0.0511386 -0.350188 0.4198
0.0222121 -0.353088 0.42494 0.0506501 -0.350243 0.419887
0.0212334 -0.353196 0.425114 0.0491842 -0.350405 0.420148
0.0202546 -0.353305 0.425288 0.0482067 -0.350514 0.420322
0.0192759 -0.353414 0.425462 0.0472289 -0.350623 0.420496
0.0182972 -0.353523 0.425636 0.04674 -0.350677 0.420582
0.0173185 -0.353631 0.42581 0.045762 -0.350786 0.420756
0.0163398 -0.35374 0.425984 0.0442948 -0.350949 0.421017
0.015361 -0.353849 0.426158 0.0433165 -0.351057 0.421191
0.0143823 -0.353958 0.426332 0.042338 -0.351166 0.421365
0.0134036 -0.354066 0.426506 0.0408703 -0.351329 0.421626
0.0124249 -0.354175 0.42668 0.0398917 -0.351438 0.4218
0.0114461 -0.354284 0.426854 0.0389133 -0.351547 0.421974
0.0104674 -0.354393 0.427028 0.0379371 -0.351655 0.422148
0.00948869 -0.354501 0.427202 0.0369648 -0.351763 0.422321
0.00850996 -0.35461 0.427376 0.0359962 -0.351869 0.422493
0.00753124 -0.354719 0.42755 0.0350307 -0.351976 0.422665
0.00655252 -0.354828 0.427724 0.0345489 -0.352029 0.422751
0.00557379 -0.354936 0.427898 0.0331063 -0.352188 0.423007
0.00459507 -0.355045 0.428072 0.0321466 -0.352293 0.423178
0.00361635 -0.355154 0.428246 0.0311886 -0.352399 0.423349
0.00263762 -0.355262 0.42842 0.030232 -0.352504 0.423519
0.0016589 -0.355371 0.428594 0.0292766 -0.352609 0.423689
0.000680176 -0.35548 0.428768 0.0283221 -0.352714 0.423858
-0.000298547 -0.355589 0.428942 0.0273685 -0.352819 0.424028
-0.00127727 -0.355697 0.429116 0.0264156 -0.352924 0.424198
-0.00225599 -0.355806 0.42929 0.0254629 -0.353029 0.424367
-0.00323472 -0.355915 0.429464 0.0245089 -0.353134 0.424537
-0.00421344 -0.356024 0.429638 0.0235524 -0.35324 0.424707
-0.00519217 -0.356132 0.429812 0.0225948 -0.353345 0.424878
-0.00617089 -0.356241 0.429986 0.0216376 -0.353451 0.425048
-0.00714961 -0.35635 0.43016 0.0211591 -0.353504 0.425133
-0.00812834 -0.356459 0.430334 0.0197239 -0.353663 0.425389
-0.00910706 -0.356567 0.430508 0.0187671 -0.353769 0.425559
-0.0100858 -0.356676 0.430682 0.0178104 -0.353875 0.425729
-0.0110645 -0.356785 0.430856 0.0163747 -0.354034 0.425985
-0.0120432 -0.356894 0.43103 0.0158959 -0.354087 0.42607
-0.013022 -0.357002 0.431204 0.0149376 -0.354194 0.426241
-0.0140007 -0.357111 0.431378 0.0139787 -0.3543 0.426411
-0.0149794 -0.35722 0.431552 0.0130191 -0.354407 0.426582
-0.0159581 -0.357329 0.431726 0.0115786 -0.354567 0.426839
-0.0169368 -0.357437 0.4319 0.0110983 -0.35462 0.426924
-0.0179156 -0.357546 0.432074 0.0101374 -0.354727 0.427095
-0.0188943 -0.357655 0.432248 0.00917561 -0.354834 0.427267
-0.019873 -0.357764 0.432422 0.00821233 -0.354941 0.427438
-0.0208517 -0.357872 0.432596 0.00724825 -0.355048 0.42761
-0.0218305 -0.357981 0.43277 0.00628405 -0.355156 0.427782
-0.0228092 -0.35809 0.432944 0.00531967 -0.355263 0.427953
-0.0237879 -0.358199 0.433118 0.00435489 -0.35537 0.428125
-0.0247666 -0.358307 0.433292 0.00338917 -0.355478 0.428297
-0.0257454 -0.358416 0.433466 0.00242213 -0.355586 0.428469
-0.0267241 -0.358525 0.43364 0.00145442 -0.355693 0.428642
-0.0277028 -0.358634 0.433814 0.000486698 -0.355801 0.428814
-0.0286815 -0.358742 0.433988 -0.000481002 -0.355909 0.428986
-0.0296603 -0.358851 0.434162 -0.00144878 -0.356017 0.429159
-0.030639 -0.35896 0.434336 -0.00241702 -0.356125 0.429331
-0.0316177 -0.359069 0.43451 -0.00338604 -0.356232 0.429504
-0.0325964 -0.359177 0.434684 -0.00435565 -0.35634 0.429677
-0.0335751 -0.359286 0.434858 -0.00532557 -0.356448 0.429849
-0.0345539 -0.359395 0.435032 -0.00629564 -0.356556 0.430022
-0.0355326 -0.359504 0.435206 -0.00726572 -0.356664 0.430195
-0.0365113 -0.359612 0.43538 -0.00823583 -0.356772 0.430368
-0.03749 -0.359721 0.435554 -0.00920603 -0.35688 0.430541
-0.0384688 -0.35983 0.435728 -0.0101766 -0.356988 0.430714
-0.0394475 -0.359939 0.435902 -0.0121194 -0.357204 0.43106
-0.0404262 -0.360047 0.436076 -0.0126052 -0.357258 0.431146
-0.0414049 -0.360156 0.43625 -0.0135768 -0.357366 0.43132
-0.0423837 -0.360265 0.436424 -0.0145484 -0.357474 0.431493
-0.0433624 -0.360374 0.436598 -0.0155201 -0.357582 0.431666
-0.0443411 -0.360482 0.436772 -0.0160058 -0.357636 0.431752
-0.0453198 -0.360591 0.436946 -0.0174627 -0.357798 0.432012
-0.0462986 -0.3607 0.43712 -0.018434 -0.357906 0.432185
-0.0472773 -0.360809 0.437294 -0.0194055 -0.358014 0.432358
-0.048256 -0.360917 0.437468 -0.0203772 -0.358122 0.432531
-0.0492347 -0.361026 0.437642 -0.0213489 -0.35823 0.432705
-0.0502134 -0.361135 0.437816 -0.0223207 -0.358338 0.432878
-0.0511922 -0.361244 0.43799 -0.0232926 -0.358446 0.433051
-0.0521709 -0.361352 0.438164 -0.0242645 -0.358554 0.433224
-0.0531496 -0.361461 0.438338 -0.0252365 -0.358662 0.433398
-0.0541283 -0.36157 0.438512 -0.0262086 -0.35877 0.433571
-0.0551071 -0.361679 0.438686 -0.0271809 -0.358878 0.433744
-0.0560858 -0.361787 0.43886 -0.0281534 -0.358985 0.433917
-0.0570645 -0.361896 0.439034 -0.0291259 -0.359093 0.434091
-0.0580432 -0.362005 0.439208 -0.0300987 -0.359201 0.434264
-0.059022 -0.362114 0.439382 -0.0315583 -0.359364 0.434524
-0.0600007 -0.362222 0.439556 -0.0325317 -0.359472 0.434698
-0.0609794 -0.362331 0.43973 -0.0335048 -0.35958 0.434871
-0.0619581 -0.36244 0.439904 -0.0339911 -0.359634 0.434958
-0.0629369 -0.362549 0.440078 -0.0354493 -0.359795 0.435218
-0.0639156 -0.362657 0.440252 -0.0359352 -0.359849 0.435305
-0.0648943 -0.362766 0.440426 -0.0373922 -0.360011 0.435565
-0.065873 -0.362875 0.4406 -0.0378774 -0.360065 0.435651
-0.0668517 -0.362984 0.440774 -0.0388475 -0.360172 0.435824
-0.0678305 -0.363092 0.440948 -0.0398176 -0.360279 0.435997
-0.0688092 -0.363201 0.441122 -0.0407879 -0.360387 0.43617
-0.0697879 -0.36331 0.441296 -0.0417585 -0.360495 0.436343
-0.0707666 -0.363419 0.44147 -0.0432146 -0.360656 0.436603
-0.0717454 -0.363527 0.441644 -0.0437 -0.36071 0.436689
-0.0727241 -0.363636 0.441818 -0.0451564 -0.360871 0.436949
-0.0737028 -0.363745 0.441992 -0.0456418 -0.360925 0.437035
-0.0746815 -0.363854 0.442166 -0.0470979 -0.361087 0.437295
-0.0756603 -0.363962 0.44234 -0.0480684 -0.361194 0.437468
-0.076639 -0.364071 0.442514 -0.0490375 -0.361302 0.437641
-0.0776177 -0.36418 0.442688 -0.0500042 -0.361409 0.437813
-0.0785964 -0.364288 0.442862 -0.0509698 -0.361515 0.437985
-0.0795752 -0.364397 0.443036 -0.0519354 -0.361622 0.438158
-0.0805539 -0.364506 0.44321 -0.0529014 -0.361729 0.43833
-0.0815326 -0.364615 0.443384 -0.0538676 -0.361836 0.438502
-0.0825113 -0.364723 0.443558 -0.0548341 -0.361943 0.438674
-0.08349 -0.364832 0.443732 -0.0558008 -0.36205 0.438847
-0.0844688 -0.364941 0.443906 -0.0567668 -0.362157 0.439019
-0.0854475 -0.36505 0.44408 -0.0577314 -0.362264 0.439191
-0.0864262 -0.365158 0.444254 -0.0586956 -0.362371 0.439363
-0.0874049 -0.365267 0.444428 -0.0596602 -0.362477 0.439535
-0.0883837 -0.365376 0.444602 -0.0606247 -0.362584 0.439707
-0.0893624 -0.365485 0.444776 -0.0615883 -0.362691 0.439879
-0.0903411 -0.365593 0.44495 -0.0625519 -0.362797 0.440051
-0.0913198 -0.365702 0.445124 -0.063516 -0.362904 0.440223
-0.0922986 -0.365811 0.445298 -0.0644809 -0.363011 0.440395
-0.0932773 -0.36592 0.445472 -0.0654469 -0.363118 0.440567
-0.094256 -0.366028 0.445646 -0.0664137 -0.363226 0.440739
-0.0952347 -0.366137 0.44582 -0.0673814 -0.363333 0.440912
-0.0962135 -0.366246 0.445994 -0.0683499 -0.363441 0.441085
-0.0971922 -0.366355 0.446167 -0.0693192 -0.363549 0.441258
-0.0981709 -0.366463 0.446341 -0.070288 -0.363656 0.441431
-0.0991496 -0.366572 0.446515 -0.0712554 -0.363764 0.441603
-0.100128 -0.366681 0.446689 -0.0717389 -0.363817 0.441689
-0.101107 -0.36679 0.446863 -0.0731907 -0.363978 0.441948
-0.102086 -0.366898 0.447037 -0.0741587 -0.364086 0.442121
-0.103065 -0.367007 0.447211 -0.0751254 -0.364193 0.442293
-0.104043 -0.367116 0.447385 -0.0760908 -0.3643 0.442466
-0.105022 -0.367225 0.447559 -0.0770551 -0.364407 0.442638
-0.106001 -0.367333 0.447733 -0.0780186 -0.364514 0.442809
-0.106979 -0.367442 0.447907 -0.0789818 -0.36462 0.442981
-0.107958 -0.367551 0.448081 -0.0794633 -0.364674 0.443067
-0.108937 -0.36766 0.448255 -0.0813906 -0.364887 0.443411
-0.109916 -0.367768 0.448429 -0.0818731 -0.364941 0.443497
-0.110894 -0.367877 0.448603 -0.0828394 -0.365048 0.443669
-0.111873 -0.367986 0.448777 -0.0838061 -0.365155 0.443842
-0.112852 -0.368095 0.448951 -0.0847721 -0.365263 0.444014
-0.11383 -0.368203 0.449125 -0.0857376 -0.36537 0.444186
-0.114809 -0.368312 0.449299 -0.0867025 -0.365477 0.444358
-0.115788 -0.368421 0.449473 -0.0876671 -0.365584 0.44453
-0.116767 -0.36853 0.449647 -0.0886313 -0.365691 0.444702
-0.117745 -0.368638 0.449821 -0.0895954 -0.365798 0.444874
-0.118724 -0.368747 0.449995 -0.0905594 -0.365904 0.445046
-0.119703 -0.368856 0.450169 -0.0915236 -0.366011 0.445218
-0.120682 -0.368965 0.450343 -0.0924882 -0.366118 0.44539
-0.12166 -0.369073 0.450517 -0.0934531 -0.366225 0.445562
-0.122639 -0.369182 0.450691 -0.094901 -0.366386 0.445821
-0.123618 -0.369291 0.450865 -0.0953842 -0.36644 0.445907
-0.124596 -0.3694 0.451039 -0.0963517 -0.366547 0.446079
-0.125575 -0.369508 0.451213 -0.09732 -0.366655 0.446252
-0.126554 -0.369617 0.451387 -0.0982883 -0.366763 0.446425
-0.127533 -0.369726 0.451561 -0.0992566 -0.36687 0.446598
-0.128511 -0.369835 0.451735 -0.100225 -0.366978 0.44677
-0.12949 -0.369943 0.451909 -0.101193 -0.367086 0.446943
-0.130469 -0.370052 0.452083 -0.102162 -0.367193 0.447116
-0.131447 -0.370161 0.452257 -0.10313 -0.367301 0.447289
-0.132426 -0.37027 0.452431 -0.104099 -0.367408 0.447462
-0.133405 -0.370378 0.452605 -0.105068 -0.367516 0.447635
-0.134384 -0.370487 0.452779 -0.106038 -0.367624 0.447808
-0.135362 -0.370596 0.452953 -0.107007 -0.367732 0.44798
-0.136341 -0.370705 0.453127 -0.107977 -0.367839 0.448154
-0.13732 -0.370813 0.453301 -0.108948 -0.367947 0.448327
-0.138299 -0.370922 0.453475 -0.109921 -0.368056 0.448501
-0.139277 -0.371031 0.453649 -0.110896 -0.368164 0.448674
-0.140256 -0.37114 0.453823 -0.11187 -0.368273 0.448848
-0.141235 -0.371248 0.453997 -0.112844 -0.368381 0.449022
-0.142213 -0.371357 0.454171 -0.113818 -0.36849 0.449196
-0.143192 -0.371466 0.454345 -0.114792 -0.368598 0.44937
-0.144171 -0.371575 0.454519 -0.115765 -0.368706 0.449543
-0.14515 -0.371683 0.454693 -0.116739 -0.368814 0.449717
-0.146128 -0.371792 0.454867 -0.117713 -0.368923 0.449891
-0.147107 -0.371901 0.455041 -0.118687 -0.369031 0.450065
-0.148086 -0.37201 0.455215 -0.119661 -0.369139 0.450238
-0.149065 -0.372118 0.455389 -0.120635 -0.369247 0.450412
-0.150043 -0.372227 0.455563 -0.121608 -0.369356 0.450586
-0.151022 -0.372336 0.455737 -0.122582 -0.369464 0.45076
-0.152001 -0.372445 0.455911 -0.123556 -0.369572 0.450933
-0.152979 -0.372553 0.456085 -0.124531 -0.36968 0.451107
-0.153958 -0.372662 0.456259 -0.125506 -0.369788 0.451281
-0.154937 -0.372771 0.456433 -0.126481 -0.369897 0.451455
-0.155916 -0.37288 0.456607 -0.127456 -0.370005 0.451629
-0.156894 -0.372988 0.456781 -0.128432 -0.370114 0.451803
-0.157873 -0.373097 0.456955 -0.129407 -0.370222 0.451977
-0.158852 -0.373206 0.457129 -0.130382 -0.37033 0.452151
-0.15983 -0.373314 0.457303 -0.131357 -0.370439 0.452325
-0.160809 -0.373423 0.457477 -0.132333 -0.370547 0.452499
-0.161788 -0.373532 0.457651 -0.133308 -0.370655 0.452673
-0.162767 -0.373641 0.457825 -0.134283 -0.370763 0.452847
-0.163745 -0.373749 0.457999 -0.135259 -0.370872 0.453021
-0.164724 -0.373858 0.458173 -0.136236 -0.37098 0.453195
-0.165703 -0.373967 0.458347 -0.137215 -0.371089 0.45337
-0.166682 -0.374076 0.458521 -0.138196 -0.371199 0.453545
-0.16766 -0.374184 0.458695 -0.139179 -0.371308 0.453721
-0.168639 -0.374293 0.458869 -0.140163 -0.371418 0.453896
-0.169618 -0.374402 0.459043 -0.141146 -0.371527 0.454072
-0.170596 -0.374511 0.459217 -0.142128 -0.371637 0.454247
-0.171575 -0.374619 0.459391 -0.14311 -0.371746 0.454422
-0.172554 -0.374728 0.459565 -0.144091 -0.371855 0.454597
-0.173533 -0.374837 0.459739 -0.145071 -0.371964 0.454772
-0.174511 -0.374946 0.459913 -0.146051 -0.372073 0.454947
-0.17549 -0.375054 0.460087 -0.14703 -0.372181 0.455122
-0.176469 -0.375163 0.460261 -0.148008 -0.37229 0.455296
-0.177448 -0.375272 0.460435 -0.148987 -0.372398 0.45547
-0.178426 -0.375381 0.460609 -0.149964 -0.372507 0.455645
-0.179405 -0.375489 0.460783 -0.150942 -0.372615 0.455819
-0.180384 -0.375598 0.460957 -0.151919 -0.372723 0.455993
-0.181362 -0.375707 0.461131 -0.152896 -0.372832 0.456168
-0.182341 -0.375816 0.461305 -0.153873 -0.37294 0.456342
-0.18332 -0.375924 0.461479 -0.154853 -0.373049 0.456517
-0.184299 -0.376033 0.461653 -0.155835 -0.373158 0.456692
-0.185277 -0.376142 0.461827 -0.156818 -0.373267 0.456868
-0.186256 -0.376251 0.462001 -0.157802 -0.373377 0.457043
-0.187235 -0.376359 0.462175 -0.158785 -0.373486 0.457219
-0.188213 -0.376468 0.462349 -0.159768 -0.373595 0.457394
-0.189192 -0.376577 0.462523 -0.160258 -0.37365 0.457481
-0.190171 -0.376686 0.462697 -0.161239 -0.373759 0.457656
-0.19115 -0.376794 0.462871 -0.162219 -0.373867 0.457831
-0.192128 -0.376903 0.463045 -0.165644 -0.374247 0.458442
-0.193107 -0.377012 0.463219 -0.16662 -0.374355 0.458616
-0.194086 -0.377121 0.463393 -0.167593 -0.374463 0.458789
-0.195065 -0.377229 0.463567 -0.168557 -0.374569 0.45896
-0.196043 -0.377338 0.463741 -0.169513 -0.374674 0.45913
-0.197022 -0.377447 0.463915 -0.170464 -0.374777 0.459299
-0.198001 -0.377556 0.464089 -0.171408 -0.37488 0.459467
-0.198979 -0.377664 0.464263 -0.172347 -0.374983 0.459633
-0.199958 -0.377773 0.464437 -0.173283 -0.375084 0.459799
-0.200937 -0.377882 0.464611 -0.174214 -0.375186 0.459965
-0.201916 -0.377991 0.464785 -0.174679 -0.375236 0.460047
-0.202894 -0.378099 0.464959 -0.175607 -0.375337 0.460212
-0.203873 -0.378208 0.465133 -0.176996 -0.375488 0.460458
-0.204852 -0.378317 0.465307 -0.17792 -0.375589 0.460622
-0.20583 -0.378426 0.465481 -0.178843 -0.37569 0.460786
-0.206809 -0.378534 0.465655 -0.179767 -0.375791 0.46095
-0.207788 -0.378643 0.465829 -0.180692 -0.375892 0.461114
-0.208767 -0.378752 0.466003 -0.181617 -0.375993 0.461279
-0.209745 -0.378861 0.466177 -0.183006 -0.376146 0.461526
-0.210724 -0.378969 0.466351 -0.183933 -0.376248 0.461691
-0.211703 -0.379078 0.466525 -0.184861 -0.37635 0.461856
-0.212682 -0.379187 0.466699 -0.185325 -0.376401 0.461938
-0.21366 -0.379296 0.466873 -0.186252 -0.376504 0.462104
-0.214639 -0.379404 0.467047 -0.187645 -0.376658 0.462352
-0.215618 -0.379513 0.467221 -0.188575 -0.376761 0.462517
-0.216596 -0.379622 0.467395 -0.18904 -0.376812 0.4626
-0.217575 -0.379731 0.467569 -0.189506 -0.376864 0.462683
-0.218554 -0.379839 0.467743 -0.191371 -0.377071 0.463016
-0.219533 -0.379948 0.467917 -0.192306 -0.377175 0.463182
-0.220511 -0.380057 0.468091 -0.193243 -0.377279 0.46335
-0.22149 -0.380166 0.468265 -0.193712 -0.377331 0.463433
-0.222469 -0.380274 0.468439 -0.195122 -0.377488 0.463685
-0.223448 -0.380383 0.468613 -0.196066 -0.377594 0.463853
-0.224426 -0.380492 0.468787 -0.196539 -0.377647 0.463938
-0.225405 -0.380601 0.468961 -0.197961 -0.377806 0.464192
-0.226384 -0.380709 0.469135 -0.198909 -0.377912 0.464361
-0.227362 -0.380818 0.469309 -0.199384 -0.377965 0.464446
-0.228341 -0.380927 0.469483 -0.200809 -0.378125 0.4647
-0.22932 -0.381036 0.469657 -0.201284 -0.378178 0.464785
-0.230299 -0.381144 0.469831 -0.202712 -0.378337 0.46504
-0.231277 -0.381253 0.470005 -0.203665 -0.378444 0.46521
-0.232256 -0.381362 0.470179 -0.204142 -0.378497 0.465296
-0.233235 -0.381471 0.470353 -0.205096 -0.378604 0.465466
-0.234213 -0.381579 0.470527 -0.206052 -0.378711 0.465637
-0.235192 -0.381688 0.470701 -0.207009 -0.378818 0.465807
-0.236171 -0.381797 0.470875 -0.207966 -0.378925 0.465978
-0.23715 -0.381906 0.471049 -0.208924 -0.379032 0.466149
-0.238128 -0.382014 0.471223 -0.210363 -0.379193 0.466406
-0.239107 -0.382123 0.471397 -0.210843 -0.379247 0.466492
-0.240086 -0.382232 0.471571 -0.211804 -0.379354 0.466664
-0.241065 -0.382341 0.471745 -0.213246 -0.379515 0.466921
-0.242043 -0.382449 0.471919 -0.213728 -0.379569 0.467007
-0.243022 -0.382558 0.472093 -0.214691 -0.379677 0.467179
-0.244001 -0.382667 0.472267 -0.215655 -0.379784 0.467351
-0.244979 -0.382775 0.472441 -0.21662 -0.379892 0.467523
-0.245958 -0.382884 0.472615 -0.217586 -0.38 0.467696
-0.246937 -0.382993 0.472789 -0.218552 -0.380108 0.467868
-0.247916 -0.383102 0.472963 -0.219519 -0.380216 0.468041
-0.248894 -0.38321 0.473137 -0.220486 -0.380324 0.468213
-0.249873 -0.383319 0.473311 -0.221454 -0.380432 0.468386
-0.250852 -0.383428 0.473485 -0.222423 -0.38054 0.468559
-0.25183 -0.383537 0.473659 -0.223392 -0.380648 0.468732
-0.252809 -0.383645 0.473833 -0.224361 -0.380756 0.468905
-0.253788 -0.383754 0.474007 -0.225332 -0.380864 0.469078
-0.254767 -0.383863 0.474181 -0.225817 -0.380918 0.469164
-0.255745 -0.383972 0.474355 -0.227274 -0.381081 0.469424
-0.256724 -0.38408 0.474529 -0.228245 -0.381189 0.469598
-0.257703 -0.384189 0.474703 -0.229217 -0.381297 0.469771
-0.258682 -0.384298 0.474877 -0.23019 -0.381406 0.469944
-0.25966 -0.384407 0.475051 -0.231163 -0.381514 0.470118
-0.260639 -0.384515 0.475225 -0.232136 -0.381622 0.470292
-0.261618 -0.384624 0.475399 -0.23311 -0.381731 0.470465
-0.262596 -0.384733 0.475573 -0.234084 -0.381839 0.470639
-0.263575 -0.384842 0.475747 -0.235058 -0.381948 0.470813
-0.264554 -0.38495 0.475921 -0.236033 -0.382056 0.470987
-0.265533 -0.385059 0.476095 -0.237008 -0.382165 0.471161
-0.266511 -0.385168 0.476269 -0.237985 -0.382273 0.471335
-0.26749 -0.385277 0.476443 -0.238964 -0.382383 0.471509
-0.268469 -0.385385 0.476617 -0.239944 -0.382492 0.471684
-0.269448 -0.385494 0.476791 -0.240925 -0.382601 0.471859
-0.270426 -0.385603 0.476965 -0.241907 -0.382711 0.472034
-0.271405 -0.385712 0.477139 -0.242891 -0.38282 0.47221
-0.272384 -0.38582 0.477313 -0.243875 -0.38293 0.472386
-0.273362 -0.385929 0.477487 -0.244859 -0.38304 0.472561
-0.274341 -0.386038 0.477661 -0.245844 -0.38315 0.472737
-0.27532 -0.386147 0.477835 -0.24683 -0.38326 0.472913
-0.276299 -0.386255 0.478009 -0.247818 -0.38337 0.473089
-0.277277 -0.386364 0.478183 -0.248312 -0.383425 0.473177
-0.278256 -0.386473 0.478357 -0.249797 -0.383591 0.473442
-0.279235 -0.386582 0.478531 -0.250788 -0.383701 0.473619
-0.280213 -0.38669 0.478705 -0.251779 -0.383812 0.473796
-0.281192 -0.386799 0.478879 -0.252768 -0.383922 0.473972
-0.282171 -0.386908 0.479053 -0.253756 -0.384032 0.474148
-0.28315 -0.387017 0.479227 -0.254742 -0.384141 0.474324
-0.284128 -0.387125 0.479401 -0.255727 -0.384251 0.474499
-0.285107 -0.387234 0.479575 -0.25671 -0.38436 0.474675
-0.286086 -0.387343 0.479749 -0.257694 -0.384469 0.47485
-0.287065 -0.387452 0.479923 -0.258679 -0.384578 0.475025
-0.288043 -0.38756 0.480097 -0.259664 -0.384687 0.475201
-0.289022 -0.387669 0.480271 -0.260648 -0.384796 0.475376
-0.290001 -0.387778 0.480445 -0.26163 -0.384905 0.475551
-0.290979 -0.387887 0.480619 -0.262611 -0.385014 0.475725
-0.291958 -0.387995 0.480793 -0.263592 -0.385122 0.4759
-0.292937 -0.388104 0.480967 -0.264571 -0.385231 0.476074
-0.293916 -0.388213 0.481141 -0.26555 -0.385339 0.476248
-0.294894 -0.388322 0.481315 -0.266528 -0.385447 0.476422
-0.295873 -0.38843 0.481489 -0.267505 -0.385555 0.476596
-0.296852 -0.388539 0.481663 -0.268481 -0.385663 0.47677
-0.29783 -0.388648 0.481837 -0.269457 -0.385771 0.476943
-0.298809 -0.388757 0.482011 -0.270433 -0.385879 0.477117
-0.299788 -0.388865 0.482185 -0.270921 -0.385933 0.477203
-0.300767 -0.388974 0.482359 -0.272383 -0.386095 0.477464
-0.301745 -0.389083 0.482533 -0.273358 -0.386202 0.477637
-0.302724 -0.389192 0.482707 -0.274333 -0.38631 0.47781
-0.303703 -0.3893 0.482881 -0.275307 -0.386418 0.477984
-0.304682 -0.389409 0.483054 -0.276282 -0.386526 0.478157
-0.30566 -0.389518 0.483228 -0.277256 -0.386634 0.478331
-0.306639 -0.389627 0.483402 -0.27823 -0.386742 0.478504
-0.307618 -0.389735 0.483576 -0.279205 -0.386849 0.478677
-0.308596 -0.389844 0.48375 -0.280179 -0.386957 0.478851
-0.309575 -0.389953 0.483924 -0.281153 -0.387065 0.479024
-0.310554 -0.390062 0.484098 -0.282127 -0.387173 0.479198
-0.311533 -0.39017 0.484272 -0.283102 -0.387281 0.479371
-0.312511 -0.390279 0.484446 -0.284077 -0.387389 0.479545
-0.31349 -0.390388 0.48462 -0.285053 -0.387497 0.479718
-0.314469 -0.390497 0.484794 -0.28603 -0.387606 0.479892
-0.315448 -0.390605 0.484968 -0.286519 -0.38766 0.47998
-0.316426 -0.390714 0.485142 -0.287987 -0.387823 0.480241
-0.317405 -0.390823 0.485316 -0.288967 -0.387932 0.480416
-0.318384 -0.390932 0.48549 -0.289949 -0.388042 0.480591
-0.319362 -0.39104 0.485664 -0.290932 -0.388151 0.480766
-0.320341 -0.391149 0.485838 -0.291915 -0.388261 0.480941
-0.32132 -0.391258 0.486012 -0.292897 -0.38837 0.481116
-0.322299 -0.391367 0.486186 -0.293879 -0.388479 0.481291
-0.323277 -0.391475 0.48636 -0.294861 -0.388588 0.481466
-0.324256 -0.391584 0.486534 -0.295842 -0.388697 0.481641
-0.325235 -0.391693 0.486708 -0.296822 -0.388806 0.481816
-0.326213 -0.391801 0.486882 -0.297803 -0.388915 0.48199
-0.327192 -0.39191 0.487056 -0.298784 -0.389024 0.482165
-0.328171 -0.392019 0.48723 -0.299767 -0.389134 0.48234
-0.32915 -0.392128 0.487404 -0.300259 -0.389188 0.482428
-0.330128 -0.392236 0.487578 -0.301245 -0.389298 0.482604
-0.331107 -0.392345 0.487752 -0.302725 -0.389463 0.482868
-0.332086 -0.392454 0.487926 -0.303714 -0.389573 0.483044
-0.333065 -0.392563 0.4881 -0.304703 -0.389683 0.48322
-0.334043 -0.392671 0.488274 -0.305691 -0.389794 0.483397
-0.335022 -0.39278 0.488448 -0.306679 -0.389904 0.483573
-0.336001 -0.392889 0.488622 -0.307665 -0.390013 0.483748
-0.336979 -0.392998 0.488796 -0.308649 -0.390122 0.483924
-0.337958 -0.393106 0.48897 -0.309632 -0.390232 0.484099
-0.338937 -0.393215 0.489144 -0.310615 -0.390341 0.484274
-0.339916 -0.393324 0.489318 -0.311599 -0.39045 0.484449
-0.340894 -0.393433 0.489492 -0.312584 -0.390559 0.484624
-0.341873 -0.393541 0.489666 -0.313566 -0.390668 0.484799
-0.342852 -0.39365 0.48984 -0.314549 -0.390777 0.484974
-0.343831 -0.393759 0.490014 -0.315041 -0.390832 0.485062
-0.344809 -0.393868 0.490188 -0.316517 -0.390996 0.485325
-0.345788 -0.393976 0.490362 -0.317502 -0.391105 0.4855
-0.346767 -0.394085 0.490536 -0.318487 -0.391215 0.485675
-0.347745 -0.394194 0.49071 -0.319469 -0.391324 0.48585
-0.348724 -0.394303 0.490884 -0.32045 -0.391432 0.486025
-0.349703 -0.394411 0.491058 -0.32143 -0.391541 0.486199
-0.350682 -0.39452 0.491232 -0.322408 -0.391649 0.486373
-0.35166 -0.394629 0.491406 -0.323386 -0.391758 0.486547
-0.352639 -0.394738 0.49158 -0.324362 -0.391866 0.48672
-0.353618 -0.394846 0.491754 -0.325338 -0.391974 0.486894
-0.354596 -0.394955 0.491928 -0.326313 -0.392081 0.487067
-0.355575 -0.395064 0.492102 -0.327287 -0.392189 0.487241
-0.356554 -0.395173 0.492276 -0.328263 -0.392297 0.487414
-0.357533 -0.395281 0.49245 -0.329239 -0.392405 0.487588
-0.358511 -0.39539 0.492624 -0.330218 -0.392514 0.487762
-0.35949 -0.395499 0.492798 -0.331198 -0.392623 0.487936
-0.360469 -0.395608 0.492972 -0.332179 -0.392732 0.488111
-0.361448 -0.395716 0.493146 -0.333161 -0.392841 0.488286
-0.362426 -0.395825 0.49332 -0.334143 -0.39295 0.488461
-0.363405 -0.395934 0.493494 -0.335123 -0.393059 0.488636
-0.364384 -0.396043 0.493668 -0.336103 -0.393168 0.48881
-0.365362 -0.396151 0.493842 -0.337081 -0.393276 0.488984
-0.366341 -0.39626 0.494016 -0.338058 -0.393385 0.489158
-0.36732 -0.396369 0.49419 -0.339034 -0.393493 0.489332
-0.368299 -0.396478 0.494364 -0.34001 -0.393601 0.489505
-0.369277 -0.396586 0.494538 -0.340985 -0.393709 0.489679
-0.370256 -0.396695 0.494712 -0.34196 -0.393817 0.489852
-0.371235 -0.396804 0.494886 -0.342934 -0.393925 0.490025
-0.372213 -0.396913 0.49506 -0.343909 -0.394033 0.490199
-0.373192 -0.397021 0.495234 -0.344883 -0.394141 0.490372
-0.374171 -0.39713 0.495408 -0.345857 -0.394249 0.490545
-0.37515 -0.397239 0.495582 -0.34683 -0.394357 0.490719
-0.376128 -0.397348 0.495756 -0.34829 -0.394519 0.490978
-0.377107 -0.397456 0.49593 -0.349263 -0.394627 0.491151
-0.378086 -0.397565 0.496104 -0.350236 -0.394735 0.491324
-0.379065 -0.397674 0.496278 -0.351209 -0.394843 0.491497
-0.380043 -0.397783 0.496452 -0.352181 -0.39495 0.491671
-0.381022 -0.397891 0.496626 -0.353154 -0.395058 0.491844
-0.382001 -0.398 0.4968 -0.354127 -0.395166 0.492017
-0.382979 -0.398109 0.496974 -0.355099 -0.395274 0.49219
-0.383958 -0.398218 0.497148 -0.356072 -0.395382 0.492363
-0.384937 -0.398326 0.497322 -0.357045 -0.39549 0.492536
-0.385916 -0.398435 0.497496 -0.358018 -0.395598 0.492709
-0.386894 -0.398544 0.49767 -0.358992 -0.395706 0.492883
-0.387873 -0.398653 0.497844 -0.359965 -0.395814 0.493056
-0.388852 -0.398761 0.498018 -0.360938 -0.395923 0.493229
-0.389831 -0.39887 0.498192 -0.361912 -0.396031 0.493403
-0.390809 -0.398979 0.498366 -0.362886 -0.396139 0.493576
-0.391788 -0.399088 0.49854 -0.36386 -0.396247 0.49375
-0.392767 -0.399196 0.498714 -0.364835 -0.396356 0.493923
-0.393745 -0.399305 0.498888 -0.36581 -0.396464 0.494097
-0.394724 -0.399414 0.499062 -0.366785 -0.396572 0.49427
-0.395703 -0.399523 0.499236 -0.36776 -0.396681 0.494444
-0.396682 -0.399631 0.49941 -0.368735 -0.396789 0.494618
-0.39766 -0.39974 0.499584 -0.369711 -0.396898 0.494791
-0.398639 -0.399849 0.499758 -0.370686 -0.397006 0.494965
-0.399618 -0.399958 0.499932 -0.371662 -0.397115 0.495139
-0.400596 -0.400066 0.500106 -0.372638 -0.397223 0.495313
-0.399618 -0.399958 0.499932 -0.373614 -0.397332 0.495487
-0.400596 -0.400066 0.500106 -0.37459 -0.39744 0.495661
-0.399618 -0.399958 0.499932 -0.375567 -0.397549 0.495834
-0.400596 -0.400066 0.500106 -0.376541 -0.397657 0.496008
-0.399618 -0.399958 0.499932 -0.377509 -0.397764 0.49618
-0.400596 -0.400066 0.500106 -0.378467 -0.39787 0.49635
-0.399618 -0.399958 0.499932 -0.379411 -0.397973 0.496517
-0.400596 -0.400066 0.500106 -0.38034 -0.398074 0.496681
-0.399618 -0.399958 0.499932 -0.381251 -0.398172 0.496841
-0.400596 -0.400066 0.500106 -0.382141 -0.398267 0.496997
-0.399618 -0.399958 0.499932 -0.383009 -0.398359 0.497148
-0.400596 -0.400066 0.500106 -0.383853 -0.398447 0.497294
-0.399618 -0.399958 0.499932 -0.384672 -0.398532 0.497436
-0.400596 -0.400066 0.500106 -0.385072 -0.398574 0.497505
-0.399618 -0.399958 0.499932 -0.386233 -0.398692 0.497704
-0.400596 -0.400066 0.500106 -0.386607 -0.39873 0.497768
-0.399618 -0.399958 0.499932 -0.387334 -0.398802 0.497892
-0.400596 -0.400066 0.500106 -0.388033 -0.398872 0.498011
-0.399618 -0.399958 0.499932 -0.389032 -0.39897 0.49818
-0.400596 -0.400066 0.500106 -0.389351 -0.399001 0.498234
-0.399618 -0.399958 0.499932 -0.390564 -0.399118 0.498437
-0.400596 -0.400066 0.500106 -0.391133 -0.399172 0.498532
-0.399618 -0.399958 0.499932 -0.391676 -0.399223 0.498623
-0.400596 -0.400066 0.500106 -0.392193 -0.399272 0.498708
-0.399618 -0.399958 0.499932 -0.392685 -0.399318 0.49879
-0.400596 -0.400066 0.500106 -0.393154 -0.399361 0.498868
-0.399618 -0.399958 0.499932 -0.3936 -0.399402 0.498941
-0.400596 -0.400066 0.500106 -0.393815 -0.399422 0.498977
-0.399618 -0.399958 0.499932 -0.394425 -0.399478 0.499077
-0.400596 -0.400066 0.500106 -0.394805 -0.399512 0.499139
-0.399618 -0.399958 0.499932 -0.395163 -0.399545 0.499198
-0.400596 -0.400066 0.500106 -0.395502 -0.399576 0.499254
-0.399618 -0.399958 0.499932 -0.395822 -0.399604 0.499306
-0.400596 -0.400066 0.500106 -0.396126 -0.399632 0.499356
-0.399618 -0.399958 0.499932 -0.396415 -0.399658 0.499403
-0.400596 -0.400066 0.500106 -0.396688 -0.399683 0.499447
-0.399618 -0.399958 0.499932 -0.396944 -0.399706 0.499489
-0.400596 -0.400066 0.500106 -0.397185 -0.399728 0.499529
-0.399618 -0.399958 0.499932 -0.397414 -0.399748 0.499566
-0.400596 -0.400066 0.500106 -0.397631 -0.399768 0.499602
-0.399618 -0.399958 0.499932 -0.397836 -0.399787 0.499636
-0.400596 -0.400066 0.500106 -0.397935 -0.399796 0.499652
-0.399618 -0.399958 0.499932 -0.39821 -0.399821 0.499697
-0.400596 -0.400066 0.500106 -0.398377 -0.399836 0.499724
-0.399618 -0.399958 0.499932 -0.398533 -0.399851 0.49975
-0.400596 -0.400066 0.500106 -0.398678 -0.399864 0.499774
-0.399618 -0.399958 0.499932 -0.398816 -0.399877 0.499797
-0.400596 -0.400066 0.500106 -0.398946 -0.399889 0.499818
-0.399618 -0.399958 0.499932 -0.399008 -0.399895 0.499828
-0.400596 -0.400066 0.500106 -0.399127 -0.399906 0.499848
