0.499829 -0.300019 0.34003 0.500808 -0.299908 0.339854
0.49885 -0.300128 0.340204 0.500808 -0.299908 0.339854
0.497872 -0.300236 0.340378 0.500807 -0.299908 0.339854
0.496893 -0.300345 0.340552 0.500807 -0.299908 0.339855
0.495914 -0.300454 0.340726 0.500805 -0.299908 0.339855
0.494936 -0.300563 0.3409 0.500792 -0.29991 0.339857
0.493957 -0.300671 0.341074 0.500772 -0.299912 0.339861
0.492978 -0.30078 0.341248 0.500739 -0.299916 0.339867
0.491999 -0.300889 0.341422 0.500689 -0.299921 0.339876
0.491021 -0.300998 0.341596 0.500621 -0.299929 0.339888
0.490042 -0.301106 0.34177 0.500532 -0.299939 0.339904
0.489063 -0.301215 0.341944 0.500421 -0.299952 0.339925
0.488084 -0.301324 0.342118 0.500286 -0.299968 0.339949
0.487106 -0.301433 0.342292 0.500037 -0.299997 0.339995
0.486127 -0.301541 0.342466 0.499941 -0.300008 0.340012
0.485148 -0.30165 0.34264 0.499729 -0.300032 0.340051
0.48417 -0.301759 0.342814 0.499361 -0.300075 0.340119
0.483191 -0.301868 0.342988 0.499081 -0.300108 0.340171
0.482212 -0.301976 0.343162 0.498775 -0.300144 0.340227
0.481233 -0.302085 0.343336 0.498442 -0.300183 0.340289
0.480255 -0.302194 0.34351 0.498082 -0.300225 0.340356
0.479276 -0.302303 0.343684 0.497696 -0.300271 0.340427
0.478297 -0.302411 0.343858 0.497283 -0.300319 0.340503
0.477319 -0.30252 0.344032 0.496846 -0.300371 0.340585
0.47634 -0.302629 0.344206 0.496385 -0.300425 0.34067
0.475361 -0.302738 0.34438 0.496145 -0.300453 0.340715
0.474382 -0.302846 0.344554 0.495126 -0.300573 0.340903
0.473404 -0.302955 0.344728 0.494308 -0.300669 0.341055
0.472425 -0.303064 0.344902 0.493739 -0.300736 0.34116
0.471446 -0.303173 0.345076 0.493152 -0.300805 0.341269
0.470467 -0.303281 0.34525 0.492549 -0.300876 0.34138
0.469489 -0.30339 0.345424 0.491931 -0.300948 0.341494
0.46851 -0.303499 0.345598 0.491298 -0.301022 0.341611
0.467531 -0.303608 0.345772 0.49065 -0.301098 0.34173
0.466553 -0.303716 0.345946 0.489987 -0.301175 0.341852
0.465574 -0.303825 0.34612 0.48931 -0.301254 0.341977
0.464595 -0.303934 0.346294 0.488618 -0.301334 0.342103
0.463616 -0.304043 0.346468 0.487914 -0.301416 0.342233
0.462638 -0.304151 0.346642 0.487197 -0.301499 0.342364
0.461659 -0.30426 0.346816 0.486467 -0.301584 0.342498
0.46068 -0.304369 0.34699 0.485725 -0.30167 0.342633
0.459702 -0.304478 0.347164 0.484971 -0.301757 0.342771
0.458723 -0.304586 0.347338 0.48459 -0.301801 0.342841
0.457744 -0.304695 0.347512 0.483429 -0.301935 0.343053
0.456765 -0.304804 0.347686 0.482641 -0.302026 0.343196
0.455787 -0.304913 0.34786 0.481843 -0.302118 0.343342
0.454808 -0.305021 0.348034 0.481035 -0.302211 0.343489
0.453829 -0.30513 0.348208 0.480627 -0.302258 0.343563
0.45285 -0.305239 0.348382 0.479389 -0.3024 0.343788
0.451872 -0.305348 0.348556 0.478553 -0.302496 0.34394
0.450893 -0.305456 0.34873 0.477707 -0.302593 0.344093
0.449914 -0.305565 0.348904 0.476852 -0.302691 0.344249
0.448936 -0.305674 0.349078 0.475987 -0.30279 0.344405
0.447957 -0.305783 0.349252 0.475113 -0.30289 0.344564
0.446978 -0.305891 0.349426 0.473787 -0.303042 0.344804
0.445999 -0.306 0.3496 0.473343 -0.303092 0.344884
0.445021 -0.306109 0.349774 0.472 -0.303246 0.345127
0.444042 -0.306218 0.349948 0.47155 -0.303297 0.345208
0.443063 -0.306326 0.350122 0.470645 -0.3034 0.345371
0.442084 -0.306435 0.350296 0.46928 -0.303555 0.345617
0.441106 -0.306544 0.35047 0.468363 -0.303659 0.345782
0.440127 -0.306653 0.350644 0.467904 -0.303711 0.345865
0.439148 -0.306761 0.350818 0.466518 -0.303868 0.346114
0.43817 -0.30687 0.350992 0.465589 -0.303973 0.346281
0.437191 -0.306979 0.351166 0.464656 -0.304078 0.346448
0.436212 -0.307088 0.35134 0.46372 -0.304184 0.346616
0.435233 -0.307196 0.351514 0.462781 -0.30429 0.346785
0.434255 -0.307305 0.351688 0.461838 -0.304396 0.346953
0.433276 -0.307414 0.351862 0.460893 -0.304502 0.347122
0.432297 -0.307523 0.352036 0.459946 -0.304609 0.347292
0.431319 -0.307631 0.35221 0.458995 -0.304716 0.347462
0.43034 -0.30774 0.352384 0.458043 -0.304823 0.347632
0.429361 -0.307849 0.352558 0.457088 -0.30493 0.347802
0.428382 -0.307958 0.352732 0.456132 -0.305037 0.347973
0.427404 -0.308066 0.352906 0.455173 -0.305145 0.348144
0.426425 -0.308175 0.35308 0.454213 -0.305252 0.348315
0.425446 -0.308284 0.353254 0.453251 -0.30536 0.348487
0.424467 -0.308393 0.353428 0.452288 -0.305468 0.348658
0.423489 -0.308501 0.353602 0.451323 -0.305576 0.34883
0.42251 -0.30861 0.353776 0.450357 -0.305684 0.349002
0.421531 -0.308719 0.35395 0.44939 -0.305792 0.349174
0.420553 -0.308827 0.354124 0.447939 -0.305954 0.349432
0.419574 -0.308936 0.354298 0.447455 -0.306008 0.349518
0.418595 -0.309045 0.354472 0.446486 -0.306116 0.349691
0.417616 -0.309154 0.354646 0.445517 -0.306224 0.349863
0.416638 -0.309262 0.35482 0.444547 -0.306332 0.350035
0.415659 -0.309371 0.354994 0.443576 -0.30644 0.350208
0.41468 -0.30948 0.355168 0.442118 -0.306603 0.350467
0.413701 -0.309589 0.355342 0.441146 -0.306711 0.350639
0.412723 -0.309697 0.355516 0.440174 -0.306819 0.350812
0.411744 -0.309806 0.35569 0.439689 -0.306873 0.350898
0.410765 -0.309915 0.355864 0.438234 -0.307035 0.351156
0.409787 -0.310024 0.356038 0.437264 -0.307143 0.351328
0.408808 -0.310132 0.356212 0.436779 -0.307197 0.351414
0.407829 -0.310241 0.356386 0.435808 -0.307305 0.351586
0.40685 -0.31035 0.35656 0.434352 -0.307467 0.351844
0.405872 -0.310459 0.356734 0.433382 -0.307575 0.352016
0.404893 -0.310567 0.356908 0.432413 -0.307682 0.352188
0.403914 -0.310676 0.357082 0.431443 -0.30779 0.35236
0.402936 -0.310785 0.357256 0.430472 -0.307898 0.352532
0.401957 -0.310894 0.35743 0.429501 -0.308006 0.352704
0.400978 -0.311002 0.357604 0.42853 -0.308114 0.352876
0.399999 -0.311111 0.357778 0.427558 -0.308222 0.353048
0.399021 -0.31122 0.357952 0.426585 -0.30833 0.353221
0.398042 -0.311329 0.358126 0.425612 -0.308439 0.353394
0.397063 -0.311437 0.3583 0.424638 -0.308547 0.353566
0.396084 -0.311546 0.358474 0.423663 -0.308656 0.353739
0.395106 -0.311655 0.358648 0.422688 -0.308764 0.353912
0.394127 -0.311764 0.358822 0.4222 -0.308818 0.353999
0.393148 -0.311872 0.358996 0.420736 -0.308981 0.354258
0.39217 -0.311981 0.35917 0.41976 -0.30909 0.354431
0.391191 -0.31209 0.359344 0.418785 -0.309199 0.354604
0.390212 -0.312199 0.359518 0.417811 -0.309307 0.354777
0.389233 -0.312307 0.359692 0.416838 -0.309415 0.35495
0.388255 -0.312416 0.359866 0.415865 -0.309524 0.355122
0.387276 -0.312525 0.36004 0.414892 -0.309632 0.355295
0.386297 -0.312634 0.360214 0.414407 -0.309686 0.355381
0.385319 -0.312742 0.360388 0.413438 -0.309793 0.355552
0.38434 -0.312851 0.360562 0.411983 -0.309955 0.35581
0.383361 -0.31296 0.360736 0.411013 -0.310063 0.355982
0.382382 -0.313069 0.36091 0.410044 -0.310171 0.356154
0.381404 -0.313177 0.361084 0.409076 -0.310278 0.356325
0.380425 -0.313286 0.361258 0.408106 -0.310386 0.356497
0.379446 -0.313395 0.361432 0.407135 -0.310494 0.35667
0.378467 -0.313504 0.361606 0.406649 -0.310548 0.356756
0.377489 -0.313612 0.36178 0.405189 -0.310711 0.357015
0.37651 -0.313721 0.361954 0.404215 -0.31082 0.357188
0.375531 -0.31383 0.362128 0.40324 -0.310928 0.357361
0.374553 -0.313939 0.362302 0.402266 -0.311037 0.357534
0.373574 -0.314047 0.362476 0.401291 -0.311146 0.357706
0.372595 -0.314156 0.36265 0.400316 -0.311254 0.35788
0.371616 -0.314265 0.362824 0.39934 -0.311363 0.358053
0.370638 -0.314374 0.362998 0.398364 -0.311472 0.358226
0.369659 -0.314482 0.363172 0.397389 -0.311581 0.358399
0.36868 -0.314591 0.363346 0.396416 -0.311689 0.358572
0.367701 -0.3147 0.36352 0.395444 -0.311797 0.358744
0.366723 -0.314809 0.363694 0.394472 -0.311906 0.358917
0.365744 -0.314917 0.363868 0.393498 -0.312014 0.359089
0.364765 -0.315026 0.364042 0.392524 -0.312123 0.359262
0.363787 -0.315135 0.364216 0.392037 -0.312177 0.359349
0.362808 -0.315244 0.36439 0.390574 -0.31234 0.359608
0.361829 -0.315352 0.364564 0.389598 -0.312449 0.359782
0.36085 -0.315461 0.364738 0.38862 -0.312558 0.359955
0.359872 -0.31557 0.364912 0.387643 -0.312667 0.360129
0.358893 -0.315679 0.365086 0.386668 -0.312776 0.360302
0.357914 -0.315787 0.36526 0.385693 -0.312885 0.360475
0.356936 -0.315896 0.365434 0.384718 -0.312993 0.360648
0.355957 -0.316005 0.365608 0.38423 -0.313048 0.360734
0.354978 -0.316114 0.365782 0.382766 -0.313211 0.360994
0.353999 -0.316222 0.365956 0.38179 -0.31332 0.361167
0.353021 -0.316331 0.36613 0.380815 -0.313429 0.36134
0.352042 -0.31644 0.366304 0.379841 -0.313537 0.361513
0.351063 -0.316549 0.366478 0.378869 -0.313646 0.361686
0.350084 -0.316657 0.366652 0.377899 -0.313754 0.361858
0.349106 -0.316766 0.366826 0.376931 -0.313861 0.362029
0.348127 -0.316875 0.367 0.376447 -0.313915 0.362115
0.347148 -0.316984 0.367174 0.374997 -0.314076 0.362372
0.34617 -0.317092 0.367348 0.374032 -0.314184 0.362543
0.345191 -0.317201 0.367522 0.373068 -0.314291 0.362714
0.344212 -0.31731 0.367696 0.372104 -0.314398 0.362884
0.343233 -0.317419 0.36787 0.37114 -0.314505 0.363055
0.342255 -0.317527 0.368044 0.370176 -0.314612 0.363226
0.341276 -0.317636 0.368218 0.369213 -0.314719 0.363397
0.340297 -0.317745 0.368392 0.368249 -0.314827 0.363568
0.339319 -0.317853 0.368566 0.367286 -0.314934 0.363738
0.33834 -0.317962 0.36874 0.366323 -0.315041 0.363909
0.337361 -0.318071 0.368914 0.365359 -0.315148 0.36408
0.336382 -0.31818 0.369088 0.364395 -0.315256 0.364251
0.335404 -0.318288 0.369262 0.363431 -0.315363 0.364422
0.334425 -0.318397 0.369436 0.362467 -0.315471 0.364593
0.333446 -0.318506 0.36961 0.361503 -0.315578 0.364764
0.332467 -0.318615 0.369784 0.360539 -0.315686 0.364935
0.331489 -0.318723 0.369958 0.359574 -0.315793 0.365106
0.33051 -0.318832 0.370132 0.358608 -0.315901 0.365277
0.329531 -0.318941 0.370306 0.357642 -0.316009 0.365449
0.328553 -0.31905 0.37048 0.356674 -0.316117 0.36562
0.327574 -0.319158 0.370654 0.355707 -0.316225 0.365792
0.326595 -0.319267 0.370828 0.354738 -0.316333 0.365964
0.325616 -0.319376 0.371002 0.353768 -0.316441 0.366136
0.324638 -0.319485 0.371176 0.352797 -0.31655 0.366309
0.323659 -0.319593 0.37135 0.351825 -0.316658 0.366481
0.32268 -0.319702 0.371524 0.350852 -0.316767 0.366654
0.321701 -0.319811 0.371698 0.349878 -0.316876 0.366827
0.320723 -0.31992 0.371872 0.348905 -0.316985 0.367
0.319744 -0.320028 0.372046 0.347931 -0.317094 0.367173
0.318765 -0.320137 0.372219 0.346958 -0.317203 0.367345
0.317787 -0.320246 0.372393 0.345985 -0.317311 0.367518
0.316808 -0.320355 0.372567 0.345011 -0.31742 0.367691
0.315829 -0.320463 0.372741 0.344038 -0.317529 0.367864
0.31485 -0.320572 0.372915 0.343065 -0.317638 0.368036
0.313872 -0.320681 0.373089 0.342092 -0.317746 0.368209
0.312893 -0.32079 0.373263 0.341119 -0.317855 0.368382
0.311914 -0.320898 0.373437 0.340145 -0.317964 0.368554
0.310936 -0.321007 0.373611 0.339172 -0.318072 0.368727
0.309957 -0.321116 0.373785 0.338685 -0.318127 0.368813
0.308978 -0.321225 0.373959 0.337225 -0.31829 0.369073
0.307999 -0.321333 0.374133 0.336251 -0.318399 0.369245
0.307021 -0.321442 0.374307 0.335276 -0.318508 0.369418
0.306042 -0.321551 0.374481 0.334299 -0.318617 0.369592
0.305063 -0.32166 0.374655 0.333321 -0.318726 0.369766
0.304084 -0.321768 0.374829 0.332343 -0.318836 0.369939
0.303106 -0.321877 0.375003 0.331366 -0.318945 0.370113
0.302127 -0.321986 0.375177 0.330388 -0.319054 0.370286
0.301148 -0.322095 0.375351 0.329412 -0.319163 0.370459
0.30017 -0.322203 0.375525 0.328435 -0.319272 0.370633
0.299191 -0.322312 0.375699 0.327458 -0.319382 0.370806
0.298212 -0.322421 0.375873 0.326481 -0.319491 0.370979
0.297233 -0.32253 0.376047 0.325505 -0.3196 0.371152
0.296255 -0.322638 0.376221 0.324528 -0.319709 0.371326
0.295276 -0.322747 0.376395 0.32355 -0.319818 0.371499
0.294297 -0.322856 0.376569 0.322572 -0.319927 0.371673
0.293319 -0.322965 0.376743 0.321592 -0.320037 0.371846
0.29234 -0.323073 0.376917 0.320613 -0.320146 0.37202
0.291361 -0.323182 0.377091 0.319635 -0.320255 0.372194
0.290382 -0.323291 0.377265 0.318657 -0.320365 0.372367
0.289404 -0.3234 0.377439 0.317679 -0.320474 0.37254
0.288425 -0.323508 0.377613 0.316702 -0.320583 0.372714
0.287446 -0.323617 0.377787 0.315724 -0.320692 0.372887
0.286467 -0.323726 0.377961 0.315234 -0.320747 0.372974
0.285489 -0.323835 0.378135 0.313766 -0.320911 0.373234
0.28451 -0.323943 0.378309 0.312787 -0.32102 0.373408
0.283531 -0.324052 0.378483 0.311809 -0.321129 0.373582
0.282553 -0.324161 0.378657 0.31083 -0.321239 0.373755
0.281574 -0.32427 0.378831 0.309852 -0.321348 0.373928
0.280595 -0.324378 0.379005 0.308875 -0.321457 0.374102
0.279616 -0.324487 0.379179 0.307897 -0.321566 0.374275
0.278638 -0.324596 0.379353 0.30692 -0.321675 0.374448
0.277659 -0.324705 0.379527 0.305943 -0.321784 0.374621
0.27668 -0.324813 0.379701 0.304966 -0.321893 0.374795
0.275701 -0.324922 0.379875 0.303989 -0.322002 0.374968
0.274723 -0.325031 0.380049 0.303013 -0.322111 0.375141
0.273744 -0.32514 0.380223 0.302036 -0.32222 0.375314
0.272765 -0.325248 0.380397 0.301059 -0.322329 0.375487
0.271787 -0.325357 0.380571 0.300081 -0.322438 0.37566
0.270808 -0.325466 0.380745 0.299101 -0.322548 0.375834
0.269829 -0.325575 0.380919 0.29812 -0.322658 0.376008
0.26885 -0.325683 0.381093 0.297139 -0.322767 0.376182
0.267872 -0.325792 0.381267 0.296159 -0.322877 0.376356
0.266893 -0.325901 0.381441 0.295179 -0.322986 0.37653
0.265914 -0.32601 0.381615 0.294689 -0.323041 0.376617
0.264936 -0.326118 0.381789 0.29322 -0.323205 0.376877
0.263957 -0.326227 0.381963 0.292238 -0.323315 0.377051
0.262978 -0.326336 0.382137 0.291254 -0.323425 0.377226
0.261999 -0.326445 0.382311 0.289775 -0.323591 0.377488
0.261021 -0.326553 0.382485 0.28879 -0.323701 0.377663
0.260042 -0.326662 0.382659 0.288299 -0.323756 0.37775
0.259063 -0.326771 0.382833 0.286824 -0.32392 0.378011
0.258084 -0.32688 0.383007 0.285843 -0.32403 0.378185
0.257106 -0.326988 0.383181 0.285352 -0.324085 0.378272
0.256127 -0.327097 0.383355 0.284372 -0.324194 0.378446
0.255148 -0.327206 0.383529 0.283392 -0.324304 0.378619
0.25417 -0.327314 0.383703 0.282413 -0.324413 0.378793
0.253191 -0.327423 0.383877 0.281434 -0.324522 0.378966
0.252212 -0.327532 0.384051 0.280456 -0.324631 0.37914
0.251233 -0.327641 0.384225 0.279478 -0.32474 0.379313
0.250255 -0.327749 0.384399 0.2785 -0.324849 0.379486
0.249276 -0.327858 0.384573 0.277523 -0.324958 0.379659
0.248297 -0.327967 0.384747 0.276547 -0.325067 0.379832
0.247319 -0.328076 0.384921 0.276058 -0.325121 0.379919
0.24634 -0.328184 0.385095 0.27557 -0.325176 0.380005
0.245361 -0.328293 0.385269 0.274592 -0.325285 0.380178
0.244382 -0.328402 0.385443 0.273613 -0.325394 0.380352
0.243404 -0.328511 0.385617 0.273122 -0.325449 0.380439
0.242425 -0.328619 0.385791 0.27115 -0.32567 0.380789
0.241446 -0.328728 0.385965 0.27016 -0.325781 0.380964
0.240467 -0.328837 0.386139 0.269168 -0.325893 0.38114
0.239489 -0.328946 0.386313 0.268172 -0.326004 0.381317
0.23851 -0.329054 0.386487 0.267175 -0.326117 0.381494
0.237531 -0.329163 0.386661 0.266175 -0.326229 0.381672
0.236553 -0.329272 0.386835 0.265175 -0.326342 0.381849
0.235574 -0.329381 0.387009 0.264173 -0.326454 0.382027
0.234595 -0.329489 0.387183 0.26317 -0.326567 0.382205
0.233616 -0.329598 0.387357 0.262669 -0.326624 0.382294
0.232638 -0.329707 0.387531 0.261665 -0.326736 0.382472
0.231659 -0.329816 0.387705 0.260662 -0.326849 0.38265
0.23068 -0.329924 0.387879 0.259658 -0.326962 0.382828
0.229701 -0.330033 0.388053 0.259156 -0.327018 0.382917
0.228723 -0.330142 0.388227 0.25765 -0.327187 0.383184
0.227744 -0.330251 0.388401 0.256649 -0.327299 0.383362
0.226765 -0.330359 0.388575 0.255154 -0.327466 0.383627
0.225787 -0.330468 0.388749 0.254159 -0.327577 0.383803
0.224808 -0.330577 0.388923 0.253165 -0.327688 0.383979
0.223829 -0.330686 0.389097 0.252173 -0.327799 0.384155
0.22285 -0.330794 0.389271 0.251185 -0.327909 0.38433
0.221872 -0.330903 0.389445 0.250196 -0.328019 0.384505
0.220893 -0.331012 0.389619 0.249206 -0.328129 0.38468
0.219914 -0.331121 0.389793 0.248216 -0.328239 0.384855
0.218936 -0.331229 0.389967 0.247224 -0.32835 0.385031
0.217957 -0.331338 0.390141 0.246233 -0.328461 0.385206
0.216978 -0.331447 0.390315 0.245241 -0.328571 0.385382
0.215999 -0.331556 0.390489 0.244248 -0.328682 0.385558
0.215021 -0.331664 0.390663 0.243255 -0.328793 0.385734
0.214042 -0.331773 0.390837 0.242263 -0.328904 0.38591
0.213063 -0.331882 0.391011 0.24127 -0.329014 0.386086
0.212084 -0.331991 0.391185 0.240277 -0.329125 0.386261
0.211106 -0.332099 0.391359 0.239284 -0.329236 0.386437
0.210127 -0.332208 0.391533 0.238292 -0.329347 0.386613
0.209148 -0.332317 0.391707 0.237299 -0.329457 0.386789
0.20817 -0.332426 0.391881 0.236307 -0.329568 0.386964
0.207191 -0.332534 0.392055 0.235811 -0.329623 0.387052
0.206212 -0.332643 0.392229 0.234324 -0.329789 0.387316
0.205233 -0.332752 0.392403 0.233333 -0.3299 0.387491
0.204255 -0.332861 0.392577 0.232342 -0.330011 0.387667
0.203276 -0.332969 0.392751 0.231351 -0.330121 0.387842
0.202297 -0.333078 0.392925 0.230361 -0.330231 0.388018
0.201318 -0.333187 0.393099 0.229371 -0.330342 0.388193
0.20034 -0.333296 0.393273 0.228381 -0.330452 0.388368
0.199361 -0.333404 0.393447 0.227392 -0.330562 0.388543
0.198382 -0.333513 0.393621 0.226403 -0.330673 0.388718
0.197404 -0.333622 0.393795 0.225415 -0.330783 0.388893
0.196425 -0.333731 0.393969 0.224427 -0.330893 0.389068
0.195446 -0.333839 0.394143 0.223439 -0.331003 0.389243
0.194467 -0.333948 0.394317 0.222452 -0.331113 0.389418
0.193489 -0.334057 0.394491 0.221464 -0.331223 0.389593
0.19251 -0.334166 0.394665 0.220478 -0.331333 0.389768
0.191531 -0.334274 0.394839 0.219491 -0.331443 0.389942
0.190553 -0.334383 0.395013 0.218505 -0.331553 0.390117
0.189574 -0.334492 0.395187 0.217519 -0.331663 0.390292
0.188595 -0.334601 0.395361 0.216534 -0.331773 0.390466
0.187616 -0.334709 0.395535 0.215549 -0.331882 0.39064
0.186638 -0.334818 0.395709 0.214564 -0.331992 0.390815
0.185659 -0.334927 0.395883 0.21358 -0.332102 0.390989
0.18468 -0.335036 0.396057 0.21358 -0.332102 0.390989
0.183701 -0.335144 0.396231 0.210631 -0.33243 0.391511
0.182723 -0.335253 0.396405 0.20965 -0.332539 0.391685
0.181744 -0.335362 0.396579 0.208673 -0.332648 0.391858
0.180765 -0.335471 0.396753 0.208186 -0.332702 0.391944
0.179787 -0.335579 0.396927 0.207214 -0.33281 0.392116
0.178808 -0.335688 0.397101 0.206245 -0.332917 0.392288
0.177829 -0.335797 0.397275 0.204798 -0.333077 0.392544
0.17685 -0.335906 0.397449 0.203836 -0.333183 0.392714
0.175872 -0.336014 0.397623 0.202876 -0.333289 0.392884
0.174893 -0.336123 0.397797 0.201917 -0.333395 0.393053
0.173914 -0.336232 0.397971 0.201439 -0.333448 0.393138
0.172936 -0.33634 0.398145 0.200482 -0.333554 0.393307
0.171957 -0.336449 0.398319 0.199526 -0.333659 0.393476
0.170978 -0.336558 0.398493 0.198094 -0.333818 0.39373
0.169999 -0.336667 0.398667 0.19714 -0.333923 0.393898
0.169021 -0.336775 0.398841 0.196663 -0.333976 0.393983
0.168042 -0.336884 0.399015 0.19571 -0.334081 0.394152
0.167063 -0.336993 0.399189 0.194757 -0.334187 0.39432
0.166084 -0.337102 0.399363 0.193803 -0.334293 0.394489
0.165106 -0.33721 0.399537 0.192848 -0.334399 0.394658
0.164127 -0.337319 0.399711 0.191893 -0.334505 0.394827
0.163148 -0.337428 0.399885 0.190937 -0.334611 0.394997
0.16217 -0.337537 0.400059 0.189981 -0.334718 0.395166
0.161191 -0.337645 0.400233 0.189023 -0.334824 0.395336
0.160212 -0.337754 0.400407 0.188065 -0.334931 0.395505
0.159233 -0.337863 0.400581 0.187107 -0.335038 0.395675
0.158255 -0.337972 0.400755 0.186149 -0.335145 0.395845
0.157276 -0.33808 0.400929 0.18519 -0.335252 0.396015
0.156297 -0.338189 0.401103 0.184231 -0.335359 0.396185
0.155318 -0.338298 0.401277 0.183272 -0.335466 0.396355
0.15434 -0.338407 0.401451 0.181832 -0.335627 0.39661
0.153361 -0.338515 0.401625 0.181352 -0.33568 0.396695
0.152382 -0.338624 0.401799 0.180392 -0.335788 0.396865
0.151404 -0.338733 0.401973 0.17943 -0.335895 0.397035
0.150425 -0.338842 0.402147 0.178468 -0.336003 0.397206
0.149446 -0.33895 0.402321 0.177504 -0.336111 0.397377
0.148467 -0.339059 0.402495 0.176539 -0.336219 0.397548
0.147489 -0.339168 0.402669 0.175574 -0.336327 0.397719
0.14651 -0.339277 0.402843 0.174608 -0.336435 0.39789
0.145531 -0.339385 0.403017 0.173641 -0.336543 0.398062
0.144553 -0.339494 0.403191 0.172674 -0.336652 0.398233
0.143574 -0.339603 0.403365 0.171706 -0.33676 0.398405
0.142595 -0.339712 0.403539 0.170738 -0.336868 0.398576
0.141616 -0.33982 0.403713 0.16977 -0.336977 0.398748
0.140638 -0.339929 0.403887 0.168801 -0.337085 0.39892
0.139659 -0.340038 0.404061 0.167832 -0.337194 0.399091
0.13868 -0.340147 0.404235 0.166863 -0.337302 0.399263
0.137701 -0.340255 0.404409 0.165894 -0.337411 0.399435
0.136723 -0.340364 0.404583 0.164924 -0.337519 0.399607
0.135744 -0.340473 0.404757 0.163953 -0.337628 0.399779
0.134765 -0.340582 0.404931 0.162983 -0.337736 0.399951
0.133787 -0.34069 0.405105 0.162012 -0.337845 0.400123
0.132808 -0.340799 0.405279 0.161526 -0.337899 0.400209
0.131829 -0.340908 0.405453 0.16104 -0.337954 0.400295
0.13085 -0.341017 0.405627 0.159097 -0.338171 0.40064
0.129872 -0.341125 0.405801 0.158125 -0.33828 0.400812
0.128893 -0.341234 0.405975 0.157152 -0.338388 0.400985
0.127914 -0.341343 0.406149 0.156178 -0.338497 0.401157
0.126936 -0.341452 0.406323 0.155203 -0.338606 0.40133
0.125957 -0.34156 0.406497 0.154229 -0.338715 0.401503
0.124978 -0.341669 0.406671 0.153254 -0.338824 0.401676
0.123999 -0.341778 0.406845 0.152279 -0.338933 0.401849
0.123021 -0.341887 0.407019 0.151305 -0.339042 0.402021
0.122042 -0.341995 0.407193 0.15033 -0.339151 0.402194
0.121063 -0.342104 0.407367 0.149355 -0.33926 0.402367
0.120084 -0.342213 0.407541 0.14838 -0.339369 0.40254
0.119106 -0.342322 0.407715 0.147404 -0.339478 0.402713
0.118127 -0.34243 0.407889 0.146429 -0.339587 0.402886
0.117148 -0.342539 0.408063 0.145453 -0.339696 0.403059
0.11617 -0.342648 0.408237 0.144477 -0.339805 0.403232
0.115191 -0.342757 0.408411 0.143501 -0.339914 0.403405
0.114212 -0.342865 0.408585 0.142525 -0.340022 0.403578
0.113233 -0.342974 0.408759 0.141549 -0.340131 0.403751
0.112255 -0.343083 0.408933 0.140573 -0.34024 0.403924
0.111276 -0.343192 0.409107 0.139597 -0.340349 0.404097
0.110297 -0.3433 0.40928 0.138621 -0.340458 0.40427
0.109318 -0.343409 0.409454 0.137644 -0.340567 0.404443
0.10834 -0.343518 0.409628 0.136668 -0.340676 0.404616
0.107361 -0.343627 0.409802 0.135692 -0.340785 0.40479
0.106382 -0.343735 0.409976 0.134715 -0.340894 0.404963
0.105404 -0.343844 0.41015 0.133738 -0.341002 0.405136
0.104425 -0.343953 0.410324 0.132762 -0.341111 0.405309
0.103446 -0.344062 0.410498 0.130806 -0.341329 0.405656
0.102467 -0.34417 0.410672 0.130316 -0.341384 0.405743
0.101489 -0.344279 0.410846 0.129338 -0.341493 0.405916
0.10051 -0.344388 0.41102 0.127873 -0.341656 0.406176
0.0995313 -0.344497 0.411194 0.127386 -0.34171 0.406262
0.0985525 -0.344605 0.411368 0.125939 -0.34187 0.406519
0.0975738 -0.344714 0.411542 0.124987 -0.341975 0.406688
0.0965951 -0.344823 0.411716 0.124039 -0.342079 0.406856
0.0956164 -0.344932 0.41189 0.123091 -0.342183 0.407024
0.0946376 -0.34504 0.412064 0.122141 -0.342287 0.407192
0.0936589 -0.345149 0.412238 0.121191 -0.342392 0.407361
0.0926802 -0.345258 0.412412 0.120241 -0.342497 0.407529
0.0917015 -0.345367 0.412586 0.119291 -0.342601 0.407698
0.0907227 -0.345475 0.41276 0.118341 -0.342706 0.407866
0.089744 -0.345584 0.412934 0.117391 -0.342811 0.408035
0.0887653 -0.345693 0.413108 0.116442 -0.342916 0.408203
0.0877866 -0.345801 0.413282 0.115967 -0.342969 0.408287
0.0868078 -0.34591 0.413456 0.114542 -0.343126 0.40854
0.0858291 -0.346019 0.41363 0.113592 -0.343231 0.408708
0.0848504 -0.346128 0.413804 0.11264 -0.343337 0.408877
0.0838717 -0.346236 0.413978 0.111686 -0.343443 0.409046
0.082893 -0.346345 0.414152 0.110731 -0.343549 0.409216
0.0819142 -0.346454 0.414326 0.109772 -0.343656 0.409386
0.0809355 -0.346563 0.4145 0.108813 -0.343763 0.409556
0.0799568 -0.346671 0.414674 0.107853 -0.34387 0.409727
0.0789781 -0.34678 0.414848 0.106893 -0.343977 0.409897
0.0779993 -0.346889 0.415022 0.105933 -0.344084 0.410067
0.0770206 -0.346998 0.415196 0.104973 -0.344191 0.410238
0.0760419 -0.347106 0.41537 0.104013 -0.344298 0.410408
0.0750632 -0.347215 0.415544 0.103053 -0.344405 0.410579
0.0740844 -0.347324 0.415718 0.102092 -0.344512 0.410749
0.0731057 -0.347433 0.415892 0.101131 -0.344619 0.41092
0.072127 -0.347541 0.416066 0.10017 -0.344727 0.41109
0.0711483 -0.34765 0.41624 0.0992079 -0.344834 0.411261
0.0701695 -0.347759 0.416414 0.098245 -0.344941 0.411432
0.0691908 -0.347868 0.416588 0.0972815 -0.345049 0.411603
0.0682121 -0.347976 0.416762 0.0963176 -0.345156 0.411774
0.0672334 -0.348085 0.416936 0.0953533 -0.345264 0.411945
0.0662547 -0.348194 0.41711 0.0943886 -0.345372 0.412117
0.0652759 -0.348303 0.417284 0.0934235 -0.345479 0.412288
0.0642972 -0.348411 0.417458 0.0924579 -0.345587 0.412459
0.0633185 -0.34852 0.417632 0.0914919 -0.345695 0.412631
0.0623398 -0.348629 0.417806 0.0905255 -0.345803 0.412802
0.061361 -0.348738 0.41798 0.0895586 -0.345911 0.412974
0.0603823 -0.348846 0.418154 0.0885912 -0.346018 0.413146
0.0594036 -0.348955 0.418328 0.0876234 -0.346126 0.413318
0.0584249 -0.349064 0.418502 0.0866551 -0.346234 0.41349
0.0574461 -0.349173 0.418676 0.0856864 -0.346342 0.413662
0.0564674 -0.349281 0.41885 0.0847173 -0.346451 0.413834
0.0554887 -0.34939 0.419024 0.0837478 -0.346559 0.414006
0.05451 -0.349499 0.419198 0.0827778 -0.346667 0.414178
0.0535312 -0.349608 0.419372 0.0818075 -0.346775 0.414351
0.0525525 -0.349716 0.419546 0.0808367 -0.346883 0.414523
0.0515738 -0.349825 0.41972 0.0788941 -0.3471 0.414868
0.0505951 -0.349934 0.419894 0.0779223 -0.347208 0.415041
0.0496164 -0.350043 0.420068 0.0769504 -0.347317 0.415213
0.0486376 -0.350151 0.420242 0.0759804 -0.347425 0.415386
0.0476589 -0.35026 0.420416 0.0750139 -0.347532 0.415557
0.0466802 -0.350369 0.42059 0.0740493 -0.347639 0.415729
0.0457015 -0.350478 0.420764 0.0730852 -0.347746 0.4159
0.0447227 -0.350586 0.420938 0.0721227 -0.347852 0.416071
0.043744 -0.350695 0.421112 0.0711628 -0.347959 0.416241
0.0427653 -0.350804 0.421286 0.0702053 -0.348064 0.416411
0.0417866 -0.350913 0.42146 0.0692498 -0.34817 0.416581
0.0408078 -0.351021 0.421634 0.068296 -0.348275 0.416751
0.0398291 -0.35113 0.421808 0.0673434 -0.34838 0.41692
0.0388504 -0.351239 0.421982 0.0663906 -0.348485 0.417089
0.0378717 -0.351348 0.422156 0.0654361 -0.348591 0.417259
0.0368929 -0.351456 0.42233 0.0644799 -0.348696 0.417429
0.0359142 -0.351565 0.422504 0.0635223 -0.348803 0.417599
0.0349355 -0.351674 0.422678 0.0625646 -0.348909 0.417769
0.0339568 -0.351783 0.422852 0.0616082 -0.349015 0.417939
0.0329781 -0.351891 0.423026 0.060655 -0.34912 0.418109
0.0319993 -0.352 0.4232 0.0597062 -0.349225 0.418277
0.0310206 -0.352109 0.423374 0.0587595 -0.349329 0.418445
0.0300419 -0.352218 0.423548 0.0578125 -0.349434 0.418614
0.0290632 -0.352326 0.423722 0.0568649 -0.349538 0.418782
0.0280844 -0.352435 0.423896 0.0559165 -0.349643 0.418951
0.0271057 -0.352544 0.42407 0.0549672 -0.349748 0.41912
0.026127 -0.352653 0.424244 0.054017 -0.349853 0.419288
0.0251483 -0.352761 0.424418 0.0530659 -0.349959 0.419458
0.0241695 -0.35287 0.424592 0.0521139 -0.350064 0.419627
0.0231908 -0.352979 0.424766 0.0511611 -0.35017 0.419796
0.0222121 -0.353088 0.42494 0.0497301 -0.350329 0.420051
0.0212334 -0.353196 0.425114 0.0487749 -0.350435 0.42022
0.0202546 -0.353305 0.425288 0.048297 -0.350488 0.420305
0.0192759 -0.353414 0.425462 0.0473403 -0.350595 0.420476
0.0182972 -0.353523 0.425636 0.0463826 -0.350701 0.420646
0.0173185 -0.353631 0.42581 0.0454239 -0.350808 0.420816
0.0163398 -0.35374 0.425984 0.0444642 -0.350915 0.420987
0.015361 -0.353849 0.426158 0.0435037 -0.351022 0.421158
0.0143823 -0.353958 0.426332 0.0425424 -0.351129 0.421329
0.0134036 -0.354066 0.426506 0.0415803 -0.351237 0.4215
0.0124249 -0.354175 0.42668 0.0406173 -0.351344 0.421671
0.0114461 -0.354284 0.426854 0.0396534 -0.351452 0.421843
0.0104674 -0.354393 0.427028 0.0386887 -0.351559 0.422014
0.00948869 -0.354501 0.427202 0.0377231 -0.351667 0.422186
0.00850996 -0.35461 0.427376 0.036757 -0.351775 0.422358
0.00753124 -0.354719 0.42755 0.0357903 -0.351883 0.42253
0.00655252 -0.354827 0.427724 0.034339 -0.352044 0.422788
0.00557379 -0.354936 0.427898 0.0338548 -0.352098 0.422874
0.00459507 -0.355045 0.428072 0.0324008 -0.352261 0.423133
0.00361635 -0.355154 0.428246 0.0319158 -0.352315 0.423219
0.00263762 -0.355262 0.42842 0.0309455 -0.352423 0.423392
0.0016589 -0.355371 0.428594 0.0299749 -0.352531 0.423565
0.000680176 -0.35548 0.428768 0.0285183 -0.352694 0.423824
-0.000298548 -0.355589 0.428942 0.0280326 -0.352748 0.42391
-0.00127727 -0.355697 0.429116 0.0270608 -0.352856 0.424083
-0.00225599 -0.355806 0.42929 0.0256026 -0.353019 0.424343
-0.00323472 -0.355915 0.429464 0.0246297 -0.353127 0.424516
-0.00421344 -0.356024 0.429638 0.0236558 -0.353236 0.424689
-0.00519217 -0.356132 0.429812 0.0231683 -0.35329 0.424776
-0.00617089 -0.356241 0.429986 0.0217052 -0.353453 0.425036
-0.00714961 -0.35635 0.43016 0.0212175 -0.353508 0.425123
-0.00812834 -0.356459 0.430334 0.0197542 -0.353671 0.425384
-0.00910706 -0.356567 0.430508 0.0187786 -0.353779 0.425557
-0.0100858 -0.356676 0.430682 0.0178031 -0.353888 0.425731
-0.0110645 -0.356785 0.430856 0.0168273 -0.353996 0.425905
-0.0120432 -0.356894 0.43103 0.0163393 -0.354051 0.425991
-0.013022 -0.357002 0.431204 0.0148743 -0.354214 0.426252
-0.0140007 -0.357111 0.431378 0.0138975 -0.354322 0.426426
-0.0149794 -0.35722 0.431552 0.013409 -0.354377 0.426513
-0.0159581 -0.357329 0.431726 0.0119423 -0.35454 0.426774
-0.0169368 -0.357437 0.4319 0.0109634 -0.354649 0.426949
-0.0179156 -0.357546 0.432074 0.00998442 -0.354758 0.427123
-0.0188943 -0.357655 0.432248 0.00900604 -0.354867 0.427297
-0.019873 -0.357764 0.432422 0.0080286 -0.354975 0.427471
-0.0208517 -0.357872 0.432596 0.00705199 -0.355084 0.427645
-0.0218305 -0.357981 0.43277 0.00656382 -0.355138 0.427732
-0.0228092 -0.35809 0.432944 0.00509936 -0.3553 0.427993
-0.0237879 -0.358199 0.433118 0.00412301 -0.355409 0.428167
-0.0247666 -0.358307 0.433292 0.0036348 -0.355463 0.428254
-0.0257454 -0.358416 0.433466 0.00217001 -0.355625 0.428515
-0.0267241 -0.358525 0.43364 0.00168169 -0.355679 0.428602
-0.0277028 -0.358634 0.433814 0.000705043 -0.355788 0.428776
-0.0286815 -0.358742 0.433988 -0.000271569 -0.355896 0.42895
-0.0296603 -0.358851 0.434162 -0.00124822 -0.356004 0.429123
-0.030639 -0.35896 0.434336 -0.00222501 -0.356113 0.429297
-0.0316177 -0.359069 0.43451 -0.00369073 -0.356275 0.429559
-0.0325964 -0.359177 0.434684 -0.00466819 -0.356384 0.429733
-0.0335751 -0.359286 0.434858 -0.00515694 -0.356438 0.42982
-0.0345539 -0.359395 0.435032 -0.00613433 -0.356547 0.429994
-0.0355326 -0.359504 0.435206 -0.0071116 -0.356655 0.430168
-0.0365113 -0.359612 0.43538 -0.00857732 -0.356818 0.430429
-0.03749 -0.359721 0.435554 -0.00955437 -0.356926 0.430603
-0.0384688 -0.35983 0.435728 -0.0100429 -0.35698 0.43069
-0.0394475 -0.359939 0.435902 -0.0115083 -0.357143 0.430951
-0.0404262 -0.360047 0.436076 -0.0124855 -0.357251 0.431125
-0.0414049 -0.360156 0.43625 -0.0129744 -0.357305 0.431213
-0.0423837 -0.360265 0.436424 -0.0139531 -0.357414 0.431387
-0.0433624 -0.360374 0.436598 -0.0154216 -0.357577 0.431649
-0.0443411 -0.360482 0.436772 -0.015911 -0.357631 0.431736
-0.0453198 -0.360591 0.436946 -0.0173788 -0.357794 0.431997
-0.0462986 -0.3607 0.43712 -0.018357 -0.357903 0.432172
-0.0472773 -0.360809 0.437294 -0.019335 -0.358011 0.432346
-0.048256 -0.360917 0.437468 -0.0203128 -0.35812 0.43252
-0.0492347 -0.361026 0.437642 -0.0212904 -0.358228 0.432695
-0.0502134 -0.361135 0.437816 -0.0222679 -0.358336 0.432869
-0.0511922 -0.361244 0.43799 -0.0232453 -0.358445 0.433043
-0.0521709 -0.361352 0.438164 -0.0242226 -0.358553 0.433217
-0.0531496 -0.361461 0.438338 -0.0252001 -0.358662 0.433391
-0.0541283 -0.36157 0.438512 -0.0261776 -0.35877 0.433566
-0.0551071 -0.361679 0.438686 -0.027155 -0.358878 0.43374
-0.0560858 -0.361787 0.43886 -0.0281324 -0.358987 0.433914
-0.0570645 -0.361896 0.439034 -0.0291097 -0.359095 0.434088
-0.0580432 -0.362005 0.439208 -0.0300869 -0.359203 0.434262
-0.059022 -0.362114 0.439382 -0.031064 -0.359312 0.434437
-0.0600007 -0.362222 0.439556 -0.0315525 -0.359366 0.434524
-0.0609794 -0.362331 0.43973 -0.033018 -0.359528 0.434785
-0.0619581 -0.36244 0.439904 -0.033995 -0.359637 0.434959
-0.0629369 -0.362549 0.440078 -0.0349719 -0.359745 0.435133
-0.0639156 -0.362657 0.440252 -0.0359488 -0.359853 0.435307
-0.0648943 -0.362766 0.440426 -0.0369257 -0.359962 0.435482
-0.065873 -0.362875 0.4406 -0.0379026 -0.36007 0.435656
-0.0668517 -0.362984 0.440774 -0.0388796 -0.360178 0.43583
-0.0678305 -0.363092 0.440948 -0.0398574 -0.360287 0.436004
-0.0688092 -0.363201 0.441122 -0.0408371 -0.360396 0.436179
-0.0697879 -0.36331 0.441296 -0.0418188 -0.360505 0.436354
-0.0707666 -0.363419 0.44147 -0.0428017 -0.360614 0.436529
-0.0717454 -0.363527 0.441644 -0.0437849 -0.360724 0.436705
-0.0727241 -0.363636 0.441818 -0.0442765 -0.360778 0.436793
-0.0737028 -0.363745 0.441992 -0.0457504 -0.360942 0.437055
-0.0746815 -0.363854 0.442166 -0.0462415 -0.360997 0.437143
-0.0756603 -0.363962 0.44234 -0.0477147 -0.36116 0.437406
-0.076639 -0.364071 0.442514 -0.0486961 -0.361269 0.437581
-0.0776177 -0.36418 0.442688 -0.0496769 -0.361378 0.437756
-0.0785964 -0.364288 0.442862 -0.050657 -0.361487 0.43793
-0.0795752 -0.364397 0.443036 -0.0516366 -0.361596 0.438105
-0.0805539 -0.364506 0.44321 -0.0521262 -0.36165 0.438192
-0.0815326 -0.364615 0.443384 -0.0531051 -0.361758 0.438367
-0.0825113 -0.364723 0.443558 -0.0540835 -0.361867 0.438541
-0.08349 -0.364832 0.443732 -0.0555505 -0.362029 0.438803
-0.0844688 -0.364941 0.443906 -0.0560395 -0.362084 0.43889
-0.0854475 -0.36505 0.44408 -0.0570176 -0.362192 0.439065
-0.0864262 -0.365158 0.444254 -0.0579959 -0.3623 0.439239
-0.0874049 -0.365267 0.444428 -0.0589743 -0.362409 0.439414
-0.0883837 -0.365376 0.444602 -0.0599525 -0.362517 0.439588
-0.0893624 -0.365485 0.444776 -0.0609304 -0.362626 0.439763
-0.0903411 -0.365593 0.44495 -0.061908 -0.362734 0.439937
-0.0913198 -0.365702 0.445124 -0.0628853 -0.362842 0.440111
-0.0922986 -0.365811 0.445298 -0.0638623 -0.362951 0.440285
-0.0932773 -0.36592 0.445472 -0.0648391 -0.363059 0.44046
-0.094256 -0.366028 0.445646 -0.0658158 -0.363167 0.440634
-0.0952347 -0.366137 0.44582 -0.0667924 -0.363275 0.440808
-0.0962135 -0.366246 0.445994 -0.0677688 -0.363384 0.440982
-0.0971922 -0.366355 0.446167 -0.0687452 -0.363492 0.441156
-0.0981709 -0.366463 0.446341 -0.0697217 -0.3636 0.44133
-0.0991496 -0.366572 0.446515 -0.0706985 -0.363708 0.441505
-0.100128 -0.366681 0.446689 -0.072164 -0.363871 0.441766
-0.101107 -0.36679 0.446863 -0.0726524 -0.363925 0.441853
-0.102086 -0.366898 0.447037 -0.0736291 -0.364033 0.442027
-0.103065 -0.367007 0.447211 -0.0746058 -0.364142 0.442201
-0.104043 -0.367116 0.447385 -0.0755823 -0.36425 0.442376
-0.105022 -0.367225 0.447559 -0.0765588 -0.364358 0.44255
-0.106001 -0.367333 0.447733 -0.0775354 -0.364467 0.442724
-0.106979 -0.367442 0.447907 -0.0780238 -0.364521 0.442811
-0.107958 -0.367551 0.448081 -0.0794892 -0.364683 0.443073
-0.108937 -0.36766 0.448255 -0.0804663 -0.364792 0.443247
-0.109916 -0.367768 0.448429 -0.0814439 -0.3649 0.443421
-0.110894 -0.367877 0.448603 -0.0824222 -0.365009 0.443596
-0.111873 -0.367986 0.448777 -0.0834007 -0.365117 0.44377
-0.112852 -0.368095 0.448951 -0.0838898 -0.365172 0.443858
-0.11383 -0.368203 0.449125 -0.0843789 -0.365226 0.443945
-0.114809 -0.368312 0.449299 -0.0863349 -0.365443 0.444294
-0.115788 -0.368421 0.449473 -0.0873142 -0.365552 0.444469
-0.116767 -0.36853 0.449647 -0.0882957 -0.365661 0.444644
-0.117745 -0.368638 0.449821 -0.0892781 -0.36577 0.444819
-0.118724 -0.368747 0.449995 -0.0902599 -0.36588 0.444994
-0.119703 -0.368856 0.450169 -0.091241 -0.365989 0.445169
-0.120682 -0.368965 0.450343 -0.0922215 -0.366098 0.445344
-0.12166 -0.369073 0.450517 -0.0932014 -0.366206 0.445519
-0.122639 -0.369182 0.450691 -0.094181 -0.366315 0.445694
-0.123618 -0.369291 0.450865 -0.0951602 -0.366424 0.445869
-0.124596 -0.3694 0.451039 -0.0961389 -0.366532 0.446043
-0.125575 -0.369508 0.451213 -0.0971174 -0.366641 0.446218
-0.126554 -0.369617 0.451387 -0.0980955 -0.366749 0.446392
-0.127533 -0.369726 0.451561 -0.0990733 -0.366858 0.446567
-0.128511 -0.369835 0.451735 -0.100051 -0.366966 0.446741
-0.12949 -0.369943 0.451909 -0.101028 -0.367075 0.446915
-0.130469 -0.370052 0.452083 -0.102005 -0.367183 0.44709
-0.131447 -0.370161 0.452257 -0.102982 -0.367291 0.447264
-0.132426 -0.37027 0.452431 -0.103959 -0.3674 0.447438
-0.133405 -0.370378 0.452605 -0.104936 -0.367508 0.447612
-0.134384 -0.370487 0.452779 -0.105913 -0.367616 0.447787
-0.135362 -0.370596 0.452953 -0.10689 -0.367724 0.447961
-0.136341 -0.370705 0.453127 -0.107866 -0.367833 0.448135
-0.13732 -0.370813 0.453301 -0.108843 -0.367941 0.448309
-0.138299 -0.370922 0.453475 -0.109819 -0.368049 0.448483
-0.139277 -0.371031 0.453649 -0.110795 -0.368158 0.448658
-0.140256 -0.37114 0.453823 -0.111772 -0.368266 0.448832
-0.141235 -0.371248 0.453997 -0.112748 -0.368374 0.449006
-0.142213 -0.371357 0.454171 -0.113724 -0.368482 0.44918
-0.143192 -0.371466 0.454345 -0.114212 -0.368536 0.449267
-0.144171 -0.371575 0.454519 -0.1147 -0.368591 0.449354
-0.14515 -0.371683 0.454693 -0.117141 -0.368861 0.449789
-0.146128 -0.371792 0.454867 -0.119093 -0.369078 0.450138
-0.147107 -0.371901 0.455041 -0.119581 -0.369132 0.450225
-0.148086 -0.37201 0.455215 -0.120555 -0.36924 0.450398
-0.149065 -0.372118 0.455389 -0.121041 -0.369293 0.450485
-0.150043 -0.372227 0.455563 -0.122974 -0.369507 0.45083
-0.151022 -0.372336 0.455737 -0.123936 -0.369613 0.451001
-0.152001 -0.372445 0.455911 -0.124896 -0.369718 0.451172
-0.152979 -0.372553 0.456085 -0.125854 -0.369824 0.451343
-0.153958 -0.372662 0.456259 -0.126332 -0.369876 0.451428
-0.154937 -0.372771 0.456433 -0.127287 -0.369981 0.451598
-0.155916 -0.37288 0.456607 -0.12824 -0.370086 0.451768
-0.156894 -0.372988 0.456781 -0.129669 -0.370243 0.452022
-0.157873 -0.373097 0.456955 -0.13062 -0.370348 0.452191
-0.158852 -0.373206 0.457129 -0.131095 -0.3704 0.452276
-0.15983 -0.373314 0.457303 -0.132521 -0.370557 0.45253
-0.160809 -0.373423 0.457477 -0.133471 -0.370662 0.452699
-0.161788 -0.373532 0.457651 -0.133946 -0.370714 0.452784
-0.162767 -0.373641 0.457825 -0.134897 -0.370819 0.452953
-0.163745 -0.373749 0.457999 -0.135847 -0.370924 0.453122
-0.164724 -0.373858 0.458173 -0.136798 -0.371029 0.453292
-0.165703 -0.373967 0.458347 -0.137273 -0.371081 0.453377
-0.166682 -0.374076 0.458521 -0.138701 -0.371239 0.453631
-0.16766 -0.374184 0.458695 -0.139177 -0.371292 0.453716
-0.168639 -0.374293 0.458869 -0.140606 -0.37145 0.453971
-0.169618 -0.374402 0.459043 -0.141559 -0.371556 0.454141
-0.170596 -0.374511 0.459217 -0.14299 -0.371715 0.454396
-0.171575 -0.374619 0.459391 -0.143467 -0.371768 0.454481
-0.172554 -0.374728 0.459565 -0.143945 -0.371821 0.454566
-0.173533 -0.374837 0.459739 -0.145858 -0.372033 0.454907
-0.174511 -0.374946 0.459913 -0.146816 -0.37214 0.455078
-0.17549 -0.375054 0.460087 -0.147775 -0.372247 0.455249
-0.176469 -0.375163 0.460261 -0.148735 -0.372354 0.455421
-0.177448 -0.375272 0.460435 -0.149696 -0.372461 0.455592
-0.178426 -0.375381 0.460609 -0.150657 -0.372568 0.455764
-0.179405 -0.375489 0.460783 -0.151619 -0.372675 0.455935
-0.180384 -0.375598 0.460957 -0.152582 -0.372782 0.456107
-0.181362 -0.375707 0.461131 -0.153545 -0.372889 0.456279
-0.182341 -0.375816 0.461305 -0.154509 -0.372997 0.456451
-0.18332 -0.375924 0.461479 -0.155474 -0.373104 0.456623
-0.184299 -0.376033 0.461653 -0.15644 -0.373212 0.456796
-0.185277 -0.376142 0.461827 -0.157406 -0.37332 0.456968
-0.186256 -0.376251 0.462001 -0.158373 -0.373428 0.457141
-0.187235 -0.376359 0.462175 -0.15934 -0.373535 0.457313
-0.188213 -0.376468 0.462349 -0.160307 -0.373643 0.457486
-0.189192 -0.376577 0.462523 -0.161276 -0.373751 0.457659
-0.190171 -0.376686 0.462697 -0.16176 -0.373805 0.457745
-0.19115 -0.376794 0.462871 -0.163214 -0.373967 0.458005
-0.192128 -0.376903 0.463045 -0.164183 -0.374075 0.458178
-0.193107 -0.377012 0.463219 -0.165153 -0.374183 0.458351
-0.194086 -0.377121 0.463393 -0.165638 -0.374237 0.458438
-0.195065 -0.377229 0.463567 -0.167095 -0.3744 0.458698
-0.196043 -0.377338 0.463741 -0.168066 -0.374508 0.458871
-0.197022 -0.377447 0.463915 -0.169039 -0.374616 0.459045
-0.198001 -0.377556 0.464089 -0.170013 -0.374725 0.459218
-0.198979 -0.377664 0.464263 -0.170987 -0.374834 0.459392
-0.199958 -0.377773 0.464437 -0.171962 -0.374942 0.459566
-0.200937 -0.377882 0.464611 -0.172936 -0.375051 0.45974
-0.201916 -0.377991 0.464785 -0.173423 -0.375105 0.459827
-0.202894 -0.378099 0.464959 -0.174886 -0.375268 0.460088
-0.203873 -0.378208 0.465133 -0.175861 -0.375376 0.460262
-0.204852 -0.378317 0.465307 -0.176836 -0.375485 0.460436
-0.20583 -0.378426 0.465481 -0.177811 -0.375593 0.46061
-0.206809 -0.378534 0.465655 -0.178786 -0.375702 0.460784
-0.207788 -0.378643 0.465829 -0.179762 -0.37581 0.460958
-0.208767 -0.378752 0.466003 -0.180738 -0.375919 0.461132
-0.209745 -0.378861 0.466177 -0.181714 -0.376028 0.461306
-0.210724 -0.378969 0.466351 -0.18269 -0.376136 0.46148
-0.211703 -0.379078 0.466525 -0.183666 -0.376245 0.461654
-0.212682 -0.379187 0.466699 -0.184643 -0.376353 0.461828
-0.21366 -0.379296 0.466873 -0.185619 -0.376462 0.462002
-0.214639 -0.379404 0.467047 -0.186596 -0.37657 0.462177
-0.215618 -0.379513 0.467221 -0.187573 -0.376679 0.462351
-0.216596 -0.379622 0.467395 -0.18855 -0.376787 0.462525
-0.217575 -0.379731 0.467569 -0.189527 -0.376896 0.462699
-0.218554 -0.379839 0.467743 -0.190504 -0.377005 0.462873
-0.219533 -0.379948 0.467917 -0.191482 -0.377113 0.463048
-0.220511 -0.380057 0.468091 -0.192459 -0.377222 0.463222
-0.22149 -0.380166 0.468265 -0.193436 -0.37733 0.463396
-0.222469 -0.380274 0.468439 -0.194414 -0.377439 0.46357
-0.223448 -0.380383 0.468613 -0.195391 -0.377547 0.463745
-0.224426 -0.380492 0.468787 -0.19588 -0.377602 0.463832
-0.225405 -0.380601 0.468961 -0.197347 -0.377765 0.464093
-0.226384 -0.380709 0.469135 -0.198324 -0.377873 0.464267
-0.227362 -0.380818 0.469309 -0.199302 -0.377982 0.464442
-0.228341 -0.380927 0.469483 -0.20028 -0.37809 0.464616
-0.22932 -0.381036 0.469657 -0.201258 -0.378199 0.46479
-0.230299 -0.381144 0.469831 -0.202237 -0.378308 0.464965
-0.231277 -0.381253 0.470005 -0.203215 -0.378416 0.465139
-0.232256 -0.381362 0.470179 -0.204194 -0.378525 0.465314
-0.233235 -0.381471 0.470353 -0.205172 -0.378633 0.465488
-0.234213 -0.381579 0.470527 -0.206151 -0.378742 0.465663
-0.235192 -0.381688 0.470701 -0.207129 -0.378851 0.465837
-0.236171 -0.381797 0.470875 -0.208108 -0.378959 0.466011
-0.23715 -0.381906 0.471049 -0.209086 -0.379068 0.466186
-0.238128 -0.382014 0.471223 -0.210065 -0.379177 0.46636
-0.239107 -0.382123 0.471397 -0.211044 -0.379285 0.466535
-0.240086 -0.382232 0.471571 -0.212023 -0.379394 0.466709
-0.241065 -0.382341 0.471745 -0.213002 -0.379503 0.466884
-0.242043 -0.382449 0.471919 -0.213981 -0.379611 0.467058
-0.243022 -0.382558 0.472093 -0.21496 -0.37972 0.467232
-0.244001 -0.382667 0.472267 -0.215449 -0.379774 0.46732
-0.244979 -0.382775 0.472441 -0.216917 -0.379937 0.467581
-0.245958 -0.382884 0.472615 -0.217896 -0.380046 0.467756
-0.246937 -0.382993 0.472789 -0.218385 -0.3801 0.467843
-0.247916 -0.383102 0.472963 -0.219857 -0.380264 0.468105
-0.248894 -0.38321 0.473137 -0.220842 -0.380373 0.468281
-0.249873 -0.383319 0.473311 -0.221826 -0.380483 0.468457
-0.250852 -0.383428 0.473485 -0.222809 -0.380592 0.468632
-0.25183 -0.383537 0.473659 -0.223301 -0.380647 0.46872
-0.252809 -0.383645 0.473833 -0.224284 -0.380756 0.468895
-0.253788 -0.383754 0.474007 -0.225266 -0.380865 0.46907
-0.254767 -0.383863 0.474181 -0.226739 -0.381029 0.469332
-0.255745 -0.383972 0.474355 -0.22772 -0.381138 0.469507
-0.256724 -0.38408 0.474529 -0.228211 -0.381192 0.469595
-0.257703 -0.384189 0.474703 -0.229191 -0.381301 0.469769
-0.258682 -0.384298 0.474877 -0.230171 -0.38141 0.469944
-0.25966 -0.384407 0.475051 -0.231151 -0.381518 0.470119
-0.260639 -0.384515 0.475225 -0.232131 -0.381627 0.470293
-0.261618 -0.384624 0.475399 -0.23311 -0.381736 0.470467
-0.262596 -0.384733 0.475573 -0.234089 -0.381844 0.470642
-0.263575 -0.384842 0.475747 -0.234578 -0.381898 0.470729
-0.264554 -0.38495 0.475921 -0.236046 -0.382061 0.47099
-0.265533 -0.385059 0.476095 -0.237027 -0.38217 0.471165
-0.266511 -0.385168 0.476269 -0.238009 -0.382279 0.47134
-0.26749 -0.385277 0.476443 -0.238994 -0.382389 0.471516
-0.268469 -0.385385 0.476617 -0.239981 -0.382499 0.471692
-0.269448 -0.385494 0.476791 -0.240969 -0.382609 0.471868
-0.270426 -0.385603 0.476965 -0.241955 -0.382718 0.472044
-0.271405 -0.385712 0.477139 -0.24294 -0.382828 0.472219
-0.272384 -0.38582 0.477313 -0.243924 -0.382937 0.472395
-0.273362 -0.385929 0.477487 -0.244908 -0.383046 0.47257
-0.274341 -0.386038 0.477661 -0.245401 -0.383101 0.472658
-0.27532 -0.386147 0.477835 -0.246881 -0.383266 0.472922
-0.276299 -0.386255 0.478009 -0.247376 -0.383321 0.47301
-0.277277 -0.386364 0.478183 -0.24787 -0.383376 0.473098
-0.278256 -0.386473 0.478357 -0.249354 -0.383541 0.473363
-0.279235 -0.386582 0.478531 -0.250342 -0.383651 0.473539
-0.280213 -0.38669 0.478705 -0.251828 -0.383816 0.473804
-0.281192 -0.386799 0.478879 -0.253314 -0.383982 0.474069
-0.282171 -0.386908 0.479053 -0.254301 -0.384091 0.474245
-0.28315 -0.387017 0.479227 -0.255283 -0.3842 0.47442
-0.284128 -0.387125 0.479401 -0.256261 -0.384308 0.474594
-0.285107 -0.387234 0.479575 -0.257237 -0.384416 0.474767
-0.286086 -0.387343 0.479749 -0.258211 -0.384523 0.47494
-0.287065 -0.387452 0.479923 -0.259182 -0.38463 0.475113
-0.288043 -0.38756 0.480097 -0.260149 -0.384737 0.475285
-0.289022 -0.387669 0.480271 -0.261116 -0.384843 0.475456
-0.290001 -0.387778 0.480445 -0.262083 -0.38495 0.475628
-0.290979 -0.387887 0.480619 -0.263051 -0.385056 0.4758
-0.291958 -0.387995 0.480793 -0.26402 -0.385163 0.475973
-0.292937 -0.388104 0.480967 -0.26499 -0.38527 0.476145
-0.293916 -0.388213 0.481141 -0.265959 -0.385378 0.476317
-0.294894 -0.388322 0.481315 -0.26693 -0.385485 0.47649
-0.295873 -0.38843 0.481489 -0.267901 -0.385592 0.476663
-0.296852 -0.388539 0.481663 -0.268872 -0.3857 0.476836
-0.29783 -0.388648 0.481837 -0.269844 -0.385808 0.477009
-0.298809 -0.388757 0.482011 -0.270817 -0.385916 0.477182
-0.299788 -0.388865 0.482185 -0.271789 -0.386023 0.477355
-0.300767 -0.388974 0.482359 -0.272763 -0.386131 0.477528
-0.301745 -0.389083 0.482533 -0.273736 -0.386239 0.477702
-0.302724 -0.389192 0.482707 -0.27471 -0.386348 0.477875
-0.303703 -0.3893 0.482881 -0.275684 -0.386456 0.478049
-0.304682 -0.389409 0.483054 -0.276659 -0.386564 0.478222
-0.30566 -0.389518 0.483228 -0.277634 -0.386672 0.478396
-0.306639 -0.389627 0.483402 -0.278609 -0.386781 0.47857
-0.307618 -0.389735 0.483576 -0.279585 -0.386889 0.478744
-0.308596 -0.389844 0.48375 -0.280561 -0.386997 0.478918
-0.309575 -0.389953 0.483924 -0.281537 -0.387106 0.479091
-0.310554 -0.390062 0.484098 -0.282513 -0.387214 0.479265
-0.311533 -0.39017 0.484272 -0.28349 -0.387323 0.479439
-0.312511 -0.390279 0.484446 -0.284466 -0.387432 0.479613
-0.31349 -0.390388 0.48462 -0.285443 -0.38754 0.479787
-0.314469 -0.390497 0.484794 -0.28642 -0.387649 0.479962
-0.315448 -0.390605 0.484968 -0.287398 -0.387757 0.480136
-0.316426 -0.390714 0.485142 -0.288375 -0.387866 0.48031
-0.317405 -0.390823 0.485316 -0.289353 -0.387975 0.480484
-0.318384 -0.390932 0.48549 -0.29033 -0.388083 0.480658
-0.319362 -0.39104 0.485664 -0.291308 -0.388192 0.480832
-0.320341 -0.391149 0.485838 -0.292286 -0.388301 0.481007
-0.32132 -0.391258 0.486012 -0.293264 -0.388409 0.481181
-0.322299 -0.391367 0.486186 -0.294242 -0.388518 0.481355
-0.323277 -0.391475 0.48636 -0.29522 -0.388627 0.481529
-0.324256 -0.391584 0.486534 -0.296199 -0.388736 0.481704
-0.325235 -0.391693 0.486708 -0.297177 -0.388844 0.481878
-0.326213 -0.391801 0.486882 -0.298156 -0.388953 0.482052
-0.327192 -0.39191 0.487056 -0.299134 -0.389062 0.482227
-0.328171 -0.392019 0.48723 -0.299624 -0.389116 0.482314
-0.32915 -0.392128 0.487404 -0.299624 -0.389116 0.482314
-0.330128 -0.392236 0.487578 -0.30256 -0.389442 0.482837
-0.331107 -0.392345 0.487752 -0.303539 -0.389551 0.483011
-0.332086 -0.392454 0.487926 -0.304028 -0.389606 0.483098
-0.333065 -0.392563 0.4881 -0.305007 -0.389714 0.483273
-0.334043 -0.392671 0.488274 -0.305986 -0.389823 0.483447
-0.335022 -0.39278 0.488448 -0.306965 -0.389932 0.483621
-0.336001 -0.392889 0.488622 -0.307943 -0.39004 0.483796
-0.336979 -0.392998 0.488796 -0.308922 -0.390149 0.48397
-0.337958 -0.393106 0.48897 -0.3099 -0.390258 0.484144
-0.338937 -0.393215 0.489144 -0.310879 -0.390366 0.484318
-0.339916 -0.393324 0.489318 -0.311856 -0.390475 0.484492
-0.340894 -0.393433 0.489492 -0.312833 -0.390583 0.484666
-0.341873 -0.393541 0.489666 -0.313809 -0.390692 0.48484
-0.342852 -0.39365 0.48984 -0.314786 -0.3908 0.485014
-0.343831 -0.393759 0.490014 -0.315761 -0.390908 0.485187
-0.344809 -0.393868 0.490188 -0.317223 -0.39107 0.485448
-0.345788 -0.393976 0.490362 -0.318198 -0.391178 0.485621
-0.346767 -0.394085 0.490536 -0.318686 -0.391232 0.485708
-0.347745 -0.394194 0.49071 -0.31966 -0.39134 0.485881
-0.348724 -0.394303 0.490884 -0.320635 -0.391449 0.486055
-0.349703 -0.394411 0.491058 -0.322098 -0.391611 0.486315
-0.350682 -0.39452 0.491232 -0.322586 -0.391665 0.486402
-0.35166 -0.394629 0.491406 -0.323562 -0.391773 0.486576
-0.352639 -0.394738 0.49158 -0.324539 -0.391882 0.48675
-0.353618 -0.394846 0.491754 -0.325516 -0.39199 0.486924
-0.354596 -0.394955 0.491928 -0.326493 -0.392099 0.487098
-0.355575 -0.395064 0.492102 -0.327471 -0.392208 0.487272
-0.356554 -0.395173 0.492276 -0.328449 -0.392316 0.487446
-0.357533 -0.395281 0.49245 -0.329427 -0.392425 0.48762
-0.358511 -0.39539 0.492624 -0.330406 -0.392534 0.487795
-0.35949 -0.395499 0.492798 -0.331875 -0.392697 0.488056
-0.360469 -0.395608 0.492972 -0.332854 -0.392806 0.488231
-0.361448 -0.395716 0.493146 -0.333344 -0.39286 0.488318
-0.362426 -0.395825 0.49332 -0.334323 -0.392969 0.488493
-0.363405 -0.395934 0.493494 -0.335793 -0.393133 0.488754
-0.364384 -0.396043 0.493668 -0.336772 -0.393242 0.488929
-0.365362 -0.396151 0.493842 -0.337752 -0.39335 0.489103
-0.366341 -0.39626 0.494016 -0.338242 -0.393405 0.48919
-0.36732 -0.396369 0.49419 -0.339221 -0.393514 0.489365
-0.368299 -0.396478 0.494364 -0.340201 -0.393623 0.489539
-0.369277 -0.396586 0.494538 -0.34118 -0.393731 0.489714
-0.370256 -0.396695 0.494712 -0.34216 -0.39384 0.489888
-0.371235 -0.396804 0.494886 -0.343629 -0.394003 0.49015
-0.372213 -0.396913 0.49506 -0.344608 -0.394112 0.490324
-0.373192 -0.397021 0.495234 -0.345587 -0.394221 0.490498
-0.374171 -0.39713 0.495408 -0.346566 -0.39433 0.490673
-0.37515 -0.397239 0.495582 -0.347545 -0.394438 0.490847
-0.376128 -0.397348 0.495756 -0.348523 -0.394547 0.491021
-0.377107 -0.397456 0.49593 -0.349502 -0.394656 0.491195
-0.378086 -0.397565 0.496104 -0.35048 -0.394764 0.49137
-0.379065 -0.397674 0.496278 -0.351459 -0.394873 0.491544
-0.380043 -0.397783 0.496452 -0.352437 -0.394982 0.491718
-0.381022 -0.397891 0.496626 -0.353415 -0.39509 0.491892
-0.382001 -0.398 0.4968 -0.353904 -0.395145 0.491979
-0.382979 -0.398109 0.496974 -0.355372 -0.395308 0.49224
-0.383958 -0.398218 0.497148 -0.35635 -0.395416 0.492415
-0.384937 -0.398326 0.497322 -0.356839 -0.395471 0.492502
-0.385916 -0.398435 0.497496 -0.358307 -0.395634 0.492763
-0.386894 -0.398544 0.49767 -0.359285 -0.395742 0.492937
-0.387873 -0.398653 0.497844 -0.360263 -0.395851 0.493111
-0.388852 -0.398761 0.498018 -0.361242 -0.39596 0.493285
-0.389831 -0.39887 0.498192 -0.361731 -0.396014 0.493372
-0.390809 -0.398979 0.498366 -0.362709 -0.396123 0.493547
-0.391788 -0.399088 0.49854 -0.363687 -0.396231 0.493721
-0.392767 -0.399196 0.498714 -0.364666 -0.39634 0.493895
-0.393745 -0.399305 0.498888 -0.365645 -0.396449 0.49407
-0.394724 -0.399414 0.499062 -0.366625 -0.396558 0.494244
-0.395703 -0.399523 0.499236 -0.367605 -0.396667 0.494419
-0.396682 -0.399631 0.49941 -0.368585 -0.396776 0.494593
-0.39766 -0.39974 0.499584 -0.369566 -0.396885 0.494768
-0.398639 -0.399849 0.499758 -0.370546 -0.396994 0.494942
-0.399618 -0.399958 0.499932 -0.371527 -0.397103 0.495117
-0.400596 -0.400066 0.500106 -0.372508 -0.397212 0.495292
-0.399618 -0.399958 0.499932 -0.373489 -0.397321 0.495467
-0.400596 -0.400066 0.500106 -0.374471 -0.39743 0.495641
-0.399618 -0.399958 0.499932 -0.375452 -0.397539 0.495816
-0.400596 -0.400066 0.500106 -0.376433 -0.397649 0.495991
-0.399618 -0.399958 0.499932 -0.377413 -0.397757 0.496165
-0.400596 -0.400066 0.500106 -0.378385 -0.397865 0.496338
-0.399618 -0.399958 0.499932 -0.379348 -0.397971 0.496509
-0.400596 -0.400066 0.500106 -0.380298 -0.398075 0.496677
-0.399618 -0.399958 0.499932 -0.381231 -0.398176 0.496841
-0.400596 -0.400066 0.500106 -0.382146 -0.398275 0.497002
-0.399618 -0.399958 0.499932 -0.38304 -0.39837 0.497159
-0.400596 -0.400066 0.500106 -0.383912 -0.398462 0.497311
-0.399618 -0.399958 0.499932 -0.38476 -0.398551 0.497458
-0.400596 -0.400066 0.500106 -0.385582 -0.398636 0.4976
-0.399618 -0.399958 0.499932 -0.386379 -0.398718 0.497737
-0.400596 -0.400066 0.500106 -0.387149 -0.398796 0.497869
-0.399618 -0.399958 0.499932 -0.387892 -0.398871 0.497996
-0.400596 -0.400066 0.500106 -0.388608 -0.398942 0.498118
-0.399618 -0.399958 0.499932 -0.388956 -0.398977 0.498177
-0.400596 -0.400066 0.500106 -0.389958 -0.399075 0.498346
-0.399618 -0.399958 0.499932 -0.39059 -0.399136 0.498452
-0.400596 -0.400066 0.500106 -0.391193 -0.399194 0.498553
-0.399618 -0.399958 0.499932 -0.391765 -0.399248 0.498649
-0.400596 -0.400066 0.500106 -0.392311 -0.399299 0.498739
-0.399618 -0.399958 0.499932 -0.392833 -0.399348 0.498826
-0.400596 -0.400066 0.500106 -0.393084 -0.399371 0.498867
-0.399618 -0.399958 0.499932 -0.393802 -0.399438 0.498986
-0.400596 -0.400066 0.500106 -0.394252 -0.399479 0.49906
-0.399618 -0.399958 0.499932 -0.394678 -0.399518 0.49913
-0.400596 -0.400066 0.500106 -0.395079 -0.399554 0.499196
-0.399618 -0.399958 0.499932 -0.395457 -0.399588 0.499258
-0.400596 -0.400066 0.500106 -0.395814 -0.39962 0.499316
-0.399618 -0.399958 0.499932 -0.396151 -0.39965 0.499371
-0.400596 -0.400066 0.500106 -0.39647 -0.399679 0.499423
-0.399618 -0.399958 0.499932 -0.396771 -0.399706 0.499472
-0.400596 -0.400066 0.500106 -0.397055 -0.399731 0.499518
-0.399618 -0.399958 0.499932 -0.397323 -0.399755 0.499562
-0.400596 -0.400066 0.500106 -0.397574 -0.399777 0.499603
-0.399618 -0.399958 0.499932 -0.397811 -0.399798 0.499641
-0.400596 -0.400066 0.500106 -0.398032 -0.399818 0.499677
-0.399618 -0.399958 0.499932 -0.39824 -0.399837 0.499711
-0.400596 -0.400066 0.500106 -0.398435 -0.399854 0.499743
-0.399618 -0.399958 0.499932 -0.398617 -0.39987 0.499772
-0.400596 -0.400066 0.500106 -0.398787 -0.399886 0.4998
-0.399618 -0.399958 0.499932 -0.398946 -0.3999 0.499826
-0.400596 -0.400066 0.500106 -0.399094 -0.399913 0.49985
