0.499829 -0.300019 0.34003 0.500808 -0.299908 0.339854
0.49885 -0.300128 0.340204 0.500808 -0.299908 0.339854
0.497872 -0.300236 0.340378 0.500808 -0.299908 0.339854
0.496893 -0.300345 0.340552 0.500808 -0.299908 0.339854
0.495914 -0.300454 0.340726 0.500807 -0.299908 0.339855
0.494936 -0.300563 0.3409 0.500796 -0.299909 0.339857
0.493957 -0.300671 0.341074 0.500775 -0.299912 0.33986
0.492978 -0.30078 0.341248 0.500741 -0.299916 0.339866
0.491999 -0.300889 0.341422 0.500691 -0.299921 0.339875
0.491021 -0.300998 0.341596 0.500622 -0.299929 0.339888
0.490042 -0.301106 0.34177 0.500532 -0.299939 0.339904
0.489063 -0.301215 0.341944 0.50042 -0.299952 0.339925
0.488084 -0.301324 0.342118 0.500284 -0.299968 0.33995
0.487106 -0.301433 0.342292 0.500121 -0.299987 0.339979
0.486127 -0.301541 0.342466 0.499932 -0.300009 0.340014
0.485148 -0.30165 0.34264 0.499716 -0.300034 0.340054
0.48417 -0.301759 0.342814 0.499473 -0.300062 0.340099
0.483191 -0.301868 0.342988 0.499203 -0.300094 0.340149
0.482212 -0.301976 0.343162 0.498905 -0.300129 0.340204
0.481233 -0.302085 0.343336 0.498581 -0.300167 0.340264
0.480255 -0.302194 0.34351 0.498229 -0.300208 0.340329
0.479276 -0.302303 0.343684 0.498043 -0.30023 0.340363
0.478297 -0.302411 0.343858 0.497447 -0.3003 0.340474
0.477319 -0.30252 0.344032 0.497017 -0.300351 0.340553
0.47634 -0.302629 0.344206 0.496562 -0.300404 0.340638
0.475361 -0.302738 0.34438 0.496083 -0.300461 0.340727
0.474382 -0.302846 0.344554 0.495833 -0.30049 0.340773
0.473404 -0.302955 0.344728 0.495317 -0.300551 0.340869
0.472425 -0.303064 0.344902 0.4945 -0.300648 0.34102
0.471446 -0.303173 0.345076 0.494217 -0.300681 0.341073
0.470467 -0.303281 0.34525 0.493341 -0.300784 0.341235
0.469489 -0.30339 0.345424 0.492731 -0.300856 0.341348
0.46851 -0.303499 0.345598 0.492098 -0.30093 0.341465
0.467531 -0.303608 0.345772 0.491446 -0.301007 0.341586
0.466553 -0.303716 0.345946 0.490774 -0.301086 0.34171
0.465574 -0.303825 0.34612 0.490431 -0.301126 0.341773
0.464595 -0.303934 0.346294 0.489375 -0.30125 0.341968
0.463616 -0.304043 0.346468 0.48865 -0.301335 0.342102
0.462638 -0.304151 0.346642 0.487909 -0.301422 0.342239
0.461659 -0.30426 0.346816 0.487152 -0.30151 0.342378
0.46068 -0.304369 0.34699 0.486381 -0.3016 0.34252
0.459702 -0.304478 0.347164 0.485596 -0.301692 0.342664
0.458723 -0.304586 0.347338 0.484798 -0.301784 0.342811
0.457744 -0.304695 0.347512 0.483987 -0.301879 0.342959
0.456765 -0.304804 0.347686 0.483165 -0.301974 0.34311
0.455787 -0.304913 0.34786 0.482331 -0.302071 0.343263
0.454808 -0.305021 0.348034 0.481487 -0.302168 0.343417
0.453829 -0.30513 0.348208 0.480633 -0.302267 0.343573
0.45285 -0.305239 0.348382 0.47977 -0.302367 0.34373
0.451872 -0.305348 0.348556 0.478897 -0.302467 0.343889
0.450893 -0.305456 0.34873 0.478458 -0.302518 0.343969
0.449914 -0.305565 0.348904 0.477129 -0.30267 0.344211
0.448936 -0.305674 0.349078 0.476233 -0.302773 0.344373
0.447957 -0.305783 0.349252 0.475331 -0.302876 0.344537
0.446978 -0.305891 0.349426 0.474422 -0.30298 0.344701
0.445999 -0.306 0.3496 0.473507 -0.303085 0.344867
0.445021 -0.306109 0.349774 0.473047 -0.303137 0.34495
0.444042 -0.306218 0.349948 0.471661 -0.303295 0.3452
0.443063 -0.306326 0.350122 0.47073 -0.303401 0.345368
0.442084 -0.306435 0.350296 0.469795 -0.303507 0.345537
0.441106 -0.306544 0.35047 0.468855 -0.303614 0.345706
0.440127 -0.306653 0.350644 0.467911 -0.30372 0.345875
0.439148 -0.306761 0.350818 0.466964 -0.303828 0.346045
0.43817 -0.30687 0.350992 0.466014 -0.303935 0.346216
0.437191 -0.306979 0.351166 0.465061 -0.304042 0.346387
0.436212 -0.307088 0.35134 0.464105 -0.30415 0.346558
0.435233 -0.307196 0.351514 0.463146 -0.304258 0.34673
0.434255 -0.307305 0.351688 0.462185 -0.304366 0.346902
0.433276 -0.307414 0.351862 0.461222 -0.304474 0.347074
0.432297 -0.307523 0.352036 0.460257 -0.304583 0.347246
0.431319 -0.307631 0.35221 0.45929 -0.304691 0.347419
0.43034 -0.30774 0.352384 0.458321 -0.3048 0.347592
0.429361 -0.307849 0.352558 0.457351 -0.304908 0.347764
0.428382 -0.307958 0.352732 0.45638 -0.305017 0.347938
0.427404 -0.308066 0.352906 0.455407 -0.305126 0.348111
0.426425 -0.308175 0.35308 0.454433 -0.305235 0.348284
0.425446 -0.308284 0.353254 0.453946 -0.305289 0.348371
0.424467 -0.308393 0.353428 0.45297 -0.305398 0.348545
0.423489 -0.308501 0.353602 0.451505 -0.305562 0.348805
0.42251 -0.30861 0.353776 0.450527 -0.305671 0.348979
0.421531 -0.308719 0.35395 0.449549 -0.30578 0.349153
0.420553 -0.308827 0.354124 0.449059 -0.305835 0.34924
0.419574 -0.308936 0.354298 0.4471 -0.306053 0.349587
0.418595 -0.309045 0.354472 0.44612 -0.306162 0.349761
0.417616 -0.309154 0.354646 0.445142 -0.306271 0.349935
0.416638 -0.309262 0.35482 0.444168 -0.306379 0.350108
0.415659 -0.309371 0.354994 0.443195 -0.306487 0.35028
0.41468 -0.30948 0.355168 0.442222 -0.306595 0.350452
0.413701 -0.309589 0.355342 0.44125 -0.306703 0.350624
0.412723 -0.309697 0.355516 0.440277 -0.306811 0.350796
0.411744 -0.309806 0.35569 0.439304 -0.306919 0.350969
0.410765 -0.309915 0.355864 0.438331 -0.307027 0.351141
0.409787 -0.310024 0.356038 0.437358 -0.307135 0.351313
0.408808 -0.310132 0.356212 0.436385 -0.307243 0.351486
0.407829 -0.310241 0.356386 0.435411 -0.307351 0.351658
0.40685 -0.31035 0.35656 0.434437 -0.307459 0.351831
0.405872 -0.310459 0.356734 0.433463 -0.307567 0.352003
0.404893 -0.310567 0.356908 0.432488 -0.307675 0.352176
0.403914 -0.310676 0.357082 0.431512 -0.307784 0.352349
0.402936 -0.310785 0.357256 0.430537 -0.307892 0.352522
0.401957 -0.310894 0.35743 0.429561 -0.308001 0.352695
0.400978 -0.311002 0.357604 0.428585 -0.308109 0.352867
0.399999 -0.311111 0.357778 0.42761 -0.308218 0.35304
0.399021 -0.31122 0.357952 0.427122 -0.308272 0.353127
0.398042 -0.311329 0.358126 0.425658 -0.308435 0.353386
0.397063 -0.311437 0.3583 0.424681 -0.308543 0.353559
0.396084 -0.311546 0.358474 0.423704 -0.308652 0.353733
0.395106 -0.311655 0.358648 0.422728 -0.30876 0.353906
0.394127 -0.311764 0.358822 0.421752 -0.308869 0.354079
0.393148 -0.311872 0.358996 0.420776 -0.308978 0.354252
0.39217 -0.311981 0.35917 0.419799 -0.309086 0.354425
0.391191 -0.31209 0.359344 0.419311 -0.30914 0.354512
0.390212 -0.312199 0.359518 0.417846 -0.309304 0.354771
0.389233 -0.312307 0.359692 0.416869 -0.309412 0.354945
0.388255 -0.312416 0.359866 0.415892 -0.309521 0.355118
0.387276 -0.312525 0.36004 0.414915 -0.30963 0.355291
0.386297 -0.312634 0.360214 0.413938 -0.309738 0.355464
0.385319 -0.312742 0.360388 0.41296 -0.309847 0.355638
0.38434 -0.312851 0.360562 0.411983 -0.309956 0.355811
0.383361 -0.31296 0.360736 0.411006 -0.310065 0.355984
0.382382 -0.313069 0.36091 0.410029 -0.310174 0.356158
0.381404 -0.313177 0.361084 0.409052 -0.310282 0.356331
0.380425 -0.313286 0.361258 0.408075 -0.310391 0.356504
0.379446 -0.313395 0.361432 0.407098 -0.3105 0.356678
0.378467 -0.313504 0.361606 0.406121 -0.310609 0.356851
0.377489 -0.313612 0.36178 0.405143 -0.310718 0.357024
0.37651 -0.313721 0.361954 0.404654 -0.310772 0.357111
0.375531 -0.31383 0.362128 0.403188 -0.310936 0.357371
0.374553 -0.313939 0.362302 0.402211 -0.311045 0.357545
0.373574 -0.314047 0.362476 0.401237 -0.311153 0.357717
0.372595 -0.314156 0.36265 0.400263 -0.311261 0.35789
0.371616 -0.314265 0.362824 0.399289 -0.31137 0.358063
0.370638 -0.314374 0.362998 0.398314 -0.311478 0.358236
0.369659 -0.314482 0.363172 0.397339 -0.311587 0.358409
0.36868 -0.314591 0.363346 0.396851 -0.311641 0.358495
0.367701 -0.3147 0.36352 0.395385 -0.311805 0.358755
0.366723 -0.314809 0.363694 0.394407 -0.311914 0.358929
0.365744 -0.314917 0.363868 0.393428 -0.312023 0.359103
0.364765 -0.315026 0.364042 0.392448 -0.312132 0.359277
0.363787 -0.315135 0.364216 0.391468 -0.312242 0.359451
0.362808 -0.315244 0.36439 0.390487 -0.312351 0.359625
0.361829 -0.315352 0.364564 0.389507 -0.312461 0.359799
0.36085 -0.315461 0.364738 0.388526 -0.31257 0.359973
0.359872 -0.31557 0.364912 0.387545 -0.31268 0.360147
0.358893 -0.315679 0.365086 0.386564 -0.312789 0.360321
0.357914 -0.315787 0.36526 0.385583 -0.312899 0.360495
0.356936 -0.315896 0.365434 0.384602 -0.313008 0.36067
0.355957 -0.316005 0.365608 0.38362 -0.313118 0.360844
0.354978 -0.316114 0.365782 0.382638 -0.313227 0.361018
0.353999 -0.316222 0.365956 0.381657 -0.313337 0.361192
0.353021 -0.316331 0.36613 0.380675 -0.313446 0.361367
0.352042 -0.31644 0.366304 0.379693 -0.313556 0.361541
0.351063 -0.316549 0.366478 0.378711 -0.313665 0.361715
0.350084 -0.316657 0.366652 0.377729 -0.313775 0.36189
0.349106 -0.316766 0.366826 0.377238 -0.31383 0.361977
0.348127 -0.316875 0.367 0.375766 -0.313994 0.362238
0.347148 -0.316984 0.367174 0.374784 -0.314104 0.362412
0.34617 -0.317092 0.367348 0.373801 -0.314213 0.362587
0.345191 -0.317201 0.367522 0.37331 -0.314268 0.362674
0.344212 -0.31731 0.367696 0.371837 -0.314432 0.362935
0.343233 -0.317419 0.36787 0.370854 -0.314542 0.36311
0.342255 -0.317527 0.368044 0.369871 -0.314652 0.363284
0.341276 -0.317636 0.368218 0.368888 -0.314762 0.363459
0.340297 -0.317745 0.368392 0.368397 -0.314816 0.363546
0.339319 -0.317853 0.368566 0.367413 -0.314926 0.363721
0.33834 -0.317962 0.36874 0.366429 -0.315036 0.363895
0.337361 -0.318071 0.368914 0.364954 -0.315201 0.364157
0.336382 -0.31818 0.369088 0.36397 -0.315311 0.364332
0.335404 -0.318288 0.369262 0.362986 -0.31542 0.364506
0.334425 -0.318397 0.369436 0.362494 -0.315475 0.364594
0.333446 -0.318506 0.36961 0.36151 -0.315585 0.364768
0.332467 -0.318615 0.369784 0.360525 -0.315695 0.364943
0.331489 -0.318723 0.369958 0.359542 -0.315805 0.365117
0.33051 -0.318832 0.370132 0.358558 -0.315914 0.365292
0.329531 -0.318941 0.370306 0.357083 -0.316079 0.365554
0.328553 -0.31905 0.37048 0.3561 -0.316189 0.365728
0.327574 -0.319158 0.370654 0.355608 -0.316244 0.365815
0.326595 -0.319267 0.370828 0.354626 -0.316353 0.365989
0.325616 -0.319376 0.371002 0.353644 -0.316463 0.366164
0.324638 -0.319485 0.371176 0.352171 -0.316627 0.366425
0.323659 -0.319593 0.37135 0.35168 -0.316682 0.366512
0.32268 -0.319702 0.371524 0.350208 -0.316846 0.366773
0.321701 -0.319811 0.371698 0.349717 -0.316901 0.36686
0.320723 -0.31992 0.371872 0.348735 -0.31701 0.367034
0.319744 -0.320028 0.372046 0.347753 -0.31712 0.367208
0.318765 -0.320137 0.372219 0.346771 -0.317229 0.367383
0.317787 -0.320246 0.372393 0.345788 -0.317339 0.367557
0.316808 -0.320355 0.372567 0.344806 -0.317448 0.367731
0.315829 -0.320463 0.372741 0.343824 -0.317558 0.367905
0.31485 -0.320572 0.372915 0.342842 -0.317667 0.368079
0.313872 -0.320681 0.373089 0.341859 -0.317777 0.368254
0.312893 -0.32079 0.373263 0.340876 -0.317887 0.368428
0.311914 -0.320898 0.373437 0.339894 -0.317996 0.368602
0.310936 -0.321007 0.373611 0.338911 -0.318106 0.368776
0.309957 -0.321116 0.373785 0.337929 -0.318216 0.368951
0.308978 -0.321225 0.373959 0.336946 -0.318325 0.369125
0.307999 -0.321333 0.374133 0.335963 -0.318435 0.369299
0.307021 -0.321442 0.374307 0.334981 -0.318545 0.369474
0.306042 -0.321551 0.374481 0.333998 -0.318654 0.369648
0.305063 -0.32166 0.374655 0.333015 -0.318764 0.369822
0.304084 -0.321768 0.374829 0.332033 -0.318874 0.369996
0.303106 -0.321877 0.375003 0.33105 -0.318983 0.370171
0.302127 -0.321986 0.375177 0.330068 -0.319093 0.370345
0.301148 -0.322095 0.375351 0.329086 -0.319203 0.370519
0.30017 -0.322203 0.375525 0.328103 -0.319312 0.370693
0.299191 -0.322312 0.375699 0.327121 -0.319422 0.370867
0.298212 -0.322421 0.375873 0.326139 -0.319531 0.371041
0.297233 -0.32253 0.376047 0.325157 -0.319641 0.371215
0.296255 -0.322638 0.376221 0.324176 -0.31975 0.37139
0.295276 -0.322747 0.376395 0.323194 -0.31986 0.371564
0.294297 -0.322856 0.376569 0.322212 -0.319969 0.371738
0.293319 -0.322965 0.376743 0.321231 -0.320079 0.371912
0.29234 -0.323073 0.376917 0.320249 -0.320189 0.372086
0.291361 -0.323182 0.377091 0.319268 -0.320298 0.37226
0.290382 -0.323291 0.377265 0.318287 -0.320407 0.372434
0.289404 -0.3234 0.377439 0.317306 -0.320517 0.372607
0.288425 -0.323508 0.377613 0.316325 -0.320626 0.372781
0.287446 -0.323617 0.377787 0.315344 -0.320736 0.372955
0.286467 -0.323726 0.377961 0.314854 -0.320791 0.373042
0.285489 -0.323835 0.378135 0.314363 -0.320845 0.373129
0.28451 -0.323943 0.378309 0.311915 -0.321118 0.373563
0.283531 -0.324052 0.378483 0.310941 -0.321227 0.373736
0.282553 -0.324161 0.378657 0.309968 -0.321335 0.373908
0.281574 -0.32427 0.378831 0.308996 -0.321443 0.37408
0.280595 -0.324378 0.379005 0.308024 -0.321551 0.374252
0.279616 -0.324487 0.379179 0.307053 -0.321659 0.374424
0.278638 -0.324596 0.379353 0.306081 -0.321767 0.374596
0.277659 -0.324705 0.379527 0.30511 -0.321876 0.374768
0.27668 -0.324813 0.379701 0.304139 -0.321984 0.37494
0.275701 -0.324922 0.379875 0.303169 -0.322092 0.375112
0.274723 -0.325031 0.380049 0.302199 -0.322199 0.375284
0.273744 -0.32514 0.380223 0.30123 -0.322307 0.375455
0.272765 -0.325248 0.380397 0.300261 -0.322415 0.375627
0.271787 -0.325357 0.380571 0.299292 -0.322523 0.375799
0.270808 -0.325466 0.380745 0.298322 -0.322631 0.37597
0.269829 -0.325575 0.380919 0.297352 -0.32274 0.376142
0.26885 -0.325683 0.381093 0.296382 -0.322848 0.376314
0.267872 -0.325792 0.381267 0.295411 -0.322956 0.376486
0.266893 -0.325901 0.381441 0.294441 -0.323064 0.376658
0.265914 -0.32601 0.381615 0.29347 -0.323173 0.37683
0.264936 -0.326118 0.381789 0.292499 -0.323281 0.377002
0.263957 -0.326227 0.381963 0.291528 -0.323389 0.377175
0.262978 -0.326336 0.382137 0.290555 -0.323498 0.377347
0.261999 -0.326445 0.382311 0.289582 -0.323607 0.377519
0.261021 -0.326553 0.382485 0.288609 -0.323715 0.377692
0.260042 -0.326662 0.382659 0.287636 -0.323824 0.377864
0.259063 -0.326771 0.382833 0.286663 -0.323933 0.378037
0.258084 -0.32688 0.383007 0.285689 -0.324042 0.37821
0.257106 -0.326988 0.383181 0.284716 -0.324151 0.378382
0.256127 -0.327097 0.383355 0.283742 -0.324259 0.378555
0.255148 -0.327206 0.383529 0.282768 -0.324368 0.378727
0.25417 -0.327314 0.383703 0.281794 -0.324477 0.3789
0.253191 -0.327423 0.383877 0.280819 -0.324586 0.379073
0.252212 -0.327532 0.384051 0.279844 -0.324695 0.379246
0.251233 -0.327641 0.384225 0.278869 -0.324804 0.379419
0.250255 -0.327749 0.384399 0.277894 -0.324913 0.379592
0.249276 -0.327858 0.384573 0.27692 -0.325022 0.379764
0.248297 -0.327967 0.384747 0.275945 -0.325131 0.379937
0.247319 -0.328076 0.384921 0.274971 -0.32524 0.38011
0.24634 -0.328184 0.385095 0.273999 -0.325348 0.380282
0.245361 -0.328293 0.385269 0.273029 -0.325456 0.380454
0.244382 -0.328402 0.385443 0.272061 -0.325564 0.380625
0.243404 -0.328511 0.385617 0.271093 -0.325672 0.380797
0.242425 -0.328619 0.385791 0.270124 -0.32578 0.380968
0.241446 -0.328728 0.385965 0.26964 -0.325834 0.381054
0.240467 -0.328837 0.386139 0.268185 -0.325996 0.381312
0.239489 -0.328946 0.386313 0.267212 -0.326105 0.381484
0.23851 -0.329054 0.386487 0.266239 -0.326214 0.381657
0.237531 -0.329163 0.386661 0.265265 -0.326323 0.38183
0.236553 -0.329272 0.386835 0.264292 -0.326431 0.382002
0.235574 -0.329381 0.387009 0.26332 -0.32654 0.382174
0.234595 -0.329489 0.387183 0.262347 -0.326649 0.382347
0.233616 -0.329598 0.387357 0.261373 -0.326757 0.382519
0.232638 -0.329707 0.387531 0.260399 -0.326866 0.382692
0.231659 -0.329816 0.387705 0.259426 -0.326975 0.382864
0.23068 -0.329924 0.387879 0.258454 -0.327083 0.383037
0.229701 -0.330033 0.388053 0.257485 -0.327192 0.383208
0.228723 -0.330142 0.388227 0.256517 -0.327299 0.38338
0.227744 -0.330251 0.388401 0.25555 -0.327407 0.383551
0.226765 -0.330359 0.388575 0.254585 -0.327515 0.383722
0.225787 -0.330468 0.388749 0.254102 -0.327568 0.383807
0.224808 -0.330577 0.388923 0.252651 -0.32773 0.384064
0.223829 -0.330686 0.389097 0.251683 -0.327838 0.384236
0.22285 -0.330794 0.389271 0.250716 -0.327946 0.384407
0.221872 -0.330903 0.389445 0.24975 -0.328054 0.384578
0.220893 -0.331012 0.389619 0.248785 -0.328161 0.384749
0.219914 -0.331121 0.389793 0.247818 -0.328269 0.38492
0.218936 -0.331229 0.389967 0.24685 -0.328377 0.385092
0.217957 -0.331338 0.390141 0.245879 -0.328486 0.385264
0.216978 -0.331447 0.390315 0.244906 -0.328595 0.385437
0.215999 -0.331556 0.390489 0.24393 -0.328704 0.385609
0.215021 -0.331664 0.390663 0.242954 -0.328813 0.385783
0.214042 -0.331773 0.390837 0.241976 -0.328923 0.385956
0.213063 -0.331882 0.391011 0.240997 -0.329033 0.38613
0.212084 -0.331991 0.391185 0.240017 -0.329143 0.386303
0.211106 -0.332099 0.391359 0.239036 -0.329253 0.386477
0.210127 -0.332208 0.391533 0.238054 -0.329363 0.386652
0.209148 -0.332317 0.391707 0.23707 -0.329473 0.386826
0.20817 -0.332426 0.391881 0.236086 -0.329584 0.387
0.207191 -0.332534 0.392055 0.235102 -0.329694 0.387175
0.206212 -0.332643 0.392229 0.234118 -0.329805 0.387349
0.205233 -0.332752 0.392403 0.233133 -0.329915 0.387524
0.204255 -0.332861 0.392577 0.232147 -0.330026 0.387699
0.203276 -0.332969 0.392751 0.231654 -0.330081 0.387786
0.202297 -0.333078 0.392925 0.230174 -0.330247 0.388049
0.201318 -0.333187 0.393099 0.229187 -0.330358 0.388224
0.20034 -0.333296 0.393273 0.2282 -0.330468 0.388399
0.199361 -0.333404 0.393447 0.227213 -0.330579 0.388574
0.198382 -0.333513 0.393621 0.226227 -0.330689 0.388748
0.197404 -0.333622 0.393795 0.22524 -0.3308 0.388923
0.196425 -0.333731 0.393969 0.224253 -0.33091 0.389098
0.195446 -0.333839 0.394143 0.223266 -0.33102 0.389273
0.194467 -0.333948 0.394317 0.222279 -0.331131 0.389448
0.193489 -0.334057 0.394491 0.221291 -0.331241 0.389623
0.19251 -0.334166 0.394665 0.220302 -0.331352 0.389798
0.191531 -0.334274 0.394839 0.219314 -0.331463 0.389974
0.190553 -0.334383 0.395013 0.21882 -0.331518 0.390061
0.189574 -0.334492 0.395187 0.218325 -0.331573 0.390149
0.188595 -0.334601 0.395361 0.21635 -0.331794 0.390499
0.187616 -0.334709 0.395535 0.215857 -0.331849 0.390586
0.186638 -0.334818 0.395709 0.214875 -0.331958 0.39076
0.185659 -0.334927 0.395883 0.213896 -0.332067 0.390933
0.18468 -0.335036 0.396057 0.212919 -0.332176 0.391106
0.183701 -0.335144 0.396231 0.21194 -0.332285 0.39128
0.182723 -0.335253 0.396405 0.21096 -0.332394 0.391453
0.181744 -0.335362 0.396579 0.209979 -0.332503 0.391627
0.180765 -0.335471 0.396753 0.208996 -0.332613 0.391801
0.179787 -0.335579 0.396927 0.208012 -0.332723 0.391975
0.178808 -0.335688 0.397101 0.207026 -0.332833 0.39215
0.177829 -0.335797 0.397275 0.20604 -0.332943 0.392325
0.17685 -0.335906 0.397449 0.205054 -0.333053 0.392499
0.175872 -0.336014 0.397623 0.204067 -0.333164 0.392674
0.174893 -0.336123 0.397797 0.203079 -0.333274 0.392849
0.173914 -0.336232 0.397971 0.202091 -0.333385 0.393024
0.172936 -0.33634 0.398145 0.201103 -0.333495 0.393199
0.171957 -0.336449 0.398319 0.200115 -0.333606 0.393374
0.170978 -0.336558 0.398493 0.199126 -0.333716 0.39355
0.169999 -0.336667 0.398667 0.198137 -0.333827 0.393725
0.169021 -0.336775 0.398841 0.197148 -0.333937 0.3939
0.168042 -0.336884 0.399015 0.196159 -0.334048 0.394075
0.167063 -0.336993 0.399189 0.19517 -0.334158 0.394251
0.166084 -0.337102 0.399363 0.194181 -0.334269 0.394426
0.165106 -0.33721 0.399537 0.193192 -0.334379 0.394601
0.164127 -0.337319 0.399711 0.192204 -0.33449 0.394776
0.163148 -0.337428 0.399885 0.191215 -0.3346 0.394951
0.16217 -0.337537 0.400059 0.190227 -0.33471 0.395126
0.161191 -0.337645 0.400233 0.189239 -0.334821 0.395301
0.160212 -0.337754 0.400407 0.188251 -0.334931 0.395476
0.159233 -0.337863 0.400581 0.187757 -0.334986 0.395564
0.158255 -0.337972 0.400755 0.187757 -0.334986 0.395564
0.157276 -0.33808 0.400929 0.187264 -0.335041 0.395651
0.156297 -0.338189 0.401103 0.184308 -0.33537 0.396175
0.155318 -0.338298 0.401277 0.18333 -0.335479 0.396348
0.15434 -0.338407 0.401451 0.182356 -0.335587 0.39652
0.153361 -0.338515 0.401625 0.181384 -0.335694 0.396692
0.152382 -0.338624 0.401799 0.180412 -0.335802 0.396864
0.151404 -0.338733 0.401973 0.179438 -0.33591 0.397037
0.150425 -0.338842 0.402147 0.178463 -0.336018 0.39721
0.149446 -0.33895 0.402321 0.177487 -0.336127 0.397382
0.148467 -0.339059 0.402495 0.176021 -0.33629 0.397642
0.147489 -0.339168 0.402669 0.175532 -0.336344 0.397729
0.14651 -0.339277 0.402843 0.174553 -0.336453 0.397902
0.145531 -0.339385 0.403017 0.173575 -0.336562 0.398075
0.144553 -0.339494 0.403191 0.172596 -0.336672 0.398249
0.143574 -0.339603 0.403365 0.171616 -0.336781 0.398423
0.142595 -0.339712 0.403539 0.170635 -0.33689 0.398596
0.141616 -0.33982 0.403713 0.169655 -0.337 0.39877
0.140638 -0.339929 0.403887 0.168673 -0.337109 0.398944
0.139659 -0.340038 0.404061 0.167692 -0.337219 0.399118
0.13868 -0.340147 0.404235 0.16671 -0.337328 0.399292
0.137701 -0.340255 0.404409 0.165728 -0.337438 0.399466
0.136723 -0.340364 0.404583 0.164745 -0.337548 0.39964
0.135744 -0.340473 0.404757 0.163762 -0.337658 0.399814
0.134765 -0.340582 0.404931 0.16278 -0.337767 0.399988
0.133787 -0.34069 0.405105 0.161796 -0.337877 0.400163
0.132808 -0.340799 0.405279 0.160813 -0.337987 0.400337
0.131829 -0.340908 0.405453 0.15983 -0.338097 0.400511
0.13085 -0.341017 0.405627 0.158847 -0.338206 0.400685
0.129872 -0.341125 0.405801 0.157863 -0.338316 0.40086
0.128893 -0.341234 0.405975 0.15688 -0.338426 0.401034
0.127914 -0.341343 0.406149 0.155896 -0.338536 0.401208
0.126936 -0.341452 0.406323 0.154913 -0.338645 0.401383
0.125957 -0.34156 0.406497 0.15393 -0.338755 0.401557
0.124978 -0.341669 0.406671 0.152947 -0.338865 0.401731
0.123999 -0.341778 0.406845 0.151964 -0.338975 0.401905
0.123021 -0.341887 0.407019 0.150981 -0.339084 0.40208
0.122042 -0.341995 0.407193 0.149998 -0.339194 0.402254
0.121063 -0.342104 0.407367 0.149015 -0.339303 0.402428
0.120084 -0.342213 0.407541 0.148032 -0.339413 0.402602
0.119106 -0.342322 0.407715 0.14705 -0.339522 0.402776
0.118127 -0.34243 0.407889 0.146067 -0.339632 0.40295
0.117148 -0.342539 0.408063 0.145085 -0.339741 0.403125
0.11617 -0.342648 0.408237 0.144103 -0.339851 0.403299
0.115191 -0.342757 0.408411 0.143121 -0.33996 0.403473
0.114212 -0.342865 0.408585 0.142139 -0.34007 0.403647
0.113233 -0.342974 0.408759 0.141158 -0.340179 0.403821
0.112255 -0.343083 0.408933 0.140176 -0.340288 0.403995
0.111276 -0.343192 0.409107 0.139195 -0.340397 0.404169
0.110297 -0.3433 0.40928 0.138214 -0.340507 0.404343
0.109318 -0.343409 0.409454 0.137233 -0.340616 0.404517
0.10834 -0.343518 0.409628 0.136252 -0.340725 0.404691
0.107361 -0.343627 0.409802 0.135271 -0.340834 0.404864
0.106382 -0.343735 0.409976 0.134291 -0.340944 0.405038
0.105404 -0.343844 0.41015 0.13331 -0.341053 0.405212
0.104425 -0.343953 0.410324 0.13233 -0.341162 0.405386
0.103446 -0.344062 0.410498 0.131349 -0.341271 0.40556
0.102467 -0.34417 0.410672 0.130369 -0.34138 0.405734
0.101489 -0.344279 0.410846 0.129389 -0.341489 0.405907
0.10051 -0.344388 0.41102 0.128409 -0.341598 0.406081
0.0995313 -0.344497 0.411194 0.127429 -0.341707 0.406255
0.0985525 -0.344605 0.411368 0.126939 -0.341762 0.406342
0.0975738 -0.344714 0.411542 0.125469 -0.341925 0.406602
0.0965951 -0.344823 0.411716 0.12449 -0.342034 0.406776
0.0956164 -0.344932 0.41189 0.12351 -0.342143 0.40695
0.0946376 -0.34504 0.412064 0.122531 -0.342252 0.407124
0.0936589 -0.345149 0.412238 0.121551 -0.342361 0.407297
0.0926802 -0.345258 0.412412 0.120572 -0.34247 0.407471
0.0917015 -0.345367 0.412586 0.119593 -0.342579 0.407645
0.0907227 -0.345475 0.41276 0.118614 -0.342688 0.407818
0.089744 -0.345584 0.412934 0.117635 -0.342797 0.407992
0.0887653 -0.345693 0.413108 0.116656 -0.342906 0.408166
0.0877866 -0.345801 0.413282 0.115678 -0.343015 0.408339
0.0868078 -0.34591 0.413456 0.114701 -0.343123 0.408513
0.0858291 -0.346019 0.41363 0.113723 -0.343232 0.408686
0.0848504 -0.346128 0.413804 0.112746 -0.343341 0.408859
0.0838717 -0.346236 0.413978 0.111768 -0.343449 0.409033
0.082893 -0.346345 0.414152 0.110791 -0.343558 0.409206
0.0819142 -0.346454 0.414326 0.109814 -0.343667 0.409379
0.0809355 -0.346563 0.4145 0.108837 -0.343775 0.409553
0.0799568 -0.346671 0.414674 0.10786 -0.343884 0.409726
0.0789781 -0.34678 0.414848 0.106883 -0.343993 0.4099
0.0779993 -0.346889 0.415022 0.105905 -0.344101 0.410073
0.0770206 -0.346998 0.415196 0.104928 -0.34421 0.410246
0.0760419 -0.347106 0.41537 0.103951 -0.344319 0.41042
0.0750632 -0.347215 0.415544 0.102974 -0.344427 0.410593
0.0740844 -0.347324 0.415718 0.101997 -0.344536 0.410767
0.0731057 -0.347433 0.415892 0.10102 -0.344645 0.41094
0.072127 -0.347541 0.416066 0.100043 -0.344753 0.411113
0.0711483 -0.34765 0.41624 0.0990654 -0.344862 0.411287
0.0701695 -0.347759 0.416414 0.0980879 -0.344971 0.41146
0.0691908 -0.347868 0.416588 0.0971103 -0.34508 0.411634
0.0682121 -0.347976 0.416762 0.0961325 -0.345188 0.411807
0.0672334 -0.348085 0.416936 0.0951546 -0.345297 0.411981
0.0662547 -0.348194 0.41711 0.0941765 -0.345406 0.412155
0.0652759 -0.348303 0.417284 0.0931984 -0.345515 0.412328
0.0642972 -0.348411 0.417458 0.0917312 -0.345678 0.412589
0.0633185 -0.34852 0.417632 0.0907532 -0.345787 0.412762
0.0623398 -0.348629 0.417806 0.0902641 -0.345841 0.412849
0.061361 -0.348738 0.41798 0.0892859 -0.34595 0.413023
0.0603823 -0.348846 0.418154 0.0878189 -0.346113 0.413283
0.0594036 -0.348955 0.418328 0.0873299 -0.346168 0.41337
0.0584249 -0.349064 0.418502 0.0858633 -0.346331 0.413631
0.0574461 -0.349173 0.418676 0.0853745 -0.346385 0.413717
0.0564674 -0.349281 0.41885 0.084397 -0.346494 0.413891
0.0554887 -0.34939 0.419024 0.0834195 -0.346602 0.414064
0.05451 -0.349499 0.419198 0.082442 -0.346711 0.414238
0.0535312 -0.349608 0.419372 0.0814644 -0.34682 0.414412
0.0525525 -0.349716 0.419546 0.079998 -0.346983 0.414672
0.0515738 -0.349825 0.41972 0.0795091 -0.347037 0.414759
0.0505951 -0.349934 0.419894 0.0785314 -0.347146 0.414933
0.0496164 -0.350043 0.420068 0.0770647 -0.347309 0.415193
0.0486376 -0.350151 0.420242 0.0760869 -0.347418 0.415367
0.0476589 -0.35026 0.420416 0.075598 -0.347472 0.415454
0.0466802 -0.350369 0.42059 0.0746201 -0.347581 0.415627
0.0457015 -0.350478 0.420764 0.0736423 -0.347689 0.415801
0.0447227 -0.350586 0.420938 0.0721754 -0.347852 0.416062
0.043744 -0.350695 0.421112 0.071198 -0.347961 0.416235
0.0427653 -0.350804 0.421286 0.0707096 -0.348015 0.416322
0.0417866 -0.350913 0.42146 0.0697335 -0.348124 0.416495
0.0408078 -0.351021 0.421634 0.0687574 -0.348232 0.416669
0.0398291 -0.35113 0.421808 0.0677813 -0.34834 0.416842
0.0388504 -0.351239 0.421982 0.0668052 -0.348449 0.417016
0.0378717 -0.351348 0.422156 0.065829 -0.348557 0.417189
0.0368929 -0.351456 0.42233 0.0648527 -0.348665 0.417363
0.0359142 -0.351565 0.422504 0.063876 -0.348774 0.417536
0.0349355 -0.351674 0.422678 0.0628989 -0.348882 0.41771
0.0339568 -0.351783 0.422852 0.0619215 -0.348991 0.417884
0.0329781 -0.351891 0.423026 0.0609438 -0.3491 0.418057
0.0319993 -0.352 0.4232 0.0599658 -0.349208 0.418231
0.0310206 -0.352109 0.423374 0.0589875 -0.349317 0.418405
0.0300419 -0.352218 0.423548 0.058009 -0.349426 0.418579
0.0290632 -0.352326 0.423722 0.0570303 -0.349535 0.418753
0.0280844 -0.352435 0.423896 0.0560515 -0.349644 0.418927
0.0271057 -0.352544 0.42407 0.0550725 -0.349752 0.419101
0.026127 -0.352653 0.424244 0.0540933 -0.349861 0.419275
0.0251483 -0.352761 0.424418 0.0531141 -0.34997 0.419449
0.0241695 -0.35287 0.424592 0.0521348 -0.350079 0.419623
0.0231908 -0.352979 0.424766 0.0511554 -0.350188 0.419797
0.0222121 -0.353088 0.42494 0.0501759 -0.350297 0.419972
0.0212334 -0.353196 0.425114 0.0491957 -0.350406 0.420146
0.0202546 -0.353305 0.425288 0.0482151 -0.350515 0.42032
0.0192759 -0.353414 0.425462 0.0472345 -0.350624 0.420495
0.0182972 -0.353523 0.425636 0.046254 -0.350733 0.420669
0.0173185 -0.353631 0.42581 0.0452736 -0.350842 0.420843
0.0163398 -0.35374 0.425984 0.0442933 -0.350951 0.421018
0.015361 -0.353849 0.426158 0.0438033 -0.351005 0.421105
0.0143823 -0.353958 0.426332 0.0423332 -0.351168 0.421366
0.0134036 -0.354066 0.426506 0.0413533 -0.351277 0.42154
0.0124249 -0.354175 0.42668 0.0403736 -0.351386 0.421715
0.0114461 -0.354284 0.426854 0.0393939 -0.351495 0.421889
0.0104674 -0.354393 0.427028 0.0384144 -0.351604 0.422063
0.00948869 -0.354501 0.427202 0.037435 -0.351712 0.422237
0.00850996 -0.35461 0.427376 0.0364556 -0.351821 0.422412
0.00753124 -0.354719 0.42755 0.0354764 -0.35193 0.422586
0.00655252 -0.354827 0.427724 0.0344972 -0.352038 0.42276
0.00557379 -0.354936 0.427898 0.0335181 -0.352147 0.422934
0.00459507 -0.355045 0.428072 0.0325391 -0.352256 0.423108
0.00361635 -0.355154 0.428246 0.0320497 -0.35231 0.423195
0.00263762 -0.355262 0.42842 0.0305814 -0.352473 0.423457
0.0016589 -0.355371 0.428594 0.0296026 -0.352581 0.423631
0.000680176 -0.35548 0.428768 0.0286239 -0.35269 0.423805
-0.000298548 -0.355589 0.428942 0.0276452 -0.352799 0.423979
-0.00127727 -0.355697 0.429116 0.0266666 -0.352907 0.424153
-0.00225599 -0.355806 0.42929 0.025688 -0.353016 0.424327
-0.00323472 -0.355915 0.429464 0.0247095 -0.353124 0.424501
-0.00421344 -0.356024 0.429638 0.0237311 -0.353233 0.424676
-0.00519217 -0.356132 0.429812 0.0227527 -0.353341 0.42485
-0.00617089 -0.356241 0.429986 0.0217743 -0.35345 0.425024
-0.00714961 -0.35635 0.43016 0.020796 -0.353558 0.425198
-0.00812834 -0.356459 0.430334 0.0203069 -0.353613 0.425285
-0.00910706 -0.356567 0.430508 0.0188395 -0.353775 0.425546
-0.0100858 -0.356676 0.430682 0.0178613 -0.353884 0.42572
-0.0110645 -0.356785 0.430856 0.0168831 -0.353992 0.425895
-0.0120432 -0.356894 0.43103 0.015905 -0.354101 0.426069
-0.013022 -0.357002 0.431204 0.0149269 -0.354209 0.426243
-0.0140007 -0.357111 0.431378 0.0144378 -0.354264 0.42633
-0.0149794 -0.35722 0.431552 0.0129707 -0.354426 0.426591
-0.0159581 -0.357329 0.431726 0.0119927 -0.354535 0.426765
-0.0169368 -0.357437 0.4319 0.0110147 -0.354643 0.426939
-0.0179156 -0.357546 0.432074 0.0100367 -0.354752 0.427114
-0.0188943 -0.357655 0.432248 0.00905872 -0.35486 0.427288
-0.019873 -0.357764 0.432422 0.00808077 -0.354969 0.427462
-0.0208517 -0.357872 0.432596 0.0075918 -0.355023 0.427549
-0.0218305 -0.357981 0.43277 0.0075918 -0.355023 0.427549
-0.0228092 -0.35809 0.432944 0.00466106 -0.355348 0.428071
-0.0237879 -0.358199 0.433118 0.00368942 -0.355455 0.428244
-0.0247666 -0.358307 0.433292 0.00320442 -0.355509 0.42833
-0.0257454 -0.358416 0.433466 0.00174965 -0.35567 0.428589
-0.0267241 -0.358525 0.43364 0.00077914 -0.355777 0.428762
-0.0277028 -0.358634 0.433814 0.000293607 -0.355831 0.428849
-0.0286815 -0.358742 0.433988 -0.000677823 -0.355938 0.429022
-0.0296603 -0.358851 0.434162 -0.00213524 -0.356099 0.429281
-0.030639 -0.35896 0.434336 -0.0031072 -0.356207 0.429454
-0.0316177 -0.359069 0.43451 -0.00407977 -0.356315 0.429628
-0.0325964 -0.359177 0.434684 -0.00505276 -0.356423 0.429801
-0.0335751 -0.359286 0.434858 -0.00602596 -0.356531 0.429974
-0.0345539 -0.359395 0.435032 -0.00651261 -0.356585 0.430061
-0.0355326 -0.359504 0.435206 -0.00748601 -0.356693 0.430234
-0.0365113 -0.359612 0.43538 -0.00894654 -0.356855 0.430495
-0.03749 -0.359721 0.435554 -0.00992071 -0.356963 0.430668
-0.0384688 -0.35983 0.435728 -0.0108951 -0.357071 0.430842
-0.0394475 -0.359939 0.435902 -0.0118696 -0.357179 0.431015
-0.0404262 -0.360047 0.436076 -0.012844 -0.357287 0.431189
-0.0414049 -0.360156 0.43625 -0.0138183 -0.357395 0.431363
-0.0423837 -0.360265 0.436424 -0.0147922 -0.357503 0.431536
-0.0433624 -0.360374 0.436598 -0.0152791 -0.357557 0.431623
-0.0443411 -0.360482 0.436772 -0.0167396 -0.357719 0.431883
-0.0453198 -0.360591 0.436946 -0.0177133 -0.357827 0.432057
-0.0462986 -0.3607 0.43712 -0.0186855 -0.357935 0.43223
-0.0472773 -0.360809 0.437294 -0.0191706 -0.357989 0.432317
-0.048256 -0.360917 0.437468 -0.0206231 -0.35815 0.432575
-0.0492347 -0.361026 0.437642 -0.0215912 -0.358257 0.432748
-0.0502134 -0.361135 0.437816 -0.022558 -0.358364 0.43292
-0.0511922 -0.361244 0.43799 -0.0230406 -0.358417 0.433006
-0.0521709 -0.361352 0.438164 -0.0244872 -0.358577 0.433264
-0.0531496 -0.361461 0.438338 -0.0254528 -0.358683 0.433436
-0.0541283 -0.36157 0.438512 -0.0264195 -0.35879 0.433608
-0.0551071 -0.361679 0.438686 -0.0273874 -0.358898 0.433781
-0.0560858 -0.361787 0.43886 -0.0283562 -0.359005 0.433954
-0.0570645 -0.361896 0.439034 -0.0293257 -0.359113 0.434126
-0.0580432 -0.362005 0.439208 -0.030296 -0.35922 0.434299
-0.059022 -0.362114 0.439382 -0.0312671 -0.359328 0.434472
-0.0600007 -0.362222 0.439556 -0.0322391 -0.359436 0.434646
-0.0609794 -0.362331 0.43973 -0.0332121 -0.359544 0.434819
-0.0619581 -0.36244 0.439904 -0.0341859 -0.359653 0.434993
-0.0629369 -0.362549 0.440078 -0.0351602 -0.359761 0.435167
-0.0639156 -0.362657 0.440252 -0.0361352 -0.35987 0.43534
-0.0648943 -0.362766 0.440426 -0.0366228 -0.359924 0.435427
-0.065873 -0.362875 0.4406 -0.0380865 -0.360087 0.435688
-0.0668517 -0.362984 0.440774 -0.0390626 -0.360195 0.435862
-0.0678305 -0.363092 0.440948 -0.0400381 -0.360304 0.436036
-0.0688092 -0.363201 0.441122 -0.0410122 -0.360412 0.43621
-0.0697879 -0.36331 0.441296 -0.0419858 -0.36052 0.436384
-0.0707666 -0.363419 0.44147 -0.0429597 -0.360628 0.436557
-0.0717454 -0.363527 0.441644 -0.0439341 -0.360736 0.436731
-0.0727241 -0.363636 0.441818 -0.0449091 -0.360845 0.436905
-0.0737028 -0.363745 0.441992 -0.0458845 -0.360953 0.437079
-0.0746815 -0.363854 0.442166 -0.0468601 -0.361061 0.437253
-0.0756603 -0.363962 0.44234 -0.0478345 -0.36117 0.437427
-0.076639 -0.364071 0.442514 -0.0488069 -0.361277 0.4376
-0.0776177 -0.36418 0.442688 -0.0497771 -0.361385 0.437773
-0.0785964 -0.364288 0.442862 -0.0507453 -0.361492 0.437946
-0.0795752 -0.364397 0.443036 -0.0517116 -0.361599 0.438118
-0.0805539 -0.364506 0.44321 -0.0526766 -0.361705 0.43829
-0.0815326 -0.364615 0.443384 -0.0536415 -0.361812 0.438462
-0.0825113 -0.364723 0.443558 -0.0546075 -0.361919 0.438634
-0.08349 -0.364832 0.443732 -0.0555735 -0.362026 0.438806
-0.0844688 -0.364941 0.443906 -0.0565383 -0.362132 0.438978
-0.0854475 -0.36505 0.44408 -0.057502 -0.362239 0.43915
-0.0864262 -0.365158 0.444254 -0.0584649 -0.362345 0.439322
-0.0874049 -0.365267 0.444428 -0.059427 -0.362452 0.439493
-0.0883837 -0.365376 0.444602 -0.0599078 -0.362505 0.439579
-0.0893624 -0.365485 0.444776 -0.0613497 -0.362664 0.439836
-0.0903411 -0.365593 0.44495 -0.0623107 -0.36277 0.440007
-0.0913198 -0.365702 0.445124 -0.0632714 -0.362876 0.440179
-0.0922986 -0.365811 0.445298 -0.0642319 -0.362983 0.44035
-0.0932773 -0.36592 0.445472 -0.0651923 -0.363089 0.440521
-0.094256 -0.366028 0.445646 -0.0661528 -0.363195 0.440692
-0.0952347 -0.366137 0.44582 -0.0671134 -0.363301 0.440864
-0.0962135 -0.366246 0.445994 -0.0680743 -0.363408 0.441035
-0.0971922 -0.366355 0.446167 -0.0690355 -0.363514 0.441206
-0.0981709 -0.366463 0.446341 -0.069997 -0.363621 0.441378
-0.0991496 -0.366572 0.446515 -0.0709589 -0.363727 0.44155
-0.100128 -0.366681 0.446689 -0.0719212 -0.363834 0.441721
-0.101107 -0.36679 0.446863 -0.0728839 -0.363941 0.441893
-0.102086 -0.366898 0.447037 -0.0733654 -0.363994 0.441979
-0.103065 -0.367007 0.447211 -0.0748105 -0.364155 0.442237
-0.104043 -0.367116 0.447385 -0.0757746 -0.364262 0.442408
-0.105022 -0.367225 0.447559 -0.0767391 -0.364369 0.442581
-0.106001 -0.367333 0.447733 -0.0777043 -0.364476 0.442753
-0.106979 -0.367442 0.447907 -0.0786701 -0.364584 0.442925
-0.107958 -0.367551 0.448081 -0.0796364 -0.364691 0.443097
-0.108937 -0.36766 0.448255 -0.0806033 -0.364798 0.44327
-0.109916 -0.367768 0.448429 -0.0815706 -0.364906 0.443443
-0.110894 -0.367877 0.448603 -0.0825386 -0.365014 0.443615
-0.111873 -0.367986 0.448777 -0.0839923 -0.365175 0.443875
-0.112852 -0.368095 0.448951 -0.0844772 -0.365229 0.443961
-0.11383 -0.368203 0.449125 -0.0854473 -0.365337 0.444134
-0.114809 -0.368312 0.449299 -0.0864179 -0.365445 0.444308
-0.115788 -0.368421 0.449473 -0.0873889 -0.365553 0.444481
-0.116767 -0.36853 0.449647 -0.0883602 -0.365662 0.444654
-0.117745 -0.368638 0.449821 -0.0893318 -0.36577 0.444828
-0.118724 -0.368747 0.449995 -0.0903036 -0.365878 0.445001
-0.119703 -0.368856 0.450169 -0.0912757 -0.365986 0.445174
-0.120682 -0.368965 0.450343 -0.092248 -0.366094 0.445348
-0.12166 -0.369073 0.450517 -0.0937069 -0.366257 0.445608
-0.122639 -0.369182 0.450691 -0.0941934 -0.366311 0.445695
-0.123618 -0.369291 0.450865 -0.0951665 -0.366419 0.445869
-0.124596 -0.3694 0.451039 -0.09614 -0.366527 0.446042
-0.125575 -0.369508 0.451213 -0.0971137 -0.366636 0.446216
-0.126554 -0.369617 0.451387 -0.0980877 -0.366744 0.44639
-0.127533 -0.369726 0.451561 -0.0995496 -0.366907 0.446651
-0.128511 -0.369835 0.451735 -0.100037 -0.366961 0.446738
-0.12949 -0.369943 0.451909 -0.101012 -0.367069 0.446912
-0.130469 -0.370052 0.452083 -0.101988 -0.367178 0.447086
-0.131447 -0.370161 0.452257 -0.103453 -0.367341 0.447347
-0.132426 -0.37027 0.452431 -0.103941 -0.367395 0.447435
-0.133405 -0.370378 0.452605 -0.104919 -0.367504 0.447609
-0.134384 -0.370487 0.452779 -0.105897 -0.367613 0.447784
-0.135362 -0.370596 0.452953 -0.106875 -0.367722 0.447958
-0.136341 -0.370705 0.453127 -0.107853 -0.36783 0.448133
-0.13732 -0.370813 0.453301 -0.108831 -0.367939 0.448307
-0.138299 -0.370922 0.453475 -0.109809 -0.368048 0.448482
-0.139277 -0.371031 0.453649 -0.110788 -0.368157 0.448656
-0.140256 -0.37114 0.453823 -0.111766 -0.368266 0.448831
-0.141235 -0.371248 0.453997 -0.112744 -0.368374 0.449005
-0.142213 -0.371357 0.454171 -0.113722 -0.368483 0.44918
-0.143192 -0.371466 0.454345 -0.1147 -0.368591 0.449354
-0.144171 -0.371575 0.454519 -0.115678 -0.3687 0.449529
-0.14515 -0.371683 0.454693 -0.116657 -0.368809 0.449703
-0.146128 -0.371792 0.454867 -0.117636 -0.368918 0.449878
-0.147107 -0.371901 0.455041 -0.118616 -0.369027 0.450053
-0.148086 -0.37201 0.455215 -0.119595 -0.369135 0.450228
-0.149065 -0.372118 0.455389 -0.120573 -0.369244 0.450402
-0.150043 -0.372227 0.455563 -0.121063 -0.369298 0.450489
-0.151022 -0.372336 0.455737 -0.12253 -0.369461 0.450751
-0.152001 -0.372445 0.455911 -0.123508 -0.36957 0.450926
-0.152979 -0.372553 0.456085 -0.124486 -0.369678 0.4511
-0.153958 -0.372662 0.456259 -0.125464 -0.369787 0.451275
-0.154937 -0.372771 0.456433 -0.126442 -0.369895 0.451449
-0.155916 -0.37288 0.456607 -0.126442 -0.369895 0.451449
-0.156894 -0.372988 0.456781 -0.129372 -0.37022 0.451972
-0.157873 -0.373097 0.456955 -0.130344 -0.370328 0.452145
-0.158852 -0.373206 0.457129 -0.131315 -0.370435 0.452318
-0.15983 -0.373314 0.457303 -0.132283 -0.370542 0.45249
-0.160809 -0.373423 0.457477 -0.13325 -0.370649 0.452663
-0.161788 -0.373532 0.457651 -0.134215 -0.370755 0.452835
-0.162767 -0.373641 0.457825 -0.134697 -0.370808 0.45292
-0.163745 -0.373749 0.457999 -0.136139 -0.370967 0.453177
-0.164724 -0.373858 0.458173 -0.137098 -0.371073 0.453348
-0.165703 -0.373967 0.458347 -0.138054 -0.371178 0.453518
-0.166682 -0.374076 0.458521 -0.138532 -0.37123 0.453603
-0.16766 -0.374184 0.458695 -0.139963 -0.371388 0.453858
-0.168639 -0.374293 0.458869 -0.140918 -0.371493 0.454028
-0.169618 -0.374402 0.459043 -0.141875 -0.371598 0.454199
-0.170596 -0.374511 0.459217 -0.142832 -0.371704 0.454369
-0.171575 -0.374619 0.459391 -0.143789 -0.37181 0.45454
-0.172554 -0.374728 0.459565 -0.144744 -0.371915 0.45471
-0.173533 -0.374837 0.459739 -0.145699 -0.372021 0.45488
-0.174511 -0.374946 0.459913 -0.146653 -0.372126 0.45505
-0.17549 -0.375054 0.460087 -0.147607 -0.372231 0.45522
-0.176469 -0.375163 0.460261 -0.148561 -0.372337 0.45539
-0.177448 -0.375272 0.460435 -0.149514 -0.372442 0.45556
-0.178426 -0.375381 0.460609 -0.150468 -0.372548 0.45573
-0.179405 -0.375489 0.460783 -0.151422 -0.372653 0.4559
-0.180384 -0.375598 0.460957 -0.152377 -0.372759 0.45607
-0.181362 -0.375707 0.461131 -0.153332 -0.372865 0.45624
-0.182341 -0.375816 0.461305 -0.154287 -0.372971 0.456411
-0.18332 -0.375924 0.461479 -0.155243 -0.373077 0.456581
-0.184299 -0.376033 0.461653 -0.1562 -0.373183 0.456752
-0.185277 -0.376142 0.461827 -0.157156 -0.373289 0.456922
-0.186256 -0.376251 0.462001 -0.158114 -0.373395 0.457093
-0.187235 -0.376359 0.462175 -0.159072 -0.373502 0.457264
-0.188213 -0.376468 0.462349 -0.160031 -0.373609 0.457435
-0.189192 -0.376577 0.462523 -0.160994 -0.373716 0.457607
-0.190171 -0.376686 0.462697 -0.161959 -0.373823 0.457779
-0.19115 -0.376794 0.462871 -0.162926 -0.373931 0.457952
-0.192128 -0.376903 0.463045 -0.16341 -0.373985 0.458038
-0.193107 -0.377012 0.463219 -0.164861 -0.374147 0.458297
-0.194086 -0.377121 0.463393 -0.165829 -0.374255 0.45847
-0.195065 -0.377229 0.463567 -0.166796 -0.374363 0.458643
-0.196043 -0.377338 0.463741 -0.167765 -0.374471 0.458816
-0.197022 -0.377447 0.463915 -0.168736 -0.374579 0.458989
-0.198001 -0.377556 0.464089 -0.169709 -0.374688 0.459163
-0.198979 -0.377664 0.464263 -0.170684 -0.374797 0.459337
-0.199958 -0.377773 0.464437 -0.171173 -0.374852 0.459424
-0.200937 -0.377882 0.464611 -0.172643 -0.375017 0.459687
-0.201916 -0.377991 0.464785 -0.173625 -0.375127 0.459862
-0.202894 -0.378099 0.464959 -0.174609 -0.375237 0.460038
-0.203873 -0.378208 0.465133 -0.175595 -0.375347 0.460214
-0.204852 -0.378317 0.465307 -0.176582 -0.375458 0.460391
-0.20583 -0.378426 0.465481 -0.17757 -0.375569 0.460567
-0.206809 -0.378534 0.465655 -0.178558 -0.375679 0.460744
-0.207788 -0.378643 0.465829 -0.179548 -0.37579 0.460921
-0.208767 -0.378752 0.466003 -0.180538 -0.375901 0.461098
-0.209745 -0.378861 0.466177 -0.181529 -0.376012 0.461275
-0.210724 -0.378969 0.466351 -0.18252 -0.376123 0.461452
-0.211703 -0.379078 0.466525 -0.18351 -0.376233 0.461629
-0.212682 -0.379187 0.466699 -0.184501 -0.376344 0.461805
-0.21366 -0.379296 0.466873 -0.185493 -0.376455 0.461982
-0.214639 -0.379404 0.467047 -0.186484 -0.376565 0.462159
-0.215618 -0.379513 0.467221 -0.186979 -0.37662 0.462248
-0.216596 -0.379622 0.467395 -0.188465 -0.376786 0.462513
-0.217575 -0.379731 0.467569 -0.189457 -0.376896 0.46269
-0.218554 -0.379839 0.467743 -0.190449 -0.377007 0.462867
-0.219533 -0.379948 0.467917 -0.191441 -0.377117 0.463044
-0.220511 -0.380057 0.468091 -0.192433 -0.377228 0.463221
-0.22149 -0.380166 0.468265 -0.193425 -0.377338 0.463398
-0.222469 -0.380274 0.468439 -0.194417 -0.377448 0.463575
-0.223448 -0.380383 0.468613 -0.195409 -0.377559 0.463751
-0.224426 -0.380492 0.468787 -0.195904 -0.377614 0.46384
-0.225405 -0.380601 0.468961 -0.197392 -0.377779 0.464105
-0.226384 -0.380709 0.469135 -0.198383 -0.377889 0.464282
-0.227362 -0.380818 0.469309 -0.198879 -0.377944 0.46437
-0.228341 -0.380927 0.469483 -0.19987 -0.378054 0.464547
-0.22932 -0.381036 0.469657 -0.201356 -0.378219 0.464812
-0.230299 -0.381144 0.469831 -0.201851 -0.378274 0.4649
-0.231277 -0.381253 0.470005 -0.202839 -0.378383 0.465076
-0.232256 -0.381362 0.470179 -0.203332 -0.378438 0.465164
-0.233235 -0.381471 0.470353 -0.204806 -0.378601 0.465426
-0.234213 -0.381579 0.470527 -0.206278 -0.378763 0.465688
-0.235192 -0.381688 0.470701 -0.207255 -0.378871 0.465862
-0.236171 -0.381797 0.470875 -0.208226 -0.378978 0.466034
-0.23715 -0.381906 0.471049 -0.209194 -0.379084 0.466206
-0.238128 -0.382014 0.471223 -0.210163 -0.37919 0.466379
-0.239107 -0.382123 0.471397 -0.211131 -0.379297 0.466551
-0.240086 -0.382232 0.471571 -0.212098 -0.379403 0.466723
-0.241065 -0.382341 0.471745 -0.213066 -0.37951 0.466895
-0.242043 -0.382449 0.471919 -0.214034 -0.379616 0.467067
-0.243022 -0.382558 0.472093 -0.215004 -0.379723 0.467239
-0.244001 -0.382667 0.472267 -0.215975 -0.379831 0.467412
-0.244979 -0.382775 0.472441 -0.216947 -0.379938 0.467585
-0.245958 -0.382884 0.472615 -0.217921 -0.380046 0.467759
-0.246937 -0.382993 0.472789 -0.218896 -0.380154 0.467933
-0.247916 -0.383102 0.472963 -0.219872 -0.380262 0.468106
-0.248894 -0.38321 0.473137 -0.220848 -0.380371 0.46828
-0.249873 -0.383319 0.473311 -0.221824 -0.380479 0.468454
-0.250852 -0.383428 0.473485 -0.2228 -0.380587 0.468628
-0.25183 -0.383537 0.473659 -0.223288 -0.380641 0.468715
-0.252809 -0.383645 0.473833 -0.224748 -0.380803 0.468975
-0.253788 -0.383754 0.474007 -0.225723 -0.380911 0.469149
-0.254767 -0.383863 0.474181 -0.226697 -0.381019 0.469323
-0.255745 -0.383972 0.474355 -0.227669 -0.381127 0.469496
-0.256724 -0.38408 0.474529 -0.22864 -0.381235 0.469669
-0.257703 -0.384189 0.474703 -0.22961 -0.381342 0.469841
-0.258682 -0.384298 0.474877 -0.230579 -0.381449 0.470014
-0.25966 -0.384407 0.475051 -0.231547 -0.381556 0.470186
-0.260639 -0.384515 0.475225 -0.232516 -0.381664 0.470359
-0.261618 -0.384624 0.475399 -0.233488 -0.381771 0.470532
-0.262596 -0.384733 0.475573 -0.234459 -0.381879 0.470705
-0.263575 -0.384842 0.475747 -0.23543 -0.381987 0.470878
-0.264554 -0.38495 0.475921 -0.236402 -0.382095 0.471051
-0.265533 -0.385059 0.476095 -0.237375 -0.382203 0.471224
-0.266511 -0.385168 0.476269 -0.238348 -0.382311 0.471398
-0.26749 -0.385277 0.476443 -0.239321 -0.382419 0.471571
-0.268469 -0.385385 0.476617 -0.240294 -0.382527 0.471744
-0.269448 -0.385494 0.476791 -0.241268 -0.382635 0.471918
-0.270426 -0.385603 0.476965 -0.242243 -0.382743 0.472092
-0.271405 -0.385712 0.477139 -0.243217 -0.382852 0.472265
-0.272384 -0.38582 0.477313 -0.244191 -0.38296 0.472439
-0.273362 -0.385929 0.477487 -0.245167 -0.383068 0.472613
-0.274341 -0.386038 0.477661 -0.246144 -0.383177 0.472787
-0.27532 -0.386147 0.477835 -0.247123 -0.383286 0.472962
-0.276299 -0.386255 0.478009 -0.248102 -0.383395 0.473136
-0.277277 -0.386364 0.478183 -0.24908 -0.383504 0.473311
-0.278256 -0.386473 0.478357 -0.250058 -0.383613 0.473485
-0.279235 -0.386582 0.478531 -0.251035 -0.383721 0.473659
-0.280213 -0.38669 0.478705 -0.252014 -0.38383 0.473834
-0.281192 -0.386799 0.478879 -0.252995 -0.38394 0.474009
-0.282171 -0.386908 0.479053 -0.253976 -0.384049 0.474184
-0.28315 -0.387017 0.479227 -0.254959 -0.384158 0.474359
-0.284128 -0.387125 0.479401 -0.255942 -0.384268 0.474534
-0.285107 -0.387234 0.479575 -0.256927 -0.384378 0.47471
-0.286086 -0.387343 0.479749 -0.257911 -0.384487 0.474886
-0.287065 -0.387452 0.479923 -0.258896 -0.384597 0.475061
-0.288043 -0.38756 0.480097 -0.259882 -0.384707 0.475237
-0.289022 -0.387669 0.480271 -0.260868 -0.384817 0.475413
-0.290001 -0.387778 0.480445 -0.261854 -0.384927 0.475589
-0.290979 -0.387887 0.480619 -0.262841 -0.385037 0.475765
-0.291958 -0.387995 0.480793 -0.263828 -0.385147 0.475941
-0.292937 -0.388104 0.480967 -0.264816 -0.385257 0.476117
-0.293916 -0.388213 0.481141 -0.265804 -0.385367 0.476293
-0.294894 -0.388322 0.481315 -0.266793 -0.385477 0.476469
-0.295873 -0.38843 0.481489 -0.267782 -0.385587 0.476646
-0.296852 -0.388539 0.481663 -0.268772 -0.385697 0.476822
-0.29783 -0.388648 0.481837 -0.269267 -0.385752 0.476911
-0.298809 -0.388757 0.482011 -0.270753 -0.385918 0.477175
-0.299788 -0.388865 0.482185 -0.271248 -0.385973 0.477264
-0.300767 -0.388974 0.482359 -0.272239 -0.386083 0.47744
-0.301745 -0.389083 0.482533 -0.273726 -0.386249 0.477706
-0.302724 -0.389192 0.482707 -0.274222 -0.386304 0.477794
-0.303703 -0.3893 0.482881 -0.275214 -0.386414 0.477971
-0.304682 -0.389409 0.483054 -0.276701 -0.386579 0.478236
-0.30566 -0.389518 0.483228 -0.277692 -0.38669 0.478412
-0.306639 -0.389627 0.483402 -0.278683 -0.3868 0.478589
-0.307618 -0.389735 0.483576 -0.279674 -0.38691 0.478765
-0.308596 -0.389844 0.48375 -0.280663 -0.38702 0.478942
-0.309575 -0.389953 0.483924 -0.281651 -0.387129 0.479118
-0.310554 -0.390062 0.484098 -0.282638 -0.387239 0.479293
-0.311533 -0.39017 0.484272 -0.283626 -0.387348 0.479469
-0.312511 -0.390279 0.484446 -0.284612 -0.387457 0.479645
-0.31349 -0.390388 0.48462 -0.285598 -0.387567 0.47982
-0.314469 -0.390497 0.484794 -0.286583 -0.387676 0.479996
-0.315448 -0.390605 0.484968 -0.287568 -0.387785 0.480171
-0.316426 -0.390714 0.485142 -0.288552 -0.387894 0.480346
-0.317405 -0.390823 0.485316 -0.289536 -0.388003 0.480521
-0.318384 -0.390932 0.48549 -0.290519 -0.388112 0.480696
-0.319362 -0.39104 0.485664 -0.291501 -0.38822 0.48087
-0.320341 -0.391149 0.485838 -0.292483 -0.388329 0.481045
-0.32132 -0.391258 0.486012 -0.293463 -0.388437 0.481219
-0.322299 -0.391367 0.486186 -0.29444 -0.388545 0.481393
-0.323277 -0.391475 0.48636 -0.295415 -0.388653 0.481566
-0.324256 -0.391584 0.486534 -0.296391 -0.388761 0.48174
-0.325235 -0.391693 0.486708 -0.297367 -0.388869 0.481913
-0.326213 -0.391801 0.486882 -0.298343 -0.388977 0.482087
-0.327192 -0.39191 0.487056 -0.29932 -0.389085 0.482261
-0.328171 -0.392019 0.48723 -0.300296 -0.389193 0.482434
-0.32915 -0.392128 0.487404 -0.301271 -0.3893 0.482608
-0.330128 -0.392236 0.487578 -0.302245 -0.389408 0.482781
-0.331107 -0.392345 0.487752 -0.303217 -0.389516 0.482954
-0.332086 -0.392454 0.487926 -0.304191 -0.389623 0.483127
-0.333065 -0.392563 0.4881 -0.305166 -0.389731 0.4833
-0.334043 -0.392671 0.488274 -0.305653 -0.389785 0.483387
-0.335022 -0.39278 0.488448 -0.306627 -0.389893 0.48356
-0.336001 -0.392889 0.488622 -0.308085 -0.390054 0.48382
-0.336979 -0.392998 0.488796 -0.309054 -0.390162 0.483992
-0.337958 -0.393106 0.48897 -0.310022 -0.390268 0.484164
-0.338937 -0.393215 0.489144 -0.31099 -0.390376 0.484336
-0.339916 -0.393324 0.489318 -0.31196 -0.390483 0.484509
-0.340894 -0.393433 0.489492 -0.31293 -0.39059 0.484681
-0.341873 -0.393541 0.489666 -0.313898 -0.390697 0.484853
-0.342852 -0.39365 0.48984 -0.314867 -0.390805 0.485026
-0.343831 -0.393759 0.490014 -0.315837 -0.390912 0.485198
-0.344809 -0.393868 0.490188 -0.316809 -0.39102 0.485371
-0.345788 -0.393976 0.490362 -0.317782 -0.391128 0.485545
-0.346767 -0.394085 0.490536 -0.318756 -0.391236 0.485718
-0.347745 -0.394194 0.49071 -0.319731 -0.391345 0.485892
-0.348724 -0.394303 0.490884 -0.320707 -0.391454 0.486066
-0.349703 -0.394411 0.491058 -0.321685 -0.391562 0.48624
-0.350682 -0.39452 0.491232 -0.322663 -0.391671 0.486414
-0.35166 -0.394629 0.491406 -0.323642 -0.39178 0.486589
-0.352639 -0.394738 0.49158 -0.32462 -0.391889 0.486763
-0.353618 -0.394846 0.491754 -0.325597 -0.391998 0.486937
-0.354596 -0.394955 0.491928 -0.326572 -0.392106 0.487111
-0.355575 -0.395064 0.492102 -0.327545 -0.392214 0.487284
-0.356554 -0.395173 0.492276 -0.328517 -0.392322 0.487457
-0.357533 -0.395281 0.49245 -0.329487 -0.392429 0.48763
-0.358511 -0.39539 0.492624 -0.330458 -0.392537 0.487802
-0.35949 -0.395499 0.492798 -0.33143 -0.392645 0.487975
-0.360469 -0.395608 0.492972 -0.332402 -0.392753 0.488149
-0.361448 -0.395716 0.493146 -0.333374 -0.392861 0.488321
-0.362426 -0.395825 0.49332 -0.334344 -0.392968 0.488494
-0.363405 -0.395934 0.493494 -0.335313 -0.393076 0.488666
-0.364384 -0.396043 0.493668 -0.336282 -0.393183 0.488839
-0.365362 -0.396151 0.493842 -0.336767 -0.393237 0.488925
-0.366341 -0.39626 0.494016 -0.33822 -0.393398 0.489184
-0.36732 -0.396369 0.49419 -0.339189 -0.393505 0.489356
-0.368299 -0.396478 0.494364 -0.340157 -0.393613 0.489528
-0.369277 -0.396586 0.494538 -0.341124 -0.39372 0.4897
-0.370256 -0.396695 0.494712 -0.342091 -0.393827 0.489872
-0.371235 -0.396804 0.494886 -0.343058 -0.393934 0.490044
-0.372213 -0.396913 0.49506 -0.344025 -0.394041 0.490216
-0.373192 -0.397021 0.495234 -0.344992 -0.394149 0.490389
-0.374171 -0.39713 0.495408 -0.345959 -0.394256 0.490561
-0.37515 -0.397239 0.495582 -0.346927 -0.394364 0.490733
-0.376128 -0.397348 0.495756 -0.347896 -0.394471 0.490905
-0.377107 -0.397456 0.49593 -0.348865 -0.394579 0.491078
-0.378086 -0.397565 0.496104 -0.349836 -0.394687 0.491251
-0.379065 -0.397674 0.496278 -0.35081 -0.394795 0.491425
-0.380043 -0.397783 0.496452 -0.351786 -0.394904 0.491599
-0.381022 -0.397891 0.496626 -0.352274 -0.394958 0.491686
-0.382001 -0.398 0.4968 -0.353742 -0.395122 0.491948
-0.382979 -0.398109 0.496974 -0.354723 -0.395232 0.492123
-0.383958 -0.398218 0.497148 -0.355703 -0.395341 0.492297
-0.384937 -0.398326 0.497322 -0.356683 -0.395451 0.492472
-0.385916 -0.398435 0.497496 -0.357662 -0.39556 0.492647
-0.386894 -0.398544 0.49767 -0.358643 -0.395669 0.492822
-0.387873 -0.398653 0.497844 -0.359624 -0.395779 0.492997
-0.388852 -0.398761 0.498018 -0.360114 -0.395833 0.493084
-0.389831 -0.39887 0.498192 -0.361582 -0.395997 0.493346
-0.390809 -0.398979 0.498366 -0.36256 -0.396105 0.49352
-0.391788 -0.399088 0.49854 -0.363536 -0.396214 0.493694
-0.392767 -0.399196 0.498714 -0.364513 -0.396322 0.493868
-0.393745 -0.399305 0.498888 -0.36549 -0.396431 0.494041
-0.394724 -0.399414 0.499062 -0.366465 -0.396539 0.494215
-0.395703 -0.399523 0.499236 -0.36744 -0.396648 0.494389
-0.396682 -0.399631 0.49941 -0.368414 -0.396756 0.494562
-0.39766 -0.39974 0.499584 -0.369388 -0.396864 0.494735
-0.398639 -0.399849 0.499758 -0.370362 -0.396972 0.494909
-0.399618 -0.399958 0.499932 -0.371335 -0.39708 0.495082
-0.400596 -0.400066 0.500106 -0.372309 -0.397188 0.495255
-0.399618 -0.399958 0.499932 -0.373282 -0.397296 0.495428
-0.400596 -0.400066 0.500106 -0.374255 -0.397404 0.495601
-0.399618 -0.399958 0.499932 -0.375227 -0.397512 0.495774
-0.400596 -0.400066 0.500106 -0.3762 -0.39762 0.495947
-0.399618 -0.399958 0.499932 -0.377168 -0.397727 0.49612
-0.400596 -0.400066 0.500106 -0.378128 -0.397833 0.49629
-0.399618 -0.399958 0.499932 -0.379077 -0.397937 0.496458
-0.400596 -0.400066 0.500106 -0.38001 -0.398038 0.496622
-0.399618 -0.399958 0.499932 -0.380926 -0.398137 0.496783
-0.400596 -0.400066 0.500106 -0.381377 -0.398186 0.496862
-0.399618 -0.399958 0.499932 -0.383127 -0.398371 0.497168
-0.400596 -0.400066 0.500106 -0.383967 -0.398459 0.497314
-0.399618 -0.399958 0.499932 -0.384783 -0.398544 0.497455
-0.400596 -0.400066 0.500106 -0.385574 -0.398625 0.497591
-0.399618 -0.399958 0.499932 -0.386338 -0.398702 0.497722
-0.400596 -0.400066 0.500106 -0.387075 -0.398777 0.497848
-0.399618 -0.399958 0.499932 -0.387786 -0.398847 0.497969
-0.400596 -0.400066 0.500106 -0.388469 -0.398915 0.498084
-0.399618 -0.399958 0.499932 -0.389124 -0.398979 0.498195
-0.400596 -0.400066 0.500106 -0.389753 -0.39904 0.498301
-0.399618 -0.399958 0.499932 -0.390354 -0.399098 0.498401
-0.400596 -0.400066 0.500106 -0.390929 -0.399152 0.498498
-0.399618 -0.399958 0.499932 -0.391206 -0.399179 0.498544
-0.400596 -0.400066 0.500106 -0.392 -0.399253 0.498676
-0.399618 -0.399958 0.499932 -0.392737 -0.399322 0.498798
-0.400596 -0.400066 0.500106 -0.393197 -0.399364 0.498874
-0.399618 -0.399958 0.499932 -0.393419 -0.399385 0.49891
-0.400596 -0.400066 0.500106 -0.393844 -0.399424 0.49898
-0.399618 -0.399958 0.499932 -0.394247 -0.39946 0.499046
-0.400596 -0.400066 0.500106 -0.394629 -0.399495 0.499109
-0.399618 -0.399958 0.499932 -0.394989 -0.399528 0.499168
-0.400596 -0.400066 0.500106 -0.395162 -0.399543 0.499196
-0.399618 -0.399958 0.499932 -0.39565 -0.399587 0.499276
-0.400596 -0.400066 0.500106 -0.395952 -0.399614 0.499325
-0.399618 -0.399958 0.499932 -0.396236 -0.399639 0.499371
-0.400596 -0.400066 0.500106 -0.396502 -0.399663 0.499415
-0.399618 -0.399958 0.499932 -0.396752 -0.399686 0.499456
-0.400596 -0.400066 0.500106 -0.396987 -0.399706 0.499494
-0.399618 -0.399958 0.499932 -0.397098 -0.399716 0.499512
-0.400596 -0.400066 0.500106 -0.397412 -0.399744 0.499563
-0.399618 -0.399958 0.499932 -0.397604 -0.399761 0.499594
-0.400596 -0.400066 0.500106 -0.397783 -0.399777 0.499623
-0.399618 -0.399958 0.499932 -0.397949 -0.399792 0.499651
-0.400596 -0.400066 0.500106 -0.398104 -0.399806 0.499676
-0.399618 -0.399958 0.499932 -0.398248 -0.399819 0.499699
-0.400596 -0.400066 0.500106 -0.398382 -0.399831 0.499721
-0.399618 -0.399958 0.499932 -0.398506 -0.399842 0.499741
-0.400596 -0.400066 0.500106 -0.398621 -0.399852 0.49976
-0.399618 -0.399958 0.499932 -0.398727 -0.399862 0.499777
-0.400596 -0.400066 0.500106 -0.398824 -0.399871 0.499793
-0.399618 -0.399958 0.499932 -0.398914 -0.399879 0.499808
-0.400596 -0.400066 0.500106 -0.398997 -0.399887 0.499822
-0.399618 -0.399958 0.499932 -0.399073 -0.399894 0.499834
