0.49885 -0.300128 0.340204 0.499828 -0.300018 0.340031
0.497872 -0.300236 0.340378 0.499828 -0.300018 0.340031
0.496893 -0.300345 0.340552 0.499828 -0.300018 0.340031
0.495914 -0.300454 0.340726 0.499828 -0.300018 0.340031
0.494936 -0.300563 0.3409 0.499823 -0.300019 0.340032
0.493957 -0.300671 0.341074 0.499818 -0.300019 0.340032
0.492978 -0.30078 0.341248 0.499789 -0.300023 0.340038
0.491999 -0.300889 0.341422 0.499774 -0.300024 0.34004
0.491021 -0.300998 0.341596 0.499706 -0.300032 0.340053
0.490042 -0.301106 0.34177 0.49964 -0.30004 0.340065
0.489063 -0.301215 0.341944 0.499554 -0.300049 0.34008
0.488084 -0.301324 0.342118 0.499444 -0.300062 0.3401
0.487106 -0.301433 0.342292 0.499309 -0.300078 0.340125
0.486127 -0.301541 0.342466 0.499148 -0.300096 0.340154
0.485148 -0.30165 0.34264 0.498961 -0.300118 0.340188
0.48417 -0.301759 0.342814 0.498747 -0.300143 0.340228
0.483191 -0.301868 0.342988 0.498507 -0.300171 0.340272
0.482212 -0.301976 0.343162 0.498241 -0.300202 0.340321
0.481233 -0.302085 0.343336 0.49795 -0.300236 0.340374
0.480255 -0.302194 0.34351 0.497633 -0.300273 0.340433
0.479276 -0.302303 0.343684 0.497291 -0.300313 0.340496
0.478297 -0.302411 0.343858 0.496922 -0.300356 0.340564
0.477319 -0.30252 0.344032 0.496528 -0.300402 0.340637
0.47634 -0.302629 0.344206 0.496106 -0.300452 0.340715
0.475361 -0.302738 0.34438 0.495886 -0.300478 0.340756
0.474382 -0.302846 0.344554 0.495189 -0.30056 0.340885
0.473404 -0.302955 0.344728 0.494944 -0.300589 0.340931
0.472425 -0.303064 0.344902 0.494171 -0.30068 0.341074
0.471446 -0.303173 0.345076 0.493624 -0.300744 0.341175
0.470467 -0.303281 0.34525 0.493052 -0.300812 0.341281
0.469489 -0.30339 0.345424 0.492457 -0.300882 0.341392
0.46851 -0.303499 0.345598 0.49184 -0.300955 0.341506
0.467531 -0.303608 0.345772 0.490874 -0.301068 0.341685
0.466553 -0.303716 0.345946 0.489868 -0.301187 0.341872
0.465574 -0.303825 0.34612 0.489181 -0.301267 0.341998
0.464595 -0.303934 0.346294 0.488833 -0.301308 0.342063
0.463616 -0.304043 0.346468 0.487765 -0.301433 0.34226
0.462638 -0.304151 0.346642 0.487401 -0.301475 0.342326
0.461659 -0.30426 0.346816 0.48629 -0.301605 0.342531
0.46068 -0.304369 0.34699 0.485912 -0.301649 0.3426
0.459702 -0.304478 0.347164 0.485148 -0.301738 0.342741
0.458723 -0.304586 0.347338 0.483976 -0.301874 0.342955
0.457744 -0.304695 0.347512 0.48358 -0.30192 0.343028
0.456765 -0.304804 0.347686 0.482778 -0.302013 0.343175
0.455787 -0.304913 0.34786 0.481965 -0.302107 0.343323
0.454808 -0.305021 0.348034 0.481141 -0.302202 0.343474
0.453829 -0.30513 0.348208 0.480307 -0.302299 0.343626
0.45285 -0.305239 0.348382 0.479037 -0.302445 0.343857
0.451872 -0.305348 0.348556 0.478179 -0.302544 0.344013
0.450893 -0.305456 0.34873 0.477313 -0.302643 0.344171
0.449914 -0.305565 0.348904 0.476877 -0.302693 0.34425
0.448936 -0.305674 0.349078 0.475558 -0.302844 0.344489
0.447957 -0.305783 0.349252 0.475115 -0.302895 0.344569
0.446978 -0.305891 0.349426 0.474223 -0.302997 0.344731
0.445999 -0.306 0.3496 0.473325 -0.303099 0.344893
0.445021 -0.306109 0.349774 0.472421 -0.303203 0.345057
0.444042 -0.306218 0.349948 0.471511 -0.303306 0.345221
0.443063 -0.306326 0.350122 0.470596 -0.30341 0.345386
0.442084 -0.306435 0.350296 0.469676 -0.303515 0.345552
0.441106 -0.306544 0.35047 0.468751 -0.30362 0.345718
0.440127 -0.306653 0.350644 0.467821 -0.303725 0.345886
0.439148 -0.306761 0.350818 0.466887 -0.303831 0.346054
0.43817 -0.30687 0.350992 0.465949 -0.303937 0.346222
0.437191 -0.306979 0.351166 0.465006 -0.304044 0.346391
0.436212 -0.307088 0.35134 0.46406 -0.30415 0.346561
0.435233 -0.307196 0.351514 0.463111 -0.304257 0.346731
0.434255 -0.307305 0.351688 0.462158 -0.304365 0.346902
0.433276 -0.307414 0.351862 0.461203 -0.304472 0.347073
0.432297 -0.307523 0.352036 0.460244 -0.30458 0.347244
0.431319 -0.307631 0.35221 0.459284 -0.304688 0.347416
0.43034 -0.30774 0.352384 0.45832 -0.304796 0.347588
0.429361 -0.307849 0.352558 0.457355 -0.304905 0.34776
0.428382 -0.307958 0.352732 0.456388 -0.305013 0.347933
0.427404 -0.308066 0.352906 0.455419 -0.305122 0.348106
0.426425 -0.308175 0.35308 0.454448 -0.305231 0.348279
0.425446 -0.308284 0.353254 0.453476 -0.305339 0.348452
0.424467 -0.308393 0.353428 0.452503 -0.305448 0.348625
0.423489 -0.308501 0.353602 0.451528 -0.305557 0.348799
0.42251 -0.30861 0.353776 0.450552 -0.305666 0.348973
0.421531 -0.308719 0.35395 0.449575 -0.305776 0.349146
0.420553 -0.308827 0.354124 0.448597 -0.305885 0.34932
0.419574 -0.308936 0.354298 0.447619 -0.305994 0.349494
0.418595 -0.309045 0.354472 0.446641 -0.306103 0.349668
0.417616 -0.309154 0.354646 0.445664 -0.306212 0.349841
0.416638 -0.309262 0.35482 0.444687 -0.306321 0.350015
0.415659 -0.309371 0.354994 0.443708 -0.30643 0.350188
0.41468 -0.30948 0.355168 0.442729 -0.306539 0.350362
0.413701 -0.309589 0.355342 0.441749 -0.306648 0.350536
0.412723 -0.309697 0.355516 0.440769 -0.306757 0.35071
0.411744 -0.309806 0.35569 0.439788 -0.306866 0.350884
0.410765 -0.309915 0.355864 0.438807 -0.306975 0.351058
0.409787 -0.310024 0.356038 0.437825 -0.307084 0.351232
0.408808 -0.310132 0.356212 0.436843 -0.307194 0.351406
0.407829 -0.310241 0.356386 0.435861 -0.307303 0.351581
0.40685 -0.31035 0.35656 0.434878 -0.307412 0.351755
0.405872 -0.310459 0.356734 0.433895 -0.307522 0.351929
0.404893 -0.310567 0.356908 0.432912 -0.307631 0.352103
0.403914 -0.310676 0.357082 0.431929 -0.30774 0.352278
0.402936 -0.310785 0.357256 0.430946 -0.30785 0.352452
0.401957 -0.310894 0.35743 0.429963 -0.307959 0.352626
0.400978 -0.311002 0.357604 0.42898 -0.308068 0.352801
0.399999 -0.311111 0.357778 0.427996 -0.308178 0.352975
0.399021 -0.31122 0.357952 0.427013 -0.308287 0.353149
0.398042 -0.311329 0.358126 0.42603 -0.308396 0.353323
0.397063 -0.311437 0.3583 0.425047 -0.308506 0.353498
0.396084 -0.311546 0.358474 0.424064 -0.308615 0.353672
0.395106 -0.311655 0.358648 0.423081 -0.308724 0.353846
0.394127 -0.311764 0.358822 0.422098 -0.308834 0.35402
0.393148 -0.311872 0.358996 0.421115 -0.308943 0.354195
0.39217 -0.311981 0.35917 0.420132 -0.309052 0.354369
0.391191 -0.31209 0.359344 0.41915 -0.309161 0.354543
0.390212 -0.312199 0.359518 0.418167 -0.309271 0.354717
0.389233 -0.312307 0.359692 0.417185 -0.30938 0.354891
0.388255 -0.312416 0.359866 0.416203 -0.309489 0.355066
0.387276 -0.312525 0.36004 0.41522 -0.309598 0.35524
0.386297 -0.312634 0.360214 0.414238 -0.309708 0.355414
0.385319 -0.312742 0.360388 0.413257 -0.309817 0.355588
0.38434 -0.312851 0.360562 0.412275 -0.309926 0.355762
0.383361 -0.31296 0.360736 0.411293 -0.310035 0.355936
0.382382 -0.313069 0.36091 0.410311 -0.310145 0.35611
0.381404 -0.313177 0.361084 0.40933 -0.310254 0.356284
0.380425 -0.313286 0.361258 0.408349 -0.310363 0.356458
0.379446 -0.313395 0.361432 0.407368 -0.310472 0.356632
0.378467 -0.313504 0.361606 0.406387 -0.310581 0.356806
0.377489 -0.313612 0.36178 0.405407 -0.31069 0.35698
0.37651 -0.313721 0.361954 0.404426 -0.3108 0.357153
0.375531 -0.31383 0.362128 0.403446 -0.310909 0.357327
0.374553 -0.313939 0.362302 0.402465 -0.311018 0.357501
0.373574 -0.314047 0.362476 0.401485 -0.311127 0.357675
0.372595 -0.314156 0.36265 0.400504 -0.311236 0.357849
0.371616 -0.314265 0.362824 0.399524 -0.311345 0.358023
0.370638 -0.314374 0.362998 0.398544 -0.311455 0.358197
0.369659 -0.314482 0.363172 0.397564 -0.311564 0.35837
0.36868 -0.314591 0.363346 0.396584 -0.311673 0.358544
0.367701 -0.3147 0.36352 0.395604 -0.311782 0.358718
0.366723 -0.314809 0.363694 0.394624 -0.311891 0.358892
0.365744 -0.314917 0.363868 0.393644 -0.312 0.359066
0.364765 -0.315026 0.364042 0.392664 -0.31211 0.359239
0.363787 -0.315135 0.364216 0.391684 -0.312219 0.359413
0.362808 -0.315244 0.36439 0.390704 -0.312328 0.359587
0.361829 -0.315352 0.364564 0.389724 -0.312437 0.359761
0.36085 -0.315461 0.364738 0.388744 -0.312546 0.359935
0.359872 -0.31557 0.364912 0.387765 -0.312655 0.360109
0.358893 -0.315679 0.365086 0.386785 -0.312765 0.360282
0.357914 -0.315787 0.36526 0.385805 -0.312874 0.360456
0.356936 -0.315896 0.365434 0.384826 -0.312983 0.36063
0.355957 -0.316005 0.365608 0.383846 -0.313092 0.360804
0.354978 -0.316114 0.365782 0.382867 -0.313201 0.360977
0.353999 -0.316222 0.365956 0.381887 -0.313311 0.361151
0.353021 -0.316331 0.36613 0.380907 -0.31342 0.361325
0.352042 -0.31644 0.366304 0.379928 -0.313529 0.361499
0.351063 -0.316549 0.366478 0.378948 -0.313638 0.361673
0.350084 -0.316657 0.366652 0.377968 -0.313747 0.361847
0.349106 -0.316766 0.366826 0.376989 -0.313857 0.36202
0.348127 -0.316875 0.367 0.376009 -0.313966 0.362194
0.347148 -0.316984 0.367174 0.37503 -0.314075 0.362368
0.34617 -0.317092 0.367348 0.37405 -0.314184 0.362542
0.345191 -0.317201 0.367522 0.373071 -0.314294 0.362715
0.344212 -0.31731 0.367696 0.372092 -0.314403 0.362889
0.343233 -0.317419 0.36787 0.371113 -0.314512 0.363063
0.342255 -0.317527 0.368044 0.370133 -0.314621 0.363237
0.341276 -0.317636 0.368218 0.369154 -0.31473 0.36341
0.340297 -0.317745 0.368392 0.368175 -0.31484 0.363584
0.339319 -0.317853 0.368566 0.367196 -0.314949 0.363758
0.33834 -0.317962 0.36874 0.366216 -0.315058 0.363932
0.337361 -0.318071 0.368914 0.365237 -0.315167 0.364105
0.336382 -0.31818 0.369088 0.364747 -0.315222 0.364192
0.335404 -0.318288 0.369262 0.363278 -0.315386 0.364453
0.334425 -0.318397 0.369436 0.362296 -0.315495 0.364627
0.333446 -0.318506 0.36961 0.361313 -0.315605 0.364802
0.332467 -0.318615 0.369784 0.36033 -0.315715 0.364976
0.331489 -0.318723 0.369958 0.359348 -0.315825 0.365151
0.33051 -0.318832 0.370132 0.358365 -0.315934 0.365325
0.329531 -0.318941 0.370306 0.357384 -0.316044 0.365499
0.328553 -0.31905 0.37048 0.356402 -0.316153 0.365673
0.327574 -0.319158 0.370654 0.355421 -0.316263 0.365847
0.326595 -0.319267 0.370828 0.354931 -0.316318 0.365934
0.325616 -0.319376 0.371002 0.353949 -0.316427 0.366108
0.324638 -0.319485 0.371176 0.352968 -0.316537 0.366283
0.323659 -0.319593 0.37135 0.351497 -0.316701 0.366544
0.32268 -0.319702 0.371524 0.351006 -0.316756 0.366631
0.321701 -0.319811 0.371698 0.349536 -0.31692 0.366891
0.320723 -0.31992 0.371872 0.349046 -0.316974 0.366978
0.319744 -0.320028 0.372046 0.348067 -0.317083 0.367152
0.318765 -0.320137 0.372219 0.346598 -0.317247 0.367412
0.317787 -0.320246 0.372393 0.345619 -0.317356 0.367586
0.316808 -0.320355 0.372567 0.34464 -0.317466 0.36776
0.315829 -0.320463 0.372741 0.343661 -0.317575 0.367933
0.31485 -0.320572 0.372915 0.342682 -0.317684 0.368107
0.313872 -0.320681 0.373089 0.342192 -0.317739 0.368194
0.312893 -0.32079 0.373263 0.341216 -0.317847 0.368367
0.311914 -0.320898 0.373437 0.339757 -0.31801 0.368625
0.310936 -0.321007 0.373611 0.338786 -0.318118 0.368797
0.309957 -0.321116 0.373785 0.337814 -0.318226 0.368969
0.308978 -0.321225 0.373959 0.336841 -0.318334 0.369142
0.307999 -0.321333 0.374133 0.335868 -0.318443 0.369314
0.307021 -0.321442 0.374307 0.334894 -0.318551 0.369487
0.306042 -0.321551 0.374481 0.33392 -0.31866 0.36966
0.305063 -0.32166 0.374655 0.332945 -0.318769 0.369832
0.304084 -0.321768 0.374829 0.331969 -0.318877 0.370005
0.303106 -0.321877 0.375003 0.330993 -0.318986 0.370179
0.302127 -0.321986 0.375177 0.330017 -0.319095 0.370352
0.301148 -0.322095 0.375351 0.32904 -0.319204 0.370525
0.30017 -0.322203 0.375525 0.328063 -0.319314 0.370698
0.299191 -0.322312 0.375699 0.327085 -0.319423 0.370872
0.298212 -0.322421 0.375873 0.326107 -0.319532 0.371045
0.297233 -0.32253 0.376047 0.325129 -0.319641 0.371219
0.296255 -0.322638 0.376221 0.324151 -0.31975 0.371392
0.295276 -0.322747 0.376395 0.323173 -0.31986 0.371566
0.294297 -0.322856 0.376569 0.322194 -0.319969 0.371739
0.293319 -0.322965 0.376743 0.321215 -0.320078 0.371913
0.29234 -0.323073 0.376917 0.320237 -0.320188 0.372086
0.291361 -0.323182 0.377091 0.319258 -0.320297 0.37226
0.290382 -0.323291 0.377265 0.318278 -0.320406 0.372434
0.289404 -0.3234 0.377439 0.317299 -0.320516 0.372607
0.288425 -0.323508 0.377613 0.31632 -0.320625 0.372781
0.287446 -0.323617 0.377787 0.315341 -0.320735 0.372955
0.286467 -0.323726 0.377961 0.314361 -0.320844 0.373129
0.285489 -0.323835 0.378135 0.313382 -0.320953 0.373302
0.28451 -0.323943 0.378309 0.312402 -0.321063 0.373476
0.283531 -0.324052 0.378483 0.311912 -0.321118 0.373563
0.282553 -0.324161 0.378657 0.310443 -0.321282 0.373823
0.281574 -0.32427 0.378831 0.309463 -0.321391 0.373997
0.280595 -0.324378 0.379005 0.308484 -0.321501 0.374171
0.279616 -0.324487 0.379179 0.307504 -0.32161 0.374344
0.278638 -0.324596 0.379353 0.306525 -0.321719 0.374518
0.277659 -0.324705 0.379527 0.305545 -0.321829 0.374692
0.27668 -0.324813 0.379701 0.304565 -0.321938 0.374866
0.275701 -0.324922 0.379875 0.303586 -0.322048 0.375039
0.274723 -0.325031 0.380049 0.302606 -0.322157 0.375213
0.273744 -0.32514 0.380223 0.301626 -0.322266 0.375387
0.272765 -0.325248 0.380397 0.300647 -0.322376 0.37556
0.271787 -0.325357 0.380571 0.299667 -0.322485 0.375734
0.270808 -0.325466 0.380745 0.298688 -0.322594 0.375908
0.269829 -0.325575 0.380919 0.298198 -0.322649 0.375994
0.26885 -0.325683 0.381093 0.297708 -0.322704 0.376081
0.267872 -0.325792 0.381267 0.295749 -0.322923 0.376428
0.266893 -0.325901 0.381441 0.29477 -0.323032 0.376602
0.265914 -0.32601 0.381615 0.29379 -0.323141 0.376776
0.264936 -0.326118 0.381789 0.292811 -0.323251 0.376949
0.263957 -0.326227 0.381963 0.291832 -0.32336 0.377123
0.262978 -0.326336 0.382137 0.290852 -0.323469 0.377297
0.261999 -0.326445 0.382311 0.289873 -0.323579 0.37747
0.261021 -0.326553 0.382485 0.288894 -0.323688 0.377644
0.260042 -0.326662 0.382659 0.287914 -0.323797 0.377817
0.259063 -0.326771 0.382833 0.286935 -0.323907 0.377991
0.258084 -0.32688 0.383007 0.285956 -0.324016 0.378164
0.257106 -0.326988 0.383181 0.284977 -0.324125 0.378338
0.256127 -0.327097 0.383355 0.283997 -0.324235 0.378511
0.255148 -0.327206 0.383529 0.283018 -0.324344 0.378685
0.25417 -0.327314 0.383703 0.282039 -0.324453 0.378859
0.253191 -0.327423 0.383877 0.28106 -0.324563 0.379032
0.252212 -0.327532 0.384051 0.28057 -0.324617 0.379119
0.251233 -0.327641 0.384225 0.279102 -0.324781 0.379379
0.250255 -0.327749 0.384399 0.278123 -0.324891 0.379553
0.249276 -0.327858 0.384573 0.277143 -0.325 0.379726
0.248297 -0.327967 0.384747 0.276164 -0.325109 0.3799
0.247319 -0.328076 0.384921 0.275185 -0.325218 0.380073
0.24634 -0.328184 0.385095 0.274696 -0.325273 0.38016
0.245361 -0.328293 0.385269 0.272254 -0.325545 0.380592
0.244382 -0.328402 0.385443 0.271283 -0.325653 0.380764
0.243404 -0.328511 0.385617 0.270799 -0.325707 0.38085
0.242425 -0.328619 0.385791 0.269352 -0.325868 0.381106
0.241446 -0.328728 0.385965 0.268391 -0.325974 0.381276
0.240467 -0.328837 0.386139 0.267432 -0.32608 0.381446
0.239489 -0.328946 0.386313 0.266475 -0.326186 0.381615
0.23851 -0.329054 0.386487 0.265997 -0.326239 0.381699
0.237531 -0.329163 0.386661 0.264565 -0.326398 0.381953
0.236553 -0.329272 0.386835 0.263612 -0.326504 0.382121
0.235574 -0.329381 0.387009 0.26266 -0.326609 0.38229
0.234595 -0.329489 0.387183 0.261708 -0.326715 0.382458
0.233616 -0.329598 0.387357 0.260756 -0.32682 0.382626
0.232638 -0.329707 0.387531 0.259805 -0.326926 0.382795
0.231659 -0.329816 0.387705 0.258854 -0.327031 0.382963
0.23068 -0.329924 0.387879 0.257902 -0.327137 0.383131
0.229701 -0.330033 0.388053 0.256951 -0.327243 0.3833
0.228723 -0.330142 0.388227 0.255999 -0.327348 0.383468
0.227744 -0.330251 0.388401 0.255047 -0.327454 0.383637
0.226765 -0.330359 0.388575 0.254094 -0.32756 0.383806
0.225787 -0.330468 0.388749 0.253617 -0.327614 0.38389
0.224808 -0.330577 0.388923 0.252664 -0.32772 0.384059
0.223829 -0.330686 0.389097 0.251238 -0.327878 0.384311
0.22285 -0.330794 0.389271 0.249816 -0.328037 0.384563
0.221872 -0.330903 0.389445 0.249342 -0.328089 0.384647
0.220893 -0.331012 0.389619 0.248392 -0.328195 0.384815
0.219914 -0.331121 0.389793 0.247441 -0.328301 0.384984
0.218936 -0.331229 0.389967 0.246488 -0.328408 0.385153
0.217957 -0.331338 0.390141 0.245534 -0.328514 0.385322
0.216978 -0.331447 0.390315 0.244579 -0.328621 0.385491
0.215999 -0.331556 0.390489 0.243623 -0.328728 0.38566
0.215021 -0.331664 0.390663 0.242665 -0.328835 0.38583
0.214042 -0.331773 0.390837 0.241706 -0.328943 0.386
0.213063 -0.331882 0.391011 0.240746 -0.32905 0.38617
0.212084 -0.331991 0.391185 0.239785 -0.329158 0.386341
0.211106 -0.332099 0.391359 0.238822 -0.329266 0.386512
0.210127 -0.332208 0.391533 0.237859 -0.329374 0.386682
0.209148 -0.332317 0.391707 0.236894 -0.329482 0.386854
0.20817 -0.332426 0.391881 0.235928 -0.32959 0.387025
0.207191 -0.332534 0.392055 0.234961 -0.329699 0.387196
0.206212 -0.332643 0.392229 0.233994 -0.329808 0.387368
0.205233 -0.332752 0.392403 0.23351 -0.329862 0.387454
0.204255 -0.332861 0.392577 0.232056 -0.330025 0.387712
0.203276 -0.332969 0.392751 0.231571 -0.33008 0.387798
0.202297 -0.333078 0.392925 0.2306 -0.330189 0.38797
0.201318 -0.333187 0.393099 0.229629 -0.330298 0.388142
0.20034 -0.333296 0.393273 0.22817 -0.330461 0.388401
0.199361 -0.333404 0.393447 0.227197 -0.33057 0.388573
0.198382 -0.333513 0.393621 0.226224 -0.33068 0.388746
0.197404 -0.333622 0.393795 0.22525 -0.330789 0.388919
0.196425 -0.333731 0.393969 0.224276 -0.330898 0.389091
0.195446 -0.333839 0.394143 0.223301 -0.331007 0.389264
0.194467 -0.333948 0.394317 0.222325 -0.331117 0.389437
0.193489 -0.334057 0.394491 0.22135 -0.331226 0.38961
0.19251 -0.334166 0.394665 0.220374 -0.331336 0.389783
0.191531 -0.334274 0.394839 0.219397 -0.331445 0.389956
0.190553 -0.334383 0.395013 0.218421 -0.331554 0.390129
0.189574 -0.334492 0.395187 0.217444 -0.331664 0.390303
0.188595 -0.334601 0.395361 0.216467 -0.331773 0.390476
0.187616 -0.334709 0.395535 0.21549 -0.331883 0.390649
0.186638 -0.334818 0.395709 0.214513 -0.331992 0.390822
0.185659 -0.334927 0.395883 0.213535 -0.332101 0.390995
0.18468 -0.335036 0.396057 0.212558 -0.332211 0.391169
0.183701 -0.335144 0.396231 0.21158 -0.33232 0.391342
0.182723 -0.335253 0.396405 0.210603 -0.332429 0.391515
0.181744 -0.335362 0.396579 0.209625 -0.332539 0.391688
0.180765 -0.335471 0.396753 0.208647 -0.332648 0.391862
0.179787 -0.335579 0.396927 0.207669 -0.332757 0.392035
0.178808 -0.335688 0.397101 0.206691 -0.332867 0.392208
0.177829 -0.335797 0.397275 0.205712 -0.332976 0.392382
0.17685 -0.335906 0.397449 0.204734 -0.333085 0.392555
0.175872 -0.336014 0.397623 0.203755 -0.333195 0.392729
0.174893 -0.336123 0.397797 0.202777 -0.333304 0.392902
0.173914 -0.336232 0.397971 0.201798 -0.333413 0.393075
0.172936 -0.33634 0.398145 0.200819 -0.333523 0.393249
0.171957 -0.336449 0.398319 0.19984 -0.333632 0.393422
0.170978 -0.336558 0.398493 0.198861 -0.333741 0.393596
0.169999 -0.336667 0.398667 0.197882 -0.333851 0.393769
0.169021 -0.336775 0.398841 0.196903 -0.33396 0.393943
0.168042 -0.336884 0.399015 0.195924 -0.334069 0.394116
0.167063 -0.336993 0.399189 0.194945 -0.334179 0.394289
0.166084 -0.337102 0.399363 0.193966 -0.334288 0.394463
0.165106 -0.33721 0.399537 0.192987 -0.334397 0.394636
0.164127 -0.337319 0.399711 0.192008 -0.334507 0.39481
0.163148 -0.337428 0.399885 0.191029 -0.334616 0.394983
0.16217 -0.337537 0.400059 0.19005 -0.334725 0.395157
0.161191 -0.337645 0.400233 0.18907 -0.334834 0.39533
0.160212 -0.337754 0.400407 0.188091 -0.334944 0.395504
0.159233 -0.337863 0.400581 0.187112 -0.335053 0.395677
0.158255 -0.337972 0.400755 0.186133 -0.335162 0.395851
0.157276 -0.33808 0.400929 0.185154 -0.335271 0.396024
0.156297 -0.338189 0.401103 0.184175 -0.335381 0.396198
0.155318 -0.338298 0.401277 0.183196 -0.33549 0.396371
0.15434 -0.338407 0.401451 0.182217 -0.335599 0.396544
0.153361 -0.338515 0.401625 0.181239 -0.335708 0.396718
0.152382 -0.338624 0.401799 0.18026 -0.335817 0.396891
0.151404 -0.338733 0.401973 0.179281 -0.335926 0.397065
0.150425 -0.338842 0.402147 0.178303 -0.336036 0.397238
0.149446 -0.33895 0.402321 0.177324 -0.336145 0.397411
0.148467 -0.339059 0.402495 0.176346 -0.336254 0.397585
0.147489 -0.339168 0.402669 0.175367 -0.336363 0.397758
0.14651 -0.339277 0.402843 0.174389 -0.336472 0.397931
0.145531 -0.339385 0.403017 0.173411 -0.336581 0.398105
0.144553 -0.339494 0.403191 0.172432 -0.33669 0.398278
0.143574 -0.339603 0.403365 0.171454 -0.336799 0.398451
0.142595 -0.339712 0.403539 0.170964 -0.336854 0.398538
0.141616 -0.33982 0.403713 0.169496 -0.337017 0.398798
0.140638 -0.339929 0.403887 0.168518 -0.337127 0.398972
0.139659 -0.340038 0.404061 0.167539 -0.337236 0.399145
0.13868 -0.340147 0.404235 0.16656 -0.337345 0.399318
0.137701 -0.340255 0.404409 0.165582 -0.337454 0.399492
0.136723 -0.340364 0.404583 0.164603 -0.337563 0.399665
0.135744 -0.340473 0.404757 0.163624 -0.337672 0.399839
0.134765 -0.340582 0.404931 0.162645 -0.337781 0.400012
0.133787 -0.34069 0.405105 0.161667 -0.337891 0.400186
0.132808 -0.340799 0.405279 0.160688 -0.338 0.400359
0.131829 -0.340908 0.405453 0.159709 -0.338109 0.400533
0.13085 -0.341017 0.405627 0.158241 -0.338273 0.400793
0.129872 -0.341125 0.405801 0.157752 -0.338327 0.400879
0.128893 -0.341234 0.405975 0.156773 -0.338436 0.401053
0.127914 -0.341343 0.406149 0.155795 -0.338545 0.401226
0.126936 -0.341452 0.406323 0.154817 -0.338654 0.401399
0.125957 -0.34156 0.406497 0.153351 -0.338817 0.401659
0.124978 -0.341669 0.406671 0.152862 -0.338872 0.401746
0.123999 -0.341778 0.406845 0.151885 -0.338981 0.401919
0.123021 -0.341887 0.407019 0.150909 -0.339089 0.402092
0.122042 -0.341995 0.407193 0.149932 -0.339198 0.402265
0.121063 -0.342104 0.407367 0.148956 -0.339307 0.402438
0.120084 -0.342213 0.407541 0.147979 -0.339416 0.402611
0.119106 -0.342322 0.407715 0.147002 -0.339525 0.402785
0.118127 -0.34243 0.407889 0.146025 -0.339633 0.402958
0.117148 -0.342539 0.408063 0.145048 -0.339742 0.403131
0.11617 -0.342648 0.408237 0.14407 -0.339851 0.403304
0.115191 -0.342757 0.408411 0.143092 -0.33996 0.403478
0.114212 -0.342865 0.408585 0.142114 -0.340069 0.403651
0.113233 -0.342974 0.408759 0.141136 -0.340178 0.403824
0.112255 -0.343083 0.408933 0.140647 -0.340233 0.403911
0.111276 -0.343192 0.409107 0.13918 -0.340396 0.404171
0.110297 -0.3433 0.40928 0.138206 -0.340505 0.404344
0.109318 -0.343409 0.409454 0.137235 -0.340612 0.404516
0.10834 -0.343518 0.409628 0.136263 -0.34072 0.404688
0.107361 -0.343627 0.409802 0.135291 -0.340828 0.404861
0.106382 -0.343735 0.409976 0.134318 -0.340936 0.405033
0.105404 -0.343844 0.41015 0.133344 -0.341045 0.405206
0.104425 -0.343953 0.410324 0.132369 -0.341153 0.405379
0.103446 -0.344062 0.410498 0.131393 -0.341262 0.405552
0.102467 -0.34417 0.410672 0.130416 -0.341371 0.405725
0.101489 -0.344279 0.410846 0.12944 -0.34148 0.405898
0.10051 -0.344388 0.41102 0.128462 -0.341589 0.406072
0.0995313 -0.344497 0.411194 0.127484 -0.341698 0.406245
0.0985525 -0.344605 0.411368 0.126506 -0.341807 0.406418
0.0975738 -0.344714 0.411542 0.125527 -0.341916 0.406592
0.0965951 -0.344823 0.411716 0.124548 -0.342025 0.406766
0.0956164 -0.344932 0.41189 0.123569 -0.342135 0.406939
0.0946376 -0.34504 0.412064 0.12259 -0.342244 0.407113
0.0936589 -0.345149 0.412238 0.12161 -0.342353 0.407287
0.0926802 -0.345258 0.412412 0.12063 -0.342462 0.407461
0.0917015 -0.345367 0.412586 0.11965 -0.342572 0.407634
0.0907227 -0.345475 0.41276 0.118671 -0.342681 0.407808
0.089744 -0.345584 0.412934 0.117691 -0.34279 0.407982
0.0887653 -0.345693 0.413108 0.11671 -0.342899 0.408156
0.0877866 -0.345801 0.413282 0.11573 -0.343009 0.40833
0.0868078 -0.34591 0.413456 0.11475 -0.343118 0.408504
0.0858291 -0.346019 0.41363 0.11377 -0.343227 0.408677
0.0848504 -0.346128 0.413804 0.112791 -0.343336 0.408851
0.0838717 -0.346236 0.413978 0.112301 -0.343391 0.408938
0.082893 -0.346345 0.414152 0.110832 -0.343554 0.409199
0.0819142 -0.346454 0.414326 0.109366 -0.343717 0.409459
0.0809355 -0.346563 0.4145 0.108879 -0.343771 0.409545
0.0799568 -0.346671 0.414674 0.107908 -0.343879 0.409718
0.0789781 -0.34678 0.414848 0.106937 -0.343987 0.40989
0.0779993 -0.346889 0.415022 0.105964 -0.344094 0.410062
0.0770206 -0.346998 0.415196 0.104991 -0.344202 0.410235
0.0760419 -0.347106 0.41537 0.104017 -0.344311 0.410408
0.0750632 -0.347215 0.415544 0.103042 -0.344419 0.410581
0.0740844 -0.347324 0.415718 0.102067 -0.344528 0.410754
0.0731057 -0.347433 0.415892 0.10109 -0.344636 0.410927
0.072127 -0.347541 0.416066 0.100113 -0.344745 0.411101
0.0711483 -0.34765 0.41624 0.0991354 -0.344854 0.411274
0.0701695 -0.347759 0.416414 0.0981572 -0.344963 0.411448
0.0691908 -0.347868 0.416588 0.097668 -0.345017 0.411535
0.0682121 -0.347976 0.416762 0.0961996 -0.345181 0.411795
0.0672334 -0.348085 0.416936 0.0952202 -0.34529 0.411969
0.0662547 -0.348194 0.41711 0.0942405 -0.345399 0.412143
0.0652759 -0.348303 0.417284 0.0932606 -0.345508 0.412317
0.0642972 -0.348411 0.417458 0.0922805 -0.345617 0.412491
0.0633185 -0.34852 0.417632 0.0913002 -0.345727 0.412665
0.0623398 -0.348629 0.417806 0.0903198 -0.345836 0.412839
0.061361 -0.348738 0.41798 0.0893392 -0.345945 0.413013
0.0603823 -0.348846 0.418154 0.0883585 -0.346054 0.413187
0.0594036 -0.348955 0.418328 0.0873777 -0.346164 0.413362
0.0584249 -0.349064 0.418502 0.0863969 -0.346273 0.413536
0.0574461 -0.349173 0.418676 0.085416 -0.346382 0.41371
0.0564674 -0.349281 0.41885 0.0844351 -0.346491 0.413884
0.0554887 -0.34939 0.419024 0.0834542 -0.3466 0.414058
0.05451 -0.349499 0.419198 0.0824733 -0.346709 0.414232
0.0535312 -0.349608 0.419372 0.0814924 -0.346819 0.414407
0.0525525 -0.349716 0.419546 0.081002 -0.346873 0.414494
0.0515738 -0.349825 0.41972 0.0795308 -0.347037 0.414755
0.0505951 -0.349934 0.419894 0.0785503 -0.347146 0.414929
0.0496164 -0.350043 0.420068 0.0775708 -0.347255 0.415103
0.0486376 -0.350151 0.420242 0.0765922 -0.347363 0.415277
0.0476589 -0.35026 0.420416 0.0756137 -0.347472 0.415451
0.0466802 -0.350369 0.42059 0.0746361 -0.34758 0.415624
0.0457015 -0.350478 0.420764 0.0741484 -0.347634 0.415711
0.0447227 -0.350586 0.420938 0.0736616 -0.347688 0.415798
0.043744 -0.350695 0.421112 0.0717182 -0.347903 0.416143
0.0427653 -0.350804 0.421286 0.0707455 -0.348011 0.416316
0.0417866 -0.350913 0.42146 0.0697718 -0.348119 0.416489
0.0408078 -0.351021 0.421634 0.0687972 -0.348227 0.416662
0.0398291 -0.35113 0.421808 0.0678219 -0.348335 0.416835
0.0388504 -0.351239 0.421982 0.0668458 -0.348444 0.417008
0.0378717 -0.351348 0.422156 0.0658691 -0.348552 0.417182
0.0368929 -0.351456 0.42233 0.0648919 -0.348661 0.417356
0.0359142 -0.351565 0.422504 0.0639144 -0.348769 0.417529
0.0349355 -0.351674 0.422678 0.0629367 -0.348878 0.417703
0.0339568 -0.351783 0.422852 0.0619591 -0.348987 0.417877
0.0329781 -0.351891 0.423026 0.0609814 -0.349095 0.418051
0.0319993 -0.352 0.4232 0.0600034 -0.349204 0.418224
0.0310206 -0.352109 0.423374 0.059025 -0.349313 0.418398
0.0300419 -0.352218 0.423548 0.0580462 -0.349422 0.418572
0.0290632 -0.352326 0.423722 0.0570671 -0.349531 0.418746
0.0280844 -0.352435 0.423896 0.0560877 -0.34964 0.41892
0.0271057 -0.352544 0.42407 0.0551081 -0.349749 0.419095
0.026127 -0.352653 0.424244 0.0541283 -0.349858 0.419269
0.0251483 -0.352761 0.424418 0.0531483 -0.349967 0.419443
0.0241695 -0.35287 0.424592 0.0521681 -0.350075 0.419617
0.0231908 -0.352979 0.424766 0.051678 -0.35013 0.419704
0.0222121 -0.353088 0.42494 0.0502075 -0.350294 0.419966
0.0212334 -0.353196 0.425114 0.049227 -0.350403 0.42014
0.0202546 -0.353305 0.425288 0.0482465 -0.350512 0.420315
0.0192759 -0.353414 0.425462 0.047266 -0.350621 0.420489
0.0182972 -0.353523 0.425636 0.0462854 -0.35073 0.420663
0.0173185 -0.353631 0.42581 0.0453048 -0.350838 0.420838
0.0163398 -0.35374 0.425984 0.0443243 -0.350947 0.421012
0.015361 -0.353849 0.426158 0.0433437 -0.351056 0.421186
0.0143823 -0.353958 0.426332 0.0423632 -0.351165 0.421361
0.0134036 -0.354066 0.426506 0.0413827 -0.351274 0.421535
0.0124249 -0.354175 0.42668 0.0404023 -0.351383 0.42171
0.0114461 -0.354284 0.426854 0.0394219 -0.351492 0.421884
0.0104674 -0.354393 0.427028 0.0384416 -0.351601 0.422058
0.00948869 -0.354501 0.427202 0.0374613 -0.35171 0.422233
0.00850996 -0.35461 0.427376 0.0364811 -0.351819 0.422407
0.00753124 -0.354719 0.42755 0.035501 -0.351927 0.422581
0.00655252 -0.354827 0.427724 0.034521 -0.352036 0.422756
0.00557379 -0.354936 0.427898 0.033541 -0.352145 0.42293
0.00459507 -0.355045 0.428072 0.0325611 -0.352254 0.423104
0.00361635 -0.355154 0.428246 0.0315813 -0.352362 0.423279
0.00263762 -0.355262 0.42842 0.0306015 -0.352471 0.423453
0.0016589 -0.355371 0.428594 0.0296219 -0.35258 0.423627
0.000680176 -0.35548 0.428768 0.0286423 -0.352689 0.423802
-0.000298548 -0.355589 0.428942 0.0276628 -0.352797 0.423976
-0.00127727 -0.355697 0.429116 0.0266834 -0.352906 0.42415
-0.00225599 -0.355806 0.42929 0.0257041 -0.353015 0.424325
-0.00323472 -0.355915 0.429464 0.0247249 -0.353123 0.424499
-0.00421344 -0.356024 0.429638 0.0237457 -0.353232 0.424673
-0.00519217 -0.356132 0.429812 0.0227666 -0.35334 0.424847
-0.00617089 -0.356241 0.429986 0.0217875 -0.353449 0.425022
-0.00714961 -0.35635 0.43016 0.0208085 -0.353558 0.425196
-0.00812834 -0.356459 0.430334 0.0198296 -0.353666 0.42537
-0.00910706 -0.356567 0.430508 0.0188507 -0.353775 0.425544
-0.0100858 -0.356676 0.430682 0.0178719 -0.353883 0.425719
-0.0110645 -0.356785 0.430856 0.0168931 -0.353992 0.425893
-0.0120432 -0.356894 0.43103 0.0159144 -0.3541 0.426067
-0.013022 -0.357002 0.431204 0.0149357 -0.354209 0.426241
-0.0140007 -0.357111 0.431378 0.013957 -0.354318 0.426416
-0.0149794 -0.35722 0.431552 0.0129783 -0.354426 0.42659
-0.0159581 -0.357329 0.431726 0.0119996 -0.354535 0.426764
-0.0169368 -0.357437 0.4319 0.0110209 -0.354643 0.426938
-0.0179156 -0.357546 0.432074 0.0100422 -0.354752 0.427113
-0.0188943 -0.357655 0.432248 0.00906325 -0.35486 0.427287
-0.019873 -0.357764 0.432422 0.00808415 -0.354969 0.427461
-0.0208517 -0.357872 0.432596 0.00710507 -0.355078 0.427636
-0.0218305 -0.357981 0.43277 0.00661558 -0.355132 0.427723
-0.0228092 -0.35809 0.432944 0.00514719 -0.355295 0.427984
-0.0237879 -0.358199 0.433118 0.0041682 -0.355403 0.428159
-0.0247666 -0.358307 0.433292 0.00318886 -0.355512 0.428333
-0.0257454 -0.358416 0.433466 0.00220918 -0.355621 0.428508
-0.0267241 -0.358525 0.43364 0.00122936 -0.35573 0.428682
-0.0277028 -0.358634 0.433814 0.000249561 -0.355838 0.428857
-0.0286815 -0.358742 0.433988 -0.000730116 -0.355947 0.429031
-0.0296603 -0.358851 0.434162 -0.00170965 -0.356056 0.429206
-0.030639 -0.35896 0.434336 -0.00268909 -0.356165 0.42938
-0.0316177 -0.359069 0.43451 -0.00366845 -0.356273 0.429555
-0.0325964 -0.359177 0.434684 -0.00464767 -0.356382 0.429729
-0.0335751 -0.359286 0.434858 -0.00562676 -0.35649 0.429903
-0.0345539 -0.359395 0.435032 -0.00660572 -0.356599 0.430078
-0.0355326 -0.359504 0.435206 -0.00758454 -0.356708 0.430252
-0.0365113 -0.359612 0.43538 -0.00856318 -0.356816 0.430427
-0.03749 -0.359721 0.435554 -0.00954164 -0.356925 0.430601
-0.0384688 -0.35983 0.435728 -0.0105199 -0.357033 0.430775
-0.0394475 -0.359939 0.435902 -0.0114981 -0.357142 0.43095
-0.0404262 -0.360047 0.436076 -0.0124762 -0.35725 0.431124
-0.0414049 -0.360156 0.43625 -0.0134543 -0.357358 0.431298
-0.0423837 -0.360265 0.436424 -0.0144324 -0.357467 0.431472
-0.0433624 -0.360374 0.436598 -0.0154104 -0.357575 0.431647
-0.0443411 -0.360482 0.436772 -0.0163884 -0.357684 0.431821
-0.0453198 -0.360591 0.436946 -0.0173664 -0.357792 0.431995
-0.0462986 -0.3607 0.43712 -0.0183443 -0.357901 0.432169
-0.0472773 -0.360809 0.437294 -0.019322 -0.358009 0.432344
-0.048256 -0.360917 0.437468 -0.0202998 -0.358118 0.432518
-0.0492347 -0.361026 0.437642 -0.0212776 -0.358226 0.432692
-0.0502134 -0.361135 0.437816 -0.0222555 -0.358334 0.432867
-0.0511922 -0.361244 0.43799 -0.0232334 -0.358443 0.433041
-0.0521709 -0.361352 0.438164 -0.0242114 -0.358551 0.433215
-0.0531496 -0.361461 0.438338 -0.0251893 -0.35866 0.433389
-0.0541283 -0.36157 0.438512 -0.026167 -0.358768 0.433564
-0.0551071 -0.361679 0.438686 -0.0271447 -0.358877 0.433738
-0.0560858 -0.361787 0.43886 -0.0281223 -0.358985 0.433912
-0.0570645 -0.361896 0.439034 -0.0290999 -0.359093 0.434086
-0.0580432 -0.362005 0.439208 -0.0300775 -0.359202 0.434261
-0.059022 -0.362114 0.439382 -0.0310551 -0.35931 0.434435
-0.0600007 -0.362222 0.439556 -0.0320327 -0.359419 0.434609
-0.0609794 -0.362331 0.43973 -0.0330104 -0.359527 0.434784
-0.0619581 -0.36244 0.439904 -0.0339883 -0.359636 0.434958
-0.0629369 -0.362549 0.440078 -0.0349661 -0.359744 0.435132
-0.0639156 -0.362657 0.440252 -0.035455 -0.359798 0.435219
-0.0648943 -0.362766 0.440426 -0.0369217 -0.359961 0.435481
-0.065873 -0.362875 0.4406 -0.0378993 -0.36007 0.435655
-0.0668517 -0.362984 0.440774 -0.0388769 -0.360178 0.43583
-0.0678305 -0.363092 0.440948 -0.0393657 -0.360232 0.435917
-0.0688092 -0.363201 0.441122 -0.0408324 -0.360395 0.436178
-0.0697879 -0.36331 0.441296 -0.0418102 -0.360503 0.436353
-0.0707666 -0.363419 0.44147 -0.0427881 -0.360612 0.436527
-0.0717454 -0.363527 0.441644 -0.0437659 -0.36072 0.436701
-0.0727241 -0.363636 0.441818 -0.0447436 -0.360829 0.436876
-0.0737028 -0.363745 0.441992 -0.0452324 -0.360883 0.436963
-0.0746815 -0.363854 0.442166 -0.0466988 -0.361046 0.437224
-0.0756603 -0.363962 0.44234 -0.0476763 -0.361154 0.437399
-0.076639 -0.364071 0.442514 -0.0486537 -0.361263 0.437573
-0.0776177 -0.36418 0.442688 -0.0496312 -0.361371 0.437747
-0.0785964 -0.364288 0.442862 -0.0501199 -0.361425 0.437834
-0.0795752 -0.364397 0.443036 -0.051586 -0.361588 0.438096
-0.0805539 -0.364506 0.44321 -0.0525634 -0.361696 0.43827
-0.0815326 -0.364615 0.443384 -0.0530521 -0.36175 0.438357
-0.0825113 -0.364723 0.443558 -0.0545182 -0.361913 0.438619
-0.08349 -0.364832 0.443732 -0.0554956 -0.362022 0.438793
-0.0844688 -0.364941 0.443906 -0.0564734 -0.36213 0.438967
-0.0854475 -0.36505 0.44408 -0.0574518 -0.362239 0.439142
-0.0864262 -0.365158 0.444254 -0.0584308 -0.362347 0.439317
-0.0874049 -0.365267 0.444428 -0.0589204 -0.362402 0.439404
-0.0883837 -0.365376 0.444602 -0.0598997 -0.36251 0.439579
-0.0893624 -0.365485 0.444776 -0.0608789 -0.362619 0.439753
-0.0903411 -0.365593 0.44495 -0.0623474 -0.362782 0.440015
-0.0913198 -0.365702 0.445124 -0.0633263 -0.362891 0.44019
-0.0922986 -0.365811 0.445298 -0.0643052 -0.363 0.440364
-0.0932773 -0.36592 0.445472 -0.0652841 -0.363108 0.440539
-0.094256 -0.366028 0.445646 -0.0657736 -0.363162 0.440626
-0.0952347 -0.366137 0.44582 -0.0667526 -0.363271 0.440801
-0.0962135 -0.366246 0.445994 -0.0677315 -0.36338 0.440976
-0.0971922 -0.366355 0.446167 -0.0687103 -0.363488 0.44115
-0.0981709 -0.366463 0.446341 -0.0696891 -0.363597 0.441325
-0.0991496 -0.366572 0.446515 -0.0706679 -0.363706 0.441499
-0.100128 -0.366681 0.446689 -0.0721356 -0.363869 0.441761
-0.101107 -0.36679 0.446863 -0.0726247 -0.363923 0.441848
-0.102086 -0.366898 0.447037 -0.073603 -0.364031 0.442023
-0.103065 -0.367007 0.447211 -0.0745811 -0.36414 0.442197
-0.104043 -0.367116 0.447385 -0.0755591 -0.364248 0.442372
-0.105022 -0.367225 0.447559 -0.0765369 -0.364357 0.442546
-0.106001 -0.367333 0.447733 -0.0775148 -0.364465 0.442721
-0.106979 -0.367442 0.447907 -0.0784945 -0.364574 0.442895
-0.107958 -0.367551 0.448081 -0.0794773 -0.364683 0.443071
-0.108937 -0.36766 0.448255 -0.080463 -0.364793 0.443247
-0.109916 -0.367768 0.448429 -0.0814514 -0.364903 0.443423
-0.110894 -0.367877 0.448603 -0.0824419 -0.365014 0.4436
-0.111873 -0.367986 0.448777 -0.0834346 -0.365125 0.443777
-0.112852 -0.368095 0.448951 -0.0844289 -0.365236 0.443955
-0.11383 -0.368203 0.449125 -0.0854245 -0.365348 0.444133
-0.114809 -0.368312 0.449299 -0.0859228 -0.365403 0.444222
-0.115788 -0.368421 0.449473 -0.0869201 -0.365515 0.4444
-0.116767 -0.36853 0.449647 -0.0884179 -0.365682 0.444667
-0.117745 -0.368638 0.449821 -0.0889176 -0.365738 0.444756
-0.118724 -0.368747 0.449995 -0.0899175 -0.36585 0.444935
-0.119703 -0.368856 0.450169 -0.0909179 -0.365962 0.445114
-0.120682 -0.368965 0.450343 -0.0919188 -0.366074 0.445292
-0.12166 -0.369073 0.450517 -0.09292 -0.366185 0.445471
-0.122639 -0.369182 0.450691 -0.0939215 -0.366297 0.44565
-0.123618 -0.369291 0.450865 -0.094923 -0.366409 0.445829
-0.124596 -0.3694 0.451039 -0.0959244 -0.36652 0.446007
-0.125575 -0.369508 0.451213 -0.0969256 -0.366632 0.446186
-0.126554 -0.369617 0.451387 -0.0979266 -0.366743 0.446365
-0.127533 -0.369726 0.451561 -0.0989274 -0.366855 0.446544
-0.128511 -0.369835 0.451735 -0.099928 -0.366966 0.446722
-0.12949 -0.369943 0.451909 -0.100928 -0.367077 0.446901
-0.130469 -0.370052 0.452083 -0.101928 -0.367188 0.447079
-0.131447 -0.370161 0.452257 -0.102927 -0.3673 0.447257
-0.132426 -0.37027 0.452431 -0.103927 -0.36741 0.447436
-0.133405 -0.370378 0.452605 -0.104426 -0.367466 0.447525
-0.134384 -0.370487 0.452779 -0.104925 -0.367521 0.447614
-0.135362 -0.370596 0.452953 -0.106921 -0.367743 0.44797
-0.136341 -0.370705 0.453127 -0.107419 -0.367798 0.448059
-0.13732 -0.370813 0.453301 -0.108905 -0.367962 0.448324
-0.138299 -0.370922 0.453475 -0.109888 -0.36807 0.448499
-0.139277 -0.371031 0.453649 -0.110867 -0.368178 0.448673
-0.140256 -0.37114 0.453823 -0.111846 -0.368285 0.448847
-0.141235 -0.371248 0.453997 -0.112822 -0.368392 0.449021
-0.142213 -0.371357 0.454171 -0.113795 -0.368499 0.449195
-0.143192 -0.371466 0.454345 -0.114767 -0.368605 0.449367
-0.144171 -0.371575 0.454519 -0.115252 -0.368659 0.449454
-0.14515 -0.371683 0.454693 -0.116709 -0.368818 0.449713
-0.146128 -0.371792 0.454867 -0.117683 -0.368926 0.449887
-0.147107 -0.371901 0.455041 -0.118658 -0.369033 0.450061
-0.148086 -0.37201 0.455215 -0.119636 -0.369141 0.450235
-0.149065 -0.372118 0.455389 -0.120615 -0.36925 0.45041
-0.150043 -0.372227 0.455563 -0.121596 -0.369358 0.450585
-0.151022 -0.372336 0.455737 -0.122578 -0.369467 0.45076
-0.152001 -0.372445 0.455911 -0.123561 -0.369576 0.450935
-0.152979 -0.372553 0.456085 -0.124545 -0.369686 0.451111
-0.153958 -0.372662 0.456259 -0.125529 -0.369795 0.451287
-0.154937 -0.372771 0.456433 -0.126515 -0.369904 0.451462
-0.155916 -0.37288 0.456607 -0.1275 -0.370014 0.451638
-0.156894 -0.372988 0.456781 -0.128486 -0.370124 0.451814
-0.157873 -0.373097 0.456955 -0.129473 -0.370233 0.45199
-0.158852 -0.373206 0.457129 -0.130461 -0.370343 0.452167
-0.15983 -0.373314 0.457303 -0.131449 -0.370453 0.452343
-0.160809 -0.373423 0.457477 -0.132437 -0.370563 0.452519
-0.161788 -0.373532 0.457651 -0.133425 -0.370673 0.452696
-0.162767 -0.373641 0.457825 -0.134414 -0.370783 0.452872
-0.163745 -0.373749 0.457999 -0.135402 -0.370893 0.453049
-0.164724 -0.373858 0.458173 -0.136391 -0.371003 0.453225
-0.165703 -0.373967 0.458347 -0.13738 -0.371113 0.453402
-0.166682 -0.374076 0.458521 -0.138369 -0.371223 0.453578
-0.16766 -0.374184 0.458695 -0.139356 -0.371333 0.453754
-0.168639 -0.374293 0.458869 -0.140341 -0.371442 0.45393
-0.169618 -0.374402 0.459043 -0.141322 -0.37155 0.454105
-0.170596 -0.374511 0.459217 -0.142303 -0.371659 0.454279
-0.171575 -0.374619 0.459391 -0.143285 -0.371768 0.454455
-0.172554 -0.374728 0.459565 -0.144267 -0.371876 0.45463
-0.173533 -0.374837 0.459739 -0.14525 -0.371985 0.454805
-0.174511 -0.374946 0.459913 -0.146233 -0.372094 0.45498
-0.17549 -0.375054 0.460087 -0.147216 -0.372203 0.455156
-0.176469 -0.375163 0.460261 -0.1482 -0.372313 0.455331
-0.177448 -0.375272 0.460435 -0.149184 -0.372422 0.455507
-0.178426 -0.375381 0.460609 -0.150169 -0.372531 0.455682
-0.179405 -0.375489 0.460783 -0.151153 -0.37264 0.455858
-0.180384 -0.375598 0.460957 -0.152138 -0.37275 0.456033
-0.181362 -0.375707 0.461131 -0.153122 -0.372859 0.456209
-0.182341 -0.375816 0.461305 -0.154107 -0.372968 0.456385
-0.18332 -0.375924 0.461479 -0.155092 -0.373078 0.45656
-0.184299 -0.376033 0.461653 -0.156075 -0.373187 0.456736
-0.185277 -0.376142 0.461827 -0.157058 -0.373296 0.456911
-0.186256 -0.376251 0.462001 -0.158041 -0.373405 0.457086
-0.187235 -0.376359 0.462175 -0.159023 -0.373514 0.457261
-0.188213 -0.376468 0.462349 -0.160006 -0.373623 0.457437
-0.189192 -0.376577 0.462523 -0.160989 -0.373732 0.457612
-0.190171 -0.376686 0.462697 -0.161972 -0.373841 0.457787
-0.19115 -0.376794 0.462871 -0.162956 -0.37395 0.457962
-0.192128 -0.376903 0.463045 -0.163939 -0.374059 0.458138
-0.193107 -0.377012 0.463219 -0.164922 -0.374168 0.458313
-0.194086 -0.377121 0.463393 -0.165905 -0.374277 0.458488
-0.195065 -0.377229 0.463567 -0.166888 -0.374386 0.458664
-0.196043 -0.377338 0.463741 -0.167871 -0.374495 0.458839
-0.197022 -0.377447 0.463915 -0.168854 -0.374604 0.459014
-0.198001 -0.377556 0.464089 -0.169837 -0.374713 0.459189
-0.198979 -0.377664 0.464263 -0.170819 -0.374823 0.459365
-0.199958 -0.377773 0.464437 -0.171802 -0.374932 0.45954
-0.200937 -0.377882 0.464611 -0.172784 -0.375041 0.459715
-0.201916 -0.377991 0.464785 -0.173767 -0.37515 0.45989
-0.202894 -0.378099 0.464959 -0.174749 -0.375258 0.460065
-0.203873 -0.378208 0.465133 -0.175731 -0.375367 0.46024
-0.204852 -0.378317 0.465307 -0.176713 -0.375476 0.460415
-0.20583 -0.378426 0.465481 -0.177695 -0.375585 0.46059
-0.206809 -0.378534 0.465655 -0.178677 -0.375694 0.460766
-0.207788 -0.378643 0.465829 -0.179659 -0.375803 0.460941
-0.208767 -0.378752 0.466003 -0.18064 -0.375912 0.461115
-0.209745 -0.378861 0.466177 -0.181622 -0.376021 0.46129
-0.210724 -0.378969 0.466351 -0.182603 -0.37613 0.461465
-0.211703 -0.379078 0.466525 -0.183584 -0.376239 0.46164
-0.212682 -0.379187 0.466699 -0.184565 -0.376347 0.461815
-0.21366 -0.379296 0.466873 -0.185546 -0.376456 0.46199
-0.214639 -0.379404 0.467047 -0.186527 -0.376565 0.462165
-0.215618 -0.379513 0.467221 -0.187508 -0.376674 0.46234
-0.216596 -0.379622 0.467395 -0.188489 -0.376783 0.462515
-0.217575 -0.379731 0.467569 -0.189469 -0.376891 0.462689
-0.218554 -0.379839 0.467743 -0.19045 -0.377 0.462864
-0.219533 -0.379948 0.467917 -0.19143 -0.377109 0.463039
-0.220511 -0.380057 0.468091 -0.192411 -0.377218 0.463214
-0.22149 -0.380166 0.468265 -0.19339 -0.377326 0.463388
-0.222469 -0.380274 0.468439 -0.19437 -0.377435 0.463563
-0.223448 -0.380383 0.468613 -0.195349 -0.377543 0.463737
-0.224426 -0.380492 0.468787 -0.195838 -0.377598 0.463824
-0.225405 -0.380601 0.468961 -0.196328 -0.377652 0.463912
-0.226384 -0.380709 0.469135 -0.197797 -0.377815 0.464173
-0.227362 -0.380818 0.469309 -0.198777 -0.377924 0.464348
-0.228341 -0.380927 0.469483 -0.199759 -0.378033 0.464523
-0.22932 -0.381036 0.469657 -0.200743 -0.378142 0.464699
-0.230299 -0.381144 0.469831 -0.20173 -0.378252 0.464875
-0.231277 -0.381253 0.470005 -0.202718 -0.378362 0.465051
-0.232256 -0.381362 0.470179 -0.203709 -0.378473 0.465228
-0.233235 -0.381471 0.470353 -0.2047 -0.378584 0.465405
-0.234213 -0.381579 0.470527 -0.205694 -0.378694 0.465582
-0.235192 -0.381688 0.470701 -0.206688 -0.378805 0.46576
-0.236171 -0.381797 0.470875 -0.207683 -0.378917 0.465938
-0.23715 -0.381906 0.471049 -0.20818 -0.378972 0.466026
-0.238128 -0.382014 0.471223 -0.209173 -0.379083 0.466204
-0.239107 -0.382123 0.471397 -0.211653 -0.379359 0.466646
-0.240086 -0.382232 0.471571 -0.212148 -0.379414 0.466734
-0.241065 -0.382341 0.471745 -0.213626 -0.379578 0.466997
-0.242043 -0.382449 0.471919 -0.214605 -0.379686 0.467172
-0.243022 -0.382558 0.472093 -0.215579 -0.379793 0.467345
-0.244001 -0.382667 0.472267 -0.21655 -0.3799 0.467518
-0.244979 -0.382775 0.472441 -0.217517 -0.380006 0.467689
-0.245958 -0.382884 0.472615 -0.21848 -0.380112 0.46786
-0.246937 -0.382993 0.472789 -0.219441 -0.380217 0.468031
-0.247916 -0.383102 0.472963 -0.220399 -0.380322 0.468201
-0.248894 -0.38321 0.473137 -0.220877 -0.380374 0.468286
-0.249873 -0.383319 0.473311 -0.22231 -0.380531 0.46854
-0.250852 -0.383428 0.473485 -0.223263 -0.380636 0.468709
-0.25183 -0.383537 0.473659 -0.224214 -0.38074 0.468878
-0.252809 -0.383645 0.473833 -0.225165 -0.380844 0.469047
-0.253788 -0.383754 0.474007 -0.226114 -0.380948 0.469216
-0.254767 -0.383863 0.474181 -0.227063 -0.381053 0.469384
-0.255745 -0.383972 0.474355 -0.228012 -0.381157 0.469553
-0.256724 -0.38408 0.474529 -0.22896 -0.381261 0.469721
-0.257703 -0.384189 0.474703 -0.229908 -0.381365 0.46989
-0.258682 -0.384298 0.474877 -0.230856 -0.38147 0.470058
-0.25966 -0.384407 0.475051 -0.231806 -0.381575 0.470227
-0.260639 -0.384515 0.475225 -0.232759 -0.38168 0.470397
-0.261618 -0.384624 0.475399 -0.233714 -0.381786 0.470567
-0.262596 -0.384733 0.475573 -0.234672 -0.381892 0.470738
-0.263575 -0.384842 0.475747 -0.235631 -0.381999 0.470909
-0.264554 -0.38495 0.475921 -0.236591 -0.382105 0.47108
-0.265533 -0.385059 0.476095 -0.237552 -0.382212 0.471251
-0.266511 -0.385168 0.476269 -0.238512 -0.382319 0.471422
-0.26749 -0.385277 0.476443 -0.239471 -0.382426 0.471593
-0.268469 -0.385385 0.476617 -0.240431 -0.382532 0.471764
-0.269448 -0.385494 0.476791 -0.240911 -0.382586 0.47185
-0.270426 -0.385603 0.476965 -0.242355 -0.382746 0.472107
-0.271405 -0.385712 0.477139 -0.243321 -0.382854 0.47228
-0.272384 -0.38582 0.477313 -0.24429 -0.382962 0.472453
-0.273362 -0.385929 0.477487 -0.245261 -0.383071 0.472626
-0.274341 -0.386038 0.477661 -0.246231 -0.383179 0.472799
-0.27532 -0.386147 0.477835 -0.247201 -0.383287 0.472972
-0.276299 -0.386255 0.478009 -0.24817 -0.383395 0.473145
-0.277277 -0.386364 0.478183 -0.249138 -0.383503 0.473318
-0.278256 -0.386473 0.478357 -0.250106 -0.383611 0.473491
-0.279235 -0.386582 0.478531 -0.251074 -0.383719 0.473663
-0.280213 -0.38669 0.478705 -0.252041 -0.383826 0.473835
-0.281192 -0.386799 0.478879 -0.253007 -0.383934 0.474008
-0.282171 -0.386908 0.479053 -0.253974 -0.384041 0.47418
-0.28315 -0.387017 0.479227 -0.25494 -0.384149 0.474352
-0.284128 -0.387125 0.479401 -0.255906 -0.384256 0.474524
-0.285107 -0.387234 0.479575 -0.256874 -0.384364 0.474697
-0.286086 -0.387343 0.479749 -0.257842 -0.384471 0.474869
-0.287065 -0.387452 0.479923 -0.258812 -0.384579 0.475042
-0.288043 -0.38756 0.480097 -0.259781 -0.384687 0.475215
-0.289022 -0.387669 0.480271 -0.26075 -0.384795 0.475388
-0.290001 -0.387778 0.480445 -0.261719 -0.384903 0.47556
-0.290979 -0.387887 0.480619 -0.262689 -0.385011 0.475733
-0.291958 -0.387995 0.480793 -0.263659 -0.385118 0.475906
-0.292937 -0.388104 0.480967 -0.264629 -0.385226 0.476079
-0.293916 -0.388213 0.481141 -0.2656 -0.385334 0.476252
-0.294894 -0.388322 0.481315 -0.266571 -0.385442 0.476425
-0.295873 -0.38843 0.481489 -0.267542 -0.38555 0.476598
-0.296852 -0.388539 0.481663 -0.268514 -0.385658 0.476771
-0.29783 -0.388648 0.481837 -0.269485 -0.385766 0.476944
-0.298809 -0.388757 0.482011 -0.270457 -0.385875 0.477118
-0.299788 -0.388865 0.482185 -0.271429 -0.385983 0.477291
-0.300767 -0.388974 0.482359 -0.272401 -0.386091 0.477464
-0.301745 -0.389083 0.482533 -0.273373 -0.386199 0.477637
-0.302724 -0.389192 0.482707 -0.274346 -0.386307 0.47781
-0.303703 -0.3893 0.482881 -0.275319 -0.386415 0.477984
-0.304682 -0.389409 0.483054 -0.276292 -0.386523 0.478157
-0.30566 -0.389518 0.483228 -0.277265 -0.386632 0.478331
-0.306639 -0.389627 0.483402 -0.277752 -0.386686 0.478417
-0.307618 -0.389735 0.483576 -0.279212 -0.386848 0.478678
-0.308596 -0.389844 0.48375 -0.280186 -0.386956 0.478851
-0.309575 -0.389953 0.483924 -0.28116 -0.387064 0.479024
-0.310554 -0.390062 0.484098 -0.282133 -0.387173 0.479198
-0.311533 -0.39017 0.484272 -0.283107 -0.387281 0.479371
-0.312511 -0.390279 0.484446 -0.284082 -0.387389 0.479545
-0.31349 -0.390388 0.48462 -0.285056 -0.387497 0.479719
-0.314469 -0.390497 0.484794 -0.285543 -0.387551 0.479805
-0.315448 -0.390605 0.484968 -0.287006 -0.387714 0.480066
-0.316426 -0.390714 0.485142 -0.287983 -0.387823 0.48024
-0.317405 -0.390823 0.485316 -0.288962 -0.387932 0.480415
-0.318384 -0.390932 0.48549 -0.289942 -0.388041 0.480589
-0.319362 -0.39104 0.485664 -0.290922 -0.38815 0.480764
-0.320341 -0.391149 0.485838 -0.291901 -0.388259 0.480939
-0.32132 -0.391258 0.486012 -0.29288 -0.388368 0.481113
-0.322299 -0.391367 0.486186 -0.293858 -0.388476 0.481287
-0.323277 -0.391475 0.48636 -0.294836 -0.388585 0.481461
-0.324256 -0.391584 0.486534 -0.295813 -0.388694 0.481635
-0.325235 -0.391693 0.486708 -0.29679 -0.388802 0.48181
-0.326213 -0.391801 0.486882 -0.298256 -0.388965 0.482071
-0.327192 -0.39191 0.487056 -0.298744 -0.389019 0.482157
-0.328171 -0.392019 0.48723 -0.299721 -0.389128 0.482331
-0.32915 -0.392128 0.487404 -0.300698 -0.389236 0.482505
-0.330128 -0.392236 0.487578 -0.302164 -0.389399 0.482766
-0.331107 -0.392345 0.487752 -0.302653 -0.389453 0.482854
-0.332086 -0.392454 0.487926 -0.303632 -0.389562 0.483028
-0.333065 -0.392563 0.4881 -0.30461 -0.389671 0.483202
-0.334043 -0.392671 0.488274 -0.305589 -0.389779 0.483376
-0.335022 -0.39278 0.488448 -0.306567 -0.389888 0.483551
-0.336001 -0.392889 0.488622 -0.307056 -0.389942 0.483638
-0.336979 -0.392998 0.488796 -0.308522 -0.390105 0.483899
-0.337958 -0.393106 0.48897 -0.309989 -0.390268 0.48416
-0.338937 -0.393215 0.489144 -0.310478 -0.390322 0.484247
-0.339916 -0.393324 0.489318 -0.311456 -0.390431 0.484421
-0.340894 -0.393433 0.489492 -0.312924 -0.390594 0.484683
-0.341873 -0.393541 0.489666 -0.313413 -0.390648 0.48477
-0.342852 -0.39365 0.48984 -0.314391 -0.390757 0.484944
-0.343831 -0.393759 0.490014 -0.315368 -0.390865 0.485118
-0.344809 -0.393868 0.490188 -0.316346 -0.390974 0.485292
-0.345788 -0.393976 0.490362 -0.317324 -0.391082 0.485466
-0.346767 -0.394085 0.490536 -0.318301 -0.391191 0.48564
-0.347745 -0.394194 0.49071 -0.319279 -0.391299 0.485814
-0.348724 -0.394303 0.490884 -0.320747 -0.391462 0.486075
-0.349703 -0.394411 0.491058 -0.321236 -0.391517 0.486163
-0.350682 -0.39452 0.491232 -0.322214 -0.391625 0.486337
-0.35166 -0.394629 0.491406 -0.322703 -0.391679 0.486424
-0.352639 -0.394738 0.49158 -0.325639 -0.392005 0.486947
-0.353618 -0.394846 0.491754 -0.326616 -0.392114 0.487121
-0.354596 -0.394955 0.491928 -0.32759 -0.392222 0.487294
-0.355575 -0.395064 0.492102 -0.328561 -0.392329 0.487466
-0.356554 -0.395173 0.492276 -0.329527 -0.392436 0.487638
-0.357533 -0.395281 0.49245 -0.330009 -0.392489 0.487724
-0.358511 -0.39539 0.492624 -0.331452 -0.392648 0.48798
-0.35949 -0.395499 0.492798 -0.331932 -0.392701 0.488065
-0.360469 -0.395608 0.492972 -0.333368 -0.392859 0.48832
-0.361448 -0.395716 0.493146 -0.334323 -0.392964 0.488489
-0.362426 -0.395825 0.49332 -0.335277 -0.393069 0.488658
-0.363405 -0.395934 0.493494 -0.335753 -0.393121 0.488743
-0.364384 -0.396043 0.493668 -0.337181 -0.393278 0.488996
-0.365362 -0.396151 0.493842 -0.338133 -0.393383 0.489165
-0.366341 -0.39626 0.494016 -0.339084 -0.393488 0.489334
-0.36732 -0.396369 0.49419 -0.340034 -0.393593 0.489502
-0.368299 -0.396478 0.494364 -0.340985 -0.393698 0.489671
-0.369277 -0.396586 0.494538 -0.341936 -0.393803 0.48984
-0.370256 -0.396695 0.494712 -0.342887 -0.393908 0.490009
-0.371235 -0.396804 0.494886 -0.343838 -0.394013 0.490178
-0.372213 -0.396913 0.49506 -0.34479 -0.394118 0.490347
-0.373192 -0.397021 0.495234 -0.345742 -0.394224 0.490517
-0.374171 -0.39713 0.495408 -0.346695 -0.394329 0.490686
-0.37515 -0.397239 0.495582 -0.347648 -0.394435 0.490856
-0.376128 -0.397348 0.495756 -0.348603 -0.394541 0.491026
-0.377107 -0.397456 0.49593 -0.349558 -0.394647 0.491196
-0.378086 -0.397565 0.496104 -0.350514 -0.394753 0.491366
-0.379065 -0.397674 0.496278 -0.35147 -0.39486 0.491536
-0.380043 -0.397783 0.496452 -0.352428 -0.394966 0.491707
-0.381022 -0.397891 0.496626 -0.353386 -0.395073 0.491878
-0.382001 -0.398 0.4968 -0.354345 -0.395179 0.492049
-0.382979 -0.398109 0.496974 -0.355305 -0.395286 0.49222
-0.383958 -0.398218 0.497148 -0.356265 -0.395393 0.492391
-0.384937 -0.398326 0.497322 -0.357226 -0.3955 0.492562
-0.385916 -0.398435 0.497496 -0.358188 -0.395607 0.492733
-0.386894 -0.398544 0.49767 -0.35915 -0.395715 0.492905
-0.387873 -0.398653 0.497844 -0.359632 -0.395768 0.492991
-0.388852 -0.398761 0.498018 -0.361077 -0.39593 0.493249
-0.389831 -0.39887 0.498192 -0.362041 -0.396037 0.49342
-0.390809 -0.398979 0.498366 -0.363005 -0.396144 0.493592
-0.391788 -0.399088 0.49854 -0.363969 -0.396252 0.493764
-0.392767 -0.399196 0.498714 -0.364934 -0.396359 0.493936
-0.393745 -0.399305 0.498888 -0.3659 -0.396467 0.494108
-0.394724 -0.399414 0.499062 -0.366866 -0.396575 0.494281
-0.395703 -0.399523 0.499236 -0.367834 -0.396683 0.494453
-0.396682 -0.399631 0.49941 -0.368801 -0.396791 0.494626
-0.39766 -0.39974 0.499584 -0.36977 -0.396899 0.494798
-0.398639 -0.399849 0.499758 -0.370739 -0.397007 0.494971
-0.399618 -0.399958 0.499932 -0.371709 -0.397115 0.495144
-0.400596 -0.400066 0.500106 -0.37268 -0.397223 0.495317
-0.399618 -0.399958 0.499932 -0.37365 -0.397331 0.49549
-0.400596 -0.400066 0.500106 -0.374622 -0.39744 0.495664
-0.399618 -0.399958 0.499932 -0.375594 -0.397548 0.495837
-0.400596 -0.400066 0.500106 -0.376564 -0.397656 0.49601
-0.399618 -0.399958 0.499932 -0.377528 -0.397763 0.496181
-0.400596 -0.400066 0.500106 -0.378482 -0.397869 0.496351
-0.399618 -0.399958 0.499932 -0.379424 -0.397972 0.496518
-0.400596 -0.400066 0.500106 -0.38035 -0.398073 0.496681
-0.399618 -0.399958 0.499932 -0.380806 -0.398122 0.496761
-0.400596 -0.400066 0.500106 -0.382145 -0.398266 0.496996
-0.399618 -0.399958 0.499932 -0.383011 -0.398358 0.497147
-0.400596 -0.400066 0.500106 -0.383853 -0.398446 0.497293
-0.399618 -0.399958 0.499932 -0.384671 -0.398531 0.497435
-0.400596 -0.400066 0.500106 -0.385463 -0.398612 0.497572
-0.399618 -0.399958 0.499932 -0.386229 -0.398691 0.497703
-0.400596 -0.400066 0.500106 -0.386968 -0.398765 0.497829
-0.399618 -0.399958 0.499932 -0.38768 -0.398836 0.497951
-0.400596 -0.400066 0.500106 -0.388365 -0.398904 0.498067
-0.399618 -0.399958 0.499932 -0.389023 -0.398969 0.498178
-0.400596 -0.400066 0.500106 -0.389654 -0.39903 0.498284
-0.399618 -0.399958 0.499932 -0.390258 -0.399088 0.498386
-0.400596 -0.400066 0.500106 -0.390835 -0.399143 0.498482
-0.399618 -0.399958 0.499932 -0.391386 -0.399195 0.498574
-0.400596 -0.400066 0.500106 -0.391911 -0.399245 0.498661
-0.399618 -0.399958 0.499932 -0.392412 -0.399291 0.498744
-0.400596 -0.400066 0.500106 -0.392887 -0.399336 0.498823
-0.399618 -0.399958 0.499932 -0.393339 -0.399377 0.498898
-0.400596 -0.400066 0.500106 -0.393768 -0.399417 0.498968
-0.399618 -0.399958 0.499932 -0.394174 -0.399454 0.499035
-0.400596 -0.400066 0.500106 -0.394558 -0.399489 0.499098
-0.399618 -0.399958 0.499932 -0.394921 -0.399522 0.499157
-0.400596 -0.400066 0.500106 -0.395264 -0.399552 0.499213
-0.399618 -0.399958 0.499932 -0.395588 -0.399582 0.499266
-0.400596 -0.400066 0.500106 -0.395893 -0.399609 0.499316
-0.399618 -0.399958 0.499932 -0.39618 -0.399635 0.499363
-0.400596 -0.400066 0.500106 -0.39645 -0.399659 0.499407
-0.399618 -0.399958 0.499932 -0.396703 -0.399681 0.499448
-0.400596 -0.400066 0.500106 -0.39694 -0.399702 0.499487
-0.399618 -0.399958 0.499932 -0.397162 -0.399722 0.499523
-0.400596 -0.400066 0.500106 -0.397371 -0.399741 0.499557
-0.399618 -0.399958 0.499932 -0.397566 -0.399758 0.499589
-0.400596 -0.400066 0.500106 -0.397748 -0.399775 0.499618
-0.399618 -0.399958 0.499932 -0.397918 -0.39979 0.499646
-0.400596 -0.400066 0.500106 -0.398076 -0.399804 0.499672
-0.399618 -0.399958 0.499932 -0.398224 -0.399817 0.499696
-0.400596 -0.400066 0.500106 -0.398361 -0.39983 0.499718
-0.399618 -0.399958 0.499932 -0.398489 -0.399841 0.499739
-0.400596 -0.400066 0.500106 -0.398549 -0.399847 0.499749
-0.399618 -0.399958 0.499932 -0.398715 -0.399862 0.499776
-0.400596 -0.400066 0.500106 -0.398817 -0.399871 0.499793
-0.399618 -0.399958 0.499932 -0.398912 -0.39988 0.499808
-0.400596 -0.400066 0.500106 -0.398957 -0.399884 0.499816
-0.399618 -0.399958 0.499932 -0.399044 -0.399892 0.49983
