0.49885 -0.300128 0.340204 0.499828 -0.300018 0.340031
0.497872 -0.300236 0.340378 0.499828 -0.300018 0.340031
0.496893 -0.300345 0.340552 0.499828 -0.300018 0.340031
0.495914 -0.300454 0.340726 0.499828 -0.300018 0.340031
0.494936 -0.300563 0.3409 0.499827 -0.300019 0.340031
0.493957 -0.300671 0.341074 0.499821 -0.300019 0.340032
0.492978 -0.30078 0.341248 0.499808 -0.300021 0.340034
0.491999 -0.300889 0.341422 0.499762 -0.300026 0.340043
0.491021 -0.300998 0.341596 0.49971 -0.300032 0.340052
0.490042 -0.301106 0.34177 0.499638 -0.30004 0.340065
0.489063 -0.301215 0.341944 0.499594 -0.300045 0.340073
0.488084 -0.301324 0.342118 0.499544 -0.300051 0.340082
0.487106 -0.301433 0.342292 0.499288 -0.30008 0.340129
0.486127 -0.301541 0.342466 0.499035 -0.300109 0.340175
0.485148 -0.30165 0.34264 0.498939 -0.300121 0.340193
0.48417 -0.301759 0.342814 0.498727 -0.300145 0.340232
0.483191 -0.301868 0.342988 0.49836 -0.300188 0.340299
0.482212 -0.301976 0.343162 0.498084 -0.30022 0.34035
0.481233 -0.302085 0.343336 0.497782 -0.300255 0.340406
0.480255 -0.302194 0.34351 0.497454 -0.300294 0.340466
0.479276 -0.302303 0.343684 0.4971 -0.300335 0.340532
0.478297 -0.302411 0.343858 0.496719 -0.30038 0.340602
0.477319 -0.30252 0.344032 0.496312 -0.300428 0.340677
0.47634 -0.302629 0.344206 0.49588 -0.300478 0.340757
0.475361 -0.302738 0.34438 0.495655 -0.300505 0.340799
0.474382 -0.302846 0.344554 0.495185 -0.30056 0.340886
0.473404 -0.302955 0.344728 0.494692 -0.300618 0.340977
0.472425 -0.303064 0.344902 0.494176 -0.300679 0.341073
0.471446 -0.303173 0.345076 0.493636 -0.300742 0.341173
0.470467 -0.303281 0.34525 0.493075 -0.300809 0.341277
0.469489 -0.30339 0.345424 0.492491 -0.300877 0.341385
0.46851 -0.303499 0.345598 0.491887 -0.300948 0.341497
0.467531 -0.303608 0.345772 0.491263 -0.301022 0.341612
0.466553 -0.303716 0.345946 0.490618 -0.301097 0.341731
0.465574 -0.303825 0.34612 0.489953 -0.301176 0.341854
0.464595 -0.303934 0.346294 0.489271 -0.301256 0.34198
0.463616 -0.304043 0.346468 0.48857 -0.301338 0.34211
0.462638 -0.304151 0.346642 0.487853 -0.301422 0.342242
0.461659 -0.30426 0.346816 0.487121 -0.301507 0.342377
0.46068 -0.304369 0.34699 0.486373 -0.301595 0.342514
0.459702 -0.304478 0.347164 0.485611 -0.301684 0.342655
0.458723 -0.304586 0.347338 0.484835 -0.301774 0.342797
0.457744 -0.304695 0.347512 0.484046 -0.301866 0.342942
0.456765 -0.304804 0.347686 0.482839 -0.302006 0.343163
0.455787 -0.304913 0.34786 0.48202 -0.302101 0.343313
0.454808 -0.305021 0.348034 0.481606 -0.302149 0.343389
0.453829 -0.30513 0.348208 0.480771 -0.302246 0.343542
0.45285 -0.305239 0.348382 0.479926 -0.302343 0.343696
0.451872 -0.305348 0.348556 0.479072 -0.302442 0.343852
0.450893 -0.305456 0.34873 0.477774 -0.302591 0.344088
0.449914 -0.305565 0.348904 0.477337 -0.302642 0.344167
0.448936 -0.305674 0.349078 0.476015 -0.302793 0.344407
0.447957 -0.305783 0.349252 0.475124 -0.302895 0.344569
0.446978 -0.305891 0.349426 0.474227 -0.302998 0.344732
0.445999 -0.306 0.3496 0.473323 -0.303101 0.344895
0.445021 -0.306109 0.349774 0.472868 -0.303153 0.344977
0.444042 -0.306218 0.349948 0.471497 -0.30331 0.345225
0.443063 -0.306326 0.350122 0.471037 -0.303362 0.345308
0.442084 -0.306435 0.350296 0.470114 -0.303467 0.345475
0.441106 -0.306544 0.35047 0.46872 -0.303625 0.345726
0.440127 -0.306653 0.350644 0.467784 -0.303731 0.345894
0.439148 -0.306761 0.350818 0.466844 -0.303838 0.346063
0.43817 -0.30687 0.350992 0.466372 -0.303891 0.346148
0.437191 -0.306979 0.351166 0.465426 -0.303998 0.346318
0.436212 -0.307088 0.35134 0.464952 -0.304052 0.346403
0.435233 -0.307196 0.351514 0.463048 -0.304267 0.346744
0.434255 -0.307305 0.351688 0.462088 -0.304375 0.346916
0.433276 -0.307414 0.351862 0.461123 -0.304484 0.347089
0.432297 -0.307523 0.352036 0.460156 -0.304592 0.347262
0.431319 -0.307631 0.35221 0.459187 -0.304701 0.347435
0.43034 -0.30774 0.352384 0.458217 -0.30481 0.347609
0.429361 -0.307849 0.352558 0.457246 -0.30492 0.347782
0.428382 -0.307958 0.352732 0.456273 -0.305029 0.347956
0.427404 -0.308066 0.352906 0.4553 -0.305138 0.348129
0.426425 -0.308175 0.35308 0.454326 -0.305247 0.348303
0.425446 -0.308284 0.353254 0.453352 -0.305355 0.348476
0.424467 -0.308393 0.353428 0.452377 -0.305464 0.34865
0.423489 -0.308501 0.353602 0.451401 -0.305573 0.348823
0.42251 -0.30861 0.353776 0.450425 -0.305682 0.348997
0.421531 -0.308719 0.35395 0.449449 -0.305791 0.34917
0.420553 -0.308827 0.354124 0.448471 -0.3059 0.349344
0.419574 -0.308936 0.354298 0.447494 -0.306009 0.349518
0.418595 -0.309045 0.354472 0.446516 -0.306118 0.349691
0.417616 -0.309154 0.354646 0.445538 -0.306227 0.349865
0.416638 -0.309262 0.35482 0.444559 -0.306336 0.350038
0.415659 -0.309371 0.354994 0.44358 -0.306445 0.350212
0.41468 -0.30948 0.355168 0.442601 -0.306554 0.350386
0.413701 -0.309589 0.355342 0.441621 -0.306663 0.35056
0.412723 -0.309697 0.355516 0.441131 -0.306717 0.350647
0.411744 -0.309806 0.35569 0.43966 -0.306881 0.350907
0.410765 -0.309915 0.355864 0.438679 -0.30699 0.351081
0.409787 -0.310024 0.356038 0.437699 -0.307099 0.351255
0.408808 -0.310132 0.356212 0.436718 -0.307208 0.351429
0.407829 -0.310241 0.356386 0.435737 -0.307317 0.351603
0.40685 -0.31035 0.35656 0.434756 -0.307426 0.351777
0.405872 -0.310459 0.356734 0.433774 -0.307535 0.35195
0.404893 -0.310567 0.356908 0.432793 -0.307644 0.352124
0.403914 -0.310676 0.357082 0.431812 -0.307753 0.352298
0.402936 -0.310785 0.357256 0.430831 -0.307862 0.352472
0.401957 -0.310894 0.35743 0.42985 -0.307971 0.352646
0.400978 -0.311002 0.357604 0.428869 -0.30808 0.35282
0.399999 -0.311111 0.357778 0.427889 -0.308189 0.352993
0.399021 -0.31122 0.357952 0.426908 -0.308298 0.353167
0.398042 -0.311329 0.358126 0.425928 -0.308407 0.353341
0.397063 -0.311437 0.3583 0.424948 -0.308516 0.353514
0.396084 -0.311546 0.358474 0.423968 -0.308625 0.353688
0.395106 -0.311655 0.358648 0.422988 -0.308734 0.353862
0.394127 -0.311764 0.358822 0.422009 -0.308842 0.354035
0.393148 -0.311872 0.358996 0.421029 -0.308951 0.354209
0.39217 -0.311981 0.35917 0.42005 -0.30906 0.354382
0.391191 -0.31209 0.359344 0.41956 -0.309115 0.354469
0.390212 -0.312199 0.359518 0.418581 -0.309224 0.354643
0.389233 -0.312307 0.359692 0.417112 -0.309387 0.354903
0.388255 -0.312416 0.359866 0.416133 -0.309496 0.355077
0.387276 -0.312525 0.36004 0.415154 -0.309605 0.35525
0.386297 -0.312634 0.360214 0.414175 -0.309714 0.355424
0.385319 -0.312742 0.360388 0.413196 -0.309822 0.355597
0.38434 -0.312851 0.360562 0.412217 -0.309931 0.355771
0.383361 -0.31296 0.360736 0.411238 -0.31004 0.355944
0.382382 -0.313069 0.36091 0.41026 -0.310149 0.356118
0.381404 -0.313177 0.361084 0.409281 -0.310258 0.356291
0.380425 -0.313286 0.361258 0.408302 -0.310367 0.356465
0.379446 -0.313395 0.361432 0.407325 -0.310476 0.356638
0.378467 -0.313504 0.361606 0.406347 -0.310585 0.356812
0.377489 -0.313612 0.36178 0.40537 -0.310693 0.356985
0.37651 -0.313721 0.361954 0.404392 -0.310802 0.357158
0.375531 -0.31383 0.362128 0.403415 -0.310911 0.357332
0.374553 -0.313939 0.362302 0.402926 -0.310966 0.357418
0.373574 -0.314047 0.362476 0.401459 -0.311129 0.357678
0.372595 -0.314156 0.36265 0.400481 -0.311238 0.357852
0.371616 -0.314265 0.362824 0.399505 -0.311346 0.358025
0.370638 -0.314374 0.362998 0.39853 -0.311455 0.358198
0.369659 -0.314482 0.363172 0.397555 -0.311564 0.358371
0.36868 -0.314591 0.363346 0.397067 -0.311618 0.358457
0.367701 -0.3147 0.36352 0.396579 -0.311672 0.358544
0.366723 -0.314809 0.363694 0.394628 -0.311889 0.35889
0.365744 -0.314917 0.363868 0.393656 -0.311998 0.359062
0.364765 -0.315026 0.364042 0.392201 -0.312159 0.35932
0.363787 -0.315135 0.364216 0.391231 -0.312267 0.359492
0.362808 -0.315244 0.36439 0.390746 -0.312321 0.359578
0.361829 -0.315352 0.364564 0.389288 -0.312483 0.359836
0.36085 -0.315461 0.364738 0.388802 -0.312538 0.359923
0.359872 -0.31557 0.364912 0.387829 -0.312646 0.360095
0.358893 -0.315679 0.365086 0.386368 -0.312809 0.360354
0.357914 -0.315787 0.36526 0.385394 -0.312917 0.360527
0.356936 -0.315896 0.365434 0.384907 -0.312972 0.360614
0.355957 -0.316005 0.365608 0.383932 -0.31308 0.360787
0.354978 -0.316114 0.365782 0.382957 -0.313189 0.36096
0.353999 -0.316222 0.365956 0.381982 -0.313298 0.361133
0.353021 -0.316331 0.36613 0.381006 -0.313407 0.361306
0.352042 -0.31644 0.366304 0.379541 -0.31357 0.361566
0.351063 -0.316549 0.366478 0.379052 -0.313625 0.361653
0.350084 -0.316657 0.366652 0.378074 -0.313734 0.361826
0.349106 -0.316766 0.366826 0.377096 -0.313843 0.362
0.348127 -0.316875 0.367 0.376117 -0.313953 0.362174
0.347148 -0.316984 0.367174 0.375137 -0.314062 0.362348
0.34617 -0.317092 0.367348 0.374158 -0.314171 0.362522
0.345191 -0.317201 0.367522 0.373178 -0.314281 0.362696
0.344212 -0.31731 0.367696 0.372198 -0.31439 0.36287
0.343233 -0.317419 0.36787 0.371217 -0.3145 0.363044
0.342255 -0.317527 0.368044 0.370237 -0.314609 0.363218
0.341276 -0.317636 0.368218 0.369256 -0.314719 0.363392
0.340297 -0.317745 0.368392 0.368275 -0.314828 0.363566
0.339319 -0.317853 0.368566 0.367294 -0.314938 0.36374
0.33834 -0.317962 0.36874 0.366313 -0.315047 0.363915
0.337361 -0.318071 0.368914 0.365332 -0.315157 0.364089
0.336382 -0.31818 0.369088 0.364351 -0.315266 0.364263
0.335404 -0.318288 0.369262 0.363371 -0.315376 0.364437
0.334425 -0.318397 0.369436 0.362391 -0.315485 0.364611
0.333446 -0.318506 0.36961 0.36141 -0.315595 0.364785
0.332467 -0.318615 0.369784 0.360429 -0.315704 0.364959
0.331489 -0.318723 0.369958 0.359448 -0.315814 0.365133
0.33051 -0.318832 0.370132 0.358467 -0.315923 0.365307
0.329531 -0.318941 0.370306 0.357486 -0.316033 0.365481
0.328553 -0.31905 0.37048 0.356504 -0.316142 0.365655
0.327574 -0.319158 0.370654 0.355523 -0.316252 0.365829
0.326595 -0.319267 0.370828 0.354541 -0.316361 0.366004
0.325616 -0.319376 0.371002 0.35356 -0.316471 0.366178
0.324638 -0.319485 0.371176 0.352578 -0.31658 0.366352
0.323659 -0.319593 0.37135 0.351597 -0.31669 0.366526
0.32268 -0.319702 0.371524 0.350616 -0.316799 0.3667
0.321701 -0.319811 0.371698 0.349634 -0.316909 0.366874
0.320723 -0.31992 0.371872 0.348653 -0.317019 0.367048
0.319744 -0.320028 0.372046 0.347671 -0.317128 0.367222
0.318765 -0.320137 0.372219 0.34669 -0.317238 0.367396
0.317787 -0.320246 0.372393 0.345709 -0.317347 0.367571
0.316808 -0.320355 0.372567 0.344727 -0.317457 0.367745
0.315829 -0.320463 0.372741 0.343746 -0.317566 0.367919
0.31485 -0.320572 0.372915 0.342765 -0.317676 0.368093
0.313872 -0.320681 0.373089 0.341784 -0.317785 0.368267
0.312893 -0.32079 0.373263 0.340803 -0.317894 0.368441
0.311914 -0.320898 0.373437 0.339822 -0.318004 0.368615
0.310936 -0.321007 0.373611 0.339332 -0.318059 0.368702
0.309957 -0.321116 0.373785 0.33786 -0.318223 0.368962
0.308978 -0.321225 0.373959 0.33688 -0.318332 0.369136
0.307999 -0.321333 0.374133 0.336389 -0.318387 0.369223
0.307021 -0.321442 0.374307 0.334919 -0.318551 0.369484
0.306042 -0.321551 0.374481 0.333938 -0.31866 0.369658
0.305063 -0.32166 0.374655 0.332958 -0.31877 0.369832
0.304084 -0.321768 0.374829 0.331977 -0.318879 0.370006
0.303106 -0.321877 0.375003 0.330997 -0.318988 0.37018
0.302127 -0.321986 0.375177 0.330017 -0.319098 0.370353
0.301148 -0.322095 0.375351 0.329037 -0.319207 0.370527
0.30017 -0.322203 0.375525 0.328057 -0.319317 0.370701
0.299191 -0.322312 0.375699 0.327077 -0.319426 0.370875
0.298212 -0.322421 0.375873 0.326097 -0.319535 0.371048
0.297233 -0.32253 0.376047 0.325117 -0.319645 0.371222
0.296255 -0.322638 0.376221 0.324137 -0.319754 0.371396
0.295276 -0.322747 0.376395 0.323157 -0.319863 0.37157
0.294297 -0.322856 0.376569 0.322178 -0.319973 0.371743
0.293319 -0.322965 0.376743 0.321198 -0.320082 0.371917
0.29234 -0.323073 0.376917 0.320218 -0.320191 0.372091
0.291361 -0.323182 0.377091 0.319239 -0.3203 0.372264
0.290382 -0.323291 0.377265 0.318259 -0.32041 0.372438
0.289404 -0.3234 0.377439 0.31728 -0.320519 0.372612
0.288425 -0.323508 0.377613 0.3163 -0.320628 0.372785
0.287446 -0.323617 0.377787 0.315321 -0.320738 0.372959
0.286467 -0.323726 0.377961 0.314341 -0.320847 0.373132
0.285489 -0.323835 0.378135 0.313362 -0.320956 0.373306
0.28451 -0.323943 0.378309 0.312383 -0.321066 0.37348
0.283531 -0.324052 0.378483 0.311404 -0.321175 0.373653
0.282553 -0.324161 0.378657 0.310424 -0.321284 0.373827
0.281574 -0.32427 0.378831 0.309445 -0.321393 0.374001
0.280595 -0.324378 0.379005 0.308466 -0.321503 0.374174
0.279616 -0.324487 0.379179 0.307487 -0.321612 0.374348
0.278638 -0.324596 0.379353 0.306508 -0.321721 0.374521
0.277659 -0.324705 0.379527 0.306018 -0.321776 0.374608
0.27668 -0.324813 0.379701 0.304549 -0.32194 0.374868
0.275701 -0.324922 0.379875 0.30357 -0.322049 0.375042
0.274723 -0.325031 0.380049 0.302591 -0.322158 0.375215
0.273744 -0.32514 0.380223 0.301612 -0.322268 0.375389
0.272765 -0.325248 0.380397 0.300633 -0.322377 0.375563
0.271787 -0.325357 0.380571 0.299654 -0.322486 0.375736
0.270808 -0.325466 0.380745 0.298186 -0.32265 0.375996
0.269829 -0.325575 0.380919 0.297207 -0.322759 0.37617
0.26885 -0.325683 0.381093 0.296229 -0.322869 0.376343
0.267872 -0.325792 0.381267 0.29525 -0.322978 0.376517
0.266893 -0.325901 0.381441 0.294272 -0.323087 0.37669
0.265914 -0.32601 0.381615 0.293295 -0.323196 0.376863
0.264936 -0.326118 0.381789 0.292318 -0.323305 0.377036
0.263957 -0.326227 0.381963 0.291342 -0.323414 0.377209
0.262978 -0.326336 0.382137 0.290855 -0.323468 0.377296
0.261999 -0.326445 0.382311 0.289393 -0.323631 0.377555
0.261021 -0.326553 0.382485 0.28842 -0.32374 0.377727
0.260042 -0.326662 0.382659 0.287447 -0.323848 0.377899
0.259063 -0.326771 0.382833 0.286474 -0.323956 0.378072
0.258084 -0.32688 0.383007 0.285503 -0.324064 0.378244
0.257106 -0.326988 0.383181 0.284532 -0.324173 0.378416
0.256127 -0.327097 0.383355 0.283561 -0.324281 0.378588
0.255148 -0.327206 0.383529 0.283075 -0.324335 0.378674
0.25417 -0.327314 0.383703 0.281619 -0.324497 0.378932
0.253191 -0.327423 0.383877 0.280647 -0.324606 0.379104
0.252212 -0.327532 0.384051 0.279675 -0.324714 0.379276
0.251233 -0.327641 0.384225 0.278702 -0.324823 0.379449
0.250255 -0.327749 0.384399 0.277729 -0.324931 0.379621
0.249276 -0.327858 0.384573 0.277242 -0.324986 0.379707
0.248297 -0.327967 0.384747 0.275783 -0.325148 0.379966
0.247319 -0.328076 0.384921 0.27481 -0.325257 0.380138
0.24634 -0.328184 0.385095 0.273836 -0.325366 0.380311
0.245361 -0.328293 0.385269 0.272862 -0.325475 0.380483
0.244382 -0.328402 0.385443 0.271888 -0.325584 0.380656
0.243404 -0.328511 0.385617 0.270914 -0.325692 0.380829
0.242425 -0.328619 0.385791 0.26994 -0.325801 0.381001
0.241446 -0.328728 0.385965 0.268967 -0.32591 0.381174
0.240467 -0.328837 0.386139 0.267994 -0.326018 0.381346
0.239489 -0.328946 0.386313 0.267021 -0.326127 0.381518
0.23851 -0.329054 0.386487 0.266048 -0.326236 0.381691
0.237531 -0.329163 0.386661 0.265076 -0.326344 0.381863
0.236553 -0.329272 0.386835 0.264106 -0.326452 0.382035
0.235574 -0.329381 0.387009 0.263137 -0.32656 0.382207
0.234595 -0.329489 0.387183 0.262167 -0.326668 0.382378
0.233616 -0.329598 0.387357 0.261198 -0.326776 0.38255
0.232638 -0.329707 0.387531 0.260713 -0.326831 0.382636
0.231659 -0.329816 0.387705 0.25926 -0.326993 0.382893
0.23068 -0.329924 0.387879 0.258294 -0.3271 0.383064
0.229701 -0.330033 0.388053 0.257329 -0.327208 0.383235
0.228723 -0.330142 0.388227 0.256364 -0.327315 0.383406
0.227744 -0.330251 0.388401 0.255398 -0.327423 0.383577
0.226765 -0.330359 0.388575 0.254431 -0.32753 0.383749
0.225787 -0.330468 0.388749 0.253948 -0.327584 0.383834
0.224808 -0.330577 0.388923 0.252499 -0.327746 0.384091
0.223829 -0.330686 0.389097 0.251534 -0.327853 0.384262
0.22285 -0.330794 0.389271 0.250568 -0.327961 0.384433
0.221872 -0.330903 0.389445 0.249602 -0.328069 0.384604
0.220893 -0.331012 0.389619 0.24912 -0.328123 0.384689
0.219914 -0.331121 0.389793 0.247675 -0.328284 0.384945
0.218936 -0.331229 0.389967 0.246713 -0.328391 0.385116
0.217957 -0.331338 0.390141 0.245751 -0.328498 0.385286
0.216978 -0.331447 0.390315 0.24527 -0.328551 0.385371
0.215999 -0.331556 0.390489 0.243829 -0.328712 0.385626
0.215021 -0.331664 0.390663 0.242869 -0.328819 0.385796
0.214042 -0.331773 0.390837 0.242389 -0.328872 0.385881
0.213063 -0.331882 0.391011 0.241429 -0.328979 0.386051
0.212084 -0.331991 0.391185 0.240949 -0.329033 0.386136
0.211106 -0.332099 0.391359 0.239508 -0.329193 0.386392
0.210127 -0.332208 0.391533 0.239028 -0.329247 0.386477
0.209148 -0.332317 0.391707 0.238547 -0.3293 0.386562
0.20817 -0.332426 0.391881 0.237106 -0.329461 0.386817
0.207191 -0.332534 0.392055 0.235658 -0.329623 0.387074
0.206212 -0.332643 0.392229 0.234688 -0.329732 0.387246
0.205233 -0.332752 0.392403 0.233713 -0.329842 0.387419
0.204255 -0.332861 0.392577 0.233224 -0.329897 0.387505
0.203276 -0.332969 0.392751 0.231753 -0.330062 0.387766
0.202297 -0.333078 0.392925 0.230769 -0.330173 0.387941
0.201318 -0.333187 0.393099 0.229783 -0.330284 0.388116
0.20034 -0.333296 0.393273 0.228795 -0.330396 0.388291
0.199361 -0.333404 0.393447 0.227805 -0.330507 0.388467
0.198382 -0.333513 0.393621 0.226814 -0.330619 0.388643
0.197404 -0.333622 0.393795 0.226318 -0.330675 0.388731
0.196425 -0.333731 0.393969 0.224828 -0.330843 0.388995
0.195446 -0.333839 0.394143 0.224331 -0.330899 0.389083
0.194467 -0.333948 0.394317 0.222839 -0.331067 0.389348
0.193489 -0.334057 0.394491 0.222341 -0.331123 0.389437
0.19251 -0.334166 0.394665 0.221345 -0.331235 0.389613
0.191531 -0.334274 0.394839 0.220348 -0.331347 0.38979
0.190553 -0.334383 0.395013 0.219351 -0.33146 0.389967
0.189574 -0.334492 0.395187 0.218354 -0.331572 0.390144
0.188595 -0.334601 0.395361 0.217357 -0.331684 0.390321
0.187616 -0.334709 0.395535 0.215862 -0.331852 0.390586
0.186638 -0.334818 0.395709 0.214865 -0.331963 0.390762
0.185659 -0.334927 0.395883 0.213868 -0.332075 0.390939
0.18468 -0.335036 0.396057 0.212872 -0.332187 0.391116
0.183701 -0.335144 0.396231 0.212374 -0.332242 0.391204
0.182723 -0.335253 0.396405 0.210881 -0.332409 0.391468
0.181744 -0.335362 0.396579 0.209887 -0.332521 0.391645
0.180765 -0.335471 0.396753 0.208892 -0.332632 0.391821
0.179787 -0.335579 0.396927 0.207898 -0.332743 0.391997
0.178808 -0.335688 0.397101 0.207401 -0.332798 0.392085
0.177829 -0.335797 0.397275 0.206406 -0.332909 0.392261
0.17685 -0.335906 0.397449 0.205412 -0.33302 0.392437
0.175872 -0.336014 0.397623 0.204419 -0.333131 0.392613
0.174893 -0.336123 0.397797 0.203922 -0.333187 0.392701
0.173914 -0.336232 0.397971 0.203426 -0.333242 0.392789
0.172936 -0.33634 0.398145 0.20293 -0.333297 0.392877
0.171957 -0.336449 0.398319 0.199468 -0.333683 0.39349
0.170978 -0.336558 0.398493 0.197993 -0.333846 0.393751
0.169999 -0.336667 0.398667 0.197502 -0.333901 0.393838
0.169021 -0.336775 0.398841 0.195544 -0.334118 0.394185
0.168042 -0.336884 0.399015 0.195057 -0.334172 0.394271
0.167063 -0.336993 0.399189 0.194086 -0.334279 0.394443
0.166084 -0.337102 0.399363 0.192635 -0.334439 0.394699
0.165106 -0.33721 0.399537 0.19167 -0.334545 0.39487
0.164127 -0.337319 0.399711 0.191189 -0.334598 0.394955
0.163148 -0.337428 0.399885 0.190228 -0.334704 0.395125
0.16217 -0.337537 0.400059 0.189269 -0.33481 0.395295
0.161191 -0.337645 0.400233 0.188311 -0.334915 0.395464
0.160212 -0.337754 0.400407 0.187355 -0.335021 0.395633
0.159233 -0.337863 0.400581 0.186399 -0.335126 0.395803
0.158255 -0.337972 0.400755 0.185444 -0.335231 0.395971
0.157276 -0.33808 0.400929 0.18449 -0.335337 0.39614
0.156297 -0.338189 0.401103 0.183537 -0.335442 0.396309
0.155318 -0.338298 0.401277 0.182584 -0.335547 0.396478
0.15434 -0.338407 0.401451 0.181631 -0.335653 0.396646
0.153361 -0.338515 0.401625 0.180678 -0.335758 0.396815
0.152382 -0.338624 0.401799 0.179725 -0.335864 0.396984
0.151404 -0.338733 0.401973 0.178771 -0.33597 0.397153
0.150425 -0.338842 0.402147 0.177817 -0.336076 0.397322
0.149446 -0.33895 0.402321 0.176861 -0.336182 0.397491
0.148467 -0.339059 0.402495 0.176384 -0.336235 0.397576
0.147489 -0.339168 0.402669 0.174949 -0.336394 0.39783
0.14651 -0.339277 0.402843 0.173992 -0.336501 0.397999
0.145531 -0.339385 0.403017 0.173035 -0.336608 0.398169
0.144553 -0.339494 0.403191 0.172076 -0.336715 0.398339
0.143574 -0.339603 0.403365 0.171117 -0.336822 0.398509
0.142595 -0.339712 0.403539 0.170157 -0.336929 0.398679
0.141616 -0.33982 0.403713 0.169196 -0.337036 0.398849
0.140638 -0.339929 0.403887 0.168235 -0.337144 0.399019
0.139659 -0.340038 0.404061 0.167273 -0.337251 0.39919
0.13868 -0.340147 0.404235 0.16631 -0.337359 0.399361
0.137701 -0.340255 0.404409 0.165828 -0.337413 0.399446
0.136723 -0.340364 0.404583 0.164382 -0.337574 0.399703
0.135744 -0.340473 0.404757 0.163416 -0.337682 0.399874
0.134765 -0.340582 0.404931 0.162451 -0.337791 0.400045
0.133787 -0.34069 0.405105 0.161484 -0.337899 0.400216
0.132808 -0.340799 0.405279 0.160518 -0.338007 0.400388
0.131829 -0.340908 0.405453 0.15955 -0.338115 0.400559
0.13085 -0.341017 0.405627 0.158582 -0.338224 0.400731
0.129872 -0.341125 0.405801 0.157613 -0.338332 0.400902
0.128893 -0.341234 0.405975 0.156644 -0.338441 0.401074
0.127914 -0.341343 0.406149 0.155674 -0.338549 0.401246
0.126936 -0.341452 0.406323 0.154704 -0.338658 0.401418
0.125957 -0.34156 0.406497 0.153733 -0.338766 0.40159
0.124978 -0.341669 0.406671 0.152762 -0.338875 0.401763
0.123999 -0.341778 0.406845 0.15179 -0.338984 0.401935
0.123021 -0.341887 0.407019 0.150818 -0.339093 0.402107
0.122042 -0.341995 0.407193 0.150332 -0.339147 0.402193
0.121063 -0.342104 0.407367 0.148873 -0.33931 0.402452
0.120084 -0.342213 0.407541 0.147899 -0.339419 0.402625
0.119106 -0.342322 0.407715 0.146926 -0.339528 0.402797
0.118127 -0.34243 0.407889 0.145952 -0.339637 0.40297
0.117148 -0.342539 0.408063 0.144977 -0.339746 0.403143
0.11617 -0.342648 0.408237 0.144002 -0.339855 0.403316
0.115191 -0.342757 0.408411 0.143027 -0.339964 0.403489
0.114212 -0.342865 0.408585 0.142539 -0.340019 0.403575
0.113233 -0.342974 0.408759 0.141076 -0.340182 0.403835
0.112255 -0.343083 0.408933 0.1401 -0.340291 0.404008
0.111276 -0.343192 0.409107 0.139124 -0.3404 0.404181
0.110297 -0.3433 0.40928 0.138148 -0.340509 0.404354
0.109318 -0.343409 0.409454 0.137171 -0.340618 0.404527
0.10834 -0.343518 0.409628 0.136682 -0.340673 0.404614
0.107361 -0.343627 0.409802 0.135217 -0.340837 0.404874
0.106382 -0.343735 0.409976 0.13424 -0.340946 0.405047
0.105404 -0.343844 0.41015 0.133262 -0.341055 0.40522
0.104425 -0.343953 0.410324 0.132285 -0.341164 0.405394
0.103446 -0.344062 0.410498 0.131307 -0.341273 0.405567
0.102467 -0.34417 0.410672 0.130819 -0.341328 0.405654
0.101489 -0.344279 0.410846 0.129352 -0.341491 0.405914
0.10051 -0.344388 0.41102 0.128375 -0.3416 0.406087
0.0995313 -0.344497 0.411194 0.127397 -0.341709 0.40626
0.0985525 -0.344605 0.411368 0.126908 -0.341764 0.406347
0.0975738 -0.344714 0.411542 0.125442 -0.341927 0.406607
0.0965951 -0.344823 0.411716 0.124464 -0.342036 0.406781
0.0956164 -0.344932 0.41189 0.123486 -0.342145 0.406954
0.0946376 -0.34504 0.412064 0.122509 -0.342254 0.407128
0.0936589 -0.345149 0.412238 0.121531 -0.342363 0.407301
0.0926802 -0.345258 0.412412 0.120553 -0.342472 0.407474
0.0917015 -0.345367 0.412586 0.120064 -0.342526 0.407561
0.0907227 -0.345475 0.41276 0.118597 -0.34269 0.407821
0.089744 -0.345584 0.412934 0.117619 -0.342799 0.407995
0.0887653 -0.345693 0.413108 0.116641 -0.342907 0.408168
0.0877866 -0.345801 0.413282 0.115663 -0.343016 0.408342
0.0868078 -0.34591 0.413456 0.114684 -0.343126 0.408516
0.0858291 -0.346019 0.41363 0.113705 -0.343235 0.408689
0.0848504 -0.346128 0.413804 0.112725 -0.343344 0.408863
0.0838717 -0.346236 0.413978 0.111746 -0.343453 0.409037
0.082893 -0.346345 0.414152 0.110767 -0.343562 0.40921
0.0819142 -0.346454 0.414326 0.109788 -0.343671 0.409384
0.0809355 -0.346563 0.4145 0.108809 -0.34378 0.409558
0.0799568 -0.346671 0.414674 0.10783 -0.343889 0.409732
0.0789781 -0.34678 0.414848 0.106851 -0.343998 0.409905
0.0779993 -0.346889 0.415022 0.105872 -0.344107 0.410079
0.0770206 -0.346998 0.415196 0.104894 -0.344215 0.410253
0.0760419 -0.347106 0.41537 0.103915 -0.344324 0.410426
0.0750632 -0.347215 0.415544 0.102937 -0.344433 0.4106
0.0740844 -0.347324 0.415718 0.101959 -0.344542 0.410773
0.0731057 -0.347433 0.415892 0.10098 -0.344651 0.410947
0.072127 -0.347541 0.416066 0.100002 -0.344759 0.411121
0.0711483 -0.34765 0.41624 0.0990241 -0.344868 0.411294
0.0701695 -0.347759 0.416414 0.0980461 -0.344977 0.411468
0.0691908 -0.347868 0.416588 0.0970681 -0.345086 0.411641
0.0682121 -0.347976 0.416762 0.0960901 -0.345194 0.411815
0.0672334 -0.348085 0.416936 0.0951121 -0.345303 0.411989
0.0662547 -0.348194 0.41711 0.0941342 -0.345412 0.412162
0.0652759 -0.348303 0.417284 0.0931563 -0.345521 0.412336
0.0642972 -0.348411 0.417458 0.0921784 -0.345629 0.412509
0.0633185 -0.34852 0.417632 0.0912006 -0.345738 0.412683
0.0623398 -0.348629 0.417806 0.0902227 -0.345847 0.412856
0.061361 -0.348738 0.41798 0.0892449 -0.345955 0.41303
0.0603823 -0.348846 0.418154 0.088267 -0.346064 0.413204
0.0594036 -0.348955 0.418328 0.0872892 -0.346173 0.413377
0.0584249 -0.349064 0.418502 0.0863114 -0.346281 0.413551
0.0574461 -0.349173 0.418676 0.0853336 -0.34639 0.413725
0.0564674 -0.349281 0.41885 0.0843558 -0.346499 0.413898
0.0554887 -0.34939 0.419024 0.083378 -0.346608 0.414072
0.05451 -0.349499 0.419198 0.0828891 -0.346662 0.414159
0.0535312 -0.349608 0.419372 0.0814223 -0.346825 0.414419
0.0525525 -0.349716 0.419546 0.0804448 -0.346934 0.414593
0.0515738 -0.349825 0.41972 0.079468 -0.347042 0.414766
0.0505951 -0.349934 0.419894 0.0784919 -0.34715 0.41494
0.0496164 -0.350043 0.420068 0.0775159 -0.347259 0.415113
0.0486376 -0.350151 0.420242 0.0765396 -0.347367 0.415286
0.0476589 -0.35026 0.420416 0.0755631 -0.347476 0.41546
0.0466802 -0.350369 0.42059 0.0745864 -0.347584 0.415633
0.0457015 -0.350478 0.420764 0.0736095 -0.347693 0.415807
0.0447227 -0.350586 0.420938 0.0726325 -0.347801 0.41598
0.043744 -0.350695 0.421112 0.0716553 -0.34791 0.416154
0.0427653 -0.350804 0.421286 0.070678 -0.348018 0.416328
0.0417866 -0.350913 0.42146 0.0697006 -0.348127 0.416501
0.0408078 -0.351021 0.421634 0.068723 -0.348236 0.416675
0.0398291 -0.35113 0.421808 0.0677453 -0.348344 0.416849
0.0388504 -0.351239 0.421982 0.0672565 -0.348399 0.416935
0.0378717 -0.351348 0.422156 0.0657898 -0.348562 0.417196
0.0368929 -0.351456 0.42233 0.0648119 -0.34867 0.41737
0.0359142 -0.351565 0.422504 0.0638339 -0.348779 0.417544
0.0349355 -0.351674 0.422678 0.0628559 -0.348888 0.417717
0.0339568 -0.351783 0.422852 0.0618778 -0.348996 0.417891
0.0329781 -0.351891 0.423026 0.0608997 -0.349105 0.418065
0.0319993 -0.352 0.4232 0.0604106 -0.349159 0.418152
0.0310206 -0.352109 0.423374 0.0589433 -0.349322 0.418413
0.0300419 -0.352218 0.423548 0.0579647 -0.349431 0.418587
0.0290632 -0.352326 0.423722 0.0569858 -0.34954 0.418761
0.0280844 -0.352435 0.423896 0.0560069 -0.349649 0.418935
0.0271057 -0.352544 0.42407 0.055028 -0.349758 0.419109
0.026127 -0.352653 0.424244 0.0540489 -0.349866 0.419283
0.0251483 -0.352761 0.424418 0.0535593 -0.349921 0.41937
0.0241695 -0.35287 0.424592 0.0530696 -0.349975 0.419457
0.0231908 -0.352979 0.424766 0.0511113 -0.350193 0.419805
0.0222121 -0.353088 0.42494 0.0501323 -0.350302 0.419979
0.0212334 -0.353196 0.425114 0.0491534 -0.35041 0.420153
0.0202546 -0.353305 0.425288 0.0481745 -0.350519 0.420327
0.0192759 -0.353414 0.425462 0.0471956 -0.350628 0.420501
0.0182972 -0.353523 0.425636 0.0462165 -0.350737 0.420676
0.0173185 -0.353631 0.42581 0.0457269 -0.350791 0.420763
0.0163398 -0.35374 0.425984 0.0442581 -0.350954 0.421024
0.015361 -0.353849 0.426158 0.043279 -0.351063 0.421198
0.0143823 -0.353958 0.426332 0.0422997 -0.351172 0.421372
0.0134036 -0.354066 0.426506 0.0413203 -0.35128 0.421546
0.0124249 -0.354175 0.42668 0.0403408 -0.351389 0.42172
0.0114461 -0.354284 0.426854 0.0393613 -0.351498 0.421895
0.0104674 -0.354393 0.427028 0.0383818 -0.351607 0.422069
0.00948869 -0.354501 0.427202 0.0374021 -0.351716 0.422243
0.00850996 -0.35461 0.427376 0.0364224 -0.351824 0.422417
0.00753124 -0.354719 0.42755 0.0354427 -0.351933 0.422592
0.00655252 -0.354827 0.427724 0.0344631 -0.352042 0.422766
0.00557379 -0.354936 0.427898 0.0334838 -0.352151 0.42294
0.00459507 -0.355045 0.428072 0.0325045 -0.352259 0.423115
0.00361635 -0.355154 0.428246 0.0315253 -0.352368 0.423289
0.00263762 -0.355262 0.42842 0.0305463 -0.352477 0.423463
0.0016589 -0.355371 0.428594 0.0300569 -0.352531 0.42355
0.000680176 -0.35548 0.428768 0.028589 -0.352694 0.423811
-0.000298548 -0.355589 0.428942 0.0276107 -0.352802 0.423985
-0.00127727 -0.355697 0.429116 0.0266325 -0.352911 0.424159
-0.00225599 -0.355806 0.42929 0.0256544 -0.353019 0.424333
-0.00323472 -0.355915 0.429464 0.0246766 -0.353128 0.424507
-0.00421344 -0.356024 0.429638 0.0241876 -0.353182 0.424594
-0.00519217 -0.356132 0.429812 0.0227209 -0.353345 0.424855
-0.00617089 -0.356241 0.429986 0.0222319 -0.353399 0.424943
-0.00714961 -0.35635 0.43016 0.0207651 -0.353562 0.425204
-0.00812834 -0.356459 0.430334 0.0197874 -0.35367 0.425378
-0.00910706 -0.356567 0.430508 0.0188098 -0.353779 0.425552
-0.0100858 -0.356676 0.430682 0.0183211 -0.353833 0.425639
-0.0110645 -0.356785 0.430856 0.0168549 -0.353995 0.4259
-0.0120432 -0.356894 0.43103 0.0158776 -0.354104 0.426074
-0.013022 -0.357002 0.431204 0.0149003 -0.354212 0.426248
-0.0140007 -0.357111 0.431378 0.0139231 -0.35432 0.426422
-0.0149794 -0.35722 0.431552 0.0129459 -0.354429 0.426596
-0.0159581 -0.357329 0.431726 0.0119687 -0.354537 0.42677
-0.0169368 -0.357437 0.4319 0.0109916 -0.354646 0.426944
-0.0179156 -0.357546 0.432074 0.010503 -0.3547 0.427031
-0.0188943 -0.357655 0.432248 0.00903739 -0.354862 0.427292
-0.019873 -0.357764 0.432422 0.00806031 -0.354971 0.427466
-0.0208517 -0.357872 0.432596 0.00708324 -0.355079 0.42764
-0.0218305 -0.357981 0.43277 0.00659471 -0.355133 0.427727
-0.0228092 -0.35809 0.432944 0.00512911 -0.355296 0.427988
-0.0237879 -0.358199 0.433118 0.00415203 -0.355404 0.428162
-0.0247666 -0.358307 0.433292 0.00317495 -0.355513 0.428336
-0.0257454 -0.358416 0.433466 0.00219787 -0.355621 0.42851
-0.0267241 -0.358525 0.43364 0.00122077 -0.355729 0.428684
-0.0277028 -0.358634 0.433814 0.000732211 -0.355784 0.428771
-0.0286815 -0.358742 0.433988 -0.000733478 -0.355946 0.429032
-0.0296603 -0.358851 0.434162 -0.00171063 -0.356055 0.429206
-0.030639 -0.35896 0.434336 -0.00268779 -0.356163 0.42938
-0.0316177 -0.359069 0.43451 -0.00366498 -0.356271 0.429554
-0.0325964 -0.359177 0.434684 -0.00464218 -0.35638 0.429728
-0.0335751 -0.359286 0.434858 -0.0056194 -0.356488 0.429902
-0.0345539 -0.359395 0.435032 -0.00659665 -0.356597 0.430076
-0.0355326 -0.359504 0.435206 -0.00757391 -0.356705 0.43025
-0.0365113 -0.359612 0.43538 -0.0085512 -0.356813 0.430424
-0.03749 -0.359721 0.435554 -0.00952851 -0.356922 0.430599
-0.0384688 -0.35983 0.435728 -0.0105058 -0.35703 0.430773
-0.0394475 -0.359939 0.435902 -0.0114832 -0.357139 0.430947
-0.0404262 -0.360047 0.436076 -0.0124606 -0.357247 0.431121
-0.0414049 -0.360156 0.43625 -0.0134379 -0.357356 0.431295
-0.0423837 -0.360265 0.436424 -0.0139266 -0.35741 0.431382
-0.0433624 -0.360374 0.436598 -0.0153928 -0.357572 0.431643
-0.0443411 -0.360482 0.436772 -0.0163702 -0.357681 0.431818
-0.0453198 -0.360591 0.436946 -0.0173477 -0.357789 0.431992
-0.0462986 -0.3607 0.43712 -0.0183252 -0.357898 0.432166
-0.0472773 -0.360809 0.437294 -0.0193027 -0.358006 0.43234
-0.048256 -0.360917 0.437468 -0.0202802 -0.358115 0.432514
-0.0492347 -0.361026 0.437642 -0.0212577 -0.358223 0.432689
-0.0502134 -0.361135 0.437816 -0.0222352 -0.358332 0.432863
-0.0511922 -0.361244 0.43799 -0.0232128 -0.35844 0.433037
-0.0521709 -0.361352 0.438164 -0.0241903 -0.358549 0.433211
-0.0531496 -0.361461 0.438338 -0.0251679 -0.358657 0.433386
-0.0541283 -0.36157 0.438512 -0.0261455 -0.358765 0.43356
-0.0551071 -0.361679 0.438686 -0.0266343 -0.35882 0.433647
-0.0560858 -0.361787 0.43886 -0.0281008 -0.358982 0.433908
-0.0570645 -0.361896 0.439034 -0.0285896 -0.359037 0.433996
-0.0580432 -0.362005 0.439208 -0.0300561 -0.359199 0.434257
-0.059022 -0.362114 0.439382 -0.0310338 -0.359308 0.434431
-0.0600007 -0.362222 0.439556 -0.0320115 -0.359416 0.434606
-0.0609794 -0.362331 0.43973 -0.0329892 -0.359525 0.43478
-0.0619581 -0.36244 0.439904 -0.0339669 -0.359633 0.434954
-0.0629369 -0.362549 0.440078 -0.0349446 -0.359742 0.435128
-0.0639156 -0.362657 0.440252 -0.0359223 -0.35985 0.435303
-0.0648943 -0.362766 0.440426 -0.0369 -0.359959 0.435477
-0.065873 -0.362875 0.4406 -0.0378778 -0.360067 0.435651
-0.0668517 -0.362984 0.440774 -0.0388555 -0.360176 0.435826
-0.0678305 -0.363092 0.440948 -0.0398333 -0.360284 0.436
-0.0688092 -0.363201 0.441122 -0.0408111 -0.360393 0.436174
-0.0697879 -0.36331 0.441296 -0.0417889 -0.360501 0.436349
-0.0707666 -0.363419 0.44147 -0.0427667 -0.36061 0.436523
-0.0717454 -0.363527 0.441644 -0.0437444 -0.360718 0.436697
-0.0727241 -0.363636 0.441818 -0.0447222 -0.360827 0.436872
-0.0737028 -0.363745 0.441992 -0.0457001 -0.360935 0.437046
-0.0746815 -0.363854 0.442166 -0.0466779 -0.361044 0.437221
-0.0756603 -0.363962 0.44234 -0.0476557 -0.361152 0.437395
-0.076639 -0.364071 0.442514 -0.0486335 -0.36126 0.437569
-0.0776177 -0.36418 0.442688 -0.0496113 -0.361369 0.437744
-0.0785964 -0.364288 0.442862 -0.0505892 -0.361477 0.437918
-0.0795752 -0.364397 0.443036 -0.051567 -0.361586 0.438092
-0.0805539 -0.364506 0.44321 -0.0525449 -0.361694 0.438267
-0.0815326 -0.364615 0.443384 -0.0535227 -0.361803 0.438441
-0.0825113 -0.364723 0.443558 -0.0544995 -0.361911 0.438615
-0.08349 -0.364832 0.443732 -0.055473 -0.362019 0.438789
-0.0844688 -0.364941 0.443906 -0.0564436 -0.362126 0.438962
-0.0854475 -0.36505 0.44408 -0.0574136 -0.362233 0.439135
-0.0864262 -0.365158 0.444254 -0.058384 -0.362341 0.439308
-0.0874049 -0.365267 0.444428 -0.0593553 -0.362448 0.439481
-0.0883837 -0.365376 0.444602 -0.0598413 -0.362502 0.439568
-0.0893624 -0.365485 0.444776 -0.0613005 -0.362664 0.439828
-0.0903411 -0.365593 0.44495 -0.0622743 -0.362772 0.440002
-0.0913198 -0.365702 0.445124 -0.0632487 -0.36288 0.440176
-0.0922986 -0.365811 0.445298 -0.0642238 -0.362988 0.440349
-0.0932773 -0.36592 0.445472 -0.0651994 -0.363096 0.440523
-0.094256 -0.366028 0.445646 -0.0661756 -0.363205 0.440698
-0.0952347 -0.366137 0.44582 -0.0671522 -0.363313 0.440872
-0.0962135 -0.366246 0.445994 -0.0681293 -0.363422 0.441046
-0.0971922 -0.366355 0.446167 -0.0691068 -0.36353 0.441221
-0.0981709 -0.366463 0.446341 -0.0700841 -0.363639 0.441395
-0.0991496 -0.366572 0.446515 -0.0710606 -0.363747 0.441569
-0.100128 -0.366681 0.446689 -0.0720362 -0.363855 0.441743
-0.101107 -0.36679 0.446863 -0.073012 -0.363964 0.441917
-0.102086 -0.366898 0.447037 -0.0739883 -0.364072 0.442091
-0.103065 -0.367007 0.447211 -0.074965 -0.364181 0.442266
-0.104043 -0.367116 0.447385 -0.0759422 -0.364289 0.44244
-0.105022 -0.367225 0.447559 -0.0769197 -0.364398 0.442614
-0.106001 -0.367333 0.447733 -0.0778965 -0.364506 0.442789
-0.106979 -0.367442 0.447907 -0.0788706 -0.364614 0.442962
-0.107958 -0.367551 0.448081 -0.0798423 -0.364722 0.443136
-0.108937 -0.36766 0.448255 -0.0808141 -0.364829 0.443309
-0.109916 -0.367768 0.448429 -0.0817868 -0.364937 0.443482
-0.110894 -0.367877 0.448603 -0.0827605 -0.365045 0.443656
-0.111873 -0.367986 0.448777 -0.083735 -0.365153 0.44383
-0.112852 -0.368095 0.448951 -0.0847104 -0.365261 0.444004
-0.11383 -0.368203 0.449125 -0.0856865 -0.36537 0.444178
-0.114809 -0.368312 0.449299 -0.0866631 -0.365478 0.444352
-0.115788 -0.368421 0.449473 -0.0876403 -0.365587 0.444527
-0.116767 -0.36853 0.449647 -0.0886179 -0.365695 0.444701
-0.117745 -0.368638 0.449821 -0.0895959 -0.365804 0.444876
-0.118724 -0.368747 0.449995 -0.0905742 -0.365913 0.44505
-0.119703 -0.368856 0.450169 -0.0915528 -0.366022 0.445225
-0.120682 -0.368965 0.450343 -0.0925316 -0.36613 0.445399
-0.12166 -0.369073 0.450517 -0.0939977 -0.366293 0.445661
-0.122639 -0.369182 0.450691 -0.0944848 -0.366347 0.445748
-0.123618 -0.369291 0.450865 -0.0954575 -0.366455 0.445921
-0.124596 -0.3694 0.451039 -0.0964302 -0.366563 0.446095
-0.125575 -0.369508 0.451213 -0.0974038 -0.366671 0.446268
-0.126554 -0.369617 0.451387 -0.0988655 -0.366833 0.446529
-0.127533 -0.369726 0.451561 -0.0993527 -0.366887 0.446616
-0.128511 -0.369835 0.451735 -0.100327 -0.366995 0.44679
-0.12949 -0.369943 0.451909 -0.1013 -0.367103 0.446963
-0.130469 -0.370052 0.452083 -0.102274 -0.367211 0.447137
-0.131447 -0.370161 0.452257 -0.102762 -0.367265 0.447224
-0.132426 -0.37027 0.452431 -0.104225 -0.367427 0.447485
-0.133405 -0.370378 0.452605 -0.105202 -0.367536 0.44766
-0.134384 -0.370487 0.452779 -0.10618 -0.367644 0.447834
-0.135362 -0.370596 0.452953 -0.107159 -0.367753 0.448009
-0.136341 -0.370705 0.453127 -0.108139 -0.367862 0.448184
-0.13732 -0.370813 0.453301 -0.109119 -0.367971 0.448358
-0.138299 -0.370922 0.453475 -0.110099 -0.36808 0.448533
-0.139277 -0.371031 0.453649 -0.11059 -0.368135 0.448621
-0.140256 -0.37114 0.453823 -0.11157 -0.368244 0.448796
-0.141235 -0.371248 0.453997 -0.112551 -0.368353 0.448971
-0.142213 -0.371357 0.454171 -0.113532 -0.368462 0.449146
-0.143192 -0.371466 0.454345 -0.114513 -0.368571 0.449321
-0.144171 -0.371575 0.454519 -0.115495 -0.36868 0.449496
-0.14515 -0.371683 0.454693 -0.116478 -0.36879 0.449672
-0.146128 -0.371792 0.454867 -0.117461 -0.368899 0.449847
-0.147107 -0.371901 0.455041 -0.118445 -0.369009 0.450023
-0.148086 -0.37201 0.455215 -0.11943 -0.369118 0.450199
-0.149065 -0.372118 0.455389 -0.120414 -0.369228 0.450374
-0.150043 -0.372227 0.455563 -0.121398 -0.369337 0.45055
-0.151022 -0.372336 0.455737 -0.12189 -0.369392 0.450638
-0.152001 -0.372445 0.455911 -0.123366 -0.369556 0.450901
-0.152979 -0.372553 0.456085 -0.123858 -0.369611 0.450989
-0.153958 -0.372662 0.456259 -0.125335 -0.369775 0.451252
-0.154937 -0.372771 0.456433 -0.125829 -0.36983 0.451341
-0.155916 -0.37288 0.456607 -0.127316 -0.369996 0.451606
-0.156894 -0.372988 0.456781 -0.12831 -0.370107 0.451784
-0.157873 -0.373097 0.456955 -0.129305 -0.370218 0.451961
-0.158852 -0.373206 0.457129 -0.130298 -0.370329 0.452139
-0.15983 -0.373314 0.457303 -0.131289 -0.370439 0.452316
-0.160809 -0.373423 0.457477 -0.13228 -0.370549 0.452492
-0.161788 -0.373532 0.457651 -0.133268 -0.370659 0.452669
-0.162767 -0.373641 0.457825 -0.133762 -0.370714 0.452757
-0.163745 -0.373749 0.457999 -0.135242 -0.370878 0.453021
-0.164724 -0.373858 0.458173 -0.136227 -0.370987 0.453196
-0.165703 -0.373967 0.458347 -0.137211 -0.371096 0.453372
-0.166682 -0.374076 0.458521 -0.138196 -0.371206 0.453547
-0.16766 -0.374184 0.458695 -0.13918 -0.371315 0.453723
-0.168639 -0.374293 0.458869 -0.140163 -0.371423 0.453898
-0.169618 -0.374402 0.459043 -0.141147 -0.371532 0.454073
-0.170596 -0.374511 0.459217 -0.141639 -0.371587 0.454161
-0.171575 -0.374619 0.459391 -0.142623 -0.371696 0.454337
-0.172554 -0.374728 0.459565 -0.143608 -0.371805 0.454512
-0.173533 -0.374837 0.459739 -0.144592 -0.371914 0.454688
-0.174511 -0.374946 0.459913 -0.145576 -0.372023 0.454863
-0.17549 -0.375054 0.460087 -0.146559 -0.372132 0.455039
-0.176469 -0.375163 0.460261 -0.147546 -0.372242 0.455215
-0.177448 -0.375272 0.460435 -0.148041 -0.372297 0.455303
-0.178426 -0.375381 0.460609 -0.149032 -0.372407 0.45548
-0.179405 -0.375489 0.460783 -0.150026 -0.372518 0.455657
-0.180384 -0.375598 0.460957 -0.151022 -0.372629 0.455835
-0.181362 -0.375707 0.461131 -0.152019 -0.372741 0.456013
-0.182341 -0.375816 0.461305 -0.153019 -0.372852 0.456192
-0.18332 -0.375924 0.461479 -0.154021 -0.372964 0.456371
-0.184299 -0.376033 0.461653 -0.154523 -0.37302 0.456461
-0.185277 -0.376142 0.461827 -0.155025 -0.373077 0.45655
-0.186256 -0.376251 0.462001 -0.157537 -0.373358 0.456999
-0.187235 -0.376359 0.462175 -0.158041 -0.373414 0.457089
-0.188213 -0.376468 0.462349 -0.159049 -0.373527 0.457269
-0.189192 -0.376577 0.462523 -0.16006 -0.37364 0.45745
-0.190171 -0.376686 0.462697 -0.161071 -0.373753 0.457631
-0.19115 -0.376794 0.462871 -0.161576 -0.373809 0.457721
-0.192128 -0.376903 0.463045 -0.163092 -0.373979 0.457991
-0.193107 -0.377012 0.463219 -0.163597 -0.374035 0.458082
-0.194086 -0.377121 0.463393 -0.165615 -0.37426 0.458442
-0.195065 -0.377229 0.463567 -0.166623 -0.374372 0.458622
-0.196043 -0.377338 0.463741 -0.167631 -0.374484 0.458802
-0.197022 -0.377447 0.463915 -0.168636 -0.374596 0.458981
-0.198001 -0.377556 0.464089 -0.169138 -0.374652 0.459071
-0.198979 -0.377664 0.464263 -0.170642 -0.374818 0.459339
-0.199958 -0.377773 0.464437 -0.171643 -0.374929 0.459517
-0.200937 -0.377882 0.464611 -0.172643 -0.37504 0.459695
-0.201916 -0.377991 0.464785 -0.173641 -0.37515 0.459873
-0.202894 -0.378099 0.464959 -0.174637 -0.37526 0.46005
-0.203873 -0.378208 0.465133 -0.175135 -0.375315 0.460139
-0.204852 -0.378317 0.465307 -0.17613 -0.375425 0.460316
-0.20583 -0.378426 0.465481 -0.17762 -0.37559 0.460582
-0.206809 -0.378534 0.465655 -0.178116 -0.375644 0.46067
-0.207788 -0.378643 0.465829 -0.179603 -0.375808 0.460935
-0.208767 -0.378752 0.466003 -0.180591 -0.375917 0.461111
-0.209745 -0.378861 0.466177 -0.181572 -0.376025 0.461285
-0.210724 -0.378969 0.466351 -0.182546 -0.376132 0.461458
-0.211703 -0.379078 0.466525 -0.18352 -0.376238 0.461631
-0.212682 -0.379187 0.466699 -0.184494 -0.376345 0.461804
-0.21366 -0.379296 0.466873 -0.185469 -0.376452 0.461978
-0.214639 -0.379404 0.467047 -0.186445 -0.37656 0.462151
-0.215618 -0.379513 0.467221 -0.187422 -0.376667 0.462325
-0.216596 -0.379622 0.467395 -0.1884 -0.376775 0.462499
-0.217575 -0.379731 0.467569 -0.189378 -0.376883 0.462673
-0.218554 -0.379839 0.467743 -0.190356 -0.376991 0.462848
-0.219533 -0.379948 0.467917 -0.191335 -0.377099 0.463022
-0.220511 -0.380057 0.468091 -0.192315 -0.377207 0.463196
-0.22149 -0.380166 0.468265 -0.193295 -0.377316 0.463371
-0.222469 -0.380274 0.468439 -0.194275 -0.377424 0.463546
-0.223448 -0.380383 0.468613 -0.195255 -0.377533 0.46372
-0.224426 -0.380492 0.468787 -0.196236 -0.377642 0.463895
-0.225405 -0.380601 0.468961 -0.197217 -0.377751 0.46407
-0.226384 -0.380709 0.469135 -0.198198 -0.377859 0.464245
-0.227362 -0.380818 0.469309 -0.198689 -0.377914 0.464332
-0.228341 -0.380927 0.469483 -0.19918 -0.377968 0.46442
-0.22932 -0.381036 0.469657 -0.201143 -0.378186 0.46477
-0.230299 -0.381144 0.469831 -0.202125 -0.378295 0.464945
-0.231277 -0.381253 0.470005 -0.202616 -0.37835 0.465032
-0.232256 -0.381362 0.470179 -0.204088 -0.378513 0.465295
-0.233235 -0.381471 0.470353 -0.206039 -0.378729 0.465642
-0.234213 -0.381579 0.470527 -0.20701 -0.378836 0.465815
-0.235192 -0.381688 0.470701 -0.207976 -0.378942 0.465987
-0.236171 -0.381797 0.470875 -0.208937 -0.379048 0.466158
-0.23715 -0.381906 0.471049 -0.209893 -0.379153 0.466327
-0.238128 -0.382014 0.471223 -0.210846 -0.379257 0.466497
-0.239107 -0.382123 0.471397 -0.211799 -0.379362 0.466666
-0.240086 -0.382232 0.471571 -0.212752 -0.379466 0.466835
-0.241065 -0.382341 0.471745 -0.213704 -0.379571 0.467004
-0.242043 -0.382449 0.471919 -0.214655 -0.379675 0.467173
-0.243022 -0.382558 0.472093 -0.215131 -0.379728 0.467258
-0.244001 -0.382667 0.472267 -0.216559 -0.379885 0.467512
-0.244979 -0.382775 0.472441 -0.217511 -0.37999 0.467681
-0.245958 -0.382884 0.472615 -0.218464 -0.380095 0.467851
-0.246937 -0.382993 0.472789 -0.219417 -0.3802 0.46802
-0.247916 -0.383102 0.472963 -0.219893 -0.380253 0.468105
-0.248894 -0.38321 0.473137 -0.221324 -0.380411 0.46836
-0.249873 -0.383319 0.473311 -0.222278 -0.380517 0.46853
-0.250852 -0.383428 0.473485 -0.223233 -0.380622 0.4687
-0.25183 -0.383537 0.473659 -0.224189 -0.380728 0.46887
-0.252809 -0.383645 0.473833 -0.225145 -0.380834 0.46904
-0.253788 -0.383754 0.474007 -0.226101 -0.380941 0.469211
-0.254767 -0.383863 0.474181 -0.227059 -0.381047 0.469381
-0.255745 -0.383972 0.474355 -0.228496 -0.381207 0.469637
-0.256724 -0.38408 0.474529 -0.229455 -0.381313 0.469808
-0.257703 -0.384189 0.474703 -0.229934 -0.381366 0.469894
-0.258682 -0.384298 0.474877 -0.230894 -0.381473 0.470065
-0.25966 -0.384407 0.475051 -0.231855 -0.38158 0.470236
-0.260639 -0.384515 0.475225 -0.232816 -0.381687 0.470408
-0.261618 -0.384624 0.475399 -0.233777 -0.381794 0.470579
-0.262596 -0.384733 0.475573 -0.23474 -0.381901 0.470751
-0.263575 -0.384842 0.475747 -0.235703 -0.382008 0.470922
-0.264554 -0.38495 0.475921 -0.236667 -0.382116 0.471094
-0.265533 -0.385059 0.476095 -0.237632 -0.382223 0.471267
-0.266511 -0.385168 0.476269 -0.238597 -0.382331 0.471439
-0.26749 -0.385277 0.476443 -0.239564 -0.382439 0.471611
-0.268469 -0.385385 0.476617 -0.240531 -0.382546 0.471784
-0.269448 -0.385494 0.476791 -0.241499 -0.382654 0.471956
-0.270426 -0.385603 0.476965 -0.242467 -0.382762 0.472129
-0.271405 -0.385712 0.477139 -0.243436 -0.38287 0.472302
-0.272384 -0.38582 0.477313 -0.244406 -0.382979 0.472475
-0.273362 -0.385929 0.477487 -0.245376 -0.383087 0.472648
-0.274341 -0.386038 0.477661 -0.246347 -0.383195 0.472821
-0.27532 -0.386147 0.477835 -0.247319 -0.383303 0.472995
-0.276299 -0.386255 0.478009 -0.248291 -0.383412 0.473168
-0.277277 -0.386364 0.478183 -0.249263 -0.38352 0.473341
-0.278256 -0.386473 0.478357 -0.250236 -0.383629 0.473515
-0.279235 -0.386582 0.478531 -0.25121 -0.383737 0.473689
-0.280213 -0.38669 0.478705 -0.252184 -0.383846 0.473862
-0.281192 -0.386799 0.478879 -0.253158 -0.383954 0.474036
-0.282171 -0.386908 0.479053 -0.254132 -0.384063 0.47421
-0.28315 -0.387017 0.479227 -0.255107 -0.384171 0.474384
-0.284128 -0.387125 0.479401 -0.256083 -0.38428 0.474558
-0.285107 -0.387234 0.479575 -0.257058 -0.384389 0.474732
-0.286086 -0.387343 0.479749 -0.258034 -0.384497 0.474906
-0.287065 -0.387452 0.479923 -0.25901 -0.384606 0.47508
-0.288043 -0.38756 0.480097 -0.259987 -0.384715 0.475254
-0.289022 -0.387669 0.480271 -0.260963 -0.384823 0.475428
-0.290001 -0.387778 0.480445 -0.26194 -0.384932 0.475602
-0.290979 -0.387887 0.480619 -0.262917 -0.385041 0.475776
-0.291958 -0.387995 0.480793 -0.263894 -0.385149 0.47595
-0.292937 -0.388104 0.480967 -0.264872 -0.385258 0.476125
-0.293916 -0.388213 0.481141 -0.26585 -0.385367 0.476299
-0.294894 -0.388322 0.481315 -0.266827 -0.385476 0.476473
-0.295873 -0.38843 0.481489 -0.267805 -0.385584 0.476647
-0.296852 -0.388539 0.481663 -0.268784 -0.385693 0.476822
-0.29783 -0.388648 0.481837 -0.269762 -0.385802 0.476996
-0.298809 -0.388757 0.482011 -0.27074 -0.385911 0.47717
-0.299788 -0.388865 0.482185 -0.271719 -0.386019 0.477345
-0.300767 -0.388974 0.482359 -0.272698 -0.386128 0.477519
-0.301745 -0.389083 0.482533 -0.273677 -0.386237 0.477694
-0.302724 -0.389192 0.482707 -0.274656 -0.386346 0.477868
-0.303703 -0.3893 0.482881 -0.275635 -0.386455 0.478042
-0.304682 -0.389409 0.483054 -0.276614 -0.386563 0.478217
-0.30566 -0.389518 0.483228 -0.277593 -0.386672 0.478391
-0.306639 -0.389627 0.483402 -0.278572 -0.386781 0.478566
-0.307618 -0.389735 0.483576 -0.279551 -0.38689 0.47874
-0.308596 -0.389844 0.48375 -0.280531 -0.386998 0.478914
-0.309575 -0.389953 0.483924 -0.28151 -0.387107 0.479089
-0.310554 -0.390062 0.484098 -0.282489 -0.387216 0.479263
-0.311533 -0.39017 0.484272 -0.283468 -0.387325 0.479438
-0.312511 -0.390279 0.484446 -0.284448 -0.387433 0.479612
-0.31349 -0.390388 0.48462 -0.285427 -0.387542 0.479787
-0.314469 -0.390497 0.484794 -0.286407 -0.387651 0.479961
-0.315448 -0.390605 0.484968 -0.287386 -0.38776 0.480135
-0.316426 -0.390714 0.485142 -0.288365 -0.387868 0.48031
-0.317405 -0.390823 0.485316 -0.289345 -0.387977 0.480484
-0.318384 -0.390932 0.48549 -0.289835 -0.388031 0.480571
-0.319362 -0.39104 0.485664 -0.291304 -0.388194 0.480833
-0.320341 -0.391149 0.485838 -0.292283 -0.388303 0.481008
-0.32132 -0.391258 0.486012 -0.293262 -0.388412 0.481182
-0.322299 -0.391367 0.486186 -0.294238 -0.38852 0.481355
-0.323277 -0.391475 0.48636 -0.295211 -0.388628 0.481529
-0.324256 -0.391584 0.486534 -0.296184 -0.388735 0.481702
-0.325235 -0.391693 0.486708 -0.297158 -0.388843 0.481875
-0.326213 -0.391801 0.486882 -0.298133 -0.388951 0.482048
-0.327192 -0.39191 0.487056 -0.299109 -0.389059 0.482222
-0.328171 -0.392019 0.48723 -0.300084 -0.389167 0.482396
-0.32915 -0.392128 0.487404 -0.301061 -0.389276 0.48257
-0.330128 -0.392236 0.487578 -0.302038 -0.389384 0.482744
-0.331107 -0.392345 0.487752 -0.303015 -0.389493 0.482918
-0.332086 -0.392454 0.487926 -0.303994 -0.389601 0.483092
-0.333065 -0.392563 0.4881 -0.304972 -0.38971 0.483266
-0.334043 -0.392671 0.488274 -0.305951 -0.389819 0.483441
-0.335022 -0.39278 0.488448 -0.30693 -0.389928 0.483615
-0.336001 -0.392889 0.488622 -0.30791 -0.390037 0.483789
-0.336979 -0.392998 0.488796 -0.308889 -0.390145 0.483964
-0.337958 -0.393106 0.48897 -0.309869 -0.390254 0.484138
-0.338937 -0.393215 0.489144 -0.310849 -0.390363 0.484313
-0.339916 -0.393324 0.489318 -0.311829 -0.390472 0.484488
-0.340894 -0.393433 0.489492 -0.312319 -0.390527 0.484575
-0.341873 -0.393541 0.489666 -0.31379 -0.39069 0.484837
-0.342852 -0.39365 0.48984 -0.31477 -0.390799 0.485011
-0.343831 -0.393759 0.490014 -0.315751 -0.390908 0.485186
-0.344809 -0.393868 0.490188 -0.316731 -0.391017 0.485361
-0.345788 -0.393976 0.490362 -0.317711 -0.391126 0.485535
-0.346767 -0.394085 0.490536 -0.318691 -0.391235 0.48571
-0.347745 -0.394194 0.49071 -0.319671 -0.391343 0.485884
-0.348724 -0.394303 0.490884 -0.321139 -0.391506 0.486146
-0.349703 -0.394411 0.491058 -0.321629 -0.391561 0.486233
-0.350682 -0.39452 0.491232 -0.322608 -0.391669 0.486407
-0.35166 -0.394629 0.491406 -0.323587 -0.391778 0.486581
-0.352639 -0.394738 0.49158 -0.324566 -0.391887 0.486756
-0.353618 -0.394846 0.491754 -0.325545 -0.391995 0.48693
-0.354596 -0.394955 0.491928 -0.326524 -0.392104 0.487104
-0.355575 -0.395064 0.492102 -0.327503 -0.392213 0.487279
-0.356554 -0.395173 0.492276 -0.328482 -0.392321 0.487453
-0.357533 -0.395281 0.49245 -0.329461 -0.39243 0.487627
-0.358511 -0.39539 0.492624 -0.33044 -0.392539 0.487802
-0.35949 -0.395499 0.492798 -0.331419 -0.392648 0.487976
-0.360469 -0.395608 0.492972 -0.332399 -0.392756 0.48815
-0.361448 -0.395716 0.493146 -0.333378 -0.392865 0.488325
-0.362426 -0.395825 0.49332 -0.334358 -0.392974 0.488499
-0.363405 -0.395934 0.493494 -0.335337 -0.393083 0.488673
-0.364384 -0.396043 0.493668 -0.336317 -0.393192 0.488848
-0.365362 -0.396151 0.493842 -0.337297 -0.3933 0.489022
-0.366341 -0.39626 0.494016 -0.338276 -0.393409 0.489197
-0.36732 -0.396369 0.49419 -0.339256 -0.393518 0.489371
-0.368299 -0.396478 0.494364 -0.340236 -0.393627 0.489546
-0.369277 -0.396586 0.494538 -0.341216 -0.393736 0.48972
-0.370256 -0.396695 0.494712 -0.342196 -0.393845 0.489895
-0.371235 -0.396804 0.494886 -0.343176 -0.393954 0.490069
-0.372213 -0.396913 0.49506 -0.344156 -0.394062 0.490244
-0.373192 -0.397021 0.495234 -0.345137 -0.394171 0.490418
-0.374171 -0.39713 0.495408 -0.346116 -0.39428 0.490593
-0.37515 -0.397239 0.495582 -0.347096 -0.394389 0.490767
-0.376128 -0.397348 0.495756 -0.348075 -0.394498 0.490942
-0.377107 -0.397456 0.49593 -0.349054 -0.394606 0.491116
-0.378086 -0.397565 0.496104 -0.350033 -0.394715 0.49129
-0.379065 -0.397674 0.496278 -0.351013 -0.394824 0.491464
-0.380043 -0.397783 0.496452 -0.351992 -0.394933 0.491639
-0.381022 -0.397891 0.496626 -0.352971 -0.395041 0.491813
-0.382001 -0.398 0.4968 -0.353951 -0.39515 0.491988
-0.382979 -0.398109 0.496974 -0.354931 -0.395259 0.492162
-0.383958 -0.398218 0.497148 -0.35591 -0.395368 0.492337
-0.384937 -0.398326 0.497322 -0.35689 -0.395477 0.492511
-0.385916 -0.398435 0.497496 -0.35787 -0.395586 0.492685
-0.386894 -0.398544 0.49767 -0.35885 -0.395694 0.49286
-0.387873 -0.398653 0.497844 -0.359829 -0.395803 0.493034
-0.388852 -0.398761 0.498018 -0.360809 -0.395912 0.493209
-0.389831 -0.39887 0.498192 -0.361789 -0.396021 0.493383
-0.390809 -0.398979 0.498366 -0.362769 -0.39613 0.493558
-0.391788 -0.399088 0.49854 -0.363749 -0.396239 0.493732
-0.392767 -0.399196 0.498714 -0.364729 -0.396348 0.493907
-0.393745 -0.399305 0.498888 -0.365709 -0.396457 0.494081
-0.394724 -0.399414 0.499062 -0.366689 -0.396565 0.494256
-0.395703 -0.399523 0.499236 -0.367669 -0.396674 0.49443
-0.396682 -0.399631 0.49941 -0.368649 -0.396783 0.494605
-0.39766 -0.39974 0.499584 -0.369629 -0.396892 0.494779
-0.398639 -0.399849 0.499758 -0.370608 -0.397001 0.494954
-0.399618 -0.399958 0.499932 -0.371588 -0.39711 0.495128
-0.400596 -0.400066 0.500106 -0.372568 -0.397219 0.495303
-0.399618 -0.399958 0.499932 -0.373548 -0.397328 0.495477
-0.400596 -0.400066 0.500106 -0.374528 -0.397436 0.495651
-0.399618 -0.399958 0.499932 -0.375508 -0.397545 0.495826
-0.400596 -0.400066 0.500106 -0.376488 -0.397654 0.496
-0.399618 -0.399958 0.499932 -0.377465 -0.397763 0.496174
-0.400596 -0.400066 0.500106 -0.378436 -0.39787 0.496347
-0.399618 -0.399958 0.499932 -0.379397 -0.397976 0.496517
-0.400596 -0.400066 0.500106 -0.380345 -0.39808 0.496685
-0.399618 -0.399958 0.499932 -0.381277 -0.398181 0.496849
-0.400596 -0.400066 0.500106 -0.382189 -0.398279 0.497009
-0.399618 -0.399958 0.499932 -0.383082 -0.398374 0.497165
-0.400596 -0.400066 0.500106 -0.383952 -0.398466 0.497317
-0.399618 -0.399958 0.499932 -0.384798 -0.398554 0.497464
-0.400596 -0.400066 0.500106 -0.38562 -0.39864 0.497606
-0.399618 -0.399958 0.499932 -0.386415 -0.398721 0.497743
-0.400596 -0.400066 0.500106 -0.387185 -0.398799 0.497875
-0.399618 -0.399958 0.499932 -0.387927 -0.398874 0.498002
-0.400596 -0.400066 0.500106 -0.388642 -0.398945 0.498123
-0.399618 -0.399958 0.499932 -0.389329 -0.399013 0.49824
-0.400596 -0.400066 0.500106 -0.389989 -0.399077 0.498351
-0.399618 -0.399958 0.499932 -0.390622 -0.399139 0.498457
-0.400596 -0.400066 0.500106 -0.391228 -0.399197 0.498559
-0.399618 -0.399958 0.499932 -0.391807 -0.399252 0.498656
-0.400596 -0.400066 0.500106 -0.392359 -0.399304 0.498748
-0.399618 -0.399958 0.499932 -0.392886 -0.399354 0.498835
-0.400596 -0.400066 0.500106 -0.393387 -0.3994 0.498918
-0.399618 -0.399958 0.499932 -0.393864 -0.399444 0.498997
-0.400596 -0.400066 0.500106 -0.394316 -0.399486 0.499071
-0.399618 -0.399958 0.499932 -0.394745 -0.399525 0.499142
-0.400596 -0.400066 0.500106 -0.395151 -0.399562 0.499209
-0.399618 -0.399958 0.499932 -0.395536 -0.399597 0.499272
-0.400596 -0.400066 0.500106 -0.39572 -0.399614 0.499302
-0.399618 -0.399958 0.499932 -0.396242 -0.399661 0.499387
-0.400596 -0.400066 0.500106 -0.396565 -0.39969 0.49944
-0.399618 -0.399958 0.499932 -0.39687 -0.399717 0.49949
-0.400596 -0.400066 0.500106 -0.397156 -0.399743 0.499536
-0.399618 -0.399958 0.499932 -0.397425 -0.399767 0.49958
-0.400596 -0.400066 0.500106 -0.397678 -0.399789 0.499621
-0.399618 -0.399958 0.499932 -0.397915 -0.39981 0.49966
-0.400596 -0.400066 0.500106 -0.398137 -0.39983 0.499696
-0.399618 -0.399958 0.499932 -0.398344 -0.399848 0.49973
-0.400596 -0.400066 0.500106 -0.398538 -0.399866 0.499761
-0.399618 -0.399958 0.499932 -0.398719 -0.399882 0.49979
-0.400596 -0.400066 0.500106 -0.398887 -0.399897 0.499818
-0.399618 -0.399958 0.499932 -0.399044 -0.399911 0.499843
