-0.398639 -0.399849 0.499758 -0.399617 -0.399957 0.499932
-0.39766 -0.39974 0.499584 -0.399617 -0.399957 0.499932
-0.396682 -0.399631 0.49941 -0.399617 -0.399957 0.499932
-0.395703 -0.399523 0.499236 -0.399616 -0.399957 0.499932
-0.394724 -0.399414 0.499062 -0.399612 -0.399957 0.499932
-0.393745 -0.399305 0.498888 -0.399601 -0.399955 0.49993
-0.392767 -0.399196 0.498714 -0.399579 -0.399953 0.499926
-0.391788 -0.399088 0.49854 -0.399542 -0.399949 0.499919
-0.390809 -0.398979 0.498366 -0.399488 -0.399943 0.49991
-0.389831 -0.39887 0.498192 -0.399415 -0.399935 0.499897
-0.388852 -0.398761 0.498018 -0.399321 -0.399926 0.499881
-0.387873 -0.398653 0.497844 -0.399266 -0.39992 0.499871
-0.386894 -0.398544 0.49767 -0.399066 -0.399899 0.499837
-0.385916 -0.398435 0.497496 -0.398905 -0.399882 0.499809
-0.384937 -0.398326 0.497322 -0.39872 -0.399863 0.499777
-0.383958 -0.398218 0.497148 -0.39851 -0.399842 0.499741
-0.382979 -0.398109 0.496974 -0.398275 -0.399818 0.4997
-0.382001 -0.398 0.4968 -0.398014 -0.399791 0.499656
-0.381022 -0.397891 0.496626 -0.397726 -0.399762 0.499607
-0.380043 -0.397783 0.496452 -0.397412 -0.39973 0.499553
-0.379065 -0.397674 0.496278 -0.397071 -0.399696 0.499495
-0.378086 -0.397565 0.496104 -0.396703 -0.399659 0.499432
-0.377107 -0.397456 0.49593 -0.396309 -0.399619 0.499365
-0.376128 -0.397348 0.495756 -0.396103 -0.399598 0.49933
-0.37515 -0.397239 0.495582 -0.395889 -0.399577 0.499293
-0.374171 -0.39713 0.495408 -0.394973 -0.399486 0.499138
-0.373192 -0.397021 0.495234 -0.394476 -0.399436 0.499053
-0.372213 -0.396913 0.49506 -0.394217 -0.39941 0.499009
-0.371235 -0.396804 0.494886 -0.393681 -0.399357 0.498918
-0.370256 -0.396695 0.494712 -0.393404 -0.39933 0.498871
-0.369277 -0.396586 0.494538 -0.392538 -0.399243 0.498724
-0.368299 -0.396478 0.494364 -0.391931 -0.399183 0.498621
-0.36732 -0.396369 0.49419 -0.390976 -0.399088 0.498459
-0.366341 -0.39626 0.494016 -0.390312 -0.399022 0.498346
-0.365362 -0.396151 0.493842 -0.389973 -0.398988 0.498288
-0.364384 -0.396043 0.493668 -0.388926 -0.398884 0.49811
-0.363405 -0.395934 0.493494 -0.388205 -0.398812 0.497988
-0.362426 -0.395825 0.49332 -0.387465 -0.398737 0.497862
-0.361448 -0.395716 0.493146 -0.386711 -0.398661 0.497733
-0.360469 -0.395608 0.492972 -0.385944 -0.398584 0.497602
-0.35949 -0.395499 0.492798 -0.385165 -0.398505 0.497468
-0.358511 -0.39539 0.492624 -0.384374 -0.398424 0.497332
-0.357533 -0.395281 0.49245 -0.383572 -0.398342 0.497194
-0.356554 -0.395173 0.492276 -0.38276 -0.398259 0.497055
-0.355575 -0.395064 0.492102 -0.381937 -0.398174 0.496913
-0.354596 -0.394955 0.491928 -0.381105 -0.398088 0.496769
-0.353618 -0.394846 0.491754 -0.380263 -0.398 0.496623
-0.352639 -0.394738 0.49158 -0.379409 -0.397911 0.496476
-0.35166 -0.394629 0.491406 -0.378545 -0.397821 0.496326
-0.350682 -0.39452 0.491232 -0.37767 -0.39773 0.496174
-0.349703 -0.394411 0.491058 -0.376788 -0.397637 0.496021
-0.348724 -0.394303 0.490884 -0.375899 -0.397544 0.495867
-0.347745 -0.394194 0.49071 -0.375005 -0.397449 0.495711
-0.346767 -0.394085 0.490536 -0.374105 -0.397354 0.495554
-0.345788 -0.393976 0.490362 -0.3732 -0.397258 0.495396
-0.344809 -0.393868 0.490188 -0.372745 -0.397209 0.495316
-0.343831 -0.393759 0.490014 -0.371373 -0.397063 0.495076
-0.342852 -0.39365 0.48984 -0.37045 -0.396964 0.494914
-0.341873 -0.393541 0.489666 -0.36952 -0.396864 0.494751
-0.340894 -0.393433 0.489492 -0.368586 -0.396764 0.494588
-0.339916 -0.393324 0.489318 -0.367647 -0.396663 0.494423
-0.338937 -0.393215 0.489144 -0.366702 -0.396561 0.494257
-0.337958 -0.393106 0.48897 -0.365755 -0.396459 0.49409
-0.336979 -0.392998 0.488796 -0.364806 -0.396356 0.493923
-0.336001 -0.392889 0.488622 -0.363855 -0.396252 0.493755
-0.335022 -0.39278 0.488448 -0.362902 -0.396149 0.493587
-0.334043 -0.392671 0.488274 -0.361948 -0.396044 0.493418
-0.333065 -0.392563 0.4881 -0.360993 -0.39594 0.493249
-0.332086 -0.392454 0.487926 -0.360037 -0.395835 0.49308
-0.331107 -0.392345 0.487752 -0.359079 -0.39573 0.49291
-0.330128 -0.392236 0.487578 -0.35812 -0.395624 0.49274
-0.32915 -0.392128 0.487404 -0.357159 -0.395518 0.49257
-0.328171 -0.392019 0.48723 -0.356198 -0.395412 0.492399
-0.327192 -0.39191 0.487056 -0.355235 -0.395306 0.492228
-0.326213 -0.391801 0.486882 -0.354272 -0.395199 0.492057
-0.325235 -0.391693 0.486708 -0.353308 -0.395092 0.491885
-0.324256 -0.391584 0.486534 -0.352342 -0.394985 0.491714
-0.323277 -0.391475 0.48636 -0.351376 -0.394878 0.491542
-0.322299 -0.391367 0.486186 -0.350409 -0.394771 0.49137
-0.32132 -0.391258 0.486012 -0.349441 -0.394663 0.491197
-0.320341 -0.391149 0.485838 -0.348472 -0.394556 0.491025
-0.319362 -0.39104 0.485664 -0.347503 -0.394448 0.490852
-0.318384 -0.390932 0.48549 -0.346533 -0.39434 0.490679
-0.317405 -0.390823 0.485316 -0.345562 -0.394232 0.490506
-0.316426 -0.390714 0.485142 -0.34459 -0.394124 0.490333
-0.315448 -0.390605 0.484968 -0.343618 -0.394016 0.49016
-0.314469 -0.390497 0.484794 -0.342645 -0.393907 0.489987
-0.31349 -0.390388 0.48462 -0.341672 -0.393799 0.489813
-0.312511 -0.390279 0.484446 -0.340698 -0.393691 0.48964
-0.311533 -0.39017 0.484272 -0.339722 -0.393582 0.489466
-0.310554 -0.390062 0.484098 -0.338745 -0.393473 0.489292
-0.309575 -0.389953 0.483924 -0.337769 -0.393364 0.489117
-0.308596 -0.389844 0.48375 -0.336792 -0.393256 0.488943
-0.307618 -0.389735 0.483576 -0.335815 -0.393147 0.488769
-0.306639 -0.389627 0.483402 -0.334838 -0.393038 0.488595
-0.30566 -0.389518 0.483228 -0.333861 -0.392929 0.488421
-0.304682 -0.389409 0.483054 -0.332884 -0.39282 0.488246
-0.303703 -0.3893 0.482881 -0.331907 -0.392711 0.488072
-0.302724 -0.389192 0.482707 -0.33093 -0.392602 0.487898
-0.301745 -0.389083 0.482533 -0.329952 -0.392494 0.487724
-0.300767 -0.388974 0.482359 -0.329463 -0.392439 0.487636
-0.299788 -0.388865 0.482185 -0.327997 -0.392276 0.487375
-0.298809 -0.388757 0.482011 -0.327017 -0.392167 0.4872
-0.29783 -0.388648 0.481837 -0.326033 -0.392057 0.487025
-0.296852 -0.388539 0.481663 -0.325048 -0.391948 0.48685
-0.295873 -0.38843 0.481489 -0.324064 -0.391838 0.486674
-0.294894 -0.388322 0.481315 -0.323572 -0.391784 0.486586
-0.293916 -0.388213 0.481141 -0.321603 -0.391565 0.486236
-0.292937 -0.388104 0.480967 -0.321111 -0.39151 0.486148
-0.291958 -0.387995 0.480793 -0.32062 -0.391456 0.48606
-0.290979 -0.387887 0.480619 -0.318655 -0.391237 0.48571
-0.290001 -0.387778 0.480445 -0.317673 -0.391128 0.485535
-0.289022 -0.387669 0.480271 -0.317183 -0.391073 0.485448
-0.288043 -0.38756 0.480097 -0.316202 -0.390964 0.485273
-0.287065 -0.387452 0.479923 -0.314732 -0.3908 0.485011
-0.286086 -0.387343 0.479749 -0.313752 -0.390691 0.484836
-0.285107 -0.387234 0.479575 -0.312773 -0.390582 0.484661
-0.284128 -0.387125 0.479401 -0.312283 -0.390527 0.484574
-0.28315 -0.387017 0.479227 -0.310815 -0.390364 0.484312
-0.282171 -0.386908 0.479053 -0.309837 -0.390254 0.484138
-0.281192 -0.386799 0.478879 -0.308859 -0.390146 0.483963
-0.280213 -0.38669 0.478705 -0.30837 -0.390091 0.483876
-0.279235 -0.386582 0.478531 -0.306903 -0.389928 0.483615
-0.278256 -0.386473 0.478357 -0.305925 -0.389819 0.48344
-0.277277 -0.386364 0.478183 -0.305436 -0.389764 0.483353
-0.276299 -0.386255 0.478009 -0.303968 -0.389601 0.483091
-0.27532 -0.386147 0.477835 -0.30299 -0.389492 0.482917
-0.274341 -0.386038 0.477661 -0.302012 -0.389383 0.482743
-0.273362 -0.385929 0.477487 -0.301034 -0.389274 0.482568
-0.272384 -0.38582 0.477313 -0.300057 -0.389166 0.482394
-0.271405 -0.385712 0.477139 -0.299568 -0.389111 0.482307
-0.270426 -0.385603 0.476965 -0.298101 -0.388948 0.482046
-0.269448 -0.385494 0.476791 -0.297123 -0.388839 0.481871
-0.268469 -0.385385 0.476617 -0.296145 -0.38873 0.481697
-0.26749 -0.385277 0.476443 -0.295167 -0.388622 0.481523
-0.266511 -0.385168 0.476269 -0.294189 -0.388513 0.481349
-0.265533 -0.385059 0.476095 -0.2937 -0.388459 0.481261
-0.264554 -0.38495 0.475921 -0.292723 -0.38835 0.481087
-0.263575 -0.384842 0.475747 -0.291745 -0.388241 0.480913
-0.262596 -0.384733 0.475573 -0.290279 -0.388078 0.480652
-0.261618 -0.384624 0.475399 -0.289301 -0.38797 0.480478
-0.260639 -0.384515 0.475225 -0.288323 -0.387861 0.480303
-0.25966 -0.384407 0.475051 -0.287346 -0.387752 0.480129
-0.258682 -0.384298 0.474877 -0.286368 -0.387644 0.479955
-0.257703 -0.384189 0.474703 -0.28539 -0.387535 0.479781
-0.256724 -0.38408 0.474529 -0.284413 -0.387427 0.479607
-0.255745 -0.383972 0.474355 -0.283924 -0.387372 0.47952
-0.254767 -0.383863 0.474181 -0.282457 -0.387209 0.479258
-0.253788 -0.383754 0.474007 -0.281479 -0.387101 0.479084
-0.252809 -0.383645 0.473833 -0.280501 -0.386992 0.47891
-0.25183 -0.383537 0.473659 -0.279523 -0.386884 0.478736
-0.250852 -0.383428 0.473485 -0.278544 -0.386775 0.478562
-0.249873 -0.383319 0.473311 -0.277565 -0.386666 0.478387
-0.248894 -0.38321 0.473137 -0.276587 -0.386558 0.478213
-0.247916 -0.383102 0.472963 -0.276097 -0.386503 0.478126
-0.246937 -0.382993 0.472789 -0.275119 -0.386395 0.477951
-0.245958 -0.382884 0.472615 -0.274139 -0.386286 0.477777
-0.244979 -0.382775 0.472441 -0.273159 -0.386177 0.477602
-0.244001 -0.382667 0.472267 -0.272177 -0.386069 0.477428
-0.243022 -0.382558 0.472093 -0.271196 -0.38596 0.477253
-0.242043 -0.382449 0.471919 -0.270216 -0.385851 0.477079
-0.241065 -0.382341 0.471745 -0.269236 -0.385742 0.476904
-0.240086 -0.382232 0.471571 -0.268256 -0.385634 0.476729
-0.239107 -0.382123 0.471397 -0.267276 -0.385525 0.476555
-0.238128 -0.382014 0.471223 -0.266296 -0.385416 0.47638
-0.23715 -0.381906 0.471049 -0.265315 -0.385307 0.476206
-0.236171 -0.381797 0.470875 -0.264334 -0.385198 0.476031
-0.235192 -0.381688 0.470701 -0.263353 -0.38509 0.475856
-0.234213 -0.381579 0.470527 -0.262372 -0.384981 0.475682
-0.233235 -0.381471 0.470353 -0.261392 -0.384872 0.475507
-0.232256 -0.381362 0.470179 -0.260903 -0.384818 0.47542
-0.231277 -0.381253 0.470005 -0.259433 -0.384654 0.475158
-0.230299 -0.381144 0.469831 -0.258452 -0.384546 0.474983
-0.22932 -0.381036 0.469657 -0.257467 -0.384437 0.474808
-0.228341 -0.380927 0.469483 -0.256481 -0.384328 0.474633
-0.227362 -0.380818 0.469309 -0.255496 -0.384218 0.474457
-0.226384 -0.380709 0.469135 -0.254512 -0.384109 0.474282
-0.225405 -0.380601 0.468961 -0.253529 -0.384 0.474107
-0.224426 -0.380492 0.468787 -0.252547 -0.383891 0.473932
-0.223448 -0.380383 0.468613 -0.251566 -0.383782 0.473757
-0.222469 -0.380274 0.468439 -0.250585 -0.383673 0.473583
-0.22149 -0.380166 0.468265 -0.249604 -0.383565 0.473408
-0.220511 -0.380057 0.468091 -0.248624 -0.383456 0.473233
-0.219533 -0.379948 0.467917 -0.247644 -0.383347 0.473059
-0.218554 -0.379839 0.467743 -0.246665 -0.383238 0.472884
-0.217575 -0.379731 0.467569 -0.245686 -0.383129 0.47271
-0.216596 -0.379622 0.467395 -0.245197 -0.383075 0.472622
-0.215618 -0.379513 0.467221 -0.243729 -0.382912 0.472361
-0.214639 -0.379404 0.467047 -0.242748 -0.382803 0.472186
-0.21366 -0.379296 0.466873 -0.241764 -0.382694 0.472011
-0.212682 -0.379187 0.466699 -0.240779 -0.382585 0.471836
-0.211703 -0.379078 0.466525 -0.239795 -0.382476 0.47166
-0.210724 -0.378969 0.466351 -0.238812 -0.382367 0.471485
-0.209745 -0.378861 0.466177 -0.23783 -0.382258 0.47131
-0.208767 -0.378752 0.466003 -0.236847 -0.382149 0.471135
-0.207788 -0.378643 0.465829 -0.235863 -0.38204 0.47096
-0.206809 -0.378534 0.465655 -0.234877 -0.38193 0.470784
-0.20583 -0.378426 0.465481 -0.233889 -0.381821 0.470609
-0.204852 -0.378317 0.465307 -0.2329 -0.381712 0.470432
-0.203873 -0.378208 0.465133 -0.23191 -0.381602 0.470256
-0.202894 -0.378099 0.464959 -0.230918 -0.381493 0.47008
-0.201916 -0.377991 0.464785 -0.229926 -0.381383 0.469903
-0.200937 -0.377882 0.464611 -0.228934 -0.381273 0.469727
-0.199958 -0.377773 0.464437 -0.227945 -0.381164 0.469551
-0.198979 -0.377664 0.464263 -0.226956 -0.381054 0.469374
-0.198001 -0.377556 0.464089 -0.225966 -0.380944 0.469198
-0.197022 -0.377447 0.463915 -0.224976 -0.380835 0.469022
-0.196043 -0.377338 0.463741 -0.223984 -0.380725 0.468845
-0.195065 -0.377229 0.463567 -0.223488 -0.38067 0.468757
-0.194086 -0.377121 0.463393 -0.222 -0.380505 0.468492
-0.193107 -0.377012 0.463219 -0.221007 -0.380395 0.468315
-0.192128 -0.376903 0.463045 -0.220013 -0.380285 0.468138
-0.19115 -0.376794 0.462871 -0.219019 -0.380175 0.467961
-0.190171 -0.376686 0.462697 -0.218025 -0.380065 0.467784
-0.189192 -0.376577 0.462523 -0.217031 -0.379955 0.467607
-0.188213 -0.376468 0.462349 -0.216037 -0.379845 0.46743
-0.187235 -0.376359 0.462175 -0.215044 -0.379735 0.467253
-0.186256 -0.376251 0.462001 -0.214051 -0.379625 0.467076
-0.185277 -0.376142 0.461827 -0.213058 -0.379515 0.466899
-0.184299 -0.376033 0.461653 -0.212065 -0.379405 0.466722
-0.18332 -0.375924 0.461479 -0.211071 -0.379294 0.466545
-0.182341 -0.375816 0.461305 -0.210079 -0.379184 0.466369
-0.181362 -0.375707 0.461131 -0.209086 -0.379074 0.466192
-0.180384 -0.375598 0.460957 -0.208094 -0.378964 0.466015
-0.179405 -0.375489 0.460783 -0.207102 -0.378854 0.465838
-0.178426 -0.375381 0.460609 -0.206111 -0.378744 0.465661
-0.177448 -0.375272 0.460435 -0.20512 -0.378634 0.465485
-0.176469 -0.375163 0.460261 -0.204129 -0.378524 0.465308
-0.17549 -0.375054 0.460087 -0.203139 -0.378414 0.465132
-0.174511 -0.374946 0.459913 -0.20215 -0.378304 0.464955
-0.173533 -0.374837 0.459739 -0.201161 -0.378194 0.464779
-0.172554 -0.374728 0.459565 -0.200667 -0.378139 0.464691
-0.171575 -0.374619 0.459391 -0.19968 -0.378029 0.464515
-0.170596 -0.374511 0.459217 -0.1982 -0.377864 0.464251
-0.169618 -0.374402 0.459043 -0.197215 -0.377755 0.464075
-0.168639 -0.374293 0.458869 -0.196229 -0.377645 0.463899
-0.16766 -0.374184 0.458695 -0.195245 -0.377535 0.463723
-0.166682 -0.374076 0.458521 -0.19426 -0.377426 0.463548
-0.165703 -0.373967 0.458347 -0.193277 -0.377316 0.463372
-0.164724 -0.373858 0.458173 -0.192293 -0.377207 0.463197
-0.163745 -0.373749 0.457999 -0.19131 -0.377097 0.463021
-0.162767 -0.373641 0.457825 -0.190326 -0.376988 0.462846
-0.161788 -0.373532 0.457651 -0.189343 -0.376878 0.462671
-0.160809 -0.373423 0.457477 -0.18836 -0.376769 0.462495
-0.15983 -0.373314 0.457303 -0.187377 -0.37666 0.46232
-0.158852 -0.373206 0.457129 -0.186394 -0.376551 0.462145
-0.157873 -0.373097 0.456955 -0.185412 -0.376441 0.461969
-0.156894 -0.372988 0.456781 -0.18443 -0.376332 0.461794
-0.155916 -0.37288 0.456607 -0.183451 -0.376223 0.46162
-0.154937 -0.372771 0.456433 -0.182474 -0.376114 0.461445
-0.153958 -0.372662 0.456259 -0.181499 -0.376005 0.461271
-0.152979 -0.372553 0.456085 -0.180524 -0.375897 0.461097
-0.152001 -0.372445 0.455911 -0.179548 -0.375788 0.460923
-0.151022 -0.372336 0.455737 -0.178572 -0.375679 0.460749
-0.150043 -0.372227 0.455563 -0.177597 -0.375571 0.460575
-0.149065 -0.372118 0.455389 -0.176625 -0.375462 0.460401
-0.148086 -0.37201 0.455215 -0.175655 -0.375354 0.460228
-0.147107 -0.371901 0.455041 -0.174688 -0.375246 0.460055
-0.146128 -0.371792 0.454867 -0.173721 -0.375138 0.459883
-0.14515 -0.371683 0.454693 -0.172757 -0.37503 0.45971
-0.144171 -0.371575 0.454519 -0.171793 -0.374922 0.459538
-0.143192 -0.371466 0.454345 -0.170831 -0.374815 0.459367
-0.142213 -0.371357 0.454171 -0.169869 -0.374707 0.459195
-0.141235 -0.371248 0.453997 -0.168908 -0.3746 0.459023
-0.140256 -0.37114 0.453823 -0.167947 -0.374492 0.458852
-0.139277 -0.371031 0.453649 -0.166987 -0.374385 0.45868
-0.138299 -0.370922 0.453475 -0.166027 -0.374278 0.458509
-0.13732 -0.370813 0.453301 -0.165066 -0.374171 0.458337
-0.136341 -0.370705 0.453127 -0.164106 -0.374064 0.458166
-0.135362 -0.370596 0.452953 -0.162665 -0.373903 0.457909
-0.134384 -0.370487 0.452779 -0.162184 -0.37385 0.457823
-0.133405 -0.370378 0.452605 -0.160737 -0.373689 0.457565
-0.132426 -0.37027 0.452431 -0.159772 -0.373582 0.457393
-0.131447 -0.370161 0.452257 -0.15929 -0.373528 0.457307
-0.130469 -0.370052 0.452083 -0.158325 -0.373421 0.457135
-0.12949 -0.369943 0.451909 -0.15736 -0.373314 0.456963
-0.128511 -0.369835 0.451735 -0.156878 -0.373261 0.456877
-0.127533 -0.369726 0.451561 -0.154946 -0.373046 0.456532
-0.126554 -0.369617 0.451387 -0.153977 -0.372939 0.456359
-0.125575 -0.369508 0.451213 -0.15349 -0.372885 0.456273
-0.124596 -0.3694 0.451039 -0.15203 -0.372724 0.456013
-0.123618 -0.369291 0.450865 -0.151057 -0.372617 0.455839
-0.122639 -0.369182 0.450691 -0.150084 -0.372509 0.455666
-0.12166 -0.369073 0.450517 -0.149112 -0.372401 0.455493
-0.120682 -0.368965 0.450343 -0.148626 -0.372348 0.455406
-0.119703 -0.368856 0.450169 -0.147655 -0.37224 0.455233
-0.118724 -0.368747 0.449995 -0.146684 -0.372133 0.45506
-0.117745 -0.368638 0.449821 -0.145714 -0.372025 0.454887
-0.116767 -0.36853 0.449647 -0.144745 -0.371917 0.454714
-0.115788 -0.368421 0.449473 -0.143775 -0.37181 0.454541
-0.114809 -0.368312 0.449299 -0.142805 -0.371702 0.454368
-0.11383 -0.368203 0.449125 -0.141835 -0.371595 0.454195
-0.112852 -0.368095 0.448951 -0.141349 -0.371541 0.454109
-0.111873 -0.367986 0.448777 -0.139409 -0.371326 0.453763
-0.110894 -0.367877 0.448603 -0.138923 -0.371272 0.453676
-0.109916 -0.367768 0.448429 -0.137953 -0.371164 0.453503
-0.108937 -0.36766 0.448255 -0.136497 -0.371003 0.453244
-0.107958 -0.367551 0.448081 -0.135526 -0.370895 0.45307
-0.106979 -0.367442 0.447907 -0.134554 -0.370788 0.452897
-0.106001 -0.367333 0.447733 -0.133581 -0.37068 0.452724
-0.105022 -0.367225 0.447559 -0.133095 -0.370626 0.452637
-0.104043 -0.367116 0.447385 -0.131636 -0.370464 0.452377
-0.103065 -0.367007 0.447211 -0.130663 -0.370357 0.452203
-0.102086 -0.366898 0.447037 -0.12969 -0.370249 0.45203
-0.101107 -0.36679 0.446863 -0.128717 -0.370141 0.451857
-0.100128 -0.366681 0.446689 -0.127744 -0.370033 0.451683
-0.0991496 -0.366572 0.446515 -0.126771 -0.369925 0.451509
-0.0981709 -0.366463 0.446341 -0.125798 -0.369817 0.451336
-0.0971922 -0.366355 0.446167 -0.125311 -0.369763 0.451249
-0.0962135 -0.366246 0.445994 -0.12385 -0.369601 0.450989
-0.0952347 -0.366137 0.44582 -0.122877 -0.369493 0.450815
-0.094256 -0.366028 0.445646 -0.121902 -0.369385 0.450641
-0.0932773 -0.36592 0.445472 -0.120928 -0.369277 0.450468
-0.0922986 -0.365811 0.445298 -0.119954 -0.369169 0.450294
-0.0913198 -0.365702 0.445124 -0.118979 -0.369061 0.45012
-0.0903411 -0.365593 0.44495 -0.118492 -0.369007 0.450033
-0.0893624 -0.365485 0.444776 -0.116542 -0.368791 0.449685
-0.0883837 -0.365376 0.444602 -0.115567 -0.368683 0.449511
-0.0874049 -0.365267 0.444428 -0.114592 -0.368575 0.449338
-0.0864262 -0.365158 0.444254 -0.113619 -0.368467 0.449164
-0.0854475 -0.36505 0.44408 -0.11265 -0.368359 0.448991
-0.0844688 -0.364941 0.443906 -0.111685 -0.368252 0.448819
-0.08349 -0.364832 0.443732 -0.110724 -0.368144 0.448647
-0.0825113 -0.364723 0.443558 -0.109765 -0.368037 0.448476
-0.0815326 -0.364615 0.443384 -0.108808 -0.36793 0.448305
-0.0805539 -0.364506 0.44321 -0.107854 -0.367823 0.448135
-0.0795752 -0.364397 0.443036 -0.1069 -0.367716 0.447964
-0.0785964 -0.364288 0.442862 -0.105948 -0.36761 0.447794
-0.0776177 -0.36418 0.442688 -0.104997 -0.367503 0.447625
-0.076639 -0.364071 0.442514 -0.104046 -0.367397 0.447455
-0.0756603 -0.363962 0.44234 -0.103097 -0.367291 0.447285
-0.0746815 -0.363854 0.442166 -0.102147 -0.367185 0.447116
-0.0737028 -0.363745 0.441992 -0.101198 -0.367078 0.446946
-0.0727241 -0.363636 0.441818 -0.100249 -0.366972 0.446777
-0.0717454 -0.363527 0.441644 -0.0992992 -0.366866 0.446607
-0.0707666 -0.363419 0.44147 -0.0983491 -0.366761 0.446438
-0.0697879 -0.36331 0.441296 -0.0973986 -0.366655 0.446268
-0.0688092 -0.363201 0.441122 -0.0964478 -0.366549 0.446098
-0.0678305 -0.363092 0.440948 -0.0954963 -0.366443 0.445928
-0.0668517 -0.362984 0.440774 -0.0945442 -0.366337 0.445758
-0.065873 -0.362875 0.4406 -0.0935916 -0.366231 0.445589
-0.0648943 -0.362766 0.440426 -0.0926381 -0.366125 0.445418
-0.0639156 -0.362657 0.440252 -0.0916835 -0.366019 0.445248
-0.0629369 -0.362549 0.440078 -0.090728 -0.365913 0.445078
-0.0619581 -0.36244 0.439904 -0.0897719 -0.365807 0.444907
-0.0609794 -0.362331 0.43973 -0.0888152 -0.365701 0.444737
-0.0600007 -0.362222 0.439556 -0.0878578 -0.365595 0.444566
-0.059022 -0.362114 0.439382 -0.0868994 -0.365489 0.444395
-0.0580432 -0.362005 0.439208 -0.0859399 -0.365383 0.444224
-0.0570645 -0.361896 0.439034 -0.0849794 -0.365277 0.444053
-0.0560858 -0.361787 0.43886 -0.0840181 -0.36517 0.443881
-0.0551071 -0.361679 0.438686 -0.0830561 -0.365064 0.44371
-0.0541283 -0.36157 0.438512 -0.0820935 -0.364958 0.443538
-0.0531496 -0.361461 0.438338 -0.0811304 -0.364851 0.443366
-0.0521709 -0.361352 0.438164 -0.0801667 -0.364745 0.443195
-0.0511922 -0.361244 0.43799 -0.0792024 -0.364638 0.443023
-0.0502134 -0.361135 0.437816 -0.0782374 -0.364532 0.442851
-0.0492347 -0.361026 0.437642 -0.0772718 -0.364425 0.442678
-0.048256 -0.360917 0.437468 -0.0763057 -0.364318 0.442506
-0.0472773 -0.360809 0.437294 -0.0753391 -0.364211 0.442334
-0.0462986 -0.3607 0.43712 -0.0743719 -0.364104 0.442161
-0.0453198 -0.360591 0.436946 -0.0738882 -0.364051 0.442075
-0.0443411 -0.360482 0.436772 -0.0724363 -0.363891 0.441816
-0.0433624 -0.360374 0.436598 -0.0714678 -0.363783 0.441644
-0.0423837 -0.360265 0.436424 -0.0704989 -0.363676 0.441471
-0.0414049 -0.360156 0.43625 -0.0695295 -0.363569 0.441298
-0.0404262 -0.360047 0.436076 -0.0685596 -0.363462 0.441125
-0.0394475 -0.359939 0.435902 -0.0675893 -0.363355 0.440952
-0.0384688 -0.35983 0.435728 -0.0666186 -0.363247 0.440779
-0.03749 -0.359721 0.435554 -0.0656475 -0.36314 0.440606
-0.0365113 -0.359612 0.43538 -0.064676 -0.363033 0.440433
-0.0355326 -0.359504 0.435206 -0.0637041 -0.362925 0.44026
-0.0345539 -0.359395 0.435032 -0.0627319 -0.362818 0.440086
-0.0335751 -0.359286 0.434858 -0.0617594 -0.36271 0.439913
-0.0325964 -0.359177 0.434684 -0.0607865 -0.362603 0.439739
-0.0316177 -0.359069 0.43451 -0.0598134 -0.362495 0.439566
-0.030639 -0.35896 0.434336 -0.0588399 -0.362387 0.439392
-0.0296603 -0.358851 0.434162 -0.057866 -0.362279 0.439219
-0.0286815 -0.358742 0.433988 -0.0568918 -0.362172 0.439045
-0.0277028 -0.358634 0.433814 -0.0559173 -0.362064 0.438871
-0.0267241 -0.358525 0.43364 -0.0549426 -0.361956 0.438697
-0.0257454 -0.358416 0.433466 -0.0539677 -0.361848 0.438524
-0.0247666 -0.358307 0.433292 -0.0529926 -0.36174 0.43835
-0.0237879 -0.358199 0.433118 -0.0520174 -0.361632 0.438176
-0.0228092 -0.35809 0.432944 -0.051042 -0.361524 0.438002
-0.0218305 -0.357981 0.43277 -0.0500664 -0.361416 0.437828
-0.0208517 -0.357872 0.432596 -0.0490906 -0.361308 0.437654
-0.019873 -0.357764 0.432422 -0.0481148 -0.3612 0.43748
-0.0188943 -0.357655 0.432248 -0.0471388 -0.361092 0.437306
-0.0179156 -0.357546 0.432074 -0.0461627 -0.360984 0.437132
-0.0169368 -0.357437 0.4319 -0.0451865 -0.360876 0.436958
-0.0159581 -0.357329 0.431726 -0.0442101 -0.360767 0.436784
-0.0149794 -0.35722 0.431552 -0.0432337 -0.360659 0.43661
-0.0140007 -0.357111 0.431378 -0.042257 -0.360551 0.436435
-0.013022 -0.357002 0.431204 -0.0412801 -0.360443 0.436261
-0.0120432 -0.356894 0.43103 -0.0403015 -0.360334 0.436087
-0.0110645 -0.356785 0.430856 -0.0393201 -0.360226 0.435912
-0.0100858 -0.356676 0.430682 -0.0383361 -0.360117 0.435736
-0.00910706 -0.356567 0.430508 -0.03735 -0.360008 0.435561
-0.00812834 -0.356459 0.430334 -0.0368561 -0.359954 0.435473
-0.00714961 -0.35635 0.43016 -0.0353718 -0.359791 0.435208
-0.00617089 -0.356241 0.429986 -0.0343802 -0.359681 0.435031
-0.00519217 -0.356132 0.429812 -0.0333871 -0.359572 0.434854
-0.00421344 -0.356024 0.429638 -0.032393 -0.359463 0.434677
-0.00323472 -0.355915 0.429464 -0.031398 -0.359353 0.4345
-0.00225599 -0.355806 0.42929 -0.0304027 -0.359243 0.434322
-0.00127727 -0.355697 0.429116 -0.0294071 -0.359134 0.434145
-0.000298548 -0.355589 0.428942 -0.0284112 -0.359024 0.433967
0.000680176 -0.35548 0.428768 -0.0274148 -0.358914 0.43379
0.0016589 -0.355371 0.428594 -0.0264181 -0.358804 0.433612
0.00263762 -0.355262 0.42842 -0.0254214 -0.358694 0.433435
0.00361635 -0.355154 0.428246 -0.0244246 -0.358584 0.433257
0.00459507 -0.355045 0.428072 -0.0234278 -0.358474 0.433079
0.00557379 -0.354936 0.427898 -0.0224309 -0.358364 0.432902
0.00655252 -0.354827 0.427724 -0.0214342 -0.358254 0.432724
0.00753124 -0.354719 0.42755 -0.0204376 -0.358143 0.432546
0.00850996 -0.35461 0.427376 -0.0194414 -0.358033 0.432369
0.00948869 -0.354501 0.427202 -0.0184472 -0.357923 0.432192
0.0104674 -0.354393 0.427028 -0.0174565 -0.357813 0.432015
0.0114461 -0.354284 0.426854 -0.0164689 -0.357703 0.431839
0.0124249 -0.354175 0.42668 -0.0154844 -0.357593 0.431663
0.0134036 -0.354066 0.426506 -0.0140123 -0.357429 0.431401
0.0143823 -0.353958 0.426332 -0.0130336 -0.357319 0.431227
0.015361 -0.353849 0.426158 -0.0120568 -0.35721 0.431052
0.0163398 -0.35374 0.425984 -0.0110815 -0.357101 0.430879
0.0173185 -0.353631 0.42581 -0.0101074 -0.356992 0.430705
0.0182972 -0.353523 0.425636 -0.00913433 -0.356883 0.430531
0.0192759 -0.353414 0.425462 -0.00816229 -0.356774 0.430358
0.0202546 -0.353305 0.425288 -0.00767662 -0.35672 0.430272
0.0212334 -0.353196 0.425114 -0.00622091 -0.356557 0.430012
0.0222121 -0.353088 0.42494 -0.0052514 -0.356448 0.429839
0.0231908 -0.352979 0.424766 -0.00428256 -0.35634 0.429667
0.0241695 -0.35287 0.424592 -0.00331428 -0.356232 0.429494
0.0251483 -0.352761 0.424418 -0.00234644 -0.356124 0.429322
0.026127 -0.352653 0.424244 -0.00186266 -0.356069 0.429235
0.0271057 -0.352544 0.42407 -0.000895311 -0.355961 0.429063
0.0280844 -0.352435 0.423896 7.18219e-05 -0.355853 0.428891
0.0290632 -0.352326 0.423722 0.00103883 -0.355746 0.428718
0.0300419 -0.352218 0.423548 0.00248926 -0.355584 0.42846
0.0310206 -0.352109 0.423374 0.00345622 -0.355476 0.428288
0.0319993 -0.352 0.4232 0.00442324 -0.355368 0.428115
0.0329781 -0.351891 0.423026 0.00490678 -0.355314 0.428029
0.0339568 -0.351783 0.422852 0.00587399 -0.355207 0.427857
0.0349355 -0.351674 0.422678 0.00732545 -0.355045 0.427598
0.0359142 -0.351565 0.422504 0.0078095 -0.354991 0.427512
0.0368929 -0.351456 0.42233 0.00926225 -0.35483 0.427253
0.0378717 -0.351348 0.422156 0.0102312 -0.354722 0.427081
0.0388504 -0.351239 0.421982 0.0112004 -0.354615 0.426908
0.0398291 -0.35113 0.421808 0.0121698 -0.354507 0.426736
0.0408078 -0.351021 0.421634 0.0131394 -0.3544 0.426563
0.0417866 -0.350913 0.42146 0.0141093 -0.354292 0.42639
0.0427653 -0.350804 0.421286 0.0150794 -0.354184 0.426217
0.043744 -0.350695 0.421112 0.0160497 -0.354077 0.426045
0.0447227 -0.350586 0.420938 0.0170202 -0.353969 0.425872
0.0457015 -0.350478 0.420764 0.0179909 -0.353861 0.425699
0.0466802 -0.350369 0.42059 0.0189619 -0.353754 0.425526
0.0476589 -0.35026 0.420416 0.0199332 -0.353646 0.425353
0.0486376 -0.350151 0.420242 0.0209048 -0.353539 0.42518
0.0496164 -0.350043 0.420068 0.0218768 -0.353431 0.425007
0.0505951 -0.349934 0.419894 0.022849 -0.353323 0.424834
0.0515738 -0.349825 0.41972 0.0238214 -0.353215 0.424661
0.0525525 -0.349716 0.419546 0.0247941 -0.353108 0.424488
0.0535312 -0.349608 0.419372 0.0257671 -0.353 0.424315
0.05451 -0.349499 0.419198 0.0267404 -0.352892 0.424141
0.0554887 -0.34939 0.419024 0.0277139 -0.352784 0.423968
0.0564674 -0.349281 0.41885 0.0286877 -0.352676 0.423795
0.0574461 -0.349173 0.418676 0.0296619 -0.352568 0.423622
0.0584249 -0.349064 0.418502 0.0306364 -0.352461 0.423448
0.0594036 -0.348955 0.418328 0.0311238 -0.352407 0.423361
0.0603823 -0.348846 0.418154 0.0325871 -0.352245 0.423101
0.061361 -0.348738 0.41798 0.0335636 -0.352137 0.422927
0.0623398 -0.348629 0.417806 0.0345404 -0.352028 0.422753
0.0633185 -0.34852 0.417632 0.0355172 -0.35192 0.42258
0.0642972 -0.348411 0.417458 0.0364939 -0.351812 0.422406
0.0652759 -0.348303 0.417284 0.0374705 -0.351704 0.422232
0.0662547 -0.348194 0.41711 0.0384471 -0.351596 0.422058
0.0672334 -0.348085 0.416936 0.0394236 -0.351488 0.421885
0.0682121 -0.347976 0.416762 0.0404001 -0.351379 0.421711
0.0691908 -0.347868 0.416588 0.0413764 -0.351271 0.421537
0.0701695 -0.347759 0.416414 0.042352 -0.351163 0.421364
0.0711483 -0.34765 0.41624 0.0433271 -0.351055 0.42119
0.072127 -0.347541 0.416066 0.0443021 -0.350947 0.421017
0.0731057 -0.347433 0.415892 0.0452778 -0.350838 0.420843
0.0740844 -0.347324 0.415718 0.0462549 -0.35073 0.420669
0.0750632 -0.347215 0.415544 0.0472333 -0.350622 0.420495
0.0760419 -0.347106 0.41537 0.0482119 -0.350513 0.420321
0.0770206 -0.346998 0.415196 0.0491902 -0.350405 0.420147
0.0779993 -0.346889 0.415022 0.0501679 -0.350296 0.419973
0.0789781 -0.34678 0.414848 0.0511451 -0.350188 0.4198
0.0799568 -0.346671 0.414674 0.0521221 -0.350079 0.419626
0.0809355 -0.346563 0.4145 0.0530992 -0.349971 0.419452
0.0819142 -0.346454 0.414326 0.0540762 -0.349863 0.419278
0.082893 -0.346345 0.414152 0.0550532 -0.349754 0.419105
0.0838717 -0.346236 0.413978 0.0560302 -0.349646 0.418931
0.0848504 -0.346128 0.413804 0.0570071 -0.349537 0.418757
0.0858291 -0.346019 0.41363 0.0579838 -0.349429 0.418584
0.0868078 -0.34591 0.413456 0.0589604 -0.34932 0.41841
0.0877866 -0.345801 0.413282 0.059937 -0.349212 0.418236
0.0887653 -0.345693 0.413108 0.0609136 -0.349103 0.418063
0.089744 -0.345584 0.412934 0.0618903 -0.348995 0.417889
0.0907227 -0.345475 0.41276 0.0628671 -0.348886 0.417716
0.0917015 -0.345367 0.412586 0.063844 -0.348778 0.417542
0.0926802 -0.345258 0.412412 0.0648209 -0.348669 0.417368
0.0936589 -0.345149 0.412238 0.0657979 -0.348561 0.417195
0.0946376 -0.34504 0.412064 0.066775 -0.348452 0.417021
0.0956164 -0.344932 0.41189 0.0677521 -0.348344 0.416847
0.0965951 -0.344823 0.411716 0.0687293 -0.348235 0.416674
0.0975738 -0.344714 0.411542 0.0697065 -0.348127 0.4165
0.0985525 -0.344605 0.411368 0.0706838 -0.348018 0.416326
0.0995313 -0.344497 0.411194 0.0716612 -0.34791 0.416153
0.10051 -0.344388 0.41102 0.0726386 -0.347801 0.415979
0.101489 -0.344279 0.410846 0.073616 -0.347693 0.415805
0.102467 -0.34417 0.410672 0.0745935 -0.347584 0.415632
0.103446 -0.344062 0.410498 0.0755711 -0.347475 0.415458
0.104425 -0.343953 0.410324 0.0765487 -0.347367 0.415284
0.105404 -0.343844 0.41015 0.0775263 -0.347258 0.415111
0.106382 -0.343735 0.409976 0.0785039 -0.347149 0.414937
0.107361 -0.343627 0.409802 0.0794815 -0.347041 0.414763
0.10834 -0.343518 0.409628 0.0804591 -0.346932 0.41459
0.109318 -0.343409 0.409454 0.0814368 -0.346824 0.414416
0.110297 -0.3433 0.40928 0.0824144 -0.346715 0.414242
0.111276 -0.343192 0.409107 0.0833921 -0.346606 0.414069
0.112255 -0.343083 0.408933 0.0843699 -0.346498 0.413895
0.113233 -0.342974 0.408759 0.0853477 -0.346389 0.413721
0.114212 -0.342865 0.408585 0.0863255 -0.34628 0.413548
0.115191 -0.342757 0.408411 0.0873034 -0.346172 0.413374
0.11617 -0.342648 0.408237 0.0882812 -0.346063 0.4132
0.117148 -0.342539 0.408063 0.0892591 -0.345954 0.413027
0.118127 -0.34243 0.407889 0.090237 -0.345845 0.412853
0.119106 -0.342322 0.407715 0.091215 -0.345737 0.412679
0.120084 -0.342213 0.407541 0.092193 -0.345628 0.412506
0.121063 -0.342104 0.407367 0.093171 -0.345519 0.412332
0.122042 -0.341995 0.407193 0.094149 -0.345411 0.412158
0.123021 -0.341887 0.407019 0.0951271 -0.345302 0.411985
0.123999 -0.341778 0.406845 0.0961052 -0.345193 0.411811
0.124978 -0.341669 0.406671 0.0970833 -0.345084 0.411637
0.125957 -0.34156 0.406497 0.0980614 -0.344976 0.411464
0.126936 -0.341452 0.406323 0.0985505 -0.344921 0.411377
0.127914 -0.341343 0.406149 0.100018 -0.344758 0.411116
0.128893 -0.341234 0.405975 0.100996 -0.344649 0.410943
0.129872 -0.341125 0.405801 0.101974 -0.34454 0.410769
0.13085 -0.341017 0.405627 0.102952 -0.344432 0.410596
0.131829 -0.340908 0.405453 0.103931 -0.344323 0.410422
0.132808 -0.340799 0.405279 0.104909 -0.344214 0.410248
0.133787 -0.34069 0.405105 0.105887 -0.344105 0.410075
0.134765 -0.340582 0.404931 0.106865 -0.343996 0.409901
0.135744 -0.340473 0.404757 0.107844 -0.343888 0.409727
0.136723 -0.340364 0.404583 0.108822 -0.343779 0.409554
0.137701 -0.340255 0.404409 0.1098 -0.34367 0.40938
0.13868 -0.340147 0.404235 0.110779 -0.343561 0.409207
0.139659 -0.340038 0.404061 0.111757 -0.343452 0.409033
0.140638 -0.339929 0.403887 0.112735 -0.343343 0.408859
0.141616 -0.33982 0.403713 0.113714 -0.343234 0.408686
0.142595 -0.339712 0.403539 0.114692 -0.343126 0.408512
0.143574 -0.339603 0.403365 0.11567 -0.343017 0.408339
0.144553 -0.339494 0.403191 0.116649 -0.342908 0.408165
0.145531 -0.339385 0.403017 0.117627 -0.342799 0.407992
0.14651 -0.339277 0.402843 0.118605 -0.34269 0.407818
0.147489 -0.339168 0.402669 0.119095 -0.342636 0.407731
0.148467 -0.339059 0.402495 0.120562 -0.342472 0.407471
0.149446 -0.33895 0.402321 0.121541 -0.342363 0.407297
0.150425 -0.338842 0.402147 0.12203 -0.342309 0.40721
0.151404 -0.338733 0.401973 0.123987 -0.342091 0.406863
0.152382 -0.338624 0.401799 0.124965 -0.341982 0.40669
0.153361 -0.338515 0.401625 0.125941 -0.341873 0.406517
0.15434 -0.338407 0.401451 0.126912 -0.341765 0.406344
0.155318 -0.338298 0.401277 0.127881 -0.341656 0.406173
0.156297 -0.338189 0.401103 0.128846 -0.341548 0.406001
0.157276 -0.33808 0.400929 0.129809 -0.34144 0.40583
0.158255 -0.337972 0.400755 0.130771 -0.341332 0.40566
0.159233 -0.337863 0.400581 0.131733 -0.341224 0.405489
0.160212 -0.337754 0.400407 0.132696 -0.341116 0.405318
0.161191 -0.337645 0.400233 0.133659 -0.341008 0.405147
0.16217 -0.337537 0.400059 0.134622 -0.3409 0.404977
0.163148 -0.337428 0.399885 0.135104 -0.340846 0.404891
0.164127 -0.337319 0.399711 0.136546 -0.340685 0.404635
0.165106 -0.33721 0.399537 0.137507 -0.340577 0.404465
0.166084 -0.337102 0.399363 0.138469 -0.34047 0.404294
0.167063 -0.336993 0.399189 0.13943 -0.340362 0.404124
0.168042 -0.336884 0.399015 0.140391 -0.340255 0.403953
0.169021 -0.336775 0.398841 0.14135 -0.340148 0.403783
0.169999 -0.336667 0.398667 0.142308 -0.34004 0.403613
0.170978 -0.336558 0.398493 0.142787 -0.339987 0.403528
0.171957 -0.336449 0.398319 0.144222 -0.339826 0.403274
0.172936 -0.33634 0.398145 0.145179 -0.339719 0.403104
0.173914 -0.336232 0.397971 0.146135 -0.339612 0.402935
0.174893 -0.336123 0.397797 0.148047 -0.339398 0.402596
0.175872 -0.336014 0.397623 0.148525 -0.339345 0.402511
0.17685 -0.335906 0.397449 0.149481 -0.339238 0.402341
0.177829 -0.335797 0.397275 0.150437 -0.339131 0.402172
0.178808 -0.335688 0.397101 0.150915 -0.339078 0.402087
0.179787 -0.335579 0.396927 0.153773 -0.338758 0.40158
0.180765 -0.335471 0.396753 0.154722 -0.338652 0.401412
0.181744 -0.335362 0.396579 0.155195 -0.338599 0.401328
0.182723 -0.335253 0.396405 0.156609 -0.33844 0.401077
0.183701 -0.335144 0.396231 0.15708 -0.338387 0.400994
0.18468 -0.335036 0.396057 0.158488 -0.338228 0.400744
0.185659 -0.334927 0.395883 0.159425 -0.338123 0.400578
0.186638 -0.334818 0.395709 0.159893 -0.33807 0.400495
0.187616 -0.334709 0.395535 0.160828 -0.337965 0.400329
0.188595 -0.334601 0.395361 0.161763 -0.33786 0.400163
0.189574 -0.334492 0.395187 0.162696 -0.337755 0.399998
0.190553 -0.334383 0.395013 0.16363 -0.33765 0.399832
0.191531 -0.334274 0.394839 0.164564 -0.337545 0.399666
0.19251 -0.334166 0.394665 0.165499 -0.337441 0.399501
0.193489 -0.334057 0.394491 0.166434 -0.337336 0.399335
0.194467 -0.333948 0.394317 0.167369 -0.337231 0.399169
0.195446 -0.333839 0.394143 0.168302 -0.337127 0.399003
0.196425 -0.333731 0.393969 0.1697 -0.33697 0.398756
0.197404 -0.333622 0.393795 0.170633 -0.336866 0.39859
0.198382 -0.333513 0.393621 0.1711 -0.336814 0.398507
0.199361 -0.333404 0.393447 0.172036 -0.336709 0.398342
0.20034 -0.333296 0.393273 0.173443 -0.336552 0.398092
0.201318 -0.333187 0.393099 0.173914 -0.3365 0.398009
0.202297 -0.333078 0.392925 0.174855 -0.336395 0.397842
0.203276 -0.332969 0.392751 0.175799 -0.33629 0.397675
0.204255 -0.332861 0.392577 0.176744 -0.336185 0.397507
0.205233 -0.332752 0.392403 0.178164 -0.336028 0.397256
0.206212 -0.332643 0.392229 0.178639 -0.335975 0.397172
0.207191 -0.332534 0.392055 0.180065 -0.335817 0.396919
0.20817 -0.332426 0.391881 0.180541 -0.335765 0.396835
0.209148 -0.332317 0.391707 0.181494 -0.335659 0.396666
0.210127 -0.332208 0.391533 0.18245 -0.335553 0.396497
0.211106 -0.332099 0.391359 0.183406 -0.335447 0.396328
0.212084 -0.331991 0.391185 0.184364 -0.335341 0.396158
0.213063 -0.331882 0.391011 0.185324 -0.335235 0.395988
0.214042 -0.331773 0.390837 0.186284 -0.335129 0.395818
0.215021 -0.331664 0.390663 0.187246 -0.335023 0.395648
0.215999 -0.331556 0.390489 0.188209 -0.334916 0.395477
0.216978 -0.331447 0.390315 0.189174 -0.33481 0.395306
0.217957 -0.331338 0.390141 0.190139 -0.334703 0.395136
0.218936 -0.331229 0.389967 0.191106 -0.334596 0.394964
0.219914 -0.331121 0.389793 0.192073 -0.334489 0.394793
0.220893 -0.331012 0.389619 0.193041 -0.334382 0.394622
0.221872 -0.330903 0.389445 0.193525 -0.334328 0.394536
0.22285 -0.330794 0.389271 0.19498 -0.334167 0.394279
0.223829 -0.330686 0.389097 0.19595 -0.334059 0.394107
0.224808 -0.330577 0.388923 0.196922 -0.333952 0.393935
0.225787 -0.330468 0.388749 0.197894 -0.333844 0.393763
0.226765 -0.330359 0.388575 0.198866 -0.333736 0.39359
0.227744 -0.330251 0.388401 0.19984 -0.333628 0.393418
0.228723 -0.330142 0.388227 0.200813 -0.33352 0.393246
0.229701 -0.330033 0.388053 0.201787 -0.333412 0.393073
0.23068 -0.329924 0.387879 0.202762 -0.333304 0.392901
0.231659 -0.329816 0.387705 0.203737 -0.333196 0.392728
0.232638 -0.329707 0.387531 0.204712 -0.333087 0.392555
0.233616 -0.329598 0.387357 0.205688 -0.332979 0.392383
0.234595 -0.329489 0.387183 0.206664 -0.33287 0.39221
0.235574 -0.329381 0.387009 0.207641 -0.332762 0.392037
0.236553 -0.329272 0.386835 0.208618 -0.332653 0.391864
0.237531 -0.329163 0.386661 0.209106 -0.332599 0.391777
0.23851 -0.329054 0.386487 0.210572 -0.332436 0.391518
0.239489 -0.328946 0.386313 0.211549 -0.332327 0.391345
0.240467 -0.328837 0.386139 0.212527 -0.332218 0.391171
0.241446 -0.328728 0.385965 0.213505 -0.332109 0.390998
0.242425 -0.328619 0.385791 0.214483 -0.332 0.390825
0.243404 -0.328511 0.385617 0.215461 -0.331891 0.390652
0.244382 -0.328402 0.385443 0.21595 -0.331837 0.390565
0.245361 -0.328293 0.385269 0.217906 -0.331619 0.390219
0.24634 -0.328184 0.385095 0.218884 -0.33151 0.390046
0.247319 -0.328076 0.384921 0.219862 -0.331401 0.389872
0.248297 -0.327967 0.384747 0.220839 -0.331291 0.389699
0.249276 -0.327858 0.384573 0.221816 -0.331182 0.389526
0.250255 -0.327749 0.384399 0.222792 -0.331073 0.389353
0.251233 -0.327641 0.384225 0.223768 -0.330964 0.389181
0.252212 -0.327532 0.384051 0.224744 -0.330855 0.389008
0.253191 -0.327423 0.383877 0.22572 -0.330746 0.388835
0.25417 -0.327314 0.383703 0.226697 -0.330637 0.388662
0.255148 -0.327206 0.383529 0.227673 -0.330528 0.388489
0.256127 -0.327097 0.383355 0.228649 -0.330419 0.388316
0.257106 -0.326988 0.383181 0.229625 -0.33031 0.388143
0.258084 -0.32688 0.383007 0.2306 -0.330201 0.38797
0.259063 -0.326771 0.382833 0.231576 -0.330092 0.387797
0.260042 -0.326662 0.382659 0.232551 -0.329983 0.387624
0.261021 -0.326553 0.382485 0.233526 -0.329874 0.387452
0.261999 -0.326445 0.382311 0.234501 -0.329765 0.387279
0.262978 -0.326336 0.382137 0.235476 -0.329656 0.387106
0.263957 -0.326227 0.381963 0.236451 -0.329547 0.386933
0.264936 -0.326118 0.381789 0.237426 -0.329438 0.386761
0.265914 -0.32601 0.381615 0.238401 -0.329329 0.386588
0.266893 -0.325901 0.381441 0.238889 -0.329274 0.386501
0.267872 -0.325792 0.381267 0.240352 -0.329111 0.386242
0.26885 -0.325683 0.381093 0.241327 -0.329002 0.386069
0.269829 -0.325575 0.380919 0.242303 -0.328893 0.385896
0.270808 -0.325466 0.380745 0.243279 -0.328784 0.385724
0.271787 -0.325357 0.380571 0.244255 -0.328675 0.385551
0.272765 -0.325248 0.380397 0.245231 -0.328566 0.385378
0.273744 -0.32514 0.380223 0.246206 -0.328457 0.385205
0.274723 -0.325031 0.380049 0.247182 -0.328348 0.385032
0.275701 -0.324922 0.379875 0.248158 -0.328239 0.384859
0.27668 -0.324813 0.379701 0.249133 -0.32813 0.384686
0.277659 -0.324705 0.379527 0.250109 -0.328021 0.384513
0.278638 -0.324596 0.379353 0.250597 -0.327966 0.384427
0.279616 -0.324487 0.379179 0.252061 -0.327803 0.384168
0.280595 -0.324378 0.379005 0.253038 -0.327694 0.383995
0.281574 -0.32427 0.378831 0.254014 -0.327585 0.383822
0.282553 -0.324161 0.378657 0.254502 -0.32753 0.383735
0.283531 -0.324052 0.378483 0.255967 -0.327367 0.383475
0.28451 -0.323943 0.378309 0.256944 -0.327258 0.383302
0.285489 -0.323835 0.378135 0.257921 -0.327149 0.383129
0.286467 -0.323726 0.377961 0.25841 -0.327094 0.383043
0.287446 -0.323617 0.377787 0.259876 -0.32693 0.382783
0.288425 -0.323508 0.377613 0.260854 -0.326821 0.38261
0.289404 -0.3234 0.377439 0.261832 -0.326712 0.382437
0.290382 -0.323291 0.377265 0.26281 -0.326603 0.382263
0.291361 -0.323182 0.377091 0.263789 -0.326494 0.38209
0.29234 -0.323073 0.376917 0.264767 -0.326384 0.381916
0.293319 -0.322965 0.376743 0.265747 -0.326275 0.381743
0.294297 -0.322856 0.376569 0.266726 -0.326166 0.38157
0.295276 -0.322747 0.376395 0.267705 -0.326057 0.381396
0.296255 -0.322638 0.376221 0.268195 -0.326002 0.381309
0.297233 -0.32253 0.376047 0.269664 -0.325838 0.381049
0.298212 -0.322421 0.375873 0.270643 -0.325729 0.380876
0.299191 -0.322312 0.375699 0.271623 -0.325619 0.380702
0.30017 -0.322203 0.375525 0.272602 -0.32551 0.380528
0.301148 -0.322095 0.375351 0.273581 -0.325401 0.380355
0.302127 -0.321986 0.375177 0.27456 -0.325292 0.380181
0.303106 -0.321877 0.375003 0.275539 -0.325182 0.380008
0.304084 -0.321768 0.374829 0.276028 -0.325128 0.379921
0.305063 -0.32166 0.374655 0.277494 -0.324964 0.379662
0.306042 -0.321551 0.374481 0.278469 -0.324855 0.379489
0.307021 -0.321442 0.374307 0.279442 -0.324746 0.379316
0.307999 -0.321333 0.374133 0.279927 -0.324691 0.37923
0.308978 -0.321225 0.373959 0.281383 -0.324528 0.378972
0.309957 -0.321116 0.373785 0.282354 -0.32442 0.3788
0.310936 -0.321007 0.373611 0.283325 -0.324311 0.378627
0.311914 -0.320898 0.373437 0.284294 -0.324202 0.378455
0.312893 -0.32079 0.373263 0.284778 -0.324148 0.37837
0.313872 -0.320681 0.373089 0.286225 -0.323986 0.378113
0.31485 -0.320572 0.372915 0.287188 -0.323878 0.377942
0.315829 -0.320463 0.372741 0.288149 -0.32377 0.377771
0.316808 -0.320355 0.372567 0.289109 -0.323662 0.377601
0.317787 -0.320246 0.372393 0.290068 -0.323554 0.37743
0.318765 -0.320137 0.372219 0.290547 -0.323501 0.377345
0.319744 -0.320028 0.372046 0.290547 -0.323501 0.377345
0.320723 -0.31992 0.371872 0.294369 -0.323071 0.376667
0.321701 -0.319811 0.371698 0.295317 -0.322965 0.376498
0.32268 -0.319702 0.371524 0.296261 -0.322858 0.37633
0.323659 -0.319593 0.37135 0.296732 -0.322805 0.376247
0.324638 -0.319485 0.371176 0.298141 -0.322646 0.375996
0.325616 -0.319376 0.371002 0.299078 -0.322541 0.375829
0.326595 -0.319267 0.370828 0.300014 -0.322435 0.375663
0.327574 -0.319158 0.370654 0.300948 -0.32233 0.375497
0.328553 -0.31905 0.37048 0.301881 -0.322225 0.375331
0.329531 -0.318941 0.370306 0.302814 -0.32212 0.375165
0.33051 -0.318832 0.370132 0.303747 -0.322015 0.374999
0.331489 -0.318723 0.369958 0.304679 -0.32191 0.374834
0.332467 -0.318615 0.369784 0.305611 -0.321805 0.374668
0.333446 -0.318506 0.36961 0.307011 -0.321648 0.374419
0.334425 -0.318397 0.369436 0.307945 -0.321544 0.374254
0.335404 -0.318288 0.369262 0.308878 -0.321439 0.374088
0.336382 -0.31818 0.369088 0.309344 -0.321387 0.374005
0.337361 -0.318071 0.368914 0.310275 -0.321283 0.37384
0.33834 -0.317962 0.36874 0.311674 -0.321126 0.373592
0.339319 -0.317853 0.368566 0.312607 -0.321022 0.373426
0.340297 -0.317745 0.368392 0.313543 -0.320917 0.37326
0.341276 -0.317636 0.368218 0.314479 -0.320813 0.373094
0.342255 -0.317527 0.368044 0.315417 -0.320708 0.372928
0.343233 -0.317419 0.36787 0.316357 -0.320603 0.372761
0.344212 -0.31731 0.367696 0.317298 -0.320498 0.372594
0.345191 -0.317201 0.367522 0.31824 -0.320393 0.372428
0.34617 -0.317092 0.367348 0.319183 -0.320289 0.372261
0.347148 -0.316984 0.367174 0.320127 -0.320183 0.372093
0.348127 -0.316875 0.367 0.3206 -0.320131 0.37201
0.349106 -0.316766 0.366826 0.322021 -0.319973 0.371758
0.350084 -0.316657 0.366652 0.32297 -0.319868 0.37159
0.351063 -0.316549 0.366478 0.32392 -0.319762 0.371422
0.352042 -0.31644 0.366304 0.324871 -0.319656 0.371253
0.353021 -0.316331 0.36613 0.325823 -0.319551 0.371085
0.353999 -0.316222 0.365956 0.326776 -0.319445 0.370916
0.354978 -0.316114 0.365782 0.32773 -0.319339 0.370747
0.355957 -0.316005 0.365608 0.328685 -0.319233 0.370578
0.356936 -0.315896 0.365434 0.329641 -0.319127 0.370409
0.357914 -0.315787 0.36526 0.330598 -0.319021 0.37024
0.358893 -0.315679 0.365086 0.331556 -0.318914 0.37007
0.359872 -0.31557 0.364912 0.332514 -0.318808 0.3699
0.36085 -0.315461 0.364738 0.333474 -0.318701 0.369731
0.361829 -0.315352 0.364564 0.334435 -0.318595 0.369561
0.362808 -0.315244 0.36439 0.334915 -0.318541 0.369475
0.363787 -0.315135 0.364216 0.336358 -0.318381 0.36922
0.364765 -0.315026 0.364042 0.337321 -0.318274 0.36905
0.365744 -0.314917 0.363868 0.338285 -0.318167 0.368879
0.366723 -0.314809 0.363694 0.339249 -0.31806 0.368708
0.367701 -0.3147 0.36352 0.340214 -0.317953 0.368537
0.36868 -0.314591 0.363346 0.341179 -0.317846 0.368366
0.369659 -0.314482 0.363172 0.342141 -0.317739 0.368196
0.370638 -0.314374 0.362998 0.343103 -0.317632 0.368026
0.371616 -0.314265 0.362824 0.344066 -0.317524 0.367855
0.372595 -0.314156 0.36265 0.345029 -0.317417 0.367684
0.373574 -0.314047 0.362476 0.345994 -0.31731 0.367513
0.374553 -0.313939 0.362302 0.346958 -0.317202 0.367342
0.375531 -0.31383 0.362128 0.347441 -0.317149 0.367257
0.37651 -0.313721 0.361954 0.348888 -0.316988 0.367
0.377489 -0.313612 0.36178 0.34937 -0.316934 0.366915
0.378467 -0.313504 0.361606 0.349851 -0.31688 0.366829
0.379446 -0.313395 0.361432 0.351293 -0.316719 0.366574
0.380425 -0.313286 0.361258 0.352254 -0.316612 0.366403
0.381404 -0.313177 0.361084 0.353699 -0.316451 0.366147
0.382382 -0.313069 0.36091 0.354663 -0.316344 0.365976
0.383361 -0.31296 0.360736 0.355628 -0.316236 0.365805
0.38434 -0.312851 0.360562 0.356593 -0.316129 0.365634
0.385319 -0.312742 0.360388 0.35756 -0.316021 0.365462
0.386297 -0.312634 0.360214 0.358044 -0.315967 0.365376
0.387276 -0.312525 0.36004 0.359494 -0.315805 0.365119
0.388255 -0.312416 0.359866 0.360461 -0.315698 0.364948
0.389233 -0.312307 0.359692 0.361429 -0.31559 0.364776
0.390212 -0.312199 0.359518 0.362398 -0.315482 0.364605
0.391191 -0.31209 0.359344 0.363366 -0.315374 0.364433
0.39217 -0.311981 0.35917 0.364332 -0.315266 0.364261
0.393148 -0.311872 0.358996 0.365297 -0.315159 0.36409
0.394127 -0.311764 0.358822 0.366261 -0.315051 0.363919
0.395106 -0.311655 0.358648 0.367225 -0.314944 0.363748
0.396084 -0.311546 0.358474 0.368188 -0.314836 0.363577
0.397063 -0.311437 0.3583 0.369151 -0.314729 0.363406
0.398042 -0.311329 0.358126 0.369632 -0.314675 0.363321
0.399021 -0.31122 0.357952 0.370114 -0.314621 0.363235
0.399999 -0.311111 0.357778 0.370595 -0.314567 0.36315
0.400978 -0.311002 0.357604 0.373481 -0.314245 0.362637
0.401957 -0.310894 0.35743 0.37396 -0.314191 0.362552
0.402936 -0.310785 0.357256 0.374916 -0.314084 0.362382
0.403914 -0.310676 0.357082 0.375868 -0.313978 0.362213
0.404893 -0.310567 0.356908 0.376817 -0.313871 0.362044
0.405872 -0.310459 0.356734 0.377292 -0.313818 0.36196
0.40685 -0.31035 0.35656 0.37872 -0.313658 0.361706
0.407829 -0.310241 0.356386 0.379675 -0.313552 0.361536
0.408808 -0.310132 0.356212 0.380632 -0.313445 0.361366
0.409787 -0.310024 0.356038 0.381591 -0.313338 0.361196
0.410765 -0.309915 0.355864 0.383032 -0.313177 0.36094
0.411744 -0.309806 0.35569 0.383995 -0.31307 0.36077
0.412723 -0.309697 0.355516 0.384477 -0.313016 0.360684
0.413701 -0.309589 0.355342 0.385924 -0.312855 0.360428
0.41468 -0.30948 0.355168 0.386407 -0.312801 0.360342
0.415659 -0.309371 0.354994 0.387374 -0.312694 0.360171
0.416638 -0.309262 0.35482 0.388344 -0.312586 0.359999
0.417616 -0.309154 0.354646 0.389802 -0.312424 0.359741
0.418595 -0.309045 0.354472 0.390774 -0.312316 0.359568
0.419574 -0.308936 0.354298 0.39126 -0.312262 0.359482
0.420553 -0.308827 0.354124 0.392233 -0.312154 0.35931
0.421531 -0.308719 0.35395 0.393207 -0.312046 0.359137
0.42251 -0.30861 0.353776 0.393694 -0.311991 0.359051
0.423489 -0.308501 0.353602 0.395643 -0.311775 0.358706
0.424467 -0.308393 0.353428 0.396131 -0.311721 0.358619
0.425446 -0.308284 0.353254 0.397596 -0.311558 0.358359
0.426425 -0.308175 0.35308 0.398085 -0.311503 0.358273
0.427404 -0.308066 0.352906 0.399062 -0.311395 0.3581
0.428382 -0.307958 0.352732 0.400527 -0.311232 0.35784
0.429361 -0.307849 0.352558 0.401016 -0.311177 0.357753
0.43034 -0.30774 0.352384 0.402483 -0.311014 0.357493
0.431319 -0.307631 0.35221 0.403462 -0.310905 0.35732
0.432297 -0.307523 0.352036 0.404444 -0.310796 0.357146
0.433276 -0.307414 0.351862 0.405425 -0.310687 0.356972
0.434255 -0.307305 0.351688 0.405916 -0.310633 0.356885
0.435233 -0.307196 0.351514 0.406897 -0.310523 0.356711
0.436212 -0.307088 0.35134 0.407878 -0.310414 0.356537
0.437191 -0.306979 0.351166 0.408858 -0.310305 0.356363
0.43817 -0.30687 0.350992 0.409348 -0.310251 0.356276
0.439148 -0.306761 0.350818 0.410818 -0.310087 0.356016
0.440127 -0.306653 0.350644 0.412286 -0.309923 0.355755
0.441106 -0.306544 0.35047 0.412776 -0.309869 0.355668
0.442084 -0.306435 0.350296 0.413265 -0.309814 0.355581
0.443063 -0.306326 0.350122 0.415222 -0.309596 0.355234
0.444042 -0.306218 0.349948 0.4162 -0.309487 0.35506
0.445021 -0.306109 0.349774 0.416689 -0.309433 0.354973
0.445999 -0.306 0.3496 0.418156 -0.309269 0.354713
0.446978 -0.305891 0.349426 0.419134 -0.30916 0.354539
0.447957 -0.305783 0.349252 0.420112 -0.309051 0.354366
0.448936 -0.305674 0.349078 0.42109 -0.308942 0.354192
0.449914 -0.305565 0.348904 0.422067 -0.308833 0.354018
0.450893 -0.305456 0.34873 0.423045 -0.308724 0.353845
0.451872 -0.305348 0.348556 0.424023 -0.308615 0.353671
0.45285 -0.305239 0.348382 0.425 -0.308506 0.353498
0.453829 -0.30513 0.348208 0.425978 -0.308397 0.353324
0.454808 -0.305021 0.348034 0.426956 -0.308288 0.35315
0.455787 -0.304913 0.34786 0.427933 -0.308179 0.352977
0.456765 -0.304804 0.347686 0.428911 -0.30807 0.352803
0.457744 -0.304695 0.347512 0.429889 -0.307961 0.352629
0.458723 -0.304586 0.347338 0.430378 -0.307906 0.352543
0.459702 -0.304478 0.347164 0.431356 -0.307797 0.352369
0.46068 -0.304369 0.34699 0.432823 -0.307634 0.352108
0.461659 -0.30426 0.346816 0.433801 -0.307525 0.351935
0.462638 -0.304151 0.346642 0.434779 -0.307416 0.351761
0.463616 -0.304043 0.346468 0.435269 -0.307361 0.351674
0.464595 -0.303934 0.346294 0.436247 -0.307252 0.3515
0.465574 -0.303825 0.34612 0.437225 -0.307143 0.351327
0.466553 -0.303716 0.345946 0.438692 -0.30698 0.351066
0.467531 -0.303608 0.345772 0.43967 -0.306871 0.350892
0.46851 -0.303499 0.345598 0.440159 -0.306816 0.350806
0.469489 -0.30339 0.345424 0.441137 -0.306707 0.350632
0.470467 -0.303281 0.34525 0.442116 -0.306598 0.350458
0.471446 -0.303173 0.345076 0.443583 -0.306435 0.350198
0.472425 -0.303064 0.344902 0.444561 -0.306326 0.350024
0.473404 -0.302955 0.344728 0.445051 -0.306271 0.349937
0.474382 -0.302846 0.344554 0.446518 -0.306108 0.349676
0.475361 -0.302738 0.34438 0.447496 -0.305999 0.349503
0.47634 -0.302629 0.344206 0.448475 -0.30589 0.349329
0.477319 -0.30252 0.344032 0.449453 -0.30578 0.349155
0.478297 -0.302411 0.343858 0.450432 -0.305671 0.348981
0.479276 -0.302303 0.343684 0.451411 -0.305562 0.348808
0.480255 -0.302194 0.34351 0.452389 -0.305453 0.348634
0.481233 -0.302085 0.343336 0.452878 -0.305399 0.348547
0.482212 -0.301976 0.343162 0.453857 -0.30529 0.348373
0.483191 -0.301868 0.342988 0.455325 -0.305126 0.348112
0.48417 -0.301759 0.342814 0.456303 -0.305017 0.347939
0.485148 -0.30165 0.34264 0.457281 -0.304908 0.347765
0.486127 -0.301541 0.342466 0.457771 -0.304854 0.347678
0.487106 -0.301433 0.342292 0.459239 -0.30469 0.347417
0.488084 -0.301324 0.342118 0.459728 -0.304636 0.34733
0.489063 -0.301215 0.341944 0.460707 -0.304527 0.347157
0.490042 -0.301106 0.34177 0.461686 -0.304418 0.346983
0.491021 -0.300998 0.341596 0.463154 -0.304254 0.346722
0.491999 -0.300889 0.341422 0.463643 -0.3042 0.346635
0.492978 -0.30078 0.341248 0.464622 -0.304091 0.346461
0.493957 -0.300671 0.341074 0.465601 -0.303982 0.346287
0.494936 -0.300563 0.3409 0.466579 -0.303873 0.346114
0.495914 -0.300454 0.340726 0.467558 -0.303764 0.34594
0.496893 -0.300345 0.340552 0.468537 -0.303655 0.345766
0.497872 -0.300236 0.340378 0.470005 -0.303491 0.345505
0.49885 -0.300128 0.340204 0.470984 -0.303382 0.345331
0.499829 -0.300019 0.34003 0.471963 -0.303273 0.345157
0.500808 -0.29991 0.339856 0.472454 -0.303218 0.34507
0.499829 -0.300019 0.34003 0.473434 -0.303109 0.344896
0.500808 -0.29991 0.339856 0.474415 -0.303 0.344722
0.499829 -0.300019 0.34003 0.475396 -0.302891 0.344548
0.500808 -0.29991 0.339856 0.476375 -0.302782 0.344374
0.499829 -0.300019 0.34003 0.477834 -0.302619 0.344114
0.500808 -0.29991 0.339856 0.478316 -0.302565 0.344029
0.499829 -0.300019 0.34003 0.47927 -0.302458 0.343858
0.500808 -0.29991 0.339856 0.480671 -0.3023 0.343607
0.499829 -0.300019 0.34003 0.481129 -0.302248 0.343525
0.500808 -0.29991 0.339856 0.48203 -0.302146 0.343363
0.499829 -0.300019 0.34003 0.482908 -0.302045 0.343204
0.500808 -0.29991 0.339856 0.483763 -0.301947 0.343048
0.499829 -0.300019 0.34003 0.484594 -0.301851 0.342897
0.500808 -0.29991 0.339856 0.485398 -0.301758 0.34275
0.499829 -0.300019 0.34003 0.486177 -0.301667 0.342607
0.500808 -0.29991 0.339856 0.486928 -0.301579 0.342468
0.499829 -0.300019 0.34003 0.487651 -0.301494 0.342334
0.500808 -0.29991 0.339856 0.488347 -0.301412 0.342205
0.499829 -0.300019 0.34003 0.488685 -0.301372 0.342142
0.500808 -0.29991 0.339856 0.489658 -0.301256 0.341961
0.499829 -0.300019 0.34003 0.490273 -0.301182 0.341846
0.500808 -0.29991 0.339856 0.49057 -0.301146 0.34179
0.499829 -0.300019 0.34003 0.491145 -0.301077 0.341682
0.500808 -0.29991 0.339856 0.491693 -0.301011 0.341578
0.499829 -0.300019 0.34003 0.491957 -0.300979 0.341528
0.500808 -0.29991 0.339856 0.492466 -0.300917 0.341432
0.499829 -0.300019 0.34003 0.493412 -0.300801 0.341252
0.500808 -0.29991 0.339856 0.493854 -0.300748 0.341168
0.499829 -0.300019 0.34003 0.494276 -0.300696 0.341088
0.500808 -0.29991 0.339856 0.494678 -0.300647 0.341011
0.499829 -0.300019 0.34003 0.495061 -0.3006 0.340938
0.500808 -0.29991 0.339856 0.495425 -0.300555 0.340869
0.499829 -0.300019 0.34003 0.49577 -0.300513 0.340803
0.500808 -0.29991 0.339856 0.496098 -0.300473 0.34074
0.499829 -0.300019 0.34003 0.496408 -0.300434 0.340681
0.500808 -0.29991 0.339856 0.496701 -0.300398 0.340625
0.499829 -0.300019 0.34003 0.496978 -0.300364 0.340572
0.500808 -0.29991 0.339856 0.497238 -0.300332 0.340522
0.499829 -0.300019 0.34003 0.497484 -0.300302 0.340475
0.500808 -0.29991 0.339856 0.497716 -0.300274 0.340431
0.499829 -0.300019 0.34003 0.497933 -0.300247 0.340389
0.500808 -0.29991 0.339856 0.498037 -0.300234 0.340369
0.499829 -0.300019 0.34003 0.498511 -0.300176 0.340279
0.500808 -0.29991 0.339856 0.498679 -0.300156 0.340247
0.499829 -0.300019 0.34003 0.498833 -0.300137 0.340217
0.500808 -0.29991 0.339856 0.498905 -0.300128 0.340204
0.499829 -0.300019 0.34003 0.499039 -0.300111 0.340178
