-0.39864 -0.399841 0.499759 -0.399618 -0.39995 0.499933
-0.397661 -0.399732 0.499585 -0.399618 -0.39995 0.499933
-0.396682 -0.399624 0.499411 -0.399618 -0.39995 0.499933
-0.395703 -0.399515 0.499237 -0.399617 -0.39995 0.499933
-0.394725 -0.399406 0.499063 -0.399613 -0.399949 0.499932
-0.393746 -0.399297 0.498889 -0.399601 -0.399948 0.49993
-0.392767 -0.399189 0.498715 -0.39958 -0.399946 0.499927
-0.391789 -0.39908 0.498541 -0.399546 -0.399942 0.49992
-0.39081 -0.398971 0.498367 -0.399495 -0.399937 0.499912
-0.389831 -0.398862 0.498193 -0.399425 -0.399929 0.4999
-0.388852 -0.398754 0.498019 -0.399335 -0.39992 0.499884
-0.387874 -0.398645 0.497845 -0.399282 -0.399914 0.499875
-0.386895 -0.398536 0.497671 -0.399157 -0.399901 0.499853
-0.385916 -0.398428 0.497497 -0.398924 -0.399877 0.499813
-0.384938 -0.398319 0.497323 -0.398736 -0.399858 0.499781
-0.383959 -0.39821 0.497149 -0.398522 -0.399836 0.499744
-0.38298 -0.398101 0.496975 -0.39828 -0.399811 0.499702
-0.382001 -0.397993 0.496801 -0.398011 -0.399784 0.499656
-0.381023 -0.397884 0.496627 -0.397715 -0.399754 0.499606
-0.380044 -0.397775 0.496453 -0.39739 -0.399721 0.49955
-0.379065 -0.397666 0.496279 -0.397218 -0.399704 0.499521
-0.378086 -0.397558 0.496105 -0.39666 -0.399648 0.499426
-0.377108 -0.397449 0.495931 -0.396256 -0.399608 0.499357
-0.376129 -0.39734 0.495757 -0.395825 -0.399565 0.499284
-0.37515 -0.397231 0.495583 -0.395369 -0.399519 0.499207
-0.374172 -0.397123 0.495409 -0.394637 -0.399446 0.499082
-0.373193 -0.397014 0.495235 -0.394381 -0.399421 0.499039
-0.372214 -0.396905 0.495061 -0.393576 -0.399341 0.498902
-0.371235 -0.396796 0.494887 -0.39301 -0.399284 0.498806
-0.370257 -0.396688 0.494713 -0.392424 -0.399226 0.498706
-0.369278 -0.396579 0.494539 -0.39182 -0.399166 0.498604
-0.368299 -0.39647 0.494365 -0.391198 -0.399103 0.498498
-0.36732 -0.396361 0.494191 -0.390555 -0.399039 0.498388
-0.366342 -0.396253 0.494017 -0.389893 -0.398972 0.498275
-0.365363 -0.396144 0.493843 -0.389212 -0.398904 0.498159
-0.364384 -0.396035 0.493669 -0.388513 -0.398833 0.49804
-0.363406 -0.395927 0.493495 -0.387797 -0.398761 0.497917
-0.362427 -0.395818 0.493321 -0.387065 -0.398687 0.497792
-0.361448 -0.395709 0.493147 -0.386693 -0.398649 0.497729
-0.360469 -0.3956 0.492973 -0.385556 -0.398534 0.497534
-0.359491 -0.395492 0.492799 -0.38478 -0.398454 0.4974
-0.358512 -0.395383 0.492625 -0.383991 -0.398374 0.497265
-0.357533 -0.395274 0.492451 -0.38319 -0.398292 0.497127
-0.356555 -0.395165 0.492277 -0.382378 -0.398208 0.496987
-0.355576 -0.395057 0.492103 -0.381555 -0.398123 0.496845
-0.354597 -0.394948 0.491929 -0.380722 -0.398037 0.496701
-0.353618 -0.394839 0.491755 -0.379878 -0.397949 0.496555
-0.35264 -0.39473 0.491581 -0.379024 -0.39786 0.496408
-0.351661 -0.394622 0.491407 -0.378162 -0.39777 0.496258
-0.350682 -0.394513 0.491233 -0.377291 -0.397679 0.496107
-0.349703 -0.394404 0.491059 -0.376411 -0.397587 0.495954
-0.348725 -0.394295 0.490885 -0.375524 -0.397493 0.4958
-0.347746 -0.394187 0.490711 -0.37463 -0.397399 0.495644
-0.346767 -0.394078 0.490537 -0.373729 -0.397303 0.495487
-0.345789 -0.393969 0.490363 -0.372822 -0.397207 0.495329
-0.34481 -0.39386 0.490189 -0.371909 -0.39711 0.495169
-0.343831 -0.393752 0.490015 -0.370991 -0.397012 0.495009
-0.342852 -0.393643 0.489841 -0.370067 -0.396913 0.494847
-0.341874 -0.393534 0.489667 -0.369139 -0.396814 0.494684
-0.340895 -0.393426 0.489493 -0.368207 -0.396713 0.49452
-0.339916 -0.393317 0.489319 -0.36727 -0.396612 0.494356
-0.338937 -0.393208 0.489145 -0.3668 -0.396562 0.494273
-0.337959 -0.393099 0.488971 -0.365385 -0.396409 0.494024
-0.33698 -0.392991 0.488798 -0.364438 -0.396306 0.493857
-0.336001 -0.392882 0.488624 -0.363963 -0.396254 0.493774
-0.335023 -0.392773 0.48845 -0.362535 -0.396099 0.493522
-0.334044 -0.392664 0.488276 -0.36158 -0.395995 0.493353
-0.333065 -0.392556 0.488102 -0.360623 -0.39589 0.493184
-0.332086 -0.392447 0.487928 -0.359663 -0.395785 0.493014
-0.331108 -0.392338 0.487754 -0.358701 -0.39568 0.492844
-0.330129 -0.392229 0.48758 -0.357737 -0.395574 0.492673
-0.32915 -0.392121 0.487406 -0.356771 -0.395468 0.492502
-0.328172 -0.392012 0.487232 -0.355804 -0.395361 0.49233
-0.327193 -0.391903 0.487058 -0.354835 -0.395255 0.492158
-0.326214 -0.391794 0.486884 -0.353865 -0.395148 0.491986
-0.325235 -0.391686 0.48671 -0.352894 -0.39504 0.491814
-0.324257 -0.391577 0.486536 -0.351922 -0.394933 0.491641
-0.323278 -0.391468 0.486362 -0.35095 -0.394825 0.491468
-0.322299 -0.39136 0.486188 -0.34998 -0.394718 0.491296
-0.32132 -0.391251 0.486014 -0.349012 -0.39461 0.491123
-0.320342 -0.391142 0.48584 -0.348045 -0.394502 0.490951
-0.319363 -0.391033 0.485666 -0.347079 -0.394395 0.490779
-0.318384 -0.390925 0.485492 -0.346597 -0.394341 0.490693
-0.317406 -0.390816 0.485318 -0.345148 -0.394179 0.490434
-0.316427 -0.390707 0.485144 -0.344181 -0.394071 0.490262
-0.315448 -0.390598 0.48497 -0.343211 -0.393963 0.490089
-0.314469 -0.39049 0.484796 -0.34224 -0.393855 0.489915
-0.313491 -0.390381 0.484622 -0.341268 -0.393747 0.489742
-0.312512 -0.390272 0.484448 -0.340297 -0.393638 0.489569
-0.311533 -0.390163 0.484274 -0.339326 -0.39353 0.489396
-0.310554 -0.390055 0.4841 -0.338354 -0.393422 0.489222
-0.309576 -0.389946 0.483926 -0.337382 -0.393313 0.489049
-0.308597 -0.389837 0.483752 -0.33641 -0.393205 0.488876
-0.307618 -0.389728 0.483578 -0.335438 -0.393096 0.488702
-0.30664 -0.38962 0.483404 -0.334465 -0.392988 0.488529
-0.305661 -0.389511 0.48323 -0.33349 -0.392879 0.488355
-0.304682 -0.389402 0.483056 -0.332514 -0.392771 0.488181
-0.303703 -0.389293 0.482882 -0.331537 -0.392662 0.488006
-0.302725 -0.389185 0.482708 -0.330558 -0.392553 0.487832
-0.301746 -0.389076 0.482534 -0.329578 -0.392444 0.487657
-0.300767 -0.388967 0.48236 -0.328597 -0.392335 0.487483
-0.299789 -0.388859 0.482186 -0.327617 -0.392226 0.487308
-0.29881 -0.38875 0.482012 -0.326639 -0.392117 0.487134
-0.297831 -0.388641 0.481838 -0.325662 -0.392008 0.486959
-0.296852 -0.388532 0.481664 -0.324687 -0.391899 0.486786
-0.295874 -0.388424 0.48149 -0.323714 -0.391791 0.486612
-0.294895 -0.388315 0.481316 -0.323228 -0.391736 0.486525
-0.293916 -0.388206 0.481142 -0.321771 -0.391574 0.486265
-0.292937 -0.388097 0.480968 -0.3208 -0.391465 0.486092
-0.291959 -0.387989 0.480794 -0.319831 -0.391357 0.485919
-0.29098 -0.38788 0.48062 -0.318862 -0.391249 0.485746
-0.290001 -0.387771 0.480446 -0.317893 -0.39114 0.485573
-0.289023 -0.387662 0.480272 -0.316925 -0.391032 0.4854
-0.288044 -0.387554 0.480098 -0.315957 -0.390924 0.485227
-0.287065 -0.387445 0.479924 -0.314989 -0.390816 0.485054
-0.286086 -0.387336 0.47975 -0.314022 -0.390708 0.484882
-0.285108 -0.387227 0.479576 -0.313054 -0.3906 0.484709
-0.284129 -0.387119 0.479402 -0.312086 -0.390492 0.484536
-0.28315 -0.38701 0.479228 -0.311119 -0.390384 0.484364
-0.282171 -0.386901 0.479054 -0.310151 -0.390276 0.484191
-0.281193 -0.386792 0.47888 -0.309183 -0.390168 0.484018
-0.280214 -0.386684 0.478706 -0.308215 -0.390061 0.483846
-0.279235 -0.386575 0.478532 -0.307247 -0.389953 0.483673
-0.278257 -0.386466 0.478358 -0.306278 -0.389845 0.4835
-0.277278 -0.386358 0.478184 -0.305309 -0.389737 0.483328
-0.276299 -0.386249 0.47801 -0.30434 -0.389629 0.483155
-0.27532 -0.38614 0.477836 -0.30337 -0.389521 0.482982
-0.274342 -0.386031 0.477662 -0.302401 -0.389413 0.482809
-0.273363 -0.385923 0.477488 -0.30143 -0.389306 0.482636
-0.272384 -0.385814 0.477314 -0.30046 -0.389198 0.482464
-0.271406 -0.385705 0.47714 -0.299489 -0.38909 0.482291
-0.270427 -0.385596 0.476966 -0.299004 -0.389036 0.482204
-0.269448 -0.385488 0.476792 -0.297547 -0.388874 0.481945
-0.268469 -0.385379 0.476618 -0.296575 -0.388766 0.481772
-0.267491 -0.38527 0.476444 -0.295603 -0.388658 0.481598
-0.266512 -0.385161 0.47627 -0.294631 -0.38855 0.481425
-0.265533 -0.385053 0.476096 -0.293658 -0.388443 0.481252
-0.264554 -0.384944 0.475922 -0.292685 -0.388335 0.481079
-0.263576 -0.384835 0.475748 -0.291711 -0.388227 0.480905
-0.262597 -0.384726 0.475574 -0.290738 -0.388119 0.480732
-0.261618 -0.384618 0.4754 -0.289764 -0.388011 0.480559
-0.26064 -0.384509 0.475226 -0.288787 -0.387902 0.480385
-0.259661 -0.3844 0.475052 -0.287807 -0.387794 0.480211
-0.258682 -0.384291 0.474878 -0.286826 -0.387686 0.480036
-0.257703 -0.384183 0.474704 -0.285355 -0.387523 0.479775
-0.256725 -0.384074 0.47453 -0.284865 -0.387469 0.479687
-0.255746 -0.383965 0.474356 -0.283885 -0.38736 0.479513
-0.254767 -0.383857 0.474182 -0.282416 -0.387197 0.479252
-0.253788 -0.383748 0.474008 -0.281437 -0.387089 0.479077
-0.25281 -0.383639 0.473834 -0.280948 -0.387035 0.47899
-0.251831 -0.38353 0.47366 -0.279481 -0.386872 0.478729
-0.250852 -0.383422 0.473486 -0.278503 -0.386763 0.478555
-0.249874 -0.383313 0.473312 -0.277525 -0.386655 0.478381
-0.248895 -0.383204 0.473138 -0.276548 -0.386547 0.478207
-0.247916 -0.383095 0.472964 -0.27557 -0.386438 0.478033
-0.246937 -0.382987 0.47279 -0.274593 -0.38633 0.477859
-0.245959 -0.382878 0.472616 -0.273616 -0.386221 0.477685
-0.24498 -0.382769 0.472442 -0.272639 -0.386113 0.477511
-0.244001 -0.38266 0.472268 -0.271662 -0.386004 0.477337
-0.243023 -0.382552 0.472094 -0.270685 -0.385896 0.477163
-0.242044 -0.382443 0.47192 -0.269708 -0.385787 0.476989
-0.241065 -0.382334 0.471746 -0.268732 -0.385679 0.476815
-0.240086 -0.382225 0.471572 -0.267755 -0.38557 0.476641
-0.239108 -0.382117 0.471398 -0.266778 -0.385462 0.476467
-0.238129 -0.382008 0.471224 -0.265801 -0.385354 0.476293
-0.23715 -0.381899 0.47105 -0.264824 -0.385245 0.476119
-0.236171 -0.38179 0.470876 -0.263847 -0.385137 0.475945
-0.235193 -0.381682 0.470702 -0.26287 -0.385028 0.475771
-0.234214 -0.381573 0.470528 -0.261893 -0.38492 0.475597
-0.233235 -0.381464 0.470354 -0.260916 -0.384811 0.475423
-0.232257 -0.381356 0.47018 -0.259939 -0.384703 0.475249
-0.231278 -0.381247 0.470006 -0.258962 -0.384594 0.475074
-0.230299 -0.381138 0.469832 -0.257985 -0.384486 0.4749
-0.22932 -0.381029 0.469658 -0.257008 -0.384378 0.474726
-0.228342 -0.380921 0.469484 -0.25603 -0.384269 0.474552
-0.227363 -0.380812 0.46931 -0.255053 -0.384161 0.474378
-0.226384 -0.380703 0.469136 -0.254076 -0.384052 0.474204
-0.225405 -0.380594 0.468962 -0.253098 -0.383944 0.47403
-0.224427 -0.380486 0.468788 -0.252121 -0.383835 0.473856
-0.223448 -0.380377 0.468614 -0.251143 -0.383727 0.473682
-0.222469 -0.380268 0.46844 -0.250165 -0.383618 0.473508
-0.221491 -0.380159 0.468266 -0.249188 -0.38351 0.473333
-0.220512 -0.380051 0.468092 -0.24821 -0.383401 0.473159
-0.219533 -0.379942 0.467918 -0.247232 -0.383293 0.472985
-0.218554 -0.379833 0.467744 -0.246254 -0.383184 0.472811
-0.217576 -0.379724 0.46757 -0.245276 -0.383076 0.472637
-0.216597 -0.379616 0.467396 -0.244298 -0.382967 0.472462
-0.215618 -0.379507 0.467222 -0.24332 -0.382858 0.472288
-0.214639 -0.379398 0.467048 -0.242342 -0.38275 0.472114
-0.213661 -0.37929 0.466874 -0.241364 -0.382641 0.47194
-0.212682 -0.379181 0.4667 -0.240386 -0.382533 0.471766
-0.211703 -0.379072 0.466526 -0.239897 -0.382479 0.471678
-0.210725 -0.378963 0.466352 -0.238919 -0.38237 0.471504
-0.209746 -0.378855 0.466178 -0.23794 -0.382261 0.47133
-0.208767 -0.378746 0.466004 -0.236959 -0.382153 0.471155
-0.207788 -0.378637 0.46583 -0.235978 -0.382044 0.47098
-0.20681 -0.378528 0.465656 -0.235488 -0.38199 0.470893
-0.205831 -0.37842 0.465482 -0.234017 -0.381827 0.470631
-0.204852 -0.378311 0.465308 -0.233037 -0.381718 0.470457
-0.203874 -0.378202 0.465134 -0.232057 -0.381609 0.470282
-0.202895 -0.378093 0.46496 -0.231077 -0.3815 0.470107
-0.201916 -0.377985 0.464786 -0.229608 -0.381337 0.469846
-0.200937 -0.377876 0.464612 -0.229118 -0.381283 0.469758
-0.199959 -0.377767 0.464438 -0.227649 -0.38112 0.469497
-0.19898 -0.377658 0.464264 -0.22667 -0.381011 0.469322
-0.198001 -0.37755 0.46409 -0.225691 -0.380903 0.469148
-0.197022 -0.377441 0.463916 -0.225202 -0.380848 0.469061
-0.196044 -0.377332 0.463742 -0.224223 -0.38074 0.468886
-0.195065 -0.377223 0.463568 -0.222755 -0.380577 0.468625
-0.194086 -0.377115 0.463394 -0.221776 -0.380468 0.46845
-0.193108 -0.377006 0.46322 -0.220798 -0.380359 0.468276
-0.192129 -0.376897 0.463046 -0.219819 -0.380251 0.468101
-0.19115 -0.376789 0.462872 -0.218841 -0.380142 0.467927
-0.190171 -0.37668 0.462698 -0.217862 -0.380033 0.467753
-0.189193 -0.376571 0.462524 -0.216883 -0.379925 0.467578
-0.188214 -0.376462 0.46235 -0.215904 -0.379816 0.467404
-0.187235 -0.376354 0.462176 -0.214924 -0.379707 0.467229
-0.186256 -0.376245 0.462002 -0.213944 -0.379599 0.467054
-0.185278 -0.376136 0.461828 -0.212963 -0.37949 0.46688
-0.184299 -0.376027 0.461654 -0.211982 -0.379381 0.466705
-0.18332 -0.375919 0.46148 -0.211982 -0.379381 0.466705
-0.182342 -0.37581 0.461306 -0.208554 -0.379001 0.466094
-0.181363 -0.375701 0.461132 -0.207583 -0.378892 0.465921
-0.180384 -0.375592 0.460958 -0.206139 -0.378731 0.465663
-0.179405 -0.375484 0.460784 -0.205661 -0.378677 0.465577
-0.178427 -0.375375 0.46061 -0.204711 -0.37857 0.465407
-0.177448 -0.375266 0.460436 -0.203296 -0.37841 0.465154
-0.176469 -0.375157 0.460262 -0.202827 -0.378357 0.46507
-0.175491 -0.375049 0.460088 -0.201426 -0.378199 0.464819
-0.174512 -0.37494 0.459914 -0.200496 -0.378094 0.464652
-0.173533 -0.374831 0.45974 -0.199568 -0.377989 0.464486
-0.172554 -0.374722 0.459566 -0.198642 -0.377884 0.46432
-0.171576 -0.374614 0.459392 -0.197718 -0.37778 0.464155
-0.170597 -0.374505 0.459218 -0.196795 -0.377675 0.463989
-0.169618 -0.374396 0.459044 -0.195872 -0.377571 0.463824
-0.168639 -0.374288 0.45887 -0.19495 -0.377467 0.463659
-0.167661 -0.374179 0.458696 -0.194028 -0.377364 0.463494
-0.166682 -0.37407 0.458522 -0.193106 -0.37726 0.463329
-0.165703 -0.373961 0.458348 -0.192183 -0.377157 0.463165
-0.164725 -0.373853 0.458174 -0.19126 -0.377053 0.463
-0.163746 -0.373744 0.458 -0.190337 -0.37695 0.462835
-0.162767 -0.373635 0.457826 -0.189412 -0.376846 0.462669
-0.161788 -0.373526 0.457652 -0.188486 -0.376743 0.462504
-0.16081 -0.373418 0.457478 -0.187559 -0.37664 0.462339
-0.159831 -0.373309 0.457304 -0.186631 -0.376537 0.462173
-0.158852 -0.3732 0.45713 -0.185236 -0.376382 0.461924
-0.157873 -0.373091 0.456956 -0.184304 -0.376278 0.461758
-0.156895 -0.372983 0.456782 -0.183838 -0.376226 0.461675
-0.155916 -0.372874 0.456608 -0.182904 -0.376123 0.461509
-0.154937 -0.372765 0.456434 -0.182437 -0.376071 0.461426
-0.153959 -0.372656 0.45626 -0.181032 -0.375916 0.461175
-0.15298 -0.372548 0.456086 -0.180093 -0.375812 0.461008
-0.152001 -0.372439 0.455912 -0.179153 -0.375708 0.460841
-0.151022 -0.37233 0.455738 -0.17774 -0.375552 0.460589
-0.150044 -0.372221 0.455564 -0.177268 -0.3755 0.460505
-0.149065 -0.372113 0.45539 -0.176323 -0.375396 0.460337
-0.148086 -0.372004 0.455216 -0.174902 -0.375239 0.460084
-0.147108 -0.371895 0.455042 -0.174428 -0.375187 0.46
-0.146129 -0.371787 0.454868 -0.173004 -0.37503 0.459746
-0.14515 -0.371678 0.454694 -0.172529 -0.374978 0.459662
-0.144171 -0.371569 0.45452 -0.171577 -0.374873 0.459493
-0.143193 -0.37146 0.454346 -0.170625 -0.374768 0.459323
-0.142214 -0.371352 0.454172 -0.169672 -0.374663 0.459154
-0.141235 -0.371243 0.453998 -0.16824 -0.374506 0.458899
-0.140256 -0.371134 0.453824 -0.167284 -0.3744 0.458729
-0.139278 -0.371025 0.45365 -0.166326 -0.374295 0.458558
-0.138299 -0.370917 0.453476 -0.165368 -0.374189 0.458388
-0.13732 -0.370808 0.453302 -0.164409 -0.374084 0.458217
-0.136342 -0.370699 0.453128 -0.163449 -0.373978 0.458046
-0.135363 -0.37059 0.452954 -0.162489 -0.373872 0.457875
-0.134384 -0.370482 0.45278 -0.161527 -0.373766 0.457704
-0.133405 -0.370373 0.452606 -0.160565 -0.37366 0.457533
-0.132427 -0.370264 0.452432 -0.160084 -0.373607 0.457447
-0.131448 -0.370155 0.452258 -0.158639 -0.373448 0.45719
-0.130469 -0.370047 0.452084 -0.157675 -0.373341 0.457018
-0.12949 -0.369938 0.45191 -0.15671 -0.373235 0.456847
-0.128512 -0.369829 0.451736 -0.155745 -0.373128 0.456675
-0.127533 -0.36972 0.451562 -0.15478 -0.373022 0.456503
-0.126554 -0.369612 0.451388 -0.153814 -0.372915 0.456331
-0.125576 -0.369503 0.451214 -0.153331 -0.372862 0.456245
-0.124597 -0.369394 0.45104 -0.151882 -0.372702 0.455987
-0.123618 -0.369286 0.450866 -0.150916 -0.372595 0.455815
-0.122639 -0.369177 0.450692 -0.149951 -0.372488 0.455643
-0.121661 -0.369068 0.450518 -0.148988 -0.372381 0.455471
-0.120682 -0.368959 0.450344 -0.148026 -0.372275 0.4553
-0.119703 -0.368851 0.45017 -0.147064 -0.372168 0.455128
-0.118725 -0.368742 0.449996 -0.146102 -0.372061 0.454957
-0.117746 -0.368633 0.449822 -0.145143 -0.371955 0.454786
-0.116767 -0.368524 0.449648 -0.144184 -0.371848 0.454615
-0.115788 -0.368416 0.449474 -0.143228 -0.371742 0.454444
-0.11481 -0.368307 0.4493 -0.142272 -0.371635 0.454274
-0.113831 -0.368198 0.449126 -0.141317 -0.371529 0.454103
-0.112852 -0.368089 0.448952 -0.140363 -0.371423 0.453933
-0.111873 -0.367981 0.448778 -0.13941 -0.371316 0.453763
-0.110895 -0.367872 0.448604 -0.138456 -0.37121 0.453593
-0.109916 -0.367763 0.44843 -0.13798 -0.371157 0.453508
-0.108937 -0.367654 0.448256 -0.13655 -0.370998 0.453252
-0.107959 -0.367546 0.448082 -0.135597 -0.370892 0.453082
-0.10698 -0.367437 0.447908 -0.134643 -0.370786 0.452912
-0.106001 -0.367328 0.447734 -0.133689 -0.37068 0.452742
-0.105022 -0.36722 0.44756 -0.132735 -0.370573 0.452572
-0.104044 -0.367111 0.447386 -0.131781 -0.370467 0.452402
-0.103065 -0.367002 0.447212 -0.130825 -0.370361 0.452231
-0.102086 -0.366893 0.447038 -0.129869 -0.370255 0.452061
-0.101107 -0.366785 0.446864 -0.128912 -0.370149 0.45189
-0.100129 -0.366676 0.44669 -0.127954 -0.370043 0.451719
-0.09915 -0.366567 0.446516 -0.126994 -0.369936 0.451548
-0.0981713 -0.366458 0.446342 -0.126034 -0.36983 0.451377
-0.0971926 -0.36635 0.446168 -0.125074 -0.369723 0.451205
-0.0962139 -0.366241 0.445994 -0.123632 -0.369564 0.450948
-0.0952351 -0.366132 0.44582 -0.123151 -0.369511 0.450863
-0.0942564 -0.366023 0.445646 -0.122189 -0.369404 0.450691
-0.0932777 -0.365915 0.445472 -0.121226 -0.369297 0.450519
-0.092299 -0.365806 0.445298 -0.120263 -0.369191 0.450348
-0.0913202 -0.365697 0.445124 -0.119299 -0.369084 0.450176
-0.0903415 -0.365588 0.44495 -0.118335 -0.368977 0.450004
-0.0893628 -0.36548 0.444776 -0.11737 -0.368871 0.449832
-0.0883841 -0.365371 0.444602 -0.116403 -0.368764 0.44966
-0.0874054 -0.365262 0.444428 -0.114953 -0.368603 0.449401
-0.0864266 -0.365153 0.444254 -0.114469 -0.36855 0.449315
-0.0854479 -0.365045 0.44408 -0.113017 -0.368389 0.449056
-0.0844692 -0.364936 0.443906 -0.112533 -0.368336 0.44897
-0.0834905 -0.364827 0.443732 -0.112048 -0.368282 0.448883
-0.0825117 -0.364719 0.443558 -0.110595 -0.368121 0.448624
-0.081533 -0.36461 0.443384 -0.109141 -0.36796 0.448365
-0.0805543 -0.364501 0.44321 -0.108656 -0.367907 0.448278
-0.0795756 -0.364392 0.443036 -0.107686 -0.367799 0.448106
-0.0785968 -0.364284 0.442862 -0.106716 -0.367692 0.447932
-0.0776181 -0.364175 0.442688 -0.105744 -0.367585 0.447759
-0.0766394 -0.364066 0.442514 -0.10477 -0.367477 0.447586
-0.0756607 -0.363957 0.44234 -0.104283 -0.367423 0.447499
-0.0746819 -0.363849 0.442166 -0.103796 -0.367369 0.447412
-0.0737032 -0.36374 0.441992 -0.101848 -0.367154 0.447065
-0.0727245 -0.363631 0.441818 -0.100875 -0.367046 0.446891
-0.0717458 -0.363522 0.441644 -0.0999005 -0.366938 0.446717
-0.070767 -0.363414 0.44147 -0.0989249 -0.36683 0.446543
-0.0697883 -0.363305 0.441296 -0.0979471 -0.366722 0.446369
-0.0688096 -0.363196 0.441122 -0.0969669 -0.366614 0.446194
-0.0678309 -0.363087 0.440948 -0.0964762 -0.36656 0.446107
-0.0668521 -0.362979 0.440774 -0.0959855 -0.366506 0.446019
-0.0658734 -0.36287 0.4406 -0.0940238 -0.366289 0.44567
-0.0648947 -0.362761 0.440426 -0.0930439 -0.366181 0.445495
-0.063916 -0.362652 0.440252 -0.0920645 -0.366073 0.44532
-0.0629372 -0.362544 0.440078 -0.0910854 -0.365964 0.445146
-0.0619585 -0.362435 0.439904 -0.0901067 -0.365856 0.444971
-0.0609798 -0.362326 0.43973 -0.0891284 -0.365747 0.444797
-0.0600011 -0.362218 0.439556 -0.0881506 -0.365639 0.444622
-0.0590224 -0.362109 0.439382 -0.0871732 -0.365531 0.444448
-0.0580436 -0.362 0.439208 -0.0861961 -0.365422 0.444274
-0.0570649 -0.361891 0.439034 -0.0852193 -0.365314 0.444099
-0.0560862 -0.361783 0.43886 -0.0842427 -0.365205 0.443925
-0.0551075 -0.361674 0.438686 -0.0827776 -0.365043 0.443664
-0.0541287 -0.361565 0.438512 -0.0818008 -0.364934 0.44349
-0.05315 -0.361456 0.438338 -0.0803354 -0.364772 0.443228
-0.0521713 -0.361348 0.438164 -0.079847 -0.364718 0.443141
-0.0511926 -0.361239 0.43799 -0.0783822 -0.364555 0.44288
-0.0502138 -0.36113 0.437816 -0.0774061 -0.364447 0.442706
-0.0492351 -0.361021 0.437642 -0.076432 -0.364338 0.442532
-0.0482564 -0.360913 0.437468 -0.0754613 -0.36423 0.442359
-0.0472777 -0.360804 0.437294 -0.0744942 -0.364122 0.442186
-0.0462989 -0.360695 0.43712 -0.0735307 -0.364015 0.442014
-0.0453202 -0.360586 0.436947 -0.0725703 -0.363907 0.441843
-0.0443415 -0.360478 0.436773 -0.0720912 -0.363853 0.441757
-0.0433628 -0.360369 0.436599 -0.0701801 -0.363639 0.441416
-0.042384 -0.36026 0.436425 -0.0692273 -0.363532 0.441246
-0.0414053 -0.360151 0.436251 -0.0682758 -0.363426 0.441076
-0.0404266 -0.360043 0.436077 -0.0678005 -0.363372 0.440991
-0.0394479 -0.359934 0.435903 -0.0663761 -0.363213 0.440737
-0.0384691 -0.359825 0.435729 -0.0654286 -0.363107 0.440567
-0.0374904 -0.359717 0.435555 -0.0644849 -0.363001 0.440399
-0.0365117 -0.359608 0.435381 -0.0635442 -0.362895 0.440231
-0.035533 -0.359499 0.435207 -0.0626038 -0.362789 0.440063
-0.0345542 -0.35939 0.435033 -0.0616623 -0.362684 0.439895
-0.0335755 -0.359282 0.434859 -0.0607198 -0.362578 0.439727
-0.0325968 -0.359173 0.434685 -0.0597763 -0.362473 0.439558
-0.0316181 -0.359064 0.434511 -0.0588317 -0.362368 0.43939
-0.0306393 -0.358955 0.434337 -0.0578863 -0.362262 0.439221
-0.0296606 -0.358847 0.434163 -0.0569398 -0.362157 0.439052
-0.0286819 -0.358738 0.433989 -0.0559922 -0.362051 0.438883
-0.0277032 -0.358629 0.433815 -0.0550434 -0.361946 0.438714
-0.0267245 -0.35852 0.433641 -0.0540934 -0.361841 0.438544
-0.0257457 -0.358412 0.433467 -0.0531424 -0.361735 0.438375
-0.024767 -0.358303 0.433293 -0.0521904 -0.36163 0.438205
-0.0237883 -0.358194 0.433119 -0.0517139 -0.361577 0.43812
-0.0228096 -0.358085 0.432945 -0.0493275 -0.361313 0.437695
-0.0218308 -0.357977 0.432771 -0.0483733 -0.361207 0.437525
-0.0208521 -0.357868 0.432597 -0.0474246 -0.361102 0.437355
-0.0198734 -0.357759 0.432423 -0.0464817 -0.360997 0.437187
-0.0188947 -0.35765 0.432249 -0.0455415 -0.360892 0.437019
-0.0179159 -0.357542 0.432075 -0.0446025 -0.360787 0.436852
-0.0169372 -0.357433 0.431901 -0.0436644 -0.360682 0.436685
-0.0159585 -0.357324 0.431727 -0.0427268 -0.360578 0.436517
-0.0149798 -0.357216 0.431553 -0.0417896 -0.360473 0.43635
-0.014001 -0.357107 0.431379 -0.041321 -0.360421 0.436267
-0.0130223 -0.356998 0.431205 -0.0399156 -0.360264 0.436016
-0.0120436 -0.356889 0.431031 -0.0385097 -0.360108 0.435765
-0.0110649 -0.356781 0.430857 -0.0380407 -0.360056 0.435682
-0.0100861 -0.356672 0.430683 -0.0371022 -0.359951 0.435514
-0.00910742 -0.356563 0.430509 -0.035694 -0.359795 0.435263
-0.00812869 -0.356454 0.430335 -0.0347566 -0.35969 0.435096
-0.00714997 -0.356346 0.430161 -0.0338217 -0.359586 0.43493
-0.00617124 -0.356237 0.429987 -0.0328874 -0.359482 0.434763
-0.00519252 -0.356128 0.429813 -0.0319519 -0.359378 0.434596
-0.0042138 -0.356019 0.429639 -0.0310149 -0.359274 0.434429
-0.00323507 -0.355911 0.429465 -0.0300766 -0.35917 0.434262
-0.00225635 -0.355802 0.429291 -0.0291368 -0.359066 0.434094
-0.00127762 -0.355693 0.429117 -0.0281955 -0.358962 0.433927
-0.000298899 -0.355584 0.428943 -0.0272527 -0.358857 0.433759
0.000679826 -0.355476 0.428769 -0.0263087 -0.358753 0.43359
0.00165855 -0.355367 0.428595 -0.0253651 -0.358649 0.433422
0.00263727 -0.355258 0.428421 -0.024423 -0.358544 0.433254
0.003616 -0.35515 0.428247 -0.0234809 -0.35844 0.433086
0.00459472 -0.355041 0.428073 -0.0225373 -0.358335 0.432918
0.00557345 -0.354932 0.427899 -0.021592 -0.358231 0.43275
0.00655217 -0.354823 0.427725 -0.0206454 -0.358126 0.432581
0.0075309 -0.354715 0.427551 -0.0196973 -0.358022 0.432412
0.00850962 -0.354606 0.427377 -0.0187479 -0.357917 0.432243
0.00948834 -0.354497 0.427203 -0.0177962 -0.357812 0.432074
0.0104671 -0.354388 0.427029 -0.0168422 -0.357707 0.431904
0.0114458 -0.35428 0.426855 -0.0154111 -0.357549 0.431649
0.0124245 -0.354171 0.426681 -0.0149348 -0.357497 0.431564
0.0134032 -0.354062 0.426507 -0.0139834 -0.357392 0.431394
0.014382 -0.353953 0.426333 -0.0130331 -0.357286 0.431225
0.0153607 -0.353845 0.426159 -0.0120834 -0.357181 0.431056
0.0163394 -0.353736 0.425985 -0.0111337 -0.357076 0.430887
0.0173181 -0.353627 0.425811 -0.0101831 -0.356971 0.430717
0.0182969 -0.353518 0.425637 -0.00875471 -0.356813 0.430463
0.0192756 -0.35341 0.425463 -0.00780201 -0.356708 0.430293
0.0202543 -0.353301 0.425289 -0.00684955 -0.356602 0.430124
0.021233 -0.353192 0.425115 -0.00589734 -0.356497 0.429954
0.0222118 -0.353083 0.424941 -0.00494511 -0.356392 0.429784
0.0231905 -0.352975 0.424767 -0.00399237 -0.356286 0.429615
0.0241692 -0.352866 0.424593 -0.00303909 -0.356181 0.429445
0.0251479 -0.352757 0.424419 -0.00208561 -0.356075 0.429275
0.0261267 -0.352649 0.424245 -0.00113202 -0.355969 0.429105
0.0271054 -0.35254 0.424071 -0.000178219 -0.355864 0.428935
0.0280841 -0.352431 0.423897 0.000775926 -0.355758 0.428765
0.0290628 -0.352322 0.423723 0.00173059 -0.355653 0.428595
0.0300416 -0.352214 0.423549 0.00268582 -0.355547 0.428425
0.0310203 -0.352105 0.423375 0.00364155 -0.355441 0.428255
0.031999 -0.351996 0.423201 0.00459779 -0.355335 0.428085
0.0329777 -0.351887 0.423027 0.00555457 -0.355229 0.427914
0.0339564 -0.351779 0.422853 0.00651193 -0.355123 0.427744
0.0349352 -0.35167 0.422679 0.0074699 -0.355017 0.427573
0.0359139 -0.351561 0.422505 0.00794912 -0.354964 0.427488
0.0368926 -0.351452 0.422331 0.00938775 -0.354805 0.427232
0.0378713 -0.351344 0.422157 0.0103474 -0.354699 0.427061
0.0388501 -0.351235 0.421983 0.0113069 -0.354593 0.42689
0.0398288 -0.351126 0.421809 0.0122664 -0.354487 0.426719
0.0408075 -0.351017 0.421635 0.0132265 -0.354381 0.426548
0.0417862 -0.350909 0.421461 0.0141875 -0.354274 0.426377
0.042765 -0.3508 0.421287 0.0151494 -0.354168 0.426206
0.0437437 -0.350691 0.421113 0.0161121 -0.354061 0.426034
0.0447224 -0.350582 0.420939 0.0170756 -0.353955 0.425863
0.0457011 -0.350474 0.420765 0.0180399 -0.353848 0.425691
0.0466799 -0.350365 0.420591 0.0190047 -0.353742 0.425519
0.0476586 -0.350256 0.420417 0.01997 -0.353635 0.425347
0.0486373 -0.350148 0.420243 0.0209359 -0.353528 0.425175
0.049616 -0.350039 0.420069 0.0219024 -0.353421 0.425003
0.0505948 -0.34993 0.419895 0.0228696 -0.353314 0.424831
0.0515735 -0.349821 0.419721 0.0238375 -0.353207 0.424659
0.0525522 -0.349713 0.419547 0.0248058 -0.3531 0.424487
0.0535309 -0.349604 0.419373 0.0257746 -0.352993 0.424314
0.0545097 -0.349495 0.419199 0.026744 -0.352886 0.424142
0.0554884 -0.349386 0.419025 0.0277138 -0.352779 0.423969
0.0564671 -0.349278 0.418851 0.0286841 -0.352671 0.423796
0.0574458 -0.349169 0.418677 0.0296548 -0.352564 0.423624
0.0584246 -0.34906 0.418503 0.0306259 -0.352457 0.423451
0.0594033 -0.348951 0.418329 0.0311117 -0.352403 0.423364
0.060382 -0.348843 0.418155 0.0330554 -0.352188 0.423018
0.0613607 -0.348734 0.417981 0.0340275 -0.35208 0.422845
0.0623395 -0.348625 0.417807 0.0349997 -0.351973 0.422672
0.0633182 -0.348516 0.417633 0.0359715 -0.351865 0.4225
0.0642969 -0.348408 0.417459 0.0369429 -0.351757 0.422327
0.0652756 -0.348299 0.417285 0.0374284 -0.351704 0.42224
0.0662543 -0.34819 0.417111 0.0388842 -0.351542 0.421981
0.0672331 -0.348081 0.416937 0.0393688 -0.351488 0.421895
0.0682118 -0.347973 0.416763 0.0408185 -0.351327 0.421637
0.0691905 -0.347864 0.416589 0.0417837 -0.35122 0.421465
0.0701692 -0.347755 0.416415 0.0427499 -0.351112 0.421294
0.071148 -0.347647 0.416241 0.0432329 -0.351059 0.421208
0.0721267 -0.347538 0.416067 0.0461128 -0.350737 0.420695
0.0731054 -0.347429 0.415893 0.0470618 -0.350631 0.420527
0.0740841 -0.34732 0.415719 0.0480058 -0.350524 0.420359
0.0750629 -0.347212 0.415545 0.0489454 -0.350418 0.420191
0.0760416 -0.347103 0.415371 0.0498813 -0.350313 0.420025
0.0770203 -0.346994 0.415197 0.0503481 -0.35026 0.419942
0.077999 -0.346885 0.415023 0.0522091 -0.35005 0.419611
0.0789778 -0.346777 0.414849 0.0531368 -0.349945 0.419446
0.0799565 -0.346668 0.414675 0.0540629 -0.34984 0.419281
0.0809352 -0.346559 0.414501 0.0549858 -0.349736 0.419117
0.0819139 -0.34645 0.414327 0.0559042 -0.349632 0.418954
0.0828927 -0.346342 0.414153 0.0568186 -0.349528 0.418791
0.0838714 -0.346233 0.413979 0.0572745 -0.349477 0.41871
0.0848501 -0.346124 0.413805 0.0586384 -0.349322 0.418468
0.0858288 -0.346015 0.413631 0.0595452 -0.34922 0.418306
0.0868076 -0.345907 0.413457 0.0604517 -0.349117 0.418145
0.0877863 -0.345798 0.413283 0.061359 -0.349015 0.417984
0.088765 -0.345689 0.413109 0.0622665 -0.348912 0.417823
0.0897437 -0.345581 0.412935 0.0631737 -0.34881 0.417661
0.0907225 -0.345472 0.412761 0.0640807 -0.348708 0.4175
0.0917012 -0.345363 0.412587 0.0649881 -0.348607 0.417339
0.0926799 -0.345254 0.412413 0.065896 -0.348505 0.417177
0.0936586 -0.345146 0.412239 0.0668047 -0.348403 0.417016
0.0946373 -0.345037 0.412065 0.0677144 -0.348301 0.416854
0.0956161 -0.344928 0.411891 0.0686254 -0.3482 0.416692
0.0965948 -0.344819 0.411717 0.069538 -0.348098 0.41653
0.0975735 -0.344711 0.411543 0.0704523 -0.347996 0.416368
0.0985522 -0.344602 0.411369 0.0713685 -0.347895 0.416205
0.099531 -0.344493 0.411195 0.0722869 -0.347793 0.416042
0.10051 -0.344384 0.411021 0.0732073 -0.347691 0.415878
0.101488 -0.344276 0.410847 0.0736683 -0.34764 0.415796
0.102467 -0.344167 0.410673 0.0745916 -0.347538 0.415632
0.103446 -0.344058 0.410499 0.0755168 -0.347436 0.415468
0.104425 -0.343949 0.410325 0.0764438 -0.347333 0.415303
0.105403 -0.343841 0.410151 0.076908 -0.347282 0.415221
0.106382 -0.343732 0.409977 0.0773727 -0.347231 0.415138
0.107361 -0.343623 0.409803 0.0792418 -0.347025 0.414806
0.108339 -0.343514 0.409629 0.0801848 -0.346922 0.414639
0.109318 -0.343406 0.409455 0.0811331 -0.346819 0.41447
0.110297 -0.343297 0.409281 0.0820864 -0.346715 0.414301
0.111276 -0.343188 0.409107 0.0830442 -0.34661 0.414131
0.112254 -0.34308 0.408933 0.0840061 -0.346506 0.41396
0.113233 -0.342971 0.408759 0.0849717 -0.346401 0.413788
0.114212 -0.342862 0.408585 0.0859404 -0.346296 0.413616
0.115191 -0.342753 0.408411 0.0869121 -0.34619 0.413444
0.116169 -0.342645 0.408237 0.0878863 -0.346084 0.413271
0.117148 -0.342536 0.408063 0.0888628 -0.345978 0.413098
0.118127 -0.342427 0.407889 0.0898414 -0.345871 0.412924
0.119105 -0.342318 0.407715 0.0908218 -0.345765 0.41275
0.120084 -0.34221 0.407541 0.0918037 -0.345658 0.412575
0.121063 -0.342101 0.407367 0.0927871 -0.34555 0.412401
0.122042 -0.341992 0.407193 0.0937716 -0.345443 0.412226
0.12302 -0.341883 0.407019 0.0947572 -0.345335 0.412051
0.123999 -0.341775 0.406845 0.0957436 -0.345227 0.411876
0.124978 -0.341666 0.406671 0.0967308 -0.345119 0.411701
0.125957 -0.341557 0.406497 0.0977187 -0.345011 0.411525
0.126935 -0.341448 0.406323 0.0987076 -0.344902 0.41135
0.127914 -0.34134 0.406149 0.0996972 -0.344793 0.411174
0.128893 -0.341231 0.405975 0.100687 -0.344685 0.410999
0.129871 -0.341122 0.405801 0.101677 -0.344576 0.410823
0.13085 -0.341013 0.405627 0.102667 -0.344466 0.410647
0.131829 -0.340905 0.405453 0.103657 -0.344357 0.410471
0.132808 -0.340796 0.405279 0.104647 -0.344248 0.410296
0.133786 -0.340687 0.405105 0.105637 -0.344138 0.41012
0.134765 -0.340579 0.404931 0.106627 -0.344029 0.409944
0.135744 -0.34047 0.404757 0.107616 -0.343919 0.409769
0.136722 -0.340361 0.404583 0.108605 -0.34381 0.409593
0.137701 -0.340252 0.404409 0.109594 -0.3437 0.409418
0.13868 -0.340144 0.404235 0.110583 -0.34359 0.409242
0.139659 -0.340035 0.404061 0.111572 -0.34348 0.409067
0.140637 -0.339926 0.403887 0.11256 -0.343371 0.408892
0.141616 -0.339817 0.403713 0.113547 -0.343261 0.408716
0.142595 -0.339709 0.403539 0.114535 -0.343151 0.408541
0.143574 -0.3396 0.403365 0.115522 -0.343041 0.408366
0.144552 -0.339491 0.403191 0.116509 -0.342931 0.408191
0.145531 -0.339382 0.403017 0.117002 -0.342876 0.408103
0.14651 -0.339274 0.402843 0.118481 -0.342711 0.407841
0.147488 -0.339165 0.402669 0.119467 -0.342601 0.407666
0.148467 -0.339056 0.402495 0.11996 -0.342546 0.407578
0.149446 -0.338947 0.402321 0.120945 -0.342436 0.407404
0.150425 -0.338839 0.402147 0.12193 -0.342327 0.407229
0.151403 -0.33873 0.401973 0.122915 -0.342217 0.407054
0.152382 -0.338621 0.401799 0.1239 -0.342107 0.40688
0.153361 -0.338512 0.401625 0.124884 -0.341997 0.406705
0.15434 -0.338404 0.401451 0.125868 -0.341887 0.406531
0.155318 -0.338295 0.401277 0.126851 -0.341777 0.406356
0.156297 -0.338186 0.401103 0.127835 -0.341667 0.406182
0.157276 -0.338078 0.400929 0.129311 -0.341503 0.40592
0.158254 -0.337969 0.400755 0.129802 -0.341448 0.405833
0.159233 -0.33786 0.400581 0.130786 -0.341338 0.405658
0.160212 -0.337751 0.400407 0.13226 -0.341173 0.405397
0.161191 -0.337643 0.400233 0.132751 -0.341118 0.40531
0.162169 -0.337534 0.400059 0.134225 -0.340954 0.405048
0.163148 -0.337425 0.399885 0.135207 -0.340844 0.404874
0.164127 -0.337316 0.399711 0.135698 -0.340789 0.404787
0.165105 -0.337208 0.399537 0.13717 -0.340625 0.404526
0.166084 -0.337099 0.399363 0.138152 -0.340515 0.404352
0.167063 -0.33699 0.399189 0.139133 -0.340406 0.404178
0.168042 -0.336881 0.399015 0.139624 -0.340351 0.404091
0.16902 -0.336773 0.398841 0.141096 -0.340187 0.40383
0.169999 -0.336664 0.398667 0.142077 -0.340077 0.403656
0.170978 -0.336555 0.398493 0.142567 -0.340022 0.403569
0.171957 -0.336446 0.398319 0.144039 -0.339858 0.403308
0.172935 -0.336338 0.398145 0.145019 -0.339749 0.403134
0.173914 -0.336229 0.397971 0.146 -0.339639 0.40296
0.174893 -0.33612 0.397797 0.14649 -0.339584 0.402873
0.175871 -0.336011 0.397623 0.147961 -0.33942 0.402613
0.17685 -0.335903 0.397449 0.148941 -0.339311 0.402439
0.177829 -0.335794 0.397275 0.149922 -0.339201 0.402265
0.178808 -0.335685 0.397101 0.150412 -0.339147 0.402178
0.179786 -0.335577 0.396927 0.151392 -0.339037 0.402004
0.180765 -0.335468 0.396753 0.152373 -0.338928 0.401831
0.181744 -0.335359 0.396579 0.153353 -0.338819 0.401657
0.182723 -0.33525 0.396405 0.154332 -0.338709 0.401483
0.183701 -0.335142 0.396231 0.155312 -0.3386 0.40131
0.18468 -0.335033 0.396057 0.156291 -0.338491 0.401136
0.185659 -0.334924 0.395883 0.157271 -0.338381 0.400962
0.186637 -0.334815 0.395709 0.15825 -0.338272 0.400789
0.187616 -0.334707 0.395535 0.15923 -0.338163 0.400615
0.188595 -0.334598 0.395361 0.160209 -0.338053 0.400442
0.189574 -0.334489 0.395187 0.161188 -0.337944 0.400268
0.190552 -0.33438 0.395013 0.162656 -0.33778 0.400008
0.191531 -0.334272 0.394839 0.163146 -0.337726 0.399921
0.19251 -0.334163 0.394665 0.164124 -0.337616 0.399748
0.193488 -0.334054 0.394491 0.165103 -0.337507 0.399574
0.194467 -0.333945 0.394317 0.166081 -0.337398 0.399401
0.195446 -0.333837 0.394143 0.16706 -0.337289 0.399227
0.196425 -0.333728 0.393969 0.167549 -0.337234 0.399141
0.197403 -0.333619 0.393795 0.169016 -0.33707 0.39888
0.198382 -0.333511 0.393621 0.169995 -0.336961 0.398707
0.199361 -0.333402 0.393447 0.170973 -0.336852 0.398534
0.20034 -0.333293 0.393273 0.171951 -0.336743 0.39836
0.201318 -0.333184 0.393099 0.17293 -0.336634 0.398187
0.202297 -0.333076 0.392925 0.173908 -0.336525 0.398014
0.203276 -0.332967 0.392751 0.174887 -0.336415 0.39784
0.204254 -0.332858 0.392577 0.175866 -0.336306 0.397667
0.205233 -0.332749 0.392403 0.176845 -0.336197 0.397493
0.206212 -0.332641 0.392229 0.177823 -0.336088 0.39732
0.207191 -0.332532 0.392055 0.178802 -0.335979 0.397146
0.208169 -0.332423 0.391881 0.17978 -0.33587 0.396973
0.209148 -0.332314 0.391707 0.180759 -0.33576 0.3968
0.210127 -0.332206 0.391533 0.181737 -0.335651 0.396626
0.211106 -0.332097 0.391359 0.182715 -0.335542 0.396453
0.212084 -0.331988 0.391185 0.183694 -0.335433 0.39628
0.213063 -0.331879 0.391011 0.184183 -0.335378 0.396193
0.214042 -0.331771 0.390837 0.18565 -0.335215 0.395933
0.21502 -0.331662 0.390663 0.186629 -0.335106 0.39576
0.215999 -0.331553 0.390489 0.187609 -0.334996 0.395586
0.216978 -0.331444 0.390315 0.18859 -0.334887 0.395412
0.217957 -0.331336 0.390141 0.18957 -0.334778 0.395239
0.218935 -0.331227 0.389967 0.19055 -0.334668 0.395065
0.219914 -0.331118 0.389793 0.19153 -0.334559 0.394892
0.220893 -0.33101 0.389619 0.192019 -0.334505 0.394805
0.221871 -0.330901 0.389445 0.193489 -0.334341 0.394544
0.22285 -0.330792 0.389271 0.19447 -0.334231 0.394371
0.223829 -0.330683 0.389097 0.195455 -0.334122 0.394196
0.224808 -0.330575 0.388923 0.196441 -0.334012 0.394022
0.225786 -0.330466 0.388749 0.197426 -0.333903 0.393847
0.226765 -0.330357 0.388575 0.197918 -0.333848 0.39376
0.227744 -0.330248 0.388401 0.199394 -0.333683 0.393499
0.228723 -0.33014 0.388227 0.200379 -0.333574 0.393324
0.229701 -0.330031 0.388053 0.201367 -0.333464 0.393149
0.23068 -0.329922 0.387879 0.202355 -0.333354 0.392974
0.231659 -0.329813 0.387705 0.203343 -0.333244 0.392799
0.232637 -0.329705 0.387531 0.204821 -0.333079 0.392538
0.233616 -0.329596 0.387357 0.205313 -0.333024 0.39245
0.234595 -0.329487 0.387183 0.206788 -0.33286 0.392189
0.235574 -0.329378 0.387009 0.20777 -0.33275 0.392015
0.236552 -0.32927 0.386835 0.208751 -0.33264 0.391841
0.237531 -0.329161 0.386661 0.209732 -0.332531 0.391668
0.23851 -0.329052 0.386487 0.210711 -0.332421 0.391494
0.239489 -0.328943 0.386313 0.21169 -0.332312 0.391321
0.240467 -0.328835 0.386139 0.212668 -0.332202 0.391147
0.241446 -0.328726 0.385965 0.213646 -0.332093 0.390974
0.242425 -0.328617 0.385791 0.214623 -0.331984 0.390801
0.243403 -0.328509 0.385617 0.2156 -0.331874 0.390628
0.244382 -0.3284 0.385443 0.216576 -0.331765 0.390455
0.245361 -0.328291 0.385269 0.217551 -0.331656 0.390282
0.24634 -0.328182 0.385096 0.218523 -0.331547 0.39011
0.247318 -0.328074 0.384922 0.219491 -0.331438 0.389938
0.248297 -0.327965 0.384748 0.220459 -0.331329 0.389766
0.249276 -0.327856 0.384574 0.221428 -0.331221 0.389594
0.250254 -0.327747 0.3844 0.222398 -0.331112 0.389422
0.251233 -0.327639 0.384226 0.223367 -0.331003 0.389251
0.252212 -0.32753 0.384052 0.224334 -0.330895 0.389079
0.253191 -0.327421 0.383878 0.225299 -0.330786 0.388908
0.254169 -0.327312 0.383704 0.226264 -0.330678 0.388737
0.255148 -0.327204 0.38353 0.22723 -0.33057 0.388566
0.256127 -0.327095 0.383356 0.228198 -0.330462 0.388394
0.257106 -0.326986 0.383182 0.229167 -0.330353 0.388222
0.258084 -0.326877 0.383008 0.230138 -0.330245 0.388051
0.259063 -0.326769 0.382834 0.231109 -0.330136 0.387878
0.260042 -0.32666 0.38266 0.232081 -0.330028 0.387706
0.26102 -0.326551 0.382486 0.233054 -0.329919 0.387534
0.261999 -0.326442 0.382312 0.234027 -0.329811 0.387362
0.262978 -0.326334 0.382138 0.235001 -0.329702 0.387189
0.263957 -0.326225 0.381964 0.235975 -0.329593 0.387017
0.264935 -0.326116 0.38179 0.236951 -0.329485 0.386844
0.265914 -0.326008 0.381616 0.237438 -0.32943 0.386757
0.266893 -0.325899 0.381442 0.239873 -0.329159 0.386326
0.267872 -0.32579 0.381268 0.240841 -0.32905 0.386155
0.26885 -0.325681 0.381094 0.241803 -0.328942 0.385984
0.269829 -0.325573 0.38092 0.242759 -0.328835 0.385814
0.270808 -0.325464 0.380746 0.243712 -0.328727 0.385645
0.271786 -0.325355 0.380572 0.244665 -0.32862 0.385476
0.272765 -0.325246 0.380398 0.245617 -0.328513 0.385307
0.273744 -0.325138 0.380224 0.246568 -0.328406 0.385138
0.274723 -0.325029 0.38005 0.24752 -0.328299 0.384969
0.275701 -0.32492 0.379876 0.248471 -0.328192 0.384801
0.27668 -0.324811 0.379702 0.249422 -0.328086 0.384632
0.277659 -0.324703 0.379528 0.250373 -0.327979 0.384463
0.278637 -0.324594 0.379354 0.251324 -0.327872 0.384294
0.279616 -0.324485 0.37918 0.252276 -0.327765 0.384126
0.280595 -0.324376 0.379006 0.252752 -0.327712 0.384041
0.281574 -0.324268 0.378832 0.25418 -0.327552 0.383788
0.282552 -0.324159 0.378658 0.255129 -0.327446 0.38362
0.283531 -0.32405 0.378484 0.256076 -0.327339 0.383452
0.28451 -0.323941 0.37831 0.257023 -0.327233 0.383284
0.285489 -0.323833 0.378136 0.257972 -0.327127 0.383116
0.286467 -0.323724 0.377962 0.258922 -0.327021 0.382947
0.287446 -0.323615 0.377788 0.259874 -0.326914 0.382778
0.288425 -0.323507 0.377614 0.260827 -0.326808 0.382609
0.289403 -0.323398 0.37744 0.261782 -0.326701 0.38244
0.290382 -0.323289 0.377266 0.262739 -0.326595 0.382271
0.291361 -0.32318 0.377092 0.263696 -0.326488 0.382101
0.29234 -0.323072 0.376918 0.264655 -0.326381 0.381931
0.293318 -0.322963 0.376744 0.265615 -0.326274 0.381761
0.294297 -0.322854 0.37657 0.266576 -0.326168 0.381591
0.295276 -0.322745 0.376396 0.267538 -0.326061 0.381421
0.296255 -0.322637 0.376222 0.268501 -0.325953 0.38125
0.297233 -0.322528 0.376048 0.269466 -0.325846 0.38108
0.298212 -0.322419 0.375874 0.270431 -0.325739 0.380909
0.299191 -0.32231 0.3757 0.271397 -0.325632 0.380738
0.300169 -0.322202 0.375526 0.272364 -0.325524 0.380567
0.301148 -0.322093 0.375352 0.273332 -0.325417 0.380395
0.302127 -0.321984 0.375178 0.2743 -0.325309 0.380224
0.303106 -0.321875 0.375004 0.27527 -0.325201 0.380052
0.304084 -0.321767 0.37483 0.27624 -0.325093 0.379881
0.305063 -0.321658 0.374656 0.27721 -0.324986 0.379709
0.306042 -0.321549 0.374482 0.278182 -0.324878 0.379537
0.307021 -0.321441 0.374308 0.278668 -0.324824 0.379451
0.307999 -0.321332 0.374134 0.279154 -0.32477 0.379365
0.308978 -0.321223 0.37396 0.280612 -0.324607 0.379107
0.309957 -0.321114 0.373786 0.282072 -0.324445 0.378848
0.310935 -0.321006 0.373612 0.283046 -0.324337 0.378676
0.311914 -0.320897 0.373438 0.284507 -0.324174 0.378417
0.312893 -0.320788 0.373264 0.285481 -0.324066 0.378245
0.313872 -0.320679 0.37309 0.286455 -0.323957 0.378072
0.31485 -0.320571 0.372916 0.286942 -0.323903 0.377986
0.315829 -0.320462 0.372742 0.288402 -0.323741 0.377727
0.316808 -0.320353 0.372568 0.289375 -0.323632 0.377555
0.317786 -0.320244 0.372394 0.290349 -0.323524 0.377382
0.318765 -0.320136 0.37222 0.291321 -0.323415 0.37721
0.319744 -0.320027 0.372046 0.29229 -0.323307 0.377038
0.320723 -0.319918 0.371872 0.293256 -0.323199 0.376867
0.321701 -0.319809 0.371698 0.29422 -0.323091 0.376696
0.32268 -0.319701 0.371524 0.295182 -0.322983 0.376525
0.323659 -0.319592 0.37135 0.296144 -0.322875 0.376354
0.324638 -0.319483 0.371176 0.297104 -0.322768 0.376184
0.325616 -0.319374 0.371002 0.298063 -0.32266 0.376014
0.326595 -0.319266 0.370828 0.299021 -0.322553 0.375844
0.327574 -0.319157 0.370654 0.299977 -0.322446 0.375674
0.328552 -0.319048 0.37048 0.300932 -0.322339 0.375504
0.329531 -0.31894 0.370306 0.301886 -0.322231 0.375335
0.33051 -0.318831 0.370132 0.302839 -0.322125 0.375166
0.331489 -0.318722 0.369958 0.303792 -0.322018 0.374996
0.332467 -0.318613 0.369784 0.304745 -0.321911 0.374827
0.333446 -0.318505 0.36961 0.305697 -0.321804 0.374658
0.334425 -0.318396 0.369436 0.30665 -0.321697 0.374489
0.335404 -0.318287 0.369262 0.307603 -0.321591 0.37432
0.336382 -0.318178 0.369088 0.308556 -0.321484 0.374151
0.337361 -0.31807 0.368914 0.30951 -0.321377 0.373981
0.33834 -0.317961 0.36874 0.310463 -0.32127 0.373812
0.339318 -0.317852 0.368566 0.311418 -0.321164 0.373643
0.340297 -0.317743 0.368392 0.312372 -0.321057 0.373474
0.341276 -0.317635 0.368218 0.313328 -0.32095 0.373304
0.342255 -0.317526 0.368044 0.314283 -0.320844 0.373135
0.343233 -0.317417 0.36787 0.31524 -0.320737 0.372965
0.344212 -0.317308 0.367696 0.316197 -0.32063 0.372795
0.345191 -0.3172 0.367522 0.317155 -0.320523 0.372626
0.346169 -0.317091 0.367348 0.318114 -0.320416 0.372456
0.347148 -0.316982 0.367174 0.319075 -0.320309 0.372285
0.348127 -0.316873 0.367 0.320036 -0.320202 0.372115
0.349106 -0.316765 0.366826 0.320998 -0.320095 0.371945
0.350084 -0.316656 0.366652 0.321961 -0.319988 0.371774
0.351063 -0.316547 0.366478 0.322924 -0.319881 0.371603
0.352042 -0.316439 0.366304 0.323887 -0.319773 0.371433
0.353021 -0.31633 0.36613 0.324852 -0.319666 0.371262
0.353999 -0.316221 0.365956 0.325817 -0.319558 0.371091
0.354978 -0.316112 0.365782 0.326782 -0.319451 0.37092
0.355957 -0.316004 0.365608 0.327749 -0.319343 0.370749
0.356935 -0.315895 0.365434 0.328716 -0.319236 0.370577
0.357914 -0.315786 0.36526 0.329685 -0.319128 0.370406
0.358893 -0.315677 0.365086 0.330653 -0.31902 0.370234
0.359872 -0.315569 0.364912 0.331623 -0.318912 0.370062
0.36085 -0.31546 0.364738 0.332592 -0.318805 0.369891
0.361829 -0.315351 0.364564 0.333562 -0.318697 0.369719
0.362808 -0.315242 0.36439 0.334533 -0.318589 0.369547
0.363787 -0.315134 0.364216 0.335504 -0.318481 0.369375
0.364765 -0.315025 0.364042 0.336476 -0.318372 0.369203
0.365744 -0.314916 0.363868 0.337449 -0.318264 0.36903
0.366723 -0.314807 0.363694 0.338422 -0.318156 0.368858
0.367701 -0.314699 0.36352 0.339396 -0.318048 0.368685
0.36868 -0.31459 0.363346 0.34037 -0.317939 0.368513
0.369659 -0.314481 0.363172 0.340856 -0.317885 0.368427
0.370638 -0.314372 0.362998 0.342317 -0.317722 0.368168
0.371616 -0.314264 0.362824 0.343779 -0.31756 0.367909
0.372595 -0.314155 0.36265 0.344753 -0.317451 0.367736
0.373574 -0.314046 0.362476 0.345239 -0.317397 0.36765
0.374552 -0.313938 0.362302 0.346209 -0.317289 0.367478
0.375531 -0.313829 0.362128 0.346693 -0.317235 0.367392
0.37651 -0.31372 0.361954 0.348634 -0.317018 0.367048
0.377489 -0.313611 0.36178 0.349607 -0.31691 0.366875
0.378467 -0.313503 0.361606 0.350583 -0.316801 0.366702
0.379446 -0.313394 0.361432 0.351559 -0.316692 0.366529
0.380425 -0.313285 0.361258 0.352536 -0.316584 0.366356
0.381404 -0.313176 0.361084 0.353513 -0.316475 0.366183
0.382382 -0.313068 0.36091 0.354001 -0.31642 0.366096
0.383361 -0.312959 0.360736 0.355467 -0.316257 0.365837
0.38434 -0.31285 0.360562 0.355955 -0.316203 0.36575
0.385318 -0.312741 0.360388 0.356933 -0.316094 0.365577
0.386297 -0.312633 0.360214 0.35791 -0.315985 0.365403
0.387276 -0.312524 0.36004 0.358399 -0.315931 0.365317
0.388255 -0.312415 0.359866 0.359865 -0.315767 0.365057
0.389233 -0.312306 0.359692 0.360843 -0.315658 0.364883
0.390212 -0.312198 0.359518 0.36182 -0.315549 0.36471
0.391191 -0.312089 0.359344 0.362798 -0.31544 0.364537
0.39217 -0.31198 0.35917 0.363775 -0.315331 0.364363
0.393148 -0.311871 0.358996 0.364753 -0.315222 0.36419
0.394127 -0.311763 0.358822 0.365732 -0.315113 0.364016
0.395106 -0.311654 0.358648 0.366711 -0.315004 0.363843
0.396084 -0.311545 0.358474 0.36769 -0.314895 0.363669
0.397063 -0.311437 0.3583 0.368669 -0.314786 0.363495
0.398042 -0.311328 0.358126 0.369648 -0.314677 0.363322
0.399021 -0.311219 0.357952 0.370627 -0.314568 0.363148
0.399999 -0.31111 0.357778 0.371606 -0.314458 0.362974
0.400978 -0.311002 0.357604 0.372585 -0.314349 0.362801
0.401957 -0.310893 0.35743 0.373564 -0.31424 0.362627
0.402935 -0.310784 0.357256 0.374543 -0.314131 0.362453
0.403914 -0.310675 0.357082 0.375522 -0.314022 0.36228
0.404893 -0.310567 0.356908 0.376501 -0.313913 0.362106
0.405872 -0.310458 0.356734 0.37748 -0.313803 0.361932
0.40685 -0.310349 0.35656 0.378459 -0.313694 0.361759
0.407829 -0.31024 0.356386 0.379437 -0.313585 0.361585
0.408808 -0.310132 0.356212 0.380416 -0.313476 0.361411
0.409787 -0.310023 0.356038 0.381395 -0.313367 0.361237
0.410765 -0.309914 0.355864 0.382374 -0.313258 0.361064
0.411744 -0.309805 0.35569 0.383353 -0.313148 0.36089
0.412723 -0.309697 0.355516 0.384332 -0.313039 0.360716
0.413701 -0.309588 0.355342 0.384822 -0.312985 0.360629
0.41468 -0.309479 0.355168 0.38678 -0.312766 0.360282
0.415659 -0.309371 0.354994 0.387269 -0.312712 0.360195
0.416638 -0.309262 0.35482 0.388248 -0.312602 0.360021
0.417616 -0.309153 0.354646 0.389227 -0.312493 0.359848
0.418595 -0.309044 0.354472 0.390206 -0.312384 0.359674
0.419574 -0.308936 0.354298 0.391185 -0.312275 0.3595
0.420553 -0.308827 0.354124 0.392164 -0.312166 0.359326
0.421531 -0.308718 0.35395 0.393142 -0.312057 0.359153
0.42251 -0.308609 0.353776 0.394121 -0.311947 0.358979
0.423489 -0.308501 0.353602 0.3951 -0.311838 0.358805
0.424467 -0.308392 0.353428 0.396079 -0.311729 0.358631
0.425446 -0.308283 0.353254 0.397058 -0.31162 0.358458
0.426425 -0.308174 0.35308 0.398038 -0.311511 0.358284
0.427404 -0.308066 0.352906 0.399017 -0.311402 0.35811
0.428382 -0.307957 0.352732 0.400485 -0.311238 0.357849
0.429361 -0.307848 0.352558 0.401464 -0.311129 0.357676
0.43034 -0.307739 0.352384 0.402443 -0.311019 0.357502
0.431318 -0.307631 0.35221 0.403422 -0.31091 0.357328
0.432297 -0.307522 0.352036 0.404401 -0.310801 0.357154
0.433276 -0.307413 0.351862 0.40538 -0.310692 0.35698
0.434255 -0.307304 0.351688 0.406359 -0.310583 0.356807
0.435233 -0.307196 0.351514 0.406849 -0.310528 0.35672
0.436212 -0.307087 0.35134 0.408318 -0.310365 0.356459
0.437191 -0.306978 0.351166 0.409297 -0.310255 0.356285
0.43817 -0.30687 0.350992 0.410276 -0.310146 0.356111
0.439148 -0.306761 0.350818 0.411255 -0.310037 0.355938
0.440127 -0.306652 0.350644 0.412234 -0.309928 0.355764
0.441106 -0.306543 0.35047 0.413213 -0.309819 0.35559
0.442084 -0.306435 0.350296 0.414192 -0.30971 0.355416
0.443063 -0.306326 0.350122 0.415171 -0.3096 0.355242
0.444042 -0.306217 0.349948 0.41615 -0.309491 0.355068
0.445021 -0.306108 0.349774 0.417129 -0.309382 0.354895
0.445999 -0.306 0.3496 0.418108 -0.309273 0.354721
0.446978 -0.305891 0.349426 0.419087 -0.309164 0.354547
0.447957 -0.305782 0.349252 0.420067 -0.309055 0.354373
0.448936 -0.305673 0.349078 0.421046 -0.308946 0.354199
0.449914 -0.305565 0.348904 0.422026 -0.308836 0.354025
0.450893 -0.305456 0.34873 0.423005 -0.308727 0.353851
0.451872 -0.305347 0.348556 0.423986 -0.308618 0.353677
0.45285 -0.305238 0.348382 0.424968 -0.308509 0.353503
0.453829 -0.30513 0.348208 0.425949 -0.308399 0.353329
0.454808 -0.305021 0.348034 0.426931 -0.30829 0.353155
0.455787 -0.304912 0.34786 0.427912 -0.308181 0.352981
0.456765 -0.304803 0.347686 0.428892 -0.308072 0.352807
0.457744 -0.304695 0.347512 0.429383 -0.308017 0.35272
0.458723 -0.304586 0.347338 0.430853 -0.307853 0.352459
0.459701 -0.304477 0.347164 0.431833 -0.307744 0.352285
0.46068 -0.304369 0.34699 0.432813 -0.307635 0.352111
0.461659 -0.30426 0.346816 0.433793 -0.307525 0.351936
0.462638 -0.304151 0.346642 0.434774 -0.307416 0.351762
0.463616 -0.304042 0.346468 0.435754 -0.307307 0.351588
0.464595 -0.303934 0.346294 0.436734 -0.307198 0.351414
0.465574 -0.303825 0.34612 0.437714 -0.307089 0.35124
0.466553 -0.303716 0.345946 0.438693 -0.306979 0.351066
0.467531 -0.303607 0.345772 0.439673 -0.30687 0.350892
0.46851 -0.303499 0.345598 0.440653 -0.306761 0.350718
0.469489 -0.30339 0.345424 0.441632 -0.306652 0.350545
0.470467 -0.303281 0.34525 0.442611 -0.306543 0.350371
0.471446 -0.303172 0.345076 0.44359 -0.306434 0.350197
0.472425 -0.303064 0.344902 0.44457 -0.306324 0.350023
0.473404 -0.302955 0.344728 0.445549 -0.306215 0.349849
0.474382 -0.302846 0.344554 0.446528 -0.306106 0.349675
0.475361 -0.302737 0.34438 0.447506 -0.305997 0.349501
0.47634 -0.302629 0.344206 0.448485 -0.305888 0.349327
0.477319 -0.30252 0.344032 0.449464 -0.305779 0.349153
0.478297 -0.302411 0.343858 0.450443 -0.30567 0.34898
0.479276 -0.302302 0.343684 0.451421 -0.305561 0.348806
0.480255 -0.302194 0.34351 0.45191 -0.305506 0.348719
0.481233 -0.302085 0.343336 0.452889 -0.305397 0.348545
0.482212 -0.301976 0.343162 0.454356 -0.305234 0.348285
0.483191 -0.301868 0.342988 0.454845 -0.305179 0.348198
0.48417 -0.301759 0.342814 0.455824 -0.30507 0.348024
0.485148 -0.30165 0.34264 0.456803 -0.304961 0.34785
0.486127 -0.301541 0.342466 0.457293 -0.304907 0.347763
0.487106 -0.301433 0.342292 0.458765 -0.304743 0.347502
0.488084 -0.301324 0.342118 0.459746 -0.304634 0.347327
0.489063 -0.301215 0.341944 0.46122 -0.30447 0.347066
0.490042 -0.301106 0.34177 0.461712 -0.304415 0.346979
0.491021 -0.300998 0.341596 0.463186 -0.304251 0.346717
0.491999 -0.300889 0.341422 0.464168 -0.304141 0.346543
0.492978 -0.30078 0.341248 0.464659 -0.304087 0.346455
0.493957 -0.300671 0.341074 0.465641 -0.303977 0.346281
0.494936 -0.300563 0.3409 0.466622 -0.303868 0.346107
0.495914 -0.300454 0.340726 0.468092 -0.303704 0.345846
0.496893 -0.300345 0.340552 0.468582 -0.30365 0.345759
0.497872 -0.300236 0.340378 0.470053 -0.303486 0.345498
0.49885 -0.300128 0.340204 0.471032 -0.303377 0.345324
0.499829 -0.300019 0.34003 0.472012 -0.303268 0.345149
0.500808 -0.29991 0.339856 0.472502 -0.303213 0.345062
0.499829 -0.300019 0.34003 0.473481 -0.303104 0.344888
0.500808 -0.29991 0.339856 0.473971 -0.303049 0.344802
0.499829 -0.300019 0.34003 0.475928 -0.302831 0.344454
0.500808 -0.29991 0.339856 0.476905 -0.302722 0.34428
0.499829 -0.300019 0.34003 0.479325 -0.302452 0.343849
0.500808 -0.29991 0.339856 0.479801 -0.302399 0.343764
0.499829 -0.300019 0.34003 0.48074 -0.302293 0.343596
0.500808 -0.29991 0.339856 0.483002 -0.302036 0.343188
0.499829 -0.300019 0.34003 0.483872 -0.301936 0.343031
0.500808 -0.29991 0.339856 0.484719 -0.301839 0.342877
0.499829 -0.300019 0.34003 0.485542 -0.301744 0.342727
0.500808 -0.29991 0.339856 0.48673 -0.301606 0.342509
0.499829 -0.300019 0.34003 0.487852 -0.301474 0.342302
0.500808 -0.29991 0.339856 0.488564 -0.30139 0.34217
0.499829 -0.300019 0.34003 0.48925 -0.301309 0.342043
0.500808 -0.29991 0.339856 0.489909 -0.301231 0.34192
0.499829 -0.300019 0.34003 0.49054 -0.301155 0.341802
0.500808 -0.29991 0.339856 0.491144 -0.301083 0.341689
0.499829 -0.300019 0.34003 0.491722 -0.301013 0.34158
0.500808 -0.29991 0.339856 0.492275 -0.300946 0.341476
0.499829 -0.300019 0.34003 0.492803 -0.300882 0.341376
0.500808 -0.29991 0.339856 0.493304 -0.300822 0.341281
0.499829 -0.300019 0.34003 0.493778 -0.300764 0.341191
0.500808 -0.29991 0.339856 0.494225 -0.300709 0.341106
0.499829 -0.300019 0.34003 0.494646 -0.300657 0.341025
0.500808 -0.29991 0.339856 0.495236 -0.300584 0.340913
0.499829 -0.300019 0.34003 0.495423 -0.300561 0.340877
0.500808 -0.29991 0.339856 0.495783 -0.300517 0.340808
0.499829 -0.300019 0.34003 0.496287 -0.300454 0.340711
0.500808 -0.29991 0.339856 0.496602 -0.300416 0.340651
0.499829 -0.300019 0.34003 0.496899 -0.300379 0.340594
0.500808 -0.29991 0.339856 0.497042 -0.300361 0.340566
0.499829 -0.300019 0.34003 0.497445 -0.300311 0.340489
0.500808 -0.29991 0.339856 0.497572 -0.300296 0.340465
0.499829 -0.300019 0.34003 0.497815 -0.300266 0.340418
0.500808 -0.29991 0.339856 0.498043 -0.300238 0.340374
0.499829 -0.300019 0.34003 0.498257 -0.300211 0.340333
0.500808 -0.29991 0.339856 0.498554 -0.300175 0.340276
0.499829 -0.300019 0.34003 0.498736 -0.300152 0.340241
0.500808 -0.29991 0.339856 0.498822 -0.300141 0.340225
0.499829 -0.300019 0.34003 0.498986 -0.300121 0.340193
0.500808 -0.29991 0.339856 0.49914 -0.300102 0.340164
