-0.398639 -0.399849 0.499758 -0.399616 -0.399957 0.499932
-0.39766 -0.39974 0.499584 -0.399616 -0.399957 0.499932
-0.396682 -0.399631 0.49941 -0.399616 -0.399957 0.499932
-0.395703 -0.399523 0.499236 -0.399614 -0.399957 0.499932
-0.394724 -0.399414 0.499062 -0.399608 -0.399956 0.499931
-0.393745 -0.399305 0.498888 -0.399594 -0.399955 0.499928
-0.392767 -0.399196 0.498714 -0.399569 -0.399952 0.499924
-0.391788 -0.399088 0.49854 -0.399529 -0.399948 0.499917
-0.390809 -0.398979 0.498366 -0.399472 -0.399941 0.499907
-0.389831 -0.39887 0.498192 -0.399437 -0.399938 0.499901
-0.388852 -0.398761 0.498018 -0.399304 -0.399924 0.499878
-0.387873 -0.398653 0.497844 -0.399191 -0.399912 0.499858
-0.386894 -0.398544 0.49767 -0.399057 -0.399898 0.499835
-0.385916 -0.398435 0.497496 -0.398899 -0.399881 0.499807
-0.384937 -0.398326 0.497322 -0.398717 -0.399863 0.499776
-0.383958 -0.398218 0.497148 -0.398509 -0.399841 0.49974
-0.382979 -0.398109 0.496974 -0.398276 -0.399817 0.4997
-0.382001 -0.398 0.4968 -0.398015 -0.399791 0.499656
-0.381022 -0.397891 0.496626 -0.397574 -0.399746 0.49958
-0.380043 -0.397783 0.496452 -0.397246 -0.399713 0.499524
-0.379065 -0.397674 0.496278 -0.396892 -0.399677 0.499464
-0.378086 -0.397565 0.496104 -0.396512 -0.399639 0.499399
-0.377107 -0.397456 0.49593 -0.396106 -0.399599 0.49933
-0.376128 -0.397348 0.495756 -0.395674 -0.399555 0.499256
-0.37515 -0.397239 0.495582 -0.395216 -0.39951 0.499179
-0.374171 -0.39713 0.495408 -0.394977 -0.399486 0.499138
-0.373192 -0.397021 0.495234 -0.394225 -0.399411 0.49901
-0.372213 -0.396913 0.49506 -0.393962 -0.399385 0.498966
-0.371235 -0.396804 0.494886 -0.393416 -0.39933 0.498873
-0.370256 -0.396695 0.494712 -0.392846 -0.399274 0.498776
-0.369277 -0.396586 0.494538 -0.392253 -0.399215 0.498675
-0.368299 -0.396478 0.494364 -0.391638 -0.399154 0.498571
-0.36732 -0.396369 0.49419 -0.390678 -0.399058 0.498408
-0.366341 -0.39626 0.494016 -0.390347 -0.399025 0.498352
-0.365362 -0.396151 0.493842 -0.389672 -0.398957 0.498237
-0.364384 -0.396043 0.493668 -0.388979 -0.398888 0.498119
-0.363405 -0.395934 0.493494 -0.388269 -0.398816 0.497997
-0.362426 -0.395825 0.49332 -0.387543 -0.398743 0.497874
-0.361448 -0.395716 0.493146 -0.386427 -0.39863 0.497683
-0.360469 -0.395608 0.492972 -0.385664 -0.398553 0.497552
-0.35949 -0.395499 0.492798 -0.385278 -0.398514 0.497486
-0.358511 -0.39539 0.492624 -0.384495 -0.398434 0.497351
-0.357533 -0.395281 0.49245 -0.3837 -0.398352 0.497215
-0.356554 -0.395173 0.492276 -0.382892 -0.398269 0.497076
-0.355575 -0.395064 0.492102 -0.382074 -0.398185 0.496935
-0.354596 -0.394955 0.491928 -0.381245 -0.398099 0.496792
-0.353618 -0.394846 0.491754 -0.380406 -0.398012 0.496647
-0.352639 -0.394738 0.49158 -0.379129 -0.39788 0.496426
-0.35166 -0.394629 0.491406 -0.378699 -0.397835 0.496351
-0.350682 -0.39452 0.491232 -0.377833 -0.397744 0.496201
-0.349703 -0.394411 0.491058 -0.376958 -0.397652 0.496049
-0.348724 -0.394303 0.490884 -0.376075 -0.39756 0.495895
-0.347745 -0.394194 0.49071 -0.375185 -0.397466 0.495741
-0.346767 -0.394085 0.490536 -0.374289 -0.397371 0.495584
-0.345788 -0.393976 0.490362 -0.372932 -0.397227 0.495347
-0.344809 -0.393868 0.490188 -0.372477 -0.397178 0.495268
-0.343831 -0.393759 0.490014 -0.371103 -0.397032 0.495028
-0.342852 -0.39365 0.48984 -0.370642 -0.396982 0.494947
-0.341873 -0.393541 0.489666 -0.369717 -0.396883 0.494785
-0.340894 -0.393433 0.489492 -0.36832 -0.396733 0.49454
-0.339916 -0.393324 0.489318 -0.367852 -0.396683 0.494457
-0.338937 -0.393215 0.489144 -0.366914 -0.396582 0.494292
-0.337958 -0.393106 0.48897 -0.3655 -0.396429 0.494044
-0.336979 -0.392998 0.488796 -0.364553 -0.396326 0.493877
-0.336001 -0.392889 0.488622 -0.363604 -0.396223 0.493709
-0.335022 -0.39278 0.488448 -0.362651 -0.396119 0.493541
-0.334043 -0.392671 0.488274 -0.361696 -0.396015 0.493373
-0.333065 -0.392563 0.4881 -0.360739 -0.39591 0.493203
-0.332086 -0.392454 0.487926 -0.359779 -0.395805 0.493034
-0.331107 -0.392345 0.487752 -0.358817 -0.3957 0.492863
-0.330128 -0.392236 0.487578 -0.357854 -0.395594 0.492693
-0.32915 -0.392128 0.487404 -0.356888 -0.395488 0.492521
-0.328171 -0.392019 0.48723 -0.35592 -0.395381 0.49235
-0.327192 -0.39191 0.487056 -0.35495 -0.395275 0.492178
-0.326213 -0.391801 0.486882 -0.354465 -0.395221 0.492092
-0.325235 -0.391693 0.486708 -0.353007 -0.39506 0.491833
-0.324256 -0.391584 0.486534 -0.352035 -0.394953 0.49166
-0.323277 -0.391475 0.48636 -0.351061 -0.394845 0.491487
-0.322299 -0.391367 0.486186 -0.350087 -0.394737 0.491314
-0.32132 -0.391258 0.486012 -0.349112 -0.394629 0.49114
-0.320341 -0.391149 0.485838 -0.348136 -0.394521 0.490967
-0.319362 -0.39104 0.485664 -0.347159 -0.394413 0.490793
-0.318384 -0.390932 0.48549 -0.346182 -0.394304 0.490619
-0.317405 -0.390823 0.485316 -0.345205 -0.394195 0.490445
-0.316426 -0.390714 0.485142 -0.344227 -0.394087 0.490271
-0.315448 -0.390605 0.484968 -0.343249 -0.393978 0.490096
-0.314469 -0.390497 0.484794 -0.34227 -0.393869 0.489922
-0.31349 -0.390388 0.48462 -0.341292 -0.39376 0.489748
-0.312511 -0.390279 0.484446 -0.340312 -0.393651 0.489573
-0.311533 -0.39017 0.484272 -0.339333 -0.393542 0.489398
-0.310554 -0.390062 0.484098 -0.338353 -0.393433 0.489224
-0.309575 -0.389953 0.483924 -0.337373 -0.393324 0.489049
-0.308596 -0.389844 0.48375 -0.336394 -0.393214 0.488874
-0.307618 -0.389735 0.483576 -0.335413 -0.393105 0.488699
-0.306639 -0.389627 0.483402 -0.334433 -0.392996 0.488525
-0.30566 -0.389518 0.483228 -0.333453 -0.392887 0.48835
-0.304682 -0.389409 0.483054 -0.332472 -0.392777 0.488175
-0.303703 -0.3893 0.482881 -0.331492 -0.392668 0.488
-0.302724 -0.389192 0.482707 -0.330511 -0.392559 0.487825
-0.301745 -0.389083 0.482533 -0.329531 -0.392449 0.48765
-0.300767 -0.388974 0.482359 -0.32855 -0.39234 0.487475
-0.299788 -0.388865 0.482185 -0.32757 -0.39223 0.4873
-0.298809 -0.388757 0.482011 -0.326589 -0.392121 0.487125
-0.29783 -0.388648 0.481837 -0.325609 -0.392012 0.48695
-0.296852 -0.388539 0.481663 -0.324628 -0.391902 0.486775
-0.295873 -0.38843 0.481489 -0.323647 -0.391793 0.486601
-0.294894 -0.388322 0.481315 -0.322667 -0.391684 0.486426
-0.293916 -0.388213 0.481141 -0.321686 -0.391574 0.486251
-0.292937 -0.388104 0.480967 -0.320706 -0.391465 0.486076
-0.291958 -0.387995 0.480793 -0.319725 -0.391356 0.485901
-0.290979 -0.387887 0.480619 -0.318745 -0.391247 0.485726
-0.290001 -0.387778 0.480445 -0.317764 -0.391137 0.485551
-0.289022 -0.387669 0.480271 -0.316784 -0.391028 0.485376
-0.288043 -0.38756 0.480097 -0.315804 -0.390919 0.485202
-0.287065 -0.387452 0.479923 -0.314823 -0.39081 0.485027
-0.286086 -0.387343 0.479749 -0.314333 -0.390755 0.484939
-0.285107 -0.387234 0.479575 -0.312863 -0.390591 0.484677
-0.284128 -0.387125 0.479401 -0.312373 -0.390537 0.48459
-0.28315 -0.387017 0.479227 -0.311392 -0.390428 0.484415
-0.282171 -0.386908 0.479053 -0.309921 -0.390264 0.484153
-0.281192 -0.386799 0.478879 -0.309431 -0.390209 0.484065
-0.280213 -0.38669 0.478705 -0.30845 -0.3901 0.48389
-0.279235 -0.386582 0.478531 -0.306979 -0.389936 0.483628
-0.278256 -0.386473 0.478357 -0.305997 -0.389827 0.483453
-0.277277 -0.386364 0.478183 -0.305015 -0.389718 0.483278
-0.276299 -0.386255 0.478009 -0.304033 -0.389609 0.483103
-0.27532 -0.386147 0.477835 -0.303543 -0.389554 0.483016
-0.274341 -0.386038 0.477661 -0.302561 -0.389445 0.482841
-0.273362 -0.385929 0.477487 -0.30158 -0.389336 0.482666
-0.272384 -0.38582 0.477313 -0.300599 -0.389227 0.482491
-0.271405 -0.385712 0.477139 -0.299617 -0.389118 0.482317
-0.270426 -0.385603 0.476965 -0.298145 -0.388954 0.482054
-0.269448 -0.385494 0.476791 -0.297165 -0.388845 0.481879
-0.268469 -0.385385 0.476617 -0.296184 -0.388736 0.481705
-0.26749 -0.385277 0.476443 -0.295204 -0.388627 0.48153
-0.266511 -0.385168 0.476269 -0.294223 -0.388518 0.481355
-0.265533 -0.385059 0.476095 -0.293733 -0.388464 0.481268
-0.264554 -0.38495 0.475921 -0.292754 -0.388355 0.481094
-0.263575 -0.384842 0.475747 -0.291284 -0.388191 0.480832
-0.262596 -0.384733 0.475573 -0.290305 -0.388083 0.480657
-0.261618 -0.384624 0.475399 -0.289325 -0.387974 0.480483
-0.260639 -0.384515 0.475225 -0.288346 -0.387865 0.480308
-0.25966 -0.384407 0.475051 -0.287367 -0.387756 0.480134
-0.258682 -0.384298 0.474877 -0.286877 -0.387702 0.480046
-0.257703 -0.384189 0.474703 -0.285408 -0.387538 0.479785
-0.256724 -0.38408 0.474529 -0.284428 -0.387429 0.47961
-0.255745 -0.383972 0.474355 -0.283448 -0.387321 0.479436
-0.254767 -0.383863 0.474181 -0.282468 -0.387212 0.479261
-0.253788 -0.383754 0.474007 -0.281487 -0.387103 0.479086
-0.252809 -0.383645 0.473833 -0.280507 -0.386994 0.478912
-0.25183 -0.383537 0.473659 -0.279527 -0.386885 0.478737
-0.250852 -0.383428 0.473485 -0.278547 -0.386776 0.478563
-0.249873 -0.383319 0.473311 -0.278057 -0.386722 0.478475
-0.248894 -0.38321 0.473137 -0.276587 -0.386559 0.478213
-0.247916 -0.383102 0.472963 -0.275607 -0.38645 0.478039
-0.246937 -0.382993 0.472789 -0.274628 -0.386341 0.477864
-0.245958 -0.382884 0.472615 -0.273649 -0.386232 0.47769
-0.244979 -0.382775 0.472441 -0.27267 -0.386124 0.477516
-0.244001 -0.382667 0.472267 -0.271691 -0.386015 0.477341
-0.243022 -0.382558 0.472093 -0.271201 -0.38596 0.477254
-0.242043 -0.382449 0.471919 -0.269732 -0.385797 0.476992
-0.241065 -0.382341 0.471745 -0.268752 -0.385689 0.476818
-0.240086 -0.382232 0.471571 -0.267772 -0.38558 0.476643
-0.239107 -0.382123 0.471397 -0.266793 -0.385471 0.476469
-0.238128 -0.382014 0.471223 -0.265813 -0.385362 0.476294
-0.23715 -0.381906 0.471049 -0.264834 -0.385254 0.47612
-0.236171 -0.381797 0.470875 -0.264344 -0.385199 0.476033
-0.235192 -0.381688 0.470701 -0.262875 -0.385036 0.475771
-0.234213 -0.381579 0.470527 -0.261896 -0.384927 0.475597
-0.233235 -0.381471 0.470353 -0.260918 -0.384819 0.475422
-0.232256 -0.381362 0.470179 -0.260428 -0.384764 0.475335
-0.231277 -0.381253 0.470005 -0.259449 -0.384656 0.475161
-0.230299 -0.381144 0.469831 -0.25847 -0.384547 0.474986
-0.22932 -0.381036 0.469657 -0.257491 -0.384438 0.474812
-0.228341 -0.380927 0.469483 -0.256512 -0.38433 0.474637
-0.227362 -0.380818 0.469309 -0.255044 -0.384167 0.474376
-0.226384 -0.380709 0.469135 -0.254554 -0.384112 0.474289
-0.225405 -0.380601 0.468961 -0.253576 -0.384003 0.474114
-0.224426 -0.380492 0.468787 -0.252597 -0.383895 0.47394
-0.223448 -0.380383 0.468613 -0.251618 -0.383786 0.473766
-0.222469 -0.380274 0.468439 -0.25064 -0.383678 0.473591
-0.22149 -0.380166 0.468265 -0.249661 -0.383569 0.473417
-0.220511 -0.380057 0.468091 -0.248683 -0.38346 0.473243
-0.219533 -0.379948 0.467917 -0.247704 -0.383352 0.473068
-0.218554 -0.379839 0.467743 -0.246726 -0.383243 0.472894
-0.217575 -0.379731 0.467569 -0.245748 -0.383134 0.47272
-0.216596 -0.379622 0.467395 -0.24477 -0.383026 0.472546
-0.215618 -0.379513 0.467221 -0.243792 -0.382917 0.472371
-0.214639 -0.379404 0.467047 -0.242813 -0.382809 0.472197
-0.21366 -0.379296 0.466873 -0.241835 -0.3827 0.472023
-0.212682 -0.379187 0.466699 -0.240857 -0.382591 0.471848
-0.211703 -0.379078 0.466525 -0.239879 -0.382483 0.471674
-0.210724 -0.378969 0.466351 -0.238901 -0.382374 0.4715
-0.209745 -0.378861 0.466177 -0.237922 -0.382266 0.471326
-0.208767 -0.378752 0.466003 -0.236944 -0.382157 0.471151
-0.207788 -0.378643 0.465829 -0.235966 -0.382048 0.470977
-0.206809 -0.378534 0.465655 -0.234988 -0.38194 0.470803
-0.20583 -0.378426 0.465481 -0.234009 -0.381831 0.470628
-0.204852 -0.378317 0.465307 -0.233031 -0.381723 0.470454
-0.203873 -0.378208 0.465133 -0.232052 -0.381614 0.47028
-0.202894 -0.378099 0.464959 -0.231074 -0.381505 0.470105
-0.201916 -0.377991 0.464785 -0.230096 -0.381397 0.469931
-0.200937 -0.377882 0.464611 -0.229117 -0.381288 0.469757
-0.199958 -0.377773 0.464437 -0.228139 -0.38118 0.469583
-0.198979 -0.377664 0.464263 -0.22716 -0.381071 0.469408
-0.198001 -0.377556 0.464089 -0.226182 -0.380962 0.469234
-0.197022 -0.377447 0.463915 -0.225203 -0.380854 0.469059
-0.196043 -0.377338 0.463741 -0.224223 -0.380745 0.468885
-0.195065 -0.377229 0.463567 -0.22324 -0.380636 0.46871
-0.194086 -0.377121 0.463393 -0.222256 -0.380527 0.468535
-0.193107 -0.377012 0.463219 -0.221272 -0.380419 0.468359
-0.192128 -0.376903 0.463045 -0.220288 -0.38031 0.468184
-0.19115 -0.376794 0.462871 -0.219303 -0.380201 0.468009
-0.190171 -0.376686 0.462697 -0.218317 -0.380091 0.467833
-0.189192 -0.376577 0.462523 -0.217824 -0.380037 0.467745
-0.188213 -0.376468 0.462349 -0.216348 -0.379873 0.467483
-0.187235 -0.376359 0.462175 -0.215364 -0.379764 0.467307
-0.186256 -0.376251 0.462001 -0.214381 -0.379655 0.467132
-0.185277 -0.376142 0.461827 -0.213397 -0.379546 0.466957
-0.184299 -0.376033 0.461653 -0.212413 -0.379437 0.466782
-0.18332 -0.375924 0.461479 -0.211922 -0.379383 0.466694
-0.182341 -0.375816 0.461305 -0.210939 -0.379274 0.466519
-0.181362 -0.375707 0.461131 -0.207504 -0.378892 0.465907
-0.180384 -0.375598 0.460957 -0.206523 -0.378783 0.465732
-0.179405 -0.375489 0.460783 -0.205548 -0.378674 0.465558
-0.178426 -0.375381 0.460609 -0.204579 -0.378566 0.465385
-0.177448 -0.375272 0.460435 -0.203615 -0.378458 0.465213
-0.176469 -0.375163 0.460261 -0.202656 -0.378351 0.465041
-0.17549 -0.375054 0.460087 -0.201701 -0.378243 0.46487
-0.174511 -0.374946 0.459913 -0.200749 -0.378136 0.4647
-0.173533 -0.374837 0.459739 -0.199799 -0.378029 0.46453
-0.172554 -0.374728 0.459565 -0.198853 -0.377923 0.464361
-0.171575 -0.374619 0.459391 -0.197908 -0.377816 0.464192
-0.170596 -0.374511 0.459217 -0.196964 -0.37771 0.464023
-0.169618 -0.374402 0.459043 -0.196022 -0.377604 0.463855
-0.168639 -0.374293 0.458869 -0.195551 -0.377551 0.46377
-0.16766 -0.374184 0.458695 -0.194139 -0.377393 0.463518
-0.166682 -0.374076 0.458521 -0.193198 -0.377287 0.46335
-0.165703 -0.373967 0.458347 -0.192259 -0.377182 0.463182
-0.164724 -0.373858 0.458173 -0.19132 -0.377077 0.463014
-0.163745 -0.373749 0.457999 -0.19038 -0.376971 0.462846
-0.162767 -0.373641 0.457825 -0.18944 -0.376866 0.462678
-0.161788 -0.373532 0.457651 -0.188969 -0.376814 0.462594
-0.160809 -0.373423 0.457477 -0.187556 -0.376656 0.462342
-0.15983 -0.373314 0.457303 -0.186613 -0.376551 0.462174
-0.158852 -0.373206 0.457129 -0.185669 -0.376446 0.462005
-0.157873 -0.373097 0.456955 -0.184723 -0.376341 0.461837
-0.156894 -0.372988 0.456781 -0.18425 -0.376288 0.461752
-0.155916 -0.37288 0.456607 -0.182829 -0.37613 0.461499
-0.154937 -0.372771 0.456433 -0.18188 -0.376025 0.46133
-0.153958 -0.372662 0.456259 -0.18188 -0.376025 0.46133
-0.152979 -0.372553 0.456085 -0.179024 -0.375709 0.460821
-0.152001 -0.372445 0.455911 -0.178547 -0.375656 0.460736
-0.151022 -0.372336 0.455737 -0.177596 -0.375551 0.460566
-0.150043 -0.372227 0.455563 -0.176646 -0.375445 0.460397
-0.149065 -0.372118 0.455389 -0.1757 -0.37534 0.460228
-0.148086 -0.37201 0.455215 -0.174283 -0.375183 0.459976
-0.147107 -0.371901 0.455041 -0.17334 -0.375078 0.459808
-0.146128 -0.371792 0.454867 -0.1724 -0.374973 0.45964
-0.14515 -0.371683 0.454693 -0.170535 -0.374765 0.459307
-0.144171 -0.371575 0.454519 -0.170074 -0.374713 0.459224
-0.143192 -0.371466 0.454345 -0.168697 -0.374558 0.458978
-0.142213 -0.371357 0.454171 -0.16824 -0.374506 0.458896
-0.141235 -0.371248 0.453997 -0.166874 -0.374352 0.458652
-0.140256 -0.37114 0.453823 -0.166421 -0.374301 0.458571
-0.139277 -0.371031 0.453649 -0.164164 -0.374047 0.458167
-0.138299 -0.370922 0.453475 -0.163264 -0.373945 0.458006
-0.13732 -0.370813 0.453301 -0.162367 -0.373844 0.457846
-0.136341 -0.370705 0.453127 -0.161472 -0.373743 0.457686
-0.135362 -0.370596 0.452953 -0.160582 -0.373643 0.457526
-0.134384 -0.370487 0.452779 -0.159696 -0.373542 0.457368
-0.133405 -0.370378 0.452605 -0.158812 -0.373443 0.45721
-0.132426 -0.37027 0.452431 -0.157931 -0.373343 0.457052
-0.131447 -0.370161 0.452257 -0.157051 -0.373244 0.456894
-0.130469 -0.370052 0.452083 -0.156172 -0.373145 0.456737
-0.12949 -0.369943 0.451909 -0.155293 -0.373046 0.45658
-0.128511 -0.369835 0.451735 -0.154411 -0.372947 0.456422
-0.127533 -0.369726 0.451561 -0.153527 -0.372848 0.456264
-0.126554 -0.369617 0.451387 -0.152641 -0.372749 0.456106
-0.125575 -0.369508 0.451213 -0.151753 -0.37265 0.455948
-0.124596 -0.3694 0.451039 -0.150864 -0.372551 0.455789
-0.123618 -0.369291 0.450865 -0.149974 -0.372452 0.45563
-0.122639 -0.369182 0.450691 -0.14908 -0.372353 0.455471
-0.12166 -0.369073 0.450517 -0.148183 -0.372253 0.455311
-0.120682 -0.368965 0.450343 -0.147281 -0.372154 0.455151
-0.119703 -0.368856 0.450169 -0.146375 -0.372054 0.454989
-0.118724 -0.368747 0.449995 -0.145464 -0.371954 0.454827
-0.117745 -0.368638 0.449821 -0.14455 -0.371853 0.454665
-0.116767 -0.36853 0.449647 -0.143633 -0.371753 0.454502
-0.115788 -0.368421 0.449473 -0.142715 -0.371652 0.454338
-0.114809 -0.368312 0.449299 -0.141796 -0.371551 0.454175
-0.11383 -0.368203 0.449125 -0.140876 -0.37145 0.454011
-0.112852 -0.368095 0.448951 -0.139953 -0.371349 0.453847
-0.111873 -0.367986 0.448777 -0.13949 -0.371299 0.453765
-0.110894 -0.367877 0.448603 -0.138098 -0.371146 0.453517
-0.109916 -0.367768 0.448429 -0.137167 -0.371044 0.453352
-0.108937 -0.36766 0.448255 -0.136235 -0.370942 0.453186
-0.107958 -0.367551 0.448081 -0.135768 -0.370891 0.453103
-0.106979 -0.367442 0.447907 -0.133893 -0.370686 0.45277
-0.106001 -0.367333 0.447733 -0.133423 -0.370634 0.452686
-0.105022 -0.367225 0.447559 -0.129188 -0.37017 0.451933
-0.104043 -0.367116 0.447385 -0.128719 -0.370118 0.451849
-0.103065 -0.367007 0.447211 -0.127325 -0.369964 0.451601
-0.102086 -0.366898 0.447037 -0.126406 -0.369861 0.451437
-0.101107 -0.36679 0.446863 -0.125497 -0.36976 0.451275
-0.100128 -0.366681 0.446689 -0.124598 -0.369658 0.451114
-0.0991496 -0.366572 0.446515 -0.123706 -0.369558 0.450955
-0.0981709 -0.366463 0.446341 -0.122819 -0.369457 0.450796
-0.0971922 -0.366355 0.446167 -0.121937 -0.369357 0.450638
-0.0962135 -0.366246 0.445994 -0.121057 -0.369258 0.450481
-0.0952347 -0.366137 0.44582 -0.12018 -0.369158 0.450324
-0.094256 -0.366028 0.445646 -0.119304 -0.369059 0.450167
-0.0932773 -0.36592 0.445472 -0.119304 -0.369059 0.450167
-0.0922986 -0.365811 0.445298 -0.11668 -0.368763 0.449698
-0.0913198 -0.365702 0.445124 -0.11581 -0.368664 0.449543
-0.0903411 -0.365593 0.44495 -0.115377 -0.368615 0.449465
-0.0893624 -0.365485 0.444776 -0.114514 -0.368518 0.449311
-0.0883837 -0.365376 0.444602 -0.113657 -0.368421 0.449158
-0.0874049 -0.365267 0.444428 -0.112373 -0.368275 0.448928
-0.0864262 -0.365158 0.444254 -0.111944 -0.368227 0.448851
-0.0854475 -0.36505 0.44408 -0.111086 -0.36813 0.448698
-0.0844688 -0.364941 0.443906 -0.110226 -0.368034 0.448544
-0.08349 -0.364832 0.443732 -0.109363 -0.367937 0.44839
-0.0825113 -0.364723 0.443558 -0.108064 -0.367792 0.448158
-0.0815326 -0.364615 0.443384 -0.107194 -0.367695 0.448003
-0.0805539 -0.364506 0.44321 -0.106322 -0.367598 0.447848
-0.0795752 -0.364397 0.443036 -0.105445 -0.3675 0.447691
-0.0785964 -0.364288 0.442862 -0.105006 -0.367452 0.447613
-0.0776177 -0.36418 0.442688 -0.103682 -0.367306 0.447377
-0.076639 -0.364071 0.442514 -0.102795 -0.367208 0.447219
-0.0756603 -0.363962 0.44234 -0.10235 -0.367159 0.44714
-0.0746815 -0.363854 0.442166 -0.101011 -0.367012 0.446901
-0.0737028 -0.363745 0.441992 -0.100113 -0.366913 0.446742
-0.0727241 -0.363636 0.441818 -0.099213 -0.366814 0.446581
-0.0717454 -0.363527 0.441644 -0.0987615 -0.366765 0.446501
-0.0707666 -0.363419 0.44147 -0.0974022 -0.366616 0.446259
-0.0697879 -0.36331 0.441296 -0.0964916 -0.366517 0.446097
-0.0688092 -0.363201 0.441122 -0.0955774 -0.366417 0.445934
-0.0678305 -0.363092 0.440948 -0.0951191 -0.366367 0.445853
-0.0668517 -0.362984 0.440774 -0.0942 -0.366267 0.445689
-0.065873 -0.362875 0.4406 -0.0928151 -0.366116 0.445443
-0.0648943 -0.362766 0.440426 -0.0923519 -0.366065 0.445361
-0.0639156 -0.362657 0.440252 -0.0918879 -0.366015 0.445278
-0.0629369 -0.362549 0.440078 -0.090025 -0.365812 0.444947
-0.0619581 -0.36244 0.439904 -0.08909 -0.36571 0.44478
-0.0609794 -0.362331 0.43973 -0.0881529 -0.365608 0.444614
-0.0600007 -0.362222 0.439556 -0.0876835 -0.365557 0.44453
-0.059022 -0.362114 0.439382 -0.0862718 -0.365403 0.444279
-0.0580432 -0.362005 0.439208 -0.0853282 -0.3653 0.444111
-0.0570645 -0.361896 0.439034 -0.0848556 -0.365248 0.444027
-0.0560858 -0.361787 0.43886 -0.0834353 -0.365093 0.443774
-0.0551071 -0.361679 0.438686 -0.0824861 -0.364989 0.443605
-0.0541283 -0.36157 0.438512 -0.0815349 -0.364885 0.443436
-0.0531496 -0.361461 0.438338 -0.0805818 -0.364781 0.443267
-0.0521709 -0.361352 0.438164 -0.0796272 -0.364677 0.443097
-0.0511922 -0.361244 0.43799 -0.0786712 -0.364572 0.442926
-0.0502134 -0.361135 0.437816 -0.0781927 -0.36452 0.442841
-0.0492347 -0.361026 0.437642 -0.0772347 -0.364415 0.442671
-0.048256 -0.360917 0.437468 -0.0767552 -0.364362 0.442585
-0.0472773 -0.360809 0.437294 -0.0762753 -0.36431 0.4425
-0.0462986 -0.3607 0.43712 -0.0753146 -0.364204 0.442329
-0.0453198 -0.360591 0.436946 -0.0733898 -0.363993 0.441986
-0.0443411 -0.360482 0.436772 -0.0719437 -0.363834 0.441728
-0.0433624 -0.360374 0.436598 -0.0714616 -0.363781 0.441643
-0.0423837 -0.360265 0.436424 -0.0700183 -0.363622 0.441385
-0.0414049 -0.360156 0.43625 -0.0690586 -0.363516 0.441214
-0.0404262 -0.360047 0.436076 -0.0680974 -0.36341 0.441043
-0.0394475 -0.359939 0.435902 -0.0676158 -0.363357 0.440957
-0.0384688 -0.35983 0.435728 -0.066651 -0.363251 0.440785
-0.03749 -0.359721 0.435554 -0.065685 -0.363144 0.440613
-0.0365113 -0.359612 0.43538 -0.0647178 -0.363038 0.440441
-0.0355326 -0.359504 0.435206 -0.0637495 -0.362931 0.440268
-0.0345539 -0.359395 0.435032 -0.0622954 -0.36277 0.440009
-0.0335751 -0.359286 0.434858 -0.0618102 -0.362717 0.439923
-0.0325964 -0.359177 0.434684 -0.0608392 -0.36261 0.43975
-0.0316177 -0.359069 0.43451 -0.0593813 -0.362449 0.43949
-0.030639 -0.35896 0.434336 -0.0584085 -0.362341 0.439316
-0.0296603 -0.358851 0.434162 -0.0579218 -0.362288 0.43923
-0.0286815 -0.358742 0.433988 -0.0569479 -0.36218 0.439056
-0.0277028 -0.358634 0.433814 -0.0559735 -0.362072 0.438882
-0.0267241 -0.358525 0.43364 -0.0554861 -0.362019 0.438795
-0.0257454 -0.358416 0.433466 -0.0535354 -0.361803 0.438448
-0.0247666 -0.358307 0.433292 -0.0525591 -0.361695 0.438273
-0.0237879 -0.358199 0.433118 -0.0520707 -0.361641 0.438186
-0.0228092 -0.35809 0.432944 -0.0510936 -0.361533 0.438012
-0.0218305 -0.357981 0.43277 -0.0501161 -0.361425 0.437838
-0.0208517 -0.357872 0.432596 -0.0491369 -0.361317 0.437663
-0.019873 -0.357764 0.432422 -0.048155 -0.361208 0.437488
-0.0188943 -0.357655 0.432248 -0.047172 -0.3611 0.437313
-0.0179156 -0.357546 0.432074 -0.0461892 -0.360991 0.437138
-0.0169368 -0.357437 0.4319 -0.0452059 -0.360883 0.436962
-0.0159581 -0.357329 0.431726 -0.0442212 -0.360774 0.436787
-0.0149794 -0.35722 0.431552 -0.0432363 -0.360665 0.436611
-0.0140007 -0.357111 0.431378 -0.0422522 -0.360556 0.436436
-0.013022 -0.357002 0.431204 -0.0412689 -0.360447 0.43626
-0.0120432 -0.356894 0.43103 -0.0402863 -0.360338 0.436085
-0.0110645 -0.356785 0.430856 -0.0393044 -0.36023 0.43591
-0.0100858 -0.356676 0.430682 -0.0383231 -0.360121 0.435735
-0.00910706 -0.356567 0.430508 -0.0373423 -0.360012 0.43556
-0.00812834 -0.356459 0.430334 -0.036362 -0.359903 0.435385
-0.00714961 -0.35635 0.43016 -0.0353821 -0.359794 0.435211
-0.00617089 -0.356241 0.429986 -0.0344025 -0.359685 0.435036
-0.00519217 -0.356132 0.429812 -0.0334219 -0.359577 0.434861
-0.00421344 -0.356024 0.429638 -0.0324395 -0.359468 0.434686
-0.00323472 -0.355915 0.429464 -0.0314566 -0.359359 0.434511
-0.00225599 -0.355806 0.42929 -0.0304743 -0.35925 0.434336
-0.00127727 -0.355697 0.429116 -0.0294929 -0.359141 0.434161
-0.000298548 -0.355589 0.428942 -0.0285121 -0.359032 0.433986
0.000680176 -0.35548 0.428768 -0.0275321 -0.358923 0.433811
0.0016589 -0.355371 0.428594 -0.0265526 -0.358814 0.433636
0.00263762 -0.355262 0.42842 -0.0255735 -0.358705 0.433462
0.00361635 -0.355154 0.428246 -0.0245945 -0.358596 0.433287
0.00459507 -0.355045 0.428072 -0.0236144 -0.358488 0.433112
0.00557379 -0.354936 0.427898 -0.0226322 -0.358379 0.432937
0.00655252 -0.354827 0.427724 -0.0216493 -0.35827 0.432762
0.00753124 -0.354719 0.42755 -0.0206669 -0.358161 0.432587
0.00850996 -0.35461 0.427376 -0.019684 -0.358052 0.432412
0.00948869 -0.354501 0.427202 -0.0186994 -0.357943 0.432236
0.0104674 -0.354393 0.427028 -0.0177132 -0.357834 0.43206
0.0114461 -0.354284 0.426854 -0.0167255 -0.357724 0.431884
0.0124249 -0.354175 0.42668 -0.0157364 -0.357615 0.431708
0.0134036 -0.354066 0.426506 -0.0147461 -0.357506 0.431532
0.0143823 -0.353958 0.426332 -0.0137547 -0.357396 0.431355
0.015361 -0.353849 0.426158 -0.0127623 -0.357286 0.431178
0.0163398 -0.35374 0.425984 -0.0117691 -0.357177 0.431001
0.0173185 -0.353631 0.42581 -0.0107755 -0.357067 0.430824
0.0182972 -0.353523 0.425636 -0.0097815 -0.356957 0.430647
0.0192759 -0.353414 0.425462 -0.00878721 -0.356847 0.43047
0.0202546 -0.353305 0.425288 -0.00779265 -0.356737 0.430292
0.0212334 -0.353196 0.425114 -0.00679805 -0.356628 0.430115
0.0222121 -0.353088 0.42494 -0.00580501 -0.356518 0.429938
0.0231908 -0.352979 0.424766 -0.00481471 -0.356408 0.429762
0.0241695 -0.35287 0.424592 -0.00382581 -0.356298 0.429586
0.0251483 -0.352761 0.424418 -0.0028369 -0.356188 0.429409
0.026127 -0.352653 0.424244 -0.00184778 -0.356078 0.429233
0.0271057 -0.352544 0.42407 -0.000858602 -0.355969 0.429057
0.0280844 -0.352435 0.423896 0.000129185 -0.355859 0.428881
0.0290632 -0.352326 0.423722 0.00111433 -0.355749 0.428705
0.0300419 -0.352218 0.423548 0.00209691 -0.35564 0.42853
0.0310206 -0.352109 0.423374 0.00307741 -0.35553 0.428356
0.0319993 -0.352 0.4232 0.00405742 -0.355421 0.428181
0.0329781 -0.351891 0.423026 0.00503833 -0.355312 0.428006
0.0339568 -0.351783 0.422852 0.00602027 -0.355203 0.427831
0.0349355 -0.351674 0.422678 0.00700315 -0.355093 0.427656
0.0359142 -0.351565 0.422504 0.0079869 -0.354984 0.427481
0.0368929 -0.351456 0.42233 0.00897143 -0.354875 0.427306
0.0378717 -0.351348 0.422156 0.00995668 -0.354765 0.42713
0.0388504 -0.351239 0.421982 0.0109425 -0.354656 0.426955
0.0398291 -0.35113 0.421808 0.0119289 -0.354546 0.426779
0.0408078 -0.351021 0.421634 0.0129156 -0.354437 0.426603
0.0417866 -0.350913 0.42146 0.0134091 -0.354382 0.426515
0.0427653 -0.350804 0.421286 0.0148901 -0.354218 0.426252
0.043744 -0.350695 0.421112 0.0158779 -0.354108 0.426076
0.0447227 -0.350586 0.420938 0.0168662 -0.353999 0.4259
0.0457015 -0.350478 0.420764 0.0178548 -0.353889 0.425724
0.0466802 -0.350369 0.42059 0.0188434 -0.35378 0.425548
0.0476589 -0.35026 0.420416 0.0198303 -0.35367 0.425372
0.0486376 -0.350151 0.420242 0.0208142 -0.353561 0.425197
0.0496164 -0.350043 0.420068 0.0213055 -0.353506 0.425109
0.0505951 -0.349934 0.419894 0.0227793 -0.353342 0.424847
0.0515738 -0.349825 0.41972 0.0237607 -0.353233 0.424672
0.0525525 -0.349716 0.419546 0.0247398 -0.353124 0.424498
0.0535312 -0.349608 0.419372 0.0257181 -0.353015 0.424324
0.05451 -0.349499 0.419198 0.026697 -0.352906 0.42415
0.0554887 -0.34939 0.419024 0.0276765 -0.352797 0.423975
0.0564674 -0.349281 0.41885 0.0286564 -0.352688 0.423801
0.0574461 -0.349173 0.418676 0.0296368 -0.352579 0.423626
0.0584249 -0.349064 0.418502 0.0306179 -0.35247 0.423452
0.0594036 -0.348955 0.418328 0.0315979 -0.352361 0.423277
0.0603823 -0.348846 0.418154 0.0325757 -0.352252 0.423103
0.061361 -0.348738 0.41798 0.0335527 -0.352143 0.422929
0.0623398 -0.348629 0.417806 0.0345304 -0.352035 0.422755
0.0633185 -0.34852 0.417632 0.0355072 -0.351926 0.422582
0.0642972 -0.348411 0.417458 0.0364822 -0.351817 0.422408
0.0652759 -0.348303 0.417284 0.0374568 -0.351709 0.422235
0.0662547 -0.348194 0.41711 0.0384324 -0.3516 0.422061
0.0672334 -0.348085 0.416936 0.0394076 -0.351491 0.421888
0.0682121 -0.347976 0.416762 0.0403812 -0.351383 0.421714
0.0691908 -0.347868 0.416588 0.0413545 -0.351275 0.421541
0.0701695 -0.347759 0.416414 0.0423292 -0.351166 0.421368
0.0711483 -0.34765 0.41624 0.0433053 -0.351058 0.421194
0.072127 -0.347541 0.416066 0.0442824 -0.350949 0.42102
0.0731057 -0.347433 0.415892 0.045259 -0.350841 0.420847
0.0740844 -0.347324 0.415718 0.0462337 -0.350732 0.420673
0.0750632 -0.347215 0.415544 0.0472077 -0.350624 0.4205
0.0760419 -0.347106 0.41537 0.0481823 -0.350516 0.420327
0.0770206 -0.346998 0.415196 0.049158 -0.350407 0.420153
0.0779993 -0.346889 0.415022 0.0501353 -0.350299 0.419979
0.0789781 -0.34678 0.414848 0.0511137 -0.35019 0.419805
0.0799568 -0.346671 0.414674 0.0520931 -0.350082 0.419631
0.0809355 -0.346563 0.4145 0.053073 -0.349973 0.419457
0.0819142 -0.346454 0.414326 0.0540536 -0.349865 0.419282
0.082893 -0.346345 0.414152 0.0550348 -0.349756 0.419108
0.0838717 -0.346236 0.413978 0.0560168 -0.349647 0.418933
0.0848504 -0.346128 0.413804 0.0569992 -0.349539 0.418759
0.0858291 -0.346019 0.41363 0.057982 -0.34943 0.418584
0.0868078 -0.34591 0.413456 0.0584735 -0.349375 0.418497
0.0877866 -0.345801 0.413282 0.059948 -0.349212 0.418235
0.0887653 -0.345693 0.413108 0.0609302 -0.349103 0.41806
0.089744 -0.345584 0.412934 0.0619111 -0.348994 0.417886
0.0907227 -0.345475 0.41276 0.0628913 -0.348886 0.417711
0.0917015 -0.345367 0.412586 0.0638716 -0.348777 0.417537
0.0926802 -0.345258 0.412412 0.0648522 -0.348668 0.417363
0.0936589 -0.345149 0.412238 0.0658331 -0.348559 0.417188
0.0946376 -0.34504 0.412064 0.0668142 -0.34845 0.417014
0.0956164 -0.344932 0.41189 0.0677953 -0.348341 0.41684
0.0965951 -0.344823 0.411716 0.0687751 -0.348232 0.416666
0.0975738 -0.344714 0.411542 0.0697528 -0.348124 0.416492
0.0985525 -0.344605 0.411368 0.0707297 -0.348015 0.416318
0.0995313 -0.344497 0.411194 0.071707 -0.347906 0.416145
0.10051 -0.344388 0.41102 0.0726849 -0.347797 0.415971
0.101489 -0.344279 0.410846 0.0736633 -0.347689 0.415797
0.102467 -0.34417 0.410672 0.0746421 -0.34758 0.415623
0.103446 -0.344062 0.410498 0.0756214 -0.347471 0.415449
0.104425 -0.343953 0.410324 0.0766009 -0.347362 0.415275
0.105404 -0.343844 0.41015 0.0775803 -0.347253 0.415101
0.106382 -0.343735 0.409976 0.0785584 -0.347145 0.414927
0.107361 -0.343627 0.409802 0.0795344 -0.347036 0.414754
0.10834 -0.343518 0.409628 0.0800221 -0.346982 0.414667
0.109318 -0.343409 0.409454 0.081486 -0.346819 0.414407
0.110297 -0.3433 0.40928 0.0824637 -0.34671 0.414234
0.111276 -0.343192 0.409107 0.0834431 -0.346601 0.41406
0.112255 -0.343083 0.408933 0.0844236 -0.346492 0.413885
0.113233 -0.342974 0.408759 0.0854046 -0.346383 0.413711
0.114212 -0.342865 0.408585 0.0858952 -0.346329 0.413624
0.115191 -0.342757 0.408411 0.0873669 -0.346166 0.413363
0.11617 -0.342648 0.408237 0.0878577 -0.346111 0.413276
0.117148 -0.342539 0.408063 0.0893321 -0.345948 0.413014
0.118127 -0.34243 0.407889 0.0903158 -0.345838 0.412839
0.119106 -0.342322 0.407715 0.091299 -0.345729 0.412664
0.120084 -0.342213 0.407541 0.0922822 -0.34562 0.41249
0.121063 -0.342104 0.407367 0.0932658 -0.345511 0.412315
0.122042 -0.341995 0.407193 0.0937577 -0.345457 0.412228
0.123021 -0.341887 0.407019 0.0952336 -0.345293 0.411966
0.123999 -0.341778 0.406845 0.0962182 -0.345183 0.411791
0.124978 -0.341669 0.406671 0.0972036 -0.345074 0.411616
0.125957 -0.34156 0.406497 0.098189 -0.344965 0.411441
0.126936 -0.341452 0.406323 0.0991736 -0.344855 0.411267
0.127914 -0.341343 0.406149 0.100158 -0.344746 0.411092
0.128893 -0.341234 0.405975 0.101142 -0.344637 0.410917
0.129872 -0.341125 0.405801 0.102126 -0.344527 0.410742
0.13085 -0.341017 0.405627 0.10311 -0.344418 0.410568
0.131829 -0.340908 0.405453 0.104094 -0.344309 0.410393
0.132808 -0.340799 0.405279 0.105078 -0.344199 0.410219
0.133787 -0.34069 0.405105 0.106059 -0.34409 0.410044
0.134765 -0.340582 0.404931 0.107038 -0.343981 0.409871
0.135744 -0.340473 0.404757 0.108016 -0.343872 0.409697
0.136723 -0.340364 0.404583 0.108993 -0.343762 0.409524
0.137701 -0.340255 0.404409 0.10997 -0.343653 0.40935
0.13868 -0.340147 0.404235 0.110948 -0.343544 0.409177
0.139659 -0.340038 0.404061 0.111926 -0.343435 0.409003
0.140638 -0.339929 0.403887 0.112903 -0.343326 0.40883
0.141616 -0.33982 0.403713 0.113881 -0.343217 0.408656
0.142595 -0.339712 0.403539 0.114859 -0.343108 0.408483
0.143574 -0.339603 0.403365 0.115837 -0.342999 0.408309
0.144553 -0.339494 0.403191 0.116815 -0.34289 0.408136
0.145531 -0.339385 0.403017 0.117794 -0.342781 0.407962
0.14651 -0.339277 0.402843 0.118773 -0.342672 0.407788
0.147489 -0.339168 0.402669 0.119752 -0.342563 0.407615
0.148467 -0.339059 0.402495 0.120731 -0.342454 0.407441
0.149446 -0.33895 0.402321 0.121711 -0.342345 0.407267
0.150425 -0.338842 0.402147 0.122691 -0.342236 0.407093
0.151404 -0.338733 0.401973 0.123671 -0.342127 0.406919
0.152382 -0.338624 0.401799 0.12465 -0.342018 0.406746
0.153361 -0.338515 0.401625 0.12514 -0.341963 0.406659
0.15434 -0.338407 0.401451 0.12612 -0.341854 0.406485
0.155318 -0.338298 0.401277 0.12759 -0.341691 0.406224
0.156297 -0.338189 0.401103 0.12857 -0.341581 0.40605
0.157276 -0.33808 0.400929 0.129549 -0.341472 0.405877
0.158255 -0.337972 0.400755 0.130526 -0.341363 0.405704
0.159233 -0.337863 0.400581 0.131503 -0.341254 0.40553
0.160212 -0.337754 0.400407 0.132479 -0.341146 0.405357
0.161191 -0.337645 0.400233 0.133457 -0.341037 0.405184
0.16217 -0.337537 0.400059 0.134434 -0.340928 0.40501
0.163148 -0.337428 0.399885 0.135411 -0.340819 0.404837
0.164127 -0.337319 0.399711 0.136385 -0.34071 0.404665
0.165106 -0.33721 0.399537 0.137357 -0.340601 0.404492
0.166084 -0.337102 0.399363 0.138327 -0.340493 0.40432
0.167063 -0.336993 0.399189 0.139296 -0.340384 0.404148
0.168042 -0.336884 0.399015 0.140263 -0.340276 0.403977
0.169021 -0.336775 0.398841 0.141229 -0.340168 0.403805
0.169999 -0.336667 0.398667 0.141711 -0.340113 0.40372
0.170978 -0.336558 0.398493 0.143157 -0.339951 0.403463
0.171957 -0.336449 0.398319 0.14412 -0.339843 0.403293
0.172936 -0.33634 0.398145 0.145083 -0.339735 0.403122
0.173914 -0.336232 0.397971 0.146047 -0.339628 0.402951
0.174893 -0.336123 0.397797 0.147012 -0.33952 0.40278
0.175872 -0.336014 0.397623 0.147976 -0.339412 0.402609
0.17685 -0.335906 0.397449 0.148939 -0.339304 0.402438
0.177829 -0.335797 0.397275 0.149421 -0.33925 0.402352
0.178808 -0.335688 0.397101 0.150865 -0.339089 0.402096
0.179787 -0.335579 0.396927 0.151827 -0.338981 0.401926
0.180765 -0.335471 0.396753 0.15279 -0.338874 0.401755
0.181744 -0.335362 0.396579 0.153752 -0.338766 0.401585
0.182723 -0.335253 0.396405 0.154716 -0.338658 0.401414
0.183701 -0.335144 0.396231 0.155199 -0.338605 0.401328
0.18468 -0.335036 0.396057 0.155199 -0.338605 0.401328
0.185659 -0.334927 0.395883 0.158106 -0.338281 0.400813
0.186638 -0.334818 0.395709 0.159073 -0.338173 0.400642
0.187616 -0.334709 0.395535 0.159554 -0.33812 0.400556
0.188595 -0.334601 0.395361 0.160517 -0.338012 0.400386
0.189574 -0.334492 0.395187 0.161479 -0.337905 0.400215
0.190553 -0.334383 0.395013 0.162442 -0.337797 0.400044
0.191531 -0.334274 0.394839 0.163887 -0.337636 0.399788
0.19251 -0.334166 0.394665 0.164851 -0.337528 0.399617
0.193489 -0.334057 0.394491 0.165816 -0.337421 0.399446
0.194467 -0.333948 0.394317 0.166298 -0.337367 0.399361
0.195446 -0.333839 0.394143 0.167746 -0.337206 0.399104
0.196425 -0.333731 0.393969 0.168713 -0.337098 0.398933
0.197404 -0.333622 0.393795 0.169679 -0.33699 0.398762
0.198382 -0.333513 0.393621 0.170647 -0.336883 0.39859
0.199361 -0.333404 0.393447 0.171614 -0.336775 0.398419
0.20034 -0.333296 0.393273 0.172582 -0.336667 0.398247
0.201318 -0.333187 0.393099 0.173067 -0.336613 0.398161
0.202297 -0.333078 0.392925 0.174036 -0.336505 0.39799
0.203276 -0.332969 0.392751 0.175005 -0.336397 0.397818
0.204255 -0.332861 0.392577 0.17646 -0.336236 0.39756
0.205233 -0.332752 0.392403 0.176946 -0.336182 0.397474
0.206212 -0.332643 0.392229 0.177916 -0.336074 0.397302
0.207191 -0.332534 0.392055 0.178887 -0.335966 0.39713
0.20817 -0.332426 0.391881 0.180345 -0.335803 0.396872
0.209148 -0.332317 0.391707 0.181317 -0.335695 0.3967
0.210127 -0.332208 0.391533 0.18229 -0.335587 0.396527
0.211106 -0.332099 0.391359 0.183262 -0.335479 0.396355
0.212084 -0.331991 0.391185 0.183749 -0.335425 0.396269
0.213063 -0.331882 0.391011 0.184722 -0.335316 0.396096
0.214042 -0.331773 0.390837 0.185696 -0.335208 0.395924
0.215021 -0.331664 0.390663 0.187158 -0.335045 0.395665
0.215999 -0.331556 0.390489 0.188133 -0.334937 0.395492
0.216978 -0.331447 0.390315 0.188621 -0.334883 0.395406
0.217957 -0.331338 0.390141 0.189597 -0.334774 0.395233
0.218936 -0.331229 0.389967 0.190574 -0.334665 0.39506
0.219914 -0.331121 0.389793 0.191552 -0.334557 0.394887
0.220893 -0.331012 0.389619 0.19253 -0.334448 0.394714
0.221872 -0.330903 0.389445 0.193508 -0.334339 0.39454
0.22285 -0.330794 0.389271 0.194486 -0.33423 0.394367
0.223829 -0.330686 0.389097 0.195464 -0.334121 0.394194
0.224808 -0.330577 0.388923 0.196442 -0.334012 0.394021
0.225787 -0.330468 0.388749 0.19742 -0.333903 0.393847
0.226765 -0.330359 0.388575 0.198398 -0.333795 0.393674
0.227744 -0.330251 0.388401 0.199375 -0.333686 0.393501
0.228723 -0.330142 0.388227 0.200353 -0.333577 0.393328
0.229701 -0.330033 0.388053 0.201331 -0.333468 0.393155
0.23068 -0.329924 0.387879 0.202308 -0.333359 0.392982
0.231659 -0.329816 0.387705 0.203286 -0.33325 0.392808
0.232638 -0.329707 0.387531 0.204264 -0.333141 0.392635
0.233616 -0.329598 0.387357 0.205241 -0.333032 0.392462
0.234595 -0.329489 0.387183 0.206219 -0.332922 0.392289
0.235574 -0.329381 0.387009 0.207196 -0.332813 0.392116
0.236553 -0.329272 0.386835 0.207685 -0.332759 0.392029
0.237531 -0.329163 0.386661 0.209641 -0.332541 0.391683
0.23851 -0.329054 0.386487 0.21062 -0.332431 0.391509
0.239489 -0.328946 0.386313 0.211599 -0.332322 0.391336
0.240467 -0.328837 0.386139 0.212579 -0.332213 0.391162
0.241446 -0.328728 0.385965 0.21307 -0.332158 0.391075
0.242425 -0.328619 0.385791 0.21405 -0.332049 0.390902
0.243404 -0.328511 0.385617 0.21503 -0.33194 0.390728
0.244382 -0.328402 0.385443 0.21601 -0.33183 0.390554
0.245361 -0.328293 0.385269 0.217481 -0.331666 0.390294
0.24634 -0.328184 0.385095 0.218461 -0.331557 0.39012
0.247319 -0.328076 0.384921 0.218952 -0.331502 0.390033
0.248297 -0.327967 0.384747 0.220426 -0.331338 0.389772
0.249276 -0.327858 0.384573 0.220918 -0.331283 0.389685
0.250255 -0.327749 0.384399 0.2219 -0.331174 0.389511
0.251233 -0.327641 0.384225 0.222882 -0.331064 0.389338
0.252212 -0.327532 0.384051 0.223863 -0.330955 0.389164
0.253191 -0.327423 0.383877 0.224843 -0.330845 0.38899
0.25417 -0.327314 0.383703 0.225823 -0.330736 0.388816
0.255148 -0.327206 0.383529 0.2268 -0.330626 0.388643
0.256127 -0.327097 0.383355 0.227774 -0.330517 0.388471
0.257106 -0.326988 0.383181 0.228747 -0.330408 0.388298
0.258084 -0.32688 0.383007 0.22972 -0.330299 0.388126
0.259063 -0.326771 0.382833 0.230693 -0.33019 0.387953
0.260042 -0.326662 0.382659 0.231666 -0.330081 0.387781
0.261021 -0.326553 0.382485 0.232641 -0.329972 0.387608
0.261999 -0.326445 0.382311 0.233615 -0.329863 0.387435
0.262978 -0.326336 0.382137 0.23459 -0.329754 0.387262
0.263957 -0.326227 0.381963 0.235566 -0.329645 0.38709
0.264936 -0.326118 0.381789 0.236541 -0.329536 0.386917
0.265914 -0.32601 0.381615 0.237517 -0.329427 0.386744
0.266893 -0.325901 0.381441 0.238982 -0.329263 0.386484
0.267872 -0.325792 0.381267 0.239959 -0.329154 0.386311
0.26885 -0.325683 0.381093 0.240937 -0.329045 0.386138
0.269829 -0.325575 0.380919 0.241915 -0.328936 0.385965
0.270808 -0.325466 0.380745 0.242404 -0.328881 0.385878
0.271787 -0.325357 0.380571 0.243872 -0.328718 0.385618
0.272765 -0.325248 0.380397 0.244851 -0.328608 0.385445
0.273744 -0.32514 0.380223 0.245829 -0.328499 0.385272
0.274723 -0.325031 0.380049 0.246319 -0.328445 0.385185
0.275701 -0.324922 0.379875 0.247787 -0.328281 0.384925
0.27668 -0.324813 0.379701 0.248765 -0.328171 0.384751
0.277659 -0.324705 0.379527 0.249744 -0.328062 0.384578
0.278638 -0.324596 0.379353 0.250723 -0.327953 0.384405
0.279616 -0.324487 0.379179 0.251701 -0.327844 0.384231
0.280595 -0.324378 0.379005 0.25268 -0.327734 0.384058
0.281574 -0.32427 0.378831 0.253659 -0.327625 0.383885
0.282553 -0.324161 0.378657 0.254638 -0.327516 0.383711
0.283531 -0.324052 0.378483 0.255618 -0.327407 0.383538
0.28451 -0.323943 0.378309 0.256597 -0.327297 0.383364
0.285489 -0.323835 0.378135 0.257576 -0.327188 0.383191
0.286467 -0.323726 0.377961 0.258555 -0.327079 0.383017
0.287446 -0.323617 0.377787 0.259534 -0.326969 0.382844
0.288425 -0.323508 0.377613 0.260513 -0.32686 0.38267
0.289404 -0.3234 0.377439 0.261492 -0.326751 0.382497
0.290382 -0.323291 0.377265 0.262471 -0.326641 0.382323
0.291361 -0.323182 0.377091 0.263449 -0.326532 0.38215
0.29234 -0.323073 0.376917 0.264428 -0.326423 0.381977
0.293319 -0.322965 0.376743 0.265407 -0.326314 0.381803
0.294297 -0.322856 0.376569 0.266385 -0.326204 0.38163
0.295276 -0.322747 0.376395 0.267364 -0.326095 0.381456
0.296255 -0.322638 0.376221 0.267853 -0.32604 0.38137
0.297233 -0.32253 0.376047 0.269321 -0.325876 0.38111
0.298212 -0.322421 0.375873 0.270299 -0.325767 0.380936
0.299191 -0.322312 0.375699 0.271278 -0.325658 0.380763
0.30017 -0.322203 0.375525 0.272256 -0.325549 0.380589
0.301148 -0.322095 0.375351 0.273235 -0.325439 0.380416
0.302127 -0.321986 0.375177 0.274213 -0.32533 0.380243
0.303106 -0.321877 0.375003 0.275192 -0.325221 0.380069
0.304084 -0.321768 0.374829 0.275681 -0.325166 0.379983
0.305063 -0.32166 0.374655 0.277149 -0.325002 0.379723
0.306042 -0.321551 0.374481 0.278127 -0.324893 0.379549
0.307021 -0.321442 0.374307 0.279105 -0.324784 0.379376
0.307999 -0.321333 0.374133 0.280084 -0.324674 0.379202
0.308978 -0.321225 0.373959 0.281062 -0.324565 0.379029
0.309957 -0.321116 0.373785 0.282041 -0.324456 0.378856
0.310936 -0.321007 0.373611 0.283019 -0.324347 0.378682
0.311914 -0.320898 0.373437 0.283998 -0.324237 0.378509
0.312893 -0.32079 0.373263 0.284976 -0.324128 0.378335
0.313872 -0.320681 0.373089 0.285955 -0.324019 0.378162
0.31485 -0.320572 0.372915 0.286933 -0.323909 0.377988
0.315829 -0.320463 0.372741 0.287912 -0.3238 0.377815
0.316808 -0.320355 0.372567 0.28889 -0.323691 0.377642
0.317787 -0.320246 0.372393 0.289869 -0.323582 0.377468
0.318765 -0.320137 0.372219 0.290848 -0.323472 0.377295
0.319744 -0.320028 0.372046 0.291827 -0.323363 0.377121
0.320723 -0.31992 0.371872 0.292807 -0.323254 0.376947
0.321701 -0.319811 0.371698 0.293787 -0.323144 0.376774
0.32268 -0.319702 0.371524 0.294767 -0.323035 0.3766
0.323659 -0.319593 0.37135 0.295747 -0.322926 0.376427
0.324638 -0.319485 0.371176 0.296726 -0.322816 0.376253
0.325616 -0.319376 0.371002 0.297705 -0.322707 0.376079
0.326595 -0.319267 0.370828 0.298685 -0.322598 0.375906
0.327574 -0.319158 0.370654 0.299664 -0.322488 0.375732
0.328553 -0.31905 0.37048 0.300642 -0.322379 0.375559
0.329531 -0.318941 0.370306 0.301617 -0.32227 0.375386
0.33051 -0.318832 0.370132 0.302588 -0.322161 0.375214
0.331489 -0.318723 0.369958 0.30356 -0.322052 0.375041
0.332467 -0.318615 0.369784 0.304532 -0.321944 0.374869
0.333446 -0.318506 0.36961 0.305504 -0.321835 0.374696
0.334425 -0.318397 0.369436 0.306477 -0.321726 0.374524
0.335404 -0.318288 0.369262 0.30745 -0.321617 0.374351
0.336382 -0.31818 0.369088 0.308424 -0.321508 0.374178
0.337361 -0.318071 0.368914 0.309395 -0.3214 0.374006
0.33834 -0.317962 0.36874 0.310366 -0.321291 0.373834
0.339319 -0.317853 0.368566 0.311336 -0.321183 0.373662
0.340297 -0.317745 0.368392 0.312308 -0.321074 0.373489
0.341276 -0.317636 0.368218 0.312795 -0.32102 0.373403
0.342255 -0.317527 0.368044 0.314255 -0.320856 0.373144
0.343233 -0.317419 0.36787 0.315231 -0.320748 0.372971
0.344212 -0.31731 0.367696 0.316206 -0.320639 0.372798
0.345191 -0.317201 0.367522 0.317183 -0.32053 0.372625
0.34617 -0.317092 0.367348 0.31816 -0.320421 0.372452
0.347148 -0.316984 0.367174 0.319138 -0.320312 0.372279
0.348127 -0.316875 0.367 0.320117 -0.320203 0.372105
0.349106 -0.316766 0.366826 0.321096 -0.320094 0.371932
0.350084 -0.316657 0.366652 0.322075 -0.319985 0.371758
0.351063 -0.316549 0.366478 0.323055 -0.319875 0.371585
0.352042 -0.31644 0.366304 0.324035 -0.319766 0.371411
0.353021 -0.316331 0.36613 0.325015 -0.319657 0.371237
0.353999 -0.316222 0.365956 0.325996 -0.319548 0.371064
0.354978 -0.316114 0.365782 0.326976 -0.319438 0.37089
0.355957 -0.316005 0.365608 0.327957 -0.319329 0.370716
0.356936 -0.315896 0.365434 0.328448 -0.319274 0.370629
0.357914 -0.315787 0.36526 0.329919 -0.31911 0.370368
0.358893 -0.315679 0.365086 0.330901 -0.319001 0.370194
0.359872 -0.31557 0.364912 0.331882 -0.318892 0.37002
0.36085 -0.315461 0.364738 0.332863 -0.318782 0.369847
0.361829 -0.315352 0.364564 0.333844 -0.318673 0.369673
0.362808 -0.315244 0.36439 0.334826 -0.318563 0.369499
0.363787 -0.315135 0.364216 0.335808 -0.318454 0.369325
0.364765 -0.315026 0.364042 0.336791 -0.318344 0.36915
0.365744 -0.314917 0.363868 0.337777 -0.318235 0.368976
0.366723 -0.314809 0.363694 0.338762 -0.318125 0.368801
0.367701 -0.3147 0.36352 0.339747 -0.318015 0.368626
0.36868 -0.314591 0.363346 0.340731 -0.317906 0.368452
0.369659 -0.314482 0.363172 0.341715 -0.317796 0.368278
0.370638 -0.314374 0.362998 0.342699 -0.317686 0.368103
0.371616 -0.314265 0.362824 0.343682 -0.317576 0.367929
0.372595 -0.314156 0.36265 0.344664 -0.317467 0.367755
0.373574 -0.314047 0.362476 0.345647 -0.317357 0.36758
0.374553 -0.313939 0.362302 0.346629 -0.317248 0.367406
0.375531 -0.31383 0.362128 0.34761 -0.317138 0.367232
0.37651 -0.313721 0.361954 0.348592 -0.317029 0.367058
0.377489 -0.313612 0.36178 0.349573 -0.316919 0.366884
0.378467 -0.313504 0.361606 0.350554 -0.316809 0.36671
0.379446 -0.313395 0.361432 0.351535 -0.3167 0.366536
0.380425 -0.313286 0.361258 0.352515 -0.316591 0.366362
0.381404 -0.313177 0.361084 0.353495 -0.316481 0.366188
0.382382 -0.313069 0.36091 0.354475 -0.316372 0.366014
0.383361 -0.31296 0.360736 0.355455 -0.316262 0.36584
0.38434 -0.312851 0.360562 0.356435 -0.316153 0.365666
0.385319 -0.312742 0.360388 0.357415 -0.316043 0.365492
0.386297 -0.312634 0.360214 0.358394 -0.315934 0.365319
0.387276 -0.312525 0.36004 0.359374 -0.315825 0.365145
0.388255 -0.312416 0.359866 0.360354 -0.315715 0.364971
0.389233 -0.312307 0.359692 0.361333 -0.315606 0.364797
0.390212 -0.312199 0.359518 0.362313 -0.315497 0.364623
0.391191 -0.31209 0.359344 0.363292 -0.315387 0.36445
0.39217 -0.311981 0.35917 0.36427 -0.315278 0.364276
0.393148 -0.311872 0.358996 0.365249 -0.315169 0.364102
0.394127 -0.311764 0.358822 0.366228 -0.315059 0.363928
0.395106 -0.311655 0.358648 0.367207 -0.31495 0.363755
0.396084 -0.311546 0.358474 0.368185 -0.314841 0.363581
0.397063 -0.311437 0.3583 0.369164 -0.314732 0.363407
0.398042 -0.311329 0.358126 0.370143 -0.314622 0.363234
0.399021 -0.31122 0.357952 0.371121 -0.314513 0.36306
0.399999 -0.311111 0.357778 0.3721 -0.314404 0.362886
0.400978 -0.311002 0.357604 0.373079 -0.314295 0.362713
0.401957 -0.310894 0.35743 0.374057 -0.314186 0.362539
0.402936 -0.310785 0.357256 0.375036 -0.314076 0.362365
0.403914 -0.310676 0.357082 0.376015 -0.313967 0.362192
0.404893 -0.310567 0.356908 0.376993 -0.313858 0.362018
0.405872 -0.310459 0.356734 0.377972 -0.313749 0.361844
0.40685 -0.31035 0.35656 0.378951 -0.31364 0.361671
0.407829 -0.310241 0.356386 0.379929 -0.313531 0.361497
0.408808 -0.310132 0.356212 0.380908 -0.313421 0.361323
0.409787 -0.310024 0.356038 0.381887 -0.313312 0.36115
0.410765 -0.309915 0.355864 0.382865 -0.313203 0.360976
0.411744 -0.309806 0.35569 0.383844 -0.313094 0.360802
0.412723 -0.309697 0.355516 0.384823 -0.312985 0.360629
0.413701 -0.309589 0.355342 0.385801 -0.312876 0.360455
0.41468 -0.30948 0.355168 0.38678 -0.312766 0.360281
0.415659 -0.309371 0.354994 0.387759 -0.312657 0.360107
0.416638 -0.309262 0.35482 0.388738 -0.312548 0.359934
0.417616 -0.309154 0.354646 0.389227 -0.312493 0.359847
0.418595 -0.309045 0.354472 0.390695 -0.31233 0.359586
0.419574 -0.308936 0.354298 0.391674 -0.312221 0.359413
0.420553 -0.308827 0.354124 0.392653 -0.312111 0.359239
0.421531 -0.308719 0.35395 0.393632 -0.312002 0.359065
0.42251 -0.30861 0.353776 0.39461 -0.311893 0.358892
0.423489 -0.308501 0.353602 0.3951 -0.311839 0.358805
0.424467 -0.308393 0.353428 0.396568 -0.311675 0.358544
0.425446 -0.308284 0.353254 0.397548 -0.311566 0.35837
0.426425 -0.308175 0.35308 0.398527 -0.311456 0.358196
0.427404 -0.308066 0.352906 0.399508 -0.311347 0.358022
0.428382 -0.307958 0.352732 0.400488 -0.311238 0.357849
0.429361 -0.307849 0.352558 0.401468 -0.311129 0.357675
0.43034 -0.30774 0.352384 0.402448 -0.31102 0.357501
0.431319 -0.307631 0.35221 0.403428 -0.31091 0.357327
0.432297 -0.307523 0.352036 0.404407 -0.310801 0.357153
0.433276 -0.307414 0.351862 0.405387 -0.310692 0.356979
0.434255 -0.307305 0.351688 0.406366 -0.310583 0.356805
0.435233 -0.307196 0.351514 0.407346 -0.310474 0.356631
0.436212 -0.307088 0.35134 0.408325 -0.310364 0.356458
0.437191 -0.306979 0.351166 0.409304 -0.310255 0.356284
0.43817 -0.30687 0.350992 0.410283 -0.310146 0.35611
0.439148 -0.306761 0.350818 0.411262 -0.310037 0.355936
0.440127 -0.306653 0.350644 0.412241 -0.309928 0.355762
0.441106 -0.306544 0.35047 0.41322 -0.309819 0.355589
0.442084 -0.306435 0.350296 0.414199 -0.309709 0.355415
0.443063 -0.306326 0.350122 0.415178 -0.3096 0.355241
0.444042 -0.306218 0.349948 0.416157 -0.309491 0.355067
0.445021 -0.306109 0.349774 0.417135 -0.309382 0.354893
0.445999 -0.306 0.3496 0.418114 -0.309273 0.35472
0.446978 -0.305891 0.349426 0.419093 -0.309164 0.354546
0.447957 -0.305783 0.349252 0.420072 -0.309055 0.354372
0.448936 -0.305674 0.349078 0.42105 -0.308946 0.354198
0.449914 -0.305565 0.348904 0.422029 -0.308837 0.354025
0.450893 -0.305456 0.34873 0.423007 -0.308728 0.353851
0.451872 -0.305348 0.348556 0.423985 -0.308619 0.353677
0.45285 -0.305239 0.348382 0.424962 -0.30851 0.353504
0.453829 -0.30513 0.348208 0.426428 -0.308346 0.353243
0.454808 -0.305021 0.348034 0.427405 -0.308237 0.35307
0.455787 -0.304913 0.34786 0.428382 -0.308128 0.352896
0.456765 -0.304804 0.347686 0.429358 -0.308019 0.352723
0.457744 -0.304695 0.347512 0.429846 -0.307965 0.352636
0.458723 -0.304586 0.347338 0.431308 -0.307802 0.352377
0.459702 -0.304478 0.347164 0.431796 -0.307747 0.35229
0.46068 -0.304369 0.34699 0.433258 -0.307584 0.35203
0.461659 -0.30426 0.346816 0.434233 -0.307476 0.351857
0.462638 -0.304151 0.346642 0.435208 -0.307367 0.351684
0.463616 -0.304043 0.346468 0.436183 -0.307258 0.351511
0.464595 -0.303934 0.346294 0.437158 -0.307149 0.351337
0.465574 -0.303825 0.34612 0.437646 -0.307095 0.351251
0.466553 -0.303716 0.345946 0.438621 -0.306986 0.351078
0.467531 -0.303608 0.345772 0.439596 -0.306878 0.350904
0.46851 -0.303499 0.345598 0.440084 -0.306823 0.350818
0.469489 -0.30339 0.345424 0.441548 -0.30666 0.350558
0.470467 -0.303281 0.34525 0.442524 -0.306551 0.350384
0.471446 -0.303173 0.345076 0.443501 -0.306442 0.350211
0.472425 -0.303064 0.344902 0.444479 -0.306334 0.350037
0.473404 -0.302955 0.344728 0.445456 -0.306225 0.349864
0.474382 -0.302846 0.344554 0.446434 -0.306116 0.34969
0.475361 -0.302738 0.34438 0.447412 -0.306007 0.349517
0.47634 -0.302629 0.344206 0.44839 -0.305898 0.349343
0.477319 -0.30252 0.344032 0.449858 -0.305735 0.349083
0.478297 -0.302411 0.343858 0.450347 -0.30568 0.348996
0.479276 -0.302303 0.343684 0.451326 -0.305571 0.348822
0.480255 -0.302194 0.34351 0.452304 -0.305462 0.348648
0.481233 -0.302085 0.343336 0.453282 -0.305353 0.348475
0.482212 -0.301976 0.343162 0.45426 -0.305244 0.348301
0.483191 -0.301868 0.342988 0.455239 -0.305135 0.348127
0.48417 -0.301759 0.342814 0.456218 -0.305026 0.347953
0.485148 -0.30165 0.34264 0.457196 -0.304917 0.34778
0.486127 -0.301541 0.342466 0.458176 -0.304808 0.347606
0.487106 -0.301433 0.342292 0.459155 -0.304699 0.347432
0.488084 -0.301324 0.342118 0.460134 -0.30459 0.347258
0.489063 -0.301215 0.341944 0.461114 -0.304481 0.347084
0.490042 -0.301106 0.34177 0.462093 -0.304372 0.34691
0.491021 -0.300998 0.341596 0.463073 -0.304263 0.346736
0.491999 -0.300889 0.341422 0.464053 -0.304154 0.346562
0.492978 -0.30078 0.341248 0.465033 -0.304045 0.346388
0.493957 -0.300671 0.341074 0.466013 -0.303936 0.346214
0.494936 -0.300563 0.3409 0.466994 -0.303827 0.34604
0.495914 -0.300454 0.340726 0.467974 -0.303717 0.345866
0.496893 -0.300345 0.340552 0.468955 -0.303608 0.345692
0.497872 -0.300236 0.340378 0.469936 -0.303499 0.345518
0.49885 -0.300128 0.340204 0.470917 -0.30339 0.345344
0.499829 -0.300019 0.34003 0.471897 -0.303281 0.34517
0.500808 -0.29991 0.339856 0.472878 -0.303171 0.344995
0.499829 -0.300019 0.34003 0.473859 -0.303062 0.344821
0.500808 -0.29991 0.339856 0.47484 -0.302953 0.344647
0.499829 -0.300019 0.34003 0.475821 -0.302844 0.344473
0.500808 -0.29991 0.339856 0.4768 -0.302735 0.344299
0.499829 -0.300019 0.34003 0.477772 -0.302626 0.344126
0.500808 -0.29991 0.339856 0.478734 -0.302519 0.343954
0.499829 -0.300019 0.34003 0.479682 -0.302412 0.343785
0.500808 -0.29991 0.339856 0.480613 -0.302307 0.343618
0.499829 -0.300019 0.34003 0.481526 -0.302203 0.343454
0.500808 -0.29991 0.339856 0.482417 -0.302102 0.343293
0.499829 -0.300019 0.34003 0.483286 -0.302002 0.343135
0.500808 -0.29991 0.339856 0.483711 -0.301953 0.343058
0.499829 -0.300019 0.34003 0.48495 -0.30181 0.342832
0.500808 -0.29991 0.339856 0.485743 -0.301718 0.342687
0.499829 -0.300019 0.34003 0.48651 -0.301628 0.342546
0.500808 -0.29991 0.339856 0.487249 -0.301542 0.342409
0.499829 -0.300019 0.34003 0.487961 -0.301458 0.342277
0.500808 -0.29991 0.339856 0.488645 -0.301377 0.34215
0.499829 -0.300019 0.34003 0.489301 -0.301298 0.342028
0.500808 -0.29991 0.339856 0.489619 -0.30126 0.341968
0.499829 -0.300019 0.34003 0.489931 -0.301223 0.34191
0.500808 -0.29991 0.339856 0.491109 -0.301081 0.341689
0.499829 -0.300019 0.34003 0.491662 -0.301015 0.341584
0.500808 -0.29991 0.339856 0.492192 -0.300951 0.341484
0.499829 -0.300019 0.34003 0.492697 -0.300889 0.341389
0.500808 -0.29991 0.339856 0.493177 -0.300831 0.341298
0.499829 -0.300019 0.34003 0.493631 -0.300775 0.341211
0.500808 -0.29991 0.339856 0.494062 -0.300723 0.341129
0.499829 -0.300019 0.34003 0.494268 -0.300697 0.34109
0.500808 -0.29991 0.339856 0.494854 -0.300625 0.340978
0.499829 -0.300019 0.34003 0.495217 -0.300581 0.340908
0.500808 -0.29991 0.339856 0.495559 -0.300538 0.340843
0.499829 -0.300019 0.34003 0.495881 -0.300498 0.340781
0.500808 -0.29991 0.339856 0.496185 -0.300461 0.340723
0.499829 -0.300019 0.34003 0.496469 -0.300426 0.340668
0.500808 -0.29991 0.339856 0.496737 -0.300393 0.340616
0.499829 -0.300019 0.34003 0.496987 -0.300361 0.340568
0.500808 -0.29991 0.339856 0.497107 -0.300347 0.340545
0.499829 -0.300019 0.34003 0.497334 -0.300318 0.340501
0.500808 -0.29991 0.339856 0.497547 -0.300292 0.34046
0.499829 -0.300019 0.34003 0.497747 -0.300267 0.340422
0.500808 -0.29991 0.339856 0.498022 -0.300233 0.340369
0.499829 -0.300019 0.34003 0.498107 -0.300222 0.340352
0.500808 -0.29991 0.339856 0.498268 -0.300202 0.340321
0.499829 -0.300019 0.34003 0.498419 -0.300184 0.340292
0.500808 -0.29991 0.339856 0.498626 -0.300158 0.340252
0.499829 -0.300019 0.34003 0.49869 -0.30015 0.34024
0.500808 -0.29991 0.339856 0.498813 -0.300135 0.340216
0.499829 -0.300019 0.34003 0.498927 -0.300121 0.340194
0.500808 -0.29991 0.339856 0.499032 -0.300108 0.340174
