-0.398639 -0.399849 0.499758 -0.399617 -0.399957 0.499932
-0.39766 -0.39974 0.499584 -0.399617 -0.399957 0.499932
-0.396682 -0.399631 0.49941 -0.399617 -0.399957 0.499932
-0.395703 -0.399523 0.499236 -0.399615 -0.399957 0.499932
-0.394724 -0.399414 0.499062 -0.399609 -0.399956 0.499931
-0.393745 -0.399305 0.498888 -0.399595 -0.399955 0.499928
-0.392767 -0.399196 0.498714 -0.39957 -0.399952 0.499924
-0.391788 -0.399088 0.49854 -0.39953 -0.399948 0.499917
-0.390809 -0.398979 0.498366 -0.399474 -0.399942 0.499907
-0.389831 -0.39887 0.498192 -0.399439 -0.399938 0.499901
-0.388852 -0.398761 0.498018 -0.399301 -0.399923 0.499877
-0.387873 -0.398653 0.497844 -0.399183 -0.399911 0.499857
-0.386894 -0.398544 0.49767 -0.399044 -0.399897 0.499833
-0.385916 -0.398435 0.497496 -0.398879 -0.39988 0.499804
-0.384937 -0.398326 0.497322 -0.398689 -0.39986 0.499771
-0.383958 -0.398218 0.497148 -0.39847 -0.399838 0.499734
-0.382979 -0.398109 0.496974 -0.398223 -0.399812 0.499692
-0.382001 -0.398 0.4968 -0.39809 -0.399799 0.499669
-0.381022 -0.397891 0.496626 -0.397647 -0.399754 0.499593
-0.380043 -0.397783 0.496452 -0.397319 -0.399721 0.499537
-0.379065 -0.397674 0.496278 -0.396966 -0.399686 0.499477
-0.378086 -0.397565 0.496104 -0.396781 -0.399667 0.499445
-0.377107 -0.397456 0.49593 -0.396185 -0.399607 0.499344
-0.376128 -0.397348 0.495756 -0.395755 -0.399564 0.499271
-0.37515 -0.397239 0.495582 -0.395299 -0.399519 0.499193
-0.374171 -0.39713 0.495408 -0.394817 -0.399471 0.499112
-0.373192 -0.397021 0.495234 -0.394313 -0.399421 0.499026
-0.372213 -0.396913 0.49506 -0.393786 -0.399368 0.498936
-0.371235 -0.396804 0.494886 -0.393238 -0.399313 0.498843
-0.370256 -0.396695 0.494712 -0.392956 -0.399285 0.498795
-0.369277 -0.396586 0.494538 -0.392669 -0.399256 0.498746
-0.368299 -0.396478 0.494364 -0.391469 -0.399136 0.498542
-0.36732 -0.396369 0.49419 -0.390842 -0.399073 0.498435
-0.366341 -0.39626 0.494016 -0.390197 -0.399008 0.498325
-0.365362 -0.396151 0.493842 -0.389533 -0.398941 0.498212
-0.364384 -0.396043 0.493668 -0.388851 -0.398873 0.498095
-0.363405 -0.395934 0.493494 -0.388153 -0.398802 0.497976
-0.362426 -0.395825 0.49332 -0.387437 -0.398729 0.497853
-0.361448 -0.395716 0.493146 -0.386707 -0.398655 0.497728
-0.360469 -0.395608 0.492972 -0.385961 -0.398579 0.4976
-0.35949 -0.395499 0.492798 -0.385201 -0.398502 0.49747
-0.358511 -0.39539 0.492624 -0.384427 -0.398423 0.497337
-0.357533 -0.395281 0.49245 -0.38364 -0.398342 0.497202
-0.356554 -0.395173 0.492276 -0.38284 -0.39826 0.497064
-0.355575 -0.395064 0.492102 -0.382029 -0.398176 0.496924
-0.354596 -0.394955 0.491928 -0.381207 -0.398091 0.496783
-0.353618 -0.394846 0.491754 -0.380374 -0.398005 0.496639
-0.352639 -0.394738 0.49158 -0.379531 -0.397917 0.496493
-0.35166 -0.394629 0.491406 -0.378678 -0.397828 0.496345
-0.350682 -0.39452 0.491232 -0.377816 -0.397738 0.496196
-0.349703 -0.394411 0.491058 -0.376945 -0.397647 0.496045
-0.348724 -0.394303 0.490884 -0.376067 -0.397555 0.495892
-0.347745 -0.394194 0.49071 -0.375181 -0.397461 0.495738
-0.346767 -0.394085 0.490536 -0.374288 -0.397367 0.495582
-0.345788 -0.393976 0.490362 -0.373388 -0.397272 0.495425
-0.344809 -0.393868 0.490188 -0.372482 -0.397175 0.495267
-0.343831 -0.393759 0.490014 -0.371571 -0.397078 0.495108
-0.342852 -0.39365 0.48984 -0.370653 -0.39698 0.494947
-0.341873 -0.393541 0.489666 -0.369731 -0.396882 0.494786
-0.340894 -0.393433 0.489492 -0.368803 -0.396782 0.494623
-0.339916 -0.393324 0.489318 -0.367871 -0.396682 0.49446
-0.338937 -0.393215 0.489144 -0.366935 -0.396581 0.494295
-0.337958 -0.393106 0.48897 -0.365995 -0.39648 0.49413
-0.336979 -0.392998 0.488796 -0.365051 -0.396378 0.493964
-0.336001 -0.392889 0.488622 -0.364104 -0.396275 0.493797
-0.335022 -0.39278 0.488448 -0.363153 -0.396172 0.493629
-0.334043 -0.392671 0.488274 -0.3622 -0.396068 0.493461
-0.333065 -0.392563 0.4881 -0.361244 -0.395964 0.493292
-0.332086 -0.392454 0.487926 -0.360286 -0.395859 0.493123
-0.331107 -0.392345 0.487752 -0.359325 -0.395754 0.492953
-0.330128 -0.392236 0.487578 -0.358844 -0.395701 0.492868
-0.32915 -0.392128 0.487404 -0.357397 -0.395543 0.492611
-0.328171 -0.392019 0.48723 -0.356429 -0.395437 0.49244
-0.327192 -0.39191 0.487056 -0.355458 -0.39533 0.492268
-0.326213 -0.391801 0.486882 -0.354483 -0.395223 0.492095
-0.325235 -0.391693 0.486708 -0.353506 -0.395115 0.491922
-0.324256 -0.391584 0.486534 -0.352529 -0.395008 0.491749
-0.323277 -0.391475 0.48636 -0.351551 -0.3949 0.491575
-0.322299 -0.391367 0.486186 -0.350573 -0.394792 0.491401
-0.32132 -0.391258 0.486012 -0.349595 -0.394684 0.491227
-0.320341 -0.391149 0.485838 -0.348616 -0.394575 0.491053
-0.319362 -0.39104 0.485664 -0.347637 -0.394467 0.490879
-0.318384 -0.390932 0.48549 -0.346658 -0.394358 0.490705
-0.317405 -0.390823 0.485316 -0.345676 -0.394249 0.49053
-0.316426 -0.390714 0.485142 -0.344693 -0.39414 0.490355
-0.315448 -0.390605 0.484968 -0.343708 -0.394031 0.49018
-0.314469 -0.390497 0.484794 -0.342723 -0.393922 0.490005
-0.31349 -0.390388 0.48462 -0.341738 -0.393812 0.489829
-0.312511 -0.390279 0.484446 -0.340753 -0.393703 0.489654
-0.311533 -0.39017 0.484272 -0.339768 -0.393593 0.489478
-0.310554 -0.390062 0.484098 -0.338781 -0.393483 0.489302
-0.309575 -0.389953 0.483924 -0.337793 -0.393374 0.489126
-0.308596 -0.389844 0.48375 -0.337793 -0.393374 0.489126
-0.307618 -0.389735 0.483576 -0.334834 -0.393044 0.488599
-0.306639 -0.389627 0.483402 -0.333847 -0.392934 0.488423
-0.30566 -0.389518 0.483228 -0.332862 -0.392824 0.488247
-0.304682 -0.389409 0.483054 -0.331878 -0.392714 0.488071
-0.303703 -0.3893 0.482881 -0.330895 -0.392605 0.487896
-0.302724 -0.389192 0.482707 -0.329914 -0.392495 0.487721
-0.301745 -0.389083 0.482533 -0.328934 -0.392385 0.487546
-0.300767 -0.388974 0.482359 -0.327955 -0.392276 0.487371
-0.299788 -0.388865 0.482185 -0.326977 -0.392167 0.487196
-0.298809 -0.388757 0.482011 -0.326002 -0.392057 0.487022
-0.29783 -0.388648 0.481837 -0.32503 -0.391948 0.486848
-0.296852 -0.388539 0.481663 -0.324062 -0.391839 0.486675
-0.295873 -0.38843 0.481489 -0.323094 -0.391731 0.486502
-0.294894 -0.388322 0.481315 -0.322127 -0.391622 0.486329
-0.293916 -0.388213 0.481141 -0.321161 -0.391514 0.486156
-0.292937 -0.388104 0.480967 -0.320196 -0.391405 0.485983
-0.291958 -0.387995 0.480793 -0.319234 -0.391297 0.485811
-0.290979 -0.387887 0.480619 -0.318274 -0.391189 0.485639
-0.290001 -0.387778 0.480445 -0.317315 -0.391082 0.485468
-0.289022 -0.387669 0.480271 -0.316357 -0.390974 0.485297
-0.288043 -0.38756 0.480097 -0.315398 -0.390867 0.485125
-0.287065 -0.387452 0.479923 -0.31444 -0.390759 0.484954
-0.286086 -0.387343 0.479749 -0.313482 -0.390652 0.484783
-0.285107 -0.387234 0.479575 -0.312526 -0.390545 0.484612
-0.284128 -0.387125 0.479401 -0.311571 -0.390438 0.484441
-0.28315 -0.387017 0.479227 -0.310617 -0.390331 0.48427
-0.282171 -0.386908 0.479053 -0.309664 -0.390224 0.4841
-0.281192 -0.386799 0.478879 -0.30871 -0.390117 0.48393
-0.280213 -0.38669 0.478705 -0.307757 -0.39001 0.48376
-0.279235 -0.386582 0.478531 -0.307281 -0.389957 0.483674
-0.278256 -0.386473 0.478357 -0.305851 -0.389797 0.483419
-0.277277 -0.386364 0.478183 -0.304896 -0.389691 0.483249
-0.276299 -0.386255 0.478009 -0.303939 -0.389584 0.483078
-0.27532 -0.386147 0.477835 -0.302981 -0.389478 0.482907
-0.274341 -0.386038 0.477661 -0.302023 -0.389371 0.482737
-0.273362 -0.385929 0.477487 -0.301064 -0.389264 0.482566
-0.272384 -0.38582 0.477313 -0.300106 -0.389158 0.482395
-0.271405 -0.385712 0.477139 -0.299148 -0.389051 0.482224
-0.270426 -0.385603 0.476965 -0.298189 -0.388945 0.482053
-0.269448 -0.385494 0.476791 -0.29723 -0.388838 0.481883
-0.268469 -0.385385 0.476617 -0.296271 -0.388732 0.481712
-0.26749 -0.385277 0.476443 -0.295311 -0.388625 0.481541
-0.266511 -0.385168 0.476269 -0.294351 -0.388519 0.48137
-0.265533 -0.385059 0.476095 -0.293391 -0.388412 0.481199
-0.264554 -0.38495 0.475921 -0.29243 -0.388305 0.481028
-0.263575 -0.384842 0.475747 -0.291949 -0.388252 0.480942
-0.262596 -0.384733 0.475573 -0.290987 -0.388145 0.480771
-0.261618 -0.384624 0.475399 -0.290024 -0.388039 0.480599
-0.260639 -0.384515 0.475225 -0.289056 -0.387932 0.480427
-0.25966 -0.384407 0.475051 -0.288084 -0.387824 0.480255
-0.258682 -0.384298 0.474877 -0.287107 -0.387717 0.480081
-0.257703 -0.384189 0.474703 -0.286127 -0.387609 0.479907
-0.256724 -0.38408 0.474529 -0.285144 -0.387501 0.479733
-0.255745 -0.383972 0.474355 -0.284158 -0.387393 0.479558
-0.254767 -0.383863 0.474181 -0.28317 -0.387284 0.479383
-0.253788 -0.383754 0.474007 -0.282179 -0.387176 0.479207
-0.252809 -0.383645 0.473833 -0.281187 -0.387067 0.479031
-0.25183 -0.383537 0.473659 -0.280691 -0.387012 0.478943
-0.250852 -0.383428 0.473485 -0.279199 -0.386849 0.478678
-0.249873 -0.383319 0.473311 -0.278701 -0.386794 0.47859
-0.248894 -0.38321 0.473137 -0.277206 -0.38663 0.478325
-0.247916 -0.383102 0.472963 -0.276208 -0.38652 0.478148
-0.246937 -0.382993 0.472789 -0.275209 -0.38641 0.47797
-0.245958 -0.382884 0.472615 -0.274209 -0.3863 0.477793
-0.244979 -0.382775 0.472441 -0.273208 -0.38619 0.477615
-0.244001 -0.382667 0.472267 -0.272208 -0.38608 0.477437
-0.243022 -0.382558 0.472093 -0.271708 -0.386025 0.477348
-0.242043 -0.382449 0.471919 -0.270208 -0.385859 0.477082
-0.241065 -0.382341 0.471745 -0.269208 -0.385749 0.476904
-0.240086 -0.382232 0.471571 -0.268209 -0.385639 0.476727
-0.239107 -0.382123 0.471397 -0.26721 -0.385528 0.476549
-0.238128 -0.382014 0.471223 -0.266212 -0.385418 0.476371
-0.23715 -0.381906 0.471049 -0.265215 -0.385307 0.476194
-0.236171 -0.381797 0.470875 -0.264717 -0.385252 0.476105
-0.235192 -0.381688 0.470701 -0.264218 -0.385197 0.476017
-0.234213 -0.381579 0.470527 -0.262228 -0.384976 0.475662
-0.233235 -0.381471 0.470353 -0.261237 -0.384866 0.475486
-0.232256 -0.381362 0.470179 -0.260251 -0.384756 0.47531
-0.231277 -0.381253 0.470005 -0.259265 -0.384646 0.475134
-0.230299 -0.381144 0.469831 -0.258279 -0.384536 0.474958
-0.22932 -0.381036 0.469657 -0.257293 -0.384426 0.474782
-0.228341 -0.380927 0.469483 -0.2568 -0.384371 0.474694
-0.227362 -0.380818 0.469309 -0.25532 -0.384206 0.47443
-0.226384 -0.380709 0.469135 -0.254333 -0.384096 0.474254
-0.225405 -0.380601 0.468961 -0.253346 -0.383986 0.474078
-0.224426 -0.380492 0.468787 -0.252358 -0.383877 0.473902
-0.223448 -0.380383 0.468613 -0.251371 -0.383767 0.473726
-0.222469 -0.380274 0.468439 -0.250384 -0.383657 0.47355
-0.22149 -0.380166 0.468265 -0.249397 -0.383547 0.473374
-0.220511 -0.380057 0.468091 -0.248409 -0.383437 0.473198
-0.219533 -0.379948 0.467917 -0.247916 -0.383382 0.47311
-0.218554 -0.379839 0.467743 -0.246435 -0.383218 0.472846
-0.217575 -0.379731 0.467569 -0.245449 -0.383108 0.47267
-0.216596 -0.379622 0.467395 -0.244462 -0.382998 0.472494
-0.215618 -0.379513 0.467221 -0.243475 -0.382889 0.472319
-0.214639 -0.379404 0.467047 -0.242489 -0.382779 0.472143
-0.21366 -0.379296 0.466873 -0.241503 -0.382669 0.471967
-0.212682 -0.379187 0.466699 -0.239039 -0.382395 0.471528
-0.211703 -0.379078 0.466525 -0.238054 -0.382286 0.471352
-0.210724 -0.378969 0.466351 -0.23707 -0.382176 0.471177
-0.209745 -0.378861 0.466177 -0.23609 -0.382067 0.471002
-0.208767 -0.378752 0.466003 -0.235119 -0.381958 0.470828
-0.207788 -0.378643 0.465829 -0.234155 -0.38185 0.470656
-0.206809 -0.378534 0.465655 -0.233199 -0.381742 0.470485
-0.20583 -0.378426 0.465481 -0.232249 -0.381635 0.470315
-0.204852 -0.378317 0.465307 -0.231304 -0.381528 0.470145
-0.203873 -0.378208 0.465133 -0.230363 -0.381422 0.469977
-0.202894 -0.378099 0.464959 -0.229425 -0.381315 0.469809
-0.201916 -0.377991 0.464785 -0.228491 -0.38121 0.469641
-0.200937 -0.377882 0.464611 -0.227558 -0.381104 0.469474
-0.199958 -0.377773 0.464437 -0.226627 -0.380999 0.469307
-0.198979 -0.377664 0.464263 -0.225697 -0.380894 0.469141
-0.198001 -0.377556 0.464089 -0.224305 -0.380737 0.468891
-0.197022 -0.377447 0.463915 -0.223841 -0.380684 0.468808
-0.196043 -0.377338 0.463741 -0.222913 -0.38058 0.468642
-0.195065 -0.377229 0.463567 -0.221984 -0.380475 0.468476
-0.194086 -0.377121 0.463393 -0.221053 -0.380371 0.46831
-0.193107 -0.377012 0.463219 -0.220123 -0.380267 0.468143
-0.192128 -0.376903 0.463045 -0.219193 -0.380163 0.467977
-0.19115 -0.376794 0.462871 -0.218727 -0.380111 0.467894
-0.190171 -0.376686 0.462697 -0.216865 -0.379903 0.467562
-0.189192 -0.376577 0.462523 -0.215933 -0.379799 0.467395
-0.188213 -0.376468 0.462349 -0.215466 -0.379747 0.467312
-0.187235 -0.376359 0.462175 -0.214532 -0.379643 0.467145
-0.186256 -0.376251 0.462001 -0.213597 -0.379539 0.466979
-0.185277 -0.376142 0.461827 -0.212661 -0.379435 0.466812
-0.184299 -0.376033 0.461653 -0.211723 -0.379331 0.466645
-0.18332 -0.375924 0.461479 -0.210784 -0.379227 0.466477
-0.182341 -0.375816 0.461305 -0.20937 -0.37907 0.466226
-0.181362 -0.375707 0.461131 -0.208897 -0.379018 0.466142
-0.180384 -0.375598 0.460957 -0.207951 -0.378913 0.465973
-0.179405 -0.375489 0.460783 -0.207003 -0.378809 0.465804
-0.178426 -0.375381 0.460609 -0.206054 -0.378704 0.465636
-0.177448 -0.375272 0.460435 -0.205105 -0.378599 0.465467
-0.176469 -0.375163 0.460261 -0.204154 -0.378494 0.465298
-0.17549 -0.375054 0.460087 -0.203203 -0.378389 0.465128
-0.174511 -0.374946 0.459913 -0.20225 -0.378284 0.464959
-0.173533 -0.374837 0.459739 -0.201296 -0.378179 0.464789
-0.172554 -0.374728 0.459565 -0.200341 -0.378074 0.464619
-0.171575 -0.374619 0.459391 -0.199386 -0.377969 0.464449
-0.170596 -0.374511 0.459217 -0.198429 -0.377863 0.464279
-0.169618 -0.374402 0.459043 -0.197472 -0.377758 0.464109
-0.168639 -0.374293 0.458869 -0.196514 -0.377652 0.463939
-0.16766 -0.374184 0.458695 -0.195555 -0.377546 0.463768
-0.166682 -0.374076 0.458521 -0.194595 -0.37744 0.463597
-0.165703 -0.373967 0.458347 -0.193634 -0.377335 0.463426
-0.164724 -0.373858 0.458173 -0.192672 -0.377228 0.463255
-0.163745 -0.373749 0.457999 -0.19171 -0.377122 0.463084
-0.162767 -0.373641 0.457825 -0.190746 -0.377016 0.462913
-0.161788 -0.373532 0.457651 -0.189782 -0.37691 0.462741
-0.160809 -0.373423 0.457477 -0.188818 -0.376803 0.462569
-0.15983 -0.373314 0.457303 -0.188335 -0.37675 0.462483
-0.158852 -0.373206 0.457129 -0.186886 -0.37659 0.462226
-0.157873 -0.373097 0.456955 -0.185919 -0.376484 0.462053
-0.156894 -0.372988 0.456781 -0.184951 -0.376377 0.461881
-0.155916 -0.37288 0.456607 -0.183982 -0.37627 0.461709
-0.154937 -0.372771 0.456433 -0.183013 -0.376163 0.461536
-0.153958 -0.372662 0.456259 -0.182529 -0.376109 0.46145
-0.152979 -0.372553 0.456085 -0.182529 -0.376109 0.46145
-0.152001 -0.372445 0.455911 -0.179619 -0.375788 0.460932
-0.151022 -0.372336 0.455737 -0.178652 -0.375681 0.46076
-0.150043 -0.372227 0.455563 -0.177688 -0.375574 0.460588
-0.149065 -0.372118 0.455389 -0.176723 -0.375467 0.460416
-0.148086 -0.37201 0.455215 -0.175758 -0.37536 0.460244
-0.147107 -0.371901 0.455041 -0.17479 -0.375252 0.460072
-0.146128 -0.371792 0.454867 -0.173822 -0.375145 0.459899
-0.14515 -0.371683 0.454693 -0.172852 -0.375038 0.459726
-0.144171 -0.371575 0.454519 -0.17188 -0.37493 0.459553
-0.143192 -0.371466 0.454345 -0.170908 -0.374823 0.45938
-0.142213 -0.371357 0.454171 -0.169935 -0.374715 0.459207
-0.141235 -0.371248 0.453997 -0.168961 -0.374608 0.459033
-0.140256 -0.37114 0.453823 -0.168474 -0.374554 0.458946
-0.139277 -0.371031 0.453649 -0.167987 -0.3745 0.45886
-0.138299 -0.370922 0.453475 -0.166524 -0.374338 0.458599
-0.13732 -0.370813 0.453301 -0.16506 -0.374176 0.458338
-0.136341 -0.370705 0.453127 -0.164085 -0.374068 0.458165
-0.135362 -0.370596 0.452953 -0.163112 -0.37396 0.457991
-0.134384 -0.370487 0.452779 -0.162142 -0.373852 0.457818
-0.133405 -0.370378 0.452605 -0.161172 -0.373745 0.457645
-0.132426 -0.37027 0.452431 -0.160201 -0.373637 0.457472
-0.131447 -0.370161 0.452257 -0.160201 -0.373637 0.457472
-0.130469 -0.370052 0.452083 -0.157286 -0.373313 0.456952
-0.12949 -0.369943 0.451909 -0.156319 -0.373206 0.45678
-0.128511 -0.369835 0.451735 -0.155836 -0.373152 0.456694
-0.127533 -0.369726 0.451561 -0.154871 -0.373044 0.456521
-0.126554 -0.369617 0.451387 -0.153907 -0.372937 0.456349
-0.125575 -0.369508 0.451213 -0.152946 -0.37283 0.456178
-0.124596 -0.3694 0.451039 -0.151507 -0.372669 0.455921
-0.123618 -0.369291 0.450865 -0.150549 -0.372562 0.45575
-0.122639 -0.369182 0.450691 -0.149592 -0.372455 0.455579
-0.12166 -0.369073 0.450517 -0.148636 -0.372349 0.455408
-0.120682 -0.368965 0.450343 -0.147683 -0.372242 0.455238
-0.119703 -0.368856 0.450169 -0.146731 -0.372135 0.455068
-0.118724 -0.368747 0.449995 -0.145779 -0.372029 0.454898
-0.117745 -0.368638 0.449821 -0.144827 -0.371923 0.454728
-0.116767 -0.36853 0.449647 -0.143876 -0.371816 0.454558
-0.115788 -0.368421 0.449473 -0.142924 -0.37171 0.454388
-0.114809 -0.368312 0.449299 -0.141971 -0.371604 0.454218
-0.11383 -0.368203 0.449125 -0.141018 -0.371498 0.454048
-0.112852 -0.368095 0.448951 -0.140064 -0.371392 0.453878
-0.111873 -0.367986 0.448777 -0.13911 -0.371286 0.453708
-0.110894 -0.367877 0.448603 -0.138155 -0.371179 0.453537
-0.109916 -0.367768 0.448429 -0.137678 -0.371126 0.453452
-0.108937 -0.36766 0.448255 -0.136722 -0.37102 0.453282
-0.107958 -0.367551 0.448081 -0.135766 -0.370914 0.453111
-0.106979 -0.367442 0.447907 -0.134807 -0.370808 0.45294
-0.106001 -0.367333 0.447733 -0.133845 -0.370701 0.452768
-0.105022 -0.367225 0.447559 -0.132879 -0.370594 0.452596
-0.104043 -0.367116 0.447385 -0.13191 -0.370488 0.452424
-0.103065 -0.367007 0.447211 -0.13094 -0.370381 0.452251
-0.102086 -0.366898 0.447037 -0.129971 -0.370274 0.452078
-0.101107 -0.36679 0.446863 -0.128999 -0.370166 0.451905
-0.100128 -0.366681 0.446689 -0.128025 -0.370059 0.451732
-0.0991496 -0.366572 0.446515 -0.127049 -0.369952 0.451558
-0.0981709 -0.366463 0.446341 -0.126069 -0.369844 0.451383
-0.0971922 -0.366355 0.446167 -0.125088 -0.369736 0.451209
-0.0962135 -0.366246 0.445994 -0.124106 -0.369628 0.451034
-0.0952347 -0.366137 0.44582 -0.123122 -0.36952 0.450858
-0.094256 -0.366028 0.445646 -0.122137 -0.369412 0.450683
-0.0932773 -0.36592 0.445472 -0.12115 -0.369303 0.450507
-0.0922986 -0.365811 0.445298 -0.120162 -0.369195 0.450331
-0.0913198 -0.365702 0.445124 -0.119173 -0.369086 0.450155
-0.0903411 -0.365593 0.44495 -0.118185 -0.368977 0.449979
-0.0893624 -0.365485 0.444776 -0.117196 -0.368868 0.449803
-0.0883837 -0.365376 0.444602 -0.116208 -0.368759 0.449627
-0.0874049 -0.365267 0.444428 -0.115222 -0.36865 0.449451
-0.0864262 -0.365158 0.444254 -0.114238 -0.368541 0.449276
-0.0854475 -0.36505 0.44408 -0.113257 -0.368433 0.449101
-0.0844688 -0.364941 0.443906 -0.112278 -0.368324 0.448926
-0.08349 -0.364832 0.443732 -0.111301 -0.368215 0.448752
-0.0825113 -0.364723 0.443558 -0.110326 -0.368107 0.448578
-0.0815326 -0.364615 0.443384 -0.10935 -0.367998 0.448404
-0.0805539 -0.364506 0.44321 -0.108374 -0.36789 0.44823
-0.0795752 -0.364397 0.443036 -0.107886 -0.367836 0.448143
-0.0785964 -0.364288 0.442862 -0.106418 -0.367673 0.447881
-0.0776177 -0.36418 0.442688 -0.105438 -0.367564 0.447706
-0.076639 -0.364071 0.442514 -0.104457 -0.367455 0.447531
-0.0756603 -0.363962 0.44234 -0.103476 -0.367346 0.447356
-0.0746815 -0.363854 0.442166 -0.102498 -0.367238 0.447182
-0.0737028 -0.363745 0.441992 -0.101521 -0.367129 0.447007
-0.0727241 -0.363636 0.441818 -0.100546 -0.367021 0.446833
-0.0717454 -0.363527 0.441644 -0.0995723 -0.366912 0.446659
-0.0707666 -0.363419 0.44147 -0.0986001 -0.366804 0.446486
-0.0697879 -0.36331 0.441296 -0.0976291 -0.366696 0.446313
-0.0688092 -0.363201 0.441122 -0.0966591 -0.366588 0.44614
-0.0678305 -0.363092 0.440948 -0.09569 -0.366479 0.445967
-0.0668517 -0.362984 0.440774 -0.0947216 -0.366371 0.445794
-0.065873 -0.362875 0.4406 -0.0937537 -0.366264 0.445621
-0.0648943 -0.362766 0.440426 -0.0927862 -0.366156 0.445448
-0.0639156 -0.362657 0.440252 -0.0918189 -0.366048 0.445275
-0.0629369 -0.362549 0.440078 -0.0908514 -0.36594 0.445103
-0.0619581 -0.36244 0.439904 -0.0898833 -0.365832 0.44493
-0.0609794 -0.362331 0.43973 -0.088914 -0.365724 0.444757
-0.0600007 -0.362222 0.439556 -0.0879442 -0.365617 0.444584
-0.059022 -0.362114 0.439382 -0.0869747 -0.365509 0.444411
-0.0580432 -0.362005 0.439208 -0.0860053 -0.365401 0.444238
-0.0570645 -0.361896 0.439034 -0.0850356 -0.365293 0.444065
-0.0560858 -0.361787 0.43886 -0.084066 -0.365186 0.443892
-0.0551071 -0.361679 0.438686 -0.0830966 -0.365078 0.443719
-0.0541283 -0.36157 0.438512 -0.0821273 -0.36497 0.443546
-0.0531496 -0.361461 0.438338 -0.0811581 -0.364862 0.443373
-0.0521709 -0.361352 0.438164 -0.0801889 -0.364755 0.4432
-0.0511922 -0.361244 0.43799 -0.0792198 -0.364647 0.443027
-0.0502134 -0.361135 0.437816 -0.0787352 -0.364593 0.442941
-0.0492347 -0.361026 0.437642 -0.0782506 -0.36454 0.442854
-0.048256 -0.360917 0.437468 -0.076312 -0.364324 0.442509
-0.0472773 -0.360809 0.437294 -0.0753424 -0.364217 0.442336
-0.0462986 -0.3607 0.43712 -0.0743711 -0.364109 0.442162
-0.0453198 -0.360591 0.436946 -0.0733974 -0.364001 0.441989
-0.0443411 -0.360482 0.436772 -0.0724225 -0.363893 0.441815
-0.0433624 -0.360374 0.436598 -0.0714479 -0.363785 0.441641
-0.0423837 -0.360265 0.436424 -0.0704736 -0.363677 0.441467
-0.0414049 -0.360156 0.43625 -0.0694996 -0.36357 0.441294
-0.0404262 -0.360047 0.436076 -0.0685259 -0.363462 0.44112
-0.0394475 -0.359939 0.435902 -0.0675523 -0.363354 0.440946
-0.0384688 -0.35983 0.435728 -0.0665783 -0.363246 0.440773
-0.03749 -0.359721 0.435554 -0.0656033 -0.363138 0.440599
-0.0365113 -0.359612 0.43538 -0.0646279 -0.36303 0.440425
-0.0355326 -0.359504 0.435206 -0.0636528 -0.362922 0.440251
-0.0345539 -0.359395 0.435032 -0.062678 -0.362814 0.440077
-0.0335751 -0.359286 0.434858 -0.0617035 -0.362706 0.439903
-0.0325964 -0.359177 0.434684 -0.0607291 -0.362598 0.439729
-0.0316177 -0.359069 0.43451 -0.0597549 -0.36249 0.439556
-0.030639 -0.35896 0.434336 -0.0587806 -0.362382 0.439382
-0.0296603 -0.358851 0.434162 -0.0578059 -0.362274 0.439208
-0.0286815 -0.358742 0.433988 -0.0568311 -0.362166 0.439034
-0.0277028 -0.358634 0.433814 -0.0558564 -0.362058 0.43886
-0.0267241 -0.358525 0.43364 -0.0553691 -0.362004 0.438773
-0.0257454 -0.358416 0.433466 -0.0539074 -0.361842 0.438513
-0.0247666 -0.358307 0.433292 -0.052933 -0.361734 0.438339
-0.0237879 -0.358199 0.433118 -0.0519586 -0.361625 0.438165
-0.0228092 -0.35809 0.432944 -0.0509842 -0.361517 0.437992
-0.0218305 -0.357981 0.43277 -0.0500099 -0.361409 0.437818
-0.0208517 -0.357872 0.432596 -0.0490352 -0.361301 0.437644
-0.019873 -0.357764 0.432422 -0.0480601 -0.361193 0.43747
-0.0188943 -0.357655 0.432248 -0.0470847 -0.361085 0.437296
-0.0179156 -0.357546 0.432074 -0.0461092 -0.360977 0.437122
-0.0169368 -0.357437 0.4319 -0.0451321 -0.360869 0.436948
-0.0159581 -0.357329 0.431726 -0.0441524 -0.36076 0.436773
-0.0149794 -0.35722 0.431552 -0.043662 -0.360706 0.436686
-0.0140007 -0.357111 0.431378 -0.0421912 -0.360543 0.436424
-0.013022 -0.357002 0.431204 -0.04121 -0.360435 0.436249
-0.0120432 -0.356894 0.43103 -0.0402266 -0.360326 0.436073
-0.0110645 -0.356785 0.430856 -0.0392413 -0.360218 0.435898
-0.0100858 -0.356676 0.430682 -0.0382545 -0.360109 0.435722
-0.00910706 -0.356567 0.430508 -0.0372677 -0.36 0.435546
-0.00812834 -0.356459 0.430334 -0.0362821 -0.359891 0.43537
-0.00714961 -0.35635 0.43016 -0.0352966 -0.359782 0.435195
-0.00617089 -0.356241 0.429986 -0.0343102 -0.359673 0.435019
-0.00519217 -0.356132 0.429812 -0.033324 -0.359564 0.434843
-0.00421344 -0.356024 0.429638 -0.0323394 -0.359455 0.434667
-0.00323472 -0.355915 0.429464 -0.0313561 -0.359346 0.434492
-0.00225599 -0.355806 0.42929 -0.0303741 -0.359237 0.434317
-0.00127727 -0.355697 0.429116 -0.0293933 -0.359128 0.434142
-0.000298548 -0.355589 0.428942 -0.0284136 -0.359019 0.433968
0.000680176 -0.35548 0.428768 -0.0274349 -0.358911 0.433793
0.0016589 -0.355371 0.428594 -0.026457 -0.358802 0.433619
0.00263762 -0.355262 0.42842 -0.0254799 -0.358693 0.433444
0.00361635 -0.355154 0.428246 -0.0245035 -0.358585 0.43327
0.00459507 -0.355045 0.428072 -0.0235276 -0.358476 0.433096
0.00557379 -0.354936 0.427898 -0.022552 -0.358368 0.432922
0.00655252 -0.354827 0.427724 -0.0215768 -0.358259 0.432749
0.00753124 -0.354719 0.42755 -0.020602 -0.358151 0.432575
0.00850996 -0.35461 0.427376 -0.0196276 -0.358042 0.432401
0.00948869 -0.354501 0.427202 -0.0186535 -0.357934 0.432227
0.0104674 -0.354393 0.427028 -0.0176797 -0.357825 0.432054
0.0114461 -0.354284 0.426854 -0.0167061 -0.357717 0.43188
0.0124249 -0.354175 0.42668 -0.0157321 -0.357609 0.431707
0.0134036 -0.354066 0.426506 -0.0147575 -0.3575 0.431533
0.0143823 -0.353958 0.426332 -0.0137828 -0.357392 0.431359
0.015361 -0.353849 0.426158 -0.0128082 -0.357284 0.431186
0.0163398 -0.35374 0.425984 -0.0118338 -0.357176 0.431012
0.0173185 -0.353631 0.42581 -0.0108597 -0.357067 0.430838
0.0182972 -0.353523 0.425636 -0.00988563 -0.356959 0.430665
0.0192759 -0.353414 0.425462 -0.0089117 -0.356851 0.430491
0.0202546 -0.353305 0.425288 -0.00793786 -0.356743 0.430318
0.0212334 -0.353196 0.425114 -0.00696406 -0.356635 0.430144
0.0222121 -0.353088 0.42494 -0.00599027 -0.356527 0.429971
0.0231908 -0.352979 0.424766 -0.00501646 -0.356418 0.429797
0.0241695 -0.35287 0.424592 -0.00404261 -0.35631 0.429624
0.0251483 -0.352761 0.424418 -0.00355568 -0.356256 0.429537
0.026127 -0.352653 0.424244 -0.00209245 -0.356094 0.429276
0.0271057 -0.352544 0.42407 -0.00111316 -0.355986 0.429102
0.0280844 -0.352435 0.423896 -0.000131494 -0.355877 0.428927
0.0290632 -0.352326 0.423722 0.000851389 -0.355769 0.428752
0.0300419 -0.352218 0.423548 0.00183429 -0.35566 0.428577
0.0310206 -0.352109 0.423374 0.00281626 -0.355551 0.428402
0.0319993 -0.352 0.4232 0.0037973 -0.355443 0.428227
0.0329781 -0.351891 0.423026 0.00477753 -0.355334 0.428052
0.0339568 -0.351783 0.422852 0.00575699 -0.355226 0.427878
0.0349355 -0.351674 0.422678 0.00673573 -0.355117 0.427703
0.0359142 -0.351565 0.422504 0.00771382 -0.355009 0.427529
0.0368929 -0.351456 0.42233 0.00869135 -0.3549 0.427355
0.0378717 -0.351348 0.422156 0.0096684 -0.354792 0.427181
0.0388504 -0.351239 0.421982 0.010645 -0.354683 0.427007
0.0398291 -0.35113 0.421808 0.0116213 -0.354575 0.426833
0.0408078 -0.351021 0.421634 0.0125973 -0.354466 0.42666
0.0417866 -0.350913 0.42146 0.0135734 -0.354358 0.426486
0.0427653 -0.350804 0.421286 0.0145499 -0.35425 0.426312
0.043744 -0.350695 0.421112 0.0155269 -0.354141 0.426138
0.0447227 -0.350586 0.420938 0.0165041 -0.354033 0.425964
0.0457015 -0.350478 0.420764 0.0174812 -0.353924 0.42579
0.0466802 -0.350369 0.42059 0.018458 -0.353816 0.425616
0.0476589 -0.35026 0.420416 0.0194344 -0.353708 0.425442
0.0486376 -0.350151 0.420242 0.0204105 -0.353599 0.425268
0.0496164 -0.350043 0.420068 0.0213863 -0.353491 0.425095
0.0505951 -0.349934 0.419894 0.0223619 -0.353382 0.424921
0.0515738 -0.349825 0.41972 0.0233374 -0.353274 0.424747
0.0525525 -0.349716 0.419546 0.0248003 -0.353112 0.424487
0.0535312 -0.349608 0.419372 0.0252879 -0.353058 0.4244
0.05451 -0.349499 0.419198 0.0262631 -0.352949 0.424226
0.0554887 -0.34939 0.419024 0.0272382 -0.352841 0.424053
0.0564674 -0.349281 0.41885 0.0282135 -0.352733 0.423879
0.0574461 -0.349173 0.418676 0.0291898 -0.352624 0.423706
0.0584249 -0.349064 0.418502 0.0306567 -0.352462 0.423445
0.0594036 -0.348955 0.418328 0.0316349 -0.352353 0.42327
0.0603823 -0.348846 0.418154 0.0326128 -0.352245 0.423096
0.061361 -0.348738 0.41798 0.0331016 -0.352191 0.423009
0.0623398 -0.348629 0.417806 0.034079 -0.352082 0.422835
0.0633185 -0.34852 0.417632 0.0350561 -0.351974 0.422662
0.0642972 -0.348411 0.417458 0.0365217 -0.351811 0.422401
0.0652759 -0.348303 0.417284 0.0375 -0.351703 0.422227
0.0662547 -0.348194 0.41711 0.0379896 -0.351648 0.42214
0.0672334 -0.348085 0.416936 0.0389691 -0.35154 0.421965
0.0682121 -0.347976 0.416762 0.0399481 -0.351431 0.421791
0.0691908 -0.347868 0.416588 0.0409268 -0.351323 0.421617
0.0701695 -0.347759 0.416414 0.0419051 -0.351214 0.421443
0.0711483 -0.34765 0.41624 0.0423941 -0.35116 0.421356
0.072127 -0.347541 0.416066 0.0438608 -0.350997 0.421095
0.0731057 -0.347433 0.415892 0.0448385 -0.350889 0.420921
0.0740844 -0.347324 0.415718 0.0458164 -0.35078 0.420747
0.0750632 -0.347215 0.415544 0.0467943 -0.350672 0.420573
0.0760419 -0.347106 0.41537 0.047772 -0.350563 0.4204
0.0770206 -0.346998 0.415196 0.0487495 -0.350454 0.420226
0.0779993 -0.346889 0.415022 0.0497268 -0.350346 0.420052
0.0789781 -0.34678 0.414848 0.0507039 -0.350237 0.419878
0.0799568 -0.346671 0.414674 0.051681 -0.350129 0.419704
0.0809355 -0.346563 0.4145 0.0526581 -0.35002 0.419531
0.0819142 -0.346454 0.414326 0.053635 -0.349912 0.419357
0.082893 -0.346345 0.414152 0.0546118 -0.349803 0.419183
0.0838717 -0.346236 0.413978 0.0555884 -0.349695 0.41901
0.0848504 -0.346128 0.413804 0.0565648 -0.349586 0.418836
0.0858291 -0.346019 0.41363 0.0575413 -0.349478 0.418662
0.0868078 -0.34591 0.413456 0.0585177 -0.349369 0.418489
0.0877866 -0.345801 0.413282 0.0594942 -0.349261 0.418315
0.0887653 -0.345693 0.413108 0.0604709 -0.349152 0.418141
0.089744 -0.345584 0.412934 0.061448 -0.349044 0.417968
0.0907227 -0.345475 0.41276 0.0624252 -0.348935 0.417794
0.0917015 -0.345367 0.412586 0.0634022 -0.348827 0.41762
0.0926802 -0.345258 0.412412 0.0643791 -0.348718 0.417447
0.0936589 -0.345149 0.412238 0.0653559 -0.34861 0.417273
0.0946376 -0.34504 0.412064 0.0663327 -0.348501 0.417099
0.0956164 -0.344932 0.41189 0.06731 -0.348393 0.416926
0.0965951 -0.344823 0.411716 0.0682901 -0.348284 0.416752
0.0975738 -0.344714 0.411542 0.0692746 -0.348175 0.416577
0.0985525 -0.344605 0.411368 0.0702612 -0.348066 0.416401
0.0995313 -0.344497 0.411194 0.0712471 -0.347957 0.416226
0.10051 -0.344388 0.41102 0.0722319 -0.347848 0.416051
0.101489 -0.344279 0.410846 0.0732155 -0.347739 0.415876
0.102467 -0.34417 0.410672 0.0741984 -0.34763 0.415702
0.103446 -0.344062 0.410498 0.0751809 -0.347521 0.415527
0.104425 -0.343953 0.410324 0.0761628 -0.347412 0.415353
0.105404 -0.343844 0.41015 0.0771437 -0.347303 0.415178
0.106382 -0.343735 0.409976 0.0781238 -0.347194 0.415004
0.107361 -0.343627 0.409802 0.0786135 -0.34714 0.414917
0.10834 -0.343518 0.409628 0.0786135 -0.34714 0.414917
0.109318 -0.343409 0.409454 0.0791031 -0.347085 0.41483
0.110297 -0.3433 0.40928 0.0825204 -0.346704 0.414223
0.111276 -0.343192 0.409107 0.083489 -0.346596 0.414051
0.112255 -0.343083 0.408933 0.084454 -0.346488 0.41388
0.113233 -0.342974 0.408759 0.0854171 -0.34638 0.413709
0.114212 -0.342865 0.408585 0.0858987 -0.346326 0.413623
0.115191 -0.342757 0.408411 0.0868633 -0.346218 0.413452
0.11617 -0.342648 0.408237 0.0878295 -0.34611 0.41328
0.117148 -0.342539 0.408063 0.0892815 -0.345948 0.413022
0.118127 -0.34243 0.407889 0.0902509 -0.34584 0.41285
0.119106 -0.342322 0.407715 0.0912213 -0.345732 0.412678
0.120084 -0.342213 0.407541 0.0921926 -0.345624 0.412506
0.121063 -0.342104 0.407367 0.0931647 -0.345516 0.412333
0.122042 -0.341995 0.407193 0.093651 -0.345461 0.412247
0.123021 -0.341887 0.407019 0.0941375 -0.345407 0.41216
0.123999 -0.341778 0.406845 0.0955981 -0.345245 0.411901
0.124978 -0.341669 0.406671 0.0965728 -0.345137 0.411728
0.125957 -0.34156 0.406497 0.0980358 -0.344974 0.411468
0.126936 -0.341452 0.406323 0.0990118 -0.344866 0.411295
0.127914 -0.341343 0.406149 0.0994999 -0.344812 0.411208
0.128893 -0.341234 0.405975 0.100965 -0.344649 0.410948
0.129872 -0.341125 0.405801 0.101453 -0.344595 0.410861
0.13085 -0.341017 0.405627 0.102919 -0.344432 0.410601
0.131829 -0.340908 0.405453 0.103408 -0.344378 0.410515
0.132808 -0.340799 0.405279 0.104386 -0.34427 0.410341
0.133787 -0.34069 0.405105 0.105364 -0.344161 0.410167
0.134765 -0.340582 0.404931 0.106343 -0.344053 0.409994
0.135744 -0.340473 0.404757 0.107322 -0.343944 0.40982
0.136723 -0.340364 0.404583 0.108302 -0.343835 0.409646
0.137701 -0.340255 0.404409 0.109775 -0.343672 0.409385
0.13868 -0.340147 0.404235 0.110761 -0.343563 0.40921
0.139659 -0.340038 0.404061 0.111746 -0.343454 0.409035
0.140638 -0.339929 0.403887 0.112731 -0.343345 0.40886
0.141616 -0.33982 0.403713 0.113223 -0.34329 0.408773
0.142595 -0.339712 0.403539 0.114207 -0.343181 0.408598
0.143574 -0.339603 0.403365 0.115682 -0.343017 0.408337
0.144553 -0.339494 0.403191 0.116173 -0.342963 0.40825
0.145531 -0.339385 0.403017 0.117647 -0.342799 0.407988
0.14651 -0.339277 0.402843 0.118138 -0.342744 0.407901
0.147489 -0.339168 0.402669 0.11912 -0.342635 0.407727
0.148467 -0.339059 0.402495 0.120101 -0.342526 0.407553
0.149446 -0.33895 0.402321 0.121082 -0.342417 0.407379
0.150425 -0.338842 0.402147 0.122063 -0.342308 0.407205
0.151404 -0.338733 0.401973 0.123044 -0.342198 0.407031
0.152382 -0.338624 0.401799 0.124024 -0.342089 0.406857
0.153361 -0.338515 0.401625 0.125004 -0.34198 0.406683
0.15434 -0.338407 0.401451 0.125984 -0.341871 0.406509
0.155318 -0.338298 0.401277 0.126963 -0.341762 0.406336
0.156297 -0.338189 0.401103 0.127942 -0.341653 0.406162
0.157276 -0.33808 0.400929 0.12892 -0.341544 0.405988
0.158255 -0.337972 0.400755 0.129899 -0.341434 0.405815
0.159233 -0.337863 0.400581 0.130877 -0.341325 0.405641
0.160212 -0.337754 0.400407 0.131366 -0.341271 0.405554
0.161191 -0.337645 0.400233 0.132833 -0.341107 0.405294
0.16217 -0.337537 0.400059 0.133811 -0.340998 0.405121
0.163148 -0.337428 0.399885 0.134789 -0.340889 0.404947
0.164127 -0.337319 0.399711 0.135766 -0.34078 0.404774
0.165106 -0.33721 0.399537 0.136744 -0.340671 0.404601
0.166084 -0.337102 0.399363 0.137721 -0.340562 0.404427
0.167063 -0.336993 0.399189 0.138699 -0.340453 0.404254
0.168042 -0.336884 0.399015 0.139677 -0.340344 0.404081
0.169021 -0.336775 0.398841 0.141144 -0.34018 0.403821
0.169999 -0.336667 0.398667 0.142123 -0.340071 0.403647
0.170978 -0.336558 0.398493 0.143103 -0.339962 0.403473
0.171957 -0.336449 0.398319 0.144085 -0.339853 0.403299
0.172936 -0.33634 0.398145 0.145066 -0.339744 0.403125
0.173914 -0.336232 0.397971 0.146046 -0.339635 0.402951
0.174893 -0.336123 0.397797 0.146537 -0.33958 0.402865
0.175872 -0.336014 0.397623 0.147518 -0.339471 0.402691
0.17685 -0.335906 0.397449 0.148989 -0.339307 0.40243
0.177829 -0.335797 0.397275 0.14997 -0.339198 0.402256
0.178808 -0.335688 0.397101 0.15095 -0.339089 0.402082
0.179787 -0.335579 0.396927 0.151439 -0.339034 0.401995
0.180765 -0.335471 0.396753 0.152909 -0.33887 0.401735
0.181744 -0.335362 0.396579 0.153889 -0.338761 0.401561
0.182723 -0.335253 0.396405 0.154379 -0.338706 0.401474
0.183701 -0.335144 0.396231 0.154869 -0.338652 0.401387
0.18468 -0.335036 0.396057 0.156831 -0.338433 0.40104
0.185659 -0.334927 0.395883 0.157813 -0.338324 0.400866
0.186638 -0.334818 0.395709 0.158303 -0.338269 0.400779
0.187616 -0.334709 0.395535 0.159285 -0.33816 0.400605
0.188595 -0.334601 0.395361 0.160267 -0.33805 0.400431
0.189574 -0.334492 0.395187 0.161248 -0.337941 0.400257
0.190553 -0.334383 0.395013 0.162229 -0.337832 0.400083
0.191531 -0.334274 0.394839 0.163209 -0.337722 0.399909
0.19251 -0.334166 0.394665 0.164189 -0.337613 0.399736
0.193489 -0.334057 0.394491 0.165169 -0.337504 0.399562
0.194467 -0.333948 0.394317 0.166149 -0.337395 0.399388
0.195446 -0.333839 0.394143 0.16713 -0.337285 0.399215
0.196425 -0.333731 0.393969 0.168112 -0.337176 0.399041
0.197404 -0.333622 0.393795 0.169093 -0.337066 0.398867
0.198382 -0.333513 0.393621 0.170074 -0.336957 0.398693
0.199361 -0.333404 0.393447 0.171057 -0.336847 0.398519
0.20034 -0.333296 0.393273 0.172041 -0.336738 0.398344
0.201318 -0.333187 0.393099 0.173028 -0.336628 0.39817
0.202297 -0.333078 0.392925 0.174017 -0.336518 0.397994
0.203276 -0.332969 0.392751 0.175008 -0.336408 0.397819
0.204255 -0.332861 0.392577 0.176 -0.336298 0.397643
0.205233 -0.332752 0.392403 0.176994 -0.336188 0.397467
0.206212 -0.332643 0.392229 0.177988 -0.336078 0.397291
0.207191 -0.332534 0.392055 0.178982 -0.335968 0.397115
0.20817 -0.332426 0.391881 0.179977 -0.335857 0.396939
0.209148 -0.332317 0.391707 0.180971 -0.335747 0.396763
0.210127 -0.332208 0.391533 0.181966 -0.335636 0.396587
0.211106 -0.332099 0.391359 0.182961 -0.335526 0.396411
0.212084 -0.331991 0.391185 0.183955 -0.335415 0.396234
0.213063 -0.331882 0.391011 0.18495 -0.335304 0.396058
0.214042 -0.331773 0.390837 0.185946 -0.335194 0.395882
0.215021 -0.331664 0.390663 0.186942 -0.335083 0.395706
0.215999 -0.331556 0.390489 0.187939 -0.334972 0.395529
0.216978 -0.331447 0.390315 0.188935 -0.334861 0.395353
0.217957 -0.331338 0.390141 0.18993 -0.33475 0.395176
0.218936 -0.331229 0.389967 0.190926 -0.334639 0.395
0.219914 -0.331121 0.389793 0.191922 -0.334529 0.394824
0.220893 -0.331012 0.389619 0.192917 -0.334418 0.394647
0.221872 -0.330903 0.389445 0.193912 -0.334307 0.394471
0.22285 -0.330794 0.389271 0.194906 -0.334196 0.394295
0.223829 -0.330686 0.389097 0.1959 -0.334085 0.394119
0.224808 -0.330577 0.388923 0.196893 -0.333974 0.393943
0.225787 -0.330468 0.388749 0.197886 -0.333863 0.393767
0.226765 -0.330359 0.388575 0.198878 -0.333752 0.393591
0.227744 -0.330251 0.388401 0.199869 -0.333641 0.393416
0.228723 -0.330142 0.388227 0.200859 -0.333531 0.39324
0.229701 -0.330033 0.388053 0.201849 -0.33342 0.393065
0.23068 -0.329924 0.387879 0.202839 -0.333309 0.392889
0.231659 -0.329816 0.387705 0.203828 -0.333198 0.392714
0.232638 -0.329707 0.387531 0.204815 -0.333088 0.392539
0.233616 -0.329598 0.387357 0.205802 -0.332977 0.392364
0.234595 -0.329489 0.387183 0.206789 -0.332867 0.392189
0.235574 -0.329381 0.387009 0.207775 -0.332756 0.392015
0.236553 -0.329272 0.386835 0.208761 -0.332646 0.39184
0.237531 -0.329163 0.386661 0.209747 -0.332536 0.391665
0.23851 -0.329054 0.386487 0.210733 -0.332425 0.391491
0.239489 -0.328946 0.386313 0.211718 -0.332315 0.391316
0.240467 -0.328837 0.386139 0.212703 -0.332205 0.391141
0.241446 -0.328728 0.385965 0.213688 -0.332095 0.390967
0.242425 -0.328619 0.385791 0.21418 -0.332039 0.39088
0.243404 -0.328511 0.385617 0.215165 -0.331929 0.390705
0.244382 -0.328402 0.385443 0.216642 -0.331764 0.390443
0.245361 -0.328293 0.385269 0.217627 -0.331654 0.390269
0.24634 -0.328184 0.385095 0.218611 -0.331544 0.390095
0.247319 -0.328076 0.384921 0.219595 -0.331434 0.38992
0.248297 -0.327967 0.384747 0.220578 -0.331324 0.389746
0.249276 -0.327858 0.384573 0.221561 -0.331214 0.389572
0.250255 -0.327749 0.384399 0.222544 -0.331104 0.389398
0.251233 -0.327641 0.384225 0.223527 -0.330994 0.389223
0.252212 -0.327532 0.384051 0.224511 -0.330884 0.389049
0.253191 -0.327423 0.383877 0.225494 -0.330774 0.388875
0.25417 -0.327314 0.383703 0.226476 -0.330664 0.388701
0.255148 -0.327206 0.383529 0.227458 -0.330554 0.388527
0.256127 -0.327097 0.383355 0.228439 -0.330444 0.388353
0.257106 -0.326988 0.383181 0.22942 -0.330334 0.388179
0.258084 -0.32688 0.383007 0.230401 -0.330225 0.388006
0.259063 -0.326771 0.382833 0.231382 -0.330115 0.387832
0.260042 -0.326662 0.382659 0.232363 -0.330005 0.387658
0.261021 -0.326553 0.382485 0.233343 -0.329896 0.387484
0.261999 -0.326445 0.382311 0.234324 -0.329786 0.38731
0.262978 -0.326336 0.382137 0.235304 -0.329676 0.387137
0.263957 -0.326227 0.381963 0.236285 -0.329567 0.386963
0.264936 -0.326118 0.381789 0.237265 -0.329457 0.386789
0.265914 -0.32601 0.381615 0.238245 -0.329348 0.386616
0.266893 -0.325901 0.381441 0.239224 -0.329238 0.386442
0.267872 -0.325792 0.381267 0.240204 -0.329129 0.386269
0.26885 -0.325683 0.381093 0.241183 -0.329019 0.386095
0.269829 -0.325575 0.380919 0.242163 -0.32891 0.385922
0.270808 -0.325466 0.380745 0.243141 -0.3288 0.385748
0.271787 -0.325357 0.380571 0.24412 -0.328691 0.385575
0.272765 -0.325248 0.380397 0.245098 -0.328581 0.385401
0.273744 -0.32514 0.380223 0.246077 -0.328472 0.385228
0.274723 -0.325031 0.380049 0.247055 -0.328363 0.385055
0.275701 -0.324922 0.379875 0.248033 -0.328253 0.384881
0.27668 -0.324813 0.379701 0.249012 -0.328144 0.384708
0.277659 -0.324705 0.379527 0.24999 -0.328035 0.384535
0.278638 -0.324596 0.379353 0.250968 -0.327925 0.384361
0.279616 -0.324487 0.379179 0.251947 -0.327816 0.384188
0.280595 -0.324378 0.379005 0.252436 -0.327761 0.384101
0.281574 -0.32427 0.378831 0.25488 -0.327488 0.383668
0.282553 -0.324161 0.378657 0.255367 -0.327434 0.383582
0.283531 -0.324052 0.378483 0.256338 -0.327325 0.38341
0.28451 -0.323943 0.378309 0.257789 -0.327162 0.383152
0.285489 -0.323835 0.378135 0.258271 -0.327108 0.383067
0.286467 -0.323726 0.377961 0.259235 -0.327 0.382896
0.287446 -0.323617 0.377787 0.260197 -0.326892 0.382725
0.288425 -0.323508 0.377613 0.261158 -0.326784 0.382554
0.289404 -0.3234 0.377439 0.262117 -0.326676 0.382384
0.290382 -0.323291 0.377265 0.263076 -0.326568 0.382214
0.291361 -0.323182 0.377091 0.264033 -0.32646 0.382044
0.29234 -0.323073 0.376917 0.264989 -0.326353 0.381874
0.293319 -0.322965 0.376743 0.265946 -0.326245 0.381705
0.294297 -0.322856 0.376569 0.266902 -0.326138 0.381535
0.295276 -0.322747 0.376395 0.267858 -0.326031 0.381365
0.296255 -0.322638 0.376221 0.268814 -0.325924 0.381196
0.297233 -0.32253 0.376047 0.269771 -0.325816 0.381026
0.298212 -0.322421 0.375873 0.270728 -0.325709 0.380856
0.299191 -0.322312 0.375699 0.271686 -0.325602 0.380686
0.30017 -0.322203 0.375525 0.272644 -0.325495 0.380516
0.301148 -0.322095 0.375351 0.273603 -0.325387 0.380347
0.302127 -0.321986 0.375177 0.274562 -0.32528 0.380176
0.303106 -0.321877 0.375003 0.275042 -0.325227 0.380091
0.304084 -0.321768 0.374829 0.276482 -0.325066 0.379836
0.305063 -0.32166 0.374655 0.277443 -0.324958 0.379666
0.306042 -0.321551 0.374481 0.278405 -0.324851 0.379495
0.307021 -0.321442 0.374307 0.279367 -0.324744 0.379325
0.307999 -0.321333 0.374133 0.28033 -0.324636 0.379154
0.308978 -0.321225 0.373959 0.281293 -0.324529 0.378984
0.309957 -0.321116 0.373785 0.282257 -0.324422 0.378813
0.310936 -0.321007 0.373611 0.283704 -0.32426 0.378557
0.311914 -0.320898 0.373437 0.284669 -0.324153 0.378386
0.312893 -0.32079 0.373263 0.285635 -0.324045 0.378215
0.313872 -0.320681 0.373089 0.2866 -0.323938 0.378044
0.31485 -0.320572 0.372915 0.287566 -0.32383 0.377873
0.315829 -0.320463 0.372741 0.288049 -0.323776 0.377787
0.316808 -0.320355 0.372567 0.289497 -0.323615 0.37753
0.317787 -0.320246 0.372393 0.28998 -0.323561 0.377445
0.318765 -0.320137 0.372219 0.291429 -0.323399 0.377188
0.319744 -0.320028 0.372046 0.292394 -0.323292 0.377017
0.320723 -0.31992 0.371872 0.29336 -0.323184 0.376846
0.321701 -0.319811 0.371698 0.294325 -0.323077 0.376675
0.32268 -0.319702 0.371524 0.29529 -0.322969 0.376504
0.323659 -0.319593 0.37135 0.295773 -0.322915 0.376418
0.324638 -0.319485 0.371176 0.29674 -0.322807 0.376247
0.325616 -0.319376 0.371002 0.29819 -0.322646 0.37599
0.326595 -0.319267 0.370828 0.299156 -0.322538 0.375819
0.327574 -0.319158 0.370654 0.300119 -0.32243 0.375648
0.328553 -0.31905 0.37048 0.301082 -0.322323 0.375478
0.329531 -0.318941 0.370306 0.302046 -0.322215 0.375307
0.33051 -0.318832 0.370132 0.302528 -0.322161 0.375221
0.331489 -0.318723 0.369958 0.303494 -0.322054 0.37505
0.332467 -0.318615 0.369784 0.304946 -0.321892 0.374793
0.333446 -0.318506 0.36961 0.305915 -0.321784 0.374621
0.334425 -0.318397 0.369436 0.306885 -0.321676 0.374449
0.335404 -0.318288 0.369262 0.307371 -0.321622 0.374363
0.336382 -0.31818 0.369088 0.308829 -0.32146 0.374105
0.337361 -0.318071 0.368914 0.309315 -0.321405 0.374019
0.33834 -0.317962 0.36874 0.310775 -0.321243 0.37376
0.339319 -0.317853 0.368566 0.31175 -0.321134 0.373588
0.340297 -0.317745 0.368392 0.312725 -0.321026 0.373415
0.341276 -0.317636 0.368218 0.313213 -0.320972 0.373328
0.342255 -0.317527 0.368044 0.31419 -0.320863 0.373155
0.343233 -0.317419 0.36787 0.315167 -0.320754 0.372983
0.344212 -0.31731 0.367696 0.316144 -0.320646 0.372809
0.345191 -0.317201 0.367522 0.316633 -0.320591 0.372723
0.34617 -0.317092 0.367348 0.317611 -0.320482 0.37255
0.347148 -0.316984 0.367174 0.3181 -0.320428 0.372463
0.348127 -0.316875 0.367 0.319079 -0.320319 0.37229
0.349106 -0.316766 0.366826 0.319569 -0.320264 0.372203
0.350084 -0.316657 0.366652 0.320552 -0.320155 0.372029
0.351063 -0.316549 0.366478 0.321539 -0.320046 0.371854
0.352042 -0.31644 0.366304 0.322034 -0.319991 0.371767
0.353021 -0.316331 0.36613 0.323528 -0.319825 0.371503
0.353999 -0.316222 0.365956 0.32453 -0.319715 0.371326
0.354978 -0.316114 0.365782 0.325539 -0.319603 0.371148
0.355957 -0.316005 0.365608 0.326551 -0.319492 0.370969
0.356936 -0.315896 0.365434 0.327564 -0.31938 0.37079
0.357914 -0.315787 0.36526 0.328577 -0.319268 0.370611
0.358893 -0.315679 0.365086 0.329591 -0.319156 0.370432
0.359872 -0.31557 0.364912 0.330605 -0.319044 0.370253
0.36085 -0.315461 0.364738 0.331618 -0.318932 0.370074
0.361829 -0.315352 0.364564 0.332632 -0.31882 0.369895
0.362808 -0.315244 0.36439 0.333645 -0.318707 0.369716
0.363787 -0.315135 0.364216 0.334658 -0.318595 0.369536
0.364765 -0.315026 0.364042 0.33567 -0.318482 0.369357
0.365744 -0.314917 0.363868 0.336682 -0.31837 0.369178
0.366723 -0.314809 0.363694 0.337693 -0.318258 0.368999
0.367701 -0.3147 0.36352 0.338704 -0.318145 0.36882
0.36868 -0.314591 0.363346 0.339717 -0.318032 0.368641
0.369659 -0.314482 0.363172 0.340732 -0.31792 0.368461
0.370638 -0.314374 0.362998 0.341747 -0.317807 0.368281
0.371616 -0.314265 0.362824 0.342762 -0.317694 0.368101
0.372595 -0.314156 0.36265 0.343268 -0.317637 0.368012
0.373574 -0.314047 0.362476 0.344785 -0.317468 0.367743
0.374553 -0.313939 0.362302 0.345795 -0.317355 0.367564
0.375531 -0.31383 0.362128 0.346299 -0.317299 0.367474
0.37651 -0.313721 0.361954 0.347809 -0.31713 0.367206
0.377489 -0.313612 0.36178 0.348815 -0.317018 0.367028
0.378467 -0.313504 0.361606 0.349823 -0.316905 0.366849
0.379446 -0.313395 0.361432 0.350831 -0.316793 0.36667
0.380425 -0.313286 0.361258 0.351837 -0.31668 0.366491
0.381404 -0.313177 0.361084 0.352841 -0.316568 0.366313
0.382382 -0.313069 0.36091 0.353844 -0.316456 0.366135
0.383361 -0.31296 0.360736 0.354846 -0.316343 0.365957
0.38434 -0.312851 0.360562 0.355846 -0.316231 0.365779
0.385319 -0.312742 0.360388 0.356844 -0.316119 0.365602
0.386297 -0.312634 0.360214 0.35784 -0.316008 0.365425
0.387276 -0.312525 0.36004 0.358835 -0.315896 0.365248
0.388255 -0.312416 0.359866 0.359829 -0.315785 0.365071
0.389233 -0.312307 0.359692 0.361316 -0.315618 0.364807
0.390212 -0.312199 0.359518 0.362306 -0.315507 0.364631
0.391191 -0.31209 0.359344 0.362801 -0.315451 0.364543
0.39217 -0.311981 0.35917 0.363789 -0.31534 0.364367
0.393148 -0.311872 0.358996 0.364777 -0.31523 0.364191
0.394127 -0.311764 0.358822 0.366256 -0.315064 0.363928
0.395106 -0.311655 0.358648 0.367241 -0.314953 0.363753
0.396084 -0.311546 0.358474 0.367733 -0.314898 0.363666
0.397063 -0.311437 0.3583 0.368717 -0.314788 0.363491
0.398042 -0.311329 0.358126 0.3697 -0.314677 0.363316
0.399021 -0.31122 0.357952 0.371174 -0.314512 0.363054
0.399999 -0.311111 0.357778 0.372156 -0.314402 0.362879
0.400978 -0.311002 0.357604 0.373137 -0.314292 0.362705
0.401957 -0.310894 0.35743 0.374118 -0.314182 0.36253
0.402936 -0.310785 0.357256 0.375098 -0.314072 0.362356
0.403914 -0.310676 0.357082 0.375588 -0.314018 0.362269
0.404893 -0.310567 0.356908 0.377057 -0.313853 0.362008
0.405872 -0.310459 0.356734 0.378036 -0.313743 0.361834
0.40685 -0.31035 0.35656 0.379015 -0.313634 0.36166
0.407829 -0.310241 0.356386 0.379993 -0.313524 0.361486
0.408808 -0.310132 0.356212 0.380971 -0.313415 0.361312
0.409787 -0.310024 0.356038 0.381949 -0.313306 0.361139
0.410765 -0.309915 0.355864 0.382927 -0.313196 0.360965
0.411744 -0.309806 0.35569 0.383905 -0.313087 0.360791
0.412723 -0.309697 0.355516 0.384883 -0.312978 0.360618
0.413701 -0.309589 0.355342 0.385372 -0.312923 0.360531
0.41468 -0.30948 0.355168 0.386839 -0.312759 0.36027
0.415659 -0.309371 0.354994 0.387816 -0.31265 0.360097
0.416638 -0.309262 0.35482 0.388794 -0.312541 0.359923
0.417616 -0.309154 0.354646 0.389771 -0.312432 0.35975
0.418595 -0.309045 0.354472 0.390749 -0.312323 0.359576
0.419574 -0.308936 0.354298 0.391726 -0.312214 0.359403
0.420553 -0.308827 0.354124 0.392215 -0.312159 0.359316
0.421531 -0.308719 0.35395 0.39368 -0.311996 0.359056
0.42251 -0.30861 0.353776 0.394656 -0.311887 0.358882
0.423489 -0.308501 0.353602 0.395631 -0.311778 0.358709
0.424467 -0.308393 0.353428 0.396606 -0.311669 0.358536
0.425446 -0.308284 0.353254 0.397581 -0.31156 0.358363
0.426425 -0.308175 0.35308 0.398557 -0.311451 0.35819
0.427404 -0.308066 0.352906 0.399533 -0.311342 0.358016
0.428382 -0.307958 0.352732 0.400509 -0.311234 0.357843
0.429361 -0.307849 0.352558 0.401485 -0.311125 0.35767
0.43034 -0.30774 0.352384 0.402462 -0.311016 0.357497
0.431319 -0.307631 0.35221 0.403438 -0.310907 0.357323
0.432297 -0.307523 0.352036 0.404415 -0.310798 0.35715
0.433276 -0.307414 0.351862 0.405392 -0.310689 0.356976
0.434255 -0.307305 0.351688 0.406369 -0.31058 0.356803
0.435233 -0.307196 0.351514 0.407347 -0.310471 0.35663
0.436212 -0.307088 0.35134 0.408324 -0.310362 0.356456
0.437191 -0.306979 0.351166 0.409302 -0.310254 0.356283
0.43817 -0.30687 0.350992 0.41028 -0.310145 0.356109
0.439148 -0.306761 0.350818 0.411257 -0.310036 0.355936
0.440127 -0.306653 0.350644 0.411745 -0.309981 0.355849
0.441106 -0.306544 0.35047 0.413209 -0.309818 0.355589
0.442084 -0.306435 0.350296 0.414185 -0.309709 0.355416
0.443063 -0.306326 0.350122 0.415161 -0.3096 0.355243
0.444042 -0.306218 0.349948 0.416137 -0.309492 0.355069
0.445021 -0.306109 0.349774 0.417114 -0.309383 0.354896
0.445999 -0.306 0.3496 0.418091 -0.309274 0.354722
0.446978 -0.305891 0.349426 0.419068 -0.309165 0.354549
0.447957 -0.305783 0.349252 0.420046 -0.309056 0.354376
0.448936 -0.305674 0.349078 0.421024 -0.308947 0.354202
0.449914 -0.305565 0.348904 0.422002 -0.308838 0.354028
0.450893 -0.305456 0.34873 0.422491 -0.308784 0.353942
0.451872 -0.305348 0.348556 0.42298 -0.308729 0.353855
0.45285 -0.305239 0.348382 0.424448 -0.308566 0.353594
0.453829 -0.30513 0.348208 0.425429 -0.308457 0.35342
0.454808 -0.305021 0.348034 0.426413 -0.308347 0.353246
0.455787 -0.304913 0.34786 0.427398 -0.308238 0.353071
0.456765 -0.304804 0.347686 0.428382 -0.308128 0.352897
0.457744 -0.304695 0.347512 0.429366 -0.308019 0.352722
0.458723 -0.304586 0.347338 0.43035 -0.307909 0.352548
0.459702 -0.304478 0.347164 0.431334 -0.3078 0.352373
0.46068 -0.304369 0.34699 0.432319 -0.30769 0.352198
0.461659 -0.30426 0.346816 0.433306 -0.307581 0.352024
0.462638 -0.304151 0.346642 0.434293 -0.307471 0.351849
0.463616 -0.304043 0.346468 0.43528 -0.307361 0.351673
0.464595 -0.303934 0.346294 0.436267 -0.307251 0.351498
0.465574 -0.303825 0.34612 0.437252 -0.307142 0.351324
0.466553 -0.303716 0.345946 0.438237 -0.307032 0.351149
0.467531 -0.303608 0.345772 0.439221 -0.306922 0.350974
0.46851 -0.303499 0.345598 0.440204 -0.306813 0.3508
0.469489 -0.30339 0.345424 0.441187 -0.306703 0.350625
0.470467 -0.303281 0.34525 0.442171 -0.306594 0.35045
0.471446 -0.303173 0.345076 0.443154 -0.306484 0.350276
0.472425 -0.303064 0.344902 0.444137 -0.306375 0.350101
0.473404 -0.302955 0.344728 0.445119 -0.306265 0.349927
0.474382 -0.302846 0.344554 0.4461 -0.306156 0.349752
0.475361 -0.302738 0.34438 0.447081 -0.306046 0.349578
0.47634 -0.302629 0.344206 0.448061 -0.305937 0.349404
0.477319 -0.30252 0.344032 0.44904 -0.305828 0.34923
0.478297 -0.302411 0.343858 0.450019 -0.305719 0.349056
0.479276 -0.302303 0.343684 0.450997 -0.30561 0.348882
0.480255 -0.302194 0.34351 0.451975 -0.3055 0.348708
0.481233 -0.302085 0.343336 0.452953 -0.305391 0.348535
0.482212 -0.301976 0.343162 0.453931 -0.305282 0.348361
0.483191 -0.301868 0.342988 0.454909 -0.305173 0.348187
0.48417 -0.301759 0.342814 0.455889 -0.305064 0.348013
0.485148 -0.30165 0.34264 0.45687 -0.304955 0.347839
0.486127 -0.301541 0.342466 0.457851 -0.304846 0.347665
0.487106 -0.301433 0.342292 0.458831 -0.304736 0.34749
0.488084 -0.301324 0.342118 0.459811 -0.304627 0.347316
0.489063 -0.301215 0.341944 0.459811 -0.304627 0.347316
0.490042 -0.301106 0.34177 0.46323 -0.304246 0.346709
0.491021 -0.300998 0.341596 0.4642 -0.304137 0.346536
0.491999 -0.300889 0.341422 0.465166 -0.304029 0.346364
0.492978 -0.30078 0.341248 0.466128 -0.303922 0.346192
0.493957 -0.300671 0.341074 0.467087 -0.303814 0.346021
0.494936 -0.300563 0.3409 0.468045 -0.303707 0.345851
0.495914 -0.300454 0.340726 0.469476 -0.303547 0.345595
0.496893 -0.300345 0.340552 0.470429 -0.30344 0.345426
0.497872 -0.300236 0.340378 0.47138 -0.303333 0.345256
0.49885 -0.300128 0.340204 0.471855 -0.30328 0.345171
0.499829 -0.300019 0.34003 0.473279 -0.303121 0.344917
0.500808 -0.29991 0.339856 0.473753 -0.303067 0.344833
0.499829 -0.300019 0.34003 0.475174 -0.302908 0.344579
0.500808 -0.29991 0.339856 0.476121 -0.302802 0.344411
0.499829 -0.300019 0.34003 0.476595 -0.302749 0.344326
0.500808 -0.29991 0.339856 0.477539 -0.302644 0.344158
0.499829 -0.300019 0.34003 0.478479 -0.302538 0.34399
0.500808 -0.29991 0.339856 0.479408 -0.302434 0.343824
0.499829 -0.300019 0.34003 0.480325 -0.302331 0.34366
0.500808 -0.29991 0.339856 0.481227 -0.302229 0.343498
0.499829 -0.300019 0.34003 0.48211 -0.302128 0.343339
0.500808 -0.29991 0.339856 0.482974 -0.30203 0.343183
0.499829 -0.300019 0.34003 0.483815 -0.301934 0.34303
0.500808 -0.29991 0.339856 0.484634 -0.301839 0.342881
0.499829 -0.300019 0.34003 0.485428 -0.301747 0.342736
0.500808 -0.29991 0.339856 0.486198 -0.301658 0.342595
0.499829 -0.300019 0.34003 0.486942 -0.301571 0.342459
0.500808 -0.29991 0.339856 0.48766 -0.301487 0.342326
0.499829 -0.300019 0.34003 0.488351 -0.301406 0.342198
0.500808 -0.29991 0.339856 0.489015 -0.301327 0.342075
0.499829 -0.300019 0.34003 0.489651 -0.301251 0.341956
0.500808 -0.29991 0.339856 0.490261 -0.301179 0.341842
0.499829 -0.300019 0.34003 0.490845 -0.301109 0.341733
0.500808 -0.29991 0.339856 0.491403 -0.301042 0.341628
0.499829 -0.300019 0.34003 0.491935 -0.300978 0.341528
0.500808 -0.29991 0.339856 0.492686 -0.300887 0.341386
0.499829 -0.300019 0.34003 0.492924 -0.300858 0.341341
0.500808 -0.29991 0.339856 0.493383 -0.300802 0.341254
0.499829 -0.300019 0.34003 0.493819 -0.300749 0.341171
0.500808 -0.29991 0.339856 0.494233 -0.300698 0.341093
0.499829 -0.300019 0.34003 0.494625 -0.30065 0.341018
0.500808 -0.29991 0.339856 0.494996 -0.300605 0.340947
0.499829 -0.300019 0.34003 0.495346 -0.300562 0.34088
0.500808 -0.29991 0.339856 0.495835 -0.300502 0.340787
0.499829 -0.300019 0.34003 0.496137 -0.300464 0.340729
0.500808 -0.29991 0.339856 0.496424 -0.300429 0.340674
0.499829 -0.300019 0.34003 0.496697 -0.300396 0.340622
0.500808 -0.29991 0.339856 0.496958 -0.300364 0.340572
0.499829 -0.300019 0.34003 0.497206 -0.300333 0.340525
0.500808 -0.29991 0.339856 0.497442 -0.300304 0.34048
0.499829 -0.300019 0.34003 0.497666 -0.300277 0.340437
0.500808 -0.29991 0.339856 0.497879 -0.300251 0.340397
0.499829 -0.300019 0.34003 0.49808 -0.300226 0.340358
0.500808 -0.29991 0.339856 0.498271 -0.300203 0.340322
0.499829 -0.300019 0.34003 0.498452 -0.300181 0.340288
0.500808 -0.29991 0.339856 0.498622 -0.300161 0.340256
0.499829 -0.300019 0.34003 0.498782 -0.300141 0.340225
0.500808 -0.29991 0.339856 0.498934 -0.300123 0.340196
0.499829 -0.300019 0.34003 0.499076 -0.300106 0.34017
