-0.399618 -0.399958 0.499932 -0.400597 -0.400064 0.500105
-0.398639 -0.399849 0.499758 -0.400597 -0.400064 0.500105
-0.39766 -0.39974 0.499584 -0.400597 -0.400064 0.500105
-0.396682 -0.399631 0.49941 -0.400596 -0.400064 0.500105
-0.395703 -0.399523 0.499236 -0.400591 -0.400063 0.500104
-0.394724 -0.399414 0.499062 -0.400581 -0.400062 0.500102
-0.393745 -0.399305 0.498888 -0.400572 -0.400061 0.500101
-0.392767 -0.399196 0.498714 -0.40056 -0.40006 0.500099
-0.391788 -0.399088 0.49854 -0.400475 -0.400051 0.500084
-0.390809 -0.398979 0.498366 -0.400406 -0.400043 0.500072
-0.389831 -0.39887 0.498192 -0.400315 -0.400034 0.500056
-0.388852 -0.398761 0.498018 -0.400203 -0.400022 0.500037
-0.387873 -0.398653 0.497844 -0.400066 -0.400008 0.500013
-0.386894 -0.398544 0.49767 -0.399905 -0.399991 0.499985
-0.385916 -0.398435 0.497496 -0.399814 -0.399982 0.49997
-0.384937 -0.398326 0.497322 -0.399504 -0.39995 0.499916
-0.383958 -0.398218 0.497148 -0.399263 -0.399926 0.499875
-0.382979 -0.398109 0.496974 -0.398995 -0.399899 0.499829
-0.382001 -0.398 0.4968 -0.398698 -0.399869 0.499779
-0.381022 -0.397891 0.496626 -0.398375 -0.399836 0.499724
-0.380043 -0.397783 0.496452 -0.398023 -0.399801 0.499664
-0.379065 -0.397674 0.496278 -0.397645 -0.399763 0.499599
-0.378086 -0.397565 0.496104 -0.397239 -0.399723 0.49953
-0.377107 -0.397456 0.49593 -0.396807 -0.39968 0.499457
-0.376128 -0.397348 0.495756 -0.396349 -0.399634 0.499379
-0.37515 -0.397239 0.495582 -0.395866 -0.399586 0.499297
-0.374171 -0.39713 0.495408 -0.395615 -0.399561 0.499255
-0.373192 -0.397021 0.495234 -0.394827 -0.399483 0.499121
-0.372213 -0.396913 0.49506 -0.394276 -0.399428 0.499027
-0.371235 -0.396804 0.494886 -0.393705 -0.399371 0.49893
-0.370256 -0.396695 0.494712 -0.393113 -0.399312 0.498829
-0.369277 -0.396586 0.494538 -0.392498 -0.399251 0.498725
-0.368299 -0.396478 0.494364 -0.391862 -0.399187 0.498617
-0.36732 -0.396369 0.49419 -0.391206 -0.399121 0.498505
-0.366341 -0.39626 0.494016 -0.39053 -0.399054 0.49839
-0.365362 -0.396151 0.493842 -0.389836 -0.398984 0.498272
-0.364384 -0.396043 0.493668 -0.389124 -0.398912 0.49815
-0.363405 -0.395934 0.493494 -0.388395 -0.398839 0.498025
-0.362426 -0.395825 0.49332 -0.387649 -0.398764 0.497898
-0.361448 -0.395716 0.493146 -0.386888 -0.398687 0.497768
-0.360469 -0.395608 0.492972 -0.386113 -0.398608 0.497635
-0.35949 -0.395499 0.492798 -0.385324 -0.398527 0.4975
-0.358511 -0.39539 0.492624 -0.384521 -0.398445 0.497362
-0.357533 -0.395281 0.49245 -0.383706 -0.398362 0.497222
-0.356554 -0.395173 0.492276 -0.383295 -0.39832 0.497151
-0.355575 -0.395064 0.492102 -0.382042 -0.39819 0.496935
-0.354596 -0.394955 0.491928 -0.381194 -0.398103 0.496788
-0.353618 -0.394846 0.491754 -0.380336 -0.398014 0.49664
-0.352639 -0.394738 0.49158 -0.37947 -0.397924 0.49649
-0.35166 -0.394629 0.491406 -0.378597 -0.397832 0.496339
-0.350682 -0.39452 0.491232 -0.377715 -0.39774 0.496186
-0.349703 -0.394411 0.491058 -0.376825 -0.397646 0.496031
-0.348724 -0.394303 0.490884 -0.375928 -0.397552 0.495875
-0.347745 -0.394194 0.49071 -0.375024 -0.397456 0.495717
-0.346767 -0.394085 0.490536 -0.374113 -0.397359 0.495559
-0.345788 -0.393976 0.490362 -0.373197 -0.397262 0.495398
-0.344809 -0.393868 0.490188 -0.372274 -0.397164 0.495237
-0.343831 -0.393759 0.490014 -0.371346 -0.397065 0.495075
-0.342852 -0.39365 0.48984 -0.370414 -0.396965 0.494911
-0.341873 -0.393541 0.489666 -0.369477 -0.396864 0.494747
-0.340894 -0.393433 0.489492 -0.368535 -0.396763 0.494582
-0.339916 -0.393324 0.489318 -0.368535 -0.396763 0.494582
-0.338937 -0.393215 0.489144 -0.368063 -0.396712 0.494499
-0.337958 -0.393106 0.48897 -0.364734 -0.396351 0.493912
-0.336979 -0.392998 0.488796 -0.363302 -0.396195 0.493659
-0.336001 -0.392889 0.488622 -0.362827 -0.396143 0.493575
-0.335022 -0.39278 0.488448 -0.36188 -0.396039 0.493408
-0.334043 -0.392671 0.488274 -0.360936 -0.395934 0.49324
-0.333065 -0.392563 0.4881 -0.359993 -0.39583 0.493072
-0.332086 -0.392454 0.487926 -0.359049 -0.395725 0.492904
-0.331107 -0.392345 0.487752 -0.358106 -0.395621 0.492737
-0.330128 -0.392236 0.487578 -0.357163 -0.395516 0.492569
-0.32915 -0.392128 0.487404 -0.356219 -0.395411 0.492401
-0.328171 -0.392019 0.48723 -0.355275 -0.395305 0.492232
-0.327192 -0.39191 0.487056 -0.35433 -0.3952 0.492064
-0.326213 -0.391801 0.486882 -0.353384 -0.395095 0.491895
-0.325235 -0.391693 0.486708 -0.352436 -0.394989 0.491726
-0.324256 -0.391584 0.486534 -0.351488 -0.394883 0.491557
-0.323277 -0.391475 0.48636 -0.350539 -0.394777 0.491388
-0.322299 -0.391367 0.486186 -0.349588 -0.394671 0.491218
-0.32132 -0.391258 0.486012 -0.348636 -0.394565 0.491049
-0.320341 -0.391149 0.485838 -0.347206 -0.394406 0.490794
-0.319362 -0.39104 0.485664 -0.346729 -0.394353 0.490709
-0.318384 -0.390932 0.48549 -0.345774 -0.394246 0.490538
-0.317405 -0.390823 0.485316 -0.344818 -0.39414 0.490368
-0.316426 -0.390714 0.485142 -0.343861 -0.394033 0.490197
-0.315448 -0.390605 0.484968 -0.342903 -0.393926 0.490026
-0.314469 -0.390497 0.484794 -0.341943 -0.393819 0.489855
-0.31349 -0.390388 0.48462 -0.340983 -0.393713 0.489684
-0.312511 -0.390279 0.484446 -0.340503 -0.393659 0.489598
-0.311533 -0.39017 0.484272 -0.33858 -0.393445 0.489256
-0.310554 -0.390062 0.484098 -0.33762 -0.393338 0.489084
-0.309575 -0.389953 0.483924 -0.337141 -0.393284 0.488999
-0.308596 -0.389844 0.48375 -0.335703 -0.393124 0.488742
-0.307618 -0.389735 0.483576 -0.335225 -0.393071 0.488657
-0.306639 -0.389627 0.483402 -0.333792 -0.39291 0.488401
-0.30566 -0.389518 0.483228 -0.33284 -0.392804 0.488231
-0.304682 -0.389409 0.483054 -0.33189 -0.392697 0.488061
-0.303703 -0.3893 0.482881 -0.330941 -0.392591 0.487892
-0.302724 -0.389192 0.482707 -0.329993 -0.392485 0.487722
-0.301745 -0.389083 0.482533 -0.329046 -0.392379 0.487553
-0.300767 -0.388974 0.482359 -0.328099 -0.392273 0.487384
-0.299788 -0.388865 0.482185 -0.327153 -0.392167 0.487215
-0.298809 -0.388757 0.482011 -0.326207 -0.392061 0.487046
-0.29783 -0.388648 0.481837 -0.325261 -0.391955 0.486877
-0.296852 -0.388539 0.481663 -0.324315 -0.391849 0.486708
-0.295873 -0.38843 0.481489 -0.323368 -0.391743 0.486539
-0.294894 -0.388322 0.481315 -0.322421 -0.391637 0.48637
-0.293916 -0.388213 0.481141 -0.321474 -0.391532 0.486201
-0.292937 -0.388104 0.480967 -0.320525 -0.391426 0.486031
-0.291958 -0.387995 0.480793 -0.319575 -0.39132 0.485862
-0.290979 -0.387887 0.480619 -0.319099 -0.391267 0.485777
-0.290001 -0.387778 0.480445 -0.317665 -0.391108 0.485522
-0.289022 -0.387669 0.480271 -0.316706 -0.391001 0.485351
-0.288043 -0.38756 0.480097 -0.315744 -0.390895 0.48518
-0.287065 -0.387452 0.479923 -0.31478 -0.390788 0.485008
-0.286086 -0.387343 0.479749 -0.313814 -0.390682 0.484837
-0.285107 -0.387234 0.479575 -0.312845 -0.390575 0.484665
-0.284128 -0.387125 0.479401 -0.311875 -0.390468 0.484492
-0.28315 -0.387017 0.479227 -0.310904 -0.39036 0.48432
-0.282171 -0.386908 0.479053 -0.309931 -0.390253 0.484147
-0.281192 -0.386799 0.478879 -0.30896 -0.390146 0.483974
-0.280213 -0.38669 0.478705 -0.307987 -0.390038 0.483801
-0.279235 -0.386582 0.478531 -0.307014 -0.389931 0.483628
-0.278256 -0.386473 0.478357 -0.306038 -0.389823 0.483455
-0.277277 -0.386364 0.478183 -0.305062 -0.389715 0.483281
-0.276299 -0.386255 0.478009 -0.304083 -0.389607 0.483108
-0.27532 -0.386147 0.477835 -0.303104 -0.389499 0.482934
-0.274341 -0.386038 0.477661 -0.302123 -0.389391 0.482759
-0.273362 -0.385929 0.477487 -0.301141 -0.389283 0.482585
-0.272384 -0.38582 0.477313 -0.300158 -0.389174 0.48241
-0.271405 -0.385712 0.477139 -0.299175 -0.389066 0.482235
-0.270426 -0.385603 0.476965 -0.298682 -0.389011 0.482148
-0.269448 -0.385494 0.476791 -0.29819 -0.388957 0.482061
-0.268469 -0.385385 0.476617 -0.29622 -0.388739 0.48171
-0.26749 -0.385277 0.476443 -0.295234 -0.38863 0.481535
-0.266511 -0.385168 0.476269 -0.294251 -0.388522 0.48136
-0.265533 -0.385059 0.476095 -0.293269 -0.388413 0.481186
-0.264554 -0.38495 0.475921 -0.292289 -0.388304 0.481011
-0.263575 -0.384842 0.475747 -0.291308 -0.388195 0.480836
-0.262596 -0.384733 0.475573 -0.290326 -0.388086 0.480662
-0.261618 -0.384624 0.475399 -0.289343 -0.387977 0.480487
-0.260639 -0.384515 0.475225 -0.28836 -0.387869 0.480312
-0.25966 -0.384407 0.475051 -0.287377 -0.387759 0.480137
-0.258682 -0.384298 0.474877 -0.286393 -0.38765 0.479962
-0.257703 -0.384189 0.474703 -0.285409 -0.387541 0.479787
-0.256724 -0.38408 0.474529 -0.284425 -0.387432 0.479611
-0.255745 -0.383972 0.474355 -0.283441 -0.387323 0.479436
-0.254767 -0.383863 0.474181 -0.282457 -0.387214 0.479261
-0.253788 -0.383754 0.474007 -0.281474 -0.387105 0.479086
-0.252809 -0.383645 0.473833 -0.28049 -0.386996 0.478911
-0.25183 -0.383537 0.473659 -0.279506 -0.386886 0.478736
-0.250852 -0.383428 0.473485 -0.278522 -0.386777 0.47856
-0.249873 -0.383319 0.473311 -0.277539 -0.386668 0.478385
-0.248894 -0.38321 0.473137 -0.276556 -0.386559 0.47821
-0.247916 -0.383102 0.472963 -0.275573 -0.38645 0.478035
-0.246937 -0.382993 0.472789 -0.274591 -0.386341 0.47786
-0.245958 -0.382884 0.472615 -0.273608 -0.386231 0.477685
-0.244979 -0.382775 0.472441 -0.272625 -0.386122 0.47751
-0.244001 -0.382667 0.472267 -0.271643 -0.386013 0.477335
-0.243022 -0.382558 0.472093 -0.27066 -0.385904 0.47716
-0.242043 -0.382449 0.471919 -0.269678 -0.385795 0.476985
-0.241065 -0.382341 0.471745 -0.268695 -0.385686 0.47681
-0.240086 -0.382232 0.471571 -0.267713 -0.385577 0.476635
-0.239107 -0.382123 0.471397 -0.267221 -0.385522 0.476547
-0.238128 -0.382014 0.471223 -0.26673 -0.385467 0.47646
-0.23715 -0.381906 0.471049 -0.264766 -0.385249 0.47611
-0.236171 -0.381797 0.470875 -0.263786 -0.38514 0.475935
-0.235192 -0.381688 0.470701 -0.262808 -0.385031 0.475761
-0.234213 -0.381579 0.470527 -0.261828 -0.384922 0.475586
-0.233235 -0.381471 0.470353 -0.260849 -0.384813 0.475412
-0.232256 -0.381362 0.470179 -0.259869 -0.384705 0.475237
-0.231277 -0.381253 0.470005 -0.258888 -0.384596 0.475062
-0.230299 -0.381144 0.469831 -0.257907 -0.384487 0.474887
-0.22932 -0.381036 0.469657 -0.256926 -0.384378 0.474713
-0.228341 -0.380927 0.469483 -0.255945 -0.384269 0.474538
-0.227362 -0.380818 0.469309 -0.254964 -0.38416 0.474363
-0.226384 -0.380709 0.469135 -0.253982 -0.384051 0.474188
-0.225405 -0.380601 0.468961 -0.253001 -0.383942 0.474013
-0.224426 -0.380492 0.468787 -0.252019 -0.383833 0.473838
-0.223448 -0.380383 0.468613 -0.251038 -0.383724 0.473663
-0.222469 -0.380274 0.468439 -0.250056 -0.383615 0.473489
-0.22149 -0.380166 0.468265 -0.249075 -0.383506 0.473314
-0.220511 -0.380057 0.468091 -0.248096 -0.383397 0.473139
-0.219533 -0.379948 0.467917 -0.247118 -0.383288 0.472965
-0.218554 -0.379839 0.467743 -0.24614 -0.38318 0.472791
-0.217575 -0.379731 0.467569 -0.245163 -0.383071 0.472616
-0.216596 -0.379622 0.467395 -0.244188 -0.382962 0.472443
-0.215618 -0.379513 0.467221 -0.243214 -0.382854 0.472269
-0.214639 -0.379404 0.467047 -0.242238 -0.382745 0.472095
-0.21366 -0.379296 0.466873 -0.241262 -0.382637 0.471921
-0.212682 -0.379187 0.466699 -0.240285 -0.382528 0.471747
-0.211703 -0.379078 0.466525 -0.239306 -0.382419 0.471572
-0.210724 -0.378969 0.466351 -0.238327 -0.382311 0.471398
-0.209745 -0.378861 0.466177 -0.237837 -0.382256 0.471311
-0.208767 -0.378752 0.466003 -0.236367 -0.382093 0.471049
-0.207788 -0.378643 0.465829 -0.235385 -0.381985 0.470874
-0.206809 -0.378534 0.465655 -0.234404 -0.381876 0.470699
-0.20583 -0.378426 0.465481 -0.233421 -0.381767 0.470524
-0.204852 -0.378317 0.465307 -0.232438 -0.381658 0.470349
-0.203873 -0.378208 0.465133 -0.231455 -0.381549 0.470174
-0.202894 -0.378099 0.464959 -0.230963 -0.381495 0.470086
-0.201916 -0.377991 0.464785 -0.229979 -0.381386 0.469911
-0.200937 -0.377882 0.464611 -0.228995 -0.381277 0.469736
-0.199958 -0.377773 0.464437 -0.227518 -0.381113 0.469473
-0.198979 -0.377664 0.464263 -0.227025 -0.381058 0.469385
-0.198001 -0.377556 0.464089 -0.225548 -0.380895 0.469122
-0.197022 -0.377447 0.463915 -0.224565 -0.380786 0.468947
-0.196043 -0.377338 0.463741 -0.223581 -0.380677 0.468772
-0.195065 -0.377229 0.463567 -0.222598 -0.380568 0.468597
-0.194086 -0.377121 0.463393 -0.222107 -0.380513 0.468509
-0.193107 -0.377012 0.463219 -0.221123 -0.380404 0.468334
-0.192128 -0.376903 0.463045 -0.219647 -0.38024 0.468071
-0.19115 -0.376794 0.462871 -0.218663 -0.380131 0.467895
-0.190171 -0.376686 0.462697 -0.21817 -0.380077 0.467808
-0.189192 -0.376577 0.462523 -0.216693 -0.379913 0.467545
-0.188213 -0.376468 0.462349 -0.216201 -0.379858 0.467457
-0.187235 -0.376359 0.462175 -0.215215 -0.379749 0.467281
-0.186256 -0.376251 0.462001 -0.21423 -0.37964 0.467106
-0.185277 -0.376142 0.461827 -0.213245 -0.37953 0.46693
-0.184299 -0.376033 0.461653 -0.211767 -0.379367 0.466667
-0.18332 -0.375924 0.461479 -0.210782 -0.379257 0.466491
-0.182341 -0.375816 0.461305 -0.209797 -0.379148 0.466316
-0.181362 -0.375707 0.461131 -0.208813 -0.379039 0.46614
-0.180384 -0.375598 0.460957 -0.207829 -0.37893 0.465965
-0.179405 -0.375489 0.460783 -0.206845 -0.37882 0.46579
-0.178426 -0.375381 0.460609 -0.205861 -0.378711 0.465614
-0.177448 -0.375272 0.460435 -0.204878 -0.378602 0.465439
-0.176469 -0.375163 0.460261 -0.203895 -0.378493 0.465264
-0.17549 -0.375054 0.460087 -0.202913 -0.378384 0.465089
-0.174511 -0.374946 0.459913 -0.20193 -0.378274 0.464914
-0.173533 -0.374837 0.459739 -0.201439 -0.37822 0.464826
-0.172554 -0.374728 0.459565 -0.200456 -0.378111 0.464651
-0.171575 -0.374619 0.459391 -0.198982 -0.377947 0.464388
-0.170596 -0.374511 0.459217 -0.198491 -0.377892 0.464301
-0.169618 -0.374402 0.459043 -0.197018 -0.377729 0.464038
-0.168639 -0.374293 0.458869 -0.196036 -0.37762 0.463863
-0.16766 -0.374184 0.458695 -0.195053 -0.377511 0.463688
-0.166682 -0.374076 0.458521 -0.194071 -0.377401 0.463513
-0.165703 -0.373967 0.458347 -0.193579 -0.377347 0.463425
-0.164724 -0.373858 0.458173 -0.193088 -0.377292 0.463337
-0.163745 -0.373749 0.457999 -0.192597 -0.377238 0.46325
-0.162767 -0.373641 0.457825 -0.189171 -0.376857 0.462639
-0.161788 -0.373532 0.457651 -0.1882 -0.376748 0.462465
-0.160809 -0.373423 0.457477 -0.187233 -0.37664 0.462293
-0.15983 -0.373314 0.457303 -0.186273 -0.376532 0.462121
-0.158852 -0.373206 0.457129 -0.185796 -0.376479 0.462036
-0.157873 -0.373097 0.456955 -0.18391 -0.376265 0.461698
-0.156894 -0.372988 0.456781 -0.182973 -0.376159 0.46153
-0.155916 -0.37288 0.456607 -0.182038 -0.376054 0.461363
-0.154937 -0.372771 0.456433 -0.181106 -0.375948 0.461196
-0.153958 -0.372662 0.456259 -0.180176 -0.375843 0.461029
-0.152979 -0.372553 0.456085 -0.179246 -0.375738 0.460863
-0.152001 -0.372445 0.455911 -0.178318 -0.375633 0.460696
-0.151022 -0.372336 0.455737 -0.177391 -0.375529 0.46053
-0.150043 -0.372227 0.455563 -0.176928 -0.375476 0.460448
-0.149065 -0.372118 0.455389 -0.175075 -0.375268 0.460116
-0.148086 -0.37201 0.455215 -0.174612 -0.375216 0.460033
-0.147107 -0.371901 0.455041 -0.173687 -0.375112 0.459868
-0.146128 -0.371792 0.454867 -0.172762 -0.375008 0.459702
-0.14515 -0.371683 0.454693 -0.171836 -0.374905 0.459537
-0.144171 -0.371575 0.454519 -0.170909 -0.374801 0.459371
-0.143192 -0.371466 0.454345 -0.169981 -0.374697 0.459206
-0.142213 -0.371357 0.454171 -0.168586 -0.374542 0.458957
-0.141235 -0.371248 0.453997 -0.16812 -0.37449 0.458873
-0.140256 -0.37114 0.453823 -0.167187 -0.374386 0.458707
-0.139277 -0.371031 0.453649 -0.166253 -0.374282 0.458541
-0.138299 -0.370922 0.453475 -0.165318 -0.374179 0.458374
-0.13732 -0.370813 0.453301 -0.16438 -0.374075 0.458207
-0.136341 -0.370705 0.453127 -0.163441 -0.373971 0.458039
-0.135362 -0.370596 0.452953 -0.162501 -0.373867 0.457872
-0.134384 -0.370487 0.452779 -0.161086 -0.37371 0.45762
-0.133405 -0.370378 0.452605 -0.160614 -0.373658 0.457536
-0.132426 -0.37027 0.452431 -0.159668 -0.373554 0.457367
-0.131447 -0.370161 0.452257 -0.158721 -0.373449 0.457199
-0.130469 -0.370052 0.452083 -0.157772 -0.373345 0.45703
-0.12949 -0.369943 0.451909 -0.156821 -0.37324 0.456861
-0.128511 -0.369835 0.451735 -0.155869 -0.373135 0.456691
-0.127533 -0.369726 0.451561 -0.154916 -0.37303 0.456521
-0.126554 -0.369617 0.451387 -0.153961 -0.372925 0.456352
-0.125575 -0.369508 0.451213 -0.153005 -0.37282 0.456181
-0.124596 -0.3694 0.451039 -0.152048 -0.372715 0.456011
-0.123618 -0.369291 0.450865 -0.151089 -0.372609 0.45584
-0.122639 -0.369182 0.450691 -0.15013 -0.372503 0.45567
-0.12166 -0.369073 0.450517 -0.149169 -0.372398 0.455499
-0.120682 -0.368965 0.450343 -0.148207 -0.372292 0.455327
-0.119703 -0.368856 0.450169 -0.147244 -0.372186 0.455156
-0.118724 -0.368747 0.449995 -0.14628 -0.37208 0.454984
-0.117745 -0.368638 0.449821 -0.145315 -0.371973 0.454813
-0.116767 -0.36853 0.449647 -0.144349 -0.371867 0.454641
-0.115788 -0.368421 0.449473 -0.143382 -0.371761 0.454469
-0.114809 -0.368312 0.449299 -0.142415 -0.371654 0.454297
-0.11383 -0.368203 0.449125 -0.141446 -0.371547 0.454124
-0.112852 -0.368095 0.448951 -0.140478 -0.37144 0.453952
-0.111873 -0.367986 0.448777 -0.139508 -0.371334 0.453779
-0.110894 -0.367877 0.448603 -0.138538 -0.371227 0.453606
-0.109916 -0.367768 0.448429 -0.137567 -0.371119 0.453433
-0.108937 -0.36766 0.448255 -0.136595 -0.371012 0.45326
-0.107958 -0.367551 0.448081 -0.136109 -0.370959 0.453174
-0.106979 -0.367442 0.447907 -0.134651 -0.370798 0.452914
-0.106001 -0.367333 0.447733 -0.133678 -0.37069 0.452741
-0.105022 -0.367225 0.447559 -0.133192 -0.370637 0.452654
-0.104043 -0.367116 0.447385 -0.131733 -0.370475 0.452394
-0.103065 -0.367007 0.447211 -0.130761 -0.370368 0.452221
-0.102086 -0.366898 0.447037 -0.128824 -0.370153 0.451876
-0.101107 -0.36679 0.446863 -0.128342 -0.370099 0.45179
-0.100128 -0.366681 0.446689 -0.127863 -0.370046 0.451704
-0.0991496 -0.366572 0.446515 -0.125968 -0.369833 0.451365
-0.0981709 -0.366463 0.446341 -0.125027 -0.369728 0.451197
-0.0971922 -0.366355 0.446167 -0.124085 -0.369622 0.451029
-0.0962135 -0.366246 0.445994 -0.123143 -0.369516 0.450861
-0.0952347 -0.366137 0.44582 -0.1222 -0.369411 0.450692
-0.094256 -0.366028 0.445646 -0.121257 -0.369305 0.450524
-0.0932773 -0.36592 0.445472 -0.120313 -0.369199 0.450355
-0.0922986 -0.365811 0.445298 -0.119368 -0.369094 0.450187
-0.0913198 -0.365702 0.445124 -0.118423 -0.368988 0.450018
-0.0903411 -0.365593 0.44495 -0.117477 -0.368883 0.449849
-0.0893624 -0.365485 0.444776 -0.116529 -0.368777 0.44968
-0.0883837 -0.365376 0.444602 -0.115581 -0.368672 0.449511
-0.0874049 -0.365267 0.444428 -0.114632 -0.368566 0.449341
-0.0864262 -0.365158 0.444254 -0.113682 -0.368461 0.449172
-0.0854475 -0.36505 0.44408 -0.11273 -0.368355 0.449002
-0.0844688 -0.364941 0.443906 -0.111778 -0.368249 0.448832
-0.08349 -0.364832 0.443732 -0.110825 -0.368144 0.448662
-0.0825113 -0.364723 0.443558 -0.10987 -0.368038 0.448492
-0.0815326 -0.364615 0.443384 -0.108915 -0.367932 0.448322
-0.0805539 -0.364506 0.44321 -0.107958 -0.367826 0.448151
-0.0795752 -0.364397 0.443036 -0.107 -0.36772 0.44798
-0.0785964 -0.364288 0.442862 -0.106042 -0.367614 0.447809
-0.0776177 -0.36418 0.442688 -0.105082 -0.367508 0.447638
-0.076639 -0.364071 0.442514 -0.104121 -0.367402 0.447467
-0.0756603 -0.363962 0.44234 -0.10316 -0.367295 0.447296
-0.0746815 -0.363854 0.442166 -0.102197 -0.367189 0.447124
-0.0737028 -0.363745 0.441992 -0.101234 -0.367083 0.446952
-0.0727241 -0.363636 0.441818 -0.10027 -0.366976 0.44678
-0.0717454 -0.363527 0.441644 -0.0993049 -0.36687 0.446608
-0.0707666 -0.363419 0.44147 -0.0983394 -0.366763 0.446436
-0.0697879 -0.36331 0.441296 -0.0978564 -0.36671 0.44635
-0.0688092 -0.363201 0.441122 -0.0964063 -0.366549 0.446092
-0.0678305 -0.363092 0.440948 -0.0954388 -0.366442 0.445919
-0.0668517 -0.362984 0.440774 -0.0944706 -0.366336 0.445747
-0.065873 -0.362875 0.4406 -0.0935019 -0.366229 0.445574
-0.0648943 -0.362766 0.440426 -0.0925326 -0.366121 0.445401
-0.0639156 -0.362657 0.440252 -0.0915628 -0.366014 0.445228
-0.0629369 -0.362549 0.440078 -0.0905924 -0.365907 0.445055
-0.0619581 -0.36244 0.439904 -0.0896216 -0.3658 0.444882
-0.0609794 -0.362331 0.43973 -0.0886502 -0.365692 0.444709
-0.0600007 -0.362222 0.439556 -0.0876785 -0.365585 0.444536
-0.059022 -0.362114 0.439382 -0.0867063 -0.365478 0.444363
-0.0580432 -0.362005 0.439208 -0.0857338 -0.36537 0.444189
-0.0570645 -0.361896 0.439034 -0.0847608 -0.365262 0.444016
-0.0560858 -0.361787 0.43886 -0.0837875 -0.365155 0.443842
-0.0551071 -0.361679 0.438686 -0.0828139 -0.365047 0.443669
-0.0541283 -0.36157 0.438512 -0.0818399 -0.364939 0.443495
-0.0531496 -0.361461 0.438338 -0.0808657 -0.364832 0.443321
-0.0521709 -0.361352 0.438164 -0.0798911 -0.364724 0.443147
-0.0511922 -0.361244 0.43799 -0.0789164 -0.364616 0.442974
-0.0502134 -0.361135 0.437816 -0.0779413 -0.364508 0.4428
-0.0492347 -0.361026 0.437642 -0.076966 -0.3644 0.442626
-0.048256 -0.360917 0.437468 -0.0759906 -0.364292 0.442452
-0.0472773 -0.360809 0.437294 -0.0750149 -0.364184 0.442278
-0.0462986 -0.3607 0.43712 -0.074039 -0.364076 0.442104
-0.0453198 -0.360591 0.436946 -0.0730629 -0.363968 0.44193
-0.0443411 -0.360482 0.436772 -0.0720867 -0.36386 0.441756
-0.0433624 -0.360374 0.436598 -0.0711104 -0.363752 0.441582
-0.0423837 -0.360265 0.436424 -0.0701339 -0.363643 0.441407
-0.0414049 -0.360156 0.43625 -0.0691572 -0.363535 0.441233
-0.0404262 -0.360047 0.436076 -0.0681805 -0.363427 0.441059
-0.0394475 -0.359939 0.435902 -0.0672036 -0.363319 0.440885
-0.0384688 -0.35983 0.435728 -0.0667151 -0.363265 0.440798
-0.03749 -0.359721 0.435554 -0.0652495 -0.363102 0.440536
-0.0365113 -0.359612 0.43538 -0.0642724 -0.362994 0.440362
-0.0355326 -0.359504 0.435206 -0.0632951 -0.362886 0.440188
-0.0345539 -0.359395 0.435032 -0.0623178 -0.362777 0.440013
-0.0335751 -0.359286 0.434858 -0.0613404 -0.362669 0.439839
-0.0325964 -0.359177 0.434684 -0.060363 -0.36256 0.439665
-0.0316177 -0.359069 0.43451 -0.0598742 -0.362506 0.439578
-0.030639 -0.35896 0.434336 -0.0593855 -0.362452 0.43949
-0.0296603 -0.358851 0.434162 -0.0574303 -0.362235 0.439142
-0.0286815 -0.358742 0.433988 -0.0564528 -0.362127 0.438967
-0.0277028 -0.358634 0.433814 -0.0554753 -0.362018 0.438793
-0.0267241 -0.358525 0.43364 -0.054498 -0.36191 0.438619
-0.0257454 -0.358416 0.433466 -0.0535207 -0.361802 0.438444
-0.0247666 -0.358307 0.433292 -0.0525433 -0.361693 0.43827
-0.0237879 -0.358199 0.433118 -0.0515659 -0.361585 0.438096
-0.0228092 -0.35809 0.432944 -0.0505884 -0.361476 0.437921
-0.0218305 -0.357981 0.43277 -0.0496109 -0.361368 0.437747
-0.0208517 -0.357872 0.432596 -0.0486345 -0.361259 0.437573
-0.019873 -0.357764 0.432422 -0.0476613 -0.361151 0.437399
-0.0188943 -0.357655 0.432248 -0.0466909 -0.361043 0.437226
-0.0179156 -0.357546 0.432074 -0.0457207 -0.360935 0.437053
-0.0169368 -0.357437 0.4319 -0.0447494 -0.360827 0.43688
-0.0159581 -0.357329 0.431726 -0.0437772 -0.360719 0.436707
-0.0149794 -0.35722 0.431552 -0.0432908 -0.360665 0.43662
-0.0140007 -0.357111 0.431378 -0.0418305 -0.360503 0.43636
-0.013022 -0.357002 0.431204 -0.040856 -0.360395 0.436186
-0.0120432 -0.356894 0.43103 -0.0398809 -0.360286 0.436012
-0.0110645 -0.356785 0.430856 -0.0389052 -0.360178 0.435838
-0.0100858 -0.356676 0.430682 -0.037929 -0.36007 0.435664
-0.00910706 -0.356567 0.430508 -0.0369523 -0.359962 0.43549
-0.00812834 -0.356459 0.430334 -0.0359752 -0.359853 0.435316
-0.00714961 -0.35635 0.43016 -0.0349978 -0.359745 0.435141
-0.00617089 -0.356241 0.429986 -0.0340203 -0.359637 0.434967
-0.00519217 -0.356132 0.429812 -0.0330426 -0.359528 0.434793
-0.00421344 -0.356024 0.429638 -0.032065 -0.35942 0.434618
-0.00323472 -0.355915 0.429464 -0.0310873 -0.359312 0.434444
-0.00225599 -0.355806 0.42929 -0.0301094 -0.359203 0.43427
-0.00127727 -0.355697 0.429116 -0.0296204 -0.359149 0.434183
-0.000298548 -0.355589 0.428942 -0.0286421 -0.359041 0.434008
0.000680176 -0.35548 0.428768 -0.0271742 -0.358878 0.433747
0.0016589 -0.355371 0.428594 -0.0261954 -0.35877 0.433572
0.00263762 -0.355262 0.42842 -0.0252165 -0.358661 0.433398
0.00361635 -0.355154 0.428246 -0.0242374 -0.358553 0.433223
0.00459507 -0.355045 0.428072 -0.0232583 -0.358444 0.433048
0.00557379 -0.354936 0.427898 -0.0227687 -0.35839 0.432961
0.00655252 -0.354827 0.427724 -0.0212999 -0.358227 0.432699
0.00753124 -0.354719 0.42755 -0.0203213 -0.358119 0.432525
0.00850996 -0.35461 0.427376 -0.0193433 -0.35801 0.432351
0.00948869 -0.354501 0.427202 -0.0178783 -0.357848 0.43209
0.0104674 -0.354393 0.427028 -0.0169045 -0.357739 0.431916
0.0114461 -0.354284 0.426854 -0.015934 -0.357631 0.431743
0.0124249 -0.354175 0.42668 -0.0154494 -0.357577 0.431657
0.0134036 -0.354066 0.426506 -0.01448 -0.357469 0.431484
0.0143823 -0.353958 0.426332 -0.0130242 -0.357307 0.431224
0.015361 -0.353849 0.426158 -0.0120529 -0.357199 0.431051
0.0163398 -0.35374 0.425984 -0.0110814 -0.357091 0.430878
0.0173185 -0.353631 0.42581 -0.01011 -0.356983 0.430705
0.0182972 -0.353523 0.425636 -0.0091384 -0.356875 0.430532
0.0192759 -0.353414 0.425462 -0.00865253 -0.356821 0.430445
0.0202546 -0.353305 0.425288 -0.00768047 -0.356713 0.430272
0.0212334 -0.353196 0.425114 -0.00622153 -0.356551 0.430012
0.0222121 -0.353088 0.42494 -0.0052502 -0.356443 0.429839
0.0231908 -0.352979 0.424766 -0.00428158 -0.356336 0.429667
0.0241695 -0.35287 0.424592 -0.00331383 -0.356228 0.429494
0.0251483 -0.352761 0.424418 -0.00234512 -0.35612 0.429321
0.026127 -0.352653 0.424244 -0.0013754 -0.356012 0.429149
0.0271057 -0.352544 0.42407 -0.000404864 -0.355905 0.428976
0.0280844 -0.352435 0.423896 0.00202565 -0.355635 0.428543
0.0290632 -0.352326 0.423722 0.00299994 -0.355527 0.428369
0.0300419 -0.352218 0.423548 0.0039732 -0.355419 0.428196
0.0310206 -0.352109 0.423374 0.00445803 -0.355365 0.428109
0.0319993 -0.352 0.4232 0.00590176 -0.355204 0.427852
0.0329781 -0.351891 0.423026 0.0068564 -0.355097 0.427682
0.0339568 -0.351783 0.422852 0.00780574 -0.354991 0.427513
0.0349355 -0.351674 0.422678 0.00875055 -0.354884 0.427345
0.0359142 -0.351565 0.422504 0.00969225 -0.354778 0.427177
0.0368929 -0.351456 0.42233 0.0106329 -0.354672 0.427009
0.0378717 -0.351348 0.422156 0.0115727 -0.354567 0.426842
0.0388504 -0.351239 0.421982 0.0125105 -0.354461 0.426675
0.0398291 -0.35113 0.421808 0.013446 -0.354356 0.426508
0.0408078 -0.351021 0.421634 0.0143797 -0.354251 0.426342
0.0417866 -0.350913 0.42146 0.0153119 -0.354146 0.426176
0.0427653 -0.350804 0.421286 0.0162432 -0.354041 0.42601
0.043744 -0.350695 0.421112 0.0171738 -0.353937 0.425844
0.0447227 -0.350586 0.420938 0.0181043 -0.353832 0.425679
0.0457015 -0.350478 0.420764 0.0190348 -0.353728 0.425513
0.0466802 -0.350369 0.42059 0.0199654 -0.353624 0.425347
0.0476589 -0.35026 0.420416 0.0208964 -0.353519 0.425181
0.0486376 -0.350151 0.420242 0.0218279 -0.353415 0.425016
0.0496164 -0.350043 0.420068 0.0227601 -0.353311 0.42485
0.0505951 -0.349934 0.419894 0.0236932 -0.353207 0.424684
0.0515738 -0.349825 0.41972 0.0246272 -0.353103 0.424517
0.0525525 -0.349716 0.419546 0.0255622 -0.352999 0.424351
0.0535312 -0.349608 0.419372 0.0260301 -0.352947 0.424268
0.05451 -0.349499 0.419198 0.0274353 -0.352791 0.424017
0.0554887 -0.34939 0.419024 0.0283736 -0.352687 0.42385
0.0564674 -0.349281 0.41885 0.029313 -0.352583 0.423683
0.0574461 -0.349173 0.418676 0.0297833 -0.352531 0.4236
0.0584249 -0.349064 0.418502 0.0311958 -0.352375 0.423348
0.0594036 -0.348955 0.418328 0.0321392 -0.35227 0.42318
0.0603823 -0.348846 0.418154 0.0330838 -0.352166 0.423012
0.061361 -0.348738 0.41798 0.0340298 -0.352061 0.422844
0.0623398 -0.348629 0.417806 0.034977 -0.351957 0.422675
0.0633185 -0.34852 0.417632 0.0359256 -0.351852 0.422507
0.0642972 -0.348411 0.417458 0.0368755 -0.351747 0.422338
0.0652759 -0.348303 0.417284 0.0378266 -0.351643 0.422168
0.0662547 -0.348194 0.41711 0.038779 -0.351538 0.421999
0.0672334 -0.348085 0.416936 0.0397326 -0.351433 0.421829
0.0682121 -0.347976 0.416762 0.0406874 -0.351327 0.42166
0.0691908 -0.347868 0.416588 0.0416433 -0.351222 0.42149
0.0701695 -0.347759 0.416414 0.0426004 -0.351117 0.421319
0.0711483 -0.34765 0.41624 0.0435586 -0.351011 0.421149
0.072127 -0.347541 0.416066 0.0445178 -0.350906 0.420978
0.0731057 -0.347433 0.415892 0.0454781 -0.3508 0.420807
0.0740844 -0.347324 0.415718 0.0464393 -0.350694 0.420636
0.0750632 -0.347215 0.415544 0.0474015 -0.350588 0.420465
0.0760419 -0.347106 0.41537 0.0483647 -0.350482 0.420294
0.0770206 -0.346998 0.415196 0.0493287 -0.350376 0.420123
0.0779993 -0.346889 0.415022 0.0502935 -0.350269 0.419951
0.0789781 -0.34678 0.414848 0.0512591 -0.350163 0.419779
0.0799568 -0.346671 0.414674 0.0522255 -0.350056 0.419608
0.0809355 -0.346563 0.4145 0.0531927 -0.34995 0.419436
0.0819142 -0.346454 0.414326 0.0541605 -0.349843 0.419263
0.082893 -0.346345 0.414152 0.0551291 -0.349736 0.419091
0.0838717 -0.346236 0.413978 0.0560982 -0.349629 0.418919
0.0848504 -0.346128 0.413804 0.0570679 -0.349522 0.418747
0.0858291 -0.346019 0.41363 0.0580383 -0.349415 0.418574
0.0868078 -0.34591 0.413456 0.0590091 -0.349308 0.418401
0.0877866 -0.345801 0.413282 0.0599805 -0.349201 0.418229
0.0887653 -0.345693 0.413108 0.0609512 -0.349094 0.418056
0.089744 -0.345584 0.412934 0.061919 -0.348986 0.417884
0.0907227 -0.345475 0.41276 0.0624018 -0.348933 0.417798
0.0917015 -0.345367 0.412586 0.0628844 -0.348879 0.417713
0.0926802 -0.345258 0.412412 0.0648162 -0.348665 0.417369
0.0936589 -0.345149 0.412238 0.0657816 -0.348557 0.417198
0.0946376 -0.34504 0.412064 0.0662637 -0.348504 0.417112
0.0956164 -0.344932 0.41189 0.0677091 -0.348343 0.416855
0.0965951 -0.344823 0.411716 0.0681906 -0.348289 0.416769
0.0975738 -0.344714 0.411542 0.0696324 -0.348129 0.416513
0.0985525 -0.344605 0.411368 0.0705919 -0.348022 0.416343
0.0995313 -0.344497 0.411194 0.0715529 -0.347915 0.416172
0.10051 -0.344388 0.41102 0.072999 -0.347754 0.415915
0.101489 -0.344279 0.410846 0.0734821 -0.347701 0.415829
0.102467 -0.34417 0.410672 0.0744493 -0.347593 0.415657
0.103446 -0.344062 0.410498 0.0759014 -0.347432 0.415399
0.104425 -0.343953 0.410324 0.0768704 -0.347325 0.415227
0.105404 -0.343844 0.41015 0.0778407 -0.347217 0.415055
0.106382 -0.343735 0.409976 0.0788112 -0.34711 0.414882
0.107361 -0.343627 0.409802 0.0797812 -0.347002 0.41471
0.10834 -0.343518 0.409628 0.0807511 -0.346895 0.414538
0.109318 -0.343409 0.409454 0.0817218 -0.346787 0.414365
0.110297 -0.3433 0.40928 0.0826934 -0.346679 0.414193
0.111276 -0.343192 0.409107 0.0836653 -0.346571 0.41402
0.112255 -0.343083 0.408933 0.084634 -0.346464 0.413848
0.113233 -0.342974 0.408759 0.0855968 -0.346356 0.413677
0.114212 -0.342865 0.408585 0.0865571 -0.346249 0.413506
0.115191 -0.342757 0.408411 0.0875186 -0.346142 0.413336
0.11617 -0.342648 0.408237 0.088 -0.346088 0.41325
0.117148 -0.342539 0.408063 0.0894471 -0.345927 0.412993
0.118127 -0.34243 0.407889 0.0904146 -0.34582 0.412821
0.119106 -0.342322 0.407715 0.0913846 -0.345712 0.412649
0.120084 -0.342213 0.407541 0.0923565 -0.345604 0.412476
0.121063 -0.342104 0.407367 0.0933298 -0.345496 0.412304
0.122042 -0.341995 0.407193 0.0943043 -0.345389 0.412131
0.123021 -0.341887 0.407019 0.0952796 -0.345281 0.411957
0.123999 -0.341778 0.406845 0.0962559 -0.345172 0.411784
0.124978 -0.341669 0.406671 0.097233 -0.345064 0.411611
0.125957 -0.34156 0.406497 0.0982108 -0.344956 0.411437
0.126936 -0.341452 0.406323 0.0991889 -0.344848 0.411264
0.127914 -0.341343 0.406149 0.100167 -0.344739 0.41109
0.128893 -0.341234 0.405975 0.101146 -0.344631 0.410916
0.129872 -0.341125 0.405801 0.102125 -0.344522 0.410742
0.13085 -0.341017 0.405627 0.103104 -0.344414 0.410569
0.131829 -0.340908 0.405453 0.104084 -0.344305 0.410395
0.132808 -0.340799 0.405279 0.105064 -0.344197 0.410221
0.133787 -0.34069 0.405105 0.106043 -0.344088 0.410047
0.134765 -0.340582 0.404931 0.107019 -0.343979 0.409874
0.135744 -0.340473 0.404757 0.107995 -0.343871 0.409701
0.136723 -0.340364 0.404583 0.108972 -0.343762 0.409527
0.137701 -0.340255 0.404409 0.10995 -0.343654 0.409354
0.13868 -0.340147 0.404235 0.110439 -0.343599 0.409267
0.139659 -0.340038 0.404061 0.11191 -0.343436 0.409006
0.140638 -0.339929 0.403887 0.1124 -0.343382 0.408919
0.141616 -0.33982 0.403713 0.113382 -0.343273 0.408745
0.142595 -0.339712 0.403539 0.114365 -0.343164 0.40857
0.143574 -0.339603 0.403365 0.11584 -0.343 0.408309
0.144553 -0.339494 0.403191 0.116824 -0.342891 0.408134
0.145531 -0.339385 0.403017 0.117809 -0.342782 0.407959
0.14651 -0.339277 0.402843 0.118301 -0.342727 0.407872
0.147489 -0.339168 0.402669 0.119776 -0.342563 0.40761
0.148467 -0.339059 0.402495 0.120268 -0.342508 0.407523
0.149446 -0.33895 0.402321 0.121252 -0.342399 0.407349
0.150425 -0.338842 0.402147 0.122236 -0.34229 0.407174
0.151404 -0.338733 0.401973 0.123712 -0.342126 0.406912
0.152382 -0.338624 0.401799 0.124696 -0.342016 0.406738
0.153361 -0.338515 0.401625 0.125188 -0.341961 0.40665
0.15434 -0.338407 0.401451 0.126665 -0.341797 0.406389
0.155318 -0.338298 0.401277 0.127649 -0.341688 0.406214
0.156297 -0.338189 0.401103 0.128141 -0.341633 0.406127
0.157276 -0.33808 0.400929 0.129125 -0.341523 0.405952
0.158255 -0.337972 0.400755 0.13011 -0.341414 0.405778
0.159233 -0.337863 0.400581 0.131093 -0.341304 0.405603
0.160212 -0.337754 0.400407 0.132077 -0.341195 0.405429
0.161191 -0.337645 0.400233 0.133061 -0.341085 0.405254
0.16217 -0.337537 0.400059 0.134538 -0.340921 0.404992
0.163148 -0.337428 0.399885 0.135522 -0.340811 0.404818
0.164127 -0.337319 0.399711 0.136507 -0.340702 0.404643
0.165106 -0.33721 0.399537 0.137491 -0.340592 0.404469
0.166084 -0.337102 0.399363 0.138474 -0.340482 0.404294
0.167063 -0.336993 0.399189 0.139456 -0.340373 0.40412
0.168042 -0.336884 0.399015 0.140437 -0.340263 0.403946
0.169021 -0.336775 0.398841 0.141418 -0.340154 0.403772
0.169999 -0.336667 0.398667 0.142398 -0.340044 0.403599
0.170978 -0.336558 0.398493 0.143378 -0.339935 0.403425
0.171957 -0.336449 0.398319 0.144358 -0.339826 0.403251
0.172936 -0.33634 0.398145 0.145337 -0.339716 0.403077
0.173914 -0.336232 0.397971 0.146316 -0.339607 0.402904
0.174893 -0.336123 0.397797 0.147295 -0.339497 0.40273
0.175872 -0.336014 0.397623 0.148273 -0.339388 0.402557
0.17685 -0.335906 0.397449 0.149252 -0.339279 0.402383
0.177829 -0.335797 0.397275 0.14974 -0.339224 0.402297
0.178808 -0.335688 0.397101 0.151207 -0.33906 0.402037
0.179787 -0.335579 0.396927 0.152185 -0.338951 0.401863
0.180765 -0.335471 0.396753 0.153162 -0.338842 0.40169
0.181744 -0.335362 0.396579 0.154139 -0.338733 0.401517
0.182723 -0.335253 0.396405 0.155116 -0.338624 0.401344
0.183701 -0.335144 0.396231 0.156092 -0.338515 0.401171
0.18468 -0.335036 0.396057 0.157068 -0.338406 0.400998
0.185659 -0.334927 0.395883 0.158043 -0.338297 0.400825
0.186638 -0.334818 0.395709 0.159017 -0.338188 0.400652
0.187616 -0.334709 0.395535 0.159988 -0.338079 0.40048
0.188595 -0.334601 0.395361 0.160957 -0.33797 0.400308
0.189574 -0.334492 0.395187 0.161927 -0.337862 0.400136
0.190553 -0.334383 0.395013 0.162897 -0.337753 0.399964
0.191531 -0.334274 0.394839 0.163383 -0.337699 0.399878
0.19251 -0.334166 0.394665 0.16484 -0.337536 0.39962
0.193489 -0.334057 0.394491 0.165812 -0.337428 0.399448
0.194467 -0.333948 0.394317 0.166783 -0.337319 0.399276
0.195446 -0.333839 0.394143 0.167752 -0.337211 0.399104
0.196425 -0.333731 0.393969 0.16872 -0.337102 0.398932
0.197404 -0.333622 0.393795 0.169689 -0.336994 0.39876
0.198382 -0.333513 0.393621 0.170659 -0.336885 0.398588
0.199361 -0.333404 0.393447 0.171145 -0.336831 0.398502
0.20034 -0.333296 0.393273 0.172602 -0.336669 0.398244
0.201318 -0.333187 0.393099 0.173575 -0.33656 0.398072
0.202297 -0.333078 0.392925 0.174547 -0.336452 0.3979
0.203276 -0.332969 0.392751 0.175517 -0.336343 0.397728
0.204255 -0.332861 0.392577 0.176486 -0.336235 0.397556
0.205233 -0.332752 0.392403 0.177456 -0.336127 0.397384
0.206212 -0.332643 0.392229 0.178427 -0.336019 0.397212
0.207191 -0.332534 0.392055 0.179399 -0.33591 0.39704
0.20817 -0.332426 0.391881 0.180372 -0.335802 0.396867
0.209148 -0.332317 0.391707 0.181345 -0.335693 0.396695
0.210127 -0.332208 0.391533 0.182317 -0.335585 0.396523
0.211106 -0.332099 0.391359 0.183288 -0.335477 0.396351
0.212084 -0.331991 0.391185 0.184257 -0.335368 0.396179
0.213063 -0.331882 0.391011 0.185224 -0.33526 0.396007
0.214042 -0.331773 0.390837 0.186191 -0.335152 0.395836
0.215021 -0.331664 0.390663 0.187156 -0.335044 0.395665
0.215999 -0.331556 0.390489 0.18812 -0.334936 0.395494
0.216978 -0.331447 0.390315 0.189084 -0.334828 0.395323
0.217957 -0.331338 0.390141 0.190047 -0.33472 0.395153
0.218936 -0.331229 0.389967 0.19101 -0.334613 0.394982
0.219914 -0.331121 0.389793 0.191972 -0.334505 0.394811
0.220893 -0.331012 0.389619 0.192934 -0.334397 0.394641
0.221872 -0.330903 0.389445 0.193896 -0.33429 0.39447
0.22285 -0.330794 0.389271 0.194858 -0.334182 0.3943
0.223829 -0.330686 0.389097 0.19582 -0.334074 0.394129
0.224808 -0.330577 0.388923 0.196782 -0.333967 0.393959
0.225787 -0.330468 0.388749 0.197745 -0.333859 0.393788
0.226765 -0.330359 0.388575 0.198709 -0.333752 0.393617
0.227744 -0.330251 0.388401 0.199673 -0.333644 0.393447
0.228723 -0.330142 0.388227 0.200637 -0.333536 0.393276
0.229701 -0.330033 0.388053 0.201602 -0.333429 0.393105
0.23068 -0.329924 0.387879 0.202566 -0.333321 0.392934
0.231659 -0.329816 0.387705 0.203531 -0.333213 0.392763
0.232638 -0.329707 0.387531 0.204496 -0.333106 0.392592
0.233616 -0.329598 0.387357 0.205462 -0.332998 0.392421
0.234595 -0.329489 0.387183 0.206428 -0.33289 0.39225
0.235574 -0.329381 0.387009 0.207395 -0.332782 0.392079
0.236553 -0.329272 0.386835 0.208362 -0.332675 0.391907
0.237531 -0.329163 0.386661 0.209329 -0.332567 0.391736
0.23851 -0.329054 0.386487 0.210297 -0.332459 0.391565
0.239489 -0.328946 0.386313 0.211265 -0.332351 0.391393
0.240467 -0.328837 0.386139 0.212233 -0.332243 0.391222
0.241446 -0.328728 0.385965 0.213202 -0.332135 0.39105
0.242425 -0.328619 0.385791 0.214171 -0.332027 0.390879
0.243404 -0.328511 0.385617 0.215141 -0.331919 0.390707
0.244382 -0.328402 0.385443 0.216111 -0.331811 0.390535
0.245361 -0.328293 0.385269 0.217081 -0.331703 0.390363
0.24634 -0.328184 0.385095 0.218052 -0.331595 0.390191
0.247319 -0.328076 0.384921 0.219024 -0.331487 0.390019
0.248297 -0.327967 0.384747 0.219995 -0.331379 0.389847
0.249276 -0.327858 0.384573 0.220967 -0.33127 0.389675
0.250255 -0.327749 0.384399 0.22194 -0.331162 0.389503
0.251233 -0.327641 0.384225 0.222912 -0.331054 0.38933
0.252212 -0.327532 0.384051 0.223885 -0.330945 0.389158
0.253191 -0.327423 0.383877 0.224859 -0.330837 0.388986
0.25417 -0.327314 0.383703 0.225832 -0.330728 0.388813
0.255148 -0.327206 0.383529 0.226807 -0.33062 0.388641
0.256127 -0.327097 0.383355 0.227781 -0.330511 0.388468
0.257106 -0.326988 0.383181 0.228756 -0.330403 0.388296
0.258084 -0.32688 0.383007 0.229731 -0.330294 0.388123
0.259063 -0.326771 0.382833 0.230706 -0.330185 0.38795
0.260042 -0.326662 0.382659 0.231681 -0.330077 0.387777
0.261021 -0.326553 0.382485 0.232656 -0.329968 0.387605
0.261999 -0.326445 0.382311 0.233632 -0.329859 0.387432
0.262978 -0.326336 0.382137 0.234608 -0.329751 0.387259
0.263957 -0.326227 0.381963 0.235585 -0.329642 0.387086
0.264936 -0.326118 0.381789 0.236562 -0.329533 0.386913
0.265914 -0.32601 0.381615 0.237539 -0.329424 0.38674
0.266893 -0.325901 0.381441 0.238517 -0.329315 0.386567
0.267872 -0.325792 0.381267 0.239494 -0.329206 0.386394
0.26885 -0.325683 0.381093 0.240471 -0.329097 0.386221
0.269829 -0.325575 0.380919 0.241448 -0.328988 0.386048
0.270808 -0.325466 0.380745 0.242426 -0.328879 0.385874
0.271787 -0.325357 0.380571 0.243403 -0.32877 0.385701
0.272765 -0.325248 0.380397 0.24438 -0.328661 0.385528
0.273744 -0.32514 0.380223 0.245358 -0.328552 0.385355
0.274723 -0.325031 0.380049 0.245846 -0.328498 0.385269
0.275701 -0.324922 0.379875 0.247312 -0.328334 0.385009
0.27668 -0.324813 0.379701 0.24829 -0.328225 0.384836
0.277659 -0.324705 0.379527 0.249267 -0.328116 0.384663
0.278638 -0.324596 0.379353 0.250245 -0.328007 0.384489
0.279616 -0.324487 0.379179 0.251223 -0.327898 0.384316
0.280595 -0.324378 0.379005 0.2522 -0.327788 0.384143
0.281574 -0.32427 0.378831 0.253178 -0.327679 0.38397
0.282553 -0.324161 0.378657 0.253667 -0.327625 0.383883
0.283531 -0.324052 0.378483 0.255134 -0.327461 0.383623
0.28451 -0.323943 0.378309 0.256111 -0.327352 0.38345
0.285489 -0.323835 0.378135 0.257089 -0.327243 0.383277
0.286467 -0.323726 0.377961 0.258067 -0.327134 0.383104
0.287446 -0.323617 0.377787 0.259045 -0.327024 0.38293
0.288425 -0.323508 0.377613 0.260023 -0.326915 0.382757
0.289404 -0.3234 0.377439 0.261001 -0.326806 0.382584
0.290382 -0.323291 0.377265 0.26198 -0.326697 0.38241
0.291361 -0.323182 0.377091 0.262958 -0.326587 0.382237
0.29234 -0.323073 0.376917 0.263937 -0.326478 0.382064
0.293319 -0.322965 0.376743 0.264916 -0.326369 0.38189
0.294297 -0.322856 0.376569 0.265406 -0.326314 0.381803
0.295276 -0.322747 0.376395 0.266875 -0.32615 0.381543
0.296255 -0.322638 0.376221 0.267857 -0.326041 0.381369
0.297233 -0.32253 0.376047 0.268842 -0.325931 0.381195
0.298212 -0.322421 0.375873 0.26983 -0.325821 0.38102
0.299191 -0.322312 0.375699 0.270819 -0.325711 0.380845
0.30017 -0.322203 0.375525 0.27181 -0.325601 0.38067
0.301148 -0.322095 0.375351 0.2728 -0.325491 0.380494
0.302127 -0.321986 0.375177 0.27379 -0.325381 0.380319
0.303106 -0.321877 0.375003 0.274782 -0.32527 0.380144
0.304084 -0.321768 0.374829 0.275775 -0.32516 0.379968
0.305063 -0.32166 0.374655 0.276768 -0.32505 0.379792
0.306042 -0.321551 0.374481 0.277761 -0.324939 0.379616
0.307021 -0.321442 0.374307 0.278751 -0.324829 0.379441
0.307999 -0.321333 0.374133 0.27974 -0.324718 0.379266
0.308978 -0.321225 0.373959 0.280727 -0.324608 0.379091
0.309957 -0.321116 0.373785 0.281712 -0.324498 0.378916
0.310936 -0.321007 0.373611 0.282696 -0.324388 0.378742
0.311914 -0.320898 0.373437 0.283678 -0.324278 0.378568
0.312893 -0.32079 0.373263 0.284659 -0.324168 0.378394
0.313872 -0.320681 0.373089 0.285639 -0.324059 0.37822
0.31485 -0.320572 0.372915 0.286618 -0.323949 0.378046
0.315829 -0.320463 0.372741 0.287596 -0.323839 0.377872
0.316808 -0.320355 0.372567 0.288574 -0.32373 0.377699
0.317787 -0.320246 0.372393 0.289553 -0.32362 0.377525
0.318765 -0.320137 0.372219 0.290533 -0.32351 0.377352
0.319744 -0.320028 0.372046 0.291514 -0.323401 0.377178
0.320723 -0.31992 0.371872 0.292494 -0.323291 0.377004
0.321701 -0.319811 0.371698 0.293473 -0.323182 0.37683
0.32268 -0.319702 0.371524 0.294451 -0.323072 0.376657
0.323659 -0.319593 0.37135 0.295428 -0.322963 0.376484
0.324638 -0.319485 0.371176 0.296405 -0.322853 0.37631
0.325616 -0.319376 0.371002 0.297381 -0.322744 0.376137
0.326595 -0.319267 0.370828 0.298357 -0.322635 0.375964
0.327574 -0.319158 0.370654 0.298845 -0.32258 0.375877
0.328553 -0.31905 0.37048 0.300312 -0.322416 0.375617
0.329531 -0.318941 0.370306 0.301293 -0.322307 0.375443
0.33051 -0.318832 0.370132 0.302275 -0.322197 0.37527
0.331489 -0.318723 0.369958 0.303256 -0.322088 0.375096
0.332467 -0.318615 0.369784 0.304237 -0.321978 0.374922
0.333446 -0.318506 0.36961 0.305217 -0.321869 0.374748
0.334425 -0.318397 0.369436 0.306196 -0.321759 0.374574
0.335404 -0.318288 0.369262 0.307174 -0.32165 0.374401
0.336382 -0.31818 0.369088 0.308151 -0.321541 0.374228
0.337361 -0.318071 0.368914 0.309128 -0.321432 0.374054
0.33834 -0.317962 0.36874 0.310104 -0.321322 0.373881
0.339319 -0.317853 0.368566 0.31108 -0.321213 0.373708
0.340297 -0.317745 0.368392 0.312055 -0.321104 0.373535
0.341276 -0.317636 0.368218 0.31303 -0.320995 0.373362
0.342255 -0.317527 0.368044 0.314005 -0.320886 0.373189
0.343233 -0.317419 0.36787 0.314981 -0.320777 0.373016
0.344212 -0.31731 0.367696 0.31596 -0.320668 0.372843
0.345191 -0.317201 0.367522 0.316939 -0.320559 0.372669
0.34617 -0.317092 0.367348 0.317919 -0.320449 0.372496
0.347148 -0.316984 0.367174 0.318897 -0.32034 0.372322
0.348127 -0.316875 0.367 0.319875 -0.320231 0.372149
0.349106 -0.316766 0.366826 0.320363 -0.320176 0.372062
0.350084 -0.316657 0.366652 0.321829 -0.320013 0.371802
0.351063 -0.316549 0.366478 0.322805 -0.319904 0.371629
0.352042 -0.31644 0.366304 0.323782 -0.319795 0.371456
0.353021 -0.316331 0.36613 0.324759 -0.319686 0.371283
0.353999 -0.316222 0.365956 0.325739 -0.319576 0.371109
0.354978 -0.316114 0.365782 0.32672 -0.319467 0.370935
0.355957 -0.316005 0.365608 0.327703 -0.319357 0.370761
0.356936 -0.315896 0.365434 0.328196 -0.319303 0.370674
0.357914 -0.315787 0.36526 0.329674 -0.319138 0.370412
0.358893 -0.315679 0.365086 0.330661 -0.319028 0.370237
0.359872 -0.31557 0.364912 0.331648 -0.318919 0.370062
0.36085 -0.315461 0.364738 0.332634 -0.318809 0.369888
0.361829 -0.315352 0.364564 0.333621 -0.318699 0.369713
0.362808 -0.315244 0.36439 0.334608 -0.318589 0.369538
0.363787 -0.315135 0.364216 0.335596 -0.318479 0.369363
0.364765 -0.315026 0.364042 0.336585 -0.318369 0.369188
0.365744 -0.314917 0.363868 0.337574 -0.318259 0.369013
0.366723 -0.314809 0.363694 0.338564 -0.318149 0.368837
0.367701 -0.3147 0.36352 0.339552 -0.318039 0.368662
0.36868 -0.314591 0.363346 0.340538 -0.317929 0.368487
0.369659 -0.314482 0.363172 0.341523 -0.317819 0.368313
0.370638 -0.314374 0.362998 0.342508 -0.317709 0.368138
0.371616 -0.314265 0.362824 0.343493 -0.317599 0.367963
0.372595 -0.314156 0.36265 0.344479 -0.317489 0.367788
0.373574 -0.314047 0.362476 0.345466 -0.317379 0.367613
0.374553 -0.313939 0.362302 0.346453 -0.317269 0.367438
0.375531 -0.31383 0.362128 0.347442 -0.317159 0.367263
0.37651 -0.313721 0.361954 0.34843 -0.317048 0.367088
0.377489 -0.313612 0.36178 0.349417 -0.316938 0.366913
0.378467 -0.313504 0.361606 0.350404 -0.316828 0.366738
0.379446 -0.313395 0.361432 0.351391 -0.316718 0.366563
0.380425 -0.313286 0.361258 0.352378 -0.316608 0.366388
0.381404 -0.313177 0.361084 0.353366 -0.316498 0.366213
0.382382 -0.313069 0.36091 0.354354 -0.316388 0.366037
0.383361 -0.31296 0.360736 0.355341 -0.316278 0.365862
0.38434 -0.312851 0.360562 0.356327 -0.316168 0.365687
0.385319 -0.312742 0.360388 0.357311 -0.316058 0.365513
0.386297 -0.312634 0.360214 0.358292 -0.315948 0.365339
0.387276 -0.312525 0.36004 0.359271 -0.315838 0.365165
0.388255 -0.312416 0.359866 0.360248 -0.315729 0.364991
0.389233 -0.312307 0.359692 0.361225 -0.31562 0.364817
0.390212 -0.312199 0.359518 0.3622 -0.31551 0.364644
0.391191 -0.31209 0.359344 0.363173 -0.315401 0.364471
0.39217 -0.311981 0.35917 0.364146 -0.315292 0.364298
0.393148 -0.311872 0.358996 0.365118 -0.315184 0.364126
0.394127 -0.311764 0.358822 0.365603 -0.315129 0.364039
0.395106 -0.311655 0.358648 0.367544 -0.314912 0.363694
0.396084 -0.311546 0.358474 0.368028 -0.314858 0.363608
0.397063 -0.311437 0.3583 0.368513 -0.314803 0.363522
0.398042 -0.311329 0.358126 0.369481 -0.314695 0.36335
0.399021 -0.31122 0.357952 0.370447 -0.314587 0.363178
0.399999 -0.311111 0.357778 0.371412 -0.314478 0.363007
0.400978 -0.311002 0.357604 0.37238 -0.31437 0.362835
0.401957 -0.310894 0.35743 0.373352 -0.314262 0.362662
0.402936 -0.310785 0.357256 0.374328 -0.314153 0.362489
0.403914 -0.310676 0.357082 0.375308 -0.314044 0.362315
0.404893 -0.310567 0.356908 0.376292 -0.313934 0.362141
0.405872 -0.310459 0.356734 0.377277 -0.313825 0.361966
0.40685 -0.31035 0.35656 0.378266 -0.313715 0.361792
0.407829 -0.310241 0.356386 0.379256 -0.313605 0.361616
0.408808 -0.310132 0.356212 0.380248 -0.313495 0.361441
0.409787 -0.310024 0.356038 0.381242 -0.313385 0.361265
0.410765 -0.309915 0.355864 0.382236 -0.313275 0.361089
0.411744 -0.309806 0.35569 0.383232 -0.313164 0.360913
0.412723 -0.309697 0.355516 0.384229 -0.313054 0.360736
0.413701 -0.309589 0.355342 0.385227 -0.312943 0.36056
0.41468 -0.30948 0.355168 0.386225 -0.312832 0.360383
0.415659 -0.309371 0.354994 0.387223 -0.312721 0.360206
0.416638 -0.309262 0.35482 0.388222 -0.31261 0.360029
0.417616 -0.309154 0.354646 0.389221 -0.312499 0.359853
0.418595 -0.309045 0.354472 0.390219 -0.312388 0.359676
0.419574 -0.308936 0.354298 0.391218 -0.312277 0.359499
0.420553 -0.308827 0.354124 0.392216 -0.312166 0.359322
0.421531 -0.308719 0.35395 0.393215 -0.312055 0.359145
0.42251 -0.30861 0.353776 0.394213 -0.311944 0.358968
0.423489 -0.308501 0.353602 0.39521 -0.311833 0.358791
0.424467 -0.308393 0.353428 0.396208 -0.311722 0.358614
0.425446 -0.308284 0.353254 0.397205 -0.311611 0.358437
0.426425 -0.308175 0.35308 0.398201 -0.3115 0.358261
0.427404 -0.308066 0.352906 0.399197 -0.311389 0.358084
0.428382 -0.307958 0.352732 0.400192 -0.311278 0.357907
0.429361 -0.307849 0.352558 0.40069 -0.311223 0.357819
0.43034 -0.30774 0.352384 0.401187 -0.311167 0.357731
0.431319 -0.307631 0.35221 0.402678 -0.311001 0.357466
0.432297 -0.307523 0.352036 0.403671 -0.31089 0.35729
0.433276 -0.307414 0.351862 0.405651 -0.310669 0.356938
0.434255 -0.307305 0.351688 0.40663 -0.310559 0.356764
0.435233 -0.307196 0.351514 0.407603 -0.31045 0.35659
0.436212 -0.307088 0.35134 0.409057 -0.310287 0.356331
0.437191 -0.306979 0.351166 0.410023 -0.310178 0.356158
0.43817 -0.30687 0.350992 0.410987 -0.31007 0.355987
0.439148 -0.306761 0.350818 0.411945 -0.309962 0.355816
0.440127 -0.306653 0.350644 0.412899 -0.309854 0.355645
0.441106 -0.306544 0.35047 0.413852 -0.309747 0.355475
0.442084 -0.306435 0.350296 0.414805 -0.30964 0.355305
0.443063 -0.306326 0.350122 0.41576 -0.309533 0.355135
0.444042 -0.306218 0.349948 0.416715 -0.309425 0.354964
0.445021 -0.306109 0.349774 0.417671 -0.309318 0.354794
0.445999 -0.306 0.3496 0.418628 -0.309211 0.354624
0.446978 -0.305891 0.349426 0.419584 -0.309104 0.354453
0.447957 -0.305783 0.349252 0.420541 -0.308997 0.354283
0.448936 -0.305674 0.349078 0.421498 -0.30889 0.354113
0.449914 -0.305565 0.348904 0.422455 -0.308782 0.353943
0.450893 -0.305456 0.34873 0.423413 -0.308675 0.353772
0.451872 -0.305348 0.348556 0.424372 -0.308568 0.353602
0.45285 -0.305239 0.348382 0.424851 -0.308515 0.353517
0.453829 -0.30513 0.348208 0.42629 -0.308354 0.353261
0.454808 -0.305021 0.348034 0.427247 -0.308247 0.353091
0.455787 -0.304913 0.34786 0.428203 -0.308141 0.352921
0.456765 -0.304804 0.347686 0.429159 -0.308034 0.352751
0.457744 -0.304695 0.347512 0.430116 -0.307927 0.352581
0.458723 -0.304586 0.347338 0.431075 -0.30782 0.352411
0.459702 -0.304478 0.347164 0.432035 -0.307713 0.35224
0.46068 -0.304369 0.34699 0.432996 -0.307606 0.35207
0.461659 -0.30426 0.346816 0.433959 -0.307499 0.351899
0.462638 -0.304151 0.346642 0.43444 -0.307445 0.351813
0.463616 -0.304043 0.346468 0.435404 -0.307338 0.351642
0.464595 -0.303934 0.346294 0.436852 -0.307177 0.351386
0.465574 -0.303825 0.34612 0.437335 -0.307123 0.3513
0.466553 -0.303716 0.345946 0.438785 -0.306962 0.351043
0.467531 -0.303608 0.345772 0.439753 -0.306854 0.350871
0.46851 -0.303499 0.345598 0.440722 -0.306747 0.350699
0.469489 -0.30339 0.345424 0.441207 -0.306693 0.350613
0.470467 -0.303281 0.34525 0.442662 -0.306531 0.350355
0.471446 -0.303173 0.345076 0.444112 -0.30637 0.350098
0.472425 -0.303064 0.344902 0.445071 -0.306263 0.349928
0.473404 -0.302955 0.344728 0.446023 -0.306156 0.349758
0.474382 -0.302846 0.344554 0.44697 -0.30605 0.34959
0.475361 -0.302738 0.34438 0.447914 -0.305945 0.349421
0.47634 -0.302629 0.344206 0.448858 -0.305839 0.349253
0.477319 -0.30252 0.344032 0.449804 -0.305733 0.349085
0.478297 -0.302411 0.343858 0.450751 -0.305627 0.348916
0.479276 -0.302303 0.343684 0.451702 -0.305521 0.348747
0.480255 -0.302194 0.34351 0.452655 -0.305415 0.348578
0.481233 -0.302085 0.343336 0.453611 -0.305309 0.348408
0.482212 -0.301976 0.343162 0.45457 -0.305202 0.348238
0.483191 -0.301868 0.342988 0.455531 -0.305095 0.348068
0.48417 -0.301759 0.342814 0.456494 -0.304988 0.347897
0.485148 -0.30165 0.34264 0.45746 -0.304881 0.347726
0.486127 -0.301541 0.342466 0.458427 -0.304773 0.347554
0.487106 -0.301433 0.342292 0.459396 -0.304666 0.347383
0.488084 -0.301324 0.342118 0.460366 -0.304558 0.347211
0.489063 -0.301215 0.341944 0.461338 -0.304451 0.347039
0.490042 -0.301106 0.34177 0.462311 -0.304343 0.346866
0.491021 -0.300998 0.341596 0.463286 -0.304234 0.346694
0.491999 -0.300889 0.341422 0.464262 -0.304126 0.346521
0.492978 -0.30078 0.341248 0.465238 -0.304018 0.346348
0.493957 -0.300671 0.341074 0.466216 -0.303909 0.346175
0.494936 -0.300563 0.3409 0.467195 -0.303801 0.346001
0.495914 -0.300454 0.340726 0.468176 -0.303692 0.345828
0.496893 -0.300345 0.340552 0.468666 -0.303638 0.345741
0.497872 -0.300236 0.340378 0.470138 -0.303474 0.34548
0.49885 -0.300128 0.340204 0.47112 -0.303366 0.345306
0.499829 -0.300019 0.34003 0.472103 -0.303256 0.345132
0.500808 -0.29991 0.339856 0.473085 -0.303147 0.344958
0.499829 -0.300019 0.34003 0.474068 -0.303038 0.344784
0.500808 -0.29991 0.339856 0.475052 -0.302929 0.344609
0.499829 -0.300019 0.34003 0.476035 -0.30282 0.344435
0.500808 -0.29991 0.339856 0.476525 -0.302765 0.344348
0.499829 -0.300019 0.34003 0.477987 -0.302603 0.344088
0.500808 -0.29991 0.339856 0.478469 -0.302549 0.344002
0.499829 -0.300019 0.34003 0.479424 -0.302442 0.343832
0.500808 -0.29991 0.339856 0.480362 -0.302336 0.343664
0.499829 -0.300019 0.34003 0.481283 -0.302232 0.343499
0.500808 -0.29991 0.339856 0.482625 -0.302079 0.343256
0.499829 -0.300019 0.34003 0.483491 -0.30198 0.343099
0.500808 -0.29991 0.339856 0.483916 -0.301931 0.343022
0.499829 -0.300019 0.34003 0.484745 -0.301836 0.342871
0.500808 -0.29991 0.339856 0.485548 -0.301742 0.342724
0.499829 -0.300019 0.34003 0.486324 -0.301652 0.342582
0.500808 -0.29991 0.339856 0.487073 -0.301564 0.342443
0.499829 -0.300019 0.34003 0.487795 -0.301479 0.34231
0.500808 -0.29991 0.339856 0.488489 -0.301397 0.342181
0.499829 -0.300019 0.34003 0.489155 -0.301318 0.342057
0.500808 -0.29991 0.339856 0.490102 -0.301204 0.34188
0.499829 -0.300019 0.34003 0.490404 -0.301168 0.341823
0.500808 -0.29991 0.339856 0.490988 -0.301098 0.341713
0.499829 -0.300019 0.34003 0.491545 -0.301031 0.341608
0.500808 -0.29991 0.339856 0.492076 -0.300966 0.341508
0.499829 -0.300019 0.34003 0.492825 -0.300875 0.341366
0.500808 -0.29991 0.339856 0.493063 -0.300846 0.34132
0.499829 -0.300019 0.34003 0.49352 -0.30079 0.341234
0.500808 -0.29991 0.339856 0.494161 -0.300711 0.341111
0.499829 -0.300019 0.34003 0.494363 -0.300687 0.341073
0.500808 -0.29991 0.339856 0.494751 -0.300639 0.340998
0.499829 -0.300019 0.34003 0.495119 -0.300593 0.340928
0.500808 -0.29991 0.339856 0.495466 -0.300551 0.340861
0.499829 -0.300019 0.34003 0.495794 -0.30051 0.340798
0.500808 -0.29991 0.339856 0.496102 -0.300472 0.340739
0.499829 -0.300019 0.34003 0.496392 -0.300436 0.340683
0.500808 -0.29991 0.339856 0.496664 -0.300402 0.340631
0.499829 -0.300019 0.34003 0.49692 -0.300371 0.340582
0.500808 -0.29991 0.339856 0.497159 -0.300341 0.340536
0.499829 -0.300019 0.34003 0.497382 -0.300313 0.340493
0.500808 -0.29991 0.339856 0.497591 -0.300287 0.340452
0.499829 -0.300019 0.34003 0.497786 -0.300263 0.340415
0.500808 -0.29991 0.339856 0.497968 -0.30024 0.340379
0.499829 -0.300019 0.34003 0.498054 -0.300229 0.340363
0.500808 -0.29991 0.339856 0.498296 -0.300199 0.340316
0.499829 -0.300019 0.34003 0.498447 -0.30018 0.340287
0.500808 -0.29991 0.339856 0.49859 -0.300163 0.340259
0.499829 -0.300019 0.34003 0.498723 -0.300146 0.340234
0.500808 -0.29991 0.339856 0.498846 -0.300131 0.34021
0.499829 -0.300019 0.34003 0.498959 -0.300117 0.340188
0.500808 -0.29991 0.339856 0.499063 -0.300104 0.340168
