-0.399618 -0.399958 0.499932 -0.400598 -0.400063 0.500105
-0.398639 -0.399849 0.499758 -0.400598 -0.400063 0.500105
-0.39766 -0.39974 0.499584 -0.400598 -0.400063 0.500105
-0.396682 -0.399631 0.49941 -0.400597 -0.400063 0.500105
-0.395703 -0.399523 0.499236 -0.400592 -0.400063 0.500104
-0.394724 -0.399414 0.499062 -0.400581 -0.400061 0.500102
-0.393745 -0.399305 0.498888 -0.400559 -0.400059 0.500098
-0.392767 -0.399196 0.498714 -0.400523 -0.400055 0.500092
-0.391788 -0.399088 0.49854 -0.40047 -0.40005 0.500082
-0.390809 -0.398979 0.498366 -0.400397 -0.400042 0.50007
-0.389831 -0.39887 0.498192 -0.400304 -0.400032 0.500054
-0.388852 -0.398761 0.498018 -0.400189 -0.40002 0.500034
-0.387873 -0.398653 0.497844 -0.40005 -0.400006 0.50001
-0.386894 -0.398544 0.49767 -0.399886 -0.399989 0.499982
-0.385916 -0.398435 0.497496 -0.399794 -0.39998 0.499966
-0.384937 -0.398326 0.497322 -0.39948 -0.399948 0.499912
-0.383958 -0.398218 0.497148 -0.399238 -0.399923 0.49987
-0.382979 -0.398109 0.496974 -0.398967 -0.399896 0.499824
-0.382001 -0.398 0.4968 -0.398822 -0.399881 0.499799
-0.381022 -0.397891 0.496626 -0.398509 -0.39985 0.499746
-0.380043 -0.397783 0.496452 -0.398169 -0.399815 0.499688
-0.379065 -0.397674 0.496278 -0.397801 -0.399779 0.499626
-0.378086 -0.397565 0.496104 -0.397406 -0.399739 0.499558
-0.377107 -0.397456 0.49593 -0.396984 -0.399697 0.499487
-0.376128 -0.397348 0.495756 -0.396536 -0.399653 0.499411
-0.37515 -0.397239 0.495582 -0.396301 -0.399629 0.499371
-0.374171 -0.39713 0.495408 -0.395303 -0.39953 0.499202
-0.373192 -0.397021 0.495234 -0.395038 -0.399504 0.499157
-0.372213 -0.396913 0.49506 -0.394207 -0.399422 0.499016
-0.371235 -0.396804 0.494886 -0.393624 -0.399364 0.498917
-0.370256 -0.396695 0.494712 -0.39302 -0.399304 0.498814
-0.369277 -0.396586 0.494538 -0.392396 -0.399241 0.498708
-0.368299 -0.396478 0.494364 -0.391752 -0.399177 0.498599
-0.36732 -0.396369 0.49419 -0.39109 -0.399111 0.498486
-0.366341 -0.39626 0.494016 -0.390409 -0.399043 0.49837
-0.365362 -0.396151 0.493842 -0.389711 -0.398972 0.498251
-0.364384 -0.396043 0.493668 -0.388996 -0.3989 0.498129
-0.363405 -0.395934 0.493494 -0.388265 -0.398826 0.498004
-0.362426 -0.395825 0.49332 -0.387518 -0.398751 0.497877
-0.361448 -0.395716 0.493146 -0.38714 -0.398712 0.497812
-0.360469 -0.395608 0.492972 -0.385982 -0.398595 0.497613
-0.35949 -0.395499 0.492798 -0.385194 -0.398514 0.497478
-0.358511 -0.39539 0.492624 -0.384393 -0.398432 0.49734
-0.357533 -0.395281 0.49245 -0.38358 -0.398349 0.4972
-0.356554 -0.395173 0.492276 -0.382756 -0.398264 0.497058
-0.355575 -0.395064 0.492102 -0.381921 -0.398177 0.496914
-0.354596 -0.394955 0.491928 -0.381075 -0.39809 0.496768
-0.353618 -0.394846 0.491754 -0.38022 -0.398001 0.49662
-0.352639 -0.394738 0.49158 -0.379356 -0.397911 0.49647
-0.35166 -0.394629 0.491406 -0.378484 -0.397819 0.496319
-0.350682 -0.39452 0.491232 -0.377603 -0.397727 0.496166
-0.349703 -0.394411 0.491058 -0.37716 -0.39768 0.496089
-0.348724 -0.394303 0.490884 -0.375819 -0.397539 0.495856
-0.347745 -0.394194 0.49071 -0.374917 -0.397443 0.495698
-0.346767 -0.394085 0.490536 -0.374009 -0.397347 0.49554
-0.345788 -0.393976 0.490362 -0.373095 -0.39725 0.49538
-0.344809 -0.393868 0.490188 -0.372175 -0.397152 0.495219
-0.343831 -0.393759 0.490014 -0.37125 -0.397053 0.495057
-0.342852 -0.39365 0.48984 -0.370321 -0.396953 0.494894
-0.341873 -0.393541 0.489666 -0.369387 -0.396853 0.49473
-0.340894 -0.393433 0.489492 -0.368449 -0.396752 0.494566
-0.339916 -0.393324 0.489318 -0.367507 -0.39665 0.4944
-0.338937 -0.393215 0.489144 -0.366562 -0.396548 0.494234
-0.337958 -0.393106 0.48897 -0.365614 -0.396445 0.494067
-0.336979 -0.392998 0.488796 -0.364664 -0.396341 0.493899
-0.336001 -0.392889 0.488622 -0.36371 -0.396238 0.493731
-0.335022 -0.39278 0.488448 -0.362753 -0.396133 0.493562
-0.334043 -0.392671 0.488274 -0.361794 -0.396028 0.493392
-0.333065 -0.392563 0.4881 -0.360833 -0.395923 0.493222
-0.332086 -0.392454 0.487926 -0.35987 -0.395818 0.493051
-0.331107 -0.392345 0.487752 -0.358904 -0.395712 0.49288
-0.330128 -0.392236 0.487578 -0.357937 -0.395605 0.492709
-0.32915 -0.392128 0.487404 -0.356968 -0.395499 0.492537
-0.328171 -0.392019 0.48723 -0.355997 -0.395392 0.492365
-0.327192 -0.39191 0.487056 -0.355026 -0.395285 0.492193
-0.326213 -0.391801 0.486882 -0.354053 -0.395177 0.49202
-0.325235 -0.391693 0.486708 -0.353079 -0.39507 0.491847
-0.324256 -0.391584 0.486534 -0.352103 -0.394962 0.491673
-0.323277 -0.391475 0.48636 -0.351127 -0.394854 0.4915
-0.322299 -0.391367 0.486186 -0.35015 -0.394745 0.491326
-0.32132 -0.391258 0.486012 -0.349173 -0.394637 0.491152
-0.320341 -0.391149 0.485838 -0.348194 -0.394528 0.490978
-0.319362 -0.39104 0.485664 -0.347216 -0.39442 0.490804
-0.318384 -0.390932 0.48549 -0.346236 -0.394311 0.490629
-0.317405 -0.390823 0.485316 -0.345256 -0.394202 0.490455
-0.316426 -0.390714 0.485142 -0.344276 -0.394093 0.49028
-0.315448 -0.390605 0.484968 -0.343296 -0.393984 0.490105
-0.314469 -0.390497 0.484794 -0.342315 -0.393875 0.489931
-0.31349 -0.390388 0.48462 -0.341334 -0.393766 0.489756
-0.312511 -0.390279 0.484446 -0.340352 -0.393656 0.489581
-0.311533 -0.39017 0.484272 -0.33937 -0.393547 0.489406
-0.310554 -0.390062 0.484098 -0.338389 -0.393437 0.489231
-0.309575 -0.389953 0.483924 -0.337407 -0.393328 0.489055
-0.308596 -0.389844 0.48375 -0.336425 -0.393219 0.48888
-0.307618 -0.389735 0.483576 -0.335934 -0.393164 0.488793
-0.306639 -0.389627 0.483402 -0.334461 -0.393 0.48853
-0.30566 -0.389518 0.483228 -0.333479 -0.39289 0.488355
-0.304682 -0.389409 0.483054 -0.332497 -0.39278 0.48818
-0.303703 -0.3893 0.482881 -0.332006 -0.392726 0.488092
-0.302724 -0.389192 0.482707 -0.330533 -0.392561 0.487829
-0.301745 -0.389083 0.482533 -0.329551 -0.392452 0.487654
-0.300767 -0.388974 0.482359 -0.328569 -0.392342 0.487479
-0.299788 -0.388865 0.482185 -0.327587 -0.392233 0.487304
-0.298809 -0.388757 0.482011 -0.326605 -0.392123 0.487128
-0.29783 -0.388648 0.481837 -0.326114 -0.392069 0.487041
-0.296852 -0.388539 0.481663 -0.324642 -0.391904 0.486778
-0.295873 -0.38843 0.481489 -0.32366 -0.391795 0.486603
-0.294894 -0.388322 0.481315 -0.322679 -0.391685 0.486428
-0.293916 -0.388213 0.481141 -0.321697 -0.391576 0.486253
-0.292937 -0.388104 0.480967 -0.320716 -0.391467 0.486078
-0.291958 -0.387995 0.480793 -0.319735 -0.391357 0.485903
-0.290979 -0.387887 0.480619 -0.318753 -0.391248 0.485728
-0.290001 -0.387778 0.480445 -0.317772 -0.391138 0.485553
-0.289022 -0.387669 0.480271 -0.316791 -0.391029 0.485378
-0.288043 -0.38756 0.480097 -0.31581 -0.39092 0.485203
-0.287065 -0.387452 0.479923 -0.314829 -0.39081 0.485028
-0.286086 -0.387343 0.479749 -0.313849 -0.390701 0.484853
-0.285107 -0.387234 0.479575 -0.312868 -0.390592 0.484678
-0.284128 -0.387125 0.479401 -0.311887 -0.390483 0.484503
-0.28315 -0.387017 0.479227 -0.310907 -0.390374 0.484328
-0.282171 -0.386908 0.479053 -0.309926 -0.390264 0.484154
-0.281192 -0.386799 0.478879 -0.308946 -0.390155 0.483979
-0.280213 -0.38669 0.478705 -0.307475 -0.389991 0.483717
-0.279235 -0.386582 0.478531 -0.306985 -0.389937 0.483629
-0.278256 -0.386473 0.478357 -0.306005 -0.389828 0.483455
-0.277277 -0.386364 0.478183 -0.305025 -0.389719 0.48328
-0.276299 -0.386255 0.478009 -0.304045 -0.38961 0.483105
-0.27532 -0.386147 0.477835 -0.303066 -0.389501 0.482931
-0.274341 -0.386038 0.477661 -0.301597 -0.389337 0.482669
-0.273362 -0.385929 0.477487 -0.301108 -0.389283 0.482582
-0.272384 -0.38582 0.477313 -0.29964 -0.389119 0.48232
-0.271405 -0.385712 0.477139 -0.299151 -0.389065 0.482233
-0.270426 -0.385603 0.476965 -0.298172 -0.388956 0.482058
-0.269448 -0.385494 0.476791 -0.297194 -0.388847 0.481884
-0.268469 -0.385385 0.476617 -0.295727 -0.388684 0.481623
-0.26749 -0.385277 0.476443 -0.295238 -0.38863 0.481535
-0.266511 -0.385168 0.476269 -0.293772 -0.388467 0.481274
-0.265533 -0.385059 0.476095 -0.293283 -0.388412 0.481187
-0.264554 -0.38495 0.475921 -0.291817 -0.388249 0.480926
-0.263575 -0.384842 0.475747 -0.29084 -0.388141 0.480752
-0.262596 -0.384733 0.475573 -0.289863 -0.388032 0.480578
-0.261618 -0.384624 0.475399 -0.288887 -0.387923 0.480404
-0.260639 -0.384515 0.475225 -0.288399 -0.387869 0.480317
-0.25966 -0.384407 0.475051 -0.286935 -0.387706 0.480056
-0.258682 -0.384298 0.474877 -0.285959 -0.387598 0.479882
-0.257703 -0.384189 0.474703 -0.284985 -0.387489 0.479708
-0.256724 -0.38408 0.474529 -0.284011 -0.387381 0.479535
-0.255745 -0.383972 0.474355 -0.283039 -0.387273 0.479361
-0.254767 -0.383863 0.474181 -0.282066 -0.387165 0.479188
-0.253788 -0.383754 0.474007 -0.281094 -0.387056 0.479015
-0.252809 -0.383645 0.473833 -0.280608 -0.387002 0.478928
-0.25183 -0.383537 0.473659 -0.280122 -0.386948 0.478841
-0.250852 -0.383428 0.473485 -0.279636 -0.386894 0.478755
-0.249873 -0.383319 0.473311 -0.278663 -0.386786 0.478581
-0.248894 -0.38321 0.473137 -0.27769 -0.386678 0.478408
-0.247916 -0.383102 0.472963 -0.276229 -0.386515 0.478148
-0.246937 -0.382993 0.472789 -0.27574 -0.386461 0.478061
-0.245958 -0.382884 0.472615 -0.274269 -0.386298 0.477799
-0.244979 -0.382775 0.472441 -0.273776 -0.386244 0.477711
-0.244001 -0.382667 0.472267 -0.272787 -0.386135 0.477536
-0.243022 -0.382558 0.472093 -0.271298 -0.385971 0.477271
-0.242043 -0.382449 0.471919 -0.2708 -0.385916 0.477183
-0.241065 -0.382341 0.471745 -0.269802 -0.385807 0.477006
-0.240086 -0.382232 0.471571 -0.268803 -0.385697 0.476828
-0.239107 -0.382123 0.471397 -0.2673 -0.385532 0.476561
-0.238128 -0.382014 0.471223 -0.266799 -0.385477 0.476472
-0.23715 -0.381906 0.471049 -0.265292 -0.385311 0.476205
-0.236171 -0.381797 0.470875 -0.264287 -0.385201 0.476027
-0.235192 -0.381688 0.470701 -0.263281 -0.38509 0.475848
-0.234213 -0.381579 0.470527 -0.262275 -0.384979 0.475669
-0.233235 -0.381471 0.470353 -0.261269 -0.384868 0.47549
-0.232256 -0.381362 0.470179 -0.260766 -0.384813 0.475401
-0.231277 -0.381253 0.470005 -0.259258 -0.384647 0.475133
-0.230299 -0.381144 0.469831 -0.258755 -0.384591 0.475044
-0.22932 -0.381036 0.469657 -0.257248 -0.384424 0.474775
-0.228341 -0.380927 0.469483 -0.256243 -0.384313 0.474597
-0.227362 -0.380818 0.469309 -0.255741 -0.384258 0.474507
-0.226384 -0.380709 0.469135 -0.254738 -0.384147 0.474329
-0.225405 -0.380601 0.468961 -0.253736 -0.384036 0.474151
-0.224426 -0.380492 0.468787 -0.252734 -0.383925 0.473972
-0.223448 -0.380383 0.468613 -0.251733 -0.383814 0.473794
-0.222469 -0.380274 0.468439 -0.250732 -0.383703 0.473616
-0.22149 -0.380166 0.468265 -0.249231 -0.383536 0.473348
-0.220511 -0.380057 0.468091 -0.248232 -0.383425 0.47317
-0.219533 -0.379948 0.467917 -0.247233 -0.383314 0.472992
-0.218554 -0.379839 0.467743 -0.246234 -0.383203 0.472814
-0.217575 -0.379731 0.467569 -0.245736 -0.383148 0.472725
-0.216596 -0.379622 0.467395 -0.244738 -0.383037 0.472548
-0.215618 -0.379513 0.467221 -0.243742 -0.382926 0.47237
-0.214639 -0.379404 0.467047 -0.242746 -0.382815 0.472192
-0.21366 -0.379296 0.466873 -0.241751 -0.382704 0.472015
-0.212682 -0.379187 0.466699 -0.240757 -0.382593 0.471838
-0.211703 -0.379078 0.466525 -0.239764 -0.382483 0.47166
-0.210724 -0.378969 0.466351 -0.238771 -0.382372 0.471483
-0.209745 -0.378861 0.466177 -0.237779 -0.382262 0.471306
-0.208767 -0.378752 0.466003 -0.236787 -0.382151 0.47113
-0.207788 -0.378643 0.465829 -0.235795 -0.382041 0.470953
-0.206809 -0.378534 0.465655 -0.235795 -0.382041 0.470953
-0.20583 -0.378426 0.465481 -0.232826 -0.38171 0.470423
-0.204852 -0.378317 0.465307 -0.231843 -0.3816 0.470247
-0.203873 -0.378208 0.465133 -0.231353 -0.381545 0.47016
-0.202894 -0.378099 0.464959 -0.229886 -0.381381 0.469898
-0.201916 -0.377991 0.464785 -0.229399 -0.381326 0.469811
-0.200937 -0.377882 0.464611 -0.228426 -0.381217 0.469637
-0.199958 -0.377773 0.464437 -0.226971 -0.381054 0.469377
-0.198979 -0.377664 0.464263 -0.226005 -0.380945 0.469204
-0.198001 -0.377556 0.464089 -0.22504 -0.380837 0.469031
-0.197022 -0.377447 0.463915 -0.224076 -0.380729 0.468859
-0.196043 -0.377338 0.463741 -0.223595 -0.380675 0.468773
-0.195065 -0.377229 0.463567 -0.222153 -0.380513 0.468515
-0.194086 -0.377121 0.463393 -0.221193 -0.380405 0.468344
-0.193107 -0.377012 0.463219 -0.220234 -0.380298 0.468172
-0.192128 -0.376903 0.463045 -0.219754 -0.380244 0.468086
-0.19115 -0.376794 0.462871 -0.218316 -0.380083 0.46783
-0.190171 -0.376686 0.462697 -0.217358 -0.379976 0.467658
-0.189192 -0.376577 0.462523 -0.2164 -0.379869 0.467487
-0.188213 -0.376468 0.462349 -0.215442 -0.379762 0.467316
-0.187235 -0.376359 0.462175 -0.214484 -0.379655 0.467145
-0.186256 -0.376251 0.462001 -0.213526 -0.379548 0.466974
-0.185277 -0.376142 0.461827 -0.212567 -0.379441 0.466803
-0.184299 -0.376033 0.461653 -0.212088 -0.379388 0.466718
-0.18332 -0.375924 0.461479 -0.210649 -0.379227 0.466461
-0.182341 -0.375816 0.461305 -0.209689 -0.379121 0.46629
-0.181362 -0.375707 0.461131 -0.208729 -0.379014 0.466118
-0.180384 -0.375598 0.460957 -0.207768 -0.378907 0.465947
-0.179405 -0.375489 0.460783 -0.206807 -0.3788 0.465776
-0.178426 -0.375381 0.460609 -0.205845 -0.378693 0.465604
-0.177448 -0.375272 0.460435 -0.204882 -0.378587 0.465433
-0.176469 -0.375163 0.460261 -0.2044 -0.378533 0.465347
-0.17549 -0.375054 0.460087 -0.202955 -0.378373 0.465089
-0.174511 -0.374946 0.459913 -0.201991 -0.378266 0.464917
-0.173533 -0.374837 0.459739 -0.201026 -0.378159 0.464746
-0.172554 -0.374728 0.459565 -0.20006 -0.378052 0.464574
-0.171575 -0.374619 0.459391 -0.199094 -0.377945 0.464401
-0.170596 -0.374511 0.459217 -0.198127 -0.377838 0.464229
-0.169618 -0.374402 0.459043 -0.19716 -0.377731 0.464057
-0.168639 -0.374293 0.458869 -0.196192 -0.377624 0.463885
-0.16766 -0.374184 0.458695 -0.195224 -0.377517 0.463712
-0.166682 -0.374076 0.458521 -0.194256 -0.37741 0.46354
-0.165703 -0.373967 0.458347 -0.193289 -0.377302 0.463367
-0.164724 -0.373858 0.458173 -0.192321 -0.377195 0.463195
-0.163745 -0.373749 0.457999 -0.191352 -0.377088 0.463022
-0.162767 -0.373641 0.457825 -0.190383 -0.376981 0.46285
-0.161788 -0.373532 0.457651 -0.189413 -0.376874 0.462677
-0.160809 -0.373423 0.457477 -0.188442 -0.376766 0.462504
-0.15983 -0.373314 0.457303 -0.187471 -0.376659 0.462331
-0.158852 -0.373206 0.457129 -0.1865 -0.376551 0.462158
-0.157873 -0.373097 0.456955 -0.185528 -0.376444 0.461985
-0.156894 -0.372988 0.456781 -0.184555 -0.376336 0.461812
-0.155916 -0.37288 0.456607 -0.183583 -0.376229 0.461638
-0.154937 -0.372771 0.456433 -0.182612 -0.376121 0.461465
-0.153958 -0.372662 0.456259 -0.181641 -0.376013 0.461292
-0.152979 -0.372553 0.456085 -0.18067 -0.375906 0.461119
-0.152001 -0.372445 0.455911 -0.179698 -0.375798 0.460946
-0.151022 -0.372336 0.455737 -0.178726 -0.375691 0.460773
-0.150043 -0.372227 0.455563 -0.177753 -0.375583 0.4606
-0.149065 -0.372118 0.455389 -0.176779 -0.375475 0.460426
-0.148086 -0.37201 0.455215 -0.175805 -0.375367 0.460253
-0.147107 -0.371901 0.455041 -0.17483 -0.375259 0.460079
-0.146128 -0.371792 0.454867 -0.173855 -0.375151 0.459905
-0.14515 -0.371683 0.454693 -0.172879 -0.375043 0.459731
-0.144171 -0.371575 0.454519 -0.171904 -0.374935 0.459558
-0.143192 -0.371466 0.454345 -0.17093 -0.374827 0.459384
-0.142213 -0.371357 0.454171 -0.169957 -0.374719 0.459211
-0.141235 -0.371248 0.453997 -0.168984 -0.374611 0.459037
-0.140256 -0.37114 0.453823 -0.16801 -0.374503 0.458864
-0.139277 -0.371031 0.453649 -0.167035 -0.374395 0.45869
-0.138299 -0.370922 0.453475 -0.16606 -0.374287 0.458516
-0.13732 -0.370813 0.453301 -0.165084 -0.374179 0.458342
-0.136341 -0.370705 0.453127 -0.164107 -0.374071 0.458168
-0.135362 -0.370596 0.452953 -0.16313 -0.373963 0.457994
-0.134384 -0.370487 0.452779 -0.162153 -0.373854 0.45782
-0.133405 -0.370378 0.452605 -0.161664 -0.3738 0.457733
-0.132426 -0.37027 0.452431 -0.161175 -0.373746 0.457646
-0.131447 -0.370161 0.452257 -0.159218 -0.373529 0.457297
-0.130469 -0.370052 0.452083 -0.158239 -0.373421 0.457122
-0.12949 -0.369943 0.451909 -0.15726 -0.373312 0.456948
-0.128511 -0.369835 0.451735 -0.15677 -0.373258 0.456861
-0.127533 -0.369726 0.451561 -0.155299 -0.373095 0.456599
-0.126554 -0.369617 0.451387 -0.154319 -0.372987 0.456424
-0.125575 -0.369508 0.451213 -0.153339 -0.372878 0.456249
-0.124596 -0.3694 0.451039 -0.152359 -0.37277 0.456074
-0.123618 -0.369291 0.450865 -0.151378 -0.372661 0.4559
-0.122639 -0.369182 0.450691 -0.150398 -0.372552 0.455725
-0.12166 -0.369073 0.450517 -0.149418 -0.372444 0.45555
-0.120682 -0.368965 0.450343 -0.148438 -0.372335 0.455375
-0.119703 -0.368856 0.450169 -0.147457 -0.372226 0.455201
-0.118724 -0.368747 0.449995 -0.146477 -0.372117 0.455026
-0.117745 -0.368638 0.449821 -0.145497 -0.372009 0.454851
-0.116767 -0.36853 0.449647 -0.144517 -0.3719 0.454676
-0.115788 -0.368421 0.449473 -0.143537 -0.371791 0.454502
-0.114809 -0.368312 0.449299 -0.142557 -0.371682 0.454327
-0.11383 -0.368203 0.449125 -0.141577 -0.371574 0.454152
-0.112852 -0.368095 0.448951 -0.140597 -0.371465 0.453977
-0.111873 -0.367986 0.448777 -0.139617 -0.371356 0.453802
-0.110894 -0.367877 0.448603 -0.138637 -0.371247 0.453628
-0.109916 -0.367768 0.448429 -0.137658 -0.371139 0.453453
-0.108937 -0.36766 0.448255 -0.136678 -0.37103 0.453278
-0.107958 -0.367551 0.448081 -0.135698 -0.370921 0.453104
-0.106979 -0.367442 0.447907 -0.134719 -0.370812 0.452929
-0.106001 -0.367333 0.447733 -0.133739 -0.370704 0.452754
-0.105022 -0.367225 0.447559 -0.13276 -0.370595 0.452579
-0.104043 -0.367116 0.447385 -0.13178 -0.370486 0.452405
-0.103065 -0.367007 0.447211 -0.130801 -0.370378 0.45223
-0.102086 -0.366898 0.447037 -0.129822 -0.370269 0.452055
-0.101107 -0.36679 0.446863 -0.128843 -0.37016 0.451881
-0.100128 -0.366681 0.446689 -0.127863 -0.370052 0.451706
-0.0991496 -0.366572 0.446515 -0.126884 -0.369943 0.451531
-0.0981709 -0.366463 0.446341 -0.125905 -0.369834 0.451357
-0.0971922 -0.366355 0.446167 -0.124926 -0.369726 0.451182
-0.0962135 -0.366246 0.445994 -0.123947 -0.369617 0.451007
-0.0952347 -0.366137 0.44582 -0.122968 -0.369508 0.450833
-0.094256 -0.366028 0.445646 -0.12199 -0.369399 0.450658
-0.0932773 -0.36592 0.445472 -0.121011 -0.369291 0.450484
-0.0922986 -0.365811 0.445298 -0.120032 -0.369182 0.450309
-0.0913198 -0.365702 0.445124 -0.119053 -0.369074 0.450134
-0.0903411 -0.365593 0.44495 -0.118074 -0.368965 0.44996
-0.0893624 -0.365485 0.444776 -0.117096 -0.368856 0.449785
-0.0883837 -0.365376 0.444602 -0.116117 -0.368748 0.449611
-0.0874049 -0.365267 0.444428 -0.115139 -0.368639 0.449436
-0.0864262 -0.365158 0.444254 -0.11416 -0.36853 0.449261
-0.0854475 -0.36505 0.44408 -0.113182 -0.368422 0.449087
-0.0844688 -0.364941 0.443906 -0.112204 -0.368313 0.448912
-0.08349 -0.364832 0.443732 -0.111226 -0.368204 0.448738
-0.0825113 -0.364723 0.443558 -0.110248 -0.368096 0.448563
-0.0815326 -0.364615 0.443384 -0.10927 -0.367987 0.448389
-0.0805539 -0.364506 0.44321 -0.108782 -0.367933 0.448302
-0.0795752 -0.364397 0.443036 -0.108782 -0.367933 0.448302
-0.0785964 -0.364288 0.442862 -0.106337 -0.367662 0.447866
-0.0776177 -0.36418 0.442688 -0.105359 -0.367553 0.447691
-0.076639 -0.364071 0.442514 -0.10438 -0.367444 0.447517
-0.0756603 -0.363962 0.44234 -0.103399 -0.367336 0.447342
-0.0746815 -0.363854 0.442166 -0.10242 -0.367227 0.447167
-0.0737028 -0.363745 0.441992 -0.101441 -0.367118 0.446992
-0.0727241 -0.363636 0.441818 -0.0999731 -0.366955 0.44673
-0.0717454 -0.363527 0.441644 -0.0989948 -0.366847 0.446556
-0.0707666 -0.363419 0.44147 -0.0980167 -0.366738 0.446381
-0.0697879 -0.36331 0.441296 -0.097039 -0.36663 0.446207
-0.0688092 -0.363201 0.441122 -0.0960621 -0.366521 0.446033
-0.0678305 -0.363092 0.440948 -0.0950859 -0.366413 0.445859
-0.0668517 -0.362984 0.440774 -0.0941105 -0.366304 0.445685
-0.065873 -0.362875 0.4406 -0.0931357 -0.366196 0.445511
-0.0648943 -0.362766 0.440426 -0.0926485 -0.366142 0.445424
-0.0639156 -0.362657 0.440252 -0.09119 -0.365979 0.445163
-0.0629369 -0.362549 0.440078 -0.0902216 -0.365871 0.444991
-0.0619581 -0.36244 0.439904 -0.0892546 -0.365764 0.444818
-0.0609794 -0.362331 0.43973 -0.0882868 -0.365656 0.444645
-0.0600007 -0.362222 0.439556 -0.0873184 -0.365548 0.444472
-0.059022 -0.362114 0.439382 -0.0868339 -0.365494 0.444386
-0.0580432 -0.362005 0.439208 -0.0853797 -0.365332 0.444126
-0.0570645 -0.361896 0.439034 -0.0844093 -0.365224 0.443953
-0.0560858 -0.361787 0.43886 -0.0834384 -0.365116 0.44378
-0.0551071 -0.361679 0.438686 -0.0824671 -0.365008 0.443607
-0.0541283 -0.36157 0.438512 -0.0814952 -0.364901 0.443433
-0.0531496 -0.361461 0.438338 -0.0805227 -0.364793 0.44326
-0.0521709 -0.361352 0.438164 -0.0795499 -0.364685 0.443086
-0.0511922 -0.361244 0.43799 -0.0785768 -0.364577 0.442913
-0.0502134 -0.361135 0.437816 -0.0776036 -0.364469 0.442739
-0.0492347 -0.361026 0.437642 -0.0766301 -0.364361 0.442565
-0.048256 -0.360917 0.437468 -0.0756566 -0.364253 0.442392
-0.0472773 -0.360809 0.437294 -0.0746835 -0.364145 0.442218
-0.0462986 -0.3607 0.43712 -0.0737108 -0.364037 0.442045
-0.0453198 -0.360591 0.436946 -0.0727385 -0.363929 0.441871
-0.0443411 -0.360482 0.436772 -0.0717665 -0.363821 0.441698
-0.0433624 -0.360374 0.436598 -0.0707943 -0.363714 0.441525
-0.0423837 -0.360265 0.436424 -0.0698221 -0.363606 0.441351
-0.0414049 -0.360156 0.43625 -0.0688499 -0.363498 0.441178
-0.0404262 -0.360047 0.436076 -0.0678773 -0.36339 0.441004
-0.0394475 -0.359939 0.435902 -0.0669041 -0.363282 0.440831
-0.0384688 -0.35983 0.435728 -0.0659306 -0.363174 0.440657
-0.03749 -0.359721 0.435554 -0.064957 -0.363066 0.440483
-0.0365113 -0.359612 0.43538 -0.0639833 -0.362958 0.44031
-0.0355326 -0.359504 0.435206 -0.0634964 -0.362904 0.440223
-0.0345539 -0.359395 0.435032 -0.062035 -0.362742 0.439962
-0.0335751 -0.359286 0.434858 -0.0610601 -0.362634 0.439789
-0.0325964 -0.359177 0.434684 -0.0600856 -0.362526 0.439615
-0.0316177 -0.359069 0.43451 -0.0595986 -0.362472 0.439528
-0.030639 -0.35896 0.434336 -0.0581405 -0.36231 0.439268
-0.0296603 -0.358851 0.434162 -0.0576558 -0.362257 0.439181
-0.0286815 -0.358742 0.433988 -0.0562048 -0.362095 0.438923
-0.0277028 -0.358634 0.433814 -0.0552393 -0.361988 0.43875
-0.0267241 -0.358525 0.43364 -0.0542754 -0.36188 0.438578
-0.0257454 -0.358416 0.433466 -0.0533131 -0.361773 0.438407
-0.0247666 -0.358307 0.433292 -0.0523522 -0.361666 0.438235
-0.0237879 -0.358199 0.433118 -0.0513926 -0.361558 0.438064
-0.0228092 -0.35809 0.432944 -0.050434 -0.361451 0.437893
-0.0218305 -0.357981 0.43277 -0.0494761 -0.361345 0.437722
-0.0208517 -0.357872 0.432596 -0.0485186 -0.361238 0.437551
-0.019873 -0.357764 0.432422 -0.0475613 -0.361131 0.43738
-0.0188943 -0.357655 0.432248 -0.0466041 -0.361024 0.43721
-0.0179156 -0.357546 0.432074 -0.0456471 -0.360918 0.437039
-0.0169368 -0.357437 0.4319 -0.0446902 -0.360811 0.436868
-0.0159581 -0.357329 0.431726 -0.0437332 -0.360704 0.436698
-0.0149794 -0.35722 0.431552 -0.0427761 -0.360598 0.436527
-0.0140007 -0.357111 0.431378 -0.0418187 -0.360491 0.436356
-0.013022 -0.357002 0.431204 -0.0418187 -0.360491 0.436356
-0.0120432 -0.356894 0.43103 -0.0384588 -0.360118 0.435757
-0.0110645 -0.356785 0.430856 -0.037504 -0.360012 0.435587
-0.0100858 -0.356676 0.430682 -0.0365527 -0.359906 0.435417
-0.00910706 -0.356567 0.430508 -0.0356045 -0.3598 0.435248
-0.00812834 -0.356459 0.430334 -0.034659 -0.359694 0.435079
-0.00714961 -0.35635 0.43016 -0.0337156 -0.359589 0.434911
-0.00617089 -0.356241 0.429986 -0.032774 -0.359483 0.434743
-0.00519217 -0.356132 0.429812 -0.0318337 -0.359378 0.434575
-0.00421344 -0.356024 0.429638 -0.0308944 -0.359273 0.434408
-0.00323472 -0.355915 0.429464 -0.0299559 -0.359168 0.43424
-0.00225599 -0.355806 0.42929 -0.0290176 -0.359063 0.434073
-0.00127727 -0.355697 0.429116 -0.0280795 -0.358958 0.433906
-0.000298548 -0.355589 0.428942 -0.0276104 -0.358906 0.433822
0.000680176 -0.35548 0.428768 -0.0266722 -0.358801 0.433655
0.0016589 -0.355371 0.428594 -0.0252643 -0.358644 0.433404
0.00263762 -0.355262 0.42842 -0.0243251 -0.35854 0.433236
0.00361635 -0.355154 0.428246 -0.0233854 -0.358435 0.433069
0.00459507 -0.355045 0.428072 -0.0224448 -0.35833 0.432901
0.00557379 -0.354936 0.427898 -0.0215033 -0.358226 0.432733
0.00655252 -0.354827 0.427724 -0.0205607 -0.358121 0.432565
0.00753124 -0.354719 0.42755 -0.0196169 -0.358016 0.432397
0.00850996 -0.35461 0.427376 -0.0186721 -0.357912 0.432229
0.00948869 -0.354501 0.427202 -0.0177261 -0.357807 0.43206
0.0104674 -0.354393 0.427028 -0.0167792 -0.357702 0.431892
0.0114461 -0.354284 0.426854 -0.0158311 -0.357597 0.431723
0.0124249 -0.354175 0.42668 -0.0148821 -0.357492 0.431554
0.0134036 -0.354066 0.426506 -0.0139321 -0.357387 0.431384
0.0143823 -0.353958 0.426332 -0.012981 -0.357282 0.431215
0.015361 -0.353849 0.426158 -0.0120288 -0.357177 0.431045
0.0163398 -0.35374 0.425984 -0.0110756 -0.357072 0.430875
0.0173185 -0.353631 0.42581 -0.0101213 -0.356967 0.430705
0.0182972 -0.353523 0.425636 -0.00916596 -0.356861 0.430535
0.0192759 -0.353414 0.425462 -0.00820963 -0.356756 0.430365
0.0202546 -0.353305 0.425288 -0.00725229 -0.35665 0.430194
0.0212334 -0.353196 0.425114 -0.00629397 -0.356544 0.430024
0.0222121 -0.353088 0.42494 -0.00533465 -0.356439 0.429853
0.0231908 -0.352979 0.424766 -0.00437424 -0.356333 0.429682
0.0241695 -0.35287 0.424592 -0.00341282 -0.356227 0.429511
0.0251483 -0.352761 0.424418 -0.00245052 -0.356121 0.429339
0.026127 -0.352653 0.424244 -0.00148741 -0.356015 0.429168
0.0271057 -0.352544 0.42407 -0.000523478 -0.355908 0.428996
0.0280844 -0.352435 0.423896 0.000440906 -0.355802 0.428824
0.0290632 -0.352326 0.423722 0.00140508 -0.355696 0.428653
0.0300419 -0.352218 0.423548 0.00236911 -0.355589 0.428481
0.0310206 -0.352109 0.423374 0.00333375 -0.355483 0.428309
0.0319993 -0.352 0.4232 0.00429931 -0.355376 0.428137
0.0329781 -0.351891 0.423026 0.00526572 -0.35527 0.427965
0.0339568 -0.351783 0.422852 0.00574924 -0.355216 0.427879
0.0349355 -0.351674 0.422678 0.007201 -0.355056 0.42762
0.0359142 -0.351565 0.422504 0.0076853 -0.355003 0.427534
0.0368929 -0.351456 0.42233 0.00913926 -0.354842 0.427275
0.0378717 -0.351348 0.422156 0.00962393 -0.354789 0.427189
0.0388504 -0.351239 0.421982 0.0105918 -0.354682 0.427017
0.0398291 -0.35113 0.421808 0.0120354 -0.354521 0.42676
0.0408078 -0.351021 0.421634 0.0129885 -0.354415 0.42659
0.0417866 -0.350913 0.42146 0.0139337 -0.354309 0.426421
0.0427653 -0.350804 0.421286 0.014873 -0.354203 0.426254
0.043744 -0.350695 0.421112 0.0158103 -0.354098 0.426087
0.0447227 -0.350586 0.420938 0.0167505 -0.353993 0.42592
0.0457015 -0.350478 0.420764 0.0176958 -0.353887 0.425752
0.0466802 -0.350369 0.42059 0.0186457 -0.353781 0.425582
0.0476589 -0.35026 0.420416 0.0196002 -0.353675 0.425412
0.0486376 -0.350151 0.420242 0.0205597 -0.353569 0.425242
0.0496164 -0.350043 0.420068 0.0215237 -0.353463 0.42507
0.0505951 -0.349934 0.419894 0.022491 -0.353356 0.424898
0.0515738 -0.349825 0.41972 0.0234607 -0.35325 0.424725
0.0525525 -0.349716 0.419546 0.0244327 -0.353143 0.424552
0.0535312 -0.349608 0.419372 0.0254067 -0.353036 0.424379
0.05451 -0.349499 0.419198 0.0263826 -0.352929 0.424205
0.0554887 -0.34939 0.419024 0.0273603 -0.352821 0.424031
0.0564674 -0.349281 0.41885 0.0283394 -0.352714 0.423857
0.0574461 -0.349173 0.418676 0.0293197 -0.352606 0.423683
0.0584249 -0.349064 0.418502 0.030301 -0.352498 0.423508
0.0594036 -0.348955 0.418328 0.030792 -0.352444 0.423421
0.0603823 -0.348846 0.418154 0.0322662 -0.352282 0.423158
0.061361 -0.348738 0.41798 0.0332498 -0.352174 0.422983
0.0623398 -0.348629 0.417806 0.0342341 -0.352066 0.422808
0.0633185 -0.34852 0.417632 0.0352187 -0.351957 0.422633
0.0642972 -0.348411 0.417458 0.0362038 -0.351849 0.422458
0.0652759 -0.348303 0.417284 0.0371892 -0.35174 0.422282
0.0662547 -0.348194 0.41711 0.0381748 -0.351631 0.422107
0.0672334 -0.348085 0.416936 0.0391605 -0.351522 0.421932
0.0682121 -0.347976 0.416762 0.0401464 -0.351414 0.421756
0.0691908 -0.347868 0.416588 0.0411323 -0.351305 0.421581
0.0701695 -0.347759 0.416414 0.0421183 -0.351196 0.421405
0.0711483 -0.34765 0.41624 0.0431042 -0.351087 0.42123
0.072127 -0.347541 0.416066 0.0440901 -0.350977 0.421055
0.0731057 -0.347433 0.415892 0.0450759 -0.350868 0.420879
0.0740844 -0.347324 0.415718 0.0460616 -0.350759 0.420704
0.0750632 -0.347215 0.415544 0.0470471 -0.35065 0.420529
0.0760419 -0.347106 0.41537 0.0480325 -0.350541 0.420353
0.0770206 -0.346998 0.415196 0.0490177 -0.350431 0.420178
0.0779993 -0.346889 0.415022 0.0500028 -0.350322 0.420003
0.0789781 -0.34678 0.414848 0.0509876 -0.350213 0.419828
0.0799568 -0.346671 0.414674 0.051972 -0.350104 0.419653
0.0809355 -0.346563 0.4145 0.0529561 -0.349994 0.419478
0.0819142 -0.346454 0.414326 0.0539399 -0.349885 0.419303
0.082893 -0.346345 0.414152 0.0549236 -0.349776 0.419128
0.0838717 -0.346236 0.413978 0.0559071 -0.349666 0.418953
0.0848504 -0.346128 0.413804 0.0568892 -0.349557 0.418778
0.0858291 -0.346019 0.41363 0.0578679 -0.349448 0.418604
0.0868078 -0.34591 0.413456 0.0588435 -0.349339 0.418431
0.0877866 -0.345801 0.413282 0.0598186 -0.34923 0.418258
0.0887653 -0.345693 0.413108 0.0607944 -0.349121 0.418084
0.089744 -0.345584 0.412934 0.0617709 -0.349012 0.417911
0.0907227 -0.345475 0.41276 0.062748 -0.348904 0.417737
0.0917015 -0.345367 0.412586 0.0637258 -0.348795 0.417563
0.0926802 -0.345258 0.412412 0.064704 -0.348686 0.417389
0.0936589 -0.345149 0.412238 0.0656827 -0.348577 0.417215
0.0946376 -0.34504 0.412064 0.0666619 -0.348468 0.417041
0.0956164 -0.344932 0.41189 0.0676413 -0.348359 0.416867
0.0965951 -0.344823 0.411716 0.0686211 -0.34825 0.416693
0.0975738 -0.344714 0.411542 0.0696011 -0.348141 0.416519
0.0985525 -0.344605 0.411368 0.0705814 -0.348032 0.416345
0.0995313 -0.344497 0.411194 0.0715618 -0.347923 0.41617
0.10051 -0.344388 0.41102 0.0725424 -0.347814 0.415996
0.101489 -0.344279 0.410846 0.0735231 -0.347705 0.415822
0.102467 -0.34417 0.410672 0.0745039 -0.347596 0.415648
0.103446 -0.344062 0.410498 0.0754848 -0.347487 0.415473
0.104425 -0.343953 0.410324 0.0764657 -0.347378 0.415299
0.105404 -0.343844 0.41015 0.0774467 -0.347269 0.415125
0.106382 -0.343735 0.409976 0.0784265 -0.34716 0.414951
0.107361 -0.343627 0.409802 0.0798901 -0.346997 0.414691
0.10834 -0.343518 0.409628 0.0808633 -0.346888 0.414518
0.109318 -0.343409 0.409454 0.0813502 -0.346834 0.414431
0.110297 -0.3433 0.40928 0.0823245 -0.346726 0.414258
0.111276 -0.343192 0.409107 0.0832995 -0.346617 0.414085
0.112255 -0.343083 0.408933 0.0842752 -0.346508 0.413912
0.113233 -0.342974 0.408759 0.0852515 -0.3464 0.413738
0.114212 -0.342865 0.408585 0.0862284 -0.346291 0.413565
0.115191 -0.342757 0.408411 0.087694 -0.346128 0.413305
0.11617 -0.342648 0.408237 0.0886713 -0.346019 0.413131
0.117148 -0.342539 0.408063 0.0896489 -0.34591 0.412957
0.118127 -0.34243 0.407889 0.0906267 -0.345802 0.412784
0.119106 -0.342322 0.407715 0.0911156 -0.345747 0.412697
0.120084 -0.342213 0.407541 0.0920933 -0.345639 0.412523
0.121063 -0.342104 0.407367 0.093071 -0.34553 0.41235
0.122042 -0.341995 0.407193 0.0940475 -0.345421 0.412176
0.123021 -0.341887 0.407019 0.0950212 -0.345313 0.412003
0.123999 -0.341778 0.406845 0.0959924 -0.345204 0.411831
0.124978 -0.341669 0.406671 0.0969638 -0.345096 0.411659
0.125957 -0.34156 0.406497 0.0979352 -0.344988 0.411486
0.126936 -0.341452 0.406323 0.0989046 -0.344879 0.411314
0.127914 -0.341343 0.406149 0.0998721 -0.344771 0.411142
0.128893 -0.341234 0.405975 0.101325 -0.344609 0.410884
0.129872 -0.341125 0.405801 0.102295 -0.344501 0.410712
0.13085 -0.341017 0.405627 0.10278 -0.344447 0.410626
0.131829 -0.340908 0.405453 0.103752 -0.344339 0.410453
0.132808 -0.340799 0.405279 0.104725 -0.34423 0.410281
0.133787 -0.34069 0.405105 0.105698 -0.344122 0.410108
0.134765 -0.340582 0.404931 0.106186 -0.344068 0.410022
0.135744 -0.340473 0.404757 0.106673 -0.344014 0.409935
0.136723 -0.340364 0.404583 0.108625 -0.343797 0.409589
0.137701 -0.340255 0.404409 0.109602 -0.343688 0.409415
0.13868 -0.340147 0.404235 0.11058 -0.34358 0.409242
0.139659 -0.340038 0.404061 0.112048 -0.343417 0.408981
0.140638 -0.339929 0.403887 0.113027 -0.343308 0.408807
0.141616 -0.33982 0.403713 0.114007 -0.3432 0.408634
0.142595 -0.339712 0.403539 0.114496 -0.343145 0.408547
0.143574 -0.339603 0.403365 0.115966 -0.342982 0.408286
0.144553 -0.339494 0.403191 0.116946 -0.342874 0.408112
0.145531 -0.339385 0.403017 0.117436 -0.342819 0.408025
0.14651 -0.339277 0.402843 0.118416 -0.34271 0.407852
0.147489 -0.339168 0.402669 0.119885 -0.342547 0.407591
0.148467 -0.339059 0.402495 0.120865 -0.342438 0.407417
0.149446 -0.33895 0.402321 0.121355 -0.342384 0.40733
0.150425 -0.338842 0.402147 0.122335 -0.342275 0.407156
0.151404 -0.338733 0.401973 0.123314 -0.342166 0.406983
0.152382 -0.338624 0.401799 0.124294 -0.342057 0.406809
0.153361 -0.338515 0.401625 0.125275 -0.341948 0.406635
0.15434 -0.338407 0.401451 0.126745 -0.341784 0.406374
0.155318 -0.338298 0.401277 0.127725 -0.341675 0.4062
0.156297 -0.338189 0.401103 0.128705 -0.341566 0.406026
0.157276 -0.33808 0.400929 0.129686 -0.341457 0.405853
0.158255 -0.337972 0.400755 0.130176 -0.341403 0.405766
0.159233 -0.337863 0.400581 0.131646 -0.341239 0.405505
0.160212 -0.337754 0.400407 0.132626 -0.34113 0.405331
0.161191 -0.337645 0.400233 0.133606 -0.341021 0.405157
0.16217 -0.337537 0.400059 0.134095 -0.340967 0.40507
0.163148 -0.337428 0.399885 0.135565 -0.340803 0.40481
0.164127 -0.337319 0.399711 0.136054 -0.340748 0.404723
0.165106 -0.33721 0.399537 0.137523 -0.340585 0.404463
0.166084 -0.337102 0.399363 0.138503 -0.340476 0.404289
0.167063 -0.336993 0.399189 0.139482 -0.340366 0.404115
0.168042 -0.336884 0.399015 0.139972 -0.340312 0.404028
0.169021 -0.336775 0.398841 0.140952 -0.340203 0.403855
0.169999 -0.336667 0.398667 0.141931 -0.340094 0.403681
0.170978 -0.336558 0.398493 0.14291 -0.339985 0.403508
0.171957 -0.336449 0.398319 0.144379 -0.339821 0.403247
0.172936 -0.33634 0.398145 0.144869 -0.339766 0.40316
0.173914 -0.336232 0.397971 0.145848 -0.339657 0.402987
0.174893 -0.336123 0.397797 0.146828 -0.339548 0.402813
0.175872 -0.336014 0.397623 0.147808 -0.339439 0.402639
0.17685 -0.335906 0.397449 0.148789 -0.33933 0.402465
0.177829 -0.335797 0.397275 0.14977 -0.33922 0.402291
0.178808 -0.335688 0.397101 0.150751 -0.339111 0.402118
0.179787 -0.335579 0.396927 0.151732 -0.339002 0.401944
0.180765 -0.335471 0.396753 0.153203 -0.338838 0.401683
0.181744 -0.335362 0.396579 0.153693 -0.338783 0.401596
0.182723 -0.335253 0.396405 0.154674 -0.338674 0.401422
0.183701 -0.335144 0.396231 0.155654 -0.338565 0.401248
0.18468 -0.335036 0.396057 0.156634 -0.338455 0.401075
0.185659 -0.334927 0.395883 0.157614 -0.338346 0.400901
0.186638 -0.334818 0.395709 0.158594 -0.338237 0.400727
0.187616 -0.334709 0.395535 0.159574 -0.338128 0.400554
0.188595 -0.334601 0.395361 0.160554 -0.338018 0.40038
0.189574 -0.334492 0.395187 0.161534 -0.337909 0.400206
0.190553 -0.334383 0.395013 0.162514 -0.3378 0.400033
0.191531 -0.334274 0.394839 0.163494 -0.33769 0.399859
0.19251 -0.334166 0.394665 0.164474 -0.337581 0.399685
0.193489 -0.334057 0.394491 0.165454 -0.337472 0.399512
0.194467 -0.333948 0.394317 0.166435 -0.337363 0.399338
0.195446 -0.333839 0.394143 0.167415 -0.337253 0.399164
0.196425 -0.333731 0.393969 0.168396 -0.337144 0.39899
0.197404 -0.333622 0.393795 0.169377 -0.337034 0.398816
0.198382 -0.333513 0.393621 0.170358 -0.336925 0.398643
0.199361 -0.333404 0.393447 0.17134 -0.336816 0.398469
0.20034 -0.333296 0.393273 0.172321 -0.336706 0.398295
0.201318 -0.333187 0.393099 0.173302 -0.336597 0.398121
0.202297 -0.333078 0.392925 0.174284 -0.336487 0.397947
0.203276 -0.332969 0.392751 0.175265 -0.336378 0.397773
0.204255 -0.332861 0.392577 0.176247 -0.336269 0.397599
0.205233 -0.332752 0.392403 0.177229 -0.336159 0.397425
0.206212 -0.332643 0.392229 0.178211 -0.33605 0.397251
0.207191 -0.332534 0.392055 0.179192 -0.33594 0.397077
0.20817 -0.332426 0.391881 0.180174 -0.335831 0.396903
0.209148 -0.332317 0.391707 0.181156 -0.335721 0.396729
0.210127 -0.332208 0.391533 0.181647 -0.335666 0.396642
0.211106 -0.332099 0.391359 0.183119 -0.335502 0.396382
0.212084 -0.331991 0.391185 0.184101 -0.335393 0.396208
0.213063 -0.331882 0.391011 0.185082 -0.335283 0.396034
0.214042 -0.331773 0.390837 0.186064 -0.335174 0.39586
0.215021 -0.331664 0.390663 0.187045 -0.335064 0.395686
0.215999 -0.331556 0.390489 0.188026 -0.334955 0.395512
0.216978 -0.331447 0.390315 0.188517 -0.3349 0.395425
0.217957 -0.331338 0.390141 0.189989 -0.334736 0.395164
0.218936 -0.331229 0.389967 0.19097 -0.334626 0.394991
0.219914 -0.331121 0.389793 0.191951 -0.334517 0.394817
0.220893 -0.331012 0.389619 0.192932 -0.334407 0.394643
0.221872 -0.330903 0.389445 0.193913 -0.334298 0.394469
0.22285 -0.330794 0.389271 0.194894 -0.334188 0.394295
0.223829 -0.330686 0.389097 0.195874 -0.334079 0.394122
0.224808 -0.330577 0.388923 0.196855 -0.333969 0.393948
0.225787 -0.330468 0.388749 0.197345 -0.333914 0.393861
0.226765 -0.330359 0.388575 0.198816 -0.33375 0.393601
0.227744 -0.330251 0.388401 0.199796 -0.333641 0.393427
0.228723 -0.330142 0.388227 0.200776 -0.333531 0.393253
0.229701 -0.330033 0.388053 0.201757 -0.333422 0.39308
0.23068 -0.329924 0.387879 0.202737 -0.333312 0.392906
0.231659 -0.329816 0.387705 0.203717 -0.333203 0.392732
0.232638 -0.329707 0.387531 0.204696 -0.333093 0.392559
0.233616 -0.329598 0.387357 0.205674 -0.332984 0.392385
0.234595 -0.329489 0.387183 0.206653 -0.332875 0.392212
0.235574 -0.329381 0.387009 0.207632 -0.332765 0.392039
0.236553 -0.329272 0.386835 0.20861 -0.332656 0.391865
0.237531 -0.329163 0.386661 0.209589 -0.332547 0.391692
0.23851 -0.329054 0.386487 0.210568 -0.332437 0.391518
0.239489 -0.328946 0.386313 0.211547 -0.332328 0.391345
0.240467 -0.328837 0.386139 0.212526 -0.332219 0.391172
0.241446 -0.328728 0.385965 0.213016 -0.332164 0.391085
0.242425 -0.328619 0.385791 0.214484 -0.332 0.390825
0.243404 -0.328511 0.385617 0.215463 -0.331891 0.390651
0.244382 -0.328402 0.385443 0.216443 -0.331781 0.390478
0.245361 -0.328293 0.385269 0.217422 -0.331672 0.390304
0.24634 -0.328184 0.385095 0.218401 -0.331563 0.390131
0.247319 -0.328076 0.384921 0.21938 -0.331453 0.389957
0.248297 -0.327967 0.384747 0.220359 -0.331344 0.389784
0.249276 -0.327858 0.384573 0.221339 -0.331235 0.38961
0.250255 -0.327749 0.384399 0.222318 -0.331125 0.389437
0.251233 -0.327641 0.384225 0.223297 -0.331016 0.389264
0.252212 -0.327532 0.384051 0.224276 -0.330907 0.38909
0.253191 -0.327423 0.383877 0.225256 -0.330797 0.388917
0.25417 -0.327314 0.383703 0.226235 -0.330688 0.388743
0.255148 -0.327206 0.383529 0.227214 -0.330579 0.38857
0.256127 -0.327097 0.383355 0.228193 -0.330469 0.388396
0.257106 -0.326988 0.383181 0.229172 -0.33036 0.388223
0.258084 -0.32688 0.383007 0.230152 -0.330251 0.388049
0.259063 -0.326771 0.382833 0.231131 -0.330141 0.387876
0.260042 -0.326662 0.382659 0.23211 -0.330032 0.387702
0.261021 -0.326553 0.382485 0.233089 -0.329923 0.387529
0.261999 -0.326445 0.382311 0.234068 -0.329813 0.387355
0.262978 -0.326336 0.382137 0.235047 -0.329704 0.387182
0.263957 -0.326227 0.381963 0.236026 -0.329595 0.387009
0.264936 -0.326118 0.381789 0.237005 -0.329485 0.386835
0.265914 -0.32601 0.381615 0.237984 -0.329376 0.386662
0.266893 -0.325901 0.381441 0.238964 -0.329266 0.386488
0.267872 -0.325792 0.381267 0.239943 -0.329157 0.386315
0.26885 -0.325683 0.381093 0.240922 -0.329048 0.386141
0.269829 -0.325575 0.380919 0.241902 -0.328938 0.385968
0.270808 -0.325466 0.380745 0.242881 -0.328829 0.385794
0.271787 -0.325357 0.380571 0.243861 -0.32872 0.385621
0.272765 -0.325248 0.380397 0.24484 -0.32861 0.385447
0.273744 -0.32514 0.380223 0.24582 -0.328501 0.385274
0.274723 -0.325031 0.380049 0.2468 -0.328392 0.3851
0.275701 -0.324922 0.379875 0.24778 -0.328282 0.384926
0.27668 -0.324813 0.379701 0.24876 -0.328173 0.384753
0.277659 -0.324705 0.379527 0.24974 -0.328063 0.384579
0.278638 -0.324596 0.379353 0.25072 -0.327954 0.384406
0.279616 -0.324487 0.379179 0.2517 -0.327845 0.384232
0.280595 -0.324378 0.379005 0.252679 -0.327735 0.384058
0.281574 -0.32427 0.378831 0.253659 -0.327626 0.383885
0.282553 -0.324161 0.378657 0.254638 -0.327516 0.383711
0.283531 -0.324052 0.378483 0.255618 -0.327407 0.383538
0.28451 -0.323943 0.378309 0.256598 -0.327298 0.383364
0.285489 -0.323835 0.378135 0.257088 -0.327243 0.383277
0.286467 -0.323726 0.377961 0.258557 -0.327079 0.383017
0.287446 -0.323617 0.377787 0.259537 -0.326969 0.382843
0.288425 -0.323508 0.377613 0.260516 -0.32686 0.38267
0.289404 -0.3234 0.377439 0.261496 -0.326751 0.382496
0.290382 -0.323291 0.377265 0.262475 -0.326641 0.382323
0.291361 -0.323182 0.377091 0.263454 -0.326532 0.382149
0.29234 -0.323073 0.376917 0.264433 -0.326423 0.381976
0.293319 -0.322965 0.376743 0.265412 -0.326313 0.381802
0.294297 -0.322856 0.376569 0.26639 -0.326204 0.381629
0.295276 -0.322747 0.376395 0.267369 -0.326095 0.381456
0.296255 -0.322638 0.376221 0.268348 -0.325985 0.381282
0.297233 -0.32253 0.376047 0.269326 -0.325876 0.381109
0.298212 -0.322421 0.375873 0.270305 -0.325767 0.380935
0.299191 -0.322312 0.375699 0.271283 -0.325657 0.380762
0.30017 -0.322203 0.375525 0.272262 -0.325548 0.380589
0.301148 -0.322095 0.375351 0.272751 -0.325493 0.380502
0.302127 -0.321986 0.375177 0.274218 -0.325329 0.380242
0.303106 -0.321877 0.375003 0.275197 -0.32522 0.380068
0.304084 -0.321768 0.374829 0.276175 -0.325111 0.379895
0.305063 -0.32166 0.374655 0.277154 -0.325002 0.379722
0.306042 -0.321551 0.374481 0.278132 -0.324892 0.379548
0.307021 -0.321442 0.374307 0.27911 -0.324783 0.379375
0.307999 -0.321333 0.374133 0.280089 -0.324674 0.379201
0.308978 -0.321225 0.373959 0.281067 -0.324564 0.379028
0.309957 -0.321116 0.373785 0.282045 -0.324455 0.378855
0.310936 -0.321007 0.373611 0.283024 -0.324346 0.378681
0.311914 -0.320898 0.373437 0.284002 -0.324237 0.378508
0.312893 -0.32079 0.373263 0.28498 -0.324127 0.378335
0.313872 -0.320681 0.373089 0.285959 -0.324018 0.378161
0.31485 -0.320572 0.372915 0.286937 -0.323909 0.377988
0.315829 -0.320463 0.372741 0.287916 -0.3238 0.377814
0.316808 -0.320355 0.372567 0.288894 -0.32369 0.377641
0.317787 -0.320246 0.372393 0.289383 -0.323636 0.377554
0.318765 -0.320137 0.372219 0.290851 -0.323472 0.377294
0.319744 -0.320028 0.372046 0.291829 -0.323363 0.377121
0.320723 -0.31992 0.371872 0.292808 -0.323253 0.376947
0.321701 -0.319811 0.371698 0.293786 -0.323144 0.376774
0.32268 -0.319702 0.371524 0.294765 -0.323035 0.3766
0.323659 -0.319593 0.37135 0.295743 -0.322926 0.376427
0.324638 -0.319485 0.371176 0.296722 -0.322816 0.376254
0.325616 -0.319376 0.371002 0.2977 -0.322707 0.37608
0.326595 -0.319267 0.370828 0.298679 -0.322598 0.375907
0.327574 -0.319158 0.370654 0.299657 -0.322489 0.375733
0.328553 -0.31905 0.37048 0.300636 -0.322379 0.37556
0.329531 -0.318941 0.370306 0.301614 -0.32227 0.375386
0.33051 -0.318832 0.370132 0.302593 -0.322161 0.375213
0.331489 -0.318723 0.369958 0.304061 -0.321997 0.374953
0.332467 -0.318615 0.369784 0.305039 -0.321888 0.374779
0.333446 -0.318506 0.36961 0.306015 -0.321779 0.374606
0.334425 -0.318397 0.369436 0.306502 -0.321724 0.37452
0.335404 -0.318288 0.369262 0.307958 -0.321561 0.374261
0.336382 -0.31818 0.369088 0.308929 -0.321452 0.374089
0.337361 -0.318071 0.368914 0.309415 -0.321398 0.374003
0.33834 -0.317962 0.36874 0.310385 -0.321289 0.373831
0.339319 -0.317853 0.368566 0.311842 -0.321126 0.373572
0.340297 -0.317745 0.368392 0.312813 -0.321018 0.3734
0.341276 -0.317636 0.368218 0.313785 -0.320909 0.373228
0.342255 -0.317527 0.368044 0.314756 -0.320801 0.373055
0.343233 -0.317419 0.36787 0.315727 -0.320692 0.372883
0.344212 -0.31731 0.367696 0.316212 -0.320638 0.372797
0.345191 -0.317201 0.367522 0.317671 -0.320475 0.372538
0.34617 -0.317092 0.367348 0.318157 -0.320421 0.372452
0.347148 -0.316984 0.367174 0.319617 -0.320258 0.372193
0.348127 -0.316875 0.367 0.320104 -0.320203 0.372107
0.349106 -0.316766 0.366826 0.321077 -0.320095 0.371934
0.350084 -0.316657 0.366652 0.322052 -0.319986 0.371762
0.351063 -0.316549 0.366478 0.323027 -0.319877 0.371589
0.352042 -0.31644 0.366304 0.324002 -0.319768 0.371416
0.353021 -0.316331 0.36613 0.324979 -0.319659 0.371243
0.353999 -0.316222 0.365956 0.326445 -0.319496 0.370983
0.354978 -0.316114 0.365782 0.326934 -0.319442 0.370896
0.355957 -0.316005 0.365608 0.327912 -0.319333 0.370723
0.356936 -0.315896 0.365434 0.328891 -0.319223 0.37055
0.357914 -0.315787 0.36526 0.329871 -0.319114 0.370376
0.358893 -0.315679 0.365086 0.330851 -0.319005 0.370202
0.359872 -0.31557 0.364912 0.331831 -0.318896 0.370029
0.36085 -0.315461 0.364738 0.332321 -0.318841 0.369942
0.361829 -0.315352 0.364564 0.333792 -0.318678 0.369681
0.362808 -0.315244 0.36439 0.334773 -0.318568 0.369507
0.363787 -0.315135 0.364216 0.335754 -0.318459 0.369333
0.364765 -0.315026 0.364042 0.336736 -0.31835 0.36916
0.365744 -0.314917 0.363868 0.337717 -0.31824 0.368986
0.366723 -0.314809 0.363694 0.338699 -0.318131 0.368812
0.367701 -0.3147 0.36352 0.339681 -0.318021 0.368637
0.36868 -0.314591 0.363346 0.340663 -0.317912 0.368463
0.369659 -0.314482 0.363172 0.341646 -0.317802 0.368289
0.370638 -0.314374 0.362998 0.342628 -0.317693 0.368115
0.371616 -0.314265 0.362824 0.343611 -0.317583 0.367941
0.372595 -0.314156 0.36265 0.344593 -0.317474 0.367767
0.373574 -0.314047 0.362476 0.345575 -0.317364 0.367593
0.374553 -0.313939 0.362302 0.346558 -0.317255 0.367418
0.375531 -0.31383 0.362128 0.34754 -0.317145 0.367244
0.37651 -0.313721 0.361954 0.348523 -0.317036 0.36707
0.377489 -0.313612 0.36178 0.349505 -0.316926 0.366896
0.378467 -0.313504 0.361606 0.350487 -0.316817 0.366722
0.379446 -0.313395 0.361432 0.351469 -0.316707 0.366547
0.380425 -0.313286 0.361258 0.352451 -0.316598 0.366373
0.381404 -0.313177 0.361084 0.353433 -0.316488 0.366199
0.382382 -0.313069 0.36091 0.354415 -0.316378 0.366025
0.383361 -0.31296 0.360736 0.354906 -0.316324 0.365938
0.38434 -0.312851 0.360562 0.356379 -0.316159 0.365677
0.385319 -0.312742 0.360388 0.357361 -0.31605 0.365502
0.386297 -0.312634 0.360214 0.358344 -0.31594 0.365328
0.387276 -0.312525 0.36004 0.359327 -0.315831 0.365154
0.388255 -0.312416 0.359866 0.36031 -0.315721 0.364979
0.389233 -0.312307 0.359692 0.361292 -0.315611 0.364805
0.390212 -0.312199 0.359518 0.362274 -0.315502 0.364631
0.391191 -0.31209 0.359344 0.363256 -0.315392 0.364457
0.39217 -0.311981 0.35917 0.364238 -0.315283 0.364282
0.393148 -0.311872 0.358996 0.365219 -0.315173 0.364108
0.394127 -0.311764 0.358822 0.3662 -0.315064 0.363934
0.395106 -0.311655 0.358648 0.367181 -0.314954 0.36376
0.396084 -0.311546 0.358474 0.368162 -0.314845 0.363586
0.397063 -0.311437 0.3583 0.369143 -0.314735 0.363412
0.398042 -0.311329 0.358126 0.370124 -0.314626 0.363238
0.399021 -0.31122 0.357952 0.371104 -0.314516 0.363064
0.399999 -0.311111 0.357778 0.372084 -0.314407 0.36289
0.400978 -0.311002 0.357604 0.373065 -0.314297 0.362716
0.401957 -0.310894 0.35743 0.374045 -0.314188 0.362542
0.402936 -0.310785 0.357256 0.375025 -0.314079 0.362368
0.403914 -0.310676 0.357082 0.376005 -0.313969 0.362194
0.404893 -0.310567 0.356908 0.376984 -0.31386 0.36202
0.405872 -0.310459 0.356734 0.377964 -0.313751 0.361846
0.40685 -0.31035 0.35656 0.378944 -0.313641 0.361672
0.407829 -0.310241 0.356386 0.379923 -0.313532 0.361499
0.408808 -0.310132 0.356212 0.380903 -0.313423 0.361325
0.409787 -0.310024 0.356038 0.381882 -0.313313 0.361151
0.410765 -0.309915 0.355864 0.382861 -0.313204 0.360977
0.411744 -0.309806 0.35569 0.383841 -0.313095 0.360803
0.412723 -0.309697 0.355516 0.38482 -0.312986 0.360629
0.413701 -0.309589 0.355342 0.385799 -0.312876 0.360456
0.41468 -0.30948 0.355168 0.386289 -0.312822 0.360369
0.415659 -0.309371 0.354994 0.387268 -0.312712 0.360195
0.416638 -0.309262 0.35482 0.388247 -0.312603 0.360021
0.417616 -0.309154 0.354646 0.389227 -0.312494 0.359847
0.418595 -0.309045 0.354472 0.390207 -0.312385 0.359673
0.419574 -0.308936 0.354298 0.391187 -0.312275 0.3595
0.420553 -0.308827 0.354124 0.392166 -0.312166 0.359326
0.421531 -0.308719 0.35395 0.393146 -0.312057 0.359152
0.42251 -0.30861 0.353776 0.393636 -0.312002 0.359065
0.423489 -0.308501 0.353602 0.395105 -0.311838 0.358804
0.424467 -0.308393 0.353428 0.396084 -0.311729 0.35863
0.425446 -0.308284 0.353254 0.397063 -0.31162 0.358456
0.426425 -0.308175 0.35308 0.398043 -0.311511 0.358283
0.427404 -0.308066 0.352906 0.399022 -0.311402 0.358109
0.428382 -0.307958 0.352732 0.399511 -0.311347 0.358022
0.429361 -0.307849 0.352558 0.40098 -0.311183 0.357761
0.43034 -0.30774 0.352384 0.401959 -0.311074 0.357587
0.431319 -0.307631 0.35221 0.402938 -0.310965 0.357414
0.432297 -0.307523 0.352036 0.403917 -0.310856 0.35724
0.433276 -0.307414 0.351862 0.404897 -0.310746 0.357066
0.434255 -0.307305 0.351688 0.405876 -0.310637 0.356892
0.435233 -0.307196 0.351514 0.406856 -0.310528 0.356718
0.436212 -0.307088 0.35134 0.407345 -0.310473 0.356631
0.437191 -0.306979 0.351166 0.408815 -0.31031 0.35637
0.43817 -0.30687 0.350992 0.409796 -0.3102 0.356196
0.439148 -0.306761 0.350818 0.41078 -0.310091 0.356022
0.440127 -0.306653 0.350644 0.411766 -0.309981 0.355847
0.441106 -0.306544 0.35047 0.412755 -0.309871 0.355672
0.442084 -0.306435 0.350296 0.413745 -0.309761 0.355496
0.443063 -0.306326 0.350122 0.414736 -0.309651 0.355321
0.444042 -0.306218 0.349948 0.415729 -0.309541 0.355145
0.445021 -0.306109 0.349774 0.416722 -0.309431 0.354969
0.445999 -0.306 0.3496 0.417715 -0.30932 0.354793
0.446978 -0.305891 0.349426 0.418708 -0.30921 0.354617
0.447957 -0.305783 0.349252 0.4197 -0.3091 0.354441
0.448936 -0.305674 0.349078 0.420689 -0.308989 0.354266
0.449914 -0.305565 0.348904 0.421677 -0.308879 0.35409
0.450893 -0.305456 0.34873 0.422663 -0.308769 0.353915
0.451872 -0.305348 0.348556 0.423649 -0.308659 0.35374
0.45285 -0.305239 0.348382 0.424634 -0.30855 0.353565
0.453829 -0.30513 0.348208 0.42562 -0.30844 0.35339
0.454808 -0.305021 0.348034 0.426605 -0.30833 0.353215
0.455787 -0.304913 0.34786 0.427588 -0.30822 0.353041
0.456765 -0.304804 0.347686 0.428571 -0.30811 0.352866
0.457744 -0.304695 0.347512 0.429553 -0.308001 0.352691
0.458723 -0.304586 0.347338 0.430533 -0.307891 0.352517
0.459702 -0.304478 0.347164 0.431023 -0.307837 0.35243
0.46068 -0.304369 0.34699 0.432493 -0.307673 0.352169
0.461659 -0.30426 0.346816 0.433472 -0.307563 0.351995
0.462638 -0.304151 0.346642 0.43445 -0.307454 0.351821
0.463616 -0.304043 0.346468 0.435429 -0.307345 0.351647
0.464595 -0.303934 0.346294 0.436406 -0.307236 0.351473
0.465574 -0.303825 0.34612 0.437383 -0.307127 0.3513
0.466553 -0.303716 0.345946 0.438359 -0.307018 0.351126
0.467531 -0.303608 0.345772 0.439335 -0.306909 0.350952
0.46851 -0.303499 0.345598 0.44031 -0.3068 0.350779
0.469489 -0.30339 0.345424 0.441285 -0.306691 0.350606
0.470467 -0.303281 0.34525 0.44226 -0.306582 0.350432
0.471446 -0.303173 0.345076 0.443234 -0.306473 0.350259
0.472425 -0.303064 0.344902 0.444208 -0.306365 0.350086
0.473404 -0.302955 0.344728 0.445182 -0.306256 0.349913
0.474382 -0.302846 0.344554 0.446156 -0.306147 0.34974
0.475361 -0.302738 0.34438 0.447129 -0.306038 0.349567
0.47634 -0.302629 0.344206 0.448103 -0.30593 0.349394
0.477319 -0.30252 0.344032 0.449077 -0.305821 0.349221
0.478297 -0.302411 0.343858 0.45005 -0.305713 0.349048
0.479276 -0.302303 0.343684 0.451024 -0.305604 0.348875
0.480255 -0.302194 0.34351 0.451998 -0.305495 0.348702
0.481233 -0.302085 0.343336 0.452972 -0.305387 0.348529
0.482212 -0.301976 0.343162 0.453946 -0.305278 0.348356
0.483191 -0.301868 0.342988 0.45492 -0.30517 0.348182
0.48417 -0.301759 0.342814 0.455897 -0.305061 0.348009
0.485148 -0.30165 0.34264 0.456873 -0.304952 0.347836
0.486127 -0.301541 0.342466 0.45785 -0.304843 0.347662
0.487106 -0.301433 0.342292 0.458827 -0.304735 0.347489
0.488084 -0.301324 0.342118 0.459804 -0.304626 0.347315
0.489063 -0.301215 0.341944 0.460781 -0.304517 0.347142
0.490042 -0.301106 0.34177 0.461759 -0.304408 0.346968
0.491021 -0.300998 0.341596 0.462738 -0.304299 0.346795
0.491999 -0.300889 0.341422 0.46372 -0.30419 0.34662
0.492978 -0.30078 0.341248 0.464704 -0.304081 0.346446
0.493957 -0.300671 0.341074 0.46569 -0.303971 0.346271
0.494936 -0.300563 0.3409 0.466184 -0.303916 0.346184
0.495914 -0.300454 0.340726 0.467172 -0.303807 0.346009
0.496893 -0.300345 0.340552 0.468658 -0.303642 0.345745
0.497872 -0.300236 0.340378 0.469651 -0.303532 0.345569
0.49885 -0.300128 0.340204 0.470645 -0.303421 0.345393
0.499829 -0.300019 0.34003 0.471639 -0.303311 0.345217
0.500808 -0.29991 0.339856 0.47263 -0.303201 0.345042
0.499829 -0.300019 0.34003 0.47362 -0.303091 0.344866
0.500808 -0.29991 0.339856 0.474607 -0.302981 0.344691
0.499829 -0.300019 0.34003 0.475593 -0.302871 0.344516
0.500808 -0.29991 0.339856 0.476576 -0.302762 0.344341
0.499829 -0.300019 0.34003 0.477558 -0.302652 0.344166
0.500808 -0.29991 0.339856 0.478534 -0.302543 0.343993
0.499829 -0.300019 0.34003 0.479499 -0.302435 0.343821
0.500808 -0.29991 0.339856 0.480452 -0.302328 0.34365
0.499829 -0.300019 0.34003 0.481389 -0.302222 0.343482
0.500808 -0.29991 0.339856 0.482307 -0.302118 0.343317
0.499829 -0.300019 0.34003 0.483204 -0.302016 0.343155
0.500808 -0.29991 0.339856 0.484078 -0.301916 0.342997
0.499829 -0.300019 0.34003 0.484929 -0.301818 0.342842
0.500808 -0.29991 0.339856 0.485755 -0.301723 0.342691
0.499829 -0.300019 0.34003 0.486554 -0.30163 0.342545
0.500808 -0.29991 0.339856 0.487327 -0.301539 0.342403
0.499829 -0.300019 0.34003 0.488072 -0.301452 0.342265
0.500808 -0.29991 0.339856 0.488435 -0.301409 0.342198
0.499829 -0.300019 0.34003 0.489481 -0.301285 0.342004
0.500808 -0.29991 0.339856 0.490144 -0.301206 0.34188
0.499829 -0.300019 0.34003 0.490779 -0.30113 0.341761
0.500808 -0.29991 0.339856 0.491387 -0.301057 0.341647
0.499829 -0.300019 0.34003 0.491968 -0.300987 0.341538
0.500808 -0.29991 0.339856 0.492522 -0.30092 0.341433
0.499829 -0.300019 0.34003 0.49279 -0.300888 0.341383
0.500808 -0.29991 0.339856 0.493051 -0.300856 0.341333
0.499829 -0.300019 0.34003 0.494262 -0.300709 0.341103
0.500808 -0.29991 0.339856 0.494704 -0.300655 0.341019
0.499829 -0.300019 0.34003 0.495123 -0.300603 0.340939
0.500808 -0.29991 0.339856 0.49552 -0.300554 0.340863
0.499829 -0.300019 0.34003 0.495895 -0.300508 0.340791
0.500808 -0.29991 0.339856 0.49625 -0.300464 0.340723
0.499829 -0.300019 0.34003 0.496584 -0.300423 0.340659
0.500808 -0.29991 0.339856 0.496899 -0.300384 0.340598
0.499829 -0.300019 0.34003 0.497196 -0.300347 0.340541
0.500808 -0.29991 0.339856 0.497474 -0.300313 0.340488
0.499829 -0.300019 0.34003 0.497735 -0.30028 0.340438
0.500808 -0.29991 0.339856 0.497981 -0.30025 0.34039
0.499829 -0.300019 0.34003 0.49821 -0.300221 0.340346
0.500808 -0.29991 0.339856 0.498426 -0.300195 0.340305
0.499829 -0.300019 0.34003 0.498627 -0.30017 0.340266
0.500808 -0.29991 0.339856 0.498815 -0.300146 0.34023
0.499829 -0.300019 0.34003 0.49899 -0.300125 0.340196
0.500808 -0.29991 0.339856 0.499153 -0.300104 0.340164
