-0.398639 -0.399849 0.499758 -0.399617 -0.399957 0.499932
-0.39766 -0.39974 0.499584 -0.399617 -0.399957 0.499932
-0.396682 -0.399631 0.49941 -0.399617 -0.399957 0.499932
-0.395703 -0.399523 0.499236 -0.399617 -0.399957 0.499932
-0.394724 -0.399414 0.499062 -0.399612 -0.399957 0.499932
-0.393745 -0.399305 0.498888 -0.399607 -0.399956 0.499931
-0.392767 -0.399196 0.498714 -0.399589 -0.399954 0.499927
-0.391788 -0.399088 0.49854 -0.399558 -0.399951 0.499922
-0.390809 -0.398979 0.498366 -0.399511 -0.399946 0.499914
-0.389831 -0.39887 0.498192 -0.399445 -0.399939 0.499902
-0.388852 -0.398761 0.498018 -0.399359 -0.399929 0.499887
-0.387873 -0.398653 0.497844 -0.399307 -0.399924 0.499878
-0.386894 -0.398544 0.49767 -0.399186 -0.399911 0.499857
-0.385916 -0.398435 0.497496 -0.398957 -0.399888 0.499818
-0.384937 -0.398326 0.497322 -0.398773 -0.399869 0.499786
-0.383958 -0.398218 0.497148 -0.398561 -0.399847 0.49975
-0.382979 -0.398109 0.496974 -0.398322 -0.399823 0.499709
-0.382001 -0.398 0.4968 -0.398054 -0.399796 0.499663
-0.381022 -0.397891 0.496626 -0.397758 -0.399766 0.499613
-0.380043 -0.397783 0.496452 -0.397433 -0.399733 0.499557
-0.379065 -0.397674 0.496278 -0.397081 -0.399698 0.499497
-0.378086 -0.397565 0.496104 -0.396894 -0.399679 0.499465
-0.377107 -0.397456 0.49593 -0.396293 -0.399619 0.499363
-0.376128 -0.397348 0.495756 -0.396079 -0.399598 0.499327
-0.37515 -0.397239 0.495582 -0.395629 -0.399553 0.499251
-0.374171 -0.39713 0.495408 -0.395394 -0.39953 0.499211
-0.373192 -0.397021 0.495234 -0.394652 -0.399456 0.499085
-0.372213 -0.396913 0.49506 -0.393575 -0.39935 0.498902
-0.371235 -0.396804 0.494886 -0.393001 -0.399293 0.498805
-0.370256 -0.396695 0.494712 -0.392405 -0.399233 0.498704
-0.369277 -0.396586 0.494538 -0.39179 -0.399172 0.498599
-0.368299 -0.396478 0.494364 -0.391156 -0.399109 0.498491
-0.36732 -0.396369 0.49419 -0.390506 -0.399044 0.498381
-0.366341 -0.39626 0.494016 -0.389842 -0.398977 0.498267
-0.365362 -0.396151 0.493842 -0.389163 -0.398908 0.498151
-0.364384 -0.396043 0.493668 -0.38847 -0.398838 0.498033
-0.363405 -0.395934 0.493494 -0.387763 -0.398766 0.497911
-0.362426 -0.395825 0.49332 -0.387042 -0.398693 0.497788
-0.361448 -0.395716 0.493146 -0.386309 -0.398618 0.497662
-0.360469 -0.395608 0.492972 -0.385562 -0.398541 0.497533
-0.35949 -0.395499 0.492798 -0.384803 -0.398463 0.497403
-0.358511 -0.39539 0.492624 -0.384032 -0.398383 0.49727
-0.357533 -0.395281 0.49245 -0.38325 -0.398302 0.497135
-0.356554 -0.395173 0.492276 -0.382456 -0.39822 0.496998
-0.355575 -0.395064 0.492102 -0.381652 -0.398137 0.496859
-0.354596 -0.394955 0.491928 -0.380837 -0.398052 0.496718
-0.353618 -0.394846 0.491754 -0.380013 -0.397966 0.496575
-0.352639 -0.394738 0.49158 -0.379179 -0.397878 0.49643
-0.35166 -0.394629 0.491406 -0.378334 -0.39779 0.496283
-0.350682 -0.39452 0.491232 -0.377479 -0.3977 0.496135
-0.349703 -0.394411 0.491058 -0.376613 -0.397609 0.495984
-0.348724 -0.394303 0.490884 -0.376176 -0.397563 0.495908
-0.347745 -0.394194 0.49071 -0.374854 -0.397424 0.495678
-0.346767 -0.394085 0.490536 -0.373965 -0.39733 0.495523
-0.345788 -0.393976 0.490362 -0.37307 -0.397235 0.495367
-0.344809 -0.393868 0.490188 -0.372169 -0.397139 0.495209
-0.343831 -0.393759 0.490014 -0.371263 -0.397042 0.495051
-0.342852 -0.39365 0.48984 -0.370352 -0.396945 0.494891
-0.341873 -0.393541 0.489666 -0.369435 -0.396846 0.494731
-0.340894 -0.393433 0.489492 -0.368512 -0.396747 0.494569
-0.339916 -0.393324 0.489318 -0.367583 -0.396647 0.494406
-0.338937 -0.393215 0.489144 -0.366651 -0.396547 0.494242
-0.337958 -0.393106 0.48897 -0.365716 -0.396446 0.494077
-0.336979 -0.392998 0.488796 -0.364778 -0.396344 0.493912
-0.336001 -0.392889 0.488622 -0.363837 -0.396242 0.493746
-0.335022 -0.39278 0.488448 -0.362894 -0.39614 0.49358
-0.334043 -0.392671 0.488274 -0.361947 -0.396036 0.493413
-0.333065 -0.392563 0.4881 -0.360995 -0.395933 0.493245
-0.332086 -0.392454 0.487926 -0.360039 -0.395828 0.493076
-0.331107 -0.392345 0.487752 -0.359081 -0.395724 0.492906
-0.330128 -0.392236 0.487578 -0.358121 -0.395619 0.492737
-0.32915 -0.392128 0.487404 -0.35716 -0.395513 0.492567
-0.328171 -0.392019 0.48723 -0.356196 -0.395408 0.492396
-0.327192 -0.39191 0.487056 -0.355713 -0.395355 0.49231
-0.326213 -0.391801 0.486882 -0.354259 -0.395195 0.492053
-0.325235 -0.391693 0.486708 -0.353286 -0.395088 0.49188
-0.324256 -0.391584 0.486534 -0.352311 -0.394981 0.491707
-0.323277 -0.391475 0.48636 -0.351336 -0.394873 0.491534
-0.322299 -0.391367 0.486186 -0.35036 -0.394766 0.491361
-0.32132 -0.391258 0.486012 -0.349381 -0.394658 0.491187
-0.320341 -0.391149 0.485838 -0.348401 -0.39455 0.491013
-0.319362 -0.39104 0.485664 -0.34742 -0.394441 0.490839
-0.318384 -0.390932 0.48549 -0.346439 -0.394333 0.490665
-0.317405 -0.390823 0.485316 -0.345459 -0.394224 0.49049
-0.316426 -0.390714 0.485142 -0.344479 -0.394115 0.490316
-0.315448 -0.390605 0.484968 -0.3435 -0.394006 0.490141
-0.314469 -0.390497 0.484794 -0.34252 -0.393898 0.489967
-0.31349 -0.390388 0.48462 -0.341539 -0.393789 0.489792
-0.312511 -0.390279 0.484446 -0.340558 -0.393679 0.489617
-0.311533 -0.39017 0.484272 -0.339577 -0.39357 0.489443
-0.310554 -0.390062 0.484098 -0.338598 -0.393461 0.489268
-0.309575 -0.389953 0.483924 -0.337619 -0.393352 0.489093
-0.308596 -0.389844 0.48375 -0.336641 -0.393243 0.488919
-0.307618 -0.389735 0.483576 -0.335663 -0.393134 0.488744
-0.306639 -0.389627 0.483402 -0.334684 -0.393025 0.48857
-0.30566 -0.389518 0.483228 -0.333707 -0.392915 0.488395
-0.304682 -0.389409 0.483054 -0.33273 -0.392806 0.488221
-0.303703 -0.3893 0.482881 -0.332242 -0.392752 0.488134
-0.302724 -0.389192 0.482707 -0.330778 -0.392588 0.487873
-0.301745 -0.389083 0.482533 -0.329803 -0.392479 0.487698
-0.300767 -0.388974 0.482359 -0.328827 -0.39237 0.487524
-0.299788 -0.388865 0.482185 -0.327848 -0.392261 0.48735
-0.298809 -0.388757 0.482011 -0.326869 -0.392152 0.487175
-0.29783 -0.388648 0.481837 -0.325891 -0.392043 0.487
-0.296852 -0.388539 0.481663 -0.324914 -0.391933 0.486826
-0.295873 -0.38843 0.481489 -0.323937 -0.391824 0.486652
-0.294894 -0.388322 0.481315 -0.32296 -0.391715 0.486477
-0.293916 -0.388213 0.481141 -0.321984 -0.391606 0.486303
-0.292937 -0.388104 0.480967 -0.321008 -0.391498 0.486129
-0.291958 -0.387995 0.480793 -0.320032 -0.391389 0.485955
-0.290979 -0.387887 0.480619 -0.319056 -0.39128 0.485781
-0.290001 -0.387778 0.480445 -0.318081 -0.391171 0.485607
-0.289022 -0.387669 0.480271 -0.317106 -0.391062 0.485433
-0.288043 -0.38756 0.480097 -0.316132 -0.390953 0.485259
-0.287065 -0.387452 0.479923 -0.315157 -0.390845 0.485085
-0.286086 -0.387343 0.479749 -0.314183 -0.390736 0.484911
-0.285107 -0.387234 0.479575 -0.313208 -0.390627 0.484737
-0.284128 -0.387125 0.479401 -0.312234 -0.390519 0.484564
-0.28315 -0.387017 0.479227 -0.311747 -0.390464 0.484477
-0.282171 -0.386908 0.479053 -0.310773 -0.390356 0.484303
-0.281192 -0.386799 0.478879 -0.308818 -0.390138 0.483955
-0.280213 -0.38669 0.478705 -0.307837 -0.39003 0.48378
-0.279235 -0.386582 0.478531 -0.306855 -0.389921 0.483605
-0.278256 -0.386473 0.478357 -0.305874 -0.389812 0.48343
-0.277277 -0.386364 0.478183 -0.304893 -0.389703 0.483256
-0.276299 -0.386255 0.478009 -0.303914 -0.389594 0.483081
-0.27532 -0.386147 0.477835 -0.302935 -0.389485 0.482907
-0.274341 -0.386038 0.477661 -0.302446 -0.389431 0.48282
-0.273362 -0.385929 0.477487 -0.300979 -0.389268 0.482558
-0.272384 -0.38582 0.477313 -0.300002 -0.389159 0.482384
-0.271405 -0.385712 0.477139 -0.299025 -0.38905 0.48221
-0.270426 -0.385603 0.476965 -0.298048 -0.388942 0.482036
-0.269448 -0.385494 0.476791 -0.297072 -0.388833 0.481862
-0.268469 -0.385385 0.476617 -0.296096 -0.388724 0.481688
-0.26749 -0.385277 0.476443 -0.29512 -0.388616 0.481514
-0.266511 -0.385168 0.476269 -0.294144 -0.388507 0.48134
-0.265533 -0.385059 0.476095 -0.293168 -0.388399 0.481166
-0.264554 -0.38495 0.475921 -0.292192 -0.38829 0.480992
-0.263575 -0.384842 0.475747 -0.291216 -0.388182 0.480818
-0.262596 -0.384733 0.475573 -0.290241 -0.388073 0.480645
-0.261618 -0.384624 0.475399 -0.289265 -0.387965 0.480471
-0.260639 -0.384515 0.475225 -0.288289 -0.387856 0.480297
-0.25966 -0.384407 0.475051 -0.287801 -0.387802 0.48021
-0.258682 -0.384298 0.474877 -0.286338 -0.38764 0.479949
-0.257703 -0.384189 0.474703 -0.285362 -0.387531 0.479775
-0.256724 -0.38408 0.474529 -0.284386 -0.387423 0.479601
-0.255745 -0.383972 0.474355 -0.28341 -0.387314 0.479428
-0.254767 -0.383863 0.474181 -0.282434 -0.387206 0.479254
-0.253788 -0.383754 0.474007 -0.281458 -0.387097 0.47908
-0.252809 -0.383645 0.473833 -0.280482 -0.386989 0.478906
-0.25183 -0.383537 0.473659 -0.279506 -0.386881 0.478732
-0.250852 -0.383428 0.473485 -0.27853 -0.386772 0.478558
-0.249873 -0.383319 0.473311 -0.277559 -0.386664 0.478385
-0.248894 -0.38321 0.473137 -0.276589 -0.386556 0.478212
-0.247916 -0.383102 0.472963 -0.27562 -0.386448 0.478039
-0.246937 -0.382993 0.472789 -0.27465 -0.38634 0.477867
-0.245958 -0.382884 0.472615 -0.273679 -0.386232 0.477693
-0.244979 -0.382775 0.472441 -0.272707 -0.386124 0.47752
-0.244001 -0.382667 0.472267 -0.271734 -0.386016 0.477347
-0.243022 -0.382558 0.472093 -0.270761 -0.385908 0.477174
-0.242043 -0.382449 0.471919 -0.269786 -0.3858 0.477
-0.241065 -0.382341 0.471745 -0.268811 -0.385692 0.476826
-0.240086 -0.382232 0.471571 -0.267836 -0.385583 0.476653
-0.239107 -0.382123 0.471397 -0.266859 -0.385475 0.476479
-0.238128 -0.382014 0.471223 -0.265883 -0.385367 0.476305
-0.23715 -0.381906 0.471049 -0.264906 -0.385259 0.476131
-0.236171 -0.381797 0.470875 -0.263928 -0.38515 0.475957
-0.235192 -0.381688 0.470701 -0.26295 -0.385042 0.475783
-0.234213 -0.381579 0.470527 -0.261972 -0.384934 0.475609
-0.233235 -0.381471 0.470353 -0.260994 -0.384825 0.475435
-0.232256 -0.381362 0.470179 -0.260015 -0.384717 0.47526
-0.231277 -0.381253 0.470005 -0.259036 -0.384608 0.475086
-0.230299 -0.381144 0.469831 -0.258057 -0.3845 0.474912
-0.22932 -0.381036 0.469657 -0.257077 -0.384391 0.474737
-0.228341 -0.380927 0.469483 -0.256098 -0.384283 0.474563
-0.227362 -0.380818 0.469309 -0.255118 -0.384174 0.474389
-0.226384 -0.380709 0.469135 -0.254139 -0.384065 0.474214
-0.225405 -0.380601 0.468961 -0.253159 -0.383957 0.47404
-0.224426 -0.380492 0.468787 -0.252669 -0.383903 0.473953
-0.223448 -0.380383 0.468613 -0.251199 -0.38374 0.473691
-0.222469 -0.380274 0.468439 -0.250219 -0.383631 0.473516
-0.22149 -0.380166 0.468265 -0.249239 -0.383522 0.473342
-0.220511 -0.380057 0.468091 -0.248259 -0.383414 0.473167
-0.219533 -0.379948 0.467917 -0.247279 -0.383305 0.472993
-0.218554 -0.379839 0.467743 -0.246299 -0.383196 0.472818
-0.217575 -0.379731 0.467569 -0.245319 -0.383087 0.472644
-0.216596 -0.379622 0.467395 -0.244339 -0.382979 0.472469
-0.215618 -0.379513 0.467221 -0.243359 -0.38287 0.472295
-0.214639 -0.379404 0.467047 -0.242379 -0.382761 0.47212
-0.21366 -0.379296 0.466873 -0.241399 -0.382653 0.471945
-0.212682 -0.379187 0.466699 -0.240419 -0.382544 0.471771
-0.211703 -0.379078 0.466525 -0.239439 -0.382435 0.471596
-0.210724 -0.378969 0.466351 -0.238459 -0.382326 0.471422
-0.209745 -0.378861 0.466177 -0.237479 -0.382218 0.471247
-0.208767 -0.378752 0.466003 -0.236499 -0.382109 0.471073
-0.207788 -0.378643 0.465829 -0.236009 -0.382054 0.470985
-0.206809 -0.378534 0.465655 -0.233559 -0.381783 0.470549
-0.20583 -0.378426 0.465481 -0.23258 -0.381674 0.470374
-0.204852 -0.378317 0.465307 -0.231601 -0.381565 0.4702
-0.203873 -0.378208 0.465133 -0.230626 -0.381457 0.470026
-0.202894 -0.378099 0.464959 -0.229655 -0.381348 0.469853
-0.201916 -0.377991 0.464785 -0.229171 -0.381294 0.469766
-0.200937 -0.377882 0.464611 -0.227724 -0.381132 0.469508
-0.199958 -0.377773 0.464437 -0.227244 -0.381079 0.469422
-0.198979 -0.377664 0.464263 -0.225808 -0.380918 0.469166
-0.198001 -0.377556 0.464089 -0.224855 -0.380811 0.468995
-0.197022 -0.377447 0.463915 -0.223903 -0.380704 0.468825
-0.196043 -0.377338 0.463741 -0.222952 -0.380597 0.468655
-0.195065 -0.377229 0.463567 -0.222002 -0.380491 0.468485
-0.194086 -0.377121 0.463393 -0.221052 -0.380384 0.468315
-0.193107 -0.377012 0.463219 -0.220102 -0.380278 0.468146
-0.192128 -0.376903 0.463045 -0.219627 -0.380225 0.468061
-0.19115 -0.376794 0.462871 -0.218202 -0.380065 0.467806
-0.190171 -0.376686 0.462697 -0.217252 -0.379959 0.467637
-0.189192 -0.376577 0.462523 -0.216301 -0.379853 0.467467
-0.188213 -0.376468 0.462349 -0.21535 -0.379747 0.467297
-0.187235 -0.376359 0.462175 -0.214398 -0.379641 0.467128
-0.186256 -0.376251 0.462001 -0.213921 -0.379588 0.467043
-0.185277 -0.376142 0.461827 -0.213445 -0.379535 0.466958
-0.184299 -0.376033 0.461653 -0.211538 -0.379323 0.466618
-0.18332 -0.375924 0.461479 -0.210583 -0.379217 0.466447
-0.182341 -0.375816 0.461305 -0.209628 -0.37911 0.466277
-0.181362 -0.375707 0.461131 -0.208672 -0.379004 0.466107
-0.180384 -0.375598 0.460957 -0.207715 -0.378898 0.465936
-0.179405 -0.375489 0.460783 -0.206757 -0.378792 0.465766
-0.178426 -0.375381 0.460609 -0.205799 -0.378686 0.465595
-0.177448 -0.375272 0.460435 -0.204839 -0.378579 0.465424
-0.176469 -0.375163 0.460261 -0.20436 -0.378526 0.465338
-0.17549 -0.375054 0.460087 -0.20292 -0.378367 0.465082
-0.174511 -0.374946 0.459913 -0.201963 -0.378261 0.464912
-0.173533 -0.374837 0.459739 -0.201008 -0.378155 0.464741
-0.172554 -0.374728 0.459565 -0.200053 -0.378049 0.464571
-0.171575 -0.374619 0.459391 -0.199096 -0.377942 0.464401
-0.170596 -0.374511 0.459217 -0.198137 -0.377836 0.46423
-0.169618 -0.374402 0.459043 -0.197177 -0.37773 0.464059
-0.168639 -0.374293 0.458869 -0.196215 -0.377623 0.463888
-0.16766 -0.374184 0.458695 -0.195252 -0.377517 0.463716
-0.166682 -0.374076 0.458521 -0.194288 -0.37741 0.463544
-0.165703 -0.373967 0.458347 -0.193323 -0.377304 0.463373
-0.164724 -0.373858 0.458173 -0.192357 -0.377197 0.4632
-0.163745 -0.373749 0.457999 -0.190905 -0.377037 0.462942
-0.162767 -0.373641 0.457825 -0.189937 -0.37693 0.46277
-0.161788 -0.373532 0.457651 -0.189452 -0.376876 0.462683
-0.160809 -0.373423 0.457477 -0.187998 -0.376715 0.462425
-0.15983 -0.373314 0.457303 -0.187028 -0.376608 0.462252
-0.158852 -0.373206 0.457129 -0.186057 -0.376501 0.462079
-0.157873 -0.373097 0.456955 -0.185571 -0.376447 0.461993
-0.156894 -0.372988 0.456781 -0.1846 -0.37634 0.46182
-0.155916 -0.37288 0.456607 -0.183628 -0.376233 0.461647
-0.154937 -0.372771 0.456433 -0.182169 -0.376071 0.461387
-0.153958 -0.372662 0.456259 -0.181682 -0.376018 0.4613
-0.152979 -0.372553 0.456085 -0.180222 -0.375856 0.46104
-0.152001 -0.372445 0.455911 -0.179248 -0.375748 0.460867
-0.151022 -0.372336 0.455737 -0.178761 -0.375695 0.46078
-0.150043 -0.372227 0.455563 -0.177786 -0.375587 0.460606
-0.149065 -0.372118 0.455389 -0.176811 -0.375479 0.460433
-0.148086 -0.37201 0.455215 -0.175836 -0.375371 0.460259
-0.147107 -0.371901 0.455041 -0.174372 -0.375209 0.459998
-0.146128 -0.371792 0.454867 -0.173885 -0.375155 0.459911
-0.14515 -0.371683 0.454693 -0.172909 -0.375047 0.459738
-0.144171 -0.371575 0.454519 -0.171933 -0.374939 0.459564
-0.143192 -0.371466 0.454345 -0.170958 -0.374831 0.45939
-0.142213 -0.371357 0.454171 -0.17047 -0.374777 0.459303
-0.141235 -0.371248 0.453997 -0.169006 -0.374615 0.459042
-0.140256 -0.37114 0.453823 -0.167542 -0.374453 0.458781
-0.139277 -0.371031 0.453649 -0.166566 -0.374344 0.458607
-0.138299 -0.370922 0.453475 -0.166077 -0.37429 0.45852
-0.13732 -0.370813 0.453301 -0.164612 -0.374128 0.458259
-0.136341 -0.370705 0.453127 -0.163636 -0.37402 0.458085
-0.135362 -0.370596 0.452953 -0.162659 -0.373911 0.457911
-0.134384 -0.370487 0.452779 -0.161682 -0.373803 0.457737
-0.133405 -0.370378 0.452605 -0.161194 -0.373749 0.45765
-0.132426 -0.37027 0.452431 -0.159728 -0.373586 0.457388
-0.131447 -0.370161 0.452257 -0.158751 -0.373478 0.457214
-0.130469 -0.370052 0.452083 -0.157774 -0.37337 0.45704
-0.12949 -0.369943 0.451909 -0.156797 -0.373261 0.456866
-0.128511 -0.369835 0.451735 -0.15582 -0.373153 0.456692
-0.127533 -0.369726 0.451561 -0.154843 -0.373045 0.456517
-0.126554 -0.369617 0.451387 -0.154355 -0.37299 0.45643
-0.125575 -0.369508 0.451213 -0.15289 -0.372828 0.456169
-0.124596 -0.3694 0.451039 -0.151913 -0.372719 0.455995
-0.123618 -0.369291 0.450865 -0.150935 -0.372611 0.455821
-0.122639 -0.369182 0.450691 -0.149958 -0.372502 0.455646
-0.12166 -0.369073 0.450517 -0.14898 -0.372394 0.455472
-0.120682 -0.368965 0.450343 -0.148003 -0.372286 0.455298
-0.119703 -0.368856 0.450169 -0.147514 -0.372231 0.455211
-0.118724 -0.368747 0.449995 -0.146537 -0.372123 0.455036
-0.117745 -0.368638 0.449821 -0.145071 -0.37196 0.454775
-0.116767 -0.36853 0.449647 -0.144094 -0.371852 0.4546
-0.115788 -0.368421 0.449473 -0.143605 -0.371797 0.454513
-0.114809 -0.368312 0.449299 -0.142627 -0.371689 0.454339
-0.11383 -0.368203 0.449125 -0.141649 -0.37158 0.454165
-0.112852 -0.368095 0.448951 -0.140182 -0.371418 0.453903
-0.111873 -0.367986 0.448777 -0.139205 -0.371309 0.453729
-0.110894 -0.367877 0.448603 -0.138227 -0.371201 0.453554
-0.109916 -0.367768 0.448429 -0.13725 -0.371092 0.45338
-0.108937 -0.36766 0.448255 -0.136273 -0.370984 0.453206
-0.107958 -0.367551 0.448081 -0.135297 -0.370875 0.453032
-0.106979 -0.367442 0.447907 -0.13432 -0.370767 0.452857
-0.106001 -0.367333 0.447733 -0.133344 -0.370658 0.452683
-0.105022 -0.367225 0.447559 -0.132369 -0.37055 0.452509
-0.104043 -0.367116 0.447385 -0.131881 -0.370496 0.452422
-0.103065 -0.367007 0.447211 -0.130418 -0.370333 0.452161
-0.102086 -0.366898 0.447037 -0.129443 -0.370225 0.451987
-0.101107 -0.36679 0.446863 -0.12847 -0.370117 0.451814
-0.100128 -0.366681 0.446689 -0.1275 -0.370009 0.451641
-0.0991496 -0.366572 0.446515 -0.126532 -0.369901 0.451468
-0.0981709 -0.366463 0.446341 -0.125562 -0.369793 0.451295
-0.0971922 -0.366355 0.446167 -0.125078 -0.369739 0.451208
-0.0962135 -0.366246 0.445994 -0.124593 -0.369685 0.451122
-0.0952347 -0.366137 0.44582 -0.122651 -0.369469 0.450775
-0.094256 -0.366028 0.445646 -0.121679 -0.369361 0.450602
-0.0932773 -0.36592 0.445472 -0.120711 -0.369253 0.450429
-0.0922986 -0.365811 0.445298 -0.119749 -0.369146 0.450257
-0.0913198 -0.365702 0.445124 -0.11879 -0.369038 0.450086
-0.0903411 -0.365593 0.44495 -0.117829 -0.368931 0.449914
-0.0893624 -0.365485 0.444776 -0.117348 -0.368877 0.449829
-0.0883837 -0.365376 0.444602 -0.115904 -0.368717 0.449571
-0.0874049 -0.365267 0.444428 -0.114939 -0.368609 0.449398
-0.0864262 -0.365158 0.444254 -0.113971 -0.368502 0.449226
-0.0854475 -0.36505 0.44408 -0.113002 -0.368394 0.449053
-0.0844688 -0.364941 0.443906 -0.112032 -0.368287 0.44888
-0.08349 -0.364832 0.443732 -0.111062 -0.368179 0.448707
-0.0825113 -0.364723 0.443558 -0.11009 -0.368072 0.448534
-0.0815326 -0.364615 0.443384 -0.109117 -0.367964 0.44836
-0.0805539 -0.364506 0.44321 -0.108144 -0.367856 0.448186
-0.0795752 -0.364397 0.443036 -0.107169 -0.367748 0.448013
-0.0785964 -0.364288 0.442862 -0.106682 -0.367694 0.447926
-0.0776177 -0.36418 0.442688 -0.105707 -0.367587 0.447752
-0.076639 -0.364071 0.442514 -0.10473 -0.367479 0.447578
-0.0756603 -0.363962 0.44234 -0.103753 -0.367371 0.447404
-0.0746815 -0.363854 0.442166 -0.103264 -0.367316 0.447316
-0.0737028 -0.363745 0.441992 -0.100814 -0.367046 0.44688
-0.0727241 -0.363636 0.441818 -0.100324 -0.366992 0.446792
-0.0717454 -0.363527 0.441644 -0.0988569 -0.366829 0.446531
-0.0707666 -0.363419 0.44147 -0.0978839 -0.366721 0.446357
-0.0697879 -0.36331 0.441296 -0.0969167 -0.366614 0.446185
-0.0688092 -0.363201 0.441122 -0.0954817 -0.366453 0.445928
-0.0678305 -0.363092 0.440948 -0.0945376 -0.366346 0.44576
-0.0668517 -0.362984 0.440774 -0.0940675 -0.366293 0.445675
-0.065873 -0.362875 0.4406 -0.0926571 -0.366134 0.445423
-0.0648943 -0.362766 0.440426 -0.0917144 -0.366028 0.445255
-0.0639156 -0.362657 0.440252 -0.0907697 -0.365923 0.445086
-0.0629369 -0.362549 0.440078 -0.0898235 -0.365817 0.444917
-0.0619581 -0.36244 0.439904 -0.0888763 -0.365711 0.444748
-0.0609794 -0.362331 0.43973 -0.087928 -0.365605 0.444579
-0.0600007 -0.362222 0.439556 -0.0874534 -0.365552 0.444494
-0.059022 -0.362114 0.439382 -0.0865033 -0.365446 0.444325
-0.0580432 -0.362005 0.439208 -0.0855519 -0.36534 0.444155
-0.0570645 -0.361896 0.439034 -0.0841228 -0.365181 0.4439
-0.0560858 -0.361787 0.43886 -0.0831692 -0.365075 0.44373
-0.0551071 -0.361679 0.438686 -0.082692 -0.365022 0.443645
-0.0541283 -0.36157 0.438512 -0.0817367 -0.364916 0.443474
-0.0531496 -0.361461 0.438338 -0.0807799 -0.36481 0.443304
-0.0521709 -0.361352 0.438164 -0.0798216 -0.364704 0.443133
-0.0511922 -0.361244 0.43799 -0.0788618 -0.364598 0.442962
-0.0502134 -0.361135 0.437816 -0.0779006 -0.364492 0.44279
-0.0492347 -0.361026 0.437642 -0.0769381 -0.364385 0.442619
-0.048256 -0.360917 0.437468 -0.0759744 -0.364279 0.442447
-0.0472773 -0.360809 0.437294 -0.0750094 -0.364172 0.442275
-0.0462986 -0.3607 0.43712 -0.0740433 -0.364066 0.442102
-0.0453198 -0.360591 0.436946 -0.0730759 -0.363959 0.44193
-0.0443411 -0.360482 0.436772 -0.0725918 -0.363906 0.441844
-0.0433624 -0.360374 0.436598 -0.0711378 -0.363745 0.441584
-0.0423837 -0.360265 0.436424 -0.0701671 -0.363638 0.441411
-0.0414049 -0.360156 0.43625 -0.0691954 -0.363531 0.441238
-0.0404262 -0.360047 0.436076 -0.0682229 -0.363424 0.441065
-0.0394475 -0.359939 0.435902 -0.0672495 -0.363316 0.440891
-0.0384688 -0.35983 0.435728 -0.0662754 -0.363209 0.440718
-0.03749 -0.359721 0.435554 -0.0653007 -0.363102 0.440544
-0.0365113 -0.359612 0.43538 -0.064813 -0.363048 0.440457
-0.0355326 -0.359504 0.435206 -0.0638374 -0.36294 0.440283
-0.0345539 -0.359395 0.435032 -0.0618846 -0.362725 0.439935
-0.0335751 -0.359286 0.434858 -0.0609075 -0.362617 0.439761
-0.0325964 -0.359177 0.434684 -0.0599304 -0.362509 0.439587
-0.0316177 -0.359069 0.43451 -0.0589553 -0.362401 0.439413
-0.030639 -0.35896 0.434336 -0.0579839 -0.362293 0.43924
-0.0296603 -0.358851 0.434162 -0.057016 -0.362186 0.439067
-0.0286815 -0.358742 0.433988 -0.0560509 -0.362078 0.438895
-0.0277028 -0.358634 0.433814 -0.0550885 -0.361971 0.438723
-0.0267241 -0.358525 0.43364 -0.0541284 -0.361864 0.438552
-0.0257454 -0.358416 0.433466 -0.0531703 -0.361757 0.438381
-0.0247666 -0.358307 0.433292 -0.0526919 -0.361704 0.438296
-0.0237879 -0.358199 0.433118 -0.0512587 -0.361543 0.43804
-0.0228092 -0.35809 0.432944 -0.0503046 -0.361437 0.43787
-0.0218305 -0.357981 0.43277 -0.0493514 -0.36133 0.4377
-0.0208517 -0.357872 0.432596 -0.0483988 -0.361224 0.43753
-0.019873 -0.357764 0.432422 -0.0474464 -0.361117 0.43736
-0.0188943 -0.357655 0.432248 -0.0464938 -0.361011 0.43719
-0.0179156 -0.357546 0.432074 -0.0455411 -0.360905 0.43702
-0.0169368 -0.357437 0.4319 -0.0445883 -0.360799 0.43685
-0.0159581 -0.357329 0.431726 -0.0436354 -0.360692 0.43668
-0.0149794 -0.35722 0.431552 -0.0426822 -0.360586 0.43651
-0.0140007 -0.357111 0.431378 -0.0417286 -0.36048 0.43634
-0.013022 -0.357002 0.431204 -0.0412516 -0.360427 0.436255
-0.0120432 -0.356894 0.43103 -0.0398199 -0.360268 0.436
-0.0110645 -0.356785 0.430856 -0.0388648 -0.360162 0.435829
-0.0100858 -0.356676 0.430682 -0.0379082 -0.360055 0.435659
-0.00910706 -0.356567 0.430508 -0.0369494 -0.359949 0.435488
-0.00812834 -0.356459 0.430334 -0.0359894 -0.359843 0.435317
-0.00714961 -0.35635 0.43016 -0.035029 -0.359736 0.435145
-0.00617089 -0.356241 0.429986 -0.0340676 -0.35963 0.434974
-0.00519217 -0.356132 0.429812 -0.0331048 -0.359524 0.434802
-0.00421344 -0.356024 0.429638 -0.032141 -0.359417 0.434631
-0.00323472 -0.355915 0.429464 -0.0311766 -0.35931 0.434459
-0.00225599 -0.355806 0.42929 -0.0302121 -0.359204 0.434287
-0.00127727 -0.355697 0.429116 -0.0292475 -0.359097 0.434115
-0.000298548 -0.355589 0.428942 -0.0282828 -0.35899 0.433943
0.000680176 -0.35548 0.428768 -0.0273178 -0.358884 0.433771
0.0016589 -0.355371 0.428594 -0.0263513 -0.358777 0.433599
0.00263762 -0.355262 0.42842 -0.0253825 -0.35867 0.433426
0.00361635 -0.355154 0.428246 -0.0244125 -0.358563 0.433253
0.00459507 -0.355045 0.428072 -0.0234427 -0.358456 0.43308
0.00557379 -0.354936 0.427898 -0.0219883 -0.358295 0.432821
0.00655252 -0.354827 0.427724 -0.0210189 -0.358188 0.432648
0.00753124 -0.354719 0.42755 -0.0195645 -0.358027 0.432389
0.00850996 -0.35461 0.427376 -0.0185944 -0.35792 0.432216
0.00948869 -0.354501 0.427202 -0.0181091 -0.357866 0.43213
0.0104674 -0.354393 0.427028 -0.0171384 -0.357759 0.431957
0.0114461 -0.354284 0.426854 -0.0156827 -0.357598 0.431697
0.0124249 -0.354175 0.42668 -0.0151977 -0.357544 0.431611
0.0134036 -0.354066 0.426506 -0.0147128 -0.35749 0.431525
0.0143823 -0.353958 0.426332 -0.0132584 -0.357329 0.431265
0.015361 -0.353849 0.426158 -0.012289 -0.357222 0.431093
0.0163398 -0.35374 0.425984 -0.0108405 -0.357061 0.430835
0.0173185 -0.353631 0.42581 -0.00988394 -0.356954 0.430664
0.0182972 -0.353523 0.425636 -0.00893464 -0.356848 0.430495
0.0192759 -0.353414 0.425462 -0.00799132 -0.356742 0.430327
0.0202546 -0.353305 0.425288 -0.00705082 -0.356636 0.430159
0.0212334 -0.353196 0.425114 -0.00611042 -0.35653 0.429992
0.0222121 -0.353088 0.42494 -0.00516978 -0.356425 0.429824
0.0231908 -0.352979 0.424766 -0.00422894 -0.356319 0.429656
0.0241695 -0.35287 0.424592 -0.00328775 -0.356214 0.429488
0.0251483 -0.352761 0.424418 -0.00234605 -0.356108 0.429321
0.026127 -0.352653 0.424244 -0.00140368 -0.356003 0.429153
0.0271057 -0.352544 0.42407 -0.000460481 -0.355898 0.428985
0.0280844 -0.352435 0.423896 0.000483455 -0.355792 0.428816
0.0290632 -0.352326 0.423722 0.00142806 -0.355687 0.428648
0.0300419 -0.352218 0.423548 0.00284646 -0.355529 0.428396
0.0310206 -0.352109 0.423374 0.0033197 -0.355477 0.428311
0.0319993 -0.352 0.4232 0.00426685 -0.355371 0.428143
0.0329781 -0.351891 0.423026 0.00521489 -0.355266 0.427974
0.0339568 -0.351783 0.422852 0.00616384 -0.355161 0.427805
0.0349355 -0.351674 0.422678 0.00711373 -0.355055 0.427635
0.0359142 -0.351565 0.422504 0.00806457 -0.35495 0.427466
0.0368929 -0.351456 0.42233 0.00901639 -0.354845 0.427297
0.0378717 -0.351348 0.422156 0.00996919 -0.354739 0.427127
0.0388504 -0.351239 0.421982 0.010923 -0.354634 0.426957
0.0398291 -0.35113 0.421808 0.0118777 -0.354528 0.426787
0.0408078 -0.351021 0.421634 0.0128335 -0.354422 0.426617
0.0417866 -0.350913 0.42146 0.0137905 -0.354317 0.426447
0.0427653 -0.350804 0.421286 0.0147489 -0.354211 0.426276
0.043744 -0.350695 0.421112 0.0157084 -0.354105 0.426105
0.0447227 -0.350586 0.420938 0.0166687 -0.353999 0.425934
0.0457015 -0.350478 0.420764 0.0176299 -0.353893 0.425763
0.0466802 -0.350369 0.42059 0.0185917 -0.353787 0.425592
0.0476589 -0.35026 0.420416 0.0195544 -0.35368 0.42542
0.0486376 -0.350151 0.420242 0.0205178 -0.353574 0.425249
0.0496164 -0.350043 0.420068 0.0214819 -0.353468 0.425077
0.0505951 -0.349934 0.419894 0.0224467 -0.353361 0.424906
0.0515738 -0.349825 0.41972 0.0234122 -0.353255 0.424734
0.0525525 -0.349716 0.419546 0.0243784 -0.353148 0.424562
0.0535312 -0.349608 0.419372 0.0253452 -0.353041 0.42439
0.05451 -0.349499 0.419198 0.0263127 -0.352934 0.424218
0.0554887 -0.34939 0.419024 0.0272807 -0.352828 0.424045
0.0564674 -0.349281 0.41885 0.0282493 -0.352721 0.423873
0.0574461 -0.349173 0.418676 0.0292185 -0.352614 0.4237
0.0584249 -0.349064 0.418502 0.0301882 -0.352507 0.423528
0.0594036 -0.348955 0.418328 0.0311584 -0.352399 0.423355
0.0603823 -0.348846 0.418154 0.0321292 -0.352292 0.423182
0.061361 -0.348738 0.41798 0.0331021 -0.352185 0.423009
0.0623398 -0.348629 0.417806 0.034078 -0.352077 0.422836
0.0633185 -0.34852 0.417632 0.0350554 -0.35197 0.422662
0.0642972 -0.348411 0.417458 0.0360326 -0.351862 0.422488
0.0652759 -0.348303 0.417284 0.0370096 -0.351754 0.422314
0.0662547 -0.348194 0.41711 0.037498 -0.3517 0.422227
0.0672334 -0.348085 0.416936 0.0379863 -0.351646 0.42214
0.0682121 -0.347976 0.416762 0.0399389 -0.35143 0.421793
0.0691908 -0.347868 0.416588 0.0409126 -0.351323 0.42162
0.0701695 -0.347759 0.416414 0.0418824 -0.351215 0.421447
0.0711483 -0.34765 0.41624 0.0428507 -0.351107 0.421275
0.072127 -0.347541 0.416066 0.0438195 -0.350999 0.421103
0.0731057 -0.347433 0.415892 0.0447893 -0.350892 0.42093
0.0740844 -0.347324 0.415718 0.0457598 -0.350784 0.420757
0.0750632 -0.347215 0.415544 0.0467311 -0.350676 0.420585
0.0760419 -0.347106 0.41537 0.0477032 -0.350568 0.420412
0.0770206 -0.346998 0.415196 0.0486758 -0.35046 0.420239
0.0779993 -0.346889 0.415022 0.0496491 -0.350352 0.420066
0.0789781 -0.34678 0.414848 0.05111 -0.35019 0.419806
0.0799568 -0.346671 0.414674 0.0515972 -0.350136 0.419719
0.0809355 -0.346563 0.4145 0.0525719 -0.350028 0.419546
0.0819142 -0.346454 0.414326 0.0540349 -0.349866 0.419286
0.082893 -0.346345 0.414152 0.0550106 -0.349758 0.419112
0.0838717 -0.346236 0.413978 0.0559867 -0.34965 0.418939
0.0848504 -0.346128 0.413804 0.0569631 -0.349542 0.418765
0.0858291 -0.346019 0.41363 0.0574514 -0.349487 0.418678
0.0868078 -0.34591 0.413456 0.0584282 -0.349379 0.418505
0.0877866 -0.345801 0.413282 0.0594053 -0.349271 0.418331
0.0887653 -0.345693 0.413108 0.0603826 -0.349162 0.418157
0.089744 -0.345584 0.412934 0.061849 -0.349 0.417897
0.0907227 -0.345475 0.41276 0.0623381 -0.348946 0.41781
0.0917015 -0.345367 0.412586 0.0633169 -0.348837 0.417636
0.0926802 -0.345258 0.412412 0.064296 -0.348729 0.417462
0.0936589 -0.345149 0.412238 0.0652752 -0.34862 0.417288
0.0946376 -0.34504 0.412064 0.0662543 -0.348511 0.417114
0.0956164 -0.344932 0.41189 0.0672334 -0.348403 0.416939
0.0965951 -0.344823 0.411716 0.0682125 -0.348294 0.416765
0.0975738 -0.344714 0.411542 0.069681 -0.348131 0.416505
0.0985525 -0.344605 0.411368 0.0701706 -0.348077 0.416418
0.0995313 -0.344497 0.411194 0.0711498 -0.347968 0.416243
0.10051 -0.344388 0.41102 0.0721294 -0.347859 0.416069
0.101489 -0.344279 0.410846 0.0731093 -0.347751 0.415895
0.102467 -0.34417 0.410672 0.0740894 -0.347642 0.415721
0.103446 -0.344062 0.410498 0.0750693 -0.347533 0.415547
0.104425 -0.343953 0.410324 0.0760492 -0.347424 0.415373
0.105404 -0.343844 0.41015 0.0770288 -0.347315 0.415199
0.106382 -0.343735 0.409976 0.0780083 -0.347207 0.415025
0.107361 -0.343627 0.409802 0.0794773 -0.347043 0.414764
0.10834 -0.343518 0.409628 0.0799669 -0.346989 0.414677
0.109318 -0.343409 0.409454 0.080946 -0.34688 0.414503
0.110297 -0.3433 0.40928 0.081925 -0.346771 0.414329
0.111276 -0.343192 0.409107 0.082904 -0.346662 0.414155
0.112255 -0.343083 0.408933 0.083883 -0.346554 0.413981
0.113233 -0.342974 0.408759 0.0848618 -0.346445 0.413807
0.114212 -0.342865 0.408585 0.0858407 -0.346336 0.413634
0.115191 -0.342757 0.408411 0.0868197 -0.346227 0.41346
0.11617 -0.342648 0.408237 0.0877988 -0.346118 0.413286
0.117148 -0.342539 0.408063 0.0887777 -0.346009 0.413112
0.118127 -0.34243 0.407889 0.0897565 -0.3459 0.412938
0.119106 -0.342322 0.407715 0.0907352 -0.345792 0.412764
0.120084 -0.342213 0.407541 0.0917138 -0.345683 0.412591
0.121063 -0.342104 0.407367 0.0926924 -0.345574 0.412417
0.122042 -0.341995 0.407193 0.0936715 -0.345465 0.412243
0.123021 -0.341887 0.407019 0.0946516 -0.345356 0.412069
0.123999 -0.341778 0.406845 0.095632 -0.345247 0.411895
0.124978 -0.341669 0.406671 0.0966122 -0.345138 0.411721
0.125957 -0.34156 0.406497 0.0975921 -0.345029 0.411547
0.126936 -0.341452 0.406323 0.0985717 -0.34492 0.411373
0.127914 -0.341343 0.406149 0.0995512 -0.344811 0.411199
0.128893 -0.341234 0.405975 0.10053 -0.344702 0.411025
0.129872 -0.341125 0.405801 0.10151 -0.344593 0.410852
0.13085 -0.341017 0.405627 0.102488 -0.344484 0.410678
0.131829 -0.340908 0.405453 0.103467 -0.344375 0.410504
0.132808 -0.340799 0.405279 0.104446 -0.344267 0.41033
0.133787 -0.34069 0.405105 0.105424 -0.344158 0.410157
0.134765 -0.340582 0.404931 0.106402 -0.344049 0.409983
0.135744 -0.340473 0.404757 0.107381 -0.34394 0.409809
0.136723 -0.340364 0.404583 0.108359 -0.343831 0.409636
0.137701 -0.340255 0.404409 0.109337 -0.343722 0.409462
0.13868 -0.340147 0.404235 0.110315 -0.343613 0.409289
0.139659 -0.340038 0.404061 0.111293 -0.343504 0.409115
0.140638 -0.339929 0.403887 0.112271 -0.343395 0.408942
0.141616 -0.33982 0.403713 0.113248 -0.343286 0.408768
0.142595 -0.339712 0.403539 0.114226 -0.343178 0.408595
0.143574 -0.339603 0.403365 0.115204 -0.343069 0.408421
0.144553 -0.339494 0.403191 0.116182 -0.34296 0.408248
0.145531 -0.339385 0.403017 0.11716 -0.342851 0.408074
0.14651 -0.339277 0.402843 0.118138 -0.342742 0.407901
0.147489 -0.339168 0.402669 0.119117 -0.342633 0.407727
0.148467 -0.339059 0.402495 0.120095 -0.342524 0.407553
0.149446 -0.33895 0.402321 0.120584 -0.34247 0.407467
0.150425 -0.338842 0.402147 0.122052 -0.342306 0.407206
0.151404 -0.338733 0.401973 0.123031 -0.342197 0.407033
0.152382 -0.338624 0.401799 0.124012 -0.342088 0.406859
0.153361 -0.338515 0.401625 0.124996 -0.341979 0.406684
0.15434 -0.338407 0.401451 0.125981 -0.34187 0.406509
0.155318 -0.338298 0.401277 0.126967 -0.341761 0.406335
0.156297 -0.338189 0.401103 0.127952 -0.341651 0.40616
0.157276 -0.33808 0.400929 0.128445 -0.341597 0.406073
0.158255 -0.337972 0.400755 0.129924 -0.341432 0.40581
0.159233 -0.337863 0.400581 0.130911 -0.341323 0.405635
0.160212 -0.337754 0.400407 0.131896 -0.341213 0.405461
0.161191 -0.337645 0.400233 0.132881 -0.341104 0.405286
0.16217 -0.337537 0.400059 0.133864 -0.340994 0.405112
0.163148 -0.337428 0.399885 0.134846 -0.340885 0.404937
0.164127 -0.337319 0.399711 0.135827 -0.340776 0.404763
0.165106 -0.33721 0.399537 0.136808 -0.340666 0.40459
0.166084 -0.337102 0.399363 0.137788 -0.340557 0.404416
0.167063 -0.336993 0.399189 0.138767 -0.340448 0.404242
0.168042 -0.336884 0.399015 0.139745 -0.340338 0.404069
0.169021 -0.336775 0.398841 0.140724 -0.340229 0.403895
0.169999 -0.336667 0.398667 0.141701 -0.34012 0.403722
0.170978 -0.336558 0.398493 0.142678 -0.340011 0.403549
0.171957 -0.336449 0.398319 0.143655 -0.339902 0.403375
0.172936 -0.33634 0.398145 0.144632 -0.339793 0.403202
0.173914 -0.336232 0.397971 0.145609 -0.339684 0.403029
0.174893 -0.336123 0.397797 0.146585 -0.339575 0.402856
0.175872 -0.336014 0.397623 0.147561 -0.339466 0.402683
0.17685 -0.335906 0.397449 0.148537 -0.339357 0.40251
0.177829 -0.335797 0.397275 0.149513 -0.339248 0.402337
0.178808 -0.335688 0.397101 0.150488 -0.339139 0.402164
0.179787 -0.335579 0.396927 0.151464 -0.33903 0.401991
0.180765 -0.335471 0.396753 0.15244 -0.338921 0.401818
0.181744 -0.335362 0.396579 0.153415 -0.338812 0.401645
0.182723 -0.335253 0.396405 0.154391 -0.338703 0.401472
0.183701 -0.335144 0.396231 0.155366 -0.338594 0.401299
0.18468 -0.335036 0.396057 0.156342 -0.338485 0.401126
0.185659 -0.334927 0.395883 0.157318 -0.338376 0.400953
0.186638 -0.334818 0.395709 0.158781 -0.338213 0.400694
0.187616 -0.334709 0.395535 0.159269 -0.338159 0.400607
0.188595 -0.334601 0.395361 0.160245 -0.33805 0.400434
0.189574 -0.334492 0.395187 0.16122 -0.337941 0.400261
0.190553 -0.334383 0.395013 0.162196 -0.337832 0.400088
0.191531 -0.334274 0.394839 0.163172 -0.337723 0.399915
0.19251 -0.334166 0.394665 0.164148 -0.337614 0.399743
0.193489 -0.334057 0.394491 0.165125 -0.337506 0.39957
0.194467 -0.333948 0.394317 0.166589 -0.337342 0.39931
0.195446 -0.333839 0.394143 0.167565 -0.337233 0.399137
0.196425 -0.333731 0.393969 0.168542 -0.337124 0.398964
0.197404 -0.333622 0.393795 0.169519 -0.337016 0.398791
0.198382 -0.333513 0.393621 0.170008 -0.336961 0.398704
0.199361 -0.333404 0.393447 0.170985 -0.336852 0.398531
0.20034 -0.333296 0.393273 0.171963 -0.336743 0.398358
0.201318 -0.333187 0.393099 0.17294 -0.336634 0.398185
0.202297 -0.333078 0.392925 0.173917 -0.336525 0.398012
0.203276 -0.332969 0.392751 0.175383 -0.336362 0.397752
0.204255 -0.332861 0.392577 0.175872 -0.336307 0.397665
0.205233 -0.332752 0.392403 0.176849 -0.336198 0.397492
0.206212 -0.332643 0.392229 0.177826 -0.336089 0.397319
0.207191 -0.332534 0.392055 0.178804 -0.33598 0.397146
0.20817 -0.332426 0.391881 0.179781 -0.335871 0.396972
0.209148 -0.332317 0.391707 0.180759 -0.335762 0.396799
0.210127 -0.332208 0.391533 0.182225 -0.335599 0.396539
0.211106 -0.332099 0.391359 0.183203 -0.33549 0.396366
0.212084 -0.331991 0.391185 0.184181 -0.335381 0.396193
0.213063 -0.331882 0.391011 0.185159 -0.335272 0.39602
0.214042 -0.331773 0.390837 0.185648 -0.335217 0.395933
0.215021 -0.331664 0.390663 0.186626 -0.335108 0.39576
0.215999 -0.331556 0.390489 0.187604 -0.334999 0.395587
0.216978 -0.331447 0.390315 0.188582 -0.33489 0.395413
0.217957 -0.331338 0.390141 0.189561 -0.334781 0.39524
0.218936 -0.331229 0.389967 0.19103 -0.334617 0.39498
0.219914 -0.331121 0.389793 0.191521 -0.334563 0.394893
0.220893 -0.331012 0.389619 0.192501 -0.334453 0.394719
0.221872 -0.330903 0.389445 0.193481 -0.334344 0.394545
0.22285 -0.330794 0.389271 0.19446 -0.334235 0.394372
0.223829 -0.330686 0.389097 0.19544 -0.334126 0.394198
0.224808 -0.330577 0.388923 0.196419 -0.334016 0.394025
0.225787 -0.330468 0.388749 0.197398 -0.333907 0.393852
0.226765 -0.330359 0.388575 0.198377 -0.333798 0.393678
0.227744 -0.330251 0.388401 0.199356 -0.333689 0.393505
0.228723 -0.330142 0.388227 0.200335 -0.333579 0.393331
0.229701 -0.330033 0.388053 0.201314 -0.33347 0.393158
0.23068 -0.329924 0.387879 0.202293 -0.333361 0.392984
0.231659 -0.329816 0.387705 0.203761 -0.333197 0.392724
0.232638 -0.329707 0.387531 0.20474 -0.333088 0.392551
0.233616 -0.329598 0.387357 0.205719 -0.332979 0.392377
0.234595 -0.329489 0.387183 0.206697 -0.332869 0.392204
0.235574 -0.329381 0.387009 0.207676 -0.33276 0.392031
0.236553 -0.329272 0.386835 0.208654 -0.332651 0.391857
0.237531 -0.329163 0.386661 0.209633 -0.332542 0.391684
0.23851 -0.329054 0.386487 0.210611 -0.332432 0.391511
0.239489 -0.328946 0.386313 0.2111 -0.332378 0.391424
0.240467 -0.328837 0.386139 0.212567 -0.332214 0.391164
0.241446 -0.328728 0.385965 0.213542 -0.332105 0.390991
0.242425 -0.328619 0.385791 0.214517 -0.331996 0.390819
0.243404 -0.328511 0.385617 0.215492 -0.331887 0.390646
0.244382 -0.328402 0.385443 0.216467 -0.331778 0.390473
0.245361 -0.328293 0.385269 0.217442 -0.331669 0.3903
0.24634 -0.328184 0.385095 0.218418 -0.33156 0.390127
0.247319 -0.328076 0.384921 0.219394 -0.331451 0.389955
0.248297 -0.327967 0.384747 0.22037 -0.331342 0.389782
0.249276 -0.327858 0.384573 0.221347 -0.331232 0.389608
0.250255 -0.327749 0.384399 0.222325 -0.331123 0.389435
0.251233 -0.327641 0.384225 0.223302 -0.331014 0.389262
0.252212 -0.327532 0.384051 0.22428 -0.330905 0.389089
0.253191 -0.327423 0.383877 0.225258 -0.330796 0.388916
0.25417 -0.327314 0.383703 0.225747 -0.330741 0.388829
0.255148 -0.327206 0.383529 0.227215 -0.330578 0.388569
0.256127 -0.327097 0.383355 0.228193 -0.330468 0.388396
0.257106 -0.326988 0.383181 0.229172 -0.330359 0.388223
0.258084 -0.32688 0.383007 0.23015 -0.33025 0.388049
0.259063 -0.326771 0.382833 0.231129 -0.330141 0.387876
0.260042 -0.326662 0.382659 0.231618 -0.330086 0.387789
0.261021 -0.326553 0.382485 0.233086 -0.329922 0.387529
0.261999 -0.326445 0.382311 0.234065 -0.329813 0.387356
0.262978 -0.326336 0.382137 0.235044 -0.329704 0.387183
0.263957 -0.326227 0.381963 0.236023 -0.329594 0.387009
0.264936 -0.326118 0.381789 0.237002 -0.329485 0.386836
0.265914 -0.32601 0.381615 0.237981 -0.329376 0.386662
0.266893 -0.325901 0.381441 0.23896 -0.329267 0.386489
0.267872 -0.325792 0.381267 0.239939 -0.329157 0.386315
0.26885 -0.325683 0.381093 0.240918 -0.329048 0.386142
0.269829 -0.325575 0.380919 0.241897 -0.328939 0.385969
0.270808 -0.325466 0.380745 0.242876 -0.32883 0.385795
0.271787 -0.325357 0.380571 0.243855 -0.32872 0.385622
0.272765 -0.325248 0.380397 0.244834 -0.328611 0.385448
0.273744 -0.32514 0.380223 0.245812 -0.328502 0.385275
0.274723 -0.325031 0.380049 0.246791 -0.328392 0.385102
0.275701 -0.324922 0.379875 0.24777 -0.328283 0.384928
0.27668 -0.324813 0.379701 0.248749 -0.328174 0.384755
0.277659 -0.324705 0.379527 0.249728 -0.328064 0.384581
0.278638 -0.324596 0.379353 0.250707 -0.327955 0.384408
0.279616 -0.324487 0.379179 0.251685 -0.327846 0.384234
0.280595 -0.324378 0.379005 0.252664 -0.327737 0.384061
0.281574 -0.32427 0.378831 0.253643 -0.327627 0.383888
0.282553 -0.324161 0.378657 0.254622 -0.327518 0.383714
0.283531 -0.324052 0.378483 0.255601 -0.327409 0.383541
0.28451 -0.323943 0.378309 0.25658 -0.327299 0.383367
0.285489 -0.323835 0.378135 0.257559 -0.32719 0.383194
0.286467 -0.323726 0.377961 0.258538 -0.327081 0.38302
0.287446 -0.323617 0.377787 0.259517 -0.326971 0.382847
0.288425 -0.323508 0.377613 0.260495 -0.326862 0.382674
0.289404 -0.3234 0.377439 0.261474 -0.326753 0.3825
0.290382 -0.323291 0.377265 0.262452 -0.326643 0.382327
0.291361 -0.323182 0.377091 0.26343 -0.326534 0.382154
0.29234 -0.323073 0.376917 0.264408 -0.326425 0.38198
0.293319 -0.322965 0.376743 0.265387 -0.326316 0.381807
0.294297 -0.322856 0.376569 0.266365 -0.326206 0.381633
0.295276 -0.322747 0.376395 0.267343 -0.326097 0.38146
0.296255 -0.322638 0.376221 0.268322 -0.325988 0.381287
0.297233 -0.32253 0.376047 0.269301 -0.325879 0.381113
0.298212 -0.322421 0.375873 0.26979 -0.325824 0.381027
0.299191 -0.322312 0.375699 0.270769 -0.325715 0.380853
0.30017 -0.322203 0.375525 0.272237 -0.325551 0.380593
0.301148 -0.322095 0.375351 0.273216 -0.325441 0.380419
0.302127 -0.321986 0.375177 0.274195 -0.325332 0.380246
0.303106 -0.321877 0.375003 0.275174 -0.325223 0.380073
0.304084 -0.321768 0.374829 0.276153 -0.325113 0.379899
0.305063 -0.32166 0.374655 0.277132 -0.325004 0.379726
0.306042 -0.321551 0.374481 0.277622 -0.324949 0.379639
0.307021 -0.321442 0.374307 0.279091 -0.324785 0.379378
0.307999 -0.321333 0.374133 0.280071 -0.324676 0.379205
0.308978 -0.321225 0.373959 0.281051 -0.324567 0.379031
0.309957 -0.321116 0.373785 0.282031 -0.324457 0.378857
0.310936 -0.321007 0.373611 0.283011 -0.324348 0.378684
0.311914 -0.320898 0.373437 0.28399 -0.324238 0.37851
0.312893 -0.32079 0.373263 0.28497 -0.324129 0.378337
0.313872 -0.320681 0.373089 0.285949 -0.32402 0.378163
0.31485 -0.320572 0.372915 0.286929 -0.32391 0.377989
0.315829 -0.320463 0.372741 0.287908 -0.323801 0.377816
0.316808 -0.320355 0.372567 0.288888 -0.323692 0.377642
0.317787 -0.320246 0.372393 0.289867 -0.323582 0.377469
0.318765 -0.320137 0.372219 0.290846 -0.323473 0.377295
0.319744 -0.320028 0.372046 0.291825 -0.323364 0.377122
0.320723 -0.31992 0.371872 0.292804 -0.323254 0.376948
0.321701 -0.319811 0.371698 0.293784 -0.323145 0.376774
0.32268 -0.319702 0.371524 0.294763 -0.323035 0.376601
0.323659 -0.319593 0.37135 0.295742 -0.322926 0.376427
0.324638 -0.319485 0.371176 0.296721 -0.322817 0.376254
0.325616 -0.319376 0.371002 0.2977 -0.322707 0.37608
0.326595 -0.319267 0.370828 0.298679 -0.322598 0.375907
0.327574 -0.319158 0.370654 0.299658 -0.322489 0.375733
0.328553 -0.31905 0.37048 0.300638 -0.322379 0.375559
0.329531 -0.318941 0.370306 0.301617 -0.32227 0.375386
0.33051 -0.318832 0.370132 0.302597 -0.322161 0.375212
0.331489 -0.318723 0.369958 0.303087 -0.322106 0.375125
0.332467 -0.318615 0.369784 0.304557 -0.321942 0.374865
0.333446 -0.318506 0.36961 0.305536 -0.321833 0.374691
0.334425 -0.318397 0.369436 0.306516 -0.321723 0.374517
0.335404 -0.318288 0.369262 0.307006 -0.321668 0.374431
0.336382 -0.31818 0.369088 0.308476 -0.321504 0.37417
0.337361 -0.318071 0.368914 0.309455 -0.321395 0.373997
0.33834 -0.317962 0.36874 0.310433 -0.321286 0.373823
0.339319 -0.317853 0.368566 0.311411 -0.321177 0.37365
0.340297 -0.317745 0.368392 0.312389 -0.321067 0.373476
0.341276 -0.317636 0.368218 0.312878 -0.321013 0.37339
0.342255 -0.317527 0.368044 0.314346 -0.320849 0.373129
0.343233 -0.317419 0.36787 0.315325 -0.32074 0.372956
0.344212 -0.31731 0.367696 0.316304 -0.32063 0.372782
0.345191 -0.317201 0.367522 0.317283 -0.320521 0.372609
0.34617 -0.317092 0.367348 0.318263 -0.320412 0.372435
0.347148 -0.316984 0.367174 0.318752 -0.320357 0.372348
0.348127 -0.316875 0.367 0.319732 -0.320248 0.372174
0.349106 -0.316766 0.366826 0.320712 -0.320138 0.372001
0.350084 -0.316657 0.366652 0.321692 -0.320029 0.371827
0.351063 -0.316549 0.366478 0.322672 -0.31992 0.371653
0.352042 -0.31644 0.366304 0.323651 -0.31981 0.37148
0.353021 -0.316331 0.36613 0.324631 -0.319701 0.371306
0.353999 -0.316222 0.365956 0.3261 -0.319537 0.371045
0.354978 -0.316114 0.365782 0.32659 -0.319482 0.370959
0.355957 -0.316005 0.365608 0.327569 -0.319373 0.370785
0.356936 -0.315896 0.365434 0.32904 -0.319209 0.370524
0.357914 -0.315787 0.36526 0.330021 -0.319099 0.37035
0.358893 -0.315679 0.365086 0.331004 -0.31899 0.370176
0.359872 -0.31557 0.364912 0.331987 -0.31888 0.370002
0.36085 -0.315461 0.364738 0.332969 -0.318771 0.369828
0.361829 -0.315352 0.364564 0.333951 -0.318661 0.369654
0.362808 -0.315244 0.36439 0.334932 -0.318552 0.36948
0.363787 -0.315135 0.364216 0.335913 -0.318442 0.369306
0.364765 -0.315026 0.364042 0.336894 -0.318333 0.369132
0.365744 -0.314917 0.363868 0.337874 -0.318224 0.368958
0.366723 -0.314809 0.363694 0.338854 -0.318114 0.368784
0.367701 -0.3147 0.36352 0.339833 -0.318005 0.368611
0.36868 -0.314591 0.363346 0.340323 -0.31795 0.368524
0.369659 -0.314482 0.363172 0.341302 -0.317841 0.36835
0.370638 -0.314374 0.362998 0.342281 -0.317731 0.368176
0.371616 -0.314265 0.362824 0.34326 -0.317622 0.368003
0.372595 -0.314156 0.36265 0.344239 -0.317513 0.367829
0.373574 -0.314047 0.362476 0.345217 -0.317404 0.367655
0.374553 -0.313939 0.362302 0.345706 -0.317349 0.367569
0.375531 -0.31383 0.362128 0.346196 -0.317294 0.367482
0.37651 -0.313721 0.361954 0.348641 -0.317021 0.367048
0.377489 -0.313612 0.36178 0.349617 -0.316912 0.366875
0.378467 -0.313504 0.361606 0.350105 -0.316858 0.366788
0.379446 -0.313395 0.361432 0.351561 -0.316695 0.36653
0.380425 -0.313286 0.361258 0.352531 -0.316586 0.366357
0.381404 -0.313177 0.361084 0.353502 -0.316478 0.366185
0.382382 -0.313069 0.36091 0.354474 -0.316369 0.366012
0.383361 -0.31296 0.360736 0.355445 -0.31626 0.36584
0.38434 -0.312851 0.360562 0.356418 -0.316152 0.365667
0.385319 -0.312742 0.360388 0.35739 -0.316043 0.365495
0.386297 -0.312634 0.360214 0.358364 -0.315934 0.365322
0.387276 -0.312525 0.36004 0.359338 -0.315826 0.365149
0.388255 -0.312416 0.359866 0.359826 -0.315771 0.365062
0.389233 -0.312307 0.359692 0.361774 -0.315554 0.364717
0.390212 -0.312199 0.359518 0.362744 -0.315445 0.364545
0.391191 -0.31209 0.359344 0.363713 -0.315337 0.364372
0.39217 -0.311981 0.35917 0.364682 -0.315229 0.3642
0.393148 -0.311872 0.358996 0.365651 -0.31512 0.364028
0.394127 -0.311764 0.358822 0.366621 -0.315012 0.363856
0.395106 -0.311655 0.358648 0.367591 -0.314904 0.363684
0.396084 -0.311546 0.358474 0.368562 -0.314795 0.363512
0.397063 -0.311437 0.3583 0.369533 -0.314687 0.363339
0.398042 -0.311329 0.358126 0.370504 -0.314579 0.363167
0.399021 -0.31122 0.357952 0.371475 -0.31447 0.362995
0.399999 -0.311111 0.357778 0.372446 -0.314362 0.362822
0.400978 -0.311002 0.357604 0.373418 -0.314254 0.36265
0.401957 -0.310894 0.35743 0.374389 -0.314145 0.362478
0.402936 -0.310785 0.357256 0.37536 -0.314037 0.362305
0.403914 -0.310676 0.357082 0.376332 -0.313929 0.362133
0.404893 -0.310567 0.356908 0.377304 -0.31382 0.36196
0.405872 -0.310459 0.356734 0.378276 -0.313712 0.361788
0.40685 -0.31035 0.35656 0.379248 -0.313603 0.361615
0.407829 -0.310241 0.356386 0.380221 -0.313495 0.361443
0.408808 -0.310132 0.356212 0.381193 -0.313387 0.36127
0.409787 -0.310024 0.356038 0.382166 -0.313278 0.361098
0.410765 -0.309915 0.355864 0.383139 -0.31317 0.360925
0.411744 -0.309806 0.35569 0.384113 -0.313061 0.360753
0.412723 -0.309697 0.355516 0.385087 -0.312953 0.36058
0.413701 -0.309589 0.355342 0.386062 -0.312844 0.360407
0.41468 -0.30948 0.355168 0.38655 -0.31279 0.36032
0.415659 -0.309371 0.354994 0.388013 -0.312627 0.360061
0.416638 -0.309262 0.35482 0.388989 -0.312518 0.359888
0.417616 -0.309154 0.354646 0.389965 -0.312409 0.359714
0.418595 -0.309045 0.354472 0.390941 -0.3123 0.359541
0.419574 -0.308936 0.354298 0.391918 -0.312192 0.359368
0.420553 -0.308827 0.354124 0.392893 -0.312083 0.359195
0.421531 -0.308719 0.35395 0.393865 -0.311975 0.359023
0.42251 -0.30861 0.353776 0.394837 -0.311866 0.35885
0.423489 -0.308501 0.353602 0.395809 -0.311758 0.358677
0.424467 -0.308393 0.353428 0.396782 -0.311649 0.358505
0.425446 -0.308284 0.353254 0.397269 -0.311595 0.358418
0.426425 -0.308175 0.35308 0.398243 -0.311486 0.358245
0.427404 -0.308066 0.352906 0.399705 -0.311323 0.357986
0.428382 -0.307958 0.352732 0.400681 -0.311215 0.357813
0.429361 -0.307849 0.352558 0.401658 -0.311106 0.357639
0.43034 -0.30774 0.352384 0.402636 -0.310997 0.357466
0.431319 -0.307631 0.35221 0.403614 -0.310888 0.357293
0.432297 -0.307523 0.352036 0.404591 -0.310779 0.357119
0.433276 -0.307414 0.351862 0.405565 -0.310671 0.356946
0.434255 -0.307305 0.351688 0.406538 -0.310562 0.356774
0.435233 -0.307196 0.351514 0.407512 -0.310454 0.356601
0.436212 -0.307088 0.35134 0.408485 -0.310345 0.356428
0.437191 -0.306979 0.351166 0.409456 -0.310237 0.356255
0.43817 -0.30687 0.350992 0.410426 -0.310128 0.356083
0.439148 -0.306761 0.350818 0.411398 -0.31002 0.35591
0.440127 -0.306653 0.350644 0.41237 -0.309911 0.355738
0.441106 -0.306544 0.35047 0.413344 -0.309803 0.355565
0.442084 -0.306435 0.350296 0.414319 -0.309694 0.355392
0.443063 -0.306326 0.350122 0.415295 -0.309586 0.355219
0.444042 -0.306218 0.349948 0.416271 -0.309477 0.355045
0.445021 -0.306109 0.349774 0.417249 -0.309368 0.354872
0.445999 -0.306 0.3496 0.418226 -0.309259 0.354699
0.446978 -0.305891 0.349426 0.419204 -0.30915 0.354525
0.447957 -0.305783 0.349252 0.420183 -0.309041 0.354351
0.448936 -0.305674 0.349078 0.420672 -0.308987 0.354265
0.449914 -0.305565 0.348904 0.422142 -0.308823 0.354004
0.450893 -0.305456 0.34873 0.423122 -0.308714 0.35383
0.451872 -0.305348 0.348556 0.424104 -0.308605 0.353656
0.45285 -0.305239 0.348382 0.425086 -0.308496 0.353482
0.453829 -0.30513 0.348208 0.426069 -0.308386 0.353308
0.454808 -0.305021 0.348034 0.426561 -0.308332 0.35322
0.455787 -0.304913 0.34786 0.427544 -0.308222 0.353046
0.456765 -0.304804 0.347686 0.42902 -0.308058 0.352784
0.457744 -0.304695 0.347512 0.430005 -0.307949 0.35261
0.458723 -0.304586 0.347338 0.43099 -0.307839 0.352435
0.459702 -0.304478 0.347164 0.431482 -0.307784 0.352347
0.46068 -0.304369 0.34699 0.432467 -0.307675 0.352173
0.461659 -0.30426 0.346816 0.433946 -0.30751 0.35191
0.462638 -0.304151 0.346642 0.434439 -0.307455 0.351823
0.463616 -0.304043 0.346468 0.435425 -0.307346 0.351648
0.464595 -0.303934 0.346294 0.436903 -0.307181 0.351386
0.465574 -0.303825 0.34612 0.437889 -0.307071 0.351211
0.466553 -0.303716 0.345946 0.438875 -0.306961 0.351036
0.467531 -0.303608 0.345772 0.439861 -0.306852 0.350861
0.46851 -0.303499 0.345598 0.440846 -0.306742 0.350686
0.469489 -0.30339 0.345424 0.441832 -0.306632 0.350511
0.470467 -0.303281 0.34525 0.442324 -0.306577 0.350424
0.471446 -0.303173 0.345076 0.443802 -0.306413 0.350161
0.472425 -0.303064 0.344902 0.444294 -0.306358 0.350074
0.473404 -0.302955 0.344728 0.445771 -0.306193 0.349812
0.474382 -0.302846 0.344554 0.446755 -0.306084 0.349637
0.475361 -0.302738 0.34438 0.447739 -0.305974 0.349462
0.47634 -0.302629 0.344206 0.448722 -0.305864 0.349287
0.477319 -0.30252 0.344032 0.449706 -0.305755 0.349113
0.478297 -0.302411 0.343858 0.450198 -0.3057 0.349025
0.479276 -0.302303 0.343684 0.451181 -0.30559 0.348851
0.480255 -0.302194 0.34351 0.452165 -0.305481 0.348676
0.481233 -0.302085 0.343336 0.453149 -0.305371 0.348501
0.482212 -0.301976 0.343162 0.454132 -0.305261 0.348326
0.483191 -0.301868 0.342988 0.455115 -0.305152 0.348152
0.48417 -0.301759 0.342814 0.456099 -0.305042 0.347977
0.485148 -0.30165 0.34264 0.457082 -0.304933 0.347803
0.486127 -0.301541 0.342466 0.458066 -0.304823 0.347628
0.487106 -0.301433 0.342292 0.459049 -0.304714 0.347453
0.488084 -0.301324 0.342118 0.460034 -0.304604 0.347278
0.489063 -0.301215 0.341944 0.461017 -0.304494 0.347104
0.490042 -0.301106 0.34177 0.461999 -0.304385 0.346929
0.491021 -0.300998 0.341596 0.462979 -0.304275 0.346755
0.491999 -0.300889 0.341422 0.463959 -0.304166 0.346581
0.492978 -0.30078 0.341248 0.46494 -0.304057 0.346406
0.493957 -0.300671 0.341074 0.465431 -0.304002 0.346319
0.494936 -0.300563 0.3409 0.466903 -0.303838 0.346058
0.495914 -0.300454 0.340726 0.467885 -0.303729 0.345883
0.496893 -0.300345 0.340552 0.468867 -0.303619 0.345709
0.497872 -0.300236 0.340378 0.46985 -0.30351 0.345534
0.49885 -0.300128 0.340204 0.470833 -0.3034 0.34536
0.499829 -0.300019 0.34003 0.471816 -0.303291 0.345185
0.500808 -0.29991 0.339856 0.472307 -0.303236 0.345098
0.499829 -0.300019 0.34003 0.475251 -0.302908 0.344575
0.500808 -0.29991 0.339856 0.476222 -0.302799 0.344402
0.499829 -0.300019 0.34003 0.477187 -0.302691 0.34423
0.500808 -0.29991 0.339856 0.477669 -0.302637 0.344144
0.499829 -0.300019 0.34003 0.479104 -0.302476 0.343888
0.500808 -0.29991 0.339856 0.480049 -0.30237 0.343719
0.499829 -0.300019 0.34003 0.480981 -0.302265 0.343552
0.500808 -0.29991 0.339856 0.48144 -0.302213 0.343469
0.499829 -0.300019 0.34003 0.482346 -0.30211 0.343306
0.500808 -0.29991 0.339856 0.483232 -0.302009 0.343146
0.499829 -0.300019 0.34003 0.484095 -0.30191 0.342989
0.500808 -0.29991 0.339856 0.484936 -0.301814 0.342836
0.499829 -0.300019 0.34003 0.485752 -0.301719 0.342687
0.500808 -0.29991 0.339856 0.486544 -0.301627 0.342542
0.499829 -0.300019 0.34003 0.48731 -0.301538 0.342401
0.500808 -0.29991 0.339856 0.488049 -0.301451 0.342265
0.499829 -0.300019 0.34003 0.488762 -0.301367 0.342133
0.500808 -0.29991 0.339856 0.489448 -0.301286 0.342006
0.499829 -0.300019 0.34003 0.490107 -0.301207 0.341883
0.500808 -0.29991 0.339856 0.490738 -0.301132 0.341765
0.499829 -0.300019 0.34003 0.491344 -0.301059 0.341651
0.500808 -0.29991 0.339856 0.491922 -0.30099 0.341543
0.499829 -0.300019 0.34003 0.492475 -0.300923 0.341439
0.500808 -0.29991 0.339856 0.493002 -0.300859 0.341339
0.499829 -0.300019 0.34003 0.493504 -0.300798 0.341244
0.500808 -0.29991 0.339856 0.493982 -0.30074 0.341153
0.499829 -0.300019 0.34003 0.494436 -0.300685 0.341067
0.500808 -0.29991 0.339856 0.494866 -0.300632 0.340985
0.499829 -0.300019 0.34003 0.495275 -0.300582 0.340907
0.500808 -0.29991 0.339856 0.49547 -0.300558 0.34087
0.499829 -0.300019 0.34003 0.496026 -0.30049 0.340764
0.500808 -0.29991 0.339856 0.496371 -0.300447 0.340698
0.499829 -0.300019 0.34003 0.496697 -0.300407 0.340635
0.500808 -0.29991 0.339856 0.497003 -0.300369 0.340576
0.499829 -0.300019 0.34003 0.497292 -0.300334 0.340521
0.500808 -0.29991 0.339856 0.497564 -0.3003 0.340469
0.499829 -0.300019 0.34003 0.497818 -0.300269 0.34042
0.500808 -0.29991 0.339856 0.49794 -0.300254 0.340397
0.499829 -0.300019 0.34003 0.498281 -0.300212 0.340331
0.500808 -0.29991 0.339856 0.49849 -0.300186 0.340291
0.499829 -0.300019 0.34003 0.498686 -0.300161 0.340253
0.500808 -0.29991 0.339856 0.498868 -0.300139 0.340218
0.499829 -0.300019 0.34003 0.499038 -0.300118 0.340185
