-0.399618 -0.399958 0.499932 -0.400597 -0.400064 0.500105
-0.398639 -0.399849 0.499758 -0.400597 -0.400064 0.500105
-0.39766 -0.39974 0.499584 -0.400597 -0.400064 0.500105
-0.396682 -0.399631 0.49941 -0.400596 -0.400064 0.500105
-0.395703 -0.399523 0.499236 -0.400592 -0.400063 0.500104
-0.394724 -0.399414 0.499062 -0.40058 -0.400062 0.500102
-0.393745 -0.399305 0.498888 -0.40057 -0.400061 0.5001
-0.392767 -0.399196 0.498714 -0.400519 -0.400055 0.500091
-0.391788 -0.399088 0.49854 -0.400465 -0.400049 0.500082
-0.390809 -0.398979 0.498366 -0.400391 -0.400042 0.500069
-0.389831 -0.39887 0.498192 -0.400296 -0.400032 0.500053
-0.388852 -0.398761 0.498018 -0.400178 -0.400019 0.500032
-0.387873 -0.398653 0.497844 -0.400037 -0.400005 0.500008
-0.386894 -0.398544 0.49767 -0.399957 -0.399997 0.499994
-0.385916 -0.398435 0.497496 -0.399574 -0.399957 0.499928
-0.384937 -0.398326 0.497322 -0.399343 -0.399934 0.499889
-0.383958 -0.398218 0.497148 -0.399086 -0.399908 0.499845
-0.382979 -0.398109 0.496974 -0.398803 -0.399879 0.499796
-0.382001 -0.398 0.4968 -0.398495 -0.399848 0.499744
-0.381022 -0.397891 0.496626 -0.398162 -0.399815 0.499687
-0.380043 -0.397783 0.496452 -0.397803 -0.399778 0.499626
-0.379065 -0.397674 0.496278 -0.397614 -0.399759 0.499594
-0.378086 -0.397565 0.496104 -0.397217 -0.39972 0.499526
-0.377107 -0.397456 0.49593 -0.396795 -0.399677 0.499454
-0.376128 -0.397348 0.495756 -0.396348 -0.399633 0.499378
-0.37515 -0.397239 0.495582 -0.395877 -0.399586 0.499298
-0.374171 -0.39713 0.495408 -0.395631 -0.399561 0.499256
-0.373192 -0.397021 0.495234 -0.395121 -0.39951 0.49917
-0.372213 -0.396913 0.49506 -0.394855 -0.399484 0.499125
-0.371235 -0.396804 0.494886 -0.394021 -0.399401 0.498983
-0.370256 -0.396695 0.494712 -0.393434 -0.399343 0.498883
-0.369277 -0.396586 0.494538 -0.392509 -0.399251 0.498726
-0.368299 -0.396478 0.494364 -0.391863 -0.399187 0.498617
-0.36732 -0.396369 0.49419 -0.391196 -0.399121 0.498504
-0.366341 -0.39626 0.494016 -0.390509 -0.399052 0.498387
-0.365362 -0.396151 0.493842 -0.389803 -0.398982 0.498267
-0.364384 -0.396043 0.493668 -0.38908 -0.398909 0.498144
-0.363405 -0.395934 0.493494 -0.388339 -0.398835 0.498018
-0.362426 -0.395825 0.49332 -0.387582 -0.398759 0.497888
-0.361448 -0.395716 0.493146 -0.386811 -0.398681 0.497757
-0.360469 -0.395608 0.492972 -0.386024 -0.398601 0.497622
-0.35949 -0.395499 0.492798 -0.385225 -0.39852 0.497485
-0.358511 -0.39539 0.492624 -0.384413 -0.398437 0.497346
-0.357533 -0.395281 0.49245 -0.383589 -0.398353 0.497204
-0.356554 -0.395173 0.492276 -0.382753 -0.398267 0.49706
-0.355575 -0.395064 0.492102 -0.381906 -0.39818 0.496914
-0.354596 -0.394955 0.491928 -0.38105 -0.398091 0.496766
-0.353618 -0.394846 0.491754 -0.380183 -0.398001 0.496617
-0.352639 -0.394738 0.49158 -0.379308 -0.39791 0.496465
-0.35166 -0.394629 0.491406 -0.378425 -0.397818 0.496312
-0.350682 -0.39452 0.491232 -0.377533 -0.397725 0.496157
-0.349703 -0.394411 0.491058 -0.376635 -0.39763 0.496001
-0.348724 -0.394303 0.490884 -0.375729 -0.397535 0.495843
-0.347745 -0.394194 0.49071 -0.374817 -0.397438 0.495684
-0.346767 -0.394085 0.490536 -0.373899 -0.397341 0.495524
-0.345788 -0.393976 0.490362 -0.372976 -0.397242 0.495363
-0.344809 -0.393868 0.490188 -0.372047 -0.397143 0.4952
-0.343831 -0.393759 0.490014 -0.371581 -0.397094 0.495119
-0.342852 -0.39365 0.48984 -0.370175 -0.396943 0.494872
-0.341873 -0.393541 0.489666 -0.369705 -0.396892 0.49479
-0.340894 -0.393433 0.489492 -0.368287 -0.39674 0.494541
-0.339916 -0.393324 0.489318 -0.367813 -0.396688 0.494457
-0.338937 -0.393215 0.489144 -0.366385 -0.396534 0.494206
-0.337958 -0.393106 0.48897 -0.365429 -0.39643 0.494037
-0.336979 -0.392998 0.488796 -0.364471 -0.396326 0.493868
-0.336001 -0.392889 0.488622 -0.363509 -0.396221 0.493699
-0.335022 -0.39278 0.488448 -0.363028 -0.396168 0.493613
-0.334043 -0.392671 0.488274 -0.362063 -0.396063 0.493443
-0.333065 -0.392563 0.4881 -0.360611 -0.395904 0.493186
-0.332086 -0.392454 0.487926 -0.35964 -0.395797 0.493014
-0.331107 -0.392345 0.487752 -0.358669 -0.395691 0.492842
-0.330128 -0.392236 0.487578 -0.3577 -0.395584 0.49267
-0.32915 -0.392128 0.487404 -0.356733 -0.395477 0.492498
-0.328171 -0.392019 0.48723 -0.355768 -0.39537 0.492326
-0.327192 -0.39191 0.487056 -0.354804 -0.395263 0.492155
-0.326213 -0.391801 0.486882 -0.353842 -0.395156 0.491983
-0.325235 -0.391693 0.486708 -0.353361 -0.395102 0.491898
-0.324256 -0.391584 0.486534 -0.35192 -0.394941 0.491641
-0.323277 -0.391475 0.48636 -0.350959 -0.394834 0.491469
-0.322299 -0.391367 0.486186 -0.35 -0.394727 0.491298
-0.32132 -0.391258 0.486012 -0.34904 -0.394619 0.491127
-0.320341 -0.391149 0.485838 -0.348081 -0.394512 0.490955
-0.319362 -0.39104 0.485664 -0.347121 -0.394405 0.490784
-0.318384 -0.390932 0.48549 -0.346642 -0.394351 0.490698
-0.317405 -0.390823 0.485316 -0.345203 -0.39419 0.490441
-0.316426 -0.390714 0.485142 -0.344243 -0.394082 0.49027
-0.315448 -0.390605 0.484968 -0.343283 -0.393975 0.490098
-0.314469 -0.390497 0.484794 -0.342323 -0.393867 0.489927
-0.31349 -0.390388 0.48462 -0.341362 -0.39376 0.489755
-0.312511 -0.390279 0.484446 -0.340401 -0.393652 0.489583
-0.311533 -0.39017 0.484272 -0.33944 -0.393545 0.489412
-0.310554 -0.390062 0.484098 -0.338959 -0.393491 0.489326
-0.309575 -0.389953 0.483924 -0.337514 -0.39333 0.489068
-0.308596 -0.389844 0.48375 -0.336549 -0.393222 0.488896
-0.307618 -0.389735 0.483576 -0.335583 -0.393114 0.488723
-0.306639 -0.389627 0.483402 -0.334617 -0.393006 0.488551
-0.30566 -0.389518 0.483228 -0.33365 -0.392898 0.488378
-0.304682 -0.389409 0.483054 -0.332682 -0.392791 0.488206
-0.303703 -0.3893 0.482881 -0.331715 -0.392683 0.488033
-0.302724 -0.389192 0.482707 -0.330746 -0.392575 0.487861
-0.301745 -0.389083 0.482533 -0.329778 -0.392467 0.487688
-0.300767 -0.388974 0.482359 -0.328808 -0.392359 0.487515
-0.299788 -0.388865 0.482185 -0.327838 -0.392251 0.487342
-0.298809 -0.388757 0.482011 -0.326868 -0.392143 0.487169
-0.29783 -0.388648 0.481837 -0.325896 -0.392035 0.486996
-0.296852 -0.388539 0.481663 -0.324923 -0.391927 0.486823
-0.295873 -0.38843 0.481489 -0.324437 -0.391873 0.486736
-0.294894 -0.388322 0.481315 -0.322977 -0.39171 0.486476
-0.293916 -0.388213 0.481141 -0.322003 -0.391602 0.486302
-0.292937 -0.388104 0.480967 -0.32103 -0.391494 0.486129
-0.291958 -0.387995 0.480793 -0.320056 -0.391386 0.485956
-0.290979 -0.387887 0.480619 -0.319083 -0.391277 0.485782
-0.290001 -0.387778 0.480445 -0.318109 -0.391169 0.485609
-0.289022 -0.387669 0.480271 -0.317136 -0.391061 0.485435
-0.288043 -0.38756 0.480097 -0.316162 -0.390953 0.485262
-0.287065 -0.387452 0.479923 -0.315675 -0.390899 0.485175
-0.286086 -0.387343 0.479749 -0.314214 -0.390736 0.484915
-0.285107 -0.387234 0.479575 -0.312753 -0.390574 0.484654
-0.284128 -0.387125 0.479401 -0.311294 -0.390411 0.484394
-0.28315 -0.387017 0.479227 -0.310808 -0.390357 0.484308
-0.282171 -0.386908 0.479053 -0.30984 -0.390249 0.484135
-0.281192 -0.386799 0.478879 -0.309357 -0.390196 0.484049
-0.280213 -0.38669 0.478705 -0.307909 -0.390034 0.48379
-0.279235 -0.386582 0.478531 -0.306943 -0.389926 0.483618
-0.278256 -0.386473 0.478357 -0.305498 -0.389765 0.48336
-0.277277 -0.386364 0.478183 -0.305018 -0.389711 0.483274
-0.276299 -0.386255 0.478009 -0.303581 -0.38955 0.483018
-0.27532 -0.386147 0.477835 -0.302625 -0.389444 0.482847
-0.274341 -0.386038 0.477661 -0.301671 -0.389337 0.482677
-0.273362 -0.385929 0.477487 -0.300718 -0.38923 0.482507
-0.272384 -0.38582 0.477313 -0.299766 -0.389123 0.482336
-0.271405 -0.385712 0.477139 -0.298815 -0.389017 0.482167
-0.270426 -0.385603 0.476965 -0.297864 -0.388911 0.481997
-0.269448 -0.385494 0.476791 -0.296912 -0.388804 0.481827
-0.268469 -0.385385 0.476617 -0.295957 -0.388698 0.481657
-0.26749 -0.385277 0.476443 -0.295 -0.388591 0.481486
-0.266511 -0.385168 0.476269 -0.29404 -0.388485 0.481315
-0.265533 -0.385059 0.476095 -0.293078 -0.388378 0.481144
-0.264554 -0.38495 0.475921 -0.292115 -0.388271 0.480972
-0.263575 -0.384842 0.475747 -0.291151 -0.388164 0.480801
-0.262596 -0.384733 0.475573 -0.290189 -0.388058 0.480629
-0.261618 -0.384624 0.475399 -0.289225 -0.387951 0.480458
-0.260639 -0.384515 0.475225 -0.28826 -0.387844 0.480286
-0.25966 -0.384407 0.475051 -0.287292 -0.387737 0.480114
-0.258682 -0.384298 0.474877 -0.286323 -0.38763 0.479942
-0.257703 -0.384189 0.474703 -0.285352 -0.387522 0.479769
-0.256724 -0.38408 0.474529 -0.28438 -0.387415 0.479596
-0.255745 -0.383972 0.474355 -0.283406 -0.387307 0.479423
-0.254767 -0.383863 0.474181 -0.282431 -0.3872 0.47925
-0.253788 -0.383754 0.474007 -0.281455 -0.387092 0.479076
-0.252809 -0.383645 0.473833 -0.280478 -0.386984 0.478903
-0.25183 -0.383537 0.473659 -0.2795 -0.386876 0.478729
-0.250852 -0.383428 0.473485 -0.278522 -0.386768 0.478555
-0.249873 -0.383319 0.473311 -0.277543 -0.38666 0.478381
-0.248894 -0.38321 0.473137 -0.276563 -0.386552 0.478207
-0.247916 -0.383102 0.472963 -0.275582 -0.386444 0.478032
-0.246937 -0.382993 0.472789 -0.274601 -0.386335 0.477858
-0.245958 -0.382884 0.472615 -0.273619 -0.386227 0.477683
-0.244979 -0.382775 0.472441 -0.272638 -0.386118 0.477509
-0.244001 -0.382667 0.472267 -0.271656 -0.38601 0.477334
-0.243022 -0.382558 0.472093 -0.270674 -0.385901 0.47716
-0.242043 -0.382449 0.471919 -0.269691 -0.385793 0.476985
-0.241065 -0.382341 0.471745 -0.268709 -0.385684 0.47681
-0.240086 -0.382232 0.471571 -0.267727 -0.385575 0.476635
-0.239107 -0.382123 0.471397 -0.266746 -0.385467 0.476461
-0.238128 -0.382014 0.471223 -0.265765 -0.385358 0.476286
-0.23715 -0.381906 0.471049 -0.264787 -0.385249 0.476112
-0.236171 -0.381797 0.470875 -0.263811 -0.385141 0.475938
-0.235192 -0.381688 0.470701 -0.262833 -0.385032 0.475764
-0.234213 -0.381579 0.470527 -0.261857 -0.384924 0.47559
-0.233235 -0.381471 0.470353 -0.260883 -0.384816 0.475416
-0.232256 -0.381362 0.470179 -0.25991 -0.384707 0.475243
-0.231277 -0.381253 0.470005 -0.258939 -0.384599 0.47507
-0.230299 -0.381144 0.469831 -0.258454 -0.384545 0.474983
-0.22932 -0.381036 0.469657 -0.256998 -0.384383 0.474724
-0.228341 -0.380927 0.469483 -0.256028 -0.384275 0.474551
-0.227362 -0.380818 0.469309 -0.255059 -0.384167 0.474378
-0.226384 -0.380709 0.469135 -0.254091 -0.384059 0.474205
-0.225405 -0.380601 0.468961 -0.253125 -0.383951 0.474033
-0.224426 -0.380492 0.468787 -0.252159 -0.383843 0.473861
-0.223448 -0.380383 0.468613 -0.251194 -0.383736 0.473688
-0.222469 -0.380274 0.468439 -0.25023 -0.383628 0.473516
-0.22149 -0.380166 0.468265 -0.249266 -0.383521 0.473344
-0.220511 -0.380057 0.468091 -0.248302 -0.383413 0.473173
-0.219533 -0.379948 0.467917 -0.247338 -0.383306 0.473001
-0.218554 -0.379839 0.467743 -0.246375 -0.383199 0.472829
-0.217575 -0.379731 0.467569 -0.245411 -0.383091 0.472657
-0.216596 -0.379622 0.467395 -0.244447 -0.382984 0.472485
-0.215618 -0.379513 0.467221 -0.243484 -0.382877 0.472313
-0.214639 -0.379404 0.467047 -0.24252 -0.382769 0.472141
-0.21366 -0.379296 0.466873 -0.241555 -0.382662 0.47197
-0.212682 -0.379187 0.466699 -0.240591 -0.382555 0.471798
-0.211703 -0.379078 0.466525 -0.239626 -0.382448 0.471626
-0.210724 -0.378969 0.466351 -0.238661 -0.38234 0.471454
-0.209745 -0.378861 0.466177 -0.237695 -0.382233 0.471282
-0.208767 -0.378752 0.466003 -0.236729 -0.382126 0.471109
-0.207788 -0.378643 0.465829 -0.235763 -0.382019 0.470937
-0.206809 -0.378534 0.465655 -0.235279 -0.381965 0.470851
-0.20583 -0.378426 0.465481 -0.233828 -0.381804 0.470593
-0.204852 -0.378317 0.465307 -0.23286 -0.381697 0.47042
-0.203873 -0.378208 0.465133 -0.231889 -0.381589 0.470247
-0.202894 -0.378099 0.464959 -0.230917 -0.381481 0.470074
-0.201916 -0.377991 0.464785 -0.229944 -0.381374 0.469901
-0.200937 -0.377882 0.464611 -0.228972 -0.381266 0.469728
-0.199958 -0.377773 0.464437 -0.228486 -0.381212 0.469641
-0.198979 -0.377664 0.464263 -0.227028 -0.381051 0.469382
-0.198001 -0.377556 0.464089 -0.226056 -0.380943 0.469209
-0.197022 -0.377447 0.463915 -0.225083 -0.380835 0.469036
-0.196043 -0.377338 0.463741 -0.224111 -0.380728 0.468862
-0.195065 -0.377229 0.463567 -0.223138 -0.38062 0.468689
-0.194086 -0.377121 0.463393 -0.222166 -0.380512 0.468516
-0.193107 -0.377012 0.463219 -0.221193 -0.380404 0.468343
-0.192128 -0.376903 0.463045 -0.22022 -0.380297 0.468169
-0.19115 -0.376794 0.462871 -0.219247 -0.380189 0.467996
-0.190171 -0.376686 0.462697 -0.218273 -0.380081 0.467823
-0.189192 -0.376577 0.462523 -0.2173 -0.379973 0.467649
-0.188213 -0.376468 0.462349 -0.216326 -0.379865 0.467476
-0.187235 -0.376359 0.462175 -0.215352 -0.379757 0.467302
-0.186256 -0.376251 0.462001 -0.214377 -0.379649 0.467129
-0.185277 -0.376142 0.461827 -0.213403 -0.379541 0.466955
-0.184299 -0.376033 0.461653 -0.212428 -0.379433 0.466782
-0.18332 -0.375924 0.461479 -0.211453 -0.379325 0.466608
-0.182341 -0.375816 0.461305 -0.210478 -0.379217 0.466434
-0.181362 -0.375707 0.461131 -0.209503 -0.379109 0.466261
-0.180384 -0.375598 0.460957 -0.208528 -0.379001 0.466087
-0.179405 -0.375489 0.460783 -0.207552 -0.378893 0.465913
-0.178426 -0.375381 0.460609 -0.206577 -0.378784 0.465739
-0.177448 -0.375272 0.460435 -0.206089 -0.37873 0.465652
-0.176469 -0.375163 0.460261 -0.204625 -0.378568 0.465391
-0.17549 -0.375054 0.460087 -0.203649 -0.37846 0.465218
-0.174511 -0.374946 0.459913 -0.202673 -0.378352 0.465044
-0.173533 -0.374837 0.459739 -0.201696 -0.378243 0.46487
-0.172554 -0.374728 0.459565 -0.200719 -0.378135 0.464696
-0.171575 -0.374619 0.459391 -0.19974 -0.378027 0.464521
-0.170596 -0.374511 0.459217 -0.198759 -0.377918 0.464347
-0.169618 -0.374402 0.459043 -0.197777 -0.377809 0.464172
-0.168639 -0.374293 0.458869 -0.196796 -0.377701 0.463997
-0.16766 -0.374184 0.458695 -0.195815 -0.377592 0.463822
-0.166682 -0.374076 0.458521 -0.194834 -0.377484 0.463647
-0.165703 -0.373967 0.458347 -0.193852 -0.377375 0.463473
-0.164724 -0.373858 0.458173 -0.192869 -0.377266 0.463297
-0.163745 -0.373749 0.457999 -0.191884 -0.377157 0.463122
-0.162767 -0.373641 0.457825 -0.19139 -0.377103 0.463034
-0.161788 -0.373532 0.457651 -0.189908 -0.376939 0.46277
-0.160809 -0.373423 0.457477 -0.188918 -0.37683 0.462594
-0.15983 -0.373314 0.457303 -0.187927 -0.37672 0.462418
-0.158852 -0.373206 0.457129 -0.186935 -0.376611 0.462241
-0.157873 -0.373097 0.456955 -0.185942 -0.376501 0.462064
-0.156894 -0.372988 0.456781 -0.184949 -0.376391 0.461887
-0.155916 -0.37288 0.456607 -0.183955 -0.376282 0.46171
-0.154937 -0.372771 0.456433 -0.182961 -0.376172 0.461533
-0.153958 -0.372662 0.456259 -0.181966 -0.376062 0.461356
-0.152979 -0.372553 0.456085 -0.180969 -0.375952 0.461179
-0.152001 -0.372445 0.455911 -0.179973 -0.375842 0.461001
-0.151022 -0.372336 0.455737 -0.178977 -0.375732 0.460824
-0.150043 -0.372227 0.455563 -0.177981 -0.375622 0.460647
-0.149065 -0.372118 0.455389 -0.176985 -0.375512 0.460469
-0.148086 -0.37201 0.455215 -0.175988 -0.375401 0.460292
-0.147107 -0.371901 0.455041 -0.17549 -0.375346 0.460203
-0.146128 -0.371792 0.454867 -0.173995 -0.375181 0.459936
-0.14515 -0.371683 0.454693 -0.172998 -0.37507 0.459759
-0.144171 -0.371575 0.454519 -0.172001 -0.37496 0.459581
-0.143192 -0.371466 0.454345 -0.171005 -0.374849 0.459404
-0.142213 -0.371357 0.454171 -0.17001 -0.374739 0.459226
-0.141235 -0.371248 0.453997 -0.169015 -0.374629 0.459049
-0.140256 -0.37114 0.453823 -0.168021 -0.374518 0.458871
-0.139277 -0.371031 0.453649 -0.167524 -0.374463 0.458783
-0.138299 -0.370922 0.453475 -0.166034 -0.374298 0.458517
-0.13732 -0.370813 0.453301 -0.165041 -0.374187 0.45834
-0.136341 -0.370705 0.453127 -0.164051 -0.374077 0.458163
-0.135362 -0.370596 0.452953 -0.163062 -0.373967 0.457987
-0.134384 -0.370487 0.452779 -0.162075 -0.373857 0.457811
-0.133405 -0.370378 0.452605 -0.161087 -0.373747 0.457635
-0.132426 -0.37027 0.452431 -0.160101 -0.373637 0.457458
-0.131447 -0.370161 0.452257 -0.159114 -0.373527 0.457282
-0.130469 -0.370052 0.452083 -0.158127 -0.373418 0.457106
-0.12949 -0.369943 0.451909 -0.15714 -0.373308 0.45693
-0.128511 -0.369835 0.451735 -0.156152 -0.373198 0.456754
-0.127533 -0.369726 0.451561 -0.155165 -0.373088 0.456578
-0.126554 -0.369617 0.451387 -0.154178 -0.372978 0.456402
-0.125575 -0.369508 0.451213 -0.153192 -0.372869 0.456226
-0.124596 -0.3694 0.451039 -0.152206 -0.372759 0.45605
-0.123618 -0.369291 0.450865 -0.15122 -0.372649 0.455874
-0.122639 -0.369182 0.450691 -0.150234 -0.372539 0.455698
-0.12166 -0.369073 0.450517 -0.149249 -0.37243 0.455522
-0.120682 -0.368965 0.450343 -0.148264 -0.37232 0.455346
-0.119703 -0.368856 0.450169 -0.147279 -0.372211 0.455171
-0.118724 -0.368747 0.449995 -0.146294 -0.372101 0.454995
-0.117745 -0.368638 0.449821 -0.14531 -0.371992 0.454819
-0.116767 -0.36853 0.449647 -0.144326 -0.371882 0.454644
-0.115788 -0.368421 0.449473 -0.143341 -0.371773 0.454468
-0.114809 -0.368312 0.449299 -0.142849 -0.371718 0.45438
-0.11383 -0.368203 0.449125 -0.141372 -0.371554 0.454117
-0.112852 -0.368095 0.448951 -0.140386 -0.371445 0.453941
-0.111873 -0.367986 0.448777 -0.139401 -0.371335 0.453765
-0.110894 -0.367877 0.448603 -0.138419 -0.371226 0.45359
-0.109916 -0.367768 0.448429 -0.137928 -0.371171 0.453502
-0.108937 -0.36766 0.448255 -0.137439 -0.371117 0.453415
-0.107958 -0.367551 0.448081 -0.135971 -0.370953 0.453153
-0.106979 -0.367442 0.447907 -0.134992 -0.370844 0.452978
-0.106001 -0.367333 0.447733 -0.134011 -0.370735 0.452803
-0.105022 -0.367225 0.447559 -0.13303 -0.370626 0.452628
-0.104043 -0.367116 0.447385 -0.132047 -0.370517 0.452453
-0.103065 -0.367007 0.447211 -0.131064 -0.370408 0.452277
-0.102086 -0.366898 0.447037 -0.130081 -0.370299 0.452102
-0.101107 -0.36679 0.446863 -0.129097 -0.370189 0.451926
-0.100128 -0.366681 0.446689 -0.128113 -0.37008 0.451751
-0.0991496 -0.366572 0.446515 -0.127128 -0.369971 0.451575
-0.0981709 -0.366463 0.446341 -0.126143 -0.369862 0.451399
-0.0971922 -0.366355 0.446167 -0.125158 -0.369753 0.451224
-0.0962135 -0.366246 0.445994 -0.124172 -0.369643 0.451048
-0.0952347 -0.366137 0.44582 -0.123187 -0.369534 0.450872
-0.094256 -0.366028 0.445646 -0.122201 -0.369425 0.450696
-0.0932773 -0.36592 0.445472 -0.121215 -0.369316 0.450521
-0.0922986 -0.365811 0.445298 -0.120229 -0.369206 0.450345
-0.0913198 -0.365702 0.445124 -0.118751 -0.369042 0.450081
-0.0903411 -0.365593 0.44495 -0.118259 -0.368988 0.449993
-0.0893624 -0.365485 0.444776 -0.117274 -0.368878 0.449817
-0.0883837 -0.365376 0.444602 -0.116289 -0.368769 0.449642
-0.0874049 -0.365267 0.444428 -0.115305 -0.36866 0.449466
-0.0864262 -0.365158 0.444254 -0.114321 -0.368551 0.449291
-0.0854475 -0.36505 0.44408 -0.113337 -0.368441 0.449115
-0.0844688 -0.364941 0.443906 -0.112352 -0.368332 0.44894
-0.08349 -0.364832 0.443732 -0.111368 -0.368223 0.448764
-0.0825113 -0.364723 0.443558 -0.110384 -0.368114 0.448588
-0.0815326 -0.364615 0.443384 -0.109399 -0.368005 0.448413
-0.0805539 -0.364506 0.44321 -0.108415 -0.367895 0.448237
-0.0795752 -0.364397 0.443036 -0.107431 -0.367786 0.448062
-0.0785964 -0.364288 0.442862 -0.106447 -0.367677 0.447886
-0.0776177 -0.36418 0.442688 -0.105463 -0.367568 0.447711
-0.076639 -0.364071 0.442514 -0.104479 -0.367458 0.447535
-0.0756603 -0.363962 0.44234 -0.103496 -0.367349 0.44736
-0.0746815 -0.363854 0.442166 -0.102512 -0.36724 0.447184
-0.0737028 -0.363745 0.441992 -0.101529 -0.367131 0.447009
-0.0727241 -0.363636 0.441818 -0.100546 -0.367022 0.446833
-0.0717454 -0.363527 0.441644 -0.0995622 -0.366913 0.446658
-0.0707666 -0.363419 0.44147 -0.0985791 -0.366803 0.446482
-0.0697879 -0.36331 0.441296 -0.0975961 -0.366694 0.446307
-0.0688092 -0.363201 0.441122 -0.0966134 -0.366585 0.446132
-0.0678305 -0.363092 0.440948 -0.0956309 -0.366476 0.445956
-0.0668517 -0.362984 0.440774 -0.0946487 -0.366367 0.445781
-0.065873 -0.362875 0.4406 -0.0936666 -0.366258 0.445606
-0.0648943 -0.362766 0.440426 -0.0926846 -0.366149 0.445431
-0.0639156 -0.362657 0.440252 -0.0917022 -0.36604 0.445256
-0.0629369 -0.362549 0.440078 -0.0912108 -0.365985 0.445168
-0.0619581 -0.36244 0.439904 -0.0902271 -0.365876 0.444992
-0.0609794 -0.362331 0.43973 -0.0892416 -0.365767 0.444817
-0.0600007 -0.362222 0.439556 -0.088254 -0.365658 0.44464
-0.059022 -0.362114 0.439382 -0.0872658 -0.365548 0.444464
-0.0580432 -0.362005 0.439208 -0.0862787 -0.365439 0.444288
-0.0570645 -0.361896 0.439034 -0.0852925 -0.36533 0.444112
-0.0560858 -0.361787 0.43886 -0.0843072 -0.365221 0.443936
-0.0551071 -0.361679 0.438686 -0.0828307 -0.365057 0.443673
-0.0541283 -0.36157 0.438512 -0.0823389 -0.365002 0.443585
-0.0531496 -0.361461 0.438338 -0.0813556 -0.364893 0.44341
-0.0521709 -0.361352 0.438164 -0.0803731 -0.364784 0.443235
-0.0511922 -0.361244 0.43799 -0.0793913 -0.364675 0.443059
-0.0502134 -0.361135 0.437816 -0.0784101 -0.364566 0.442884
-0.0492347 -0.361026 0.437642 -0.0774294 -0.364457 0.442709
-0.048256 -0.360917 0.437468 -0.0759589 -0.364293 0.442447
-0.0472773 -0.360809 0.437294 -0.0749791 -0.364184 0.442272
-0.0462986 -0.3607 0.43712 -0.0744894 -0.36413 0.442185
-0.0453198 -0.360591 0.436946 -0.0735103 -0.364021 0.44201
-0.0443411 -0.360482 0.436772 -0.0720423 -0.363858 0.441748
-0.0433624 -0.360374 0.436598 -0.0715532 -0.363803 0.441661
-0.0423837 -0.360265 0.436424 -0.0700861 -0.36364 0.441399
-0.0414049 -0.360156 0.43625 -0.0695972 -0.363586 0.441312
-0.0404262 -0.360047 0.436076 -0.0681308 -0.363423 0.44105
-0.0394475 -0.359939 0.435902 -0.0671535 -0.363314 0.440876
-0.0384688 -0.35983 0.435728 -0.0661764 -0.363206 0.440702
-0.03749 -0.359721 0.435554 -0.0651995 -0.363097 0.440527
-0.0365113 -0.359612 0.43538 -0.0642227 -0.362988 0.440353
-0.0355326 -0.359504 0.435206 -0.063246 -0.36288 0.440179
-0.0345539 -0.359395 0.435032 -0.0622694 -0.362771 0.440004
-0.0335751 -0.359286 0.434858 -0.0612929 -0.362663 0.43983
-0.0325964 -0.359177 0.434684 -0.0603164 -0.362554 0.439656
-0.0316177 -0.359069 0.43451 -0.05934 -0.362446 0.439482
-0.030639 -0.35896 0.434336 -0.0583635 -0.362338 0.439308
-0.0296603 -0.358851 0.434162 -0.0573871 -0.362229 0.439134
-0.0286815 -0.358742 0.433988 -0.0564107 -0.362121 0.438959
-0.0277028 -0.358634 0.433814 -0.0554344 -0.362012 0.438785
-0.0267241 -0.358525 0.43364 -0.054458 -0.361904 0.438611
-0.0257454 -0.358416 0.433466 -0.0534815 -0.361795 0.438437
-0.0247666 -0.358307 0.433292 -0.0525062 -0.361687 0.438263
-0.0237879 -0.358199 0.433118 -0.0515342 -0.361579 0.43809
-0.0228092 -0.35809 0.432944 -0.0505651 -0.361471 0.437917
-0.0218305 -0.357981 0.43277 -0.0495962 -0.361363 0.437744
-0.0208517 -0.357872 0.432596 -0.0486263 -0.361255 0.437571
-0.019873 -0.357764 0.432422 -0.0476555 -0.361147 0.437398
-0.0188943 -0.357655 0.432248 -0.0466838 -0.361039 0.437224
-0.0179156 -0.357546 0.432074 -0.0457114 -0.360931 0.437051
-0.0169368 -0.357437 0.4319 -0.0447382 -0.360823 0.436877
-0.0159581 -0.357329 0.431726 -0.0437643 -0.360715 0.436704
-0.0149794 -0.35722 0.431552 -0.0427899 -0.360607 0.43653
-0.0140007 -0.357111 0.431378 -0.0418149 -0.360499 0.436356
-0.013022 -0.357002 0.431204 -0.0408394 -0.360391 0.436182
-0.0120432 -0.356894 0.43103 -0.0398635 -0.360283 0.436008
-0.0110645 -0.356785 0.430856 -0.0388872 -0.360175 0.435834
-0.0100858 -0.356676 0.430682 -0.0379105 -0.360066 0.43566
-0.00910706 -0.356567 0.430508 -0.0369334 -0.359958 0.435486
-0.00812834 -0.356459 0.430334 -0.0359555 -0.35985 0.435311
-0.00714961 -0.35635 0.43016 -0.034977 -0.359742 0.435137
-0.00617089 -0.356241 0.429986 -0.0339982 -0.359633 0.434963
-0.00519217 -0.356132 0.429812 -0.0330193 -0.359525 0.434788
-0.00421344 -0.356024 0.429638 -0.0325299 -0.359471 0.434701
-0.00323472 -0.355915 0.429464 -0.0310615 -0.359308 0.434439
-0.00225599 -0.355806 0.42929 -0.0300825 -0.3592 0.434264
-0.00127727 -0.355697 0.429116 -0.0291035 -0.359092 0.43409
-0.000298548 -0.355589 0.428942 -0.0281245 -0.358983 0.433915
0.000680176 -0.35548 0.428768 -0.0271454 -0.358875 0.433741
0.0016589 -0.355371 0.428594 -0.0261664 -0.358766 0.433566
0.00263762 -0.355262 0.42842 -0.0251873 -0.358658 0.433392
0.00361635 -0.355154 0.428246 -0.0246978 -0.358603 0.433305
0.00459507 -0.355045 0.428072 -0.0232293 -0.358441 0.433043
0.00557379 -0.354936 0.427898 -0.0222503 -0.358332 0.432868
0.00655252 -0.354827 0.427724 -0.0212713 -0.358224 0.432694
0.00753124 -0.354719 0.42755 -0.0202924 -0.358115 0.432519
0.00850996 -0.35461 0.427376 -0.0193135 -0.358007 0.432345
0.00948869 -0.354501 0.427202 -0.0183346 -0.357898 0.43217
0.0104674 -0.354393 0.427028 -0.0173557 -0.35779 0.431996
0.0114461 -0.354284 0.426854 -0.0163769 -0.357681 0.431822
0.0124249 -0.354175 0.42668 -0.015398 -0.357573 0.431647
0.0134036 -0.354066 0.426506 -0.0144193 -0.357464 0.431473
0.0143823 -0.353958 0.426332 -0.0134405 -0.357356 0.431298
0.015361 -0.353849 0.426158 -0.0124618 -0.357247 0.431124
0.0163398 -0.35374 0.425984 -0.0114831 -0.357138 0.430949
0.0173185 -0.353631 0.42581 -0.0105045 -0.35703 0.430775
0.0182972 -0.353523 0.425636 -0.0095259 -0.356921 0.430601
0.0192759 -0.353414 0.425462 -0.00854733 -0.356813 0.430426
0.0202546 -0.353305 0.425288 -0.0075688 -0.356704 0.430252
0.0212334 -0.353196 0.425114 -0.00659031 -0.356596 0.430078
0.0222121 -0.353088 0.42494 -0.00561184 -0.356487 0.429903
0.0231908 -0.352979 0.424766 -0.00463342 -0.356379 0.429729
0.0241695 -0.35287 0.424592 -0.00365502 -0.35627 0.429555
0.0251483 -0.352761 0.424418 -0.00267665 -0.356161 0.42938
0.026127 -0.352653 0.424244 -0.00169831 -0.356053 0.429206
0.0271057 -0.352544 0.42407 -0.000719989 -0.355944 0.429032
0.0280844 -0.352435 0.423896 0.000258307 -0.355836 0.428857
0.0290632 -0.352326 0.423722 0.00123658 -0.355727 0.428683
0.0300419 -0.352218 0.423548 0.00221493 -0.355619 0.428509
0.0310206 -0.352109 0.423374 0.00319354 -0.35551 0.428335
0.0319993 -0.352 0.4232 0.00417242 -0.355402 0.42816
0.0329781 -0.351891 0.423026 0.00466191 -0.355347 0.428073
0.0339568 -0.351783 0.422852 0.00613046 -0.355184 0.427811
0.0349355 -0.351674 0.422678 0.00710957 -0.355076 0.427637
0.0359142 -0.351565 0.422504 0.00808875 -0.354967 0.427463
0.0368929 -0.351456 0.42233 0.00906805 -0.354859 0.427288
0.0378717 -0.351348 0.422156 0.0100474 -0.35475 0.427114
0.0388504 -0.351239 0.421982 0.0110268 -0.354641 0.426939
0.0398291 -0.35113 0.421808 0.0120061 -0.354533 0.426765
0.0408078 -0.351021 0.421634 0.0129854 -0.354424 0.426591
0.0417866 -0.350913 0.42146 0.0139647 -0.354316 0.426416
0.0427653 -0.350804 0.421286 0.0149441 -0.354207 0.426242
0.043744 -0.350695 0.421112 0.0159235 -0.354098 0.426067
0.0447227 -0.350586 0.420938 0.0169027 -0.35399 0.425893
0.0457015 -0.350478 0.420764 0.0178817 -0.353881 0.425719
0.0466802 -0.350369 0.42059 0.0188605 -0.353772 0.425544
0.0476589 -0.35026 0.420416 0.0198392 -0.353664 0.42537
0.0486376 -0.350151 0.420242 0.0203285 -0.35361 0.425283
0.0496164 -0.350043 0.420068 0.0217961 -0.353447 0.425022
0.0505951 -0.349934 0.419894 0.0227735 -0.353338 0.424848
0.0515738 -0.349825 0.41972 0.0237502 -0.35323 0.424674
0.0525525 -0.349716 0.419546 0.0247268 -0.353121 0.4245
0.0535312 -0.349608 0.419372 0.0257035 -0.353013 0.424326
0.05451 -0.349499 0.419198 0.0261919 -0.352958 0.424239
0.0554887 -0.34939 0.419024 0.027657 -0.352796 0.423979
0.0564674 -0.349281 0.41885 0.0286328 -0.352687 0.423805
0.0574461 -0.349173 0.418676 0.029608 -0.352579 0.423631
0.0584249 -0.349064 0.418502 0.0305832 -0.35247 0.423458
0.0594036 -0.348955 0.418328 0.0315588 -0.352362 0.423284
0.0603823 -0.348846 0.418154 0.0325347 -0.352254 0.42311
0.061361 -0.348738 0.41798 0.0335109 -0.352145 0.422937
0.0623398 -0.348629 0.417806 0.0344874 -0.352037 0.422763
0.0633185 -0.34852 0.417632 0.0354641 -0.351928 0.422589
0.0642972 -0.348411 0.417458 0.036441 -0.35182 0.422415
0.0652759 -0.348303 0.417284 0.037418 -0.351711 0.422241
0.0662547 -0.348194 0.41711 0.0383952 -0.351603 0.422068
0.0672334 -0.348085 0.416936 0.0393725 -0.351495 0.421894
0.0682121 -0.347976 0.416762 0.0403499 -0.351386 0.42172
0.0691908 -0.347868 0.416588 0.0413275 -0.351278 0.421546
0.0701695 -0.347759 0.416414 0.0423052 -0.351169 0.421372
0.0711483 -0.34765 0.41624 0.043283 -0.351061 0.421198
0.072127 -0.347541 0.416066 0.0442609 -0.350952 0.421024
0.0731057 -0.347433 0.415892 0.0452388 -0.350844 0.42085
0.0740844 -0.347324 0.415718 0.0462169 -0.350735 0.420676
0.0750632 -0.347215 0.415544 0.0471949 -0.350627 0.420502
0.0760419 -0.347106 0.41537 0.0481732 -0.350518 0.420328
0.0770206 -0.346998 0.415196 0.0491515 -0.350409 0.420154
0.0779993 -0.346889 0.415022 0.05013 -0.350301 0.41998
0.0789781 -0.34678 0.414848 0.0511086 -0.350192 0.419806
0.0799568 -0.346671 0.414674 0.0520871 -0.350084 0.419632
0.0809355 -0.346563 0.4145 0.0530657 -0.349975 0.419458
0.0819142 -0.346454 0.414326 0.0540441 -0.349867 0.419284
0.082893 -0.346345 0.414152 0.0550226 -0.349758 0.41911
0.0838717 -0.346236 0.413978 0.056001 -0.349649 0.418936
0.0848504 -0.346128 0.413804 0.0569794 -0.349541 0.418762
0.0858291 -0.346019 0.41363 0.0579578 -0.349432 0.418588
0.0868078 -0.34591 0.413456 0.0589361 -0.349324 0.418414
0.0877866 -0.345801 0.413282 0.0599144 -0.349215 0.41824
0.0887653 -0.345693 0.413108 0.0608927 -0.349106 0.418067
0.089744 -0.345584 0.412934 0.061871 -0.348998 0.417893
0.0907227 -0.345475 0.41276 0.0628492 -0.348889 0.417719
0.0917015 -0.345367 0.412586 0.0633383 -0.348835 0.417632
0.0926802 -0.345258 0.412412 0.0643166 -0.348726 0.417458
0.0936589 -0.345149 0.412238 0.0648057 -0.348672 0.417371
0.0946376 -0.34504 0.412064 0.0652948 -0.348617 0.417284
0.0956164 -0.344932 0.41189 0.0677403 -0.348346 0.416849
0.0965951 -0.344823 0.411716 0.0687173 -0.348237 0.416676
0.0975738 -0.344714 0.411542 0.0692047 -0.348183 0.416589
0.0985525 -0.344605 0.411368 0.0706618 -0.34802 0.41633
0.0995313 -0.344497 0.411194 0.0716325 -0.347912 0.416158
0.10051 -0.344388 0.41102 0.072604 -0.347804 0.415985
0.101489 -0.344279 0.410846 0.0735763 -0.347695 0.415812
0.102467 -0.34417 0.410672 0.0745492 -0.347587 0.415639
0.103446 -0.344062 0.410498 0.0755227 -0.347479 0.415466
0.104425 -0.343953 0.410324 0.0769836 -0.347316 0.415207
0.105404 -0.343844 0.41015 0.0779581 -0.347208 0.415034
0.106382 -0.343735 0.409976 0.0789329 -0.3471 0.414861
0.107361 -0.343627 0.409802 0.0794205 -0.347045 0.414774
0.10834 -0.343518 0.409628 0.0803959 -0.346937 0.414601
0.109318 -0.343409 0.409454 0.0813717 -0.346829 0.414427
0.110297 -0.3433 0.40928 0.0823477 -0.34672 0.414254
0.111276 -0.343192 0.409107 0.0833237 -0.346612 0.414081
0.112255 -0.343083 0.408933 0.0842998 -0.346503 0.413907
0.113233 -0.342974 0.408759 0.085276 -0.346395 0.413734
0.114212 -0.342865 0.408585 0.0857643 -0.346341 0.413647
0.115191 -0.342757 0.408411 0.087718 -0.346124 0.4133
0.11617 -0.342648 0.408237 0.0886949 -0.346015 0.413127
0.117148 -0.342539 0.408063 0.089671 -0.345907 0.412953
0.118127 -0.34243 0.407889 0.0906467 -0.345798 0.41278
0.119106 -0.342322 0.407715 0.0916221 -0.34569 0.412607
0.120084 -0.342213 0.407541 0.0925974 -0.345581 0.412434
0.121063 -0.342104 0.407367 0.0935726 -0.345473 0.412261
0.122042 -0.341995 0.407193 0.0945478 -0.345365 0.412088
0.123021 -0.341887 0.407019 0.095523 -0.345256 0.411914
0.123999 -0.341778 0.406845 0.0964982 -0.345148 0.411741
0.124978 -0.341669 0.406671 0.0974733 -0.345039 0.411568
0.125957 -0.34156 0.406497 0.0984484 -0.344931 0.411395
0.126936 -0.341452 0.406323 0.0994237 -0.344822 0.411222
0.127914 -0.341343 0.406149 0.100399 -0.344714 0.411049
0.128893 -0.341234 0.405975 0.101374 -0.344605 0.410876
0.129872 -0.341125 0.405801 0.10235 -0.344497 0.410702
0.13085 -0.341017 0.405627 0.103325 -0.344388 0.410529
0.131829 -0.340908 0.405453 0.104301 -0.34428 0.410356
0.132808 -0.340799 0.405279 0.105276 -0.344171 0.410183
0.133787 -0.34069 0.405105 0.106252 -0.344063 0.41001
0.134765 -0.340582 0.404931 0.107227 -0.343954 0.409837
0.135744 -0.340473 0.404757 0.108203 -0.343846 0.409664
0.136723 -0.340364 0.404583 0.109179 -0.343737 0.40949
0.137701 -0.340255 0.404409 0.110155 -0.343629 0.409317
0.13868 -0.340147 0.404235 0.111131 -0.34352 0.409144
0.139659 -0.340038 0.404061 0.112106 -0.343411 0.408971
0.140638 -0.339929 0.403887 0.113082 -0.343303 0.408798
0.141616 -0.33982 0.403713 0.114057 -0.343194 0.408625
0.142595 -0.339712 0.403539 0.115032 -0.343086 0.408452
0.143574 -0.339603 0.403365 0.116007 -0.342977 0.408279
0.144553 -0.339494 0.403191 0.116983 -0.342869 0.408106
0.145531 -0.339385 0.403017 0.11747 -0.342814 0.408019
0.14651 -0.339277 0.402843 0.118933 -0.342652 0.40776
0.147489 -0.339168 0.402669 0.11991 -0.342543 0.407587
0.148467 -0.339059 0.402495 0.120887 -0.342434 0.407413
0.149446 -0.33895 0.402321 0.121864 -0.342326 0.40724
0.150425 -0.338842 0.402147 0.12284 -0.342217 0.407067
0.151404 -0.338733 0.401973 0.123815 -0.342108 0.406894
0.152382 -0.338624 0.401799 0.124786 -0.342 0.406721
0.153361 -0.338515 0.401625 0.125271 -0.341946 0.406635
0.15434 -0.338407 0.401451 0.126721 -0.341784 0.406378
0.155318 -0.338298 0.401277 0.127687 -0.341675 0.406207
0.156297 -0.338189 0.401103 0.128653 -0.341567 0.406035
0.157276 -0.33808 0.400929 0.129618 -0.341459 0.405864
0.158255 -0.337972 0.400755 0.130582 -0.341351 0.405693
0.159233 -0.337863 0.400581 0.131545 -0.341244 0.405522
0.160212 -0.337754 0.400407 0.132506 -0.341136 0.405352
0.161191 -0.337645 0.400233 0.133467 -0.341028 0.405181
0.16217 -0.337537 0.400059 0.13443 -0.340921 0.405011
0.163148 -0.337428 0.399885 0.135393 -0.340813 0.40484
0.164127 -0.337319 0.399711 0.136355 -0.340706 0.404669
0.165106 -0.33721 0.399537 0.137317 -0.340598 0.404499
0.166084 -0.337102 0.399363 0.138281 -0.34049 0.404328
0.167063 -0.336993 0.399189 0.139247 -0.340383 0.404156
0.168042 -0.336884 0.399015 0.13973 -0.340329 0.404071
0.169021 -0.336775 0.398841 0.141181 -0.340167 0.403813
0.169999 -0.336667 0.398667 0.142148 -0.34006 0.403642
0.170978 -0.336558 0.398493 0.143113 -0.339952 0.403471
0.171957 -0.336449 0.398319 0.144077 -0.339845 0.4033
0.172936 -0.33634 0.398145 0.145043 -0.339737 0.403129
0.173914 -0.336232 0.397971 0.14601 -0.339629 0.402957
0.174893 -0.336123 0.397797 0.146977 -0.339522 0.402786
0.175872 -0.336014 0.397623 0.147945 -0.339414 0.402614
0.17685 -0.335906 0.397449 0.148912 -0.339306 0.402443
0.177829 -0.335797 0.397275 0.149878 -0.339199 0.402272
0.178808 -0.335688 0.397101 0.150845 -0.339091 0.4021
0.179787 -0.335579 0.396927 0.151812 -0.338983 0.401929
0.180765 -0.335471 0.396753 0.152779 -0.338875 0.401757
0.181744 -0.335362 0.396579 0.153745 -0.338768 0.401586
0.182723 -0.335253 0.396405 0.154711 -0.33866 0.401415
0.183701 -0.335144 0.396231 0.155676 -0.338552 0.401244
0.18468 -0.335036 0.396057 0.156642 -0.338445 0.401073
0.185659 -0.334927 0.395883 0.157609 -0.338337 0.400901
0.186638 -0.334818 0.395709 0.158576 -0.338229 0.40073
0.187616 -0.334709 0.395535 0.159545 -0.338122 0.400558
0.188595 -0.334601 0.395361 0.160515 -0.338014 0.400386
0.189574 -0.334492 0.395187 0.161484 -0.337906 0.400214
0.190553 -0.334383 0.395013 0.162453 -0.337798 0.400043
0.191531 -0.334274 0.394839 0.163422 -0.33769 0.399871
0.19251 -0.334166 0.394665 0.164391 -0.337582 0.399699
0.193489 -0.334057 0.394491 0.165362 -0.337474 0.399527
0.194467 -0.333948 0.394317 0.166332 -0.337366 0.399355
0.195446 -0.333839 0.394143 0.167303 -0.337258 0.399183
0.196425 -0.333731 0.393969 0.168273 -0.33715 0.399011
0.197404 -0.333622 0.393795 0.169243 -0.337042 0.39884
0.198382 -0.333513 0.393621 0.169728 -0.336988 0.398754
0.199361 -0.333404 0.393447 0.170699 -0.33688 0.398582
0.20034 -0.333296 0.393273 0.173127 -0.33661 0.398151
0.201318 -0.333187 0.393099 0.174098 -0.336501 0.397979
0.202297 -0.333078 0.392925 0.175068 -0.336393 0.397807
0.203276 -0.332969 0.392751 0.176038 -0.336285 0.397635
0.204255 -0.332861 0.392577 0.177005 -0.336177 0.397464
0.205233 -0.332752 0.392403 0.177969 -0.336069 0.397293
0.206212 -0.332643 0.392229 0.178929 -0.335962 0.397123
0.207191 -0.332534 0.392055 0.179887 -0.335854 0.396953
0.20817 -0.332426 0.391881 0.180842 -0.335747 0.396784
0.209148 -0.332317 0.391707 0.181794 -0.33564 0.396615
0.210127 -0.332208 0.391533 0.18227 -0.335586 0.39653
0.211106 -0.332099 0.391359 0.183695 -0.335426 0.396278
0.212084 -0.331991 0.391185 0.184644 -0.335319 0.396109
0.213063 -0.331882 0.391011 0.185593 -0.335213 0.395941
0.214042 -0.331773 0.390837 0.186544 -0.335106 0.395772
0.215021 -0.331664 0.390663 0.187495 -0.334999 0.395604
0.215999 -0.331556 0.390489 0.188445 -0.334893 0.395435
0.216978 -0.331447 0.390315 0.189395 -0.334786 0.395267
0.217957 -0.331338 0.390141 0.18987 -0.334733 0.395183
0.218936 -0.331229 0.389967 0.191293 -0.334573 0.39493
0.219914 -0.331121 0.389793 0.192242 -0.334467 0.394762
0.220893 -0.331012 0.389619 0.193191 -0.334361 0.394594
0.221872 -0.330903 0.389445 0.194142 -0.334254 0.394425
0.22285 -0.330794 0.389271 0.195092 -0.334148 0.394257
0.223829 -0.330686 0.389097 0.196043 -0.334042 0.394088
0.224808 -0.330577 0.388923 0.196995 -0.333936 0.39392
0.225787 -0.330468 0.388749 0.197947 -0.333829 0.393751
0.226765 -0.330359 0.388575 0.198423 -0.333776 0.393667
0.227744 -0.330251 0.388401 0.199853 -0.333617 0.393413
0.228723 -0.330142 0.388227 0.200809 -0.33351 0.393244
0.229701 -0.330033 0.388053 0.201769 -0.333403 0.393074
0.23068 -0.329924 0.387879 0.202734 -0.333296 0.392903
0.231659 -0.329816 0.387705 0.2037 -0.333189 0.392732
0.232638 -0.329707 0.387531 0.204668 -0.333082 0.392561
0.233616 -0.329598 0.387357 0.205635 -0.332975 0.39239
0.234595 -0.329489 0.387183 0.206119 -0.332921 0.392304
0.235574 -0.329381 0.387009 0.207573 -0.33276 0.392047
0.236553 -0.329272 0.386835 0.208546 -0.332652 0.391875
0.237531 -0.329163 0.386661 0.209521 -0.332544 0.391702
0.23851 -0.329054 0.386487 0.210497 -0.332436 0.391529
0.239489 -0.328946 0.386313 0.211471 -0.332328 0.391357
0.240467 -0.328837 0.386139 0.212446 -0.33222 0.391184
0.241446 -0.328728 0.385965 0.213422 -0.332112 0.391012
0.242425 -0.328619 0.385791 0.214399 -0.332004 0.390839
0.243404 -0.328511 0.385617 0.215377 -0.331895 0.390666
0.244382 -0.328402 0.385443 0.216356 -0.331787 0.390492
0.245361 -0.328293 0.385269 0.217335 -0.331678 0.390319
0.24634 -0.328184 0.385095 0.217824 -0.331624 0.390232
0.247319 -0.328076 0.384921 0.21929 -0.331461 0.389973
0.248297 -0.327967 0.384747 0.219778 -0.331406 0.389886
0.249276 -0.327858 0.384573 0.220757 -0.331298 0.389713
0.250255 -0.327749 0.384399 0.221247 -0.331243 0.389627
0.251233 -0.327641 0.384225 0.223691 -0.330971 0.389194
0.252212 -0.327532 0.384051 0.224662 -0.330863 0.389022
0.253191 -0.327423 0.383877 0.225146 -0.330808 0.388936
0.25417 -0.327314 0.383703 0.226109 -0.3307 0.388765
0.255148 -0.327206 0.383529 0.227068 -0.330592 0.388595
0.256127 -0.327097 0.383355 0.228026 -0.330485 0.388425
0.257106 -0.326988 0.383181 0.228984 -0.330377 0.388255
0.258084 -0.32688 0.383007 0.229944 -0.330269 0.388085
0.259063 -0.326771 0.382833 0.230904 -0.330162 0.387914
0.260042 -0.326662 0.382659 0.231866 -0.330054 0.387744
0.261021 -0.326553 0.382485 0.232829 -0.329946 0.387573
0.261999 -0.326445 0.382311 0.233794 -0.329838 0.387402
0.262978 -0.326336 0.382137 0.234759 -0.32973 0.387231
0.263957 -0.326227 0.381963 0.235725 -0.329622 0.38706
0.264936 -0.326118 0.381789 0.236691 -0.329514 0.386889
0.265914 -0.32601 0.381615 0.237659 -0.329406 0.386718
0.266893 -0.325901 0.381441 0.238627 -0.329298 0.386546
0.267872 -0.325792 0.381267 0.239596 -0.32919 0.386374
0.26885 -0.325683 0.381093 0.240565 -0.329082 0.386203
0.269829 -0.325575 0.380919 0.241536 -0.328974 0.386031
0.270808 -0.325466 0.380745 0.242506 -0.328866 0.385859
0.271787 -0.325357 0.380571 0.243479 -0.328757 0.385687
0.272765 -0.325248 0.380397 0.244454 -0.328649 0.385514
0.273744 -0.32514 0.380223 0.245431 -0.32854 0.385341
0.274723 -0.325031 0.380049 0.246408 -0.328431 0.385168
0.275701 -0.324922 0.379875 0.247384 -0.328323 0.384995
0.27668 -0.324813 0.379701 0.248361 -0.328214 0.384822
0.277659 -0.324705 0.379527 0.249337 -0.328105 0.38465
0.278638 -0.324596 0.379353 0.250313 -0.327996 0.384477
0.279616 -0.324487 0.379179 0.251289 -0.327888 0.384304
0.280595 -0.324378 0.379005 0.252266 -0.327779 0.384131
0.281574 -0.32427 0.378831 0.253242 -0.32767 0.383958
0.282553 -0.324161 0.378657 0.254219 -0.327561 0.383785
0.283531 -0.324052 0.378483 0.255196 -0.327452 0.383612
0.28451 -0.323943 0.378309 0.256173 -0.327343 0.383439
0.285489 -0.323835 0.378135 0.257151 -0.327234 0.383266
0.286467 -0.323726 0.377961 0.258128 -0.327125 0.383093
0.287446 -0.323617 0.377787 0.259105 -0.327016 0.38292
0.288425 -0.323508 0.377613 0.260081 -0.326907 0.382747
0.289404 -0.3234 0.377439 0.261058 -0.326798 0.382573
0.290382 -0.323291 0.377265 0.262035 -0.326689 0.3824
0.291361 -0.323182 0.377091 0.263012 -0.32658 0.382227
0.29234 -0.323073 0.376917 0.263989 -0.326471 0.382054
0.293319 -0.322965 0.376743 0.264966 -0.326362 0.381881
0.294297 -0.322856 0.376569 0.265943 -0.326253 0.381708
0.295276 -0.322747 0.376395 0.26692 -0.326144 0.381535
0.296255 -0.322638 0.376221 0.267898 -0.326035 0.381362
0.297233 -0.32253 0.376047 0.268877 -0.325926 0.381188
0.298212 -0.322421 0.375873 0.269855 -0.325817 0.381015
0.299191 -0.322312 0.375699 0.270833 -0.325707 0.380842
0.30017 -0.322203 0.375525 0.271323 -0.325653 0.380755
0.301148 -0.322095 0.375351 0.27279 -0.325489 0.380495
0.302127 -0.321986 0.375177 0.273768 -0.32538 0.380322
0.303106 -0.321877 0.375003 0.274747 -0.325271 0.380148
0.304084 -0.321768 0.374829 0.275726 -0.325161 0.379975
0.305063 -0.32166 0.374655 0.276705 -0.325052 0.379801
0.306042 -0.321551 0.374481 0.277683 -0.324943 0.379628
0.307021 -0.321442 0.374307 0.278662 -0.324834 0.379454
0.307999 -0.321333 0.374133 0.279152 -0.324779 0.379368
0.308978 -0.321225 0.373959 0.280131 -0.32467 0.379194
0.309957 -0.321116 0.373785 0.282096 -0.324451 0.378846
0.310936 -0.321007 0.373611 0.283078 -0.324341 0.378672
0.311914 -0.320898 0.373437 0.28406 -0.324232 0.378498
0.312893 -0.32079 0.373263 0.28504 -0.324122 0.378324
0.313872 -0.320681 0.373089 0.28602 -0.324013 0.378151
0.31485 -0.320572 0.372915 0.287 -0.323904 0.377977
0.315829 -0.320463 0.372741 0.287489 -0.323849 0.37789
0.316808 -0.320355 0.372567 0.288958 -0.323685 0.37763
0.317787 -0.320246 0.372393 0.289937 -0.323575 0.377456
0.318765 -0.320137 0.372219 0.290917 -0.323466 0.377283
0.319744 -0.320028 0.372046 0.291897 -0.323357 0.377109
0.320723 -0.31992 0.371872 0.292878 -0.323247 0.376935
0.321701 -0.319811 0.371698 0.293368 -0.323192 0.376848
0.32268 -0.319702 0.371524 0.294347 -0.323083 0.376675
0.323659 -0.319593 0.37135 0.295326 -0.322974 0.376501
0.324638 -0.319485 0.371176 0.296794 -0.32281 0.376241
0.325616 -0.319376 0.371002 0.297773 -0.3227 0.376068
0.326595 -0.319267 0.370828 0.298751 -0.322591 0.375894
0.327574 -0.319158 0.370654 0.299729 -0.322482 0.375721
0.328553 -0.31905 0.37048 0.300706 -0.322372 0.375547
0.329531 -0.318941 0.370306 0.301684 -0.322263 0.375374
0.33051 -0.318832 0.370132 0.302173 -0.322209 0.375287
0.331489 -0.318723 0.369958 0.303152 -0.322099 0.375114
0.332467 -0.318615 0.369784 0.304132 -0.32199 0.37494
0.333446 -0.318506 0.36961 0.305111 -0.32188 0.374767
0.334425 -0.318397 0.369436 0.306092 -0.321771 0.374593
0.335404 -0.318288 0.369262 0.307077 -0.321661 0.374418
0.336382 -0.31818 0.369088 0.308064 -0.321551 0.374244
0.337361 -0.318071 0.368914 0.309053 -0.321441 0.374068
0.33834 -0.317962 0.36874 0.309549 -0.321386 0.373981
0.339319 -0.317853 0.368566 0.310541 -0.321276 0.373805
0.340297 -0.317745 0.368392 0.312033 -0.32111 0.373541
0.341276 -0.317636 0.368218 0.31303 -0.321 0.373365
0.342255 -0.317527 0.368044 0.314028 -0.320889 0.373188
0.343233 -0.317419 0.36787 0.315026 -0.320778 0.373012
0.344212 -0.31731 0.367696 0.316025 -0.320667 0.372835
0.345191 -0.317201 0.367522 0.316525 -0.320612 0.372746
0.34617 -0.317092 0.367348 0.318025 -0.320445 0.372481
0.347148 -0.316984 0.367174 0.319026 -0.320334 0.372304
0.348127 -0.316875 0.367 0.319526 -0.320278 0.372215
0.349106 -0.316766 0.366826 0.321026 -0.320111 0.37195
0.350084 -0.316657 0.366652 0.321526 -0.320056 0.371861
0.351063 -0.316549 0.366478 0.323026 -0.319889 0.371596
0.352042 -0.31644 0.366304 0.324026 -0.319777 0.371419
0.353021 -0.316331 0.36613 0.325025 -0.319666 0.371241
0.353999 -0.316222 0.365956 0.326023 -0.319555 0.371065
0.354978 -0.316114 0.365782 0.327022 -0.319443 0.370888
0.355957 -0.316005 0.365608 0.328019 -0.319332 0.370711
0.356936 -0.315896 0.365434 0.328518 -0.319276 0.370622
0.357914 -0.315787 0.36526 0.330012 -0.31911 0.370357
0.358893 -0.315679 0.365086 0.331008 -0.318998 0.370181
0.359872 -0.31557 0.364912 0.332003 -0.318887 0.370004
0.36085 -0.315461 0.364738 0.3325 -0.318832 0.369916
0.361829 -0.315352 0.364564 0.333992 -0.318665 0.369651
0.362808 -0.315244 0.36439 0.334489 -0.318609 0.369563
0.363787 -0.315135 0.364216 0.335483 -0.318498 0.369387
0.364765 -0.315026 0.364042 0.336476 -0.318387 0.369211
0.365744 -0.314917 0.363868 0.337468 -0.318276 0.369035
0.366723 -0.314809 0.363694 0.33846 -0.318166 0.368859
0.367701 -0.3147 0.36352 0.339451 -0.318055 0.368683
0.36868 -0.314591 0.363346 0.340938 -0.317888 0.368419
0.369659 -0.314482 0.363172 0.341928 -0.317778 0.368243
0.370638 -0.314374 0.362998 0.342919 -0.317667 0.368067
0.371616 -0.314265 0.362824 0.343909 -0.317556 0.367892
0.372595 -0.314156 0.36265 0.344404 -0.317501 0.367804
0.373574 -0.314047 0.362476 0.345394 -0.31739 0.367628
0.374553 -0.313939 0.362302 0.346383 -0.31728 0.367452
0.375531 -0.31383 0.362128 0.347373 -0.317169 0.367277
0.37651 -0.313721 0.361954 0.347867 -0.317114 0.367189
0.377489 -0.313612 0.36178 0.349351 -0.316948 0.366926
0.378467 -0.313504 0.361606 0.350339 -0.316837 0.36675
0.379446 -0.313395 0.361432 0.351328 -0.316727 0.366575
0.380425 -0.313286 0.361258 0.352316 -0.316616 0.3664
0.381404 -0.313177 0.361084 0.353303 -0.316506 0.366224
0.382382 -0.313069 0.36091 0.354291 -0.316396 0.366049
0.383361 -0.31296 0.360736 0.355278 -0.316285 0.365874
0.38434 -0.312851 0.360562 0.356265 -0.316175 0.365698
0.385319 -0.312742 0.360388 0.357252 -0.316065 0.365523
0.386297 -0.312634 0.360214 0.358239 -0.315954 0.365348
0.387276 -0.312525 0.36004 0.359226 -0.315844 0.365173
0.388255 -0.312416 0.359866 0.360212 -0.315734 0.364998
0.389233 -0.312307 0.359692 0.361198 -0.315624 0.364823
0.390212 -0.312199 0.359518 0.362184 -0.315514 0.364648
0.391191 -0.31209 0.359344 0.363169 -0.315404 0.364473
0.39217 -0.311981 0.35917 0.364155 -0.315294 0.364298
0.393148 -0.311872 0.358996 0.36514 -0.315183 0.364123
0.394127 -0.311764 0.358822 0.366124 -0.315073 0.363949
0.395106 -0.311655 0.358648 0.367109 -0.314964 0.363774
0.396084 -0.311546 0.358474 0.368093 -0.314854 0.363599
0.397063 -0.311437 0.3583 0.369077 -0.314744 0.363424
0.398042 -0.311329 0.358126 0.370061 -0.314634 0.36325
0.399021 -0.31122 0.357952 0.371045 -0.314524 0.363075
0.399999 -0.311111 0.357778 0.372028 -0.314414 0.362901
0.400978 -0.311002 0.357604 0.373011 -0.314304 0.362726
0.401957 -0.310894 0.35743 0.373994 -0.314195 0.362552
0.402936 -0.310785 0.357256 0.374977 -0.314085 0.362377
0.403914 -0.310676 0.357082 0.375468 -0.31403 0.36229
0.404893 -0.310567 0.356908 0.376942 -0.313865 0.362028
0.405872 -0.310459 0.356734 0.377924 -0.313756 0.361854
0.40685 -0.31035 0.35656 0.378905 -0.313646 0.36168
0.407829 -0.310241 0.356386 0.379395 -0.313591 0.361593
0.408808 -0.310132 0.356212 0.38086 -0.313428 0.361333
0.409787 -0.310024 0.356038 0.381832 -0.313319 0.36116
0.410765 -0.309915 0.355864 0.382802 -0.31321 0.360987
0.411744 -0.309806 0.35569 0.383768 -0.313102 0.360815
0.412723 -0.309697 0.355516 0.384733 -0.312994 0.360643
0.413701 -0.309589 0.355342 0.385698 -0.312885 0.360472
0.41468 -0.30948 0.355168 0.38715 -0.312723 0.360214
0.415659 -0.309371 0.354994 0.387634 -0.312669 0.360128
0.416638 -0.309262 0.35482 0.389091 -0.312506 0.359869
0.417616 -0.309154 0.354646 0.389577 -0.312452 0.359783
0.418595 -0.309045 0.354472 0.39055 -0.312343 0.35961
0.419574 -0.308936 0.354298 0.391524 -0.312235 0.359437
0.420553 -0.308827 0.354124 0.3925 -0.312126 0.359264
0.421531 -0.308719 0.35395 0.393965 -0.311963 0.359004
0.42251 -0.30861 0.353776 0.394942 -0.311854 0.358831
0.423489 -0.308501 0.353602 0.39592 -0.311745 0.358657
0.424467 -0.308393 0.353428 0.396899 -0.311636 0.358484
0.425446 -0.308284 0.353254 0.397878 -0.311527 0.35831
0.426425 -0.308175 0.35308 0.398856 -0.311418 0.358137
0.427404 -0.308066 0.352906 0.399835 -0.311309 0.357963
0.428382 -0.307958 0.352732 0.400325 -0.311254 0.357876
0.429361 -0.307849 0.352558 0.401793 -0.311091 0.357616
0.43034 -0.30774 0.352384 0.402769 -0.310982 0.357442
0.431319 -0.307631 0.35221 0.403743 -0.310873 0.357269
0.432297 -0.307523 0.352036 0.404229 -0.310819 0.357183
0.433276 -0.307414 0.351862 0.405689 -0.310656 0.356924
0.434255 -0.307305 0.351688 0.406664 -0.310548 0.356751
0.435233 -0.307196 0.351514 0.407639 -0.310439 0.356578
0.436212 -0.307088 0.35134 0.408127 -0.310384 0.356491
0.437191 -0.306979 0.351166 0.409593 -0.310221 0.356231
0.43817 -0.30687 0.350992 0.410082 -0.310167 0.356144
0.439148 -0.306761 0.350818 0.411061 -0.310058 0.355971
0.440127 -0.306653 0.350644 0.41204 -0.309949 0.355797
0.441106 -0.306544 0.35047 0.41351 -0.309785 0.355536
0.442084 -0.306435 0.350296 0.41449 -0.309676 0.355362
0.443063 -0.306326 0.350122 0.414981 -0.309621 0.355275
0.444042 -0.306218 0.349948 0.415962 -0.309512 0.355101
0.445021 -0.306109 0.349774 0.417434 -0.309348 0.35484
0.445999 -0.306 0.3496 0.418415 -0.309239 0.354666
0.446978 -0.305891 0.349426 0.419395 -0.30913 0.354492
0.447957 -0.305783 0.349252 0.419886 -0.309075 0.354405
0.448936 -0.305674 0.349078 0.421356 -0.308912 0.354144
0.449914 -0.305565 0.348904 0.422336 -0.308802 0.35397
0.450893 -0.305456 0.34873 0.423316 -0.308693 0.353796
0.451872 -0.305348 0.348556 0.424297 -0.308584 0.353622
0.45285 -0.305239 0.348382 0.425276 -0.308475 0.353448
0.453829 -0.30513 0.348208 0.426256 -0.308366 0.353274
0.454808 -0.305021 0.348034 0.427235 -0.308257 0.353101
0.455787 -0.304913 0.34786 0.428214 -0.308147 0.352927
0.456765 -0.304804 0.347686 0.429193 -0.308038 0.352753
0.457744 -0.304695 0.347512 0.430171 -0.307929 0.352579
0.458723 -0.304586 0.347338 0.43115 -0.30782 0.352405
0.459702 -0.304478 0.347164 0.432129 -0.307711 0.352232
0.46068 -0.304369 0.34699 0.433108 -0.307602 0.352058
0.461659 -0.30426 0.346816 0.434087 -0.307493 0.351884
0.462638 -0.304151 0.346642 0.435066 -0.307384 0.35171
0.463616 -0.304043 0.346468 0.436045 -0.307275 0.351536
0.464595 -0.303934 0.346294 0.437024 -0.307166 0.351362
0.465574 -0.303825 0.34612 0.437514 -0.307111 0.351276
0.466553 -0.303716 0.345946 0.438493 -0.307002 0.351102
0.467531 -0.303608 0.345772 0.439962 -0.306838 0.350841
0.46851 -0.303499 0.345598 0.440941 -0.306729 0.350667
0.469489 -0.30339 0.345424 0.44192 -0.30662 0.350493
0.470467 -0.303281 0.34525 0.442898 -0.306511 0.350319
0.471446 -0.303173 0.345076 0.443875 -0.306402 0.350146
0.472425 -0.303064 0.344902 0.444852 -0.306293 0.349972
0.473404 -0.302955 0.344728 0.44583 -0.306184 0.349799
0.474382 -0.302846 0.344554 0.446808 -0.306075 0.349625
0.475361 -0.302738 0.34438 0.447783 -0.305966 0.349452
0.47634 -0.302629 0.344206 0.448756 -0.305858 0.349279
0.477319 -0.30252 0.344032 0.449728 -0.305749 0.349106
0.478297 -0.302411 0.343858 0.450214 -0.305695 0.349019
0.479276 -0.302303 0.343684 0.451674 -0.305532 0.34876
0.480255 -0.302194 0.34351 0.452161 -0.305478 0.348673
0.481233 -0.302085 0.343336 0.453624 -0.305315 0.348413
0.482212 -0.301976 0.343162 0.454601 -0.305206 0.34824
0.483191 -0.301868 0.342988 0.455089 -0.305152 0.348153
0.48417 -0.301759 0.342814 0.456066 -0.305043 0.34798
0.485148 -0.30165 0.34264 0.457044 -0.304934 0.347806
0.486127 -0.301541 0.342466 0.458021 -0.304825 0.347633
0.487106 -0.301433 0.342292 0.459 -0.304716 0.347459
0.488084 -0.301324 0.342118 0.459979 -0.304607 0.347285
0.489063 -0.301215 0.341944 0.46145 -0.304443 0.347024
0.490042 -0.301106 0.34177 0.46194 -0.304389 0.346937
0.491021 -0.300998 0.341596 0.462922 -0.30428 0.346763
0.491999 -0.300889 0.341422 0.463903 -0.30417 0.346589
0.492978 -0.30078 0.341248 0.464885 -0.304061 0.346415
0.493957 -0.300671 0.341074 0.465867 -0.303952 0.34624
0.494936 -0.300563 0.3409 0.466358 -0.303897 0.346153
0.495914 -0.300454 0.340726 0.468323 -0.303679 0.345804
0.496893 -0.300345 0.340552 0.469798 -0.303515 0.345543
0.497872 -0.300236 0.340378 0.471269 -0.303351 0.345281
0.49885 -0.300128 0.340204 0.472245 -0.303242 0.345108
0.499829 -0.300019 0.34003 0.473213 -0.303134 0.344936
0.500808 -0.29991 0.339856 0.473693 -0.30308 0.34485
0.499829 -0.300019 0.34003 0.475118 -0.30292 0.344595
0.500808 -0.29991 0.339856 0.476057 -0.302814 0.344427
0.499829 -0.300019 0.34003 0.476991 -0.302709 0.34426
0.500808 -0.29991 0.339856 0.477925 -0.302604 0.344093
0.499829 -0.300019 0.34003 0.478853 -0.302499 0.343927
0.500808 -0.29991 0.339856 0.479772 -0.302396 0.343762
0.499829 -0.300019 0.34003 0.480677 -0.302293 0.343599
0.500808 -0.29991 0.339856 0.481566 -0.302192 0.343439
0.499829 -0.300019 0.34003 0.482436 -0.302093 0.343282
0.500808 -0.29991 0.339856 0.483286 -0.301995 0.343127
0.499829 -0.300019 0.34003 0.484115 -0.3019 0.342977
0.500808 -0.29991 0.339856 0.48492 -0.301807 0.34283
0.499829 -0.300019 0.34003 0.485701 -0.301716 0.342687
0.500808 -0.29991 0.339856 0.486457 -0.301628 0.342548
0.499829 -0.300019 0.34003 0.487187 -0.301542 0.342413
0.500808 -0.29991 0.339856 0.487891 -0.30146 0.342283
0.499829 -0.300019 0.34003 0.488569 -0.30138 0.342157
0.500808 -0.29991 0.339856 0.48922 -0.301302 0.342036
0.499829 -0.300019 0.34003 0.489847 -0.301228 0.341919
0.500808 -0.29991 0.339856 0.490449 -0.301156 0.341807
0.499829 -0.300019 0.34003 0.491026 -0.301087 0.341699
0.500808 -0.29991 0.339856 0.491576 -0.30102 0.341595
0.499829 -0.300019 0.34003 0.492102 -0.300957 0.341496
0.500808 -0.29991 0.339856 0.492602 -0.300896 0.341402
0.499829 -0.300019 0.34003 0.493079 -0.300839 0.341311
0.500808 -0.29991 0.339856 0.493531 -0.300784 0.341226
0.499829 -0.300019 0.34003 0.493961 -0.300731 0.341144
0.500808 -0.29991 0.339856 0.494368 -0.300681 0.341066
0.499829 -0.300019 0.34003 0.494755 -0.300634 0.340993
0.500808 -0.29991 0.339856 0.495124 -0.300589 0.340923
0.499829 -0.300019 0.34003 0.495474 -0.300546 0.340856
0.500808 -0.29991 0.339856 0.495642 -0.300525 0.340824
0.499829 -0.300019 0.34003 0.496122 -0.300467 0.340732
0.500808 -0.29991 0.339856 0.49642 -0.30043 0.340675
0.499829 -0.300019 0.34003 0.496701 -0.300396 0.340622
0.500808 -0.29991 0.339856 0.496963 -0.300363 0.340572
0.499829 -0.300019 0.34003 0.497211 -0.300333 0.340524
0.500808 -0.29991 0.339856 0.497443 -0.300304 0.34048
0.499829 -0.300019 0.34003 0.497662 -0.300278 0.340438
0.500808 -0.29991 0.339856 0.497765 -0.300265 0.340418
0.499829 -0.300019 0.34003 0.497865 -0.300253 0.340399
0.500808 -0.29991 0.339856 0.498234 -0.300207 0.340328
0.499829 -0.300019 0.34003 0.498402 -0.300187 0.340296
0.500808 -0.29991 0.339856 0.498558 -0.300167 0.340266
0.499829 -0.300019 0.34003 0.498703 -0.30015 0.340239
0.500808 -0.29991 0.339856 0.498837 -0.300133 0.340213
0.499829 -0.300019 0.34003 0.49896 -0.300118 0.34019
0.500808 -0.29991 0.339856 0.499072 -0.300104 0.340168
