-0.370001 0.359985 0.350003 -0.369979 0.360477 0.349906
-0.37002 0.359495 0.3501 -0.369979 0.360477 0.349906
-0.370039 0.359005 0.350196 -0.369979 0.360477 0.349906
-0.370059 0.358515 0.350293 -0.369979 0.360477 0.349906
-0.370078 0.358025 0.35039 -0.369979 0.360477 0.349906
-0.370097 0.357535 0.350487 -0.369979 0.360477 0.349906
-0.370117 0.357044 0.350583 -0.369979 0.360477 0.349906
-0.370136 0.356554 0.35068 -0.369979 0.360475 0.349906
-0.370155 0.356064 0.350777 -0.369979 0.360472 0.349906
-0.370175 0.355574 0.350874 -0.369979 0.360468 0.349907
-0.370194 0.355084 0.35097 -0.36998 0.360462 0.349908
-0.370213 0.354594 0.351067 -0.36998 0.360455 0.34991
-0.370233 0.354103 0.351164 -0.36998 0.360447 0.349911
-0.370252 0.353613 0.351261 -0.369981 0.360427 0.349915
-0.370271 0.353123 0.351357 -0.369982 0.360415 0.349918
-0.370291 0.352633 0.351454 -0.369982 0.360402 0.34992
-0.37031 0.352143 0.351551 -0.369983 0.360388 0.349923
-0.37033 0.351653 0.351648 -0.369983 0.360374 0.349926
-0.370349 0.351162 0.351744 -0.369984 0.360358 0.349929
-0.370368 0.350672 0.351841 -0.369985 0.360342 0.349932
-0.370388 0.350182 0.351938 -0.369985 0.360326 0.349935
-0.370407 0.349692 0.352034 -0.369986 0.360306 0.349939
-0.370426 0.349202 0.352131 -0.369987 0.360282 0.349944
-0.370446 0.348712 0.352228 -0.369989 0.360252 0.34995
-0.370465 0.348221 0.352325 -0.369991 0.360212 0.349958
-0.370484 0.347731 0.352421 -0.369993 0.360165 0.349967
-0.370504 0.347241 0.352518 -0.369996 0.36011 0.349979
-0.370523 0.346751 0.352615 -0.369999 0.360046 0.349991
-0.370542 0.346261 0.352712 -0.370002 0.359974 0.350006
-0.370562 0.345771 0.352808 -0.370006 0.359894 0.350022
-0.370581 0.34528 0.352905 -0.370011 0.359806 0.35004
-0.3706 0.34479 0.353002 -0.370015 0.35971 0.350059
-0.37062 0.3443 0.353099 -0.370021 0.359605 0.35008
-0.370639 0.34381 0.353195 -0.370026 0.359491 0.350103
-0.370658 0.34332 0.353292 -0.370033 0.35937 0.350128
-0.370678 0.34283 0.353389 -0.370039 0.35924 0.350154
-0.370697 0.342339 0.353486 -0.370046 0.359101 0.350182
-0.370716 0.341849 0.353582 -0.370062 0.358801 0.350243
-0.370736 0.341359 0.353679 -0.37007 0.358639 0.350276
-0.370755 0.340869 0.353776 -0.370079 0.358469 0.35031
-0.370775 0.340379 0.353873 -0.370088 0.358293 0.350346
-0.370794 0.339889 0.353969 -0.370098 0.358108 0.350383
-0.370813 0.339398 0.354066 -0.370108 0.357917 0.350422
-0.370833 0.338908 0.354163 -0.370118 0.357719 0.350462
-0.370852 0.338418 0.35426 -0.370129 0.357513 0.350504
-0.370871 0.337928 0.354356 -0.37014 0.357301 0.350547
-0.370891 0.337438 0.354453 -0.370151 0.357083 0.350591
-0.37091 0.336948 0.35455 -0.370163 0.356858 0.350637
-0.370929 0.336457 0.354647 -0.370187 0.356389 0.350732
-0.370949 0.335967 0.354743 -0.370199 0.356146 0.350781
-0.370968 0.335477 0.35484 -0.370266 0.354847 0.351044
-0.370987 0.334987 0.354937 -0.37028 0.354571 0.3511
-0.371007 0.334497 0.355034 -0.370294 0.354291 0.351157
-0.371026 0.334006 0.35513 -0.370309 0.354006 0.351214
-0.371045 0.333516 0.355227 -0.370323 0.353717 0.351273
-0.371065 0.333026 0.355324 -0.370338 0.353424 0.351332
-0.371084 0.332536 0.355421 -0.370353 0.353128 0.351392
-0.371103 0.332046 0.355517 -0.370368 0.352827 0.351452
-0.371123 0.331556 0.355614 -0.370383 0.352524 0.351513
-0.371142 0.331065 0.355711 -0.370398 0.352217 0.351575
-0.371162 0.330575 0.355808 -0.370429 0.351592 0.351701
-0.371181 0.330085 0.355904 -0.370445 0.351274 0.351765
-0.3712 0.329595 0.356001 -0.37046 0.350954 0.35183
-0.37122 0.329105 0.356098 -0.370476 0.350629 0.351895
-0.371239 0.328615 0.356194 -0.370492 0.350302 0.351961
-0.371258 0.328124 0.356291 -0.370508 0.349971 0.352027
-0.371278 0.327634 0.356388 -0.370524 0.349638 0.352094
-0.371297 0.327144 0.356485 -0.370556 0.348963 0.35223
-0.371316 0.326654 0.356581 -0.370572 0.348622 0.352298
-0.371336 0.326164 0.356678 -0.370588 0.348278 0.352367
-0.371355 0.325674 0.356775 -0.370605 0.347932 0.352437
-0.371374 0.325183 0.356872 -0.370621 0.347583 0.352507
-0.371394 0.324693 0.356968 -0.370638 0.347232 0.352577
-0.371413 0.324203 0.357065 -0.370654 0.346878 0.352648
-0.371432 0.323713 0.357162 -0.370671 0.346522 0.352719
-0.371452 0.323223 0.357259 -0.370687 0.346163 0.352791
-0.371471 0.322733 0.357355 -0.370704 0.345802 0.352863
-0.37149 0.322242 0.357452 -0.370721 0.345439 0.352936
-0.37151 0.321752 0.357549 -0.370737 0.345073 0.353009
-0.371529 0.321262 0.357646 -0.370754 0.344706 0.353082
-0.371548 0.320772 0.357742 -0.370771 0.344336 0.353156
-0.371568 0.320282 0.357839 -0.370788 0.343964 0.35323
-0.371587 0.319792 0.357936 -0.370805 0.34359 0.353305
-0.371607 0.319301 0.358033 -0.370822 0.343214 0.35338
-0.371626 0.318811 0.358129 -0.370839 0.342835 0.353456
-0.371645 0.318321 0.358226 -0.370856 0.342453 0.353532
-0.371665 0.317831 0.358323 -0.370874 0.342069 0.353609
-0.371684 0.317341 0.35842 -0.370891 0.341683 0.353686
-0.371703 0.316851 0.358516 -0.370909 0.341294 0.353763
-0.371723 0.31636 0.358613 -0.370926 0.340903 0.353841
-0.371742 0.31587 0.35871 -0.370944 0.34051 0.35392
-0.371761 0.31538 0.358807 -0.370979 0.339718 0.354078
-0.371781 0.31489 0.358903 -0.370997 0.339318 0.354157
-0.3718 0.3144 0.359 -0.371015 0.338917 0.354237
-0.371819 0.31391 0.359097 -0.371033 0.338514 0.354318
-0.371839 0.313419 0.359194 -0.371051 0.338109 0.354398
-0.371858 0.312929 0.35929 -0.371069 0.337702 0.354479
-0.371877 0.312439 0.359387 -0.371087 0.337293 0.354561
-0.371897 0.311949 0.359484 -0.371105 0.336882 0.354643
-0.371916 0.311459 0.359581 -0.371123 0.336469 0.354725
-0.371935 0.310969 0.359677 -0.371141 0.336055 0.354807
-0.371955 0.310478 0.359774 -0.37116 0.335638 0.35489
-0.371974 0.309988 0.359871 -0.371178 0.33522 0.354973
-0.371993 0.309498 0.359967 -0.371196 0.3348 0.355057
-0.372013 0.309008 0.360064 -0.371215 0.334379 0.35514
-0.372032 0.308518 0.360161 -0.371233 0.333956 0.355224
-0.372052 0.308027 0.360258 -0.371252 0.333531 0.355309
-0.372071 0.307537 0.360354 -0.37127 0.333105 0.355394
-0.37209 0.307047 0.360451 -0.371289 0.332677 0.355479
-0.37211 0.306557 0.360548 -0.371307 0.332248 0.355564
-0.372129 0.306067 0.360645 -0.371326 0.331818 0.355649
-0.372148 0.305577 0.360741 -0.371345 0.331386 0.355735
-0.372168 0.305086 0.360838 -0.371363 0.330953 0.355821
-0.372187 0.304596 0.360935 -0.371382 0.330519 0.355907
-0.372206 0.304106 0.361032 -0.371401 0.330084 0.355993
-0.372226 0.303616 0.361128 -0.371419 0.329647 0.35608
-0.372245 0.303126 0.361225 -0.371438 0.329208 0.356167
-0.372264 0.302636 0.361322 -0.371457 0.328768 0.356254
-0.372284 0.302145 0.361419 -0.371476 0.328327 0.356342
-0.372303 0.301655 0.361515 -0.371495 0.327885 0.35643
-0.372322 0.301165 0.361612 -0.371514 0.327441 0.356518
-0.372342 0.300675 0.361709 -0.371532 0.326996 0.356606
-0.372361 0.300185 0.361806 -0.371551 0.32655 0.356694
-0.37238 0.299695 0.361902 -0.37157 0.326102 0.356783
-0.3724 0.299204 0.361999 -0.37159 0.325653 0.356872
-0.372419 0.298714 0.362096 -0.371609 0.325203 0.356961
-0.372439 0.298224 0.362193 -0.371628 0.324753 0.35705
-0.372458 0.297734 0.362289 -0.371647 0.324301 0.35714
-0.372477 0.297244 0.362386 -0.371666 0.323849 0.357229
-0.372497 0.296754 0.362483 -0.371704 0.322942 0.357409
-0.372516 0.296263 0.36258 -0.371723 0.322487 0.357499
-0.372535 0.295773 0.362676 -0.371742 0.322032 0.357589
-0.372555 0.295283 0.362773 -0.371761 0.321576 0.357679
-0.372574 0.294793 0.36287 -0.37178 0.321119 0.35777
-0.372593 0.294303 0.362967 -0.371799 0.320661 0.35786
-0.372613 0.293813 0.363063 -0.371818 0.320202 0.357951
-0.372632 0.293322 0.36316 -0.371837 0.319743 0.358042
-0.372651 0.292832 0.363257 -0.371856 0.319283 0.358133
-0.372671 0.292342 0.363354 -0.371875 0.318822 0.358224
-0.37269 0.291852 0.36345 -0.371894 0.318361 0.358315
-0.372709 0.291362 0.363547 -0.371913 0.317899 0.358406
-0.372729 0.290872 0.363644 -0.371932 0.317437 0.358498
-0.372748 0.290381 0.363741 -0.371951 0.316975 0.358589
-0.372767 0.289891 0.363837 -0.37197 0.316512 0.35868
-0.372787 0.289401 0.363934 -0.371989 0.316049 0.358772
-0.372806 0.288911 0.364031 -0.372008 0.315585 0.358863
-0.372825 0.288421 0.364127 -0.372027 0.315121 0.358955
-0.372845 0.287931 0.364224 -0.372046 0.314656 0.359047
-0.372864 0.28744 0.364321 -0.372065 0.314191 0.359139
-0.372884 0.28695 0.364418 -0.372084 0.313724 0.359231
-0.372903 0.28646 0.364514 -0.372103 0.313258 0.359323
-0.372922 0.28597 0.364611 -0.372122 0.31279 0.359415
-0.372942 0.28548 0.364708 -0.372141 0.312322 0.359508
-0.372961 0.28499 0.364805 -0.37216 0.311854 0.3596
-0.37298 0.284499 0.364901 -0.372179 0.311384 0.359693
-0.373 0.284009 0.364998 -0.372198 0.310915 0.359785
-0.373019 0.283519 0.365095 -0.372217 0.310445 0.359878
-0.373038 0.283029 0.365192 -0.372237 0.309975 0.359971
-0.373058 0.282539 0.365288 -0.372256 0.309504 0.360064
-0.373077 0.282049 0.365385 -0.372275 0.309034 0.360156
-0.373096 0.281558 0.365482 -0.372294 0.308563 0.360249
-0.373116 0.281068 0.365579 -0.372313 0.308092 0.360342
-0.373135 0.280578 0.365675 -0.372331 0.307621 0.360435
-0.373154 0.280088 0.365772 -0.37235 0.307149 0.360528
-0.373174 0.279598 0.365869 -0.372369 0.306678 0.360621
-0.373193 0.279107 0.365966 -0.372388 0.306206 0.360714
-0.373212 0.278617 0.366062 -0.372426 0.305261 0.3609
-0.373232 0.278127 0.366159 -0.372445 0.304789 0.360993
-0.373251 0.277637 0.366256 -0.372464 0.304316 0.361087
-0.373271 0.277147 0.366353 -0.372483 0.303842 0.36118
-0.37329 0.276657 0.366449 -0.372502 0.303369 0.361273
-0.373309 0.276166 0.366546 -0.372521 0.302895 0.361367
-0.373329 0.275676 0.366643 -0.37254 0.302421 0.36146
-0.373348 0.275186 0.36674 -0.372559 0.301947 0.361553
-0.373367 0.274696 0.366836 -0.372578 0.301472 0.361647
-0.373387 0.274206 0.366933 -0.372596 0.300998 0.36174
-0.373406 0.273716 0.36703 -0.372615 0.300523 0.361834
-0.373425 0.273225 0.367127 -0.372634 0.300047 0.361928
-0.373445 0.272735 0.367223 -0.372653 0.299572 0.362021
-0.373464 0.272245 0.36732 -0.372672 0.299096 0.362115
-0.373483 0.271755 0.367417 -0.372691 0.29862 0.362209
-0.373503 0.271265 0.367514 -0.37271 0.298144 0.362303
-0.373522 0.270775 0.36761 -0.372729 0.297668 0.362396
-0.373541 0.270284 0.367707 -0.372748 0.297192 0.36249
-0.373561 0.269794 0.367804 -0.372767 0.296716 0.362584
-0.37358 0.269304 0.367901 -0.372786 0.29624 0.362677
-0.373599 0.268814 0.367997 -0.372805 0.295765 0.362771
-0.373619 0.268324 0.368094 -0.372823 0.295289 0.362865
-0.373638 0.267834 0.368191 -0.372842 0.294814 0.362958
-0.373657 0.267343 0.368287 -0.372861 0.294338 0.363052
-0.373677 0.266853 0.368384 -0.37288 0.293861 0.363146
-0.373696 0.266363 0.368481 -0.372899 0.293385 0.36324
-0.373716 0.265873 0.368578 -0.372918 0.292908 0.363333
-0.373735 0.265383 0.368674 -0.372936 0.292431 0.363427
-0.373754 0.264893 0.368771 -0.372955 0.291954 0.363521
-0.373774 0.264402 0.368868 -0.372974 0.291477 0.363615
-0.373793 0.263912 0.368965 -0.372993 0.291 0.363709
-0.373812 0.263422 0.369061 -0.373012 0.290523 0.363803
-0.373832 0.262932 0.369158 -0.373031 0.290046 0.363897
-0.373851 0.262442 0.369255 -0.37305 0.289569 0.363991
-0.37387 0.261952 0.369352 -0.373068 0.289092 0.364085
-0.37389 0.261461 0.369448 -0.373106 0.288138 0.364273
-0.373909 0.260971 0.369545 -0.373125 0.28766 0.364367
-0.373928 0.260481 0.369642 -0.373144 0.287183 0.364461
-0.373948 0.259991 0.369739 -0.373162 0.286706 0.364554
-0.373967 0.259501 0.369835 -0.373181 0.286229 0.364648
-0.373986 0.259011 0.369932 -0.3732 0.285751 0.364742
-0.374006 0.25852 0.370029 -0.373219 0.285274 0.364836
-0.374025 0.25803 0.370126 -0.373238 0.284796 0.36493
-0.374044 0.25754 0.370222 -0.373257 0.284319 0.365024
-0.374064 0.25705 0.370319 -0.373275 0.283841 0.365118
-0.374083 0.25656 0.370416 -0.373294 0.283364 0.365212
-0.374103 0.25607 0.370513 -0.373313 0.282886 0.365306
-0.374122 0.255579 0.370609 -0.373332 0.282408 0.3654
-0.374141 0.255089 0.370706 -0.373351 0.281931 0.365494
-0.374161 0.254599 0.370803 -0.373369 0.281454 0.365588
-0.37418 0.254109 0.3709 -0.373388 0.280977 0.365682
-0.374199 0.253619 0.370996 -0.373407 0.2805 0.365776
-0.374219 0.253129 0.371093 -0.373426 0.280024 0.36587
-0.374238 0.252638 0.37119 -0.373444 0.279548 0.365963
-0.374257 0.252148 0.371287 -0.373463 0.279071 0.366057
-0.374277 0.251658 0.371383 -0.373482 0.278595 0.366151
-0.374296 0.251168 0.37148 -0.3735 0.278118 0.366245
-0.374315 0.250678 0.371577 -0.373519 0.277641 0.366338
-0.374335 0.250187 0.371674 -0.373538 0.277165 0.366432
-0.374354 0.249697 0.37177 -0.373557 0.276688 0.366526
-0.374373 0.249207 0.371867 -0.373575 0.276211 0.36662
-0.374393 0.248717 0.371964 -0.373594 0.275734 0.366714
-0.374412 0.248227 0.37206 -0.373613 0.275256 0.366808
-0.374431 0.247737 0.372157 -0.373632 0.274779 0.366902
-0.374451 0.247246 0.372254 -0.373651 0.274302 0.366996
-0.37447 0.246756 0.372351 -0.373669 0.273824 0.36709
-0.374489 0.246266 0.372447 -0.373688 0.273347 0.367183
-0.374509 0.245776 0.372544 -0.373707 0.27287 0.367277
-0.374528 0.245286 0.372641 -0.373726 0.272393 0.367371
-0.374548 0.244796 0.372738 -0.373745 0.271915 0.367465
-0.374567 0.244305 0.372834 -0.373764 0.271437 0.367559
-0.374586 0.243815 0.372931 -0.373782 0.27096 0.367653
-0.374606 0.243325 0.373028 -0.373801 0.270481 0.367747
-0.374625 0.242835 0.373125 -0.37382 0.270003 0.367841
-0.374644 0.242345 0.373221 -0.373839 0.269525 0.367935
-0.374664 0.241855 0.373318 -0.373858 0.269048 0.36803
-0.374683 0.241364 0.373415 -0.373877 0.26857 0.368124
-0.374702 0.240874 0.373512 -0.373915 0.267614 0.368312
-0.374722 0.240384 0.373608 -0.373934 0.267135 0.368406
-0.374741 0.239894 0.373705 -0.373952 0.266657 0.3685
-0.37476 0.239404 0.373802 -0.373971 0.266179 0.368594
-0.37478 0.238914 0.373899 -0.37399 0.265701 0.368688
-0.374799 0.238423 0.373995 -0.374009 0.265223 0.368782
-0.374818 0.237933 0.374092 -0.374028 0.264744 0.368876
-0.374838 0.237443 0.374189 -0.374047 0.264266 0.368971
-0.374857 0.236953 0.374286 -0.374066 0.263788 0.369065
-0.374876 0.236463 0.374382 -0.374085 0.263309 0.369159
-0.374896 0.235973 0.374479 -0.374104 0.262831 0.369253
-0.374915 0.235482 0.374576 -0.374123 0.262353 0.369347
-0.374935 0.234992 0.374673 -0.374141 0.261876 0.369441
-0.374954 0.234502 0.374769 -0.37416 0.261398 0.369535
-0.374973 0.234012 0.374866 -0.374179 0.260921 0.369629
-0.374993 0.233522 0.374963 -0.374198 0.260445 0.369723
-0.375012 0.233032 0.37506 -0.374216 0.259968 0.369816
-0.375031 0.232541 0.375156 -0.374235 0.259492 0.36991
-0.375051 0.232051 0.375253 -0.374254 0.259017 0.370004
-0.37507 0.231561 0.37535 -0.374272 0.258542 0.370097
-0.375089 0.231071 0.375447 -0.374291 0.258068 0.37019
-0.375109 0.230581 0.375543 -0.374309 0.257594 0.370284
-0.375128 0.230091 0.37564 -0.374328 0.25712 0.370377
-0.375147 0.2296 0.375737 -0.374346 0.256647 0.37047
-0.375167 0.22911 0.375834 -0.374365 0.256173 0.370563
-0.375186 0.22862 0.37593 -0.374384 0.255698 0.370657
-0.375205 0.22813 0.376027 -0.374402 0.255223 0.37075
-0.375225 0.22764 0.376124 -0.374421 0.254749 0.370844
-0.375244 0.22715 0.37622 -0.374439 0.254274 0.370937
-0.375263 0.226659 0.376317 -0.374477 0.253324 0.371124
-0.375283 0.226169 0.376414 -0.374496 0.252849 0.371217
-0.375302 0.225679 0.376511 -0.374514 0.252374 0.371311
-0.375321 0.225189 0.376607 -0.374533 0.251898 0.371405
-0.375341 0.224699 0.376704 -0.374552 0.251423 0.371498
-0.37536 0.224209 0.376801 -0.37457 0.250947 0.371592
-0.37538 0.223718 0.376898 -0.374589 0.250472 0.371685
-0.375399 0.223228 0.376994 -0.374608 0.249996 0.371779
-0.375418 0.222738 0.377091 -0.374627 0.24952 0.371873
-0.375438 0.222248 0.377188 -0.374646 0.249044 0.371966
-0.375457 0.221758 0.377285 -0.374664 0.248568 0.37206
-0.375476 0.221267 0.377381 -0.374683 0.248092 0.372154
-0.375496 0.220777 0.377478 -0.374702 0.247616 0.372248
-0.375515 0.220287 0.377575 -0.374721 0.247139 0.372341
-0.375534 0.219797 0.377672 -0.374759 0.246186 0.372529
-0.375554 0.219307 0.377768 -0.374778 0.245709 0.372623
-0.375573 0.218817 0.377865 -0.374796 0.245233 0.372717
-0.375592 0.218326 0.377962 -0.374815 0.244757 0.37281
-0.375612 0.217836 0.378059 -0.374834 0.244281 0.372904
-0.375631 0.217346 0.378155 -0.374853 0.243806 0.372998
-0.37565 0.216856 0.378252 -0.374872 0.24333 0.373091
-0.37567 0.216366 0.378349 -0.37489 0.242855 0.373185
-0.375689 0.215876 0.378446 -0.374909 0.24238 0.373278
-0.375708 0.215385 0.378542 -0.374928 0.241905 0.373372
-0.375728 0.214895 0.378639 -0.374947 0.24143 0.373465
-0.375747 0.214405 0.378736 -0.374965 0.240955 0.373559
-0.375767 0.213915 0.378833 -0.374984 0.240481 0.373652
-0.375786 0.213425 0.378929 -0.375003 0.240006 0.373746
-0.375805 0.212935 0.379026 -0.375021 0.239531 0.373839
-0.375825 0.212444 0.379123 -0.37504 0.239057 0.373932
-0.375844 0.211954 0.37922 -0.375059 0.238583 0.374026
-0.375863 0.211464 0.379316 -0.375077 0.238109 0.374119
-0.375883 0.210974 0.379413 -0.375096 0.237635 0.374212
-0.375902 0.210484 0.37951 -0.375115 0.237162 0.374305
-0.375921 0.209994 0.379607 -0.375133 0.23669 0.374398
-0.375941 0.209503 0.379703 -0.375152 0.236218 0.374491
-0.37596 0.209013 0.3798 -0.37517 0.235746 0.374584
-0.375979 0.208523 0.379897 -0.375189 0.235275 0.374677
-0.375999 0.208033 0.379994 -0.375207 0.234803 0.37477
-0.376018 0.207543 0.38009 -0.375225 0.234332 0.374862
-0.376037 0.207053 0.380187 -0.375244 0.233861 0.374955
-0.376057 0.206562 0.380284 -0.375281 0.232919 0.37514
-0.376076 0.206072 0.38038 -0.375299 0.232448 0.375233
-0.376095 0.205582 0.380477 -0.375318 0.231977 0.375326
-0.376115 0.205092 0.380574 -0.375336 0.231506 0.375419
-0.376134 0.204602 0.380671 -0.375355 0.231035 0.375511
-0.376153 0.204112 0.380767 -0.375373 0.230565 0.375604
-0.376173 0.203621 0.380864 -0.375391 0.230095 0.375696
-0.376192 0.203131 0.380961 -0.37541 0.229625 0.375789
-0.376212 0.202641 0.381058 -0.375428 0.229155 0.375881
-0.376231 0.202151 0.381154 -0.375447 0.228686 0.375974
-0.37625 0.201661 0.381251 -0.375465 0.228217 0.376066
-0.37627 0.201171 0.381348 -0.375483 0.227747 0.376158
-0.376289 0.20068 0.381445 -0.375502 0.227278 0.376251
-0.376308 0.20019 0.381541 -0.37552 0.226808 0.376343
-0.376328 0.1997 0.381638 -0.375539 0.226339 0.376436
-0.376347 0.19921 0.381735 -0.375557 0.22587 0.376528
-0.376366 0.19872 0.381832 -0.375575 0.225401 0.37662
-0.376386 0.19823 0.381928 -0.375594 0.224932 0.376713
-0.376405 0.197739 0.382025 -0.375612 0.224463 0.376805
-0.376424 0.197249 0.382122 -0.37563 0.223994 0.376897
-0.376444 0.196759 0.382219 -0.375649 0.223525 0.376989
-0.376463 0.196269 0.382315 -0.375667 0.223057 0.377082
-0.376482 0.195779 0.382412 -0.375686 0.222588 0.377174
-0.376502 0.195288 0.382509 -0.375704 0.222119 0.377266
-0.376521 0.194798 0.382606 -0.375723 0.22165 0.377358
-0.37654 0.194308 0.382702 -0.375741 0.221181 0.377451
-0.37656 0.193818 0.382799 -0.375759 0.220712 0.377543
-0.376579 0.193328 0.382896 -0.375778 0.220243 0.377635
-0.376599 0.192838 0.382993 -0.375815 0.219304 0.37782
-0.376618 0.192347 0.383089 -0.375834 0.218834 0.377913
-0.376637 0.191857 0.383186 -0.375852 0.218364 0.378005
-0.376657 0.191367 0.383283 -0.375871 0.217894 0.378098
-0.376676 0.190877 0.38338 -0.375889 0.217424 0.37819
-0.376695 0.190387 0.383476 -0.375908 0.216953 0.378283
-0.376715 0.189897 0.383573 -0.375927 0.216482 0.378376
-0.376734 0.189406 0.38367 -0.375945 0.216011 0.378469
-0.376753 0.188916 0.383767 -0.375964 0.21554 0.378561
-0.376773 0.188426 0.383863 -0.375983 0.215069 0.378654
-0.376792 0.187936 0.38396 -0.376001 0.214599 0.378747
-0.376811 0.187446 0.384057 -0.37602 0.214128 0.378839
-0.376831 0.186956 0.384153 -0.376039 0.213658 0.378932
-0.37685 0.186465 0.38425 -0.376057 0.213188 0.379024
-0.376869 0.185975 0.384347 -0.376076 0.212719 0.379117
-0.376889 0.185485 0.384444 -0.376094 0.212249 0.379209
-0.376908 0.184995 0.38454 -0.376113 0.211779 0.379302
-0.376927 0.184505 0.384637 -0.376131 0.21131 0.379394
-0.376947 0.184015 0.384734 -0.37615 0.21084 0.379487
-0.376966 0.183524 0.384831 -0.376169 0.210371 0.379579
-0.376985 0.183034 0.384927 -0.376206 0.209431 0.379764
-0.377005 0.182544 0.385024 -0.376224 0.208962 0.379857
-0.377024 0.182054 0.385121 -0.376243 0.208492 0.379949
-0.377044 0.181564 0.385218 -0.376261 0.208022 0.380042
-0.377063 0.181074 0.385314 -0.37628 0.207552 0.380134
-0.377082 0.180583 0.385411 -0.376299 0.207082 0.380227
-0.377102 0.180093 0.385508 -0.376317 0.206611 0.380319
-0.377121 0.179603 0.385605 -0.376336 0.206141 0.380412
-0.37714 0.179113 0.385701 -0.376355 0.205671 0.380505
-0.37716 0.178623 0.385798 -0.376373 0.2052 0.380597
-0.377179 0.178133 0.385895 -0.376392 0.204729 0.38069
-0.377198 0.177642 0.385992 -0.376411 0.204258 0.380783
-0.377218 0.177152 0.386088 -0.376429 0.203787 0.380876
-0.377237 0.176662 0.386185 -0.376448 0.203316 0.380968
-0.377256 0.176172 0.386282 -0.376467 0.202845 0.381061
-0.377276 0.175682 0.386379 -0.376486 0.202373 0.381154
-0.377295 0.175192 0.386475 -0.376504 0.201902 0.381247
-0.377314 0.174701 0.386572 -0.376523 0.201431 0.38134
-0.377334 0.174211 0.386669 -0.376542 0.200961 0.381432
-0.377353 0.173721 0.386766 -0.37656 0.20049 0.381525
-0.377372 0.173231 0.386862 -0.376579 0.200019 0.381618
-0.377392 0.172741 0.386959 -0.376598 0.199549 0.38171
-0.377411 0.172251 0.387056 -0.376616 0.199078 0.381803
-0.377431 0.17176 0.387153 -0.376635 0.198607 0.381896
-0.37745 0.17127 0.387249 -0.376654 0.198136 0.381989
-0.377469 0.17078 0.387346 -0.376672 0.197664 0.382081
-0.377489 0.17029 0.387443 -0.37671 0.196721 0.382267
-0.377508 0.1698 0.38754 -0.376729 0.196249 0.38236
-0.377527 0.16931 0.387636 -0.376748 0.195777 0.382453
-0.377547 0.168819 0.387733 -0.376766 0.195305 0.382546
-0.377566 0.168329 0.38783 -0.376785 0.194833 0.382639
-0.377585 0.167839 0.387927 -0.376804 0.194362 0.382732
-0.377605 0.167349 0.388023 -0.376822 0.19389 0.382825
-0.377624 0.166859 0.38812 -0.376841 0.193419 0.382917
-0.377643 0.166368 0.388217 -0.37686 0.192948 0.38301
-0.377663 0.165878 0.388313 -0.376878 0.192478 0.383103
-0.377682 0.165388 0.38841 -0.376897 0.192006 0.383196
-0.377701 0.164898 0.388507 -0.376916 0.191535 0.383288
-0.377721 0.164408 0.388604 -0.376934 0.191064 0.383381
-0.37774 0.163918 0.3887 -0.376953 0.190592 0.383474
-0.377759 0.163427 0.388797 -0.376972 0.190121 0.383567
-0.377779 0.162937 0.388894 -0.376991 0.189649 0.38366
-0.377798 0.162447 0.388991 -0.377009 0.189177 0.383753
-0.377817 0.161957 0.389087 -0.377028 0.188705 0.383846
-0.377837 0.161467 0.389184 -0.377047 0.188233 0.383939
-0.377856 0.160977 0.389281 -0.377066 0.187761 0.384032
-0.377876 0.160486 0.389378 -0.377084 0.187289 0.384125
-0.377895 0.159996 0.389474 -0.377103 0.186817 0.384218
-0.377914 0.159506 0.389571 -0.377122 0.186345 0.38431
-0.377934 0.159016 0.389668 -0.37714 0.185874 0.384403
-0.377953 0.158526 0.389765 -0.377159 0.185402 0.384496
-0.377972 0.158036 0.389861 -0.377178 0.18493 0.384589
-0.377992 0.157545 0.389958 -0.377196 0.184459 0.384682
-0.378011 0.157055 0.390055 -0.377215 0.183987 0.384775
-0.37803 0.156565 0.390152 -0.377234 0.183516 0.384868
-0.37805 0.156075 0.390248 -0.377252 0.183044 0.384961
-0.378069 0.155585 0.390345 -0.377271 0.182572 0.385053
-0.378088 0.155095 0.390442 -0.37729 0.182101 0.385146
-0.378108 0.154604 0.390539 -0.377309 0.181629 0.385239
-0.378127 0.154114 0.390635 -0.377327 0.181157 0.385332
-0.378146 0.153624 0.390732 -0.377365 0.180213 0.385518
-0.378166 0.153134 0.390829 -0.377383 0.17974 0.385611
-0.378185 0.152644 0.390926 -0.377402 0.179268 0.385704
-0.378204 0.152154 0.391022 -0.377421 0.178795 0.385797
-0.378224 0.151663 0.391119 -0.37744 0.178322 0.38589
-0.378243 0.151173 0.391216 -0.377459 0.177849 0.385984
-0.378263 0.150683 0.391313 -0.377477 0.177376 0.386077
-0.378282 0.150193 0.391409 -0.377496 0.176902 0.38617
-0.378301 0.149703 0.391506 -0.377515 0.176428 0.386264
-0.378321 0.149213 0.391603 -0.377534 0.175954 0.386357
-0.37834 0.148722 0.3917 -0.377553 0.17548 0.38645
-0.378359 0.148232 0.391796 -0.377572 0.175005 0.386544
-0.378379 0.147742 0.391893 -0.377591 0.17453 0.386637
-0.378398 0.147252 0.39199 -0.37761 0.174055 0.386731
-0.378417 0.146762 0.392087 -0.377629 0.17358 0.386824
-0.378437 0.146272 0.392183 -0.377648 0.173105 0.386918
-0.378456 0.145781 0.39228 -0.377667 0.17263 0.387012
-0.378475 0.145291 0.392377 -0.377686 0.172154 0.387105
-0.378495 0.144801 0.392473 -0.377705 0.171679 0.387199
-0.378514 0.144311 0.39257 -0.377723 0.171205 0.387292
-0.378533 0.143821 0.392667 -0.377742 0.170731 0.387386
-0.378553 0.143331 0.392764 -0.377761 0.170257 0.387479
-0.378572 0.14284 0.39286 -0.37778 0.169784 0.387572
-0.378591 0.14235 0.392957 -0.377798 0.16931 0.387665
-0.378611 0.14186 0.393054 -0.377817 0.168837 0.387759
-0.37863 0.14137 0.393151 -0.377836 0.168363 0.387852
-0.378649 0.14088 0.393247 -0.377855 0.16789 0.387945
-0.378669 0.14039 0.393344 -0.377873 0.167417 0.388038
-0.378688 0.139899 0.393441 -0.377911 0.16647 0.388225
-0.378708 0.139409 0.393538 -0.37793 0.165997 0.388318
-0.378727 0.138919 0.393634 -0.377948 0.165523 0.388411
-0.378746 0.138429 0.393731 -0.377967 0.165049 0.388505
-0.378766 0.137939 0.393828 -0.377986 0.164576 0.388598
-0.378785 0.137448 0.393925 -0.378005 0.164102 0.388691
-0.378804 0.136958 0.394021 -0.378023 0.163629 0.388784
-0.378824 0.136468 0.394118 -0.378042 0.163155 0.388878
-0.378843 0.135978 0.394215 -0.378061 0.162681 0.388971
-0.378862 0.135488 0.394312 -0.378079 0.162207 0.389064
-0.378882 0.134998 0.394408 -0.378098 0.161734 0.389158
-0.378901 0.134507 0.394505 -0.378117 0.16126 0.389251
-0.37892 0.134017 0.394602 -0.378136 0.160786 0.389344
-0.37894 0.133527 0.394699 -0.378155 0.160312 0.389438
-0.378959 0.133037 0.394795 -0.378173 0.159838 0.389531
-0.378978 0.132547 0.394892 -0.378192 0.159364 0.389624
-0.378998 0.132057 0.394989 -0.378211 0.158891 0.389718
-0.379017 0.131566 0.395086 -0.37823 0.158417 0.389811
-0.379036 0.131076 0.395182 -0.378248 0.157942 0.389904
-0.379056 0.130586 0.395279 -0.378267 0.157468 0.389998
-0.379075 0.130096 0.395376 -0.378286 0.156994 0.390091
-0.379095 0.129606 0.395473 -0.378305 0.156519 0.390185
-0.379114 0.129116 0.395569 -0.378324 0.156045 0.390278
-0.379133 0.128625 0.395666 -0.378342 0.15557 0.390371
-0.379153 0.128135 0.395763 -0.378361 0.155096 0.390465
-0.379172 0.127645 0.39586 -0.37838 0.154621 0.390558
-0.379191 0.127155 0.395956 -0.378399 0.154146 0.390652
-0.379211 0.126665 0.396053 -0.378418 0.153671 0.390746
-0.37923 0.126175 0.39615 -0.378436 0.153196 0.390839
-0.379249 0.125684 0.396246 -0.378493 0.151771 0.39112
-0.379269 0.125194 0.396343 -0.378512 0.151296 0.391213
-0.379288 0.124704 0.39644 -0.378531 0.15082 0.391307
-0.379307 0.124214 0.396537 -0.37855 0.150345 0.391401
-0.379327 0.123724 0.396633 -0.378568 0.149869 0.391495
-0.379346 0.123234 0.39673 -0.378587 0.149393 0.391588
-0.379365 0.122743 0.396827 -0.378606 0.148918 0.391682
-0.379385 0.122253 0.396924 -0.378625 0.148443 0.391775
-0.379404 0.121763 0.39702 -0.378644 0.147969 0.391869
-0.379423 0.121273 0.397117 -0.378662 0.147496 0.391962
-0.379443 0.120783 0.397214 -0.378681 0.147022 0.392055
-0.379462 0.120293 0.397311 -0.3787 0.14655 0.392148
-0.379481 0.119802 0.397407 -0.378718 0.146077 0.392241
-0.379501 0.119312 0.397504 -0.378737 0.145605 0.392334
-0.37952 0.118822 0.397601 -0.378755 0.145133 0.392427
-0.37954 0.118332 0.397698 -0.378773 0.144662 0.39252
-0.379559 0.117842 0.397794 -0.37881 0.14372 0.392706
-0.379578 0.117352 0.397891 -0.378829 0.143249 0.392798
-0.379598 0.116861 0.397988 -0.378847 0.142778 0.392891
-0.379617 0.116371 0.398085 -0.378866 0.142308 0.392984
-0.379636 0.115881 0.398181 -0.378884 0.141838 0.393076
-0.379656 0.115391 0.398278 -0.378902 0.141368 0.393169
-0.379675 0.114901 0.398375 -0.378921 0.140899 0.393261
-0.379694 0.114411 0.398472 -0.378939 0.14043 0.393354
-0.379714 0.11392 0.398568 -0.378957 0.139962 0.393446
-0.379733 0.11343 0.398665 -0.378975 0.139494 0.393538
-0.379752 0.11294 0.398762 -0.378993 0.139026 0.39363
-0.379772 0.11245 0.398859 -0.379012 0.138558 0.393722
-0.379791 0.11196 0.398955 -0.37903 0.138091 0.393814
-0.37981 0.111469 0.399052 -0.379048 0.137624 0.393906
-0.37983 0.110979 0.399149 -0.379066 0.137157 0.393998
-0.379849 0.110489 0.399246 -0.379084 0.13669 0.39409
-0.379868 0.109999 0.399342 -0.379102 0.136223 0.394182
-0.379888 0.109509 0.399439 -0.379121 0.135757 0.394274
-0.379907 0.109019 0.399536 -0.379139 0.13529 0.394366
-0.379927 0.108528 0.399633 -0.379157 0.134824 0.394458
-0.379946 0.108038 0.399729 -0.379175 0.134357 0.39455
-0.379965 0.107548 0.399826 -0.379193 0.133891 0.394642
-0.379985 0.107058 0.399923 -0.379211 0.133424 0.394734
-0.380004 0.106568 0.40002 -0.37923 0.132958 0.394825
-0.380023 0.106078 0.400116 -0.379248 0.132492 0.394917
-0.380043 0.105587 0.400213 -0.379266 0.132025 0.395009
-0.380062 0.105097 0.40031 -0.379284 0.131559 0.395101
-0.380081 0.104607 0.400406 -0.379303 0.131092 0.395193
-0.380101 0.104117 0.400503 -0.379321 0.130626 0.395285
-0.38012 0.103627 0.4006 -0.379339 0.13016 0.395377
-0.380139 0.103137 0.400697 -0.379357 0.129694 0.395469
-0.380159 0.102646 0.400793 -0.379375 0.129228 0.39556
-0.380178 0.102156 0.40089 -0.379394 0.128762 0.395652
-0.380197 0.101666 0.400987 -0.379412 0.128296 0.395744
-0.380217 0.101176 0.401084 -0.37943 0.127831 0.395836
-0.380236 0.100686 0.40118 -0.379448 0.127365 0.395927
-0.380255 0.100196 0.401277 -0.379467 0.126899 0.396019
-0.380275 0.0997054 0.401374 -0.379485 0.126433 0.396111
-0.380294 0.0992153 0.401471 -0.379503 0.125967 0.396203
-0.380313 0.0987251 0.401567 -0.379521 0.125502 0.396294
-0.380333 0.0982349 0.401664 -0.37954 0.125035 0.396386
-0.380352 0.0977447 0.401761 -0.379558 0.124569 0.396478
-0.380372 0.0972546 0.401858 -0.379595 0.123636 0.396662
-0.380391 0.0967644 0.401954 -0.379613 0.12317 0.396754
-0.38041 0.0962742 0.402051 -0.379632 0.122703 0.396846
-0.38043 0.0957841 0.402148 -0.37965 0.122236 0.396938
-0.380449 0.0952939 0.402245 -0.379669 0.121768 0.39703
-0.380468 0.0948037 0.402341 -0.379687 0.121301 0.397122
-0.380488 0.0943136 0.402438 -0.379705 0.120835 0.397214
-0.380507 0.0938234 0.402535 -0.379724 0.120369 0.397306
-0.380526 0.0933332 0.402632 -0.379742 0.119903 0.397398
-0.380546 0.0928431 0.402728 -0.37976 0.119438 0.397489
-0.380565 0.0923529 0.402825 -0.379779 0.118972 0.397581
-0.380584 0.0918627 0.402922 -0.379797 0.118507 0.397673
-0.380604 0.0913725 0.403019 -0.379815 0.118042 0.397764
-0.380623 0.0908824 0.403115 -0.379833 0.117576 0.397856
-0.380642 0.0903922 0.403212 -0.379852 0.117111 0.397948
-0.380662 0.089902 0.403309 -0.37987 0.116646 0.39804
-0.380681 0.0894119 0.403406 -0.379888 0.11618 0.398131
-0.3807 0.0889217 0.403502 -0.379925 0.115248 0.398315
-0.38072 0.0884315 0.403599 -0.379944 0.114782 0.398407
-0.380739 0.0879414 0.403696 -0.379962 0.114316 0.398499
-0.380759 0.0874512 0.403793 -0.37998 0.11385 0.39859
-0.380778 0.086961 0.403889 -0.379999 0.113385 0.398682
-0.380797 0.0864708 0.403986 -0.380017 0.112919 0.398774
-0.380817 0.0859807 0.404083 -0.380035 0.112454 0.398866
-0.380836 0.0854905 0.40418 -0.380054 0.111988 0.398957
-0.380855 0.0850003 0.404276 -0.380072 0.111523 0.399049
-0.380875 0.0845102 0.404373 -0.380091 0.111057 0.399141
-0.380894 0.08402 0.40447 -0.380109 0.11059 0.399233
-0.380913 0.0835298 0.404566 -0.380127 0.110124 0.399325
-0.380933 0.0830397 0.404663 -0.380146 0.109657 0.399417
-0.380952 0.0825495 0.40476 -0.380164 0.109189 0.399509
-0.380971 0.0820593 0.404857 -0.380183 0.108721 0.399601
-0.380991 0.0815692 0.404953 -0.380202 0.108253 0.399694
-0.38101 0.081079 0.40505 -0.38022 0.107785 0.399786
-0.381029 0.0805888 0.405147 -0.380239 0.107316 0.399878
-0.381049 0.0800986 0.405244 -0.380258 0.106847 0.399971
-0.381068 0.0796085 0.40534 -0.380276 0.106378 0.400063
-0.381087 0.0791183 0.405437 -0.380295 0.105908 0.400156
-0.381107 0.0786281 0.405534 -0.380314 0.105439 0.400248
-0.381126 0.078138 0.405631 -0.380333 0.10497 0.400341
-0.381145 0.0776478 0.405727 -0.380351 0.1045 0.400433
-0.381165 0.0771576 0.405824 -0.38037 0.10403 0.400526
-0.381184 0.0766675 0.405921 -0.380389 0.10356 0.400619
-0.381204 0.0761773 0.406018 -0.380408 0.10309 0.400711
-0.381223 0.0756871 0.406114 -0.380426 0.102619 0.400804
-0.381242 0.0751969 0.406211 -0.380445 0.102148 0.400897
-0.381262 0.0747068 0.406308 -0.380464 0.101676 0.40099
-0.381281 0.0742166 0.406405 -0.380483 0.101204 0.401083
-0.3813 0.0737264 0.406501 -0.380502 0.100732 0.401176
-0.38132 0.0732363 0.406598 -0.380521 0.10026 0.401269
-0.381339 0.0727461 0.406695 -0.38054 0.0997882 0.401362
-0.381358 0.0722559 0.406792 -0.380559 0.0993161 0.401455
-0.381378 0.0717658 0.406888 -0.380577 0.0988439 0.401548
-0.381397 0.0712756 0.406985 -0.380596 0.0983717 0.401642
-0.381416 0.0707854 0.407082 -0.380615 0.0978993 0.401735
-0.381436 0.0702953 0.407179 -0.380634 0.0974268 0.401828
-0.381455 0.0698051 0.407275 -0.380653 0.0969541 0.401921
-0.381474 0.0693149 0.407372 -0.380672 0.0964813 0.402014
-0.381494 0.0688247 0.407469 -0.380691 0.0960084 0.402107
-0.381513 0.0683346 0.407566 -0.38071 0.0955353 0.402201
-0.381532 0.0678444 0.407662 -0.380728 0.095062 0.402294
-0.381552 0.0673542 0.407759 -0.380747 0.0945885 0.402387
-0.381571 0.0668641 0.407856 -0.380766 0.0941148 0.402481
-0.381591 0.0663739 0.407953 -0.380785 0.0936409 0.402574
-0.38161 0.0658837 0.408049 -0.380823 0.0926921 0.402761
-0.381629 0.0653936 0.408146 -0.380842 0.0922172 0.402855
-0.381649 0.0649034 0.408243 -0.380861 0.091742 0.402949
-0.381668 0.0644132 0.408339 -0.38088 0.0912666 0.403042
-0.381687 0.063923 0.408436 -0.380899 0.0907909 0.403136
-0.381707 0.0634329 0.408533 -0.380918 0.0903151 0.40323
-0.381726 0.0629427 0.40863 -0.380937 0.0898392 0.403324
-0.381745 0.0624525 0.408726 -0.380957 0.0893631 0.403418
-0.381765 0.0619624 0.408823 -0.380976 0.0888868 0.403512
-0.381784 0.0614722 0.40892 -0.380995 0.0884103 0.403606
-0.381803 0.060982 0.409017 -0.381014 0.0879335 0.4037
-0.381823 0.0604919 0.409113 -0.381052 0.0869795 0.403888
-0.381842 0.0600017 0.40921 -0.381071 0.0865022 0.403982
-0.381861 0.0595115 0.409307 -0.38109 0.086025 0.404076
-0.381881 0.0590213 0.409404 -0.381109 0.0855477 0.40417
-0.3819 0.0585312 0.4095 -0.381128 0.0850707 0.404264
-0.381919 0.058041 0.409597 -0.381147 0.0845939 0.404358
-0.381939 0.0575508 0.409694 -0.381166 0.0841174 0.404452
-0.381958 0.0570607 0.409791 -0.381185 0.0836413 0.404546
-0.381977 0.0565705 0.409887 -0.381204 0.0831655 0.40464
-0.381997 0.0560803 0.409984 -0.381223 0.08269 0.404733
-0.382016 0.0555902 0.410081 -0.381242 0.082215 0.404827
-0.382036 0.0551 0.410178 -0.38126 0.0817401 0.404921
-0.382055 0.0546098 0.410274 -0.381279 0.0812656 0.405014
-0.382074 0.0541197 0.410371 -0.381298 0.0807912 0.405108
-0.382094 0.0536295 0.410468 -0.381317 0.0803171 0.405201
-0.382113 0.0531393 0.410565 -0.381335 0.0798431 0.405295
-0.382132 0.0526491 0.410661 -0.381354 0.0793693 0.405388
-0.382152 0.052159 0.410758 -0.381373 0.0788956 0.405482
-0.382171 0.0516688 0.410855 -0.381391 0.0784221 0.405575
-0.38219 0.0511786 0.410952 -0.38141 0.0779488 0.405668
-0.38221 0.0506885 0.411048 -0.381428 0.0774758 0.405762
-0.382229 0.0501983 0.411145 -0.381447 0.0770031 0.405855
-0.382248 0.0497081 0.411242 -0.381465 0.0765307 0.405948
-0.382268 0.049218 0.411339 -0.381484 0.0760586 0.406041
-0.382287 0.0487278 0.411435 -0.381502 0.0755866 0.406134
-0.382306 0.0482376 0.411532 -0.381521 0.0751148 0.406227
-0.382326 0.0477474 0.411629 -0.381539 0.0746432 0.40632
-0.382345 0.0472573 0.411726 -0.381558 0.0741717 0.406413
-0.382364 0.0467671 0.411822 -0.381576 0.0737002 0.406506
-0.382384 0.0462769 0.411919 -0.381595 0.0732289 0.406599
-0.382403 0.0457868 0.412016 -0.381613 0.0727575 0.406692
-0.382423 0.0452966 0.412113 -0.38165 0.0718149 0.406878
-0.382442 0.0448064 0.412209 -0.381668 0.0713435 0.406971
-0.382461 0.0443163 0.412306 -0.381687 0.070872 0.407064
-0.382481 0.0438261 0.412403 -0.381705 0.0704005 0.407157
-0.3825 0.0433359 0.412499 -0.381724 0.0699289 0.40725
-0.382519 0.0428458 0.412596 -0.381742 0.0694573 0.407343
-0.382539 0.0423556 0.412693 -0.381761 0.0689855 0.407436
-0.382558 0.0418654 0.41279 -0.381779 0.0685136 0.407529
-0.382577 0.0413752 0.412886 -0.381798 0.0680415 0.407622
-0.382597 0.0408851 0.412983 -0.381816 0.0675694 0.407716
-0.382616 0.0403949 0.41308 -0.381835 0.0670971 0.407809
-0.382635 0.0399047 0.413177 -0.381854 0.0666247 0.407902
-0.382655 0.0394146 0.413273 -0.381872 0.0661522 0.407995
-0.382674 0.0389244 0.41337 -0.381891 0.0656797 0.408088
-0.382693 0.0384342 0.413467 -0.381909 0.065207 0.408182
-0.382713 0.0379441 0.413564 -0.381928 0.0647342 0.408275
-0.382732 0.0374539 0.41366 -0.381947 0.0642613 0.408368
-0.382751 0.0369637 0.413757 -0.381965 0.0637882 0.408461
-0.382771 0.0364735 0.413854 -0.381984 0.0633151 0.408555
-0.38279 0.0359834 0.413951 -0.382003 0.0628422 0.408648
-0.382809 0.0354932 0.414047 -0.382021 0.0623698 0.408741
-0.382829 0.035003 0.414144 -0.38204 0.0618978 0.408834
-0.382848 0.0345129 0.414241 -0.382058 0.0614263 0.408927
-0.382868 0.0340227 0.414338 -0.382077 0.060955 0.40902
-0.382887 0.0335325 0.414434 -0.382095 0.0604839 0.409113
-0.382906 0.0330424 0.414531 -0.382114 0.0600128 0.409206
-0.382926 0.0325522 0.414628 -0.382132 0.0595418 0.409299
-0.382945 0.032062 0.414725 -0.382151 0.0590706 0.409392
-0.382964 0.0315719 0.414821 -0.382169 0.0585994 0.409485
-0.382984 0.0310817 0.414918 -0.382188 0.0581281 0.409578
-0.383003 0.0305915 0.415015 -0.382206 0.0576567 0.409671
-0.383022 0.0301013 0.415112 -0.382225 0.0571851 0.409764
-0.383042 0.0296112 0.415208 -0.382243 0.0567133 0.409857
-0.383061 0.029121 0.415305 -0.382262 0.0562413 0.40995
-0.38308 0.0286308 0.415402 -0.382281 0.0557691 0.410044
-0.3831 0.0281407 0.415499 -0.382299 0.0552967 0.410137
-0.383119 0.0276505 0.415595 -0.382318 0.0548242 0.41023
-0.383138 0.0271603 0.415692 -0.382337 0.0543515 0.410323
-0.383158 0.0266702 0.415789 -0.382355 0.0538786 0.410417
-0.383177 0.02618 0.415886 -0.382374 0.0534056 0.41051
-0.383196 0.0256898 0.415982 -0.382411 0.052459 0.410697
-0.383216 0.0251996 0.416079 -0.38243 0.0519855 0.41079
-0.383235 0.0247095 0.416176 -0.382449 0.0515117 0.410884
-0.383255 0.0242193 0.416273 -0.382468 0.0510377 0.410977
-0.383274 0.0237291 0.416369 -0.382487 0.0505635 0.411071
-0.383293 0.023239 0.416466 -0.382505 0.0500891 0.411164
-0.383313 0.0227488 0.416563 -0.382524 0.0496145 0.411258
-0.383332 0.0222586 0.416659 -0.382543 0.0491396 0.411352
-0.383351 0.0217685 0.416756 -0.382562 0.0486646 0.411445
-0.383371 0.0212783 0.416853 -0.382581 0.0481893 0.411539
-0.38339 0.0207881 0.41695 -0.3826 0.0477138 0.411633
-0.383409 0.020298 0.417046 -0.382619 0.0472383 0.411727
-0.383429 0.0198078 0.417143 -0.382637 0.0467626 0.411821
-0.383448 0.0193176 0.41724 -0.382656 0.0462868 0.411915
-0.383467 0.0188274 0.417337 -0.382675 0.0458109 0.412008
-0.383487 0.0183373 0.417433 -0.382694 0.0453349 0.412102
-0.383506 0.0178471 0.41753 -0.382713 0.0448586 0.412196
-0.383525 0.0173569 0.417627 -0.382732 0.0443822 0.41229
-0.383545 0.0168668 0.417724 -0.382751 0.0439056 0.412384
-0.383564 0.0163766 0.41782 -0.38277 0.0434289 0.412479
-0.383583 0.0158864 0.417917 -0.382789 0.0429521 0.412573
-0.383603 0.0153963 0.418014 -0.382808 0.0424752 0.412667
-0.383622 0.0149061 0.418111 -0.382827 0.0419984 0.412761
-0.383641 0.0144159 0.418207 -0.382846 0.0415217 0.412855
-0.383661 0.0139257 0.418304 -0.382865 0.0410452 0.412949
-0.38368 0.0134356 0.418401 -0.382884 0.0405689 0.413043
-0.3837 0.0129454 0.418498 -0.382903 0.0400927 0.413137
-0.383719 0.0124552 0.418594 -0.382921 0.0396166 0.413231
-0.383738 0.0119651 0.418691 -0.38294 0.0391407 0.413325
-0.383758 0.0114749 0.418788 -0.382959 0.0386648 0.413419
-0.383777 0.0109847 0.418885 -0.382978 0.0381889 0.413513
-0.383796 0.0104946 0.418981 -0.382997 0.0377131 0.413607
-0.383816 0.0100044 0.419078 -0.383015 0.0372373 0.413701
-0.383835 0.00951422 0.419175 -0.383034 0.0367615 0.413794
-0.383854 0.00902405 0.419272 -0.383053 0.0362857 0.413888
-0.383874 0.00853388 0.419368 -0.383072 0.0358098 0.413982
-0.383893 0.00804371 0.419465 -0.383091 0.0353339 0.414076
-0.383912 0.00755354 0.419562 -0.383109 0.0348579 0.41417
-0.383932 0.00706337 0.419659 -0.383128 0.0343818 0.414264
-0.383951 0.0065732 0.419755 -0.383166 0.0334295 0.414452
-0.38397 0.00608303 0.419852 -0.383185 0.0329531 0.414546
-0.38399 0.00559286 0.419949 -0.383204 0.0324766 0.41464
-0.384009 0.0051027 0.420046 -0.383222 0.032 0.414734
-0.384028 0.00461253 0.420142 -0.383241 0.0315232 0.414828
-0.384048 0.00412236 0.420239 -0.38326 0.0310462 0.414923
-0.384067 0.00363219 0.420336 -0.383279 0.0305691 0.415017
-0.384086 0.00314202 0.420432 -0.383298 0.0300918 0.415111
-0.384106 0.00265185 0.420529 -0.383317 0.0296144 0.415205
-0.384125 0.00216168 0.420626 -0.383336 0.0291368 0.4153
-0.384145 0.00167151 0.420723 -0.383355 0.0286592 0.415394
-0.384164 0.00118134 0.420819 -0.383449 0.026271 0.415865
-0.384183 0.000691169 0.420916 -0.383468 0.0257939 0.41596
-0.384203 0.000200999 0.421013 -0.383505 0.0248423 0.416147
-0.384222 -0.00028917 0.42111 -0.383524 0.0243686 0.416241
-0.384241 -0.00077934 0.421206 -0.383542 0.0238966 0.416334
-0.384261 -0.00126951 0.421303 -0.38356 0.0234264 0.416427
-0.38428 -0.00175968 0.4214 -0.383578 0.0229581 0.416519
-0.384299 -0.00224985 0.421497 -0.383596 0.0224916 0.416612
-0.384319 -0.00274002 0.421593 -0.383614 0.0220269 0.416703
-0.384338 -0.00323019 0.42169 -0.383631 0.021564 0.416795
-0.384357 -0.00372036 0.421787 -0.383649 0.0211026 0.416886
-0.384377 -0.00421053 0.421884 -0.383666 0.0206427 0.416977
-0.384396 -0.0047007 0.42198 -0.383683 0.0201841 0.417067
-0.384415 -0.00519087 0.422077 -0.3837 0.0197267 0.417158
-0.384435 -0.00568104 0.422174 -0.383717 0.0192705 0.417248
-0.384454 -0.00617121 0.422271 -0.383734 0.0188154 0.417337
-0.384473 -0.00666137 0.422367 -0.383751 0.0183612 0.417427
-0.384493 -0.00715154 0.422464 -0.383768 0.017908 0.417517
-0.384512 -0.00764171 0.422561 -0.383785 0.0174555 0.417606
-0.384532 -0.00813188 0.422658 -0.383801 0.0170037 0.417695
-0.384551 -0.00862205 0.422754 -0.383818 0.0165526 0.417784
-0.38457 -0.00911222 0.422851 -0.383835 0.0161021 0.417873
-0.38459 -0.00960239 0.422948 -0.383852 0.015652 0.417962
-0.384609 -0.0100926 0.423045 -0.383868 0.0152022 0.418051
-0.384628 -0.0105827 0.423141 -0.383885 0.0147528 0.41814
-0.384648 -0.0110729 0.423238 -0.383902 0.0143037 0.418228
-0.384667 -0.0115631 0.423335 -0.383919 0.013855 0.418317
-0.384686 -0.0120532 0.423432 -0.383935 0.0134067 0.418406
-0.384706 -0.0125434 0.423528 -0.383952 0.0129589 0.418494
-0.384725 -0.0130336 0.423625 -0.383969 0.0125114 0.418582
-0.384744 -0.0135237 0.423722 -0.384002 0.0116172 0.418759
-0.384764 -0.0140139 0.423819 -0.384019 0.0111705 0.418847
-0.384783 -0.0145041 0.423915 -0.384036 0.0107239 0.418935
-0.384802 -0.0149943 0.424012 -0.384053 0.0102773 0.419024
-0.384822 -0.0154844 0.424109 -0.38407 0.00983082 0.419112
-0.384841 -0.0159746 0.424206 -0.384087 0.00938429 0.4192
-0.38486 -0.0164648 0.424302 -0.384104 0.00893771 0.419288
-0.38488 -0.0169549 0.424399 -0.384121 0.00849104 0.419376
-0.384899 -0.0174451 0.424496 -0.384138 0.00804426 0.419465
-0.384918 -0.0179353 0.424592 -0.384155 0.00759732 0.419553
-0.384938 -0.0184254 0.424689 -0.384172 0.00715032 0.419641
-0.384957 -0.0189156 0.424786 -0.384189 0.00670331 0.419729
-0.384977 -0.0194058 0.424883 -0.384206 0.00625635 0.419818
-0.384996 -0.019896 0.424979 -0.384223 0.00580951 0.419906
-0.385015 -0.0203861 0.425076 -0.384241 0.00536274 0.419994
-0.385035 -0.0208763 0.425173 -0.384258 0.00491599 0.420082
-0.385054 -0.0213665 0.42527 -0.384275 0.00446922 0.420171
-0.385073 -0.0218566 0.425366 -0.384292 0.00402238 0.420259
-0.385093 -0.0223468 0.425463 -0.38431 0.00357542 0.420347
-0.385112 -0.022837 0.42556 -0.384327 0.00312832 0.420436
-0.385131 -0.0233271 0.425657 -0.384344 0.00268103 0.420524
-0.385151 -0.0238173 0.425753 -0.384362 0.00223352 0.420612
-0.38517 -0.0243075 0.42585 -0.384379 0.00178574 0.420701
-0.385189 -0.0247976 0.425947 -0.384397 0.00133767 0.420789
-0.385209 -0.0252878 0.426044 -0.384414 0.000889257 0.420878
-0.385228 -0.025778 0.42614 -0.384432 0.000440478 0.420966
-0.385247 -0.0262682 0.426237 -0.384449 -8.69423e-06 0.421055
-0.385267 -0.0267583 0.426334 -0.384467 -0.000458281 0.421144
-0.385286 -0.0272485 0.426431 -0.384502 -0.00135878 0.421322
-0.385305 -0.0277387 0.426527 -0.38452 -0.00180972 0.421411
-0.385325 -0.0282288 0.426624 -0.384538 -0.00226114 0.4215
-0.385344 -0.028719 0.426721 -0.384556 -0.00271305 0.421589
-0.385364 -0.0292092 0.426818 -0.384574 -0.00316546 0.421679
-0.385383 -0.0296993 0.426914 -0.384592 -0.00361838 0.421768
-0.385402 -0.0301895 0.427011 -0.38461 -0.00407184 0.421858
-0.385422 -0.0306797 0.427108 -0.384628 -0.00452584 0.421948
-0.385441 -0.0311699 0.427205 -0.384646 -0.00498039 0.422037
-0.38546 -0.03166 0.427301 -0.384665 -0.00543551 0.422127
-0.38548 -0.0321502 0.427398 -0.384683 -0.00589118 0.422217
-0.385499 -0.0326404 0.427495 -0.384701 -0.00634741 0.422307
-0.385518 -0.0331305 0.427592 -0.38472 -0.0068042 0.422398
-0.385538 -0.0336207 0.427688 -0.384738 -0.00726139 0.422488
-0.385557 -0.0341109 0.427785 -0.384756 -0.00771885 0.422578
-0.385576 -0.034601 0.427882 -0.384775 -0.00817645 0.422669
-0.385596 -0.0350912 0.427979 -0.384793 -0.00863407 0.422759
-0.385615 -0.0355814 0.428075 -0.384812 -0.00909186 0.42285
-0.385634 -0.0360715 0.428172 -0.38483 -0.00955001 0.42294
-0.385654 -0.0365617 0.428269 -0.384848 -0.0100087 0.423031
-0.385673 -0.0370519 0.428366 -0.384867 -0.0104679 0.423121
-0.385692 -0.0375421 0.428462 -0.384886 -0.0109278 0.423212
-0.385712 -0.0380322 0.428559 -0.384904 -0.0113883 0.423303
-0.385731 -0.0385224 0.428656 -0.384923 -0.0118494 0.423394
-0.38575 -0.0390126 0.428752 -0.384941 -0.0123111 0.423486
-0.38577 -0.0395027 0.428849 -0.38496 -0.0127733 0.423577
-0.385789 -0.0399929 0.428946 -0.384979 -0.0132362 0.423668
-0.385809 -0.0404831 0.429043 -0.384998 -0.0136997 0.42376
-0.385828 -0.0409732 0.429139 -0.385017 -0.0141639 0.423852
-0.385847 -0.0414634 0.429236 -0.385035 -0.0146287 0.423944
-0.385867 -0.0419536 0.429333 -0.385054 -0.015094 0.424036
-0.385886 -0.0424438 0.42943 -0.385073 -0.0155595 0.424128
-0.385905 -0.0429339 0.429526 -0.385092 -0.0160253 0.42422
-0.385925 -0.0434241 0.429623 -0.385111 -0.0164913 0.424312
-0.385944 -0.0439143 0.42972 -0.38513 -0.0169575 0.424404
-0.385963 -0.0444044 0.429817 -0.385149 -0.017424 0.424496
-0.385983 -0.0448946 0.429913 -0.385168 -0.0178907 0.424588
-0.386002 -0.0453848 0.43001 -0.385187 -0.0183576 0.42468
-0.386021 -0.0458749 0.430107 -0.385206 -0.0188248 0.424773
-0.386041 -0.0463651 0.430204 -0.385225 -0.0192922 0.424865
-0.38606 -0.0468553 0.4303 -0.385243 -0.0197599 0.424958
-0.386079 -0.0473455 0.430397 -0.385262 -0.0202279 0.42505
-0.386099 -0.0478356 0.430494 -0.385281 -0.0206961 0.425143
-0.386118 -0.0483258 0.430591 -0.3853 -0.0211647 0.425235
-0.386137 -0.048816 0.430687 -0.385319 -0.0216336 0.425328
-0.386157 -0.0493061 0.430784 -0.385357 -0.0225723 0.425513
-0.386176 -0.0497963 0.430881 -0.385376 -0.0230422 0.425606
-0.386196 -0.0502865 0.430978 -0.385395 -0.0235123 0.425699
-0.386215 -0.0507766 0.431074 -0.385414 -0.0239828 0.425792
-0.386234 -0.0512668 0.431171 -0.385433 -0.0244536 0.425885
-0.386254 -0.051757 0.431268 -0.385452 -0.0249248 0.425978
-0.386273 -0.0522471 0.431365 -0.385471 -0.0253962 0.426071
-0.386292 -0.0527373 0.431461 -0.38549 -0.0258679 0.426165
-0.386312 -0.0532275 0.431558 -0.385509 -0.0263398 0.426258
-0.386331 -0.0537177 0.431655 -0.385528 -0.026812 0.426351
-0.38635 -0.0542078 0.431752 -0.385547 -0.0272844 0.426445
-0.38637 -0.054698 0.431848 -0.385566 -0.027757 0.426538
-0.386389 -0.0551882 0.431945 -0.385585 -0.0282298 0.426631
-0.386408 -0.0556783 0.432042 -0.385604 -0.0287029 0.426725
-0.386428 -0.0561685 0.432139 -0.385623 -0.0291763 0.426819
-0.386447 -0.0566587 0.432235 -0.385642 -0.0296498 0.426912
-0.386466 -0.0571488 0.432332 -0.385661 -0.0301233 0.427006
-0.386486 -0.057639 0.432429 -0.38568 -0.0305969 0.427099
-0.386505 -0.0581292 0.432525 -0.385699 -0.0310703 0.427193
-0.386524 -0.0586194 0.432622 -0.385718 -0.0315435 0.427286
-0.386544 -0.0591095 0.432719 -0.385737 -0.0320168 0.42738
-0.386563 -0.0595997 0.432816 -0.385756 -0.0324899 0.427473
-0.386582 -0.0600899 0.432912 -0.385775 -0.032963 0.427567
-0.386602 -0.06058 0.433009 -0.385794 -0.0334361 0.42766
-0.386621 -0.0610702 0.433106 -0.385813 -0.0339093 0.427754
-0.386641 -0.0615604 0.433203 -0.385832 -0.0343824 0.427847
-0.38666 -0.0620505 0.433299 -0.38585 -0.0348556 0.427941
-0.386679 -0.0625407 0.433396 -0.385869 -0.0353289 0.428035
-0.386699 -0.0630309 0.433493 -0.385888 -0.0358022 0.428128
-0.386718 -0.063521 0.43359 -0.385907 -0.0362757 0.428222
-0.386737 -0.0640112 0.433686 -0.385926 -0.0367493 0.428315
-0.386757 -0.0645014 0.433783 -0.385963 -0.037697 0.428503
-0.386776 -0.0649916 0.43388 -0.385982 -0.0381711 0.428596
-0.386795 -0.0654817 0.433977 -0.386001 -0.0386453 0.42869
-0.386815 -0.0659719 0.434073 -0.38602 -0.0391196 0.428784
-0.386834 -0.0664621 0.43417 -0.386039 -0.0395941 0.428878
-0.386853 -0.0669522 0.434267 -0.386057 -0.0400688 0.428971
-0.386873 -0.0674424 0.434364 -0.386076 -0.0405436 0.429065
-0.386892 -0.0679326 0.43446 -0.386095 -0.0410186 0.429159
-0.386911 -0.0684227 0.434557 -0.386114 -0.0414938 0.429253
-0.386931 -0.0689129 0.434654 -0.386133 -0.0419692 0.429347
-0.38695 -0.0694031 0.434751 -0.386152 -0.0424447 0.429441
-0.386969 -0.0698933 0.434847 -0.386171 -0.0429204 0.429535
-0.386989 -0.0703834 0.434944 -0.386189 -0.0433963 0.429629
-0.387008 -0.0708736 0.435041 -0.386208 -0.0438724 0.429723
-0.387028 -0.0713638 0.435138 -0.386227 -0.0443486 0.429817
-0.387047 -0.0718539 0.435234 -0.386246 -0.044825 0.429912
-0.387066 -0.0723441 0.435331 -0.386265 -0.0453014 0.430006
-0.387086 -0.0728343 0.435428 -0.386284 -0.045778 0.4301
-0.387105 -0.0733244 0.435525 -0.386303 -0.0462545 0.430194
-0.387124 -0.0738146 0.435621 -0.386322 -0.0467311 0.430288
-0.387144 -0.0743048 0.435718 -0.38634 -0.0472077 0.430383
-0.387163 -0.0747949 0.435815 -0.386359 -0.0476845 0.430477
-0.387182 -0.0752851 0.435912 -0.386378 -0.0481613 0.430571
-0.387202 -0.0757753 0.436008 -0.386397 -0.0486382 0.430665
-0.387221 -0.0762655 0.436105 -0.386416 -0.049115 0.43076
-0.38724 -0.0767556 0.436202 -0.386435 -0.0495917 0.430854
-0.38726 -0.0772458 0.436299 -0.386454 -0.0500682 0.430948
-0.387279 -0.077736 0.436395 -0.386472 -0.0505445 0.431042
-0.387298 -0.0782261 0.436492 -0.386491 -0.0510208 0.431136
-0.387318 -0.0787163 0.436589 -0.38651 -0.0514969 0.431231
-0.387337 -0.0792065 0.436685 -0.386529 -0.0519729 0.431325
-0.387356 -0.0796966 0.436782 -0.386547 -0.0524488 0.431419
-0.387376 -0.0801868 0.436879 -0.386566 -0.0529247 0.431513
-0.387395 -0.080677 0.436976 -0.386585 -0.0534006 0.431607
-0.387414 -0.0811672 0.437072 -0.386622 -0.0543523 0.431795
-0.387434 -0.0816573 0.437169 -0.386641 -0.0548281 0.431889
-0.387453 -0.0821475 0.437266 -0.386659 -0.055304 0.431983
-0.387473 -0.0826377 0.437363 -0.386678 -0.05578 0.432077
-0.387492 -0.0831278 0.437459 -0.386697 -0.056256 0.432171
-0.387511 -0.083618 0.437556 -0.386716 -0.0567321 0.432266
-0.387531 -0.0841082 0.437653 -0.386734 -0.0572083 0.43236
-0.38755 -0.0845983 0.43775 -0.386772 -0.0581608 0.432548
-0.387569 -0.0850885 0.437846 -0.38679 -0.0586369 0.432642
-0.387589 -0.0855787 0.437943 -0.386809 -0.0591127 0.432736
-0.387608 -0.0860688 0.43804 -0.386828 -0.0595881 0.43283
-0.387627 -0.086559 0.438137 -0.386846 -0.0600631 0.432924
-0.387647 -0.0870492 0.438233 -0.386865 -0.0605378 0.433018
-0.387666 -0.0875394 0.43833 -0.386883 -0.0610121 0.433112
-0.387685 -0.0880295 0.438427 -0.386902 -0.061486 0.433205
-0.387705 -0.0885197 0.438524 -0.38692 -0.0619596 0.433299
-0.387724 -0.0890099 0.43862 -0.386939 -0.062433 0.433393
-0.387743 -0.0895 0.438717 -0.386957 -0.0629061 0.433486
-0.387763 -0.0899902 0.438814 -0.386975 -0.0633791 0.43358
-0.387782 -0.0904804 0.438911 -0.386994 -0.0638519 0.433673
-0.387801 -0.0909705 0.439007 -0.387012 -0.0643245 0.433767
-0.387821 -0.0914607 0.439104 -0.38703 -0.064797 0.43386
-0.38784 -0.0919509 0.439201 -0.387049 -0.0652693 0.433953
-0.38786 -0.0924411 0.439298 -0.387067 -0.0657414 0.434047
-0.387879 -0.0929312 0.439394 -0.387085 -0.0662133 0.43414
-0.387898 -0.0934214 0.439491 -0.387104 -0.0666848 0.434233
-0.387918 -0.0939116 0.439588 -0.387122 -0.0671559 0.434326
-0.387937 -0.0944017 0.439685 -0.38714 -0.0676267 0.434419
-0.387956 -0.0948919 0.439781 -0.387158 -0.0680971 0.434512
-0.387976 -0.0953821 0.439878 -0.387177 -0.0685673 0.434605
-0.387995 -0.0958722 0.439975 -0.387195 -0.0690373 0.434698
-0.388014 -0.0963624 0.440072 -0.387213 -0.0695071 0.434791
-0.388034 -0.0968526 0.440168 -0.387231 -0.0699768 0.434884
-0.388053 -0.0973427 0.440265 -0.387249 -0.0704463 0.434977
-0.388072 -0.0978329 0.440362 -0.387268 -0.0709158 0.43507
-0.388092 -0.0983231 0.440459 -0.387286 -0.0713852 0.435163
-0.388111 -0.0988133 0.440555 -0.387322 -0.072324 0.435348
-0.38813 -0.0993034 0.440652 -0.38734 -0.0727934 0.435441
-0.38815 -0.0997936 0.440749 -0.387359 -0.0732628 0.435534
-0.388169 -0.100284 0.440845 -0.387377 -0.0737321 0.435627
-0.388188 -0.100774 0.440942 -0.387395 -0.0742014 0.435719
-0.388208 -0.101264 0.441039 -0.387413 -0.0746706 0.435812
-0.388227 -0.101754 0.441136 -0.387431 -0.0751398 0.435905
-0.388246 -0.102244 0.441232 -0.38745 -0.075609 0.435998
-0.388266 -0.102735 0.441329 -0.387468 -0.0760783 0.43609
-0.388285 -0.103225 0.441426 -0.387486 -0.0765478 0.436183
-0.388305 -0.103715 0.441523 -0.387504 -0.0770175 0.436276
-0.388324 -0.104205 0.441619 -0.387523 -0.0774874 0.436369
-0.388343 -0.104695 0.441716 -0.387541 -0.0779575 0.436462
-0.388363 -0.105185 0.441813 -0.387596 -0.0793689 0.436741
-0.388382 -0.105676 0.44191 -0.387615 -0.07984 0.436834
-0.388401 -0.106166 0.442006 -0.387633 -0.0803115 0.436927
-0.388421 -0.106656 0.442103 -0.387652 -0.080783 0.437021
-0.38844 -0.107146 0.4422 -0.38767 -0.0812541 0.437114
-0.388459 -0.107636 0.442297 -0.387689 -0.0817245 0.437207
-0.388479 -0.108126 0.442393 -0.387707 -0.0821938 0.4373
-0.388498 -0.108617 0.44249 -0.387725 -0.0826622 0.437392
-0.388517 -0.109107 0.442587 -0.387743 -0.0831296 0.437485
-0.388537 -0.109597 0.442684 -0.387761 -0.0835961 0.437577
-0.388556 -0.110087 0.44278 -0.387779 -0.0840618 0.437669
-0.388575 -0.110577 0.442877 -0.387797 -0.0845267 0.437761
-0.388595 -0.111067 0.442974 -0.387815 -0.0849908 0.437853
-0.388614 -0.111558 0.443071 -0.387833 -0.0854542 0.437944
-0.388633 -0.112048 0.443167 -0.387851 -0.0859168 0.438036
-0.388653 -0.112538 0.443264 -0.387868 -0.0863788 0.438127
-0.388672 -0.113028 0.443361 -0.387904 -0.0873018 0.438309
-0.388692 -0.113518 0.443458 -0.387921 -0.087763 0.438401
-0.388711 -0.114009 0.443554 -0.387939 -0.088224 0.438492
-0.38873 -0.114499 0.443651 -0.387957 -0.0886848 0.438583
-0.38875 -0.114989 0.443748 -0.387974 -0.0891453 0.438674
-0.388769 -0.115479 0.443845 -0.387992 -0.0896057 0.438765
-0.388788 -0.115969 0.443941 -0.38801 -0.0900658 0.438856
-0.388808 -0.116459 0.444038 -0.388027 -0.0905258 0.438947
-0.388827 -0.11695 0.444135 -0.388045 -0.0909858 0.439038
-0.388846 -0.11744 0.444232 -0.388063 -0.0914458 0.439129
-0.388866 -0.11793 0.444328 -0.38808 -0.0919058 0.43922
-0.388885 -0.11842 0.444425 -0.388098 -0.0923658 0.43931
-0.388904 -0.11891 0.444522 -0.388116 -0.0928259 0.439401
-0.388924 -0.1194 0.444618 -0.388134 -0.0932861 0.439492
-0.388943 -0.119891 0.444715 -0.388151 -0.0937464 0.439583
-0.388962 -0.120381 0.444812 -0.388169 -0.0942068 0.439674
-0.388982 -0.120871 0.444909 -0.388187 -0.0946674 0.439766
-0.389001 -0.121361 0.445005 -0.388205 -0.0951281 0.439857
-0.38902 -0.121851 0.445102 -0.388223 -0.0955888 0.439948
-0.38904 -0.122341 0.445199 -0.388241 -0.0960495 0.440039
-0.389059 -0.122832 0.445296 -0.388259 -0.09651 0.44013
-0.389078 -0.123322 0.445392 -0.388277 -0.0969702 0.440221
-0.389098 -0.123812 0.445489 -0.388294 -0.0974303 0.440312
-0.389117 -0.124302 0.445586 -0.388312 -0.0978902 0.440403
-0.389137 -0.124792 0.445683 -0.38833 -0.09835 0.440494
-0.389156 -0.125282 0.445779 -0.388348 -0.0988097 0.440585
-0.389175 -0.125773 0.445876 -0.388366 -0.0992694 0.440675
-0.389195 -0.126263 0.445973 -0.388384 -0.0997291 0.440766
-0.389214 -0.126753 0.44607 -0.388402 -0.100189 0.440857
-0.389233 -0.127243 0.446166 -0.388437 -0.101109 0.441039
-0.389253 -0.127733 0.446263 -0.388455 -0.101569 0.44113
-0.389272 -0.128223 0.44636 -0.388473 -0.102029 0.441221
-0.389291 -0.128714 0.446457 -0.388491 -0.10249 0.441312
-0.389311 -0.129204 0.446553 -0.388509 -0.102951 0.441403
-0.38933 -0.129694 0.44665 -0.388527 -0.103412 0.441495
-0.389349 -0.130184 0.446747 -0.388546 -0.103873 0.441586
-0.389369 -0.130674 0.446844 -0.388564 -0.104334 0.441677
-0.389388 -0.131164 0.44694 -0.388582 -0.104796 0.441768
-0.389407 -0.131655 0.447037 -0.3886 -0.105258 0.44186
-0.389427 -0.132145 0.447134 -0.388618 -0.10572 0.441951
-0.389446 -0.132635 0.447231 -0.388636 -0.106183 0.442043
-0.389465 -0.133125 0.447327 -0.388655 -0.106646 0.442134
-0.389485 -0.133615 0.447424 -0.388673 -0.107109 0.442226
-0.389504 -0.134105 0.447521 -0.388691 -0.107573 0.442318
-0.389524 -0.134596 0.447618 -0.38871 -0.108037 0.442409
-0.389543 -0.135086 0.447714 -0.388728 -0.108502 0.442501
-0.389562 -0.135576 0.447811 -0.388746 -0.108966 0.442593
-0.389582 -0.136066 0.447908 -0.388765 -0.109431 0.442685
-0.389601 -0.136556 0.448005 -0.388783 -0.109897 0.442777
-0.38962 -0.137046 0.448101 -0.388802 -0.110362 0.442869
-0.38964 -0.137537 0.448198 -0.38882 -0.110828 0.442962
-0.389659 -0.138027 0.448295 -0.388839 -0.111294 0.443054
-0.389678 -0.138517 0.448392 -0.388857 -0.111761 0.443146
-0.389698 -0.139007 0.448488 -0.388876 -0.112228 0.443239
-0.389717 -0.139497 0.448585 -0.388894 -0.112695 0.443331
-0.389736 -0.139988 0.448682 -0.388913 -0.113163 0.443424
-0.389756 -0.140478 0.448778 -0.388932 -0.113631 0.443516
-0.389775 -0.140968 0.448875 -0.38895 -0.114099 0.443609
-0.389794 -0.141458 0.448972 -0.388969 -0.114568 0.443702
-0.389814 -0.141948 0.449069 -0.388988 -0.115037 0.443794
-0.389833 -0.142438 0.449165 -0.389006 -0.115506 0.443887
-0.389852 -0.142929 0.449262 -0.389025 -0.115976 0.44398
-0.389872 -0.143419 0.449359 -0.389044 -0.116445 0.444073
-0.389891 -0.143909 0.449456 -0.389062 -0.116915 0.444166
-0.38991 -0.144399 0.449552 -0.389081 -0.117385 0.444259
-0.38993 -0.144889 0.449649 -0.3891 -0.117855 0.444352
-0.389949 -0.145379 0.449746 -0.389119 -0.118324 0.444445
-0.389969 -0.14587 0.449843 -0.389156 -0.119264 0.444631
-0.389988 -0.14636 0.449939 -0.389175 -0.119735 0.444724
-0.390007 -0.14685 0.450036 -0.389193 -0.120205 0.444817
-0.390027 -0.14734 0.450133 -0.389212 -0.120675 0.44491
-0.390046 -0.14783 0.45023 -0.389231 -0.121146 0.445003
-0.390065 -0.14832 0.450326 -0.389249 -0.121616 0.445096
-0.390085 -0.148811 0.450423 -0.389268 -0.122087 0.44519
-0.390104 -0.149301 0.45052 -0.389287 -0.122558 0.445283
-0.390123 -0.149791 0.450617 -0.389305 -0.12303 0.445376
-0.390143 -0.150281 0.450713 -0.389324 -0.123501 0.445469
-0.390162 -0.150771 0.45081 -0.389343 -0.123972 0.445563
-0.390181 -0.151261 0.450907 -0.389362 -0.124443 0.445656
-0.390201 -0.151752 0.451004 -0.38938 -0.124914 0.445749
-0.39022 -0.152242 0.4511 -0.389399 -0.125385 0.445842
-0.390239 -0.152732 0.451197 -0.389417 -0.125856 0.445935
-0.390259 -0.153222 0.451294 -0.389436 -0.126327 0.446028
-0.390278 -0.153712 0.451391 -0.389455 -0.126798 0.446122
-0.390297 -0.154202 0.451487 -0.389473 -0.127269 0.446215
-0.390317 -0.154693 0.451584 -0.389492 -0.127741 0.446308
-0.390336 -0.155183 0.451681 -0.389511 -0.128212 0.446401
-0.390356 -0.155673 0.451778 -0.389529 -0.128684 0.446495
-0.390375 -0.156163 0.451874 -0.389548 -0.129155 0.446588
-0.390394 -0.156653 0.451971 -0.389566 -0.129626 0.446681
-0.390414 -0.157143 0.452068 -0.389585 -0.130098 0.446774
-0.390433 -0.157634 0.452165 -0.389604 -0.13057 0.446868
-0.390452 -0.158124 0.452261 -0.389622 -0.131042 0.446961
-0.390472 -0.158614 0.452358 -0.389641 -0.131514 0.447055
-0.390491 -0.159104 0.452455 -0.38966 -0.131986 0.447148
-0.39051 -0.159594 0.452552 -0.389678 -0.132458 0.447241
-0.39053 -0.160084 0.452648 -0.389697 -0.132931 0.447335
-0.390549 -0.160575 0.452745 -0.389715 -0.133403 0.447428
-0.390568 -0.161065 0.452842 -0.389753 -0.134347 0.447615
-0.390588 -0.161555 0.452938 -0.389771 -0.134819 0.447708
-0.390607 -0.162045 0.453035 -0.38979 -0.135292 0.447802
-0.390626 -0.162535 0.453132 -0.389808 -0.135765 0.447895
-0.390646 -0.163025 0.453229 -0.389827 -0.136237 0.447989
-0.390665 -0.163516 0.453325 -0.389846 -0.13671 0.448083
-0.390684 -0.164006 0.453422 -0.389864 -0.137183 0.448176
-0.390704 -0.164496 0.453519 -0.389883 -0.137657 0.44827
-0.390723 -0.164986 0.453616 -0.389902 -0.13813 0.448363
-0.390742 -0.165476 0.453712 -0.389939 -0.139077 0.448551
-0.390762 -0.165966 0.453809 -0.389958 -0.13955 0.448644
-0.390781 -0.166457 0.453906 -0.389976 -0.140023 0.448738
-0.390801 -0.166947 0.454003 -0.389995 -0.140496 0.448831
-0.39082 -0.167437 0.454099 -0.390013 -0.140968 0.448925
-0.390839 -0.167927 0.454196 -0.390032 -0.14144 0.449018
-0.390859 -0.168417 0.454293 -0.39005 -0.141912 0.449112
-0.390878 -0.168908 0.45439 -0.390069 -0.142384 0.449205
-0.390897 -0.169398 0.454486 -0.390087 -0.142856 0.449298
-0.390917 -0.169888 0.454583 -0.390106 -0.143328 0.449392
-0.390936 -0.170378 0.45468 -0.390124 -0.143799 0.449485
-0.390955 -0.170868 0.454777 -0.390143 -0.144271 0.449578
-0.390975 -0.171358 0.454873 -0.390161 -0.144743 0.449671
-0.390994 -0.171849 0.45497 -0.39018 -0.145214 0.449765
-0.391013 -0.172339 0.455067 -0.390198 -0.145686 0.449858
-0.391033 -0.172829 0.455164 -0.390216 -0.146157 0.449951
-0.391052 -0.173319 0.45526 -0.390235 -0.146628 0.450044
-0.391071 -0.173809 0.455357 -0.390253 -0.147099 0.450137
-0.391091 -0.174299 0.455454 -0.390271 -0.147569 0.45023
-0.39111 -0.17479 0.455551 -0.39029 -0.14804 0.450323
-0.391129 -0.17528 0.455647 -0.390308 -0.148509 0.450416
-0.391149 -0.17577 0.455744 -0.390326 -0.148979 0.450509
-0.391168 -0.17626 0.455841 -0.390345 -0.149448 0.450602
-0.391188 -0.17675 0.455938 -0.390363 -0.149918 0.450695
-0.391207 -0.17724 0.456034 -0.390381 -0.150387 0.450787
-0.391226 -0.177731 0.456131 -0.390399 -0.150855 0.45088
-0.391246 -0.178221 0.456228 -0.390436 -0.151793 0.451066
-0.391265 -0.178711 0.456325 -0.390454 -0.152262 0.451158
-0.391284 -0.179201 0.456421 -0.390472 -0.15273 0.451251
-0.391304 -0.179691 0.456518 -0.39049 -0.153199 0.451344
-0.391323 -0.180181 0.456615 -0.390509 -0.153668 0.451436
-0.391342 -0.180672 0.456711 -0.390527 -0.154137 0.451529
-0.391362 -0.181162 0.456808 -0.390545 -0.154606 0.451622
-0.391381 -0.181652 0.456905 -0.390563 -0.155075 0.451714
-0.3914 -0.182142 0.457002 -0.390582 -0.155544 0.451807
-0.39142 -0.182632 0.457098 -0.3906 -0.156013 0.4519
-0.391439 -0.183122 0.457195 -0.390618 -0.156482 0.451993
-0.391458 -0.183613 0.457292 -0.390637 -0.156952 0.452086
-0.391478 -0.184103 0.457389 -0.390655 -0.157421 0.452179
-0.391497 -0.184593 0.457485 -0.390673 -0.157891 0.452271
-0.391516 -0.185083 0.457582 -0.390692 -0.158361 0.452364
-0.391536 -0.185573 0.457679 -0.39071 -0.158831 0.452457
-0.391555 -0.186063 0.457776 -0.390728 -0.159301 0.45255
-0.391574 -0.186554 0.457872 -0.390747 -0.159772 0.452643
-0.391594 -0.187044 0.457969 -0.390765 -0.160242 0.452736
-0.391613 -0.187534 0.458066 -0.390784 -0.160712 0.452829
-0.391633 -0.188024 0.458163 -0.390802 -0.161182 0.452922
-0.391652 -0.188514 0.458259 -0.39082 -0.161651 0.453015
-0.391671 -0.189004 0.458356 -0.390839 -0.162121 0.453108
-0.391691 -0.189495 0.458453 -0.390857 -0.162591 0.453201
-0.39171 -0.189985 0.45855 -0.390875 -0.163061 0.453294
-0.391729 -0.190475 0.458646 -0.390894 -0.163532 0.453387
-0.391749 -0.190965 0.458743 -0.390912 -0.164002 0.45348
-0.391768 -0.191455 0.45884 -0.390931 -0.164473 0.453573
-0.391787 -0.191945 0.458937 -0.390949 -0.164945 0.453667
-0.391807 -0.192436 0.459033 -0.390968 -0.165417 0.45376
-0.391826 -0.192926 0.45913 -0.390986 -0.165888 0.453853
-0.391845 -0.193416 0.459227 -0.391005 -0.166361 0.453947
-0.391865 -0.193906 0.459324 -0.391024 -0.166833 0.45404
-0.391884 -0.194396 0.45942 -0.391042 -0.167305 0.454134
-0.391903 -0.194886 0.459517 -0.391061 -0.167778 0.454227
-0.391923 -0.195377 0.459614 -0.391079 -0.16825 0.454321
-0.391942 -0.195867 0.459711 -0.391098 -0.168722 0.454414
-0.391961 -0.196357 0.459807 -0.391116 -0.169195 0.454508
-0.391981 -0.196847 0.459904 -0.391135 -0.169667 0.454601
-0.392 -0.197337 0.460001 -0.391154 -0.17014 0.454694
-0.39202 -0.197828 0.460098 -0.391172 -0.170613 0.454788
-0.392039 -0.198318 0.460194 -0.391191 -0.171086 0.454882
-0.392058 -0.198808 0.460291 -0.391209 -0.171559 0.454975
-0.392078 -0.199298 0.460388 -0.391228 -0.172032 0.455069
-0.392097 -0.199788 0.460485 -0.391247 -0.172505 0.455162
-0.392116 -0.200278 0.460581 -0.391284 -0.173452 0.45535
-0.392136 -0.200769 0.460678 -0.391303 -0.173925 0.455443
-0.392155 -0.201259 0.460775 -0.391321 -0.174399 0.455537
-0.392174 -0.201749 0.460871 -0.39134 -0.174873 0.455631
-0.392194 -0.202239 0.460968 -0.391358 -0.175346 0.455724
-0.392213 -0.202729 0.461065 -0.391377 -0.175819 0.455818
-0.392232 -0.203219 0.461162 -0.391396 -0.176292 0.455912
-0.392252 -0.20371 0.461258 -0.391414 -0.176765 0.456005
-0.392271 -0.2042 0.461355 -0.391433 -0.177238 0.456099
-0.39229 -0.20469 0.461452 -0.391451 -0.177711 0.456192
-0.39231 -0.20518 0.461549 -0.39147 -0.178185 0.456286
-0.392329 -0.20567 0.461645 -0.391489 -0.178659 0.45638
-0.392348 -0.20616 0.461742 -0.391507 -0.179133 0.456474
-0.392368 -0.206651 0.461839 -0.391526 -0.179607 0.456567
-0.392387 -0.207141 0.461936 -0.391544 -0.180082 0.456661
-0.392406 -0.207631 0.462032 -0.391563 -0.180557 0.456755
-0.392426 -0.208121 0.462129 -0.391582 -0.181032 0.456849
-0.392445 -0.208611 0.462226 -0.391601 -0.181507 0.456943
-0.392465 -0.209101 0.462323 -0.391619 -0.181982 0.457037
-0.392484 -0.209592 0.462419 -0.391638 -0.182457 0.457131
-0.392503 -0.210082 0.462516 -0.391657 -0.182932 0.457225
-0.392523 -0.210572 0.462613 -0.391675 -0.183406 0.457319
-0.392542 -0.211062 0.46271 -0.391694 -0.183879 0.457413
-0.392561 -0.211552 0.462806 -0.391712 -0.184352 0.457506
-0.392581 -0.212042 0.462903 -0.391731 -0.184826 0.4576
-0.3926 -0.212533 0.463 -0.391749 -0.185299 0.457693
-0.392619 -0.213023 0.463097 -0.391768 -0.185772 0.457787
-0.392639 -0.213513 0.463193 -0.391786 -0.186245 0.457881
-0.392658 -0.214003 0.46329 -0.391805 -0.186719 0.457974
-0.392677 -0.214493 0.463387 -0.391823 -0.187192 0.458068
-0.392697 -0.214983 0.463484 -0.391842 -0.187666 0.458162
-0.392716 -0.215474 0.46358 -0.391861 -0.18814 0.458255
-0.392735 -0.215964 0.463677 -0.391879 -0.188614 0.458349
-0.392755 -0.216454 0.463774 -0.391898 -0.189088 0.458443
-0.392774 -0.216944 0.463871 -0.391916 -0.189562 0.458537
-0.392793 -0.217434 0.463967 -0.391935 -0.190037 0.458631
-0.392813 -0.217924 0.464064 -0.391954 -0.190511 0.458724
-0.392832 -0.218415 0.464161 -0.391972 -0.190985 0.458818
-0.392852 -0.218905 0.464258 -0.392009 -0.191934 0.459006
-0.392871 -0.219395 0.464354 -0.392028 -0.192409 0.4591
-0.39289 -0.219885 0.464451 -0.392047 -0.192884 0.459194
-0.39291 -0.220375 0.464548 -0.392065 -0.193359 0.459288
-0.392929 -0.220865 0.464645 -0.392084 -0.193835 0.459382
-0.392948 -0.221356 0.464741 -0.392103 -0.19431 0.459476
-0.392968 -0.221846 0.464838 -0.39214 -0.195262 0.459664
-0.392987 -0.222336 0.464935 -0.392159 -0.195739 0.459758
-0.393006 -0.222826 0.465031 -0.392178 -0.196215 0.459853
-0.393026 -0.223316 0.465128 -0.392197 -0.196692 0.459947
-0.393045 -0.223807 0.465225 -0.392215 -0.197169 0.460041
-0.393064 -0.224297 0.465322 -0.392234 -0.197646 0.460136
-0.393084 -0.224787 0.465418 -0.392253 -0.198123 0.46023
-0.393103 -0.225277 0.465515 -0.392272 -0.198599 0.460324
-0.393122 -0.225767 0.465612 -0.39229 -0.199076 0.460419
-0.393142 -0.226257 0.465709 -0.392309 -0.199552 0.460513
-0.393161 -0.226748 0.465805 -0.392328 -0.200028 0.460607
-0.39318 -0.227238 0.465902 -0.392346 -0.200503 0.460701
-0.3932 -0.227728 0.465999 -0.392365 -0.200979 0.460795
-0.393219 -0.228218 0.466096 -0.392384 -0.201454 0.460889
-0.393238 -0.228708 0.466192 -0.392402 -0.20193 0.460983
-0.393258 -0.229198 0.466289 -0.392421 -0.202405 0.461077
-0.393277 -0.229689 0.466386 -0.392439 -0.20288 0.461171
-0.393297 -0.230179 0.466483 -0.392458 -0.203355 0.461265
-0.393316 -0.230669 0.466579 -0.392477 -0.20383 0.461359
-0.393335 -0.231159 0.466676 -0.392495 -0.204305 0.461453
-0.393355 -0.231649 0.466773 -0.392514 -0.204781 0.461547
-0.393374 -0.232139 0.46687 -0.392532 -0.205255 0.461641
-0.393393 -0.23263 0.466966 -0.392551 -0.20573 0.461735
-0.393413 -0.23312 0.467063 -0.392569 -0.206204 0.461828
-0.393432 -0.23361 0.46716 -0.392588 -0.206678 0.461922
-0.393451 -0.2341 0.467257 -0.392606 -0.207152 0.462016
-0.393471 -0.23459 0.467353 -0.392625 -0.207625 0.462109
-0.39349 -0.23508 0.46745 -0.392643 -0.208098 0.462203
-0.393509 -0.235571 0.467547 -0.392661 -0.208571 0.462296
-0.393529 -0.236061 0.467644 -0.39268 -0.209044 0.46239
-0.393548 -0.236551 0.46774 -0.392717 -0.209989 0.462577
-0.393567 -0.237041 0.467837 -0.392735 -0.210461 0.46267
-0.393587 -0.237531 0.467934 -0.392753 -0.210934 0.462763
-0.393606 -0.238021 0.468031 -0.392772 -0.211406 0.462857
-0.393625 -0.238512 0.468127 -0.39279 -0.211878 0.46295
-0.393645 -0.239002 0.468224 -0.392808 -0.21235 0.463043
-0.393664 -0.239492 0.468321 -0.392827 -0.212823 0.463137
-0.393684 -0.239982 0.468418 -0.392845 -0.213295 0.46323
-0.393703 -0.240472 0.468514 -0.392864 -0.213767 0.463323
-0.393722 -0.240962 0.468611 -0.392882 -0.21424 0.463417
-0.393742 -0.241453 0.468708 -0.3929 -0.214712 0.46351
-0.393761 -0.241943 0.468804 -0.392919 -0.215185 0.463604
-0.39378 -0.242433 0.468901 -0.392937 -0.215658 0.463697
-0.3938 -0.242923 0.468998 -0.392956 -0.216131 0.463791
-0.393819 -0.243413 0.469095 -0.392974 -0.216604 0.463884
-0.393838 -0.243903 0.469191 -0.392993 -0.217077 0.463978
-0.393858 -0.244394 0.469288 -0.393011 -0.217551 0.464072
-0.393877 -0.244884 0.469385 -0.39303 -0.218024 0.464165
-0.393896 -0.245374 0.469482 -0.393048 -0.218498 0.464259
-0.393916 -0.245864 0.469578 -0.393067 -0.218972 0.464352
-0.393935 -0.246354 0.469675 -0.393085 -0.219446 0.464446
-0.393954 -0.246844 0.469772 -0.393104 -0.21992 0.46454
-0.393974 -0.247335 0.469869 -0.393122 -0.220394 0.464634
-0.393993 -0.247825 0.469965 -0.393141 -0.220867 0.464727
-0.394012 -0.248315 0.470062 -0.39316 -0.221341 0.464821
-0.394032 -0.248805 0.470159 -0.393178 -0.221814 0.464915
-0.394051 -0.249295 0.470256 -0.393196 -0.222287 0.465008
-0.39407 -0.249785 0.470352 -0.393215 -0.22276 0.465102
-0.39409 -0.250276 0.470449 -0.393233 -0.223233 0.465195
-0.394109 -0.250766 0.470546 -0.393252 -0.223706 0.465289
-0.394129 -0.251256 0.470643 -0.39327 -0.224179 0.465382
-0.394148 -0.251746 0.470739 -0.393289 -0.224652 0.465476
-0.394167 -0.252236 0.470836 -0.393326 -0.225597 0.465663
-0.394187 -0.252727 0.470933 -0.393344 -0.22607 0.465756
-0.394206 -0.253217 0.47103 -0.393363 -0.226542 0.465849
-0.394225 -0.253707 0.471126 -0.393381 -0.227015 0.465943
-0.394245 -0.254197 0.471223 -0.3934 -0.227488 0.466037
-0.394264 -0.254687 0.47132 -0.393418 -0.227962 0.46613
-0.394283 -0.255177 0.471417 -0.393437 -0.228435 0.466224
-0.394303 -0.255668 0.471513 -0.393455 -0.228908 0.466317
-0.394322 -0.256158 0.47161 -0.393474 -0.229382 0.466411
-0.394341 -0.256648 0.471707 -0.393492 -0.229855 0.466505
-0.394361 -0.257138 0.471804 -0.393511 -0.230329 0.466598
-0.39438 -0.257628 0.4719 -0.393529 -0.230802 0.466692
-0.394399 -0.258118 0.471997 -0.393548 -0.231276 0.466786
-0.394419 -0.258609 0.472094 -0.393567 -0.23175 0.466879
-0.394438 -0.259099 0.472191 -0.393585 -0.232224 0.466973
-0.394457 -0.259589 0.472287 -0.393604 -0.232698 0.467067
-0.394477 -0.260079 0.472384 -0.393622 -0.233172 0.467161
-0.394496 -0.260569 0.472481 -0.393641 -0.233646 0.467254
-0.394516 -0.261059 0.472578 -0.393659 -0.23412 0.467348
-0.394535 -0.26155 0.472674 -0.393678 -0.234594 0.467442
-0.394554 -0.26204 0.472771 -0.393697 -0.235068 0.467536
-0.394574 -0.26253 0.472868 -0.393715 -0.235542 0.467629
-0.394593 -0.26302 0.472964 -0.393734 -0.236016 0.467723
-0.394612 -0.26351 0.473061 -0.393752 -0.23649 0.467817
-0.394632 -0.264 0.473158 -0.393771 -0.236965 0.467911
-0.394651 -0.264491 0.473255 -0.393789 -0.237439 0.468004
-0.39467 -0.264981 0.473351 -0.393808 -0.237914 0.468098
-0.39469 -0.265471 0.473448 -0.393827 -0.238389 0.468192
-0.394709 -0.265961 0.473545 -0.393845 -0.238863 0.468286
-0.394728 -0.266451 0.473642 -0.393864 -0.239338 0.46838
-0.394748 -0.266941 0.473738 -0.393883 -0.239813 0.468474
-0.394767 -0.267432 0.473835 -0.39392 -0.240762 0.468662
-0.394786 -0.267922 0.473932 -0.393938 -0.241237 0.468755
-0.394806 -0.268412 0.474029 -0.393957 -0.241711 0.468849
-0.394825 -0.268902 0.474125 -0.393976 -0.242185 0.468943
-0.394844 -0.269392 0.474222 -0.393994 -0.242659 0.469037
-0.394864 -0.269882 0.474319 -0.394013 -0.243132 0.46913
-0.394883 -0.270373 0.474416 -0.394031 -0.243606 0.469224
-0.394902 -0.270863 0.474512 -0.39405 -0.24408 0.469318
-0.394922 -0.271353 0.474609 -0.394068 -0.244554 0.469411
-0.394941 -0.271843 0.474706 -0.394087 -0.245028 0.469505
-0.394961 -0.272333 0.474803 -0.394105 -0.245502 0.469599
-0.39498 -0.272823 0.474899 -0.394124 -0.245976 0.469693
-0.394999 -0.273314 0.474996 -0.394161 -0.246925 0.46988
-0.395019 -0.273804 0.475093 -0.39418 -0.247399 0.469974
-0.395038 -0.274294 0.47519 -0.394198 -0.247874 0.470068
-0.395057 -0.274784 0.475286 -0.394217 -0.248349 0.470162
-0.395077 -0.275274 0.475383 -0.394236 -0.248823 0.470255
-0.395096 -0.275764 0.47548 -0.394254 -0.249296 0.470349
-0.395115 -0.276255 0.475577 -0.394272 -0.249768 0.470442
-0.395135 -0.276745 0.475673 -0.394291 -0.250239 0.470536
-0.395154 -0.277235 0.47577 -0.394309 -0.25071 0.470629
-0.395173 -0.277725 0.475867 -0.394327 -0.251181 0.470721
-0.395193 -0.278215 0.475964 -0.394346 -0.251651 0.470814
-0.395212 -0.278705 0.47606 -0.394364 -0.252121 0.470907
-0.395231 -0.279196 0.476157 -0.394382 -0.252592 0.471
-0.395251 -0.279686 0.476254 -0.3944 -0.253062 0.471093
-0.39527 -0.280176 0.476351 -0.394419 -0.253532 0.471186
-0.395289 -0.280666 0.476447 -0.394437 -0.254002 0.471279
-0.395309 -0.281156 0.476544 -0.394455 -0.254473 0.471372
-0.395328 -0.281647 0.476641 -0.394474 -0.254943 0.471465
-0.395348 -0.282137 0.476738 -0.394492 -0.255413 0.471558
-0.395367 -0.282627 0.476834 -0.39451 -0.255884 0.471651
-0.395386 -0.283117 0.476931 -0.394529 -0.256354 0.471744
-0.395406 -0.283607 0.477028 -0.394547 -0.256824 0.471837
-0.395425 -0.284097 0.477124 -0.394565 -0.257294 0.471929
-0.395444 -0.284588 0.477221 -0.394583 -0.257764 0.472022
-0.395464 -0.285078 0.477318 -0.394602 -0.258233 0.472115
-0.395483 -0.285568 0.477415 -0.39462 -0.258702 0.472208
-0.395502 -0.286058 0.477511 -0.394638 -0.259172 0.4723
-0.395522 -0.286548 0.477608 -0.394656 -0.259641 0.472393
-0.395541 -0.287038 0.477705 -0.394675 -0.26011 0.472486
-0.39556 -0.287529 0.477802 -0.394711 -0.261048 0.472671
-0.39558 -0.288019 0.477898 -0.39473 -0.261517 0.472764
-0.395599 -0.288509 0.477995 -0.394748 -0.261986 0.472857
-0.395618 -0.288999 0.478092 -0.394766 -0.262456 0.472949
-0.395638 -0.289489 0.478189 -0.394784 -0.262925 0.473042
-0.395657 -0.289979 0.478285 -0.394803 -0.263394 0.473135
-0.395676 -0.29047 0.478382 -0.394821 -0.263864 0.473228
-0.395696 -0.29096 0.478479 -0.394839 -0.264334 0.473321
-0.395715 -0.29145 0.478576 -0.394858 -0.264804 0.473413
-0.395734 -0.29194 0.478672 -0.394876 -0.265274 0.473506
-0.395754 -0.29243 0.478769 -0.394895 -0.265744 0.473599
-0.395773 -0.29292 0.478866 -0.394913 -0.266214 0.473692
-0.395793 -0.293411 0.478963 -0.394931 -0.266684 0.473785
-0.395812 -0.293901 0.479059 -0.39495 -0.267155 0.473878
-0.395831 -0.294391 0.479156 -0.394968 -0.267625 0.473971
-0.395851 -0.294881 0.479253 -0.394987 -0.268096 0.474064
-0.39587 -0.295371 0.47935 -0.395005 -0.268567 0.474157
-0.395889 -0.295861 0.479446 -0.395024 -0.269038 0.474251
-0.395909 -0.296352 0.479543 -0.395042 -0.269509 0.474344
-0.395928 -0.296842 0.47964 -0.39506 -0.26998 0.474437
-0.395947 -0.297332 0.479737 -0.395079 -0.27045 0.47453
-0.395967 -0.297822 0.479833 -0.395097 -0.270921 0.474623
-0.395986 -0.298312 0.47993 -0.395116 -0.271392 0.474716
-0.396005 -0.298802 0.480027 -0.395134 -0.271863 0.474809
-0.396025 -0.299293 0.480124 -0.395153 -0.272334 0.474902
-0.396044 -0.299783 0.48022 -0.395171 -0.272806 0.474996
-0.396063 -0.300273 0.480317 -0.39519 -0.273278 0.475089
-0.396083 -0.300763 0.480414 -0.395208 -0.27375 0.475182
-0.396102 -0.301253 0.480511 -0.395227 -0.274223 0.475276
-0.396121 -0.301743 0.480607 -0.395246 -0.274696 0.475369
-0.396141 -0.302234 0.480704 -0.395264 -0.275169 0.475463
-0.39616 -0.302724 0.480801 -0.395302 -0.276116 0.47565
-0.396179 -0.303214 0.480897 -0.39532 -0.27659 0.475744
-0.396199 -0.303704 0.480994 -0.395339 -0.277064 0.475838
-0.396218 -0.304194 0.481091 -0.395358 -0.277538 0.475932
-0.396238 -0.304684 0.481188 -0.395376 -0.278011 0.476025
-0.396257 -0.305175 0.481284 -0.395395 -0.278485 0.476119
-0.396276 -0.305665 0.481381 -0.395414 -0.278959 0.476213
-0.396296 -0.306155 0.481478 -0.395432 -0.279433 0.476307
-0.396315 -0.306645 0.481575 -0.395451 -0.279906 0.4764
-0.396334 -0.307135 0.481671 -0.39547 -0.28038 0.476494
-0.396354 -0.307626 0.481768 -0.395488 -0.280854 0.476588
-0.396373 -0.308116 0.481865 -0.395507 -0.281327 0.476681
-0.396392 -0.308606 0.481962 -0.395526 -0.281801 0.476775
-0.396412 -0.309096 0.482058 -0.395544 -0.282274 0.476869
-0.396431 -0.309586 0.482155 -0.395563 -0.282747 0.476962
-0.39645 -0.310076 0.482252 -0.395581 -0.283221 0.477056
-0.39647 -0.310567 0.482349 -0.3956 -0.283694 0.477149
-0.396489 -0.311057 0.482445 -0.395619 -0.284167 0.477243
-0.396508 -0.311547 0.482542 -0.395637 -0.284641 0.477337
-0.396528 -0.312037 0.482639 -0.395656 -0.285114 0.47743
-0.396547 -0.312527 0.482736 -0.395674 -0.285586 0.477524
-0.396566 -0.313017 0.482832 -0.395693 -0.286059 0.477617
-0.396586 -0.313508 0.482929 -0.395711 -0.286532 0.47771
-0.396605 -0.313998 0.483026 -0.39573 -0.287004 0.477804
-0.396625 -0.314488 0.483123 -0.395748 -0.287476 0.477897
-0.396644 -0.314978 0.483219 -0.395767 -0.287948 0.47799
-0.396663 -0.315468 0.483316 -0.395785 -0.28842 0.478084
-0.396683 -0.315958 0.483413 -0.395804 -0.288892 0.478177
-0.396702 -0.316449 0.48351 -0.395822 -0.289364 0.47827
-0.396721 -0.316939 0.483606 -0.395841 -0.289836 0.478364
-0.396741 -0.317429 0.483703 -0.395878 -0.29078 0.47855
-0.39676 -0.317919 0.4838 -0.395896 -0.291252 0.478643
-0.396779 -0.318409 0.483897 -0.395915 -0.291724 0.478737
-0.396799 -0.318899 0.483993 -0.395933 -0.292197 0.47883
-0.396818 -0.31939 0.48409 -0.395952 -0.292669 0.478924
-0.396837 -0.31988 0.484187 -0.39597 -0.293142 0.479017
-0.396857 -0.32037 0.484284 -0.395989 -0.293614 0.47911
-0.396876 -0.32086 0.48438 -0.396007 -0.294087 0.479204
-0.396895 -0.32135 0.484477 -0.396026 -0.29456 0.479297
-0.396915 -0.32184 0.484574 -0.396044 -0.295033 0.479391
-0.396934 -0.322331 0.484671 -0.396063 -0.295507 0.479485
-0.396953 -0.322821 0.484767 -0.396082 -0.29598 0.479578
-0.396973 -0.323311 0.484864 -0.3961 -0.296454 0.479672
-0.396992 -0.323801 0.484961 -0.396119 -0.296928 0.479766
-0.397011 -0.324291 0.485057 -0.396137 -0.297402 0.479859
-0.397031 -0.324781 0.485154 -0.396156 -0.297876 0.479953
-0.39705 -0.325272 0.485251 -0.396175 -0.29835 0.480047
-0.39707 -0.325762 0.485348 -0.396193 -0.298825 0.480141
-0.397089 -0.326252 0.485444 -0.396212 -0.299299 0.480235
-0.397108 -0.326742 0.485541 -0.396231 -0.299774 0.480328
-0.397128 -0.327232 0.485638 -0.396249 -0.300248 0.480422
-0.397147 -0.327722 0.485735 -0.396268 -0.300723 0.480516
-0.397166 -0.328213 0.485831 -0.396287 -0.301197 0.48061
-0.397186 -0.328703 0.485928 -0.396305 -0.301672 0.480704
-0.397205 -0.329193 0.486025 -0.396324 -0.302147 0.480798
-0.397224 -0.329683 0.486122 -0.396343 -0.302622 0.480892
-0.397244 -0.330173 0.486218 -0.396361 -0.303097 0.480986
-0.397263 -0.330663 0.486315 -0.39638 -0.303572 0.48108
-0.397282 -0.331154 0.486412 -0.396399 -0.304047 0.481174
-0.397302 -0.331644 0.486509 -0.396418 -0.304523 0.481268
-0.397321 -0.332134 0.486605 -0.396455 -0.305475 0.481456
-0.39734 -0.332624 0.486702 -0.396474 -0.305951 0.48155
-0.39736 -0.333114 0.486799 -0.396493 -0.306427 0.481644
-0.397379 -0.333604 0.486896 -0.396511 -0.306902 0.481738
-0.397398 -0.334095 0.486992 -0.39653 -0.307378 0.481832
-0.397418 -0.334585 0.487089 -0.396549 -0.307853 0.481926
-0.397437 -0.335075 0.487186 -0.396567 -0.308328 0.48202
-0.397457 -0.335565 0.487283 -0.396586 -0.308802 0.482114
-0.397476 -0.336055 0.487379 -0.396605 -0.309276 0.482207
-0.397495 -0.336546 0.487476 -0.396623 -0.30975 0.482301
-0.397515 -0.337036 0.487573 -0.396642 -0.310224 0.482395
-0.397534 -0.337526 0.48767 -0.39666 -0.310698 0.482488
-0.397553 -0.338016 0.487766 -0.396679 -0.311172 0.482582
-0.397573 -0.338506 0.487863 -0.396697 -0.311646 0.482676
-0.397592 -0.338996 0.48796 -0.396716 -0.31212 0.48277
-0.397611 -0.339487 0.488057 -0.396735 -0.312594 0.482863
-0.397631 -0.339977 0.488153 -0.396753 -0.313068 0.482957
-0.39765 -0.340467 0.48825 -0.396772 -0.313542 0.483051
-0.397669 -0.340957 0.488347 -0.39679 -0.314016 0.483144
-0.397689 -0.341447 0.488444 -0.396809 -0.314491 0.483238
-0.397708 -0.341937 0.48854 -0.396827 -0.314965 0.483332
-0.397727 -0.342428 0.488637 -0.396846 -0.315438 0.483426
-0.397747 -0.342918 0.488734 -0.396865 -0.315912 0.483519
-0.397766 -0.343408 0.488831 -0.396883 -0.316384 0.483612
-0.397785 -0.343898 0.488927 -0.396902 -0.316857 0.483706
-0.397805 -0.344388 0.489024 -0.39692 -0.31733 0.483799
-0.397824 -0.344878 0.489121 -0.396939 -0.317803 0.483893
-0.397843 -0.345369 0.489217 -0.396957 -0.318276 0.483986
-0.397863 -0.345859 0.489314 -0.396976 -0.31875 0.48408
-0.397882 -0.346349 0.489411 -0.396994 -0.319223 0.484173
-0.397902 -0.346839 0.489508 -0.397031 -0.320171 0.484361
-0.397921 -0.347329 0.489604 -0.39705 -0.320645 0.484454
-0.39794 -0.347819 0.489701 -0.397068 -0.321119 0.484548
-0.39796 -0.34831 0.489798 -0.397087 -0.321593 0.484642
-0.397979 -0.3488 0.489895 -0.397106 -0.322067 0.484736
-0.397998 -0.34929 0.489991 -0.397124 -0.322541 0.484829
-0.398018 -0.34978 0.490088 -0.397143 -0.323015 0.484923
-0.398037 -0.35027 0.490185 -0.397161 -0.323489 0.485017
-0.398056 -0.35076 0.490282 -0.39718 -0.323964 0.485111
-0.398076 -0.351251 0.490378 -0.397199 -0.324438 0.485204
-0.398095 -0.351741 0.490475 -0.397217 -0.324913 0.485298
-0.398114 -0.352231 0.490572 -0.397236 -0.325387 0.485392
-0.398134 -0.352721 0.490669 -0.397255 -0.325862 0.485486
-0.398153 -0.353211 0.490765 -0.397273 -0.326336 0.48558
-0.398172 -0.353701 0.490862 -0.397292 -0.326811 0.485673
-0.398192 -0.354192 0.490959 -0.397311 -0.327286 0.485767
-0.398211 -0.354682 0.491056 -0.397329 -0.327761 0.485861
-0.39823 -0.355172 0.491152 -0.397348 -0.328236 0.485955
-0.39825 -0.355662 0.491249 -0.397366 -0.32871 0.486049
-0.398269 -0.356152 0.491346 -0.397385 -0.329184 0.486143
-0.398289 -0.356642 0.491443 -0.397404 -0.329659 0.486236
-0.398308 -0.357133 0.491539 -0.397422 -0.330133 0.48633
-0.398327 -0.357623 0.491636 -0.397441 -0.330607 0.486424
-0.398347 -0.358113 0.491733 -0.397459 -0.331082 0.486518
-0.398366 -0.358603 0.49183 -0.397478 -0.331556 0.486612
-0.398385 -0.359093 0.491926 -0.397497 -0.332031 0.486705
-0.398405 -0.359583 0.492023 -0.397516 -0.332507 0.486799
-0.398424 -0.360074 0.49212 -0.397534 -0.332982 0.486893
-0.398443 -0.360564 0.492217 -0.397553 -0.333458 0.486988
-0.398463 -0.361054 0.492313 -0.397572 -0.333934 0.487082
-0.398482 -0.361544 0.49241 -0.39759 -0.334411 0.487176
-0.398501 -0.362034 0.492507 -0.397609 -0.334887 0.48727
-0.398521 -0.362524 0.492604 -0.397628 -0.335364 0.487364
-0.39854 -0.363015 0.4927 -0.397647 -0.33584 0.487459
-0.398559 -0.363505 0.492797 -0.397665 -0.336316 0.487553
-0.398579 -0.363995 0.492894 -0.397684 -0.336791 0.487647
-0.398598 -0.364485 0.49299 -0.397703 -0.337266 0.48774
-0.398617 -0.364975 0.493087 -0.397721 -0.33774 0.487834
-0.398637 -0.365466 0.493184 -0.39774 -0.338215 0.487928
-0.398656 -0.365956 0.493281 -0.397759 -0.338689 0.488022
-0.398675 -0.366446 0.493377 -0.397777 -0.339164 0.488116
-0.398695 -0.366936 0.493474 -0.397796 -0.339639 0.488209
-0.398714 -0.367426 0.493571 -0.397814 -0.340114 0.488303
-0.398734 -0.367916 0.493668 -0.397833 -0.340589 0.488397
-0.398753 -0.368407 0.493764 -0.39787 -0.34154 0.488585
-0.398772 -0.368897 0.493861 -0.397889 -0.342015 0.488679
-0.398792 -0.369387 0.493958 -0.397908 -0.342491 0.488773
-0.398811 -0.369877 0.494055 -0.397927 -0.342967 0.488867
-0.39883 -0.370367 0.494151 -0.397945 -0.343443 0.488961
-0.39885 -0.370857 0.494248 -0.397964 -0.343918 0.489056
-0.398869 -0.371348 0.494345 -0.397983 -0.344393 0.489149
-0.398888 -0.371838 0.494442 -0.398001 -0.344869 0.489243
-0.398908 -0.372328 0.494538 -0.39802 -0.345344 0.489337
-0.398927 -0.372818 0.494635 -0.398039 -0.345819 0.489431
-0.398946 -0.373308 0.494732 -0.398057 -0.346295 0.489525
-0.398966 -0.373798 0.494829 -0.398076 -0.346771 0.489619
-0.398985 -0.374289 0.494925 -0.398095 -0.347247 0.489713
-0.399004 -0.374779 0.495022 -0.398113 -0.347723 0.489808
-0.399024 -0.375269 0.495119 -0.398132 -0.348199 0.489902
-0.399043 -0.375759 0.495216 -0.398151 -0.348676 0.489996
-0.399062 -0.376249 0.495312 -0.39817 -0.349153 0.49009
-0.399082 -0.376739 0.495409 -0.398189 -0.34963 0.490185
-0.399101 -0.37723 0.495506 -0.398207 -0.350107 0.490279
-0.399121 -0.37772 0.495603 -0.398226 -0.350584 0.490374
-0.39914 -0.37821 0.495699 -0.398245 -0.351061 0.490468
-0.399159 -0.3787 0.495796 -0.398264 -0.351538 0.490562
-0.399179 -0.37919 0.495893 -0.398282 -0.352014 0.490656
-0.399198 -0.37968 0.49599 -0.398301 -0.352489 0.49075
-0.399217 -0.380171 0.496086 -0.39832 -0.352965 0.490844
-0.399237 -0.380661 0.496183 -0.398338 -0.35344 0.490938
-0.399256 -0.381151 0.49628 -0.398357 -0.353915 0.491032
-0.399275 -0.381641 0.496377 -0.398376 -0.35439 0.491126
-0.399295 -0.382131 0.496473 -0.398394 -0.354865 0.49122
-0.399314 -0.382621 0.49657 -0.398413 -0.35534 0.491314
-0.399333 -0.383112 0.496667 -0.398432 -0.355816 0.491408
-0.399353 -0.383602 0.496764 -0.39845 -0.356291 0.491501
-0.399372 -0.384092 0.49686 -0.398469 -0.356767 0.491596
-0.399391 -0.384582 0.496957 -0.398488 -0.357243 0.49169
-0.399411 -0.385072 0.497054 -0.398525 -0.358195 0.491878
-0.39943 -0.385562 0.49715 -0.398544 -0.358672 0.491972
-0.399449 -0.386053 0.497247 -0.398563 -0.359148 0.492066
-0.399469 -0.386543 0.497344 -0.398581 -0.359625 0.492161
-0.399488 -0.387033 0.497441 -0.3986 -0.360101 0.492255
-0.399507 -0.387523 0.497537 -0.398619 -0.360578 0.492349
-0.399527 -0.388013 0.497634 -0.398638 -0.361055 0.492443
-0.399546 -0.388503 0.497731 -0.398656 -0.361532 0.492538
-0.399566 -0.388994 0.497828 -0.398675 -0.362009 0.492632
-0.399585 -0.389484 0.497924 -0.398694 -0.362486 0.492726
-0.399604 -0.389974 0.498021 -0.398713 -0.362963 0.492821
-0.399624 -0.390464 0.498118 -0.398732 -0.363441 0.492915
-0.399643 -0.390954 0.498215 -0.39875 -0.363919 0.49301
-0.399662 -0.391444 0.498311 -0.398769 -0.364397 0.493104
-0.399682 -0.391935 0.498408 -0.398788 -0.364875 0.493199
-0.399701 -0.392425 0.498505 -0.398807 -0.365354 0.493293
-0.39972 -0.392915 0.498602 -0.398826 -0.365832 0.493388
-0.39974 -0.393405 0.498698 -0.398845 -0.36631 0.493483
-0.399759 -0.393895 0.498795 -0.398864 -0.366789 0.493577
-0.399778 -0.394386 0.498892 -0.398882 -0.367267 0.493672
-0.399798 -0.394876 0.498989 -0.398901 -0.367745 0.493766
-0.399817 -0.395366 0.499085 -0.39892 -0.368223 0.493861
-0.399836 -0.395856 0.499182 -0.398939 -0.368702 0.493956
-0.399856 -0.396346 0.499279 -0.398958 -0.36918 0.49405
-0.399875 -0.396836 0.499376 -0.398977 -0.369659 0.494145
-0.399894 -0.397327 0.499472 -0.398996 -0.370138 0.49424
-0.399914 -0.397817 0.499569 -0.399015 -0.370618 0.494335
-0.399933 -0.398307 0.499666 -0.399033 -0.371097 0.494429
-0.399953 -0.398797 0.499763 -0.399052 -0.371577 0.494524
-0.399972 -0.399287 0.499859 -0.399071 -0.372056 0.494619
-0.399991 -0.399777 0.499956 -0.39909 -0.372536 0.494714
-0.400011 -0.400268 0.500053 -0.399109 -0.373015 0.494809
-0.399991 -0.399777 0.499956 -0.399128 -0.373494 0.494903
-0.400011 -0.400268 0.500053 -0.399147 -0.373973 0.494998
-0.399991 -0.399777 0.499956 -0.399166 -0.374451 0.495093
-0.400011 -0.400268 0.500053 -0.399185 -0.37493 0.495187
-0.399991 -0.399777 0.499956 -0.399203 -0.375408 0.495282
-0.400011 -0.400268 0.500053 -0.399222 -0.375887 0.495377
-0.399991 -0.399777 0.499956 -0.399241 -0.376364 0.495471
-0.400011 -0.400268 0.500053 -0.39926 -0.376841 0.495565
-0.399991 -0.399777 0.499956 -0.399278 -0.377317 0.495659
-0.400011 -0.400268 0.500053 -0.399297 -0.377792 0.495753
-0.399991 -0.399777 0.499956 -0.399315 -0.378265 0.495846
-0.400011 -0.400268 0.500053 -0.399352 -0.379205 0.496032
-0.399991 -0.399777 0.499956 -0.399369 -0.379671 0.496123
-0.400011 -0.400268 0.500053 -0.399387 -0.380133 0.496214
-0.399991 -0.399777 0.499956 -0.399405 -0.380592 0.496305
-0.400011 -0.400268 0.500053 -0.399422 -0.381047 0.496394
-0.399991 -0.399777 0.499956 -0.399438 -0.381498 0.496482
-0.400011 -0.400268 0.500053 -0.399455 -0.381944 0.49657
-0.399991 -0.399777 0.499956 -0.399471 -0.382386 0.496656
-0.400011 -0.400268 0.500053 -0.399487 -0.382822 0.496741
-0.399991 -0.399777 0.499956 -0.399503 -0.383253 0.496825
-0.400011 -0.400268 0.500053 -0.399518 -0.383679 0.496908
-0.399991 -0.399777 0.499956 -0.399533 -0.384098 0.49699
-0.400011 -0.400268 0.500053 -0.399548 -0.384513 0.49707
-0.399991 -0.399777 0.499956 -0.399562 -0.384921 0.49715
-0.400011 -0.400268 0.500053 -0.399589 -0.385718 0.497304
-0.399991 -0.399777 0.499956 -0.399602 -0.386108 0.497379
-0.400011 -0.400268 0.500053 -0.399615 -0.38649 0.497453
-0.399991 -0.399777 0.499956 -0.399628 -0.386866 0.497525
-0.400011 -0.400268 0.500053 -0.39964 -0.387235 0.497596
-0.399991 -0.399777 0.499956 -0.399651 -0.387596 0.497666
-0.400011 -0.400268 0.500053 -0.399663 -0.387951 0.497734
-0.399991 -0.399777 0.499956 -0.399674 -0.388299 0.4978
-0.400011 -0.400268 0.500053 -0.399684 -0.388639 0.497865
-0.399991 -0.399777 0.499956 -0.399695 -0.388973 0.497929
-0.400011 -0.400268 0.500053 -0.399705 -0.3893 0.497991
-0.399991 -0.399777 0.499956 -0.399715 -0.38962 0.498052
-0.400011 -0.400268 0.500053 -0.399724 -0.389934 0.498112
-0.399991 -0.399777 0.499956 -0.399733 -0.390241 0.49817
-0.400011 -0.400268 0.500053 -0.399742 -0.390541 0.498227
-0.399991 -0.399777 0.499956 -0.399751 -0.390835 0.498283
-0.400011 -0.400268 0.500053 -0.399767 -0.391403 0.49839
-0.399991 -0.399777 0.499956 -0.399775 -0.391678 0.498442
-0.400011 -0.400268 0.500053 -0.399783 -0.391946 0.498493
-0.399991 -0.399777 0.499956 -0.39979 -0.392207 0.498542
-0.400011 -0.400268 0.500053 -0.399797 -0.392462 0.49859
-0.399991 -0.399777 0.499956 -0.399804 -0.39271 0.498637
-0.400011 -0.400268 0.500053 -0.39981 -0.392953 0.498682
-0.399991 -0.399777 0.499956 -0.399817 -0.39319 0.498726
-0.400011 -0.400268 0.500053 -0.399823 -0.393421 0.49877
-0.399991 -0.399777 0.499956 -0.399829 -0.393646 0.498812
-0.400011 -0.400268 0.500053 -0.399835 -0.393865 0.498853
-0.399991 -0.399777 0.499956 -0.399841 -0.394079 0.498893
-0.400011 -0.400268 0.500053 -0.399846 -0.394288 0.498932
-0.399991 -0.399777 0.499956 -0.399852 -0.394491 0.49897
-0.400011 -0.400268 0.500053 -0.399857 -0.394689 0.499007
-0.399991 -0.399777 0.499956 -0.399862 -0.394881 0.499043
-0.400011 -0.400268 0.500053 -0.399867 -0.395069 0.499078
-0.399991 -0.399777 0.499956 -0.399871 -0.395251 0.499112
-0.400011 -0.400268 0.500053 -0.399876 -0.395427 0.499145
-0.399991 -0.399777 0.499956 -0.39988 -0.395598 0.499177
-0.400011 -0.400268 0.500053 -0.399885 -0.395764 0.499207
-0.399991 -0.399777 0.499956 -0.399889 -0.395925 0.499237
-0.400011 -0.400268 0.500053 -0.399893 -0.396081 0.499266
-0.399991 -0.399777 0.499956 -0.399896 -0.396232 0.499294
-0.400011 -0.400268 0.500053 -0.3999 -0.396378 0.499321
-0.399991 -0.399777 0.499956 -0.399903 -0.39652 0.499348
-0.400011 -0.400268 0.500053 -0.399907 -0.396657 0.499373
-0.399991 -0.399777 0.499956 -0.39991 -0.396789 0.499398
-0.400011 -0.400268 0.500053 -0.399913 -0.396918 0.499421
-0.399991 -0.399777 0.499956 -0.399919 -0.397162 0.499467
-0.400011 -0.400268 0.500053 -0.399922 -0.397278 0.499488
-0.399991 -0.399777 0.499956 -0.399925 -0.39739 0.499509
-0.400011 -0.400268 0.500053 -0.399928 -0.397498 0.499529
-0.399991 -0.399777 0.499956 -0.39993 -0.397603 0.499548
-0.400011 -0.400268 0.500053 -0.399933 -0.397704 0.499567
-0.399991 -0.399777 0.499956 -0.399935 -0.397801 0.499585
-0.400011 -0.400268 0.500053 -0.399937 -0.397896 0.499602
-0.399991 -0.399777 0.499956 -0.399939 -0.397987 0.499619
-0.400011 -0.400268 0.500053 -0.399942 -0.398074 0.499635
-0.399991 -0.399777 0.499956 -0.399944 -0.398159 0.499651
-0.400011 -0.400268 0.500053 -0.399945 -0.39824 0.499666
-0.399991 -0.399777 0.499956 -0.399947 -0.398319 0.499681
-0.400011 -0.400268 0.500053 -0.399949 -0.398394 0.499695
-0.399991 -0.399777 0.499956 -0.399951 -0.398467 0.499708
-0.400011 -0.400268 0.500053 -0.399953 -0.398537 0.499721
-0.399991 -0.399777 0.499956 -0.399954 -0.398604 0.499733
-0.400011 -0.400268 0.500053 -0.399956 -0.398669 0.499745
-0.399991 -0.399777 0.499956 -0.399957 -0.398732 0.499757
-0.400011 -0.400268 0.500053 -0.399959 -0.398792 0.499768
-0.399991 -0.399777 0.499956 -0.39996 -0.398851 0.499779
-0.400011 -0.400268 0.500053 -0.399962 -0.398908 0.499789
-0.399991 -0.399777 0.499956 -0.399963 -0.398963 0.4998
-0.400011 -0.400268 0.500053 -0.399964 -0.399016 0.499809
-0.399991 -0.399777 0.499956 -0.399966 -0.399067 0.499819
