-0.37002 0.359495 0.3501 -0.37 0.359985 0.350003
-0.370039 0.359005 0.350196 -0.37 0.359985 0.350003
-0.370059 0.358515 0.350293 -0.37 0.359985 0.350003
-0.370078 0.358025 0.35039 -0.37 0.359985 0.350003
-0.370097 0.357535 0.350487 -0.37 0.359985 0.350003
-0.370117 0.357044 0.350583 -0.37 0.359984 0.350004
-0.370136 0.356554 0.35068 -0.37 0.359983 0.350004
-0.370155 0.356064 0.350777 -0.37 0.359981 0.350004
-0.370175 0.355574 0.350874 -0.37 0.359978 0.350005
-0.370194 0.355084 0.35097 -0.37 0.359976 0.350005
-0.370213 0.354594 0.351067 -0.37 0.359972 0.350006
-0.370233 0.354103 0.351164 -0.37 0.359965 0.350007
-0.370252 0.353613 0.351261 -0.370001 0.359961 0.350008
-0.370271 0.353123 0.351357 -0.370001 0.359956 0.350009
-0.370291 0.352633 0.351454 -0.370001 0.359946 0.350011
-0.37031 0.352143 0.351551 -0.370001 0.359941 0.350012
-0.37033 0.351653 0.351648 -0.370002 0.359935 0.350013
-0.370349 0.351162 0.351744 -0.370002 0.359929 0.350014
-0.370368 0.350672 0.351841 -0.370002 0.359923 0.350016
-0.370388 0.350182 0.351938 -0.370002 0.359917 0.350017
-0.370407 0.349692 0.352034 -0.370003 0.359911 0.350018
-0.370426 0.349202 0.352131 -0.370004 0.359889 0.350022
-0.370446 0.348712 0.352228 -0.370005 0.359869 0.350026
-0.370465 0.348221 0.352325 -0.370006 0.359841 0.350032
-0.370484 0.347731 0.352421 -0.370008 0.359804 0.350039
-0.370504 0.347241 0.352518 -0.37001 0.359758 0.350049
-0.370523 0.346751 0.352615 -0.370013 0.359704 0.35006
-0.370542 0.346261 0.352712 -0.370016 0.359641 0.350072
-0.370562 0.345771 0.352808 -0.370019 0.359569 0.350087
-0.370581 0.34528 0.352905 -0.370024 0.359488 0.350103
-0.3706 0.34479 0.353002 -0.370028 0.359399 0.350121
-0.37062 0.3443 0.353099 -0.370033 0.359301 0.350141
-0.370639 0.34381 0.353195 -0.370038 0.359195 0.350162
-0.370658 0.34332 0.353292 -0.370044 0.359081 0.350185
-0.370678 0.34283 0.353389 -0.37005 0.358959 0.35021
-0.370697 0.342339 0.353486 -0.370057 0.35883 0.350236
-0.370716 0.341849 0.353582 -0.370064 0.358693 0.350264
-0.370736 0.341359 0.353679 -0.370072 0.358549 0.350293
-0.370755 0.340869 0.353776 -0.370079 0.358396 0.350324
-0.370775 0.340379 0.353873 -0.370088 0.358235 0.350357
-0.370794 0.339889 0.353969 -0.370096 0.358066 0.350391
-0.370813 0.339398 0.354066 -0.370106 0.357889 0.350427
-0.370833 0.338908 0.354163 -0.370115 0.357704 0.350464
-0.370852 0.338418 0.35426 -0.370125 0.357512 0.350503
-0.370871 0.337928 0.354356 -0.370136 0.357313 0.350544
-0.370891 0.337438 0.354453 -0.370158 0.356892 0.350629
-0.37091 0.336948 0.35455 -0.370169 0.35667 0.350674
-0.370929 0.336457 0.354647 -0.370181 0.356442 0.35072
-0.370949 0.335967 0.354743 -0.370193 0.356207 0.350768
-0.370968 0.335477 0.35484 -0.370206 0.355965 0.350817
-0.370987 0.334987 0.354937 -0.370232 0.355461 0.350919
-0.371007 0.334497 0.355034 -0.370246 0.3552 0.350972
-0.371026 0.334006 0.35513 -0.37026 0.354933 0.351026
-0.371045 0.333516 0.355227 -0.370274 0.354661 0.351081
-0.371065 0.333026 0.355324 -0.370288 0.354382 0.351138
-0.371084 0.332536 0.355421 -0.370303 0.354099 0.351195
-0.371103 0.332046 0.355517 -0.370318 0.353809 0.351254
-0.371123 0.331556 0.355614 -0.370333 0.353515 0.351313
-0.371142 0.331065 0.355711 -0.370348 0.353215 0.351374
-0.371162 0.330575 0.355808 -0.370364 0.35291 0.351436
-0.371181 0.330085 0.355904 -0.37038 0.3526 0.351499
-0.3712 0.329595 0.356001 -0.370396 0.352285 0.351562
-0.37122 0.329105 0.356098 -0.370412 0.351965 0.351627
-0.371239 0.328615 0.356194 -0.370428 0.351641 0.351692
-0.371258 0.328124 0.356291 -0.370445 0.351311 0.351759
-0.371278 0.327634 0.356388 -0.370462 0.350978 0.351826
-0.371297 0.327144 0.356485 -0.370479 0.350639 0.351895
-0.371316 0.326654 0.356581 -0.370496 0.350297 0.351964
-0.371336 0.326164 0.356678 -0.370514 0.34995 0.352034
-0.371355 0.325674 0.356775 -0.370531 0.349599 0.352105
-0.371374 0.325183 0.356872 -0.370549 0.349244 0.352176
-0.371394 0.324693 0.356968 -0.370567 0.348885 0.352248
-0.371413 0.324203 0.357065 -0.370584 0.348522 0.352322
-0.371432 0.323713 0.357162 -0.370603 0.348155 0.352395
-0.371452 0.323223 0.357259 -0.370621 0.347785 0.35247
-0.371471 0.322733 0.357355 -0.370639 0.347411 0.352545
-0.37149 0.322242 0.357452 -0.370657 0.347034 0.352621
-0.37151 0.321752 0.357549 -0.370676 0.346654 0.352698
-0.371529 0.321262 0.357646 -0.370713 0.345885 0.352852
-0.371548 0.320772 0.357742 -0.370732 0.345495 0.35293
-0.371568 0.320282 0.357839 -0.370751 0.345103 0.353009
-0.371587 0.319792 0.357936 -0.37077 0.344708 0.353089
-0.371607 0.319301 0.358033 -0.370789 0.344309 0.353168
-0.371626 0.318811 0.358129 -0.370808 0.343909 0.353249
-0.371645 0.318321 0.358226 -0.370827 0.343505 0.35333
-0.371665 0.317831 0.358323 -0.370846 0.343099 0.353411
-0.371684 0.317341 0.35842 -0.370865 0.34269 0.353493
-0.371703 0.316851 0.358516 -0.370884 0.342279 0.353575
-0.371723 0.31636 0.358613 -0.370904 0.341865 0.353658
-0.371742 0.31587 0.35871 -0.370923 0.34145 0.353741
-0.371761 0.31538 0.358807 -0.370942 0.341032 0.353825
-0.371781 0.31489 0.358903 -0.370962 0.340612 0.353909
-0.3718 0.3144 0.359 -0.370981 0.34019 0.353993
-0.371819 0.31391 0.359097 -0.371 0.339767 0.354078
-0.371839 0.313419 0.359194 -0.37102 0.339342 0.354162
-0.371858 0.312929 0.35929 -0.371039 0.338915 0.354248
-0.371877 0.312439 0.359387 -0.371058 0.338486 0.354333
-0.371897 0.311949 0.359484 -0.371078 0.338055 0.354419
-0.371916 0.311459 0.359581 -0.371097 0.337622 0.354505
-0.371935 0.310969 0.359677 -0.371117 0.337188 0.354592
-0.371955 0.310478 0.359774 -0.371136 0.336752 0.354679
-0.371974 0.309988 0.359871 -0.371156 0.336313 0.354766
-0.371993 0.309498 0.359967 -0.371175 0.335874 0.354854
-0.372013 0.309008 0.360064 -0.371195 0.335432 0.354942
-0.372032 0.308518 0.360161 -0.371215 0.334989 0.35503
-0.372052 0.308027 0.360258 -0.371234 0.334545 0.355118
-0.372071 0.307537 0.360354 -0.371254 0.334099 0.355207
-0.37209 0.307047 0.360451 -0.371273 0.333652 0.355296
-0.37211 0.306557 0.360548 -0.371312 0.332756 0.355474
-0.372129 0.306067 0.360645 -0.371332 0.332305 0.355564
-0.372148 0.305577 0.360741 -0.371351 0.331854 0.355653
-0.372168 0.305086 0.360838 -0.371371 0.331402 0.355743
-0.372187 0.304596 0.360935 -0.37139 0.330949 0.355833
-0.372206 0.304106 0.361032 -0.37141 0.330495 0.355923
-0.372226 0.303616 0.361128 -0.371429 0.330039 0.356013
-0.372245 0.303126 0.361225 -0.371449 0.329583 0.356104
-0.372264 0.302636 0.361322 -0.371468 0.329126 0.356194
-0.372284 0.302145 0.361419 -0.371488 0.328667 0.356285
-0.372303 0.301655 0.361515 -0.371507 0.328208 0.356376
-0.372322 0.301165 0.361612 -0.371526 0.327748 0.356467
-0.372342 0.300675 0.361709 -0.371546 0.327287 0.356559
-0.372361 0.300185 0.361806 -0.371565 0.326825 0.35665
-0.37238 0.299695 0.361902 -0.371585 0.326363 0.356742
-0.3724 0.299204 0.361999 -0.371604 0.3259 0.356833
-0.372419 0.298714 0.362096 -0.371623 0.325435 0.356925
-0.372439 0.298224 0.362193 -0.371643 0.324971 0.357017
-0.372458 0.297734 0.362289 -0.371662 0.324505 0.357109
-0.372477 0.297244 0.362386 -0.371681 0.324039 0.357201
-0.372497 0.296754 0.362483 -0.371701 0.323572 0.357294
-0.372516 0.296263 0.36258 -0.37172 0.323105 0.357386
-0.372535 0.295773 0.362676 -0.371739 0.322637 0.357479
-0.372555 0.295283 0.362773 -0.371759 0.322168 0.357571
-0.372574 0.294793 0.36287 -0.371778 0.321699 0.357664
-0.372593 0.294303 0.362967 -0.371797 0.321229 0.357757
-0.372613 0.293813 0.363063 -0.371816 0.320759 0.35785
-0.372632 0.293322 0.36316 -0.371836 0.320288 0.357943
-0.372651 0.292832 0.363257 -0.371855 0.319816 0.358036
-0.372671 0.292342 0.363354 -0.371874 0.319344 0.358129
-0.37269 0.291852 0.36345 -0.371893 0.318872 0.358222
-0.372709 0.291362 0.363547 -0.371913 0.3184 0.358316
-0.372729 0.290872 0.363644 -0.371932 0.317927 0.358409
-0.372748 0.290381 0.363741 -0.371951 0.317454 0.358502
-0.372767 0.289891 0.363837 -0.37197 0.316981 0.358595
-0.372787 0.289401 0.363934 -0.371989 0.316508 0.358689
-0.372806 0.288911 0.364031 -0.372008 0.316035 0.358782
-0.372825 0.288421 0.364127 -0.372027 0.315561 0.358875
-0.372845 0.287931 0.364224 -0.372046 0.315088 0.358969
-0.372864 0.28744 0.364321 -0.372065 0.314614 0.359062
-0.372884 0.28695 0.364418 -0.372103 0.313666 0.359249
-0.372903 0.28646 0.364514 -0.372122 0.313191 0.359343
-0.372922 0.28597 0.364611 -0.372141 0.312716 0.359436
-0.372942 0.28548 0.364708 -0.37216 0.312241 0.35953
-0.372961 0.28499 0.364805 -0.372179 0.311766 0.359623
-0.37298 0.284499 0.364901 -0.372197 0.31129 0.359717
-0.373 0.284009 0.364998 -0.372216 0.310815 0.359811
-0.373019 0.283519 0.365095 -0.372235 0.310339 0.359904
-0.373038 0.283029 0.365192 -0.372254 0.309863 0.359998
-0.373058 0.282539 0.365288 -0.372273 0.309386 0.360092
-0.373077 0.282049 0.365385 -0.372292 0.30891 0.360186
-0.373096 0.281558 0.365482 -0.372311 0.308433 0.36028
-0.373116 0.281068 0.365579 -0.37233 0.307956 0.360374
-0.373135 0.280578 0.365675 -0.372349 0.307479 0.360468
-0.373154 0.280088 0.365772 -0.372386 0.306525 0.360656
-0.373174 0.279598 0.365869 -0.372405 0.306047 0.36075
-0.373193 0.279107 0.365966 -0.372424 0.305569 0.360844
-0.373212 0.278617 0.366062 -0.372443 0.305092 0.360938
-0.373232 0.278127 0.366159 -0.372462 0.304614 0.361032
-0.373251 0.277637 0.366256 -0.37248 0.304136 0.361126
-0.373271 0.277147 0.366353 -0.372499 0.303659 0.36122
-0.37329 0.276657 0.366449 -0.372518 0.303182 0.361313
-0.373309 0.276166 0.366546 -0.372537 0.302705 0.361407
-0.373329 0.275676 0.366643 -0.372555 0.302228 0.361501
-0.373348 0.275186 0.36674 -0.372574 0.301752 0.361595
-0.373367 0.274696 0.366836 -0.372593 0.301276 0.361688
-0.373387 0.274206 0.366933 -0.372611 0.300799 0.361782
-0.373406 0.273716 0.36703 -0.37263 0.300323 0.361876
-0.373425 0.273225 0.367127 -0.372648 0.299847 0.361969
-0.373445 0.272735 0.367223 -0.372667 0.299372 0.362063
-0.373464 0.272245 0.36732 -0.372685 0.298896 0.362157
-0.373483 0.271755 0.367417 -0.372704 0.29842 0.36225
-0.373503 0.271265 0.367514 -0.372723 0.297944 0.362344
-0.373522 0.270775 0.36761 -0.372741 0.297469 0.362437
-0.373541 0.270284 0.367707 -0.37276 0.296993 0.362531
-0.373561 0.269794 0.367804 -0.372778 0.296517 0.362624
-0.37358 0.269304 0.367901 -0.372797 0.296041 0.362718
-0.373599 0.268814 0.367997 -0.372815 0.295566 0.362812
-0.373619 0.268324 0.368094 -0.372834 0.29509 0.362905
-0.373638 0.267834 0.368191 -0.372852 0.294614 0.362999
-0.373657 0.267343 0.368287 -0.372871 0.294138 0.363092
-0.373677 0.266853 0.368384 -0.37289 0.293662 0.363186
-0.373696 0.266363 0.368481 -0.372908 0.293186 0.36328
-0.373716 0.265873 0.368578 -0.372927 0.29271 0.363373
-0.373735 0.265383 0.368674 -0.372945 0.292234 0.363467
-0.373754 0.264893 0.368771 -0.372964 0.291757 0.363561
-0.373774 0.264402 0.368868 -0.372983 0.291281 0.363654
-0.373793 0.263912 0.368965 -0.373001 0.290805 0.363748
-0.373812 0.263422 0.369061 -0.37302 0.290329 0.363842
-0.373832 0.262932 0.369158 -0.373038 0.289853 0.363935
-0.373851 0.262442 0.369255 -0.373057 0.289378 0.364029
-0.37387 0.261952 0.369352 -0.373075 0.288902 0.364122
-0.37389 0.261461 0.369448 -0.373094 0.288426 0.364216
-0.373909 0.260971 0.369545 -0.373113 0.28795 0.364309
-0.373928 0.260481 0.369642 -0.373131 0.287475 0.364403
-0.373948 0.259991 0.369739 -0.37315 0.286999 0.364497
-0.373967 0.259501 0.369835 -0.373168 0.286523 0.36459
-0.373986 0.259011 0.369932 -0.373206 0.285571 0.364777
-0.374006 0.25852 0.370029 -0.373224 0.285095 0.364871
-0.374025 0.25803 0.370126 -0.373243 0.28462 0.364965
-0.374044 0.25754 0.370222 -0.373262 0.284144 0.365058
-0.374064 0.25705 0.370319 -0.37328 0.283669 0.365152
-0.374083 0.25656 0.370416 -0.373299 0.283193 0.365245
-0.374103 0.25607 0.370513 -0.373317 0.282719 0.365338
-0.374122 0.255579 0.370609 -0.373336 0.282244 0.365432
-0.374141 0.255089 0.370706 -0.373354 0.281771 0.365525
-0.374161 0.254599 0.370803 -0.373373 0.281297 0.365618
-0.37418 0.254109 0.3709 -0.373391 0.280824 0.365711
-0.374199 0.253619 0.370996 -0.373409 0.280351 0.365804
-0.374219 0.253129 0.371093 -0.373428 0.279879 0.365897
-0.374238 0.252638 0.37119 -0.373446 0.279407 0.36599
-0.374257 0.252148 0.371287 -0.373465 0.278935 0.366083
-0.374277 0.251658 0.371383 -0.373483 0.278463 0.366175
-0.374296 0.251168 0.37148 -0.37352 0.27752 0.366361
-0.374315 0.250678 0.371577 -0.373538 0.277048 0.366454
-0.374335 0.250187 0.371674 -0.373556 0.276577 0.366546
-0.374354 0.249697 0.37177 -0.373575 0.276105 0.366639
-0.374373 0.249207 0.371867 -0.373593 0.275634 0.366732
-0.374393 0.248717 0.371964 -0.373611 0.275164 0.366824
-0.374412 0.248227 0.37206 -0.373629 0.274693 0.366917
-0.374431 0.247737 0.372157 -0.373648 0.274224 0.367009
-0.374451 0.247246 0.372254 -0.373666 0.273754 0.367101
-0.37447 0.246756 0.372351 -0.373684 0.273284 0.367194
-0.374489 0.246266 0.372447 -0.373703 0.272814 0.367286
-0.374509 0.245776 0.372544 -0.373721 0.272344 0.367379
-0.374528 0.245286 0.372641 -0.373739 0.271874 0.367471
-0.374548 0.244796 0.372738 -0.373758 0.271404 0.367564
-0.374567 0.244305 0.372834 -0.373776 0.270934 0.367656
-0.374586 0.243815 0.372931 -0.37385 0.269051 0.368027
-0.374606 0.243325 0.373028 -0.373868 0.268581 0.368119
-0.374625 0.242835 0.373125 -0.373887 0.26811 0.368212
-0.374644 0.242345 0.373221 -0.373905 0.26764 0.368304
-0.374664 0.241855 0.373318 -0.373923 0.267171 0.368397
-0.374683 0.241364 0.373415 -0.373942 0.266702 0.368489
-0.374702 0.240874 0.373512 -0.37396 0.266235 0.368581
-0.374722 0.240384 0.373608 -0.373978 0.265769 0.368672
-0.374741 0.239894 0.373705 -0.373996 0.265305 0.368764
-0.37476 0.239404 0.373802 -0.374014 0.264842 0.368855
-0.37478 0.238914 0.373899 -0.374031 0.26438 0.368945
-0.374799 0.238423 0.373995 -0.374049 0.263919 0.369036
-0.374818 0.237933 0.374092 -0.374066 0.26346 0.369126
-0.374838 0.237443 0.374189 -0.374084 0.263001 0.369216
-0.374857 0.236953 0.374286 -0.374101 0.262543 0.369306
-0.374876 0.236463 0.374382 -0.374119 0.262086 0.369396
-0.374896 0.235973 0.374479 -0.374136 0.261629 0.369486
-0.374915 0.235482 0.374576 -0.374153 0.261173 0.369575
-0.374935 0.234992 0.374673 -0.374188 0.260263 0.369754
-0.374954 0.234502 0.374769 -0.374205 0.259808 0.369844
-0.374973 0.234012 0.374866 -0.374223 0.259354 0.369933
-0.374993 0.233522 0.374963 -0.37424 0.2589 0.370022
-0.375012 0.233032 0.37506 -0.374257 0.258447 0.370111
-0.375031 0.232541 0.375156 -0.374274 0.257993 0.3702
-0.375051 0.232051 0.375253 -0.374292 0.25754 0.370289
-0.37507 0.231561 0.37535 -0.374309 0.257086 0.370378
-0.375089 0.231071 0.375447 -0.374327 0.256633 0.370468
-0.375109 0.230581 0.375543 -0.374361 0.255726 0.370646
-0.375128 0.230091 0.37564 -0.374379 0.255273 0.370735
-0.375147 0.2296 0.375737 -0.374396 0.25482 0.370824
-0.375167 0.22911 0.375834 -0.374414 0.254367 0.370913
-0.375186 0.22862 0.37593 -0.374431 0.253914 0.371002
-0.375205 0.22813 0.376027 -0.374449 0.253462 0.371091
-0.375225 0.22764 0.376124 -0.374466 0.253009 0.37118
-0.375244 0.22715 0.37622 -0.374484 0.252557 0.371269
-0.375263 0.226659 0.376317 -0.374501 0.252105 0.371358
-0.375283 0.226169 0.376414 -0.374519 0.251653 0.371447
-0.375302 0.225679 0.376511 -0.374536 0.2512 0.371536
-0.375321 0.225189 0.376607 -0.374554 0.250748 0.371625
-0.375341 0.224699 0.376704 -0.374571 0.250295 0.371714
-0.37536 0.224209 0.376801 -0.374589 0.249842 0.371803
-0.37538 0.223718 0.376898 -0.374625 0.248935 0.371982
-0.375399 0.223228 0.376994 -0.374642 0.248482 0.372071
-0.375418 0.222738 0.377091 -0.37466 0.248028 0.37216
-0.375438 0.222248 0.377188 -0.374678 0.247575 0.372249
-0.375457 0.221758 0.377285 -0.374696 0.24712 0.372339
-0.375476 0.221267 0.377381 -0.374714 0.246666 0.372428
-0.375496 0.220777 0.377478 -0.374732 0.246212 0.372518
-0.375515 0.220287 0.377575 -0.374749 0.245758 0.372607
-0.375534 0.219797 0.377672 -0.374767 0.245304 0.372696
-0.375554 0.219307 0.377768 -0.374785 0.24485 0.372786
-0.375573 0.218817 0.377865 -0.374803 0.244396 0.372875
-0.375592 0.218326 0.377962 -0.374821 0.243942 0.372965
-0.375612 0.217836 0.378059 -0.374839 0.243488 0.373054
-0.375631 0.217346 0.378155 -0.374857 0.243034 0.373143
-0.37565 0.216856 0.378252 -0.374875 0.24258 0.373233
-0.37567 0.216366 0.378349 -0.374893 0.242125 0.373322
-0.375689 0.215876 0.378446 -0.374911 0.241671 0.373412
-0.375708 0.215385 0.378542 -0.374929 0.241217 0.373501
-0.375728 0.214895 0.378639 -0.374947 0.240762 0.373591
-0.375747 0.214405 0.378736 -0.374965 0.240307 0.37368
-0.375767 0.213915 0.378833 -0.374983 0.239853 0.37377
-0.375786 0.213425 0.378929 -0.375001 0.239398 0.373859
-0.375805 0.212935 0.379026 -0.375019 0.238943 0.373949
-0.375825 0.212444 0.379123 -0.375037 0.238488 0.374039
-0.375844 0.211954 0.37922 -0.375055 0.238033 0.374128
-0.375863 0.211464 0.379316 -0.375073 0.237577 0.374218
-0.375883 0.210974 0.379413 -0.375091 0.237121 0.374308
-0.375902 0.210484 0.37951 -0.375109 0.236664 0.374398
-0.375921 0.209994 0.379607 -0.375128 0.236207 0.374488
-0.375941 0.209503 0.379703 -0.375164 0.235293 0.374668
-0.37596 0.209013 0.3798 -0.375182 0.234835 0.374758
-0.375979 0.208523 0.379897 -0.375201 0.234377 0.374848
-0.375999 0.208033 0.379994 -0.375219 0.23392 0.374938
-0.376018 0.207543 0.38009 -0.375237 0.233462 0.375029
-0.376037 0.207053 0.380187 -0.375256 0.233004 0.375119
-0.376057 0.206562 0.380284 -0.375274 0.232547 0.375209
-0.376076 0.206072 0.38038 -0.375292 0.23209 0.375299
-0.376095 0.205582 0.380477 -0.37531 0.231632 0.375389
-0.376115 0.205092 0.380574 -0.375329 0.231175 0.375479
-0.376134 0.204602 0.380671 -0.375347 0.230717 0.375569
-0.376153 0.204112 0.380767 -0.375365 0.230259 0.37566
-0.376173 0.203621 0.380864 -0.375384 0.229801 0.37575
-0.376192 0.203131 0.380961 -0.375402 0.229343 0.37584
-0.376212 0.202641 0.381058 -0.37542 0.228885 0.37593
-0.376231 0.202151 0.381154 -0.375438 0.228427 0.37602
-0.37625 0.201661 0.381251 -0.375457 0.227969 0.376111
-0.37627 0.201171 0.381348 -0.375475 0.227511 0.376201
-0.376289 0.20068 0.381445 -0.375493 0.227053 0.376291
-0.376308 0.20019 0.381541 -0.375511 0.226595 0.376381
-0.376328 0.1997 0.381638 -0.37553 0.226136 0.376472
-0.376347 0.19921 0.381735 -0.375548 0.225677 0.376562
-0.376366 0.19872 0.381832 -0.375566 0.225218 0.376653
-0.376386 0.19823 0.381928 -0.375585 0.224758 0.376743
-0.376405 0.197739 0.382025 -0.375603 0.224298 0.376834
-0.376424 0.197249 0.382122 -0.37564 0.223376 0.377016
-0.376444 0.196759 0.382219 -0.375659 0.222915 0.377106
-0.376463 0.196269 0.382315 -0.375677 0.222454 0.377197
-0.376482 0.195779 0.382412 -0.375696 0.221992 0.377288
-0.376502 0.195288 0.382509 -0.375714 0.22153 0.377379
-0.376521 0.194798 0.382606 -0.375733 0.221067 0.37747
-0.37654 0.194308 0.382702 -0.375752 0.220605 0.377562
-0.37656 0.193818 0.382799 -0.37577 0.220141 0.377653
-0.376579 0.193328 0.382896 -0.375789 0.219678 0.377744
-0.376599 0.192838 0.382993 -0.375808 0.219214 0.377836
-0.376618 0.192347 0.383089 -0.375826 0.21875 0.377927
-0.376637 0.191857 0.383186 -0.375845 0.218285 0.378019
-0.376657 0.191367 0.383283 -0.375864 0.21782 0.37811
-0.376676 0.190877 0.38338 -0.375883 0.217355 0.378202
-0.376695 0.190387 0.383476 -0.375901 0.21689 0.378294
-0.376715 0.189897 0.383573 -0.37592 0.216424 0.378386
-0.376734 0.189406 0.38367 -0.375939 0.215958 0.378477
-0.376753 0.188916 0.383767 -0.375958 0.215491 0.378569
-0.376773 0.188426 0.383863 -0.375977 0.215024 0.378661
-0.376792 0.187936 0.38396 -0.375996 0.214557 0.378753
-0.376811 0.187446 0.384057 -0.376014 0.214089 0.378846
-0.376831 0.186956 0.384153 -0.376033 0.213621 0.378938
-0.37685 0.186465 0.38425 -0.376052 0.213153 0.37903
-0.376869 0.185975 0.384347 -0.376071 0.212684 0.379123
-0.376889 0.185485 0.384444 -0.37609 0.212215 0.379215
-0.376908 0.184995 0.38454 -0.376109 0.211746 0.379307
-0.376927 0.184505 0.384637 -0.376128 0.211276 0.3794
-0.376947 0.184015 0.384734 -0.376147 0.210806 0.379493
-0.376966 0.183524 0.384831 -0.376166 0.210337 0.379585
-0.376985 0.183034 0.384927 -0.376185 0.209867 0.379678
-0.377005 0.182544 0.385024 -0.376204 0.209397 0.37977
-0.377024 0.182054 0.385121 -0.376223 0.208927 0.379863
-0.377044 0.181564 0.385218 -0.376242 0.208457 0.379955
-0.377063 0.181074 0.385314 -0.376261 0.207987 0.380048
-0.377082 0.180583 0.385411 -0.37628 0.207517 0.380141
-0.377102 0.180093 0.385508 -0.376299 0.207047 0.380233
-0.377121 0.179603 0.385605 -0.376318 0.206576 0.380326
-0.37714 0.179113 0.385701 -0.376336 0.206106 0.380419
-0.37716 0.178623 0.385798 -0.376374 0.205164 0.380604
-0.377179 0.178133 0.385895 -0.376393 0.204693 0.380697
-0.377198 0.177642 0.385992 -0.376412 0.204222 0.38079
-0.377218 0.177152 0.386088 -0.376431 0.20375 0.380883
-0.377237 0.176662 0.386185 -0.37645 0.203279 0.380976
-0.377256 0.176172 0.386282 -0.376469 0.202807 0.381069
-0.377276 0.175682 0.386379 -0.376488 0.202334 0.381162
-0.377295 0.175192 0.386475 -0.376507 0.201862 0.381255
-0.377314 0.174701 0.386572 -0.376526 0.201389 0.381348
-0.377334 0.174211 0.386669 -0.376545 0.200917 0.381441
-0.377353 0.173721 0.386766 -0.376564 0.200444 0.381534
-0.377372 0.173231 0.386862 -0.376583 0.19997 0.381628
-0.377392 0.172741 0.386959 -0.376602 0.199497 0.381721
-0.377411 0.172251 0.387056 -0.376621 0.199023 0.381814
-0.377431 0.17176 0.387153 -0.37664 0.19855 0.381907
-0.37745 0.17127 0.387249 -0.376659 0.198076 0.382001
-0.377469 0.17078 0.387346 -0.376678 0.197601 0.382094
-0.377489 0.17029 0.387443 -0.376697 0.197127 0.382188
-0.377508 0.1698 0.38754 -0.376716 0.196652 0.382281
-0.377527 0.16931 0.387636 -0.376735 0.196178 0.382375
-0.377547 0.168819 0.387733 -0.376754 0.195703 0.382468
-0.377566 0.168329 0.38783 -0.376773 0.195228 0.382562
-0.377585 0.167839 0.387927 -0.376792 0.194753 0.382655
-0.377605 0.167349 0.388023 -0.376811 0.194279 0.382749
-0.377624 0.166859 0.38812 -0.37683 0.193804 0.382842
-0.377643 0.166368 0.388217 -0.376849 0.19333 0.382936
-0.377663 0.165878 0.388313 -0.376868 0.192856 0.383029
-0.377682 0.165388 0.38841 -0.376887 0.192382 0.383122
-0.377701 0.164898 0.388507 -0.376906 0.191908 0.383216
-0.377721 0.164408 0.388604 -0.376924 0.191434 0.383309
-0.37774 0.163918 0.3887 -0.376943 0.19096 0.383402
-0.377759 0.163427 0.388797 -0.376962 0.190486 0.383496
-0.377779 0.162937 0.388894 -0.376981 0.190012 0.383589
-0.377798 0.162447 0.388991 -0.377 0.189538 0.383683
-0.377817 0.161957 0.389087 -0.377019 0.189063 0.383776
-0.377837 0.161467 0.389184 -0.377037 0.188589 0.383869
-0.377856 0.160977 0.389281 -0.377056 0.188115 0.383963
-0.377876 0.160486 0.389378 -0.377075 0.187641 0.384056
-0.377895 0.159996 0.389474 -0.377094 0.187166 0.38415
-0.377914 0.159506 0.389571 -0.377113 0.186692 0.384243
-0.377934 0.159016 0.389668 -0.377132 0.186217 0.384336
-0.377953 0.158526 0.389765 -0.377169 0.185267 0.384524
-0.377972 0.158036 0.389861 -0.377188 0.184792 0.384617
-0.377992 0.157545 0.389958 -0.377226 0.183841 0.384804
-0.378011 0.157055 0.390055 -0.377264 0.182889 0.384992
-0.37803 0.156565 0.390152 -0.377283 0.182413 0.385086
-0.37805 0.156075 0.390248 -0.377302 0.181937 0.385179
-0.378069 0.155585 0.390345 -0.377321 0.181461 0.385273
-0.378088 0.155095 0.390442 -0.37734 0.180985 0.385367
-0.378108 0.154604 0.390539 -0.377359 0.18051 0.38546
-0.378127 0.154114 0.390635 -0.377377 0.180036 0.385554
-0.378146 0.153624 0.390732 -0.377396 0.179563 0.385647
-0.378166 0.153134 0.390829 -0.377414 0.17909 0.38574
-0.378185 0.152644 0.390926 -0.377433 0.178618 0.385833
-0.378204 0.152154 0.391022 -0.377451 0.178147 0.385926
-0.378224 0.151663 0.391119 -0.37747 0.177676 0.386018
-0.378243 0.151173 0.391216 -0.377488 0.177206 0.386111
-0.378263 0.150683 0.391313 -0.377506 0.176736 0.386203
-0.378282 0.150193 0.391409 -0.377525 0.176266 0.386296
-0.378301 0.149703 0.391506 -0.377543 0.175797 0.386388
-0.378321 0.149213 0.391603 -0.377561 0.175329 0.38648
-0.37834 0.148722 0.3917 -0.377579 0.174861 0.386572
-0.378359 0.148232 0.391796 -0.377597 0.174394 0.386664
-0.378379 0.147742 0.391893 -0.377615 0.173927 0.386756
-0.378398 0.147252 0.39199 -0.377633 0.173461 0.386848
-0.378417 0.146762 0.392087 -0.377651 0.172996 0.38694
-0.378437 0.146272 0.392183 -0.377669 0.172531 0.387031
-0.378456 0.145781 0.39228 -0.377687 0.172067 0.387122
-0.378475 0.145291 0.392377 -0.377705 0.171602 0.387214
-0.378495 0.144801 0.392473 -0.377759 0.170212 0.387488
-0.378514 0.144311 0.39257 -0.377777 0.169749 0.387579
-0.378533 0.143821 0.392667 -0.377794 0.169287 0.38767
-0.378553 0.143331 0.392764 -0.377812 0.168825 0.38776
-0.378572 0.14284 0.39286 -0.37783 0.168364 0.387851
-0.378591 0.14235 0.392957 -0.377847 0.167904 0.387942
-0.378611 0.14186 0.393054 -0.377865 0.167445 0.388032
-0.37863 0.14137 0.393151 -0.377882 0.166986 0.388122
-0.378649 0.14088 0.393247 -0.3779 0.166529 0.388212
-0.378669 0.14039 0.393344 -0.377917 0.166072 0.388302
-0.378688 0.139899 0.393441 -0.377935 0.165616 0.388392
-0.378708 0.139409 0.393538 -0.377952 0.16516 0.388482
-0.378727 0.138919 0.393634 -0.377969 0.164705 0.388571
-0.378746 0.138429 0.393731 -0.377987 0.16425 0.388661
-0.378766 0.137939 0.393828 -0.378004 0.163796 0.38875
-0.378785 0.137448 0.393925 -0.378021 0.163341 0.38884
-0.378804 0.136958 0.394021 -0.378039 0.162887 0.388929
-0.378824 0.136468 0.394118 -0.378056 0.162434 0.389018
-0.378843 0.135978 0.394215 -0.378073 0.16198 0.389108
-0.378862 0.135488 0.394312 -0.378091 0.161526 0.389197
-0.378882 0.134998 0.394408 -0.378126 0.160619 0.389376
-0.378901 0.134507 0.394505 -0.378143 0.160165 0.389465
-0.37892 0.134017 0.394602 -0.37816 0.159711 0.389554
-0.37894 0.133527 0.394699 -0.378178 0.159257 0.389644
-0.378959 0.133037 0.394795 -0.378196 0.158803 0.389733
-0.378978 0.132547 0.394892 -0.378213 0.158348 0.389823
-0.378998 0.132057 0.394989 -0.378231 0.157894 0.389912
-0.379017 0.131566 0.395086 -0.378249 0.157439 0.390002
-0.379036 0.131076 0.395182 -0.378266 0.156984 0.390091
-0.379056 0.130586 0.395279 -0.378284 0.156528 0.390181
-0.379075 0.130096 0.395376 -0.378302 0.156073 0.390271
-0.379095 0.129606 0.395473 -0.37832 0.155616 0.390361
-0.379114 0.129116 0.395569 -0.378338 0.15516 0.390451
-0.379133 0.128625 0.395666 -0.378356 0.154703 0.390541
-0.379153 0.128135 0.395763 -0.378374 0.154246 0.390631
-0.379172 0.127645 0.39586 -0.378392 0.153788 0.390721
-0.379191 0.127155 0.395956 -0.37841 0.15333 0.390811
-0.379211 0.126665 0.396053 -0.378428 0.152871 0.390901
-0.37923 0.126175 0.39615 -0.378446 0.152412 0.390992
-0.379249 0.125684 0.396246 -0.378464 0.151953 0.391082
-0.379269 0.125194 0.396343 -0.378483 0.151494 0.391173
-0.379288 0.124704 0.39644 -0.378501 0.151034 0.391263
-0.379307 0.124214 0.396537 -0.378519 0.150574 0.391354
-0.379327 0.123724 0.396633 -0.378537 0.150113 0.391445
-0.379346 0.123234 0.39673 -0.378593 0.148731 0.391717
-0.379365 0.122743 0.396827 -0.378611 0.14827 0.391808
-0.379385 0.122253 0.396924 -0.378629 0.147809 0.391899
-0.379404 0.121763 0.39702 -0.378648 0.147348 0.391989
-0.379423 0.121273 0.397117 -0.378666 0.146887 0.39208
-0.379443 0.120783 0.397214 -0.378684 0.146425 0.392171
-0.379462 0.120293 0.397311 -0.378703 0.145964 0.392262
-0.379481 0.119802 0.397407 -0.378721 0.145503 0.392353
-0.379501 0.119312 0.397504 -0.378739 0.145043 0.392444
-0.37952 0.118822 0.397601 -0.378758 0.144583 0.392534
-0.37954 0.118332 0.397698 -0.378776 0.144124 0.392625
-0.379559 0.117842 0.397794 -0.378794 0.143664 0.392715
-0.379578 0.117352 0.397891 -0.378812 0.143205 0.392806
-0.379598 0.116861 0.397988 -0.37883 0.142746 0.392896
-0.379617 0.116371 0.398085 -0.378849 0.142287 0.392987
-0.379636 0.115881 0.398181 -0.378867 0.141828 0.393077
-0.379656 0.115391 0.398278 -0.378885 0.141369 0.393167
-0.379675 0.114901 0.398375 -0.378903 0.140911 0.393258
-0.379694 0.114411 0.398472 -0.378921 0.140452 0.393348
-0.379714 0.11392 0.398568 -0.378939 0.139994 0.393438
-0.379733 0.11343 0.398665 -0.378975 0.139079 0.393619
-0.379752 0.11294 0.398762 -0.378993 0.138621 0.393709
-0.379772 0.11245 0.398859 -0.379011 0.138164 0.393799
-0.379791 0.11196 0.398955 -0.379029 0.137706 0.393889
-0.37981 0.111469 0.399052 -0.379047 0.137249 0.393979
-0.37983 0.110979 0.399149 -0.379065 0.136791 0.394069
-0.379849 0.110489 0.399246 -0.379083 0.136334 0.394159
-0.379868 0.109999 0.399342 -0.379101 0.135876 0.39425
-0.379888 0.109509 0.399439 -0.379119 0.135418 0.39434
-0.379907 0.109019 0.399536 -0.379137 0.13496 0.39443
-0.379927 0.108528 0.399633 -0.379156 0.134502 0.39452
-0.379946 0.108038 0.399729 -0.379174 0.134044 0.394611
-0.379965 0.107548 0.399826 -0.379192 0.133585 0.394701
-0.379985 0.107058 0.399923 -0.37921 0.133127 0.394791
-0.380004 0.106568 0.40002 -0.379228 0.132668 0.394882
-0.380023 0.106078 0.400116 -0.379246 0.132209 0.394972
-0.380043 0.105587 0.400213 -0.379265 0.131749 0.395063
-0.380062 0.105097 0.40031 -0.379283 0.131289 0.395153
-0.380081 0.104607 0.400406 -0.379301 0.130829 0.395244
-0.380101 0.104117 0.400503 -0.37932 0.130369 0.395335
-0.38012 0.103627 0.4006 -0.379338 0.129908 0.395426
-0.380139 0.103137 0.400697 -0.379356 0.129448 0.395516
-0.380159 0.102646 0.400793 -0.379375 0.128986 0.395607
-0.380178 0.102156 0.40089 -0.379393 0.128525 0.395698
-0.380197 0.101666 0.400987 -0.379411 0.128064 0.395789
-0.380217 0.101176 0.401084 -0.37943 0.127602 0.39588
-0.380236 0.100686 0.40118 -0.379448 0.12714 0.395971
-0.380255 0.100196 0.401277 -0.379467 0.126677 0.396062
-0.380275 0.0997054 0.401374 -0.379485 0.126214 0.396154
-0.380294 0.0992153 0.401471 -0.379504 0.125751 0.396245
-0.380313 0.0987251 0.401567 -0.379522 0.125288 0.396336
-0.380333 0.0982349 0.401664 -0.379541 0.124824 0.396427
-0.380352 0.0977447 0.401761 -0.379559 0.124361 0.396519
-0.380372 0.0972546 0.401858 -0.379578 0.123897 0.39661
-0.380391 0.0967644 0.401954 -0.379597 0.123434 0.396702
-0.38041 0.0962742 0.402051 -0.379615 0.12297 0.396793
-0.38043 0.0957841 0.402148 -0.379634 0.122506 0.396884
-0.380449 0.0952939 0.402245 -0.379652 0.122042 0.396976
-0.380468 0.0948037 0.402341 -0.379671 0.121577 0.397067
-0.380488 0.0943136 0.402438 -0.379708 0.120648 0.397251
-0.380507 0.0938234 0.402535 -0.379727 0.120183 0.397342
-0.380526 0.0933332 0.402632 -0.379745 0.119718 0.397434
-0.380546 0.0928431 0.402728 -0.379764 0.119252 0.397526
-0.380565 0.0923529 0.402825 -0.379782 0.118786 0.397617
-0.380584 0.0918627 0.402922 -0.379801 0.11832 0.397709
-0.380604 0.0913725 0.403019 -0.37982 0.117854 0.397801
-0.380623 0.0908824 0.403115 -0.379839 0.117387 0.397893
-0.380642 0.0903922 0.403212 -0.379857 0.11692 0.397985
-0.380662 0.089902 0.403309 -0.379876 0.116453 0.398077
-0.380681 0.0894119 0.403406 -0.379895 0.115985 0.39817
-0.3807 0.0889217 0.403502 -0.379914 0.115517 0.398262
-0.38072 0.0884315 0.403599 -0.379932 0.115049 0.398354
-0.380739 0.0879414 0.403696 -0.379951 0.114581 0.398446
-0.380759 0.0874512 0.403793 -0.37997 0.114112 0.398539
-0.380778 0.086961 0.403889 -0.379989 0.113643 0.398631
-0.380797 0.0864708 0.403986 -0.380008 0.113173 0.398724
-0.380817 0.0859807 0.404083 -0.380027 0.112704 0.398816
-0.380836 0.0854905 0.40418 -0.380045 0.112235 0.398909
-0.380855 0.0850003 0.404276 -0.380064 0.111766 0.399001
-0.380875 0.0845102 0.404373 -0.380083 0.111297 0.399094
-0.380894 0.08402 0.40447 -0.380102 0.110828 0.399186
-0.380913 0.0835298 0.404566 -0.380121 0.110358 0.399279
-0.380933 0.0830397 0.404663 -0.380139 0.109889 0.399371
-0.380952 0.0825495 0.40476 -0.380158 0.10942 0.399464
-0.380971 0.0820593 0.404857 -0.380177 0.10895 0.399556
-0.380991 0.0815692 0.404953 -0.380196 0.10848 0.399649
-0.38101 0.081079 0.40505 -0.380215 0.108009 0.399742
-0.381029 0.0805888 0.405147 -0.380252 0.107067 0.399927
-0.381049 0.0800986 0.405244 -0.380271 0.106596 0.40002
-0.381068 0.0796085 0.40534 -0.38029 0.106125 0.400113
-0.381087 0.0791183 0.405437 -0.380309 0.105653 0.400206
-0.381107 0.0786281 0.405534 -0.380328 0.105182 0.400299
-0.381126 0.078138 0.405631 -0.380347 0.10471 0.400392
-0.381145 0.0776478 0.405727 -0.380365 0.104238 0.400485
-0.381165 0.0771576 0.405824 -0.380384 0.103766 0.400578
-0.381184 0.0766675 0.405921 -0.380403 0.103294 0.400671
-0.381204 0.0761773 0.406018 -0.380422 0.102822 0.400764
-0.381223 0.0756871 0.406114 -0.380441 0.10235 0.400857
-0.381242 0.0751969 0.406211 -0.38046 0.101878 0.40095
-0.381262 0.0747068 0.406308 -0.380479 0.101405 0.401043
-0.381281 0.0742166 0.406405 -0.380498 0.100933 0.401137
-0.3813 0.0737264 0.406501 -0.380516 0.100461 0.40123
-0.38132 0.0732363 0.406598 -0.380535 0.0999883 0.401323
-0.381339 0.0727461 0.406695 -0.380554 0.0995157 0.401416
-0.381358 0.0722559 0.406792 -0.380573 0.099043 0.401509
-0.381378 0.0717658 0.406888 -0.380592 0.0985703 0.401602
-0.381397 0.0712756 0.406985 -0.380611 0.0980975 0.401696
-0.381416 0.0707854 0.407082 -0.380629 0.0976248 0.401789
-0.381436 0.0702953 0.407179 -0.380648 0.0971523 0.401882
-0.381455 0.0698051 0.407275 -0.380667 0.09668 0.401975
-0.381474 0.0693149 0.407372 -0.380686 0.0962078 0.402068
-0.381494 0.0688247 0.407469 -0.380704 0.0957358 0.402161
-0.381513 0.0683346 0.407566 -0.380723 0.0952639 0.402254
-0.381532 0.0678444 0.407662 -0.380742 0.094792 0.402347
-0.381552 0.0673542 0.407759 -0.38076 0.0943202 0.40244
-0.381571 0.0668641 0.407856 -0.380779 0.0938484 0.402533
-0.381591 0.0663739 0.407953 -0.380798 0.0933767 0.402626
-0.38161 0.0658837 0.408049 -0.380835 0.092433 0.402812
-0.381629 0.0653936 0.408146 -0.380854 0.0919612 0.402905
-0.381649 0.0649034 0.408243 -0.380872 0.0914892 0.402998
-0.381668 0.0644132 0.408339 -0.380891 0.0910171 0.403092
-0.381687 0.063923 0.408436 -0.38091 0.0905451 0.403185
-0.381707 0.0634329 0.408533 -0.380928 0.0900732 0.403278
-0.381726 0.0629427 0.40863 -0.380947 0.0896017 0.403371
-0.381745 0.0624525 0.408726 -0.380965 0.0891305 0.403463
-0.381765 0.0619624 0.408823 -0.380984 0.0886596 0.403556
-0.381784 0.0614722 0.40892 -0.381003 0.0881887 0.403649
-0.381803 0.060982 0.409017 -0.381021 0.0877179 0.403742
-0.381823 0.0604919 0.409113 -0.38104 0.087247 0.403835
-0.381842 0.0600017 0.40921 -0.381058 0.086776 0.403928
-0.381861 0.0595115 0.409307 -0.381077 0.086305 0.404021
-0.381881 0.0590213 0.409404 -0.381095 0.0858342 0.404113
-0.3819 0.0585312 0.4095 -0.381114 0.0853635 0.404206
-0.381919 0.058041 0.409597 -0.381151 0.0844226 0.404392
-0.381939 0.0575508 0.409694 -0.381169 0.0839521 0.404485
-0.381958 0.0570607 0.409791 -0.381188 0.0834816 0.404577
-0.381977 0.0565705 0.409887 -0.381206 0.0830112 0.40467
-0.381997 0.0560803 0.409984 -0.381225 0.0825407 0.404763
-0.382016 0.0555902 0.410081 -0.381243 0.0820703 0.404856
-0.382036 0.0551 0.410178 -0.381262 0.0815999 0.404948
-0.382055 0.0546098 0.410274 -0.38128 0.0811296 0.405041
-0.382074 0.0541197 0.410371 -0.381299 0.0806593 0.405134
-0.382094 0.0536295 0.410468 -0.381317 0.0801889 0.405227
-0.382113 0.0531393 0.410565 -0.381336 0.0797185 0.405319
-0.382132 0.0526491 0.410661 -0.381354 0.079248 0.405412
-0.382152 0.052159 0.410758 -0.381373 0.0787775 0.405505
-0.382171 0.0516688 0.410855 -0.381391 0.078307 0.405598
-0.38219 0.0511786 0.410952 -0.38141 0.0778363 0.405691
-0.38221 0.0506885 0.411048 -0.381428 0.0773656 0.405783
-0.382229 0.0501983 0.411145 -0.381447 0.0768948 0.405876
-0.382248 0.0497081 0.411242 -0.381465 0.0764238 0.405969
-0.382268 0.049218 0.411339 -0.381484 0.0759526 0.406062
-0.382287 0.0487278 0.411435 -0.381503 0.0754812 0.406155
-0.382306 0.0482376 0.411532 -0.381521 0.0750096 0.406248
-0.382326 0.0477474 0.411629 -0.38154 0.0745378 0.406341
-0.382345 0.0472573 0.411726 -0.381559 0.0740659 0.406434
-0.382364 0.0467671 0.411822 -0.381577 0.0735938 0.406527
-0.382384 0.0462769 0.411919 -0.381596 0.0731215 0.40662
-0.382403 0.0457868 0.412016 -0.381615 0.072649 0.406714
-0.382423 0.0452966 0.412113 -0.381633 0.0721762 0.406807
-0.382442 0.0448064 0.412209 -0.381652 0.0717033 0.4069
-0.382461 0.0443163 0.412306 -0.381671 0.0712303 0.406993
-0.382481 0.0438261 0.412403 -0.38169 0.0707574 0.407087
-0.3825 0.0433359 0.412499 -0.381708 0.0702845 0.40718
-0.382519 0.0428458 0.412596 -0.381727 0.0698117 0.407273
-0.382539 0.0423556 0.412693 -0.381746 0.069339 0.407367
-0.382558 0.0418654 0.41279 -0.381764 0.0688663 0.40746
-0.382577 0.0413752 0.412886 -0.381783 0.0683937 0.407553
-0.382597 0.0408851 0.412983 -0.381802 0.0679211 0.407646
-0.382616 0.0403949 0.41308 -0.38182 0.0674486 0.407739
-0.382635 0.0399047 0.413177 -0.381839 0.066976 0.407833
-0.382655 0.0394146 0.413273 -0.381858 0.0665034 0.407926
-0.382674 0.0389244 0.41337 -0.381876 0.0660307 0.408019
-0.382693 0.0384342 0.413467 -0.381895 0.065558 0.408112
-0.382713 0.0379441 0.413564 -0.381914 0.0650852 0.408206
-0.382732 0.0374539 0.41366 -0.381933 0.0646123 0.408299
-0.382751 0.0369637 0.413757 -0.381951 0.0641393 0.408392
-0.382771 0.0364735 0.413854 -0.38197 0.0636661 0.408486
-0.38279 0.0359834 0.413951 -0.381989 0.0631928 0.408579
-0.382809 0.0354932 0.414047 -0.382007 0.0627193 0.408672
-0.382829 0.035003 0.414144 -0.382045 0.0617717 0.408859
-0.382848 0.0345129 0.414241 -0.382064 0.0612976 0.408953
-0.382868 0.0340227 0.414338 -0.382083 0.0608234 0.409046
-0.382887 0.0335325 0.414434 -0.382101 0.060349 0.40914
-0.382906 0.0330424 0.414531 -0.38212 0.0598744 0.409234
-0.382926 0.0325522 0.414628 -0.382139 0.0593996 0.409327
-0.382945 0.032062 0.414725 -0.382158 0.0589247 0.409421
-0.382964 0.0315719 0.414821 -0.382177 0.0584496 0.409515
-0.382984 0.0310817 0.414918 -0.382196 0.0579743 0.409608
-0.383003 0.0305915 0.415015 -0.382215 0.0574988 0.409702
-0.383022 0.0301013 0.415112 -0.382234 0.0570231 0.409796
-0.383042 0.0296112 0.415208 -0.382252 0.0565472 0.40989
-0.383061 0.029121 0.415305 -0.382271 0.0560711 0.409984
-0.38308 0.0286308 0.415402 -0.38229 0.0555948 0.410078
-0.3831 0.0281407 0.415499 -0.382309 0.0551184 0.410172
-0.383119 0.0276505 0.415595 -0.382328 0.054642 0.410266
-0.383138 0.0271603 0.415692 -0.382347 0.0541657 0.41036
-0.383158 0.0266702 0.415789 -0.382366 0.0536896 0.410454
-0.383177 0.02618 0.415886 -0.382385 0.0532137 0.410548
-0.383196 0.0256898 0.415982 -0.382404 0.0527379 0.410642
-0.383216 0.0251996 0.416079 -0.382423 0.0522621 0.410735
-0.383235 0.0247095 0.416176 -0.382441 0.0517862 0.410829
-0.383255 0.0242193 0.416273 -0.38246 0.0513101 0.410923
-0.383274 0.0237291 0.416369 -0.382479 0.0508338 0.411017
-0.383293 0.023239 0.416466 -0.382498 0.0503573 0.411111
-0.383313 0.0227488 0.416563 -0.382517 0.0498805 0.411205
-0.383332 0.0222586 0.416659 -0.382536 0.0494037 0.411299
-0.383351 0.0217685 0.416756 -0.382555 0.0489267 0.411394
-0.383371 0.0212783 0.416853 -0.382574 0.0484496 0.411488
-0.38339 0.0207881 0.41695 -0.382593 0.0479725 0.411582
-0.383409 0.020298 0.417046 -0.382612 0.0474955 0.411676
-0.383429 0.0198078 0.417143 -0.382631 0.0470187 0.41177
-0.383448 0.0193176 0.41724 -0.382649 0.0465422 0.411864
-0.383467 0.0188274 0.417337 -0.382687 0.0455907 0.412052
-0.383487 0.0183373 0.417433 -0.382706 0.0451157 0.412146
-0.383506 0.0178471 0.41753 -0.382724 0.0446408 0.412239
-0.383525 0.0173569 0.417627 -0.382743 0.0441659 0.412333
-0.383545 0.0168668 0.417724 -0.382762 0.0436909 0.412427
-0.383564 0.0163766 0.41782 -0.38278 0.0432157 0.412521
-0.383583 0.0158864 0.417917 -0.382799 0.0427404 0.412614
-0.383603 0.0153963 0.418014 -0.382818 0.0422649 0.412708
-0.383622 0.0149061 0.418111 -0.382837 0.0417892 0.412802
-0.383641 0.0144159 0.418207 -0.382855 0.0413135 0.412896
-0.383661 0.0139257 0.418304 -0.382874 0.0408375 0.41299
-0.38368 0.0134356 0.418401 -0.382893 0.0403614 0.413084
-0.3837 0.0129454 0.418498 -0.382912 0.0398852 0.413178
-0.383719 0.0124552 0.418594 -0.382931 0.039409 0.413272
-0.383738 0.0119651 0.418691 -0.382949 0.0389328 0.413366
-0.383758 0.0114749 0.418788 -0.382968 0.0384569 0.41346
-0.383777 0.0109847 0.418885 -0.382987 0.0379812 0.413554
-0.383796 0.0104946 0.418981 -0.383006 0.0375058 0.413648
-0.383816 0.0100044 0.419078 -0.383024 0.0370303 0.413741
-0.383835 0.00951422 0.419175 -0.383043 0.0365547 0.413835
-0.383854 0.00902405 0.419272 -0.383062 0.0360788 0.413929
-0.383874 0.00853388 0.419368 -0.383081 0.0356028 0.414023
-0.383893 0.00804371 0.419465 -0.383099 0.0351266 0.414117
-0.383912 0.00755354 0.419562 -0.383118 0.0346502 0.414211
-0.383932 0.00706337 0.419659 -0.383137 0.0341739 0.414305
-0.383951 0.0065732 0.419755 -0.383156 0.0336974 0.414399
-0.38397 0.00608303 0.419852 -0.383175 0.0332207 0.414493
-0.38399 0.00559286 0.419949 -0.383194 0.0327438 0.414588
-0.384009 0.0051027 0.420046 -0.383212 0.0322665 0.414682
-0.384028 0.00461253 0.420142 -0.383231 0.0317891 0.414776
-0.384048 0.00412236 0.420239 -0.38325 0.0313116 0.41487
-0.384067 0.00363219 0.420336 -0.383269 0.0308342 0.414964
-0.384086 0.00314202 0.420432 -0.383288 0.0303571 0.415059
-0.384106 0.00265185 0.420529 -0.383307 0.02988 0.415153
-0.384125 0.00216168 0.420626 -0.383326 0.0294031 0.415247
-0.384145 0.00167151 0.420723 -0.383363 0.0284495 0.415435
-0.384164 0.00118134 0.420819 -0.383382 0.0279727 0.415529
-0.384183 0.000691169 0.420916 -0.383401 0.027496 0.415624
-0.384203 0.000200999 0.421013 -0.38342 0.0270192 0.415718
-0.384222 -0.00028917 0.42111 -0.383438 0.0265424 0.415812
-0.384241 -0.00077934 0.421206 -0.383457 0.0260656 0.415906
-0.384261 -0.00126951 0.421303 -0.383476 0.0255888 0.416
-0.38428 -0.00175968 0.4214 -0.383495 0.0251118 0.416094
-0.384299 -0.00224985 0.421497 -0.383514 0.0246347 0.416188
-0.384319 -0.00274002 0.421593 -0.383532 0.0241576 0.416283
-0.384338 -0.00323019 0.42169 -0.383551 0.0236805 0.416377
-0.384357 -0.00372036 0.421787 -0.38357 0.0232035 0.416471
-0.384377 -0.00421053 0.421884 -0.383589 0.0227267 0.416565
-0.384396 -0.0047007 0.42198 -0.383608 0.0222499 0.416659
-0.384415 -0.00519087 0.422077 -0.383626 0.0217731 0.416753
-0.384435 -0.00568104 0.422174 -0.383645 0.0212964 0.416847
-0.384454 -0.00617121 0.422271 -0.383664 0.0208197 0.416942
-0.384473 -0.00666137 0.422367 -0.383683 0.0203431 0.417036
-0.384493 -0.00715154 0.422464 -0.38372 0.0193904 0.417224
-0.384512 -0.00764171 0.422561 -0.383739 0.0189144 0.417318
-0.384532 -0.00813188 0.422658 -0.383758 0.0184387 0.417412
-0.384551 -0.00862205 0.422754 -0.383776 0.0179632 0.417506
-0.38457 -0.00911222 0.422851 -0.383795 0.0174879 0.417599
-0.38459 -0.00960239 0.422948 -0.383814 0.0170128 0.417693
-0.384609 -0.0100926 0.423045 -0.383832 0.0165379 0.417787
-0.384628 -0.0105827 0.423141 -0.383851 0.0160633 0.417881
-0.384648 -0.0110729 0.423238 -0.383869 0.0155891 0.417974
-0.384667 -0.0115631 0.423335 -0.383888 0.0151154 0.418068
-0.384686 -0.0120532 0.423432 -0.383906 0.0146421 0.418161
-0.384706 -0.0125434 0.423528 -0.383925 0.0141693 0.418255
-0.384725 -0.0130336 0.423625 -0.383943 0.0136969 0.418348
-0.384744 -0.0135237 0.423722 -0.383961 0.0132249 0.418441
-0.384764 -0.0140139 0.423819 -0.38398 0.0127533 0.418534
-0.384783 -0.0145041 0.423915 -0.383998 0.012282 0.418628
-0.384802 -0.0149943 0.424012 -0.384016 0.011811 0.418721
-0.384822 -0.0154844 0.424109 -0.384034 0.0113402 0.418814
-0.384841 -0.0159746 0.424206 -0.384053 0.0108697 0.418906
-0.38486 -0.0164648 0.424302 -0.384089 0.00992899 0.419092
-0.38488 -0.0169549 0.424399 -0.384107 0.00945882 0.419185
-0.384899 -0.0174451 0.424496 -0.384126 0.00898872 0.419278
-0.384918 -0.0179353 0.424592 -0.384144 0.00851868 0.419371
-0.384938 -0.0184254 0.424689 -0.384162 0.00804867 0.419464
-0.384957 -0.0189156 0.424786 -0.384181 0.00757866 0.419556
-0.384977 -0.0194058 0.424883 -0.384199 0.00710863 0.419649
-0.384996 -0.019896 0.424979 -0.384217 0.00663855 0.419742
-0.385015 -0.0203861 0.425076 -0.384235 0.0061684 0.419835
-0.385035 -0.0208763 0.425173 -0.384254 0.00569815 0.419928
-0.385054 -0.0213665 0.42527 -0.384272 0.00522783 0.420021
-0.385073 -0.0218566 0.425366 -0.38429 0.00475747 0.420114
-0.385093 -0.0223468 0.425463 -0.384309 0.0042871 0.420207
-0.385112 -0.022837 0.42556 -0.384327 0.00381675 0.420299
-0.385131 -0.0233271 0.425657 -0.384346 0.00334649 0.420392
-0.385151 -0.0238173 0.425753 -0.384364 0.00287638 0.420485
-0.38517 -0.0243075 0.42585 -0.384382 0.00240648 0.420578
-0.385189 -0.0247976 0.425947 -0.384401 0.00193685 0.420671
-0.385209 -0.0252878 0.426044 -0.384419 0.00146742 0.420764
-0.385228 -0.025778 0.42614 -0.384437 0.000998149 0.420856
-0.385247 -0.0262682 0.426237 -0.384456 0.00052897 0.420949
-0.385267 -0.0267583 0.426334 -0.384474 5.98342e-05 0.421042
-0.385286 -0.0272485 0.426431 -0.384492 -0.000409345 0.421134
-0.385305 -0.0277387 0.426527 -0.384511 -0.000878649 0.421227
-0.385325 -0.0282288 0.426624 -0.384529 -0.00134815 0.42132
-0.385344 -0.028719 0.426721 -0.384547 -0.00181793 0.421413
-0.385364 -0.0292092 0.426818 -0.384566 -0.0022879 0.421505
-0.385383 -0.0296993 0.426914 -0.384584 -0.00275799 0.421598
-0.385402 -0.0301895 0.427011 -0.384603 -0.00322814 0.421691
-0.385422 -0.0306797 0.427108 -0.384621 -0.00369827 0.421784
-0.385441 -0.0311699 0.427205 -0.38464 -0.00416827 0.421877
-0.38546 -0.03166 0.427301 -0.384676 -0.00510742 0.422062
-0.38548 -0.0321502 0.427398 -0.384695 -0.00557636 0.422155
-0.385499 -0.0326404 0.427495 -0.384713 -0.00604504 0.422248
-0.385518 -0.0331305 0.427592 -0.384731 -0.00651363 0.42234
-0.385538 -0.0336207 0.427688 -0.38475 -0.00698232 0.422433
-0.385557 -0.0341109 0.427785 -0.384768 -0.00745125 0.422525
-0.385576 -0.034601 0.427882 -0.384786 -0.00792044 0.422618
-0.385596 -0.0350912 0.427979 -0.384805 -0.0083899 0.422711
-0.385615 -0.0355814 0.428075 -0.384823 -0.00885962 0.422804
-0.385634 -0.0360715 0.428172 -0.384842 -0.00932961 0.422897
-0.385654 -0.0365617 0.428269 -0.38486 -0.00979985 0.422989
-0.385673 -0.0370519 0.428366 -0.384879 -0.0102703 0.423082
-0.385692 -0.0375421 0.428462 -0.384897 -0.010741 0.423175
-0.385712 -0.0380322 0.428559 -0.384935 -0.0116829 0.423361
-0.385731 -0.0385224 0.428656 -0.384953 -0.0121539 0.423455
-0.38575 -0.0390126 0.428752 -0.384972 -0.0126248 0.423548
-0.38577 -0.0395027 0.428849 -0.38499 -0.0130956 0.423641
-0.385789 -0.0399929 0.428946 -0.385009 -0.0135662 0.423734
-0.385809 -0.0404831 0.429043 -0.385027 -0.0140367 0.423827
-0.385828 -0.0409732 0.429139 -0.385046 -0.0145071 0.423919
-0.385847 -0.0414634 0.429236 -0.385065 -0.0149774 0.424012
-0.385867 -0.0419536 0.429333 -0.385083 -0.0154477 0.424105
-0.385886 -0.0424438 0.42943 -0.385102 -0.0159179 0.424198
-0.385905 -0.0429339 0.429526 -0.38512 -0.0163881 0.424291
-0.385925 -0.0434241 0.429623 -0.385139 -0.0168582 0.424384
-0.385944 -0.0439143 0.42972 -0.385157 -0.0173283 0.424477
-0.385963 -0.0444044 0.429817 -0.385176 -0.0177984 0.42457
-0.385983 -0.0448946 0.429913 -0.385194 -0.0182685 0.424663
-0.386002 -0.0453848 0.43001 -0.385213 -0.0187387 0.424756
-0.386021 -0.0458749 0.430107 -0.385231 -0.0192087 0.424848
-0.386041 -0.0463651 0.430204 -0.385249 -0.0196783 0.424941
-0.38606 -0.0468553 0.4303 -0.385268 -0.0201472 0.425034
-0.386079 -0.0473455 0.430397 -0.385286 -0.0206153 0.425126
-0.386099 -0.0478356 0.430494 -0.385304 -0.0210828 0.425219
-0.386118 -0.0483258 0.430591 -0.385323 -0.0215499 0.425311
-0.386137 -0.048816 0.430687 -0.385341 -0.0220168 0.425403
-0.386157 -0.0493061 0.430784 -0.385359 -0.0224837 0.425496
-0.386176 -0.0497963 0.430881 -0.385377 -0.0229505 0.425588
-0.386196 -0.0502865 0.430978 -0.385395 -0.0234174 0.42568
-0.386215 -0.0507766 0.431074 -0.385414 -0.0238844 0.425772
-0.386234 -0.0512668 0.431171 -0.385432 -0.0243515 0.425865
-0.386254 -0.051757 0.431268 -0.38545 -0.0248186 0.425957
-0.386273 -0.0522471 0.431365 -0.385468 -0.0252859 0.426049
-0.386292 -0.0527373 0.431461 -0.385487 -0.0257534 0.426142
-0.386312 -0.0532275 0.431558 -0.385523 -0.0266889 0.426327
-0.386331 -0.0537177 0.431655 -0.385542 -0.0271569 0.426419
-0.38635 -0.0542078 0.431752 -0.38556 -0.0276251 0.426512
-0.38637 -0.054698 0.431848 -0.385579 -0.0280935 0.426604
-0.386389 -0.0551882 0.431945 -0.385597 -0.0285622 0.426697
-0.386408 -0.0556783 0.432042 -0.385616 -0.0290311 0.42679
-0.386428 -0.0561685 0.432139 -0.385634 -0.0295003 0.426882
-0.386447 -0.0566587 0.432235 -0.385653 -0.0299698 0.426975
-0.386466 -0.0571488 0.432332 -0.385671 -0.0304396 0.427068
-0.386486 -0.057639 0.432429 -0.38569 -0.0309097 0.427161
-0.386505 -0.0581292 0.432525 -0.385708 -0.03138 0.427254
-0.386524 -0.0586194 0.432622 -0.385727 -0.0318506 0.427347
-0.386544 -0.0591095 0.432719 -0.385746 -0.0323214 0.42744
-0.386563 -0.0595997 0.432816 -0.385764 -0.0327924 0.427533
-0.386582 -0.0600899 0.432912 -0.385783 -0.0332637 0.427626
-0.386602 -0.06058 0.433009 -0.385802 -0.0337351 0.427719
-0.386621 -0.0610702 0.433106 -0.38582 -0.0342067 0.427813
-0.386641 -0.0615604 0.433203 -0.385839 -0.0346783 0.427906
-0.38666 -0.0620505 0.433299 -0.385858 -0.0351498 0.427999
-0.386679 -0.0625407 0.433396 -0.385876 -0.0356212 0.428092
-0.386699 -0.0630309 0.433493 -0.385895 -0.0360927 0.428185
-0.386718 -0.063521 0.43359 -0.385914 -0.0365642 0.428279
-0.386737 -0.0640112 0.433686 -0.385932 -0.0370359 0.428372
-0.386757 -0.0645014 0.433783 -0.385951 -0.037508 0.428465
-0.386776 -0.0649916 0.43388 -0.38597 -0.0379803 0.428558
-0.386795 -0.0654817 0.433977 -0.385988 -0.0384527 0.428652
-0.386815 -0.0659719 0.434073 -0.386007 -0.0389252 0.428745
-0.386834 -0.0664621 0.43417 -0.386026 -0.0393975 0.428839
-0.386853 -0.0669522 0.434267 -0.386045 -0.0398699 0.428932
-0.386873 -0.0674424 0.434364 -0.386063 -0.0403422 0.429025
-0.386892 -0.0679326 0.43446 -0.386082 -0.0408145 0.429119
-0.386911 -0.0684227 0.434557 -0.386101 -0.0412869 0.429212
-0.386931 -0.0689129 0.434654 -0.386119 -0.0417593 0.429305
-0.38695 -0.0694031 0.434751 -0.386157 -0.0427042 0.429492
-0.386969 -0.0698933 0.434847 -0.386175 -0.0431769 0.429586
-0.386989 -0.0703834 0.434944 -0.386194 -0.0436496 0.429679
-0.387008 -0.0708736 0.435041 -0.386213 -0.0441224 0.429773
-0.387028 -0.0713638 0.435138 -0.386231 -0.0445954 0.429866
-0.387047 -0.0718539 0.435234 -0.38625 -0.0450685 0.42996
-0.387066 -0.0723441 0.435331 -0.386269 -0.0455417 0.430053
-0.387086 -0.0728343 0.435428 -0.386288 -0.0460151 0.430147
-0.387105 -0.0733244 0.435525 -0.386306 -0.0464887 0.43024
-0.387124 -0.0738146 0.435621 -0.386325 -0.0469624 0.430334
-0.387144 -0.0743048 0.435718 -0.386344 -0.0474362 0.430428
-0.387163 -0.0747949 0.435815 -0.386363 -0.04791 0.430521
-0.387182 -0.0752851 0.435912 -0.386381 -0.0483837 0.430615
-0.387202 -0.0757753 0.436008 -0.3864 -0.0488572 0.430709
-0.387221 -0.0762655 0.436105 -0.386419 -0.0493307 0.430802
-0.38724 -0.0767556 0.436202 -0.386437 -0.0498041 0.430896
-0.38726 -0.0772458 0.436299 -0.386456 -0.0502776 0.430989
-0.387279 -0.077736 0.436395 -0.386475 -0.0507512 0.431083
-0.387298 -0.0782261 0.436492 -0.386494 -0.0512248 0.431177
-0.387318 -0.0787163 0.436589 -0.386512 -0.0516984 0.43127
-0.387337 -0.0792065 0.436685 -0.386531 -0.0521719 0.431364
-0.387356 -0.0796966 0.436782 -0.38655 -0.0526453 0.431458
-0.387376 -0.0801868 0.436879 -0.386568 -0.0531185 0.431551
-0.387395 -0.080677 0.436976 -0.386605 -0.0540648 0.431738
-0.387414 -0.0811672 0.437072 -0.386624 -0.0545378 0.431832
-0.387434 -0.0816573 0.437169 -0.386643 -0.0550108 0.431925
-0.387453 -0.0821475 0.437266 -0.386661 -0.0554838 0.432019
-0.387473 -0.0826377 0.437363 -0.38668 -0.0559568 0.432112
-0.387492 -0.0831278 0.437459 -0.386698 -0.0564298 0.432206
-0.387511 -0.083618 0.437556 -0.386717 -0.0569029 0.432299
-0.387531 -0.0841082 0.437653 -0.386736 -0.057376 0.432393
-0.38755 -0.0845983 0.43775 -0.386754 -0.0578492 0.432486
-0.387569 -0.0850885 0.437846 -0.386773 -0.0583225 0.43258
-0.387589 -0.0855787 0.437943 -0.386792 -0.0587958 0.432674
-0.387608 -0.0860688 0.43804 -0.38681 -0.0592693 0.432767
-0.387627 -0.086559 0.438137 -0.386829 -0.0597429 0.432861
-0.387647 -0.0870492 0.438233 -0.386847 -0.0602166 0.432954
-0.387666 -0.0875394 0.43833 -0.386866 -0.0606904 0.433048
-0.387685 -0.0880295 0.438427 -0.386885 -0.0611643 0.433142
-0.387705 -0.0885197 0.438524 -0.386903 -0.0616384 0.433236
-0.387724 -0.0890099 0.43862 -0.386922 -0.0621126 0.433329
-0.387743 -0.0895 0.438717 -0.386941 -0.0625868 0.433423
-0.387763 -0.0899902 0.438814 -0.38696 -0.0630609 0.433517
-0.387782 -0.0904804 0.438911 -0.386978 -0.0635348 0.433611
-0.387801 -0.0909705 0.439007 -0.386997 -0.0640084 0.433704
-0.387821 -0.0914607 0.439104 -0.387015 -0.0644818 0.433798
-0.38784 -0.0919509 0.439201 -0.387034 -0.064955 0.433891
-0.38786 -0.0924411 0.439298 -0.387052 -0.0654279 0.433985
-0.387879 -0.0929312 0.439394 -0.387071 -0.0659008 0.434078
-0.387898 -0.0934214 0.439491 -0.38709 -0.0663735 0.434172
-0.387918 -0.0939116 0.439588 -0.387108 -0.0668461 0.434265
-0.387937 -0.0944017 0.439685 -0.387127 -0.0673185 0.434359
-0.387956 -0.0948919 0.439781 -0.387145 -0.067791 0.434452
-0.387976 -0.0953821 0.439878 -0.387164 -0.0682633 0.434545
-0.387995 -0.0958722 0.439975 -0.387182 -0.0687357 0.434639
-0.388014 -0.0963624 0.440072 -0.3872 -0.0692081 0.434732
-0.388034 -0.0968526 0.440168 -0.387237 -0.070153 0.434919
-0.388053 -0.0973427 0.440265 -0.387256 -0.0706256 0.435013
-0.388072 -0.0978329 0.440362 -0.387275 -0.0710981 0.435106
-0.388092 -0.0983231 0.440459 -0.387293 -0.0715707 0.435199
-0.388111 -0.0988133 0.440555 -0.387312 -0.0720433 0.435293
-0.38813 -0.0993034 0.440652 -0.38733 -0.072516 0.435386
-0.38815 -0.0997936 0.440749 -0.387349 -0.0729888 0.43548
-0.388169 -0.100284 0.440845 -0.387367 -0.0734618 0.435573
-0.388188 -0.100774 0.440942 -0.387386 -0.0739348 0.435667
-0.388208 -0.101264 0.441039 -0.387404 -0.0744079 0.43576
-0.388227 -0.101754 0.441136 -0.387423 -0.0748809 0.435854
-0.388246 -0.102244 0.441232 -0.387441 -0.0753539 0.435948
-0.388266 -0.102735 0.441329 -0.38746 -0.0758269 0.436041
-0.388285 -0.103225 0.441426 -0.387479 -0.0763 0.436135
-0.388305 -0.103715 0.441523 -0.387497 -0.0767733 0.436228
-0.388324 -0.104205 0.441619 -0.387516 -0.0772469 0.436322
-0.388343 -0.104695 0.441716 -0.387534 -0.0777206 0.436416
-0.388363 -0.105185 0.441813 -0.387553 -0.0781944 0.436509
-0.388382 -0.105676 0.44191 -0.387572 -0.078668 0.436603
-0.388401 -0.106166 0.442006 -0.38759 -0.0791415 0.436697
-0.388421 -0.106656 0.442103 -0.387609 -0.0796149 0.43679
-0.38844 -0.107146 0.4422 -0.387627 -0.0800883 0.436884
-0.388459 -0.107636 0.442297 -0.387646 -0.0805618 0.436977
-0.388479 -0.108126 0.442393 -0.387665 -0.0810356 0.437071
-0.388498 -0.108617 0.44249 -0.387683 -0.0815093 0.437165
-0.388517 -0.109107 0.442587 -0.387702 -0.0819829 0.437258
-0.388537 -0.109597 0.442684 -0.38772 -0.082456 0.437352
-0.388556 -0.110087 0.44278 -0.387739 -0.0829286 0.437446
-0.388575 -0.110577 0.442877 -0.387757 -0.0834007 0.437539
-0.388595 -0.111067 0.442974 -0.387776 -0.0838727 0.437632
-0.388614 -0.111558 0.443071 -0.387794 -0.0843446 0.437726
-0.388633 -0.112048 0.443167 -0.387813 -0.0848167 0.437819
-0.388653 -0.112538 0.443264 -0.387831 -0.0852889 0.437912
-0.388672 -0.113028 0.443361 -0.38785 -0.0857613 0.438006
-0.388692 -0.113518 0.443458 -0.387868 -0.0862338 0.438099
-0.388711 -0.114009 0.443554 -0.387887 -0.0867066 0.438193
-0.38873 -0.114499 0.443651 -0.387905 -0.0871795 0.438286
-0.38875 -0.114989 0.443748 -0.387924 -0.0876526 0.43838
-0.388769 -0.115479 0.443845 -0.387942 -0.088126 0.438473
-0.388788 -0.115969 0.443941 -0.38798 -0.0890734 0.438661
-0.388808 -0.116459 0.444038 -0.387998 -0.0895474 0.438754
-0.388827 -0.11695 0.444135 -0.388017 -0.0900217 0.438848
-0.388846 -0.11744 0.444232 -0.388036 -0.0904962 0.438942
-0.388866 -0.11793 0.444328 -0.388054 -0.0909709 0.439036
-0.388885 -0.11842 0.444425 -0.388073 -0.0914459 0.43913
-0.388904 -0.11891 0.444522 -0.388092 -0.0919211 0.439224
-0.388924 -0.1194 0.444618 -0.388111 -0.0923967 0.439318
-0.388943 -0.119891 0.444715 -0.388129 -0.0928723 0.439412
-0.388962 -0.120381 0.444812 -0.388148 -0.0933482 0.439506
-0.388982 -0.120871 0.444909 -0.388167 -0.093824 0.4396
-0.389001 -0.121361 0.445005 -0.388186 -0.0942999 0.439695
-0.38902 -0.121851 0.445102 -0.388204 -0.0947759 0.439789
-0.38904 -0.122341 0.445199 -0.388223 -0.0952519 0.439883
-0.389059 -0.122832 0.445296 -0.388242 -0.0957281 0.439977
-0.389078 -0.123322 0.445392 -0.388261 -0.0962044 0.440071
-0.389098 -0.123812 0.445489 -0.38828 -0.0966808 0.440165
-0.389117 -0.124302 0.445586 -0.388299 -0.0971572 0.44026
-0.389137 -0.124792 0.445683 -0.388317 -0.0976335 0.440354
-0.389156 -0.125282 0.445779 -0.388355 -0.0985856 0.440542
-0.389175 -0.125773 0.445876 -0.388374 -0.0990615 0.440636
-0.389195 -0.126263 0.445973 -0.388392 -0.0995372 0.44073
-0.389214 -0.126753 0.44607 -0.388411 -0.100013 0.440825
-0.389233 -0.127243 0.446166 -0.38843 -0.100488 0.440919
-0.389253 -0.127733 0.446263 -0.388448 -0.100964 0.441013
-0.389272 -0.128223 0.44636 -0.388467 -0.101439 0.441107
-0.389291 -0.128714 0.446457 -0.388486 -0.101915 0.441201
-0.389311 -0.129204 0.446553 -0.388504 -0.10239 0.441295
-0.38933 -0.129694 0.44665 -0.388523 -0.102866 0.441389
-0.389349 -0.130184 0.446747 -0.388542 -0.103341 0.441483
-0.389369 -0.130674 0.446844 -0.38856 -0.103817 0.441577
-0.389388 -0.131164 0.44694 -0.388579 -0.104293 0.441671
-0.389407 -0.131655 0.447037 -0.388598 -0.104768 0.441765
-0.389427 -0.132145 0.447134 -0.388616 -0.105244 0.441859
-0.389446 -0.132635 0.447231 -0.388635 -0.10572 0.441953
-0.389465 -0.133125 0.447327 -0.388654 -0.106196 0.442047
-0.389485 -0.133615 0.447424 -0.388672 -0.106671 0.442142
-0.389504 -0.134105 0.447521 -0.388691 -0.107147 0.442236
-0.389524 -0.134596 0.447618 -0.38871 -0.107623 0.44233
-0.389543 -0.135086 0.447714 -0.388728 -0.108099 0.442424
-0.389562 -0.135576 0.447811 -0.388747 -0.108574 0.442518
-0.389582 -0.136066 0.447908 -0.388766 -0.109049 0.442612
-0.389601 -0.136556 0.448005 -0.388784 -0.109524 0.442706
-0.38962 -0.137046 0.448101 -0.388803 -0.109999 0.4428
-0.38964 -0.137537 0.448198 -0.388821 -0.110474 0.442894
-0.389659 -0.138027 0.448295 -0.38884 -0.110948 0.442987
-0.389678 -0.138517 0.448392 -0.388858 -0.111422 0.443081
-0.389698 -0.139007 0.448488 -0.388896 -0.11237 0.443269
-0.389717 -0.139497 0.448585 -0.388914 -0.112844 0.443362
-0.389736 -0.139988 0.448682 -0.388932 -0.113318 0.443456
-0.389756 -0.140478 0.448778 -0.388951 -0.113792 0.44355
-0.389775 -0.140968 0.448875 -0.388969 -0.114265 0.443643
-0.389794 -0.141458 0.448972 -0.388988 -0.114739 0.443737
-0.389814 -0.141948 0.449069 -0.389006 -0.115213 0.443831
-0.389833 -0.142438 0.449165 -0.389025 -0.115687 0.443925
-0.389852 -0.142929 0.449262 -0.389043 -0.116161 0.444018
-0.389872 -0.143419 0.449359 -0.389062 -0.116635 0.444112
-0.389891 -0.143909 0.449456 -0.389081 -0.117109 0.444206
-0.38991 -0.144399 0.449552 -0.389099 -0.117583 0.4443
-0.38993 -0.144889 0.449649 -0.389118 -0.118057 0.444393
-0.389949 -0.145379 0.449746 -0.389136 -0.118531 0.444487
-0.389969 -0.14587 0.449843 -0.389155 -0.119005 0.444581
-0.389988 -0.14636 0.449939 -0.389173 -0.11948 0.444675
-0.390007 -0.14685 0.450036 -0.389192 -0.119954 0.444769
-0.390027 -0.14734 0.450133 -0.38921 -0.120428 0.444862
-0.390046 -0.14783 0.45023 -0.389229 -0.120903 0.444956
-0.390065 -0.14832 0.450326 -0.389248 -0.121378 0.44505
-0.390085 -0.148811 0.450423 -0.389266 -0.121852 0.445144
-0.390104 -0.149301 0.45052 -0.389285 -0.122326 0.445238
-0.390123 -0.149791 0.450617 -0.389303 -0.122801 0.445332
-0.390143 -0.150281 0.450713 -0.389322 -0.123275 0.445425
-0.390162 -0.150771 0.45081 -0.38934 -0.123749 0.445519
-0.390181 -0.151261 0.450907 -0.389359 -0.124222 0.445613
-0.390201 -0.151752 0.451004 -0.389377 -0.124696 0.445706
-0.39022 -0.152242 0.4511 -0.389396 -0.125169 0.4458
-0.390239 -0.152732 0.451197 -0.389414 -0.125642 0.445894
-0.390259 -0.153222 0.451294 -0.389433 -0.126116 0.445987
-0.390278 -0.153712 0.451391 -0.389451 -0.126589 0.446081
-0.390297 -0.154202 0.451487 -0.38947 -0.127062 0.446174
-0.390317 -0.154693 0.451584 -0.389488 -0.127535 0.446268
-0.390336 -0.155183 0.451681 -0.389507 -0.128008 0.446361
-0.390356 -0.155673 0.451778 -0.389544 -0.128954 0.446549
-0.390375 -0.156163 0.451874 -0.389562 -0.129428 0.446642
-0.390394 -0.156653 0.451971 -0.389581 -0.129901 0.446736
-0.390414 -0.157143 0.452068 -0.389599 -0.130374 0.44683
-0.390433 -0.157634 0.452165 -0.389618 -0.130848 0.446923
-0.390452 -0.158124 0.452261 -0.389636 -0.131321 0.447017
-0.390472 -0.158614 0.452358 -0.389655 -0.131795 0.44711
-0.390491 -0.159104 0.452455 -0.389673 -0.132268 0.447204
-0.39051 -0.159594 0.452552 -0.389692 -0.132742 0.447298
-0.39053 -0.160084 0.452648 -0.38971 -0.133216 0.447392
-0.390549 -0.160575 0.452745 -0.389747 -0.134164 0.447579
-0.390568 -0.161065 0.452842 -0.389766 -0.134638 0.447673
-0.390588 -0.161555 0.452938 -0.389785 -0.135112 0.447767
-0.390607 -0.162045 0.453035 -0.389803 -0.135586 0.44786
-0.390626 -0.162535 0.453132 -0.389822 -0.136061 0.447954
-0.390646 -0.163025 0.453229 -0.38984 -0.136535 0.448048
-0.390665 -0.163516 0.453325 -0.389859 -0.13701 0.448142
-0.390684 -0.164006 0.453422 -0.389878 -0.137484 0.448236
-0.390704 -0.164496 0.453519 -0.389896 -0.137958 0.44833
-0.390723 -0.164986 0.453616 -0.389915 -0.138432 0.448423
-0.390742 -0.165476 0.453712 -0.389933 -0.138905 0.448517
-0.390762 -0.165966 0.453809 -0.389952 -0.139378 0.44861
-0.390781 -0.166457 0.453906 -0.38997 -0.139851 0.448704
-0.390801 -0.166947 0.454003 -0.389989 -0.140323 0.448797
-0.39082 -0.167437 0.454099 -0.390007 -0.140795 0.448891
-0.390839 -0.167927 0.454196 -0.390044 -0.141737 0.449077
-0.390859 -0.168417 0.454293 -0.390062 -0.142208 0.44917
-0.390878 -0.168908 0.45439 -0.39008 -0.142678 0.449263
-0.390897 -0.169398 0.454486 -0.390098 -0.143148 0.449356
-0.390917 -0.169888 0.454583 -0.390116 -0.143617 0.449449
-0.390936 -0.170378 0.45468 -0.390135 -0.144087 0.449541
-0.390955 -0.170868 0.454777 -0.390153 -0.144556 0.449634
-0.390975 -0.171358 0.454873 -0.390171 -0.145024 0.449727
-0.390994 -0.171849 0.45497 -0.390189 -0.145493 0.449819
-0.391013 -0.172339 0.455067 -0.390207 -0.145961 0.449912
-0.391033 -0.172829 0.455164 -0.390225 -0.14643 0.450005
-0.391052 -0.173319 0.45526 -0.390243 -0.146898 0.450097
-0.391071 -0.173809 0.455357 -0.390262 -0.147366 0.45019
-0.391091 -0.174299 0.455454 -0.39028 -0.147834 0.450282
-0.39111 -0.17479 0.455551 -0.390298 -0.148303 0.450375
-0.391129 -0.17528 0.455647 -0.390316 -0.148771 0.450467
-0.391149 -0.17577 0.455744 -0.390334 -0.149239 0.45056
-0.391168 -0.17626 0.455841 -0.390352 -0.149707 0.450653
-0.391188 -0.17675 0.455938 -0.39037 -0.150175 0.450745
-0.391207 -0.17724 0.456034 -0.390389 -0.150643 0.450838
-0.391226 -0.177731 0.456131 -0.390407 -0.15111 0.45093
-0.391246 -0.178221 0.456228 -0.390425 -0.151577 0.451022
-0.391265 -0.178711 0.456325 -0.390443 -0.152044 0.451115
-0.391284 -0.179201 0.456421 -0.390461 -0.152511 0.451207
-0.391304 -0.179691 0.456518 -0.390479 -0.152978 0.451299
-0.391323 -0.180181 0.456615 -0.390497 -0.153446 0.451392
-0.391342 -0.180672 0.456711 -0.390515 -0.153913 0.451484
-0.391362 -0.181162 0.456808 -0.390534 -0.15438 0.451576
-0.391381 -0.181652 0.456905 -0.390552 -0.154847 0.451669
-0.3914 -0.182142 0.457002 -0.390588 -0.155781 0.451854
-0.39142 -0.182632 0.457098 -0.390606 -0.156248 0.451946
-0.391439 -0.183122 0.457195 -0.390624 -0.156716 0.452038
-0.391458 -0.183613 0.457292 -0.390643 -0.157183 0.452131
-0.391478 -0.184103 0.457389 -0.390661 -0.15765 0.452223
-0.391497 -0.184593 0.457485 -0.390679 -0.158117 0.452315
-0.391516 -0.185083 0.457582 -0.390697 -0.158584 0.452408
-0.391536 -0.185573 0.457679 -0.390716 -0.159052 0.4525
-0.391555 -0.186063 0.457776 -0.390734 -0.159519 0.452593
-0.391574 -0.186554 0.457872 -0.390752 -0.159987 0.452685
-0.391594 -0.187044 0.457969 -0.39077 -0.160455 0.452778
-0.391613 -0.187534 0.458066 -0.390789 -0.160923 0.45287
-0.391633 -0.188024 0.458163 -0.390807 -0.161391 0.452963
-0.391652 -0.188514 0.458259 -0.390825 -0.161859 0.453056
-0.391671 -0.189004 0.458356 -0.390844 -0.162328 0.453148
-0.391691 -0.189495 0.458453 -0.390862 -0.162797 0.453241
-0.39171 -0.189985 0.45855 -0.39088 -0.163266 0.453334
-0.391729 -0.190475 0.458646 -0.390899 -0.163735 0.453427
-0.391749 -0.190965 0.458743 -0.390917 -0.164205 0.453519
-0.391768 -0.191455 0.45884 -0.390936 -0.164675 0.453612
-0.391787 -0.191945 0.458937 -0.390954 -0.165145 0.453705
-0.391807 -0.192436 0.459033 -0.390973 -0.165615 0.453798
-0.391826 -0.192926 0.45913 -0.390991 -0.166085 0.453892
-0.391845 -0.193416 0.459227 -0.39101 -0.166556 0.453985
-0.391865 -0.193906 0.459324 -0.391028 -0.167027 0.454078
-0.391884 -0.194396 0.45942 -0.391047 -0.167498 0.454171
-0.391903 -0.194886 0.459517 -0.391066 -0.16797 0.454264
-0.391923 -0.195377 0.459614 -0.391084 -0.168442 0.454358
-0.391942 -0.195867 0.459711 -0.391103 -0.168914 0.454451
-0.391961 -0.196357 0.459807 -0.391122 -0.169386 0.454545
-0.391981 -0.196847 0.459904 -0.39114 -0.169858 0.454638
-0.392 -0.197337 0.460001 -0.391159 -0.170331 0.454732
-0.39202 -0.197828 0.460098 -0.391178 -0.170804 0.454825
-0.392039 -0.198318 0.460194 -0.391196 -0.171276 0.454919
-0.392058 -0.198808 0.460291 -0.391215 -0.171749 0.455012
-0.392078 -0.199298 0.460388 -0.391234 -0.172221 0.455106
-0.392097 -0.199788 0.460485 -0.391252 -0.172694 0.455199
-0.392116 -0.200278 0.460581 -0.391271 -0.173166 0.455293
-0.392136 -0.200769 0.460678 -0.391289 -0.173638 0.455386
-0.392155 -0.201259 0.460775 -0.391327 -0.174582 0.455573
-0.392174 -0.201749 0.460871 -0.391345 -0.175054 0.455666
-0.392194 -0.202239 0.460968 -0.391364 -0.175526 0.45576
-0.392213 -0.202729 0.461065 -0.391382 -0.175998 0.455853
-0.392232 -0.203219 0.461162 -0.391401 -0.17647 0.455946
-0.392252 -0.20371 0.461258 -0.391419 -0.176943 0.45604
-0.392271 -0.2042 0.461355 -0.391438 -0.177415 0.456133
-0.39229 -0.20469 0.461452 -0.391457 -0.177888 0.456227
-0.39231 -0.20518 0.461549 -0.391475 -0.178361 0.45632
-0.392329 -0.20567 0.461645 -0.391494 -0.178834 0.456414
-0.392348 -0.20616 0.461742 -0.391513 -0.179307 0.456508
-0.392368 -0.206651 0.461839 -0.391531 -0.179781 0.456601
-0.392387 -0.207141 0.461936 -0.39155 -0.180254 0.456695
-0.392406 -0.207631 0.462032 -0.391568 -0.180727 0.456789
-0.392426 -0.208121 0.462129 -0.391587 -0.1812 0.456882
-0.392445 -0.208611 0.462226 -0.391606 -0.181673 0.456976
-0.392465 -0.209101 0.462323 -0.391624 -0.182145 0.457069
-0.392484 -0.209592 0.462419 -0.391643 -0.182618 0.457163
-0.392503 -0.210082 0.462516 -0.391661 -0.183091 0.457256
-0.392523 -0.210572 0.462613 -0.39168 -0.183564 0.45735
-0.392542 -0.211062 0.46271 -0.391699 -0.184037 0.457443
-0.392561 -0.211552 0.462806 -0.391717 -0.184511 0.457537
-0.392581 -0.212042 0.462903 -0.391736 -0.184984 0.457631
-0.3926 -0.212533 0.463 -0.391754 -0.185458 0.457724
-0.392619 -0.213023 0.463097 -0.391773 -0.185932 0.457818
-0.392639 -0.213513 0.463193 -0.391792 -0.186406 0.457912
-0.392658 -0.214003 0.46329 -0.39181 -0.18688 0.458006
-0.392677 -0.214493 0.463387 -0.391829 -0.187353 0.458099
-0.392697 -0.214983 0.463484 -0.391847 -0.187827 0.458193
-0.392716 -0.215474 0.46358 -0.391866 -0.1883 0.458287
-0.392735 -0.215964 0.463677 -0.391885 -0.188774 0.45838
-0.392755 -0.216454 0.463774 -0.391903 -0.189247 0.458474
-0.392774 -0.216944 0.463871 -0.391922 -0.189721 0.458568
-0.392793 -0.217434 0.463967 -0.39194 -0.190194 0.458661
-0.392813 -0.217924 0.464064 -0.391959 -0.190668 0.458755
-0.392832 -0.218415 0.464161 -0.391978 -0.191142 0.458849
-0.392852 -0.218905 0.464258 -0.391996 -0.191616 0.458943
-0.392871 -0.219395 0.464354 -0.392033 -0.192564 0.45913
-0.39289 -0.219885 0.464451 -0.392052 -0.193038 0.459224
-0.39291 -0.220375 0.464548 -0.392071 -0.193512 0.459318
-0.392929 -0.220865 0.464645 -0.392089 -0.193987 0.459412
-0.392948 -0.221356 0.464741 -0.392108 -0.194462 0.459505
-0.392968 -0.221846 0.464838 -0.392127 -0.194936 0.459599
-0.392987 -0.222336 0.464935 -0.392145 -0.195411 0.459693
-0.393006 -0.222826 0.465031 -0.392164 -0.195887 0.459787
-0.393026 -0.223316 0.465128 -0.392183 -0.196362 0.459881
-0.393045 -0.223807 0.465225 -0.392201 -0.196837 0.459975
-0.393064 -0.224297 0.465322 -0.39222 -0.197312 0.460069
-0.393084 -0.224787 0.465418 -0.392239 -0.197788 0.460163
-0.393103 -0.225277 0.465515 -0.392257 -0.198263 0.460258
-0.393122 -0.225767 0.465612 -0.392276 -0.198738 0.460352
-0.393142 -0.226257 0.465709 -0.392295 -0.199214 0.460446
-0.393161 -0.226748 0.465805 -0.392369 -0.201115 0.460822
-0.39318 -0.227238 0.465902 -0.392388 -0.201591 0.460916
-0.3932 -0.227728 0.465999 -0.392407 -0.202066 0.46101
-0.393219 -0.228218 0.466096 -0.392425 -0.20254 0.461104
-0.393238 -0.228708 0.466192 -0.392444 -0.203014 0.461197
-0.393258 -0.229198 0.466289 -0.392462 -0.203487 0.461291
-0.393277 -0.229689 0.466386 -0.392481 -0.203959 0.461384
-0.393297 -0.230179 0.466483 -0.392499 -0.204429 0.461477
-0.393316 -0.230669 0.466579 -0.392517 -0.204898 0.46157
-0.393335 -0.231159 0.466676 -0.392535 -0.205366 0.461662
-0.393355 -0.231649 0.466773 -0.392553 -0.205834 0.461754
-0.393374 -0.232139 0.46687 -0.392571 -0.206301 0.461847
-0.393393 -0.23263 0.466966 -0.392589 -0.206767 0.461939
-0.393413 -0.23312 0.467063 -0.392607 -0.207232 0.462031
-0.393432 -0.23361 0.46716 -0.392624 -0.207697 0.462122
-0.393451 -0.2341 0.467257 -0.392642 -0.208161 0.462214
-0.393471 -0.23459 0.467353 -0.39266 -0.208625 0.462305
-0.39349 -0.23508 0.46745 -0.392677 -0.209087 0.462397
-0.393509 -0.235571 0.467547 -0.392695 -0.209549 0.462488
-0.393529 -0.236061 0.467644 -0.392713 -0.210011 0.462579
-0.393548 -0.236551 0.46774 -0.39273 -0.210471 0.46267
-0.393567 -0.237041 0.467837 -0.392748 -0.210932 0.462761
-0.393587 -0.237531 0.467934 -0.392765 -0.211391 0.462852
-0.393606 -0.238021 0.468031 -0.392783 -0.211851 0.462942
-0.393625 -0.238512 0.468127 -0.3928 -0.21231 0.463033
-0.393645 -0.239002 0.468224 -0.392818 -0.212768 0.463123
-0.393664 -0.239492 0.468321 -0.392835 -0.213227 0.463214
-0.393684 -0.239982 0.468418 -0.392853 -0.213685 0.463304
-0.393703 -0.240472 0.468514 -0.392888 -0.214602 0.463485
-0.393722 -0.240962 0.468611 -0.392905 -0.21506 0.463576
-0.393742 -0.241453 0.468708 -0.392923 -0.215518 0.463666
-0.393761 -0.241943 0.468804 -0.39294 -0.215975 0.463756
-0.39378 -0.242433 0.468901 -0.392958 -0.216433 0.463847
-0.3938 -0.242923 0.468998 -0.392975 -0.21689 0.463937
-0.393819 -0.243413 0.469095 -0.392993 -0.217347 0.464027
-0.393838 -0.243903 0.469191 -0.39301 -0.217804 0.464117
-0.393858 -0.244394 0.469288 -0.393028 -0.218261 0.464208
-0.393877 -0.244884 0.469385 -0.393045 -0.218718 0.464298
-0.393896 -0.245374 0.469482 -0.393063 -0.219175 0.464388
-0.393916 -0.245864 0.469578 -0.393081 -0.219632 0.464478
-0.393935 -0.246354 0.469675 -0.393098 -0.220089 0.464569
-0.393954 -0.246844 0.469772 -0.393116 -0.220547 0.464659
-0.393974 -0.247335 0.469869 -0.393134 -0.221005 0.46475
-0.393993 -0.247825 0.469965 -0.393151 -0.221463 0.46484
-0.394012 -0.248315 0.470062 -0.393169 -0.221921 0.464931
-0.394032 -0.248805 0.470159 -0.393187 -0.22238 0.465021
-0.394051 -0.249295 0.470256 -0.393205 -0.22284 0.465112
-0.39407 -0.249785 0.470352 -0.393223 -0.223299 0.465203
-0.39409 -0.250276 0.470449 -0.393241 -0.223759 0.465294
-0.394109 -0.250766 0.470546 -0.393259 -0.224219 0.465385
-0.394129 -0.251256 0.470643 -0.393277 -0.224679 0.465476
-0.394148 -0.251746 0.470739 -0.393295 -0.225139 0.465567
-0.394167 -0.252236 0.470836 -0.393313 -0.2256 0.465658
-0.394187 -0.252727 0.470933 -0.393331 -0.22606 0.465749
-0.394206 -0.253217 0.47103 -0.393349 -0.226521 0.46584
-0.394225 -0.253707 0.471126 -0.393367 -0.226981 0.465931
-0.394245 -0.254197 0.471223 -0.393385 -0.227442 0.466022
-0.394264 -0.254687 0.47132 -0.393403 -0.227904 0.466114
-0.394283 -0.255177 0.471417 -0.393421 -0.228365 0.466205
-0.394303 -0.255668 0.471513 -0.393439 -0.228827 0.466296
-0.394322 -0.256158 0.47161 -0.393457 -0.229289 0.466388
-0.394341 -0.256648 0.471707 -0.393476 -0.229752 0.466479
-0.394361 -0.257138 0.471804 -0.393512 -0.230678 0.466662
-0.39438 -0.257628 0.4719 -0.39353 -0.231141 0.466754
-0.394399 -0.258118 0.471997 -0.393549 -0.231605 0.466846
-0.394419 -0.258609 0.472094 -0.393567 -0.232068 0.466937
-0.394438 -0.259099 0.472191 -0.393585 -0.232532 0.467029
-0.394457 -0.259589 0.472287 -0.393604 -0.232997 0.467121
-0.394477 -0.260079 0.472384 -0.393622 -0.233461 0.467213
-0.394496 -0.260569 0.472481 -0.39364 -0.233927 0.467305
-0.394516 -0.261059 0.472578 -0.393659 -0.234392 0.467397
-0.394535 -0.26155 0.472674 -0.393677 -0.234858 0.46749
-0.394554 -0.26204 0.472771 -0.393696 -0.235325 0.467582
-0.394574 -0.26253 0.472868 -0.393714 -0.235792 0.467674
-0.394593 -0.26302 0.472964 -0.393733 -0.236259 0.467767
-0.394612 -0.26351 0.473061 -0.393751 -0.236727 0.467859
-0.394632 -0.264 0.473158 -0.39377 -0.237195 0.467952
-0.394651 -0.264491 0.473255 -0.393789 -0.237663 0.468045
-0.39467 -0.264981 0.473351 -0.393807 -0.238132 0.468138
-0.39469 -0.265471 0.473448 -0.393826 -0.238601 0.468231
-0.394709 -0.265961 0.473545 -0.393845 -0.23907 0.468323
-0.394728 -0.266451 0.473642 -0.393863 -0.23954 0.468416
-0.394748 -0.266941 0.473738 -0.393882 -0.24001 0.468509
-0.394767 -0.267432 0.473835 -0.393901 -0.24048 0.468602
-0.394786 -0.267922 0.473932 -0.393919 -0.24095 0.468696
-0.394806 -0.268412 0.474029 -0.393938 -0.241421 0.468789
-0.394825 -0.268902 0.474125 -0.393957 -0.241892 0.468882
-0.394844 -0.269392 0.474222 -0.393976 -0.242364 0.468976
-0.394864 -0.269882 0.474319 -0.393994 -0.242836 0.469069
-0.394883 -0.270373 0.474416 -0.394013 -0.243308 0.469162
-0.394902 -0.270863 0.474512 -0.394032 -0.24378 0.469256
-0.394922 -0.271353 0.474609 -0.394051 -0.244252 0.469349
-0.394941 -0.271843 0.474706 -0.39407 -0.244724 0.469443
-0.394961 -0.272333 0.474803 -0.394088 -0.245196 0.469536
-0.39498 -0.272823 0.474899 -0.394107 -0.245669 0.46963
-0.394999 -0.273314 0.474996 -0.394126 -0.246141 0.469723
-0.395019 -0.273804 0.475093 -0.394145 -0.246613 0.469817
-0.395038 -0.274294 0.47519 -0.394163 -0.247086 0.46991
-0.395057 -0.274784 0.475286 -0.394182 -0.247559 0.470004
-0.395077 -0.275274 0.475383 -0.394201 -0.248031 0.470097
-0.395096 -0.275764 0.47548 -0.394219 -0.248504 0.470191
-0.395115 -0.276255 0.475577 -0.394238 -0.248977 0.470285
-0.395135 -0.276745 0.475673 -0.394257 -0.24945 0.470378
-0.395154 -0.277235 0.47577 -0.394294 -0.250397 0.470566
-0.395173 -0.277725 0.475867 -0.394313 -0.250871 0.470659
-0.395193 -0.278215 0.475964 -0.394332 -0.251345 0.470753
-0.395212 -0.278705 0.47606 -0.394351 -0.251819 0.470847
-0.395231 -0.279196 0.476157 -0.39437 -0.252293 0.470941
-0.395251 -0.279686 0.476254 -0.394388 -0.252768 0.471035
-0.39527 -0.280176 0.476351 -0.394407 -0.253242 0.471129
-0.395289 -0.280666 0.476447 -0.394426 -0.253717 0.471223
-0.395309 -0.281156 0.476544 -0.394445 -0.254192 0.471317
-0.395328 -0.281647 0.476641 -0.394463 -0.254667 0.471411
-0.395348 -0.282137 0.476738 -0.394482 -0.255142 0.471505
-0.395367 -0.282627 0.476834 -0.394501 -0.255618 0.471599
-0.395386 -0.283117 0.476931 -0.39452 -0.256094 0.471693
-0.395406 -0.283607 0.477028 -0.394539 -0.256569 0.471787
-0.395425 -0.284097 0.477124 -0.394558 -0.257045 0.471881
-0.395444 -0.284588 0.477221 -0.394576 -0.257522 0.471976
-0.395464 -0.285078 0.477318 -0.394595 -0.257998 0.47207
-0.395483 -0.285568 0.477415 -0.394614 -0.258475 0.472164
-0.395502 -0.286058 0.477511 -0.394633 -0.258951 0.472259
-0.395522 -0.286548 0.477608 -0.394652 -0.259427 0.472353
-0.395541 -0.287038 0.477705 -0.394671 -0.259904 0.472447
-0.39556 -0.287529 0.477802 -0.394689 -0.26038 0.472541
-0.39558 -0.288019 0.477898 -0.394708 -0.260855 0.472635
-0.395599 -0.288509 0.477995 -0.394727 -0.261331 0.472729
-0.395618 -0.288999 0.478092 -0.394746 -0.261807 0.472824
-0.395638 -0.289489 0.478189 -0.394764 -0.262283 0.472918
-0.395657 -0.289979 0.478285 -0.394783 -0.262759 0.473012
-0.395676 -0.29047 0.478382 -0.394802 -0.263236 0.473106
-0.395696 -0.29096 0.478479 -0.394821 -0.263713 0.4732
-0.395715 -0.29145 0.478576 -0.394839 -0.26419 0.473295
-0.395734 -0.29194 0.478672 -0.394858 -0.264667 0.473389
-0.395754 -0.29243 0.478769 -0.394877 -0.265145 0.473484
-0.395773 -0.29292 0.478866 -0.394896 -0.265623 0.473578
-0.395793 -0.293411 0.478963 -0.394915 -0.266101 0.473673
-0.395812 -0.293901 0.479059 -0.394934 -0.266579 0.473768
-0.395831 -0.294391 0.479156 -0.394953 -0.267057 0.473862
-0.395851 -0.294881 0.479253 -0.394971 -0.267535 0.473957
-0.39587 -0.295371 0.47935 -0.39499 -0.268013 0.474051
-0.395889 -0.295861 0.479446 -0.395009 -0.268491 0.474146
-0.395909 -0.296352 0.479543 -0.395028 -0.268969 0.47424
-0.395928 -0.296842 0.47964 -0.395047 -0.269447 0.474335
-0.395947 -0.297332 0.479737 -0.395065 -0.269925 0.474429
-0.395967 -0.297822 0.479833 -0.395084 -0.270403 0.474524
-0.395986 -0.298312 0.47993 -0.395103 -0.270881 0.474618
-0.396005 -0.298802 0.480027 -0.395122 -0.271359 0.474713
-0.396025 -0.299293 0.480124 -0.395141 -0.271837 0.474808
-0.396044 -0.299783 0.48022 -0.395159 -0.272315 0.474902
-0.396063 -0.300273 0.480317 -0.395197 -0.273272 0.475091
-0.396083 -0.300763 0.480414 -0.395216 -0.27375 0.475186
-0.396102 -0.301253 0.480511 -0.395235 -0.274229 0.475281
-0.396121 -0.301743 0.480607 -0.395253 -0.274708 0.475375
-0.396141 -0.302234 0.480704 -0.395272 -0.275186 0.47547
-0.39616 -0.302724 0.480801 -0.395291 -0.275665 0.475565
-0.396179 -0.303214 0.480897 -0.39531 -0.276145 0.47566
-0.396199 -0.303704 0.480994 -0.395329 -0.276624 0.475754
-0.396218 -0.304194 0.481091 -0.395348 -0.277103 0.475849
-0.396238 -0.304684 0.481188 -0.395366 -0.277583 0.475944
-0.396257 -0.305175 0.481284 -0.395385 -0.278062 0.476039
-0.396276 -0.305665 0.481381 -0.395404 -0.278542 0.476134
-0.396296 -0.306155 0.481478 -0.395423 -0.279022 0.476229
-0.396315 -0.306645 0.481575 -0.395442 -0.279502 0.476324
-0.396334 -0.307135 0.481671 -0.395461 -0.279982 0.476418
-0.396354 -0.307626 0.481768 -0.39548 -0.280462 0.476513
-0.396373 -0.308116 0.481865 -0.395499 -0.280942 0.476608
-0.396392 -0.308606 0.481962 -0.395517 -0.281422 0.476703
-0.396412 -0.309096 0.482058 -0.395536 -0.281903 0.476798
-0.396431 -0.309586 0.482155 -0.395555 -0.282382 0.476893
-0.39645 -0.310076 0.482252 -0.395574 -0.282862 0.476988
-0.39647 -0.310567 0.482349 -0.395593 -0.283341 0.477083
-0.396489 -0.311057 0.482445 -0.395612 -0.28382 0.477177
-0.396508 -0.311547 0.482542 -0.39563 -0.284299 0.477272
-0.396528 -0.312037 0.482639 -0.395649 -0.284777 0.477367
-0.396547 -0.312527 0.482736 -0.395668 -0.285256 0.477461
-0.396566 -0.313017 0.482832 -0.395686 -0.285734 0.477556
-0.396586 -0.313508 0.482929 -0.395705 -0.286212 0.47765
-0.396605 -0.313998 0.483026 -0.395724 -0.28669 0.477745
-0.396625 -0.314488 0.483123 -0.395742 -0.287168 0.477839
-0.396644 -0.314978 0.483219 -0.395761 -0.287646 0.477934
-0.396663 -0.315468 0.483316 -0.395798 -0.288601 0.478122
-0.396683 -0.315958 0.483413 -0.395817 -0.289079 0.478217
-0.396702 -0.316449 0.48351 -0.395836 -0.289557 0.478311
-0.396721 -0.316939 0.483606 -0.395854 -0.290034 0.478406
-0.396741 -0.317429 0.483703 -0.395873 -0.290512 0.4785
-0.39676 -0.317919 0.4838 -0.395892 -0.29099 0.478595
-0.396779 -0.318409 0.483897 -0.39591 -0.291468 0.478689
-0.396799 -0.318899 0.483993 -0.395929 -0.291946 0.478783
-0.396818 -0.31939 0.48409 -0.395948 -0.292424 0.478878
-0.396837 -0.31988 0.484187 -0.395966 -0.292902 0.478972
-0.396857 -0.32037 0.484284 -0.395985 -0.29338 0.479067
-0.396876 -0.32086 0.48438 -0.396004 -0.293858 0.479162
-0.396895 -0.32135 0.484477 -0.396023 -0.294336 0.479256
-0.396915 -0.32184 0.484574 -0.396041 -0.294815 0.479351
-0.396934 -0.322331 0.484671 -0.39606 -0.295293 0.479445
-0.396953 -0.322821 0.484767 -0.396079 -0.295771 0.47954
-0.396973 -0.323311 0.484864 -0.396098 -0.29625 0.479634
-0.396992 -0.323801 0.484961 -0.396116 -0.296728 0.479729
-0.397011 -0.324291 0.485057 -0.396135 -0.297206 0.479823
-0.397031 -0.324781 0.485154 -0.396154 -0.297684 0.479918
-0.39705 -0.325272 0.485251 -0.396172 -0.298162 0.480012
-0.39707 -0.325762 0.485348 -0.396191 -0.298639 0.480106
-0.397089 -0.326252 0.485444 -0.39621 -0.299116 0.480201
-0.397108 -0.326742 0.485541 -0.396228 -0.299593 0.480295
-0.397128 -0.327232 0.485638 -0.396247 -0.300069 0.480389
-0.397147 -0.327722 0.485735 -0.396284 -0.301022 0.480577
-0.397166 -0.328213 0.485831 -0.396302 -0.301498 0.480671
-0.397186 -0.328703 0.485928 -0.396321 -0.301975 0.480766
-0.397205 -0.329193 0.486025 -0.39634 -0.302451 0.48086
-0.397224 -0.329683 0.486122 -0.396358 -0.302927 0.480954
-0.397244 -0.330173 0.486218 -0.396377 -0.303402 0.481048
-0.397263 -0.330663 0.486315 -0.396395 -0.303878 0.481142
-0.397282 -0.331154 0.486412 -0.396414 -0.304354 0.481236
-0.397302 -0.331644 0.486509 -0.396432 -0.30483 0.48133
-0.397321 -0.332134 0.486605 -0.396451 -0.305305 0.481424
-0.39734 -0.332624 0.486702 -0.39647 -0.305781 0.481518
-0.39736 -0.333114 0.486799 -0.396488 -0.306257 0.481612
-0.397379 -0.333604 0.486896 -0.396507 -0.306732 0.481706
-0.397398 -0.334095 0.486992 -0.396525 -0.307208 0.4818
-0.397418 -0.334585 0.487089 -0.396544 -0.307684 0.481893
-0.397437 -0.335075 0.487186 -0.396562 -0.308159 0.481987
-0.397457 -0.335565 0.487283 -0.396581 -0.308635 0.482081
-0.397476 -0.336055 0.487379 -0.3966 -0.309111 0.482176
-0.397495 -0.336546 0.487476 -0.396618 -0.309586 0.48227
-0.397515 -0.337036 0.487573 -0.396637 -0.310062 0.482364
-0.397534 -0.337526 0.48767 -0.396655 -0.310538 0.482458
-0.397553 -0.338016 0.487766 -0.396674 -0.311013 0.482552
-0.397573 -0.338506 0.487863 -0.396692 -0.311489 0.482645
-0.397592 -0.338996 0.48796 -0.396711 -0.311964 0.482739
-0.397611 -0.339487 0.488057 -0.39673 -0.312439 0.482833
-0.397631 -0.339977 0.488153 -0.396748 -0.312914 0.482927
-0.39765 -0.340467 0.48825 -0.396767 -0.313389 0.483021
-0.397669 -0.340957 0.488347 -0.396785 -0.313864 0.483115
-0.397689 -0.341447 0.488444 -0.396804 -0.314339 0.483209
-0.397708 -0.341937 0.48854 -0.396823 -0.314814 0.483303
-0.397727 -0.342428 0.488637 -0.39686 -0.315764 0.48349
-0.397747 -0.342918 0.488734 -0.396897 -0.316714 0.483678
-0.397766 -0.343408 0.488831 -0.396934 -0.317663 0.483866
-0.397785 -0.343898 0.488927 -0.396953 -0.318138 0.483959
-0.397805 -0.344388 0.489024 -0.396971 -0.318612 0.484053
-0.397824 -0.344878 0.489121 -0.39699 -0.319085 0.484146
-0.397843 -0.345369 0.489217 -0.397008 -0.319558 0.48424
-0.397863 -0.345859 0.489314 -0.397026 -0.32003 0.484333
-0.397882 -0.346349 0.489411 -0.397045 -0.320502 0.484426
-0.397902 -0.346839 0.489508 -0.397063 -0.320973 0.484519
-0.397921 -0.347329 0.489604 -0.397081 -0.321442 0.484612
-0.39794 -0.347819 0.489701 -0.397099 -0.321911 0.484704
-0.39796 -0.34831 0.489798 -0.397117 -0.32238 0.484797
-0.397979 -0.3488 0.489895 -0.397136 -0.322848 0.484889
-0.397998 -0.34929 0.489991 -0.397154 -0.323315 0.484981
-0.398018 -0.34978 0.490088 -0.397172 -0.323782 0.485073
-0.398037 -0.35027 0.490185 -0.39719 -0.324248 0.485165
-0.398056 -0.35076 0.490282 -0.397208 -0.324714 0.485257
-0.398076 -0.351251 0.490378 -0.397225 -0.325179 0.485349
-0.398095 -0.351741 0.490475 -0.397243 -0.325643 0.485441
-0.398114 -0.352231 0.490572 -0.397261 -0.326107 0.485532
-0.398134 -0.352721 0.490669 -0.397279 -0.326571 0.485623
-0.398153 -0.353211 0.490765 -0.397297 -0.327033 0.485715
-0.398172 -0.353701 0.490862 -0.397315 -0.327495 0.485806
-0.398192 -0.354192 0.490959 -0.397332 -0.327957 0.485897
-0.398211 -0.354682 0.491056 -0.39735 -0.328419 0.485988
-0.39823 -0.355172 0.491152 -0.397368 -0.32888 0.486079
-0.39825 -0.355662 0.491249 -0.397386 -0.329341 0.486169
-0.398269 -0.356152 0.491346 -0.397403 -0.329801 0.48626
-0.398289 -0.356642 0.491443 -0.397421 -0.330261 0.486351
-0.398308 -0.357133 0.491539 -0.397439 -0.330722 0.486442
-0.398327 -0.357623 0.491636 -0.397474 -0.331642 0.486623
-0.398347 -0.358113 0.491733 -0.397492 -0.332102 0.486714
-0.398366 -0.358603 0.49183 -0.39751 -0.332563 0.486805
-0.398385 -0.359093 0.491926 -0.397528 -0.333023 0.486896
-0.398405 -0.359583 0.492023 -0.397545 -0.333483 0.486986
-0.398424 -0.360074 0.49212 -0.397563 -0.333943 0.487077
-0.398443 -0.360564 0.492217 -0.397581 -0.334403 0.487168
-0.398463 -0.361054 0.492313 -0.397599 -0.334863 0.487259
-0.398482 -0.361544 0.49241 -0.397617 -0.335323 0.48735
-0.398501 -0.362034 0.492507 -0.397635 -0.335783 0.48744
-0.398521 -0.362524 0.492604 -0.397652 -0.336244 0.487531
-0.39854 -0.363015 0.4927 -0.39767 -0.336705 0.487622
-0.398559 -0.363505 0.492797 -0.397688 -0.337166 0.487713
-0.398579 -0.363995 0.492894 -0.397706 -0.337627 0.487805
-0.398598 -0.364485 0.49299 -0.397724 -0.338088 0.487896
-0.398617 -0.364975 0.493087 -0.397742 -0.33855 0.487987
-0.398637 -0.365466 0.493184 -0.39776 -0.339012 0.488078
-0.398656 -0.365956 0.493281 -0.397779 -0.339474 0.488169
-0.398675 -0.366446 0.493377 -0.397797 -0.339937 0.488261
-0.398695 -0.366936 0.493474 -0.397815 -0.340399 0.488352
-0.398714 -0.367426 0.493571 -0.397833 -0.340862 0.488444
-0.398734 -0.367916 0.493668 -0.397851 -0.341325 0.488535
-0.398753 -0.368407 0.493764 -0.397869 -0.341788 0.488627
-0.398772 -0.368897 0.493861 -0.397888 -0.342251 0.488718
-0.398792 -0.369387 0.493958 -0.397906 -0.342715 0.48881
-0.398811 -0.369877 0.494055 -0.397924 -0.343179 0.488902
-0.39883 -0.370367 0.494151 -0.397942 -0.343643 0.488994
-0.39885 -0.370857 0.494248 -0.397961 -0.344108 0.489086
-0.398869 -0.371348 0.494345 -0.397979 -0.344573 0.489178
-0.398888 -0.371838 0.494442 -0.397997 -0.345039 0.48927
-0.398908 -0.372328 0.494538 -0.398016 -0.345505 0.489362
-0.398927 -0.372818 0.494635 -0.398034 -0.345971 0.489454
-0.398946 -0.373308 0.494732 -0.398071 -0.346903 0.489639
-0.398966 -0.373798 0.494829 -0.39809 -0.34737 0.489731
-0.398985 -0.374289 0.494925 -0.398108 -0.347837 0.489823
-0.399004 -0.374779 0.495022 -0.398126 -0.348304 0.489916
-0.399024 -0.375269 0.495119 -0.398145 -0.348771 0.490008
-0.399043 -0.375759 0.495216 -0.398163 -0.349238 0.490101
-0.399062 -0.376249 0.495312 -0.398182 -0.349706 0.490193
-0.399082 -0.376739 0.495409 -0.3982 -0.350173 0.490286
-0.399101 -0.37723 0.495506 -0.398219 -0.350642 0.490378
-0.399121 -0.37772 0.495603 -0.398238 -0.35111 0.490471
-0.39914 -0.37821 0.495699 -0.398256 -0.351579 0.490564
-0.399159 -0.3787 0.495796 -0.398275 -0.352047 0.490657
-0.399179 -0.37919 0.495893 -0.398293 -0.352516 0.490749
-0.399198 -0.37968 0.49599 -0.398312 -0.352985 0.490842
-0.399217 -0.380171 0.496086 -0.398331 -0.353454 0.490935
-0.399237 -0.380661 0.496183 -0.398349 -0.353923 0.491028
-0.399256 -0.381151 0.49628 -0.398368 -0.354392 0.491121
-0.399275 -0.381641 0.496377 -0.398386 -0.354861 0.491213
-0.399295 -0.382131 0.496473 -0.398405 -0.355329 0.491306
-0.399314 -0.382621 0.49657 -0.398423 -0.355798 0.491399
-0.399333 -0.383112 0.496667 -0.398442 -0.356268 0.491492
-0.399353 -0.383602 0.496764 -0.39846 -0.356737 0.491585
-0.399372 -0.384092 0.49686 -0.398479 -0.357207 0.491678
-0.399391 -0.384582 0.496957 -0.398498 -0.357677 0.491771
-0.399411 -0.385072 0.497054 -0.398516 -0.358148 0.491864
-0.39943 -0.385562 0.49715 -0.398535 -0.358619 0.491957
-0.399449 -0.386053 0.497247 -0.398554 -0.35909 0.49205
-0.399469 -0.386543 0.497344 -0.398572 -0.359561 0.492143
-0.399488 -0.387033 0.497441 -0.39861 -0.360503 0.49233
-0.399507 -0.387523 0.497537 -0.398628 -0.360973 0.492423
-0.399527 -0.388013 0.497634 -0.398647 -0.361444 0.492516
-0.399546 -0.388503 0.497731 -0.398665 -0.361914 0.492609
-0.399566 -0.388994 0.497828 -0.398684 -0.362383 0.492702
-0.399585 -0.389484 0.497924 -0.398702 -0.362853 0.492795
-0.399604 -0.389974 0.498021 -0.398721 -0.363322 0.492888
-0.399624 -0.390464 0.498118 -0.39874 -0.363792 0.49298
-0.399643 -0.390954 0.498215 -0.398758 -0.364262 0.493073
-0.399662 -0.391444 0.498311 -0.398777 -0.364732 0.493166
-0.399682 -0.391935 0.498408 -0.398795 -0.365203 0.49326
-0.399701 -0.392425 0.498505 -0.398814 -0.365674 0.493353
-0.39972 -0.392915 0.498602 -0.398833 -0.366145 0.493446
-0.39974 -0.393405 0.498698 -0.398851 -0.366617 0.493539
-0.399759 -0.393895 0.498795 -0.39887 -0.367089 0.493633
-0.399778 -0.394386 0.498892 -0.398889 -0.367561 0.493726
-0.399798 -0.394876 0.498989 -0.398907 -0.368033 0.493819
-0.399817 -0.395366 0.499085 -0.398926 -0.368506 0.493913
-0.399836 -0.395856 0.499182 -0.398945 -0.368978 0.494006
-0.399856 -0.396346 0.499279 -0.398963 -0.36945 0.4941
-0.399875 -0.396836 0.499376 -0.398982 -0.369922 0.494193
-0.399894 -0.397327 0.499472 -0.399001 -0.370394 0.494287
-0.399914 -0.397817 0.499569 -0.399019 -0.370866 0.49438
-0.399933 -0.398307 0.499666 -0.399038 -0.371339 0.494473
-0.399953 -0.398797 0.499763 -0.399057 -0.371811 0.494567
-0.399972 -0.399287 0.499859 -0.399075 -0.372284 0.49466
-0.399991 -0.399777 0.499956 -0.399094 -0.372757 0.494754
-0.400011 -0.400268 0.500053 -0.399113 -0.373229 0.494847
-0.399991 -0.399777 0.499956 -0.399131 -0.373702 0.494941
-0.400011 -0.400268 0.500053 -0.39915 -0.374175 0.495034
-0.399991 -0.399777 0.499956 -0.399169 -0.374647 0.495128
-0.400011 -0.400268 0.500053 -0.399187 -0.37512 0.495221
-0.399991 -0.399777 0.499956 -0.399206 -0.375592 0.495315
-0.400011 -0.400268 0.500053 -0.399225 -0.376065 0.495408
-0.399991 -0.399777 0.499956 -0.399243 -0.376538 0.495502
-0.400011 -0.400268 0.500053 -0.399262 -0.377011 0.495595
-0.399991 -0.399777 0.499956 -0.399281 -0.377483 0.495689
-0.400011 -0.400268 0.500053 -0.399299 -0.377955 0.495782
-0.399991 -0.399777 0.499956 -0.399318 -0.378425 0.495875
-0.400011 -0.400268 0.500053 -0.399336 -0.378893 0.495967
-0.399991 -0.399777 0.499956 -0.399354 -0.379358 0.496059
-0.400011 -0.400268 0.500053 -0.399372 -0.379821 0.49615
-0.399991 -0.399777 0.499956 -0.39939 -0.38028 0.496241
-0.400011 -0.400268 0.500053 -0.399407 -0.380736 0.49633
-0.399991 -0.399777 0.499956 -0.399441 -0.381636 0.496507
-0.400011 -0.400268 0.500053 -0.399457 -0.382079 0.496594
-0.399991 -0.399777 0.499956 -0.399474 -0.382517 0.49668
-0.400011 -0.400268 0.500053 -0.39949 -0.382951 0.496764
-0.399991 -0.399777 0.499956 -0.399505 -0.383379 0.496848
-0.400011 -0.400268 0.500053 -0.39952 -0.383802 0.49693
-0.399991 -0.399777 0.499956 -0.399535 -0.384219 0.497012
-0.400011 -0.400268 0.500053 -0.39955 -0.38463 0.497091
-0.399991 -0.399777 0.499956 -0.399564 -0.385035 0.49717
-0.400011 -0.400268 0.500053 -0.399578 -0.385435 0.497248
-0.399991 -0.399777 0.499956 -0.399591 -0.385828 0.497324
-0.400011 -0.400268 0.500053 -0.399604 -0.386215 0.497398
-0.399991 -0.399777 0.499956 -0.399617 -0.386595 0.497472
-0.400011 -0.400268 0.500053 -0.39963 -0.386969 0.497544
-0.399991 -0.399777 0.499956 -0.399642 -0.387336 0.497614
-0.400011 -0.400268 0.500053 -0.399654 -0.387696 0.497684
-0.399991 -0.399777 0.499956 -0.399665 -0.38805 0.497752
-0.400011 -0.400268 0.500053 -0.399676 -0.388397 0.497818
-0.399991 -0.399777 0.499956 -0.399687 -0.388738 0.497883
-0.400011 -0.400268 0.500053 -0.399697 -0.389072 0.497947
-0.399991 -0.399777 0.499956 -0.399707 -0.389398 0.49801
-0.400011 -0.400268 0.500053 -0.399717 -0.389718 0.49807
-0.399991 -0.399777 0.499956 -0.399727 -0.390031 0.49813
-0.400011 -0.400268 0.500053 -0.399736 -0.390336 0.498188
-0.399991 -0.399777 0.499956 -0.399745 -0.390635 0.498245
-0.400011 -0.400268 0.500053 -0.399753 -0.390927 0.4983
-0.399991 -0.399777 0.499956 -0.399762 -0.391211 0.498354
-0.400011 -0.400268 0.500053 -0.39977 -0.391489 0.498406
-0.399991 -0.399777 0.499956 -0.399777 -0.391761 0.498458
-0.400011 -0.400268 0.500053 -0.399785 -0.392025 0.498507
-0.399991 -0.399777 0.499956 -0.399799 -0.392535 0.498603
-0.400011 -0.400268 0.500053 -0.399806 -0.39278 0.498649
-0.399991 -0.399777 0.499956 -0.399812 -0.393019 0.498694
-0.400011 -0.400268 0.500053 -0.399819 -0.393251 0.498738
-0.399991 -0.399777 0.499956 -0.399825 -0.393478 0.49878
-0.400011 -0.400268 0.500053 -0.399831 -0.393698 0.498822
-0.399991 -0.399777 0.499956 -0.399836 -0.393913 0.498862
-0.400011 -0.400268 0.500053 -0.399842 -0.394122 0.498901
-0.399991 -0.399777 0.499956 -0.399847 -0.394325 0.498939
-0.400011 -0.400268 0.500053 -0.399852 -0.394522 0.498976
-0.399991 -0.399777 0.499956 -0.399857 -0.394714 0.499011
-0.400011 -0.400268 0.500053 -0.399862 -0.394901 0.499046
-0.399991 -0.399777 0.499956 -0.399867 -0.395082 0.49908
-0.400011 -0.400268 0.500053 -0.399871 -0.395259 0.499113
-0.399991 -0.399777 0.499956 -0.399876 -0.39543 0.499145
-0.400011 -0.400268 0.500053 -0.39988 -0.395597 0.499176
-0.399991 -0.399777 0.499956 -0.399884 -0.395759 0.499206
-0.400011 -0.400268 0.500053 -0.399888 -0.395916 0.499235
-0.399991 -0.399777 0.499956 -0.399892 -0.396069 0.499263
-0.400011 -0.400268 0.500053 -0.399895 -0.396218 0.499291
-0.399991 -0.399777 0.499956 -0.399899 -0.396362 0.499318
-0.400011 -0.400268 0.500053 -0.399902 -0.396503 0.499344
-0.399991 -0.399777 0.499956 -0.399906 -0.396639 0.499369
-0.400011 -0.400268 0.500053 -0.399909 -0.396771 0.499394
-0.399991 -0.399777 0.499956 -0.399912 -0.396899 0.499417
-0.400011 -0.400268 0.500053 -0.399915 -0.397023 0.49944
-0.399991 -0.399777 0.499956 -0.399918 -0.397143 0.499463
-0.400011 -0.400268 0.500053 -0.399921 -0.397259 0.499484
-0.399991 -0.399777 0.499956 -0.399924 -0.397372 0.499505
-0.400011 -0.400268 0.500053 -0.399927 -0.397481 0.499525
-0.399991 -0.399777 0.499956 -0.399929 -0.397587 0.499545
-0.400011 -0.400268 0.500053 -0.399932 -0.39769 0.499564
-0.399991 -0.399777 0.499956 -0.399934 -0.39779 0.499583
-0.400011 -0.400268 0.500053 -0.399937 -0.397886 0.4996
-0.399991 -0.399777 0.499956 -0.399939 -0.39798 0.499618
-0.400011 -0.400268 0.500053 -0.399941 -0.398071 0.499635
-0.399991 -0.399777 0.499956 -0.399943 -0.398159 0.499651
-0.400011 -0.400268 0.500053 -0.399945 -0.398244 0.499667
-0.399991 -0.399777 0.499956 -0.399948 -0.398326 0.499682
-0.400011 -0.400268 0.500053 -0.39995 -0.398406 0.499697
-0.399991 -0.399777 0.499956 -0.399951 -0.398484 0.499711
-0.400011 -0.400268 0.500053 -0.399953 -0.398559 0.499725
-0.399991 -0.399777 0.499956 -0.399955 -0.398631 0.499739
-0.400011 -0.400268 0.500053 -0.399959 -0.398769 0.499764
-0.399991 -0.399777 0.499956 -0.39996 -0.398834 0.499776
-0.400011 -0.400268 0.500053 -0.399962 -0.398897 0.499788
-0.399991 -0.399777 0.499956 -0.399963 -0.398958 0.4998
-0.400011 -0.400268 0.500053 -0.399965 -0.399017 0.49981
-0.399991 -0.399777 0.499956 -0.399966 -0.399074 0.499821
