-0.399991 -0.399777 0.499956 -0.40001 -0.400267 0.500052
-0.399972 -0.399287 0.499859 -0.40001 -0.400267 0.500052
-0.399953 -0.398797 0.499763 -0.40001 -0.400267 0.500052
-0.399933 -0.398307 0.499666 -0.40001 -0.400267 0.500052
-0.399914 -0.397817 0.499569 -0.400009 -0.400266 0.500052
-0.399894 -0.397327 0.499472 -0.400009 -0.400264 0.500052
-0.399875 -0.396836 0.499376 -0.400009 -0.400262 0.500051
-0.399856 -0.396346 0.499279 -0.400009 -0.40026 0.500051
-0.399836 -0.395856 0.499182 -0.400009 -0.400257 0.50005
-0.399817 -0.395366 0.499085 -0.400009 -0.40025 0.500049
-0.399798 -0.394876 0.498989 -0.400009 -0.400243 0.500048
-0.399778 -0.394386 0.498892 -0.400008 -0.400235 0.500046
-0.399759 -0.393895 0.498795 -0.400008 -0.400223 0.500044
-0.39974 -0.393405 0.498698 -0.400007 -0.400209 0.500041
-0.39972 -0.392915 0.498602 -0.400007 -0.40019 0.500037
-0.399701 -0.392425 0.498505 -0.400005 -0.400141 0.500028
-0.399682 -0.391935 0.498408 -0.400004 -0.400109 0.500021
-0.399662 -0.391444 0.498311 -0.400002 -0.400073 0.500014
-0.399643 -0.390954 0.498215 -0.400001 -0.400032 0.500006
-0.399624 -0.390464 0.498118 -0.399999 -0.399986 0.499997
-0.399604 -0.389974 0.498021 -0.399997 -0.399935 0.499988
-0.399585 -0.389484 0.497924 -0.399995 -0.399879 0.499977
-0.399566 -0.388994 0.497828 -0.399993 -0.399817 0.499965
-0.399546 -0.388503 0.497731 -0.399991 -0.39975 0.499952
-0.399527 -0.388013 0.497634 -0.399988 -0.399676 0.499937
-0.399507 -0.387523 0.497537 -0.399986 -0.399597 0.499922
-0.399488 -0.387033 0.497441 -0.399983 -0.399512 0.499906
-0.399469 -0.386543 0.497344 -0.39998 -0.399421 0.499888
-0.399449 -0.386053 0.497247 -0.399976 -0.399323 0.499869
-0.39943 -0.385562 0.49715 -0.399973 -0.39922 0.499849
-0.399411 -0.385072 0.497054 -0.399969 -0.39911 0.499828
-0.399391 -0.384582 0.496957 -0.399965 -0.398993 0.499806
-0.399372 -0.384092 0.49686 -0.399961 -0.39887 0.499782
-0.399353 -0.383602 0.496764 -0.399957 -0.39874 0.499757
-0.399333 -0.383112 0.496667 -0.399952 -0.398604 0.499731
-0.399314 -0.382621 0.49657 -0.399948 -0.398462 0.499704
-0.399295 -0.382131 0.496473 -0.399943 -0.398314 0.499675
-0.399275 -0.381641 0.496377 -0.399938 -0.398159 0.499645
-0.399256 -0.381151 0.49628 -0.399932 -0.397997 0.499615
-0.399237 -0.380661 0.496183 -0.399927 -0.397829 0.499582
-0.399217 -0.380171 0.496086 -0.399921 -0.397655 0.499549
-0.399198 -0.37968 0.49599 -0.399915 -0.397474 0.499514
-0.399179 -0.37919 0.495893 -0.399909 -0.397287 0.499479
-0.399159 -0.3787 0.495796 -0.399903 -0.397094 0.499442
-0.39914 -0.37821 0.495699 -0.39989 -0.396688 0.499364
-0.399121 -0.37772 0.495603 -0.399883 -0.396475 0.499323
-0.399101 -0.37723 0.495506 -0.399869 -0.396032 0.499238
-0.399082 -0.376739 0.495409 -0.399862 -0.395801 0.499194
-0.399062 -0.376249 0.495312 -0.399854 -0.395565 0.499149
-0.399043 -0.375759 0.495216 -0.399846 -0.395323 0.499103
-0.399024 -0.375269 0.495119 -0.399838 -0.395076 0.499056
-0.399004 -0.374779 0.495022 -0.39983 -0.394823 0.499007
-0.398985 -0.374289 0.494925 -0.399822 -0.394565 0.498958
-0.398966 -0.373798 0.494829 -0.399814 -0.394301 0.498907
-0.398946 -0.373308 0.494732 -0.399805 -0.394033 0.498856
-0.398927 -0.372818 0.494635 -0.399796 -0.393759 0.498804
-0.398908 -0.372328 0.494538 -0.399787 -0.393479 0.49875
-0.398888 -0.371838 0.494442 -0.399778 -0.393195 0.498696
-0.398869 -0.371348 0.494345 -0.399769 -0.392905 0.49864
-0.39885 -0.370857 0.494248 -0.399759 -0.392611 0.498584
-0.39883 -0.370367 0.494151 -0.39975 -0.392312 0.498527
-0.398811 -0.369877 0.494055 -0.39974 -0.392008 0.498468
-0.398792 -0.369387 0.493958 -0.39973 -0.391699 0.498409
-0.398772 -0.368897 0.493861 -0.39972 -0.391386 0.498349
-0.398753 -0.368407 0.493764 -0.39971 -0.391069 0.498288
-0.398734 -0.367916 0.493668 -0.399699 -0.390747 0.498227
-0.398714 -0.367426 0.493571 -0.399688 -0.390422 0.498164
-0.398695 -0.366936 0.493474 -0.399678 -0.390092 0.498101
-0.398675 -0.366446 0.493377 -0.399667 -0.389758 0.498037
-0.398656 -0.365956 0.493281 -0.399656 -0.38942 0.497972
-0.398637 -0.365466 0.493184 -0.399644 -0.389077 0.497906
-0.398617 -0.364975 0.493087 -0.399633 -0.388731 0.49784
-0.398598 -0.364485 0.49299 -0.399622 -0.388381 0.497772
-0.398579 -0.363995 0.492894 -0.39961 -0.388026 0.497704
-0.398559 -0.363505 0.492797 -0.399586 -0.387306 0.497566
-0.39854 -0.363015 0.4927 -0.399574 -0.386941 0.497495
-0.398521 -0.362524 0.492604 -0.399562 -0.386572 0.497424
-0.398501 -0.362034 0.492507 -0.399549 -0.3862 0.497353
-0.398482 -0.361544 0.49241 -0.399537 -0.385825 0.497281
-0.398463 -0.361054 0.492313 -0.399524 -0.385447 0.497208
-0.398443 -0.360564 0.492217 -0.399511 -0.385066 0.497134
-0.398424 -0.360074 0.49212 -0.399498 -0.384682 0.49706
-0.398405 -0.359583 0.492023 -0.399485 -0.384295 0.496985
-0.398385 -0.359093 0.491926 -0.399472 -0.383905 0.49691
-0.398366 -0.358603 0.49183 -0.399458 -0.383512 0.496834
-0.398347 -0.358113 0.491733 -0.399445 -0.383117 0.496758
-0.398327 -0.357623 0.491636 -0.399431 -0.382719 0.496681
-0.398308 -0.357133 0.491539 -0.399418 -0.382318 0.496603
-0.398289 -0.356642 0.491443 -0.399404 -0.381915 0.496525
-0.398269 -0.356152 0.491346 -0.39939 -0.381509 0.496447
-0.39825 -0.355662 0.491249 -0.399375 -0.381101 0.496368
-0.39823 -0.355172 0.491152 -0.399361 -0.38069 0.496288
-0.398211 -0.354682 0.491056 -0.399347 -0.380277 0.496208
-0.398192 -0.354192 0.490959 -0.399332 -0.379862 0.496127
-0.398172 -0.353701 0.490862 -0.399318 -0.379445 0.496046
-0.398153 -0.353211 0.490765 -0.399303 -0.379025 0.495965
-0.398134 -0.352721 0.490669 -0.399288 -0.378605 0.495883
-0.398114 -0.352231 0.490572 -0.399258 -0.377758 0.495719
-0.398095 -0.351741 0.490475 -0.399243 -0.377332 0.495636
-0.398076 -0.351251 0.490378 -0.399228 -0.376904 0.495553
-0.398056 -0.35076 0.490282 -0.399213 -0.376475 0.495469
-0.398037 -0.35027 0.490185 -0.399197 -0.376044 0.495385
-0.398018 -0.34978 0.490088 -0.399182 -0.375612 0.495301
-0.397998 -0.34929 0.489991 -0.399166 -0.375178 0.495216
-0.397979 -0.3488 0.489895 -0.39915 -0.374742 0.495131
-0.39796 -0.34831 0.489798 -0.399134 -0.374305 0.495046
-0.39794 -0.347819 0.489701 -0.399118 -0.373867 0.494961
-0.397921 -0.347329 0.489604 -0.399102 -0.373427 0.494875
-0.397902 -0.346839 0.489508 -0.399086 -0.372986 0.494789
-0.397882 -0.346349 0.489411 -0.39907 -0.372543 0.494702
-0.397863 -0.345859 0.489314 -0.399054 -0.3721 0.494615
-0.397843 -0.345369 0.489217 -0.399038 -0.371655 0.494529
-0.397824 -0.344878 0.489121 -0.399021 -0.37121 0.494441
-0.397805 -0.344388 0.489024 -0.399005 -0.370763 0.494354
-0.397785 -0.343898 0.488927 -0.398988 -0.370315 0.494266
-0.397766 -0.343408 0.488831 -0.398972 -0.369866 0.494178
-0.397747 -0.342918 0.488734 -0.398955 -0.369416 0.49409
-0.397727 -0.342428 0.488637 -0.398938 -0.368965 0.494002
-0.397708 -0.341937 0.48854 -0.398904 -0.368061 0.493825
-0.397689 -0.341447 0.488444 -0.398887 -0.367608 0.493736
-0.397669 -0.340957 0.488347 -0.39887 -0.367154 0.493647
-0.39765 -0.340467 0.48825 -0.398853 -0.366699 0.493557
-0.397631 -0.339977 0.488153 -0.398836 -0.366243 0.493468
-0.397611 -0.339487 0.488057 -0.398819 -0.365786 0.493378
-0.397592 -0.338996 0.48796 -0.398802 -0.365328 0.493288
-0.397573 -0.338506 0.487863 -0.398784 -0.36487 0.493198
-0.397553 -0.338016 0.487766 -0.398767 -0.364412 0.493108
-0.397534 -0.337526 0.48767 -0.398749 -0.363953 0.493018
-0.397515 -0.337036 0.487573 -0.398732 -0.363495 0.492928
-0.397495 -0.336546 0.487476 -0.398714 -0.363036 0.492838
-0.397476 -0.336055 0.487379 -0.398697 -0.362577 0.492747
-0.397457 -0.335565 0.487283 -0.398679 -0.362118 0.492657
-0.397437 -0.335075 0.487186 -0.398644 -0.361199 0.492476
-0.397418 -0.334585 0.487089 -0.398626 -0.360739 0.492385
-0.397398 -0.334095 0.486992 -0.398608 -0.360278 0.492294
-0.397379 -0.333604 0.486896 -0.398591 -0.359818 0.492204
-0.39736 -0.333114 0.486799 -0.398573 -0.359358 0.492113
-0.39734 -0.332624 0.486702 -0.398555 -0.358897 0.492022
-0.397321 -0.332134 0.486605 -0.398537 -0.358437 0.491931
-0.397302 -0.331644 0.486509 -0.398519 -0.357976 0.49184
-0.397282 -0.331154 0.486412 -0.398501 -0.357516 0.491749
-0.397263 -0.330663 0.486315 -0.398483 -0.357055 0.491658
-0.397244 -0.330173 0.486218 -0.398465 -0.356594 0.491567
-0.397224 -0.329683 0.486122 -0.398447 -0.356133 0.491476
-0.397205 -0.329193 0.486025 -0.398429 -0.355671 0.491385
-0.397186 -0.328703 0.485928 -0.398411 -0.355209 0.491294
-0.397166 -0.328213 0.485831 -0.398393 -0.354746 0.491202
-0.397147 -0.327722 0.485735 -0.398375 -0.354283 0.491111
-0.397128 -0.327232 0.485638 -0.398356 -0.35382 0.491019
-0.397108 -0.326742 0.485541 -0.398338 -0.353356 0.490928
-0.397089 -0.326252 0.485444 -0.39832 -0.352892 0.490836
-0.39707 -0.325762 0.485348 -0.398302 -0.352427 0.490744
-0.39705 -0.325272 0.485251 -0.398284 -0.351962 0.490652
-0.397031 -0.324781 0.485154 -0.398265 -0.351498 0.49056
-0.397011 -0.324291 0.485057 -0.398247 -0.351033 0.490469
-0.396992 -0.323801 0.484961 -0.398229 -0.350568 0.490377
-0.396973 -0.323311 0.484864 -0.398211 -0.350103 0.490285
-0.396953 -0.322821 0.484767 -0.398192 -0.349638 0.490193
-0.396934 -0.322331 0.484671 -0.398174 -0.349172 0.490101
-0.396915 -0.32184 0.484574 -0.398156 -0.348707 0.490009
-0.396895 -0.32135 0.484477 -0.398137 -0.348241 0.489916
-0.396876 -0.32086 0.48438 -0.398101 -0.347308 0.489732
-0.396857 -0.32037 0.484284 -0.398082 -0.346841 0.48964
-0.396837 -0.31988 0.484187 -0.398064 -0.346374 0.489547
-0.396818 -0.31939 0.48409 -0.398046 -0.345907 0.489455
-0.396799 -0.318899 0.483993 -0.398027 -0.34544 0.489363
-0.396779 -0.318409 0.483897 -0.398009 -0.344972 0.48927
-0.39676 -0.317919 0.4838 -0.39799 -0.344505 0.489178
-0.396741 -0.317429 0.483703 -0.397972 -0.344038 0.489085
-0.396721 -0.316939 0.483606 -0.397953 -0.343571 0.488993
-0.396702 -0.316449 0.48351 -0.397935 -0.343103 0.4889
-0.396683 -0.315958 0.483413 -0.397917 -0.342636 0.488808
-0.396663 -0.315468 0.483316 -0.397898 -0.342168 0.488715
-0.396644 -0.314978 0.483219 -0.39788 -0.3417 0.488623
-0.396625 -0.314488 0.483123 -0.397861 -0.341231 0.48853
-0.396605 -0.313998 0.483026 -0.397843 -0.340762 0.488437
-0.396586 -0.313508 0.482929 -0.397824 -0.340293 0.488344
-0.396566 -0.313017 0.482832 -0.397806 -0.339824 0.488252
-0.396547 -0.312527 0.482736 -0.397769 -0.338884 0.488066
-0.396528 -0.312037 0.482639 -0.39775 -0.338414 0.487973
-0.396508 -0.311547 0.482542 -0.397732 -0.337943 0.48788
-0.396489 -0.311057 0.482445 -0.397713 -0.337472 0.487787
-0.39647 -0.310567 0.482349 -0.397695 -0.337002 0.487694
-0.39645 -0.310076 0.482252 -0.397676 -0.336532 0.487601
-0.396431 -0.309586 0.482155 -0.397658 -0.336062 0.487508
-0.396412 -0.309096 0.482058 -0.397639 -0.335592 0.487415
-0.396392 -0.308606 0.481962 -0.397621 -0.335122 0.487322
-0.396373 -0.308116 0.481865 -0.397602 -0.334652 0.487229
-0.396354 -0.307626 0.481768 -0.397584 -0.334182 0.487136
-0.396334 -0.307135 0.481671 -0.397565 -0.333712 0.487043
-0.396315 -0.306645 0.481575 -0.397546 -0.333241 0.48695
-0.396296 -0.306155 0.481478 -0.397528 -0.332771 0.486856
-0.396276 -0.305665 0.481381 -0.397509 -0.332301 0.486763
-0.396257 -0.305175 0.481284 -0.397491 -0.33183 0.48667
-0.396238 -0.304684 0.481188 -0.397472 -0.331359 0.486577
-0.396218 -0.304194 0.481091 -0.397454 -0.330888 0.486484
-0.396199 -0.303704 0.480994 -0.397435 -0.330417 0.486391
-0.396179 -0.303214 0.480897 -0.397417 -0.329946 0.486298
-0.39616 -0.302724 0.480801 -0.397398 -0.329475 0.486204
-0.396141 -0.302234 0.480704 -0.397379 -0.329004 0.486111
-0.396121 -0.301743 0.480607 -0.397361 -0.328533 0.486018
-0.396102 -0.301253 0.480511 -0.397342 -0.328061 0.485925
-0.396083 -0.300763 0.480414 -0.397324 -0.32759 0.485832
-0.396063 -0.300273 0.480317 -0.397305 -0.32712 0.485738
-0.396044 -0.299783 0.48022 -0.397287 -0.326649 0.485645
-0.396025 -0.299293 0.480124 -0.397268 -0.326178 0.485552
-0.396005 -0.298802 0.480027 -0.397231 -0.325237 0.485366
-0.395986 -0.298312 0.47993 -0.397212 -0.324766 0.485273
-0.395967 -0.297822 0.479833 -0.397194 -0.324295 0.48518
-0.395947 -0.297332 0.479737 -0.397175 -0.323824 0.485087
-0.395928 -0.296842 0.47964 -0.397156 -0.323353 0.484993
-0.395909 -0.296352 0.479543 -0.397138 -0.322882 0.4849
-0.395889 -0.295861 0.479446 -0.397119 -0.322411 0.484807
-0.39587 -0.295371 0.47935 -0.397101 -0.32194 0.484714
-0.395851 -0.294881 0.479253 -0.397082 -0.321469 0.484621
-0.395831 -0.294391 0.479156 -0.397064 -0.320998 0.484527
-0.395812 -0.293901 0.479059 -0.397045 -0.320526 0.484434
-0.395793 -0.293411 0.478963 -0.397026 -0.320055 0.484341
-0.395773 -0.29292 0.478866 -0.397008 -0.319584 0.484248
-0.395754 -0.29243 0.478769 -0.396989 -0.319112 0.484154
-0.395734 -0.29194 0.478672 -0.396971 -0.318641 0.484061
-0.395715 -0.29145 0.478576 -0.396952 -0.318169 0.483968
-0.395696 -0.29096 0.478479 -0.396934 -0.317697 0.483875
-0.395676 -0.29047 0.478382 -0.396915 -0.317225 0.483781
-0.395657 -0.289979 0.478285 -0.396896 -0.316753 0.483688
-0.395638 -0.289489 0.478189 -0.396878 -0.316281 0.483594
-0.395618 -0.288999 0.478092 -0.396841 -0.315337 0.483408
-0.395599 -0.288509 0.477995 -0.396822 -0.314865 0.483314
-0.39558 -0.288019 0.477898 -0.396804 -0.314393 0.483221
-0.39556 -0.287529 0.477802 -0.396785 -0.313921 0.483128
-0.395541 -0.287038 0.477705 -0.396767 -0.31345 0.483034
-0.395522 -0.286548 0.477608 -0.396748 -0.312978 0.482941
-0.395502 -0.286058 0.477511 -0.396729 -0.312507 0.482848
-0.395483 -0.285568 0.477415 -0.396711 -0.312035 0.482755
-0.395464 -0.285078 0.477318 -0.396692 -0.311564 0.482662
-0.395444 -0.284588 0.477221 -0.396674 -0.311093 0.482568
-0.395425 -0.284097 0.477124 -0.396655 -0.310621 0.482475
-0.395406 -0.283607 0.477028 -0.396637 -0.31015 0.482382
-0.395386 -0.283117 0.476931 -0.396618 -0.309678 0.482289
-0.395367 -0.282627 0.476834 -0.3966 -0.309207 0.482195
-0.395348 -0.282137 0.476738 -0.396581 -0.308735 0.482102
-0.395328 -0.281647 0.476641 -0.396562 -0.308264 0.482009
-0.395309 -0.281156 0.476544 -0.396544 -0.307792 0.481916
-0.395289 -0.280666 0.476447 -0.396525 -0.307321 0.481822
-0.39527 -0.280176 0.476351 -0.396507 -0.306849 0.481729
-0.395251 -0.279686 0.476254 -0.396488 -0.306378 0.481636
-0.395231 -0.279196 0.476157 -0.39647 -0.305907 0.481543
-0.395212 -0.278705 0.47606 -0.396451 -0.305437 0.48145
-0.395193 -0.278215 0.475964 -0.396433 -0.304966 0.481357
-0.395173 -0.277725 0.475867 -0.396414 -0.304496 0.481263
-0.395154 -0.277235 0.47577 -0.396377 -0.303555 0.481077
-0.395135 -0.276745 0.475673 -0.396359 -0.303085 0.480984
-0.395115 -0.276255 0.475577 -0.39634 -0.302615 0.480892
-0.395096 -0.275764 0.47548 -0.396322 -0.302146 0.480799
-0.395077 -0.275274 0.475383 -0.396303 -0.301676 0.480706
-0.395057 -0.274784 0.475286 -0.396285 -0.301207 0.480613
-0.395038 -0.274294 0.47519 -0.396266 -0.300738 0.48052
-0.395019 -0.273804 0.475093 -0.396247 -0.300269 0.480427
-0.394999 -0.273314 0.474996 -0.396229 -0.2998 0.480335
-0.39498 -0.272823 0.474899 -0.39621 -0.299331 0.480242
-0.394961 -0.272333 0.474803 -0.396192 -0.298863 0.480149
-0.394941 -0.271843 0.474706 -0.396174 -0.298394 0.480056
-0.394922 -0.271353 0.474609 -0.396155 -0.297924 0.479963
-0.394902 -0.270863 0.474512 -0.396137 -0.297455 0.479871
-0.394883 -0.270373 0.474416 -0.396118 -0.296986 0.479778
-0.394864 -0.269882 0.474319 -0.3961 -0.296516 0.479685
-0.394844 -0.269392 0.474222 -0.396081 -0.296046 0.479592
-0.394825 -0.268902 0.474125 -0.396063 -0.295576 0.479499
-0.394806 -0.268412 0.474029 -0.396044 -0.295106 0.479406
-0.394786 -0.267922 0.473932 -0.396026 -0.294635 0.479313
-0.394767 -0.267432 0.473835 -0.396007 -0.294165 0.47922
-0.394748 -0.266941 0.473738 -0.395989 -0.293695 0.479127
-0.394728 -0.266451 0.473642 -0.39597 -0.293225 0.479034
-0.394709 -0.265961 0.473545 -0.395952 -0.292755 0.478941
-0.39469 -0.265471 0.473448 -0.395934 -0.292285 0.478848
-0.39467 -0.264981 0.473351 -0.395915 -0.291814 0.478755
-0.394651 -0.264491 0.473255 -0.395897 -0.291344 0.478662
-0.394632 -0.264 0.473158 -0.395878 -0.290873 0.478569
-0.394612 -0.26351 0.473061 -0.39586 -0.290402 0.478476
-0.394593 -0.26302 0.472964 -0.395841 -0.289931 0.478383
-0.394574 -0.26253 0.472868 -0.395823 -0.28946 0.47829
-0.394554 -0.26204 0.472771 -0.395786 -0.288518 0.478104
-0.394535 -0.26155 0.472674 -0.395767 -0.288047 0.47801
-0.394516 -0.261059 0.472578 -0.395749 -0.287576 0.477917
-0.394496 -0.260569 0.472481 -0.395731 -0.287105 0.477824
-0.394477 -0.260079 0.472384 -0.395712 -0.286634 0.477731
-0.394457 -0.259589 0.472287 -0.395694 -0.286163 0.477638
-0.394438 -0.259099 0.472191 -0.395675 -0.285693 0.477545
-0.394419 -0.258609 0.472094 -0.395657 -0.285223 0.477452
-0.394399 -0.258118 0.471997 -0.395638 -0.284753 0.477359
-0.39438 -0.257628 0.4719 -0.39562 -0.284283 0.477266
-0.394361 -0.257138 0.471804 -0.395601 -0.283813 0.477173
-0.394341 -0.256648 0.471707 -0.395583 -0.283342 0.47708
-0.394322 -0.256158 0.47161 -0.395565 -0.282871 0.476987
-0.394303 -0.255668 0.471513 -0.395546 -0.2824 0.476894
-0.394283 -0.255177 0.471417 -0.395528 -0.281929 0.476801
-0.394264 -0.254687 0.47132 -0.395509 -0.281457 0.476708
-0.394245 -0.254197 0.471223 -0.395491 -0.280985 0.476614
-0.394225 -0.253707 0.471126 -0.395472 -0.280513 0.476521
-0.394206 -0.253217 0.47103 -0.395454 -0.280041 0.476428
-0.394187 -0.252727 0.470933 -0.395435 -0.279569 0.476334
-0.394167 -0.252236 0.470836 -0.395417 -0.279096 0.476241
-0.394148 -0.251746 0.470739 -0.395399 -0.278624 0.476148
-0.394129 -0.251256 0.470643 -0.39538 -0.278151 0.476054
-0.394109 -0.250766 0.470546 -0.395362 -0.277679 0.475961
-0.39409 -0.250276 0.470449 -0.395343 -0.277207 0.475868
-0.39407 -0.249785 0.470352 -0.395325 -0.276735 0.475774
-0.394051 -0.249295 0.470256 -0.395306 -0.276262 0.475681
-0.394032 -0.248805 0.470159 -0.395288 -0.27579 0.475588
-0.394012 -0.248315 0.470062 -0.395269 -0.275318 0.475494
-0.393993 -0.247825 0.469965 -0.395251 -0.274846 0.475401
-0.393974 -0.247335 0.469869 -0.395214 -0.273901 0.475214
-0.393954 -0.246844 0.469772 -0.395196 -0.273429 0.475121
-0.393935 -0.246354 0.469675 -0.395177 -0.272956 0.475027
-0.393916 -0.245864 0.469578 -0.395159 -0.272484 0.474934
-0.393896 -0.245374 0.469482 -0.39514 -0.272011 0.474841
-0.393877 -0.244884 0.469385 -0.395122 -0.271538 0.474747
-0.393858 -0.244394 0.469288 -0.395103 -0.271065 0.474654
-0.393838 -0.243903 0.469191 -0.395085 -0.270592 0.47456
-0.393819 -0.243413 0.469095 -0.395066 -0.270118 0.474466
-0.3938 -0.242923 0.468998 -0.395048 -0.269645 0.474373
-0.39378 -0.242433 0.468901 -0.395029 -0.269171 0.474279
-0.393761 -0.241943 0.468804 -0.395011 -0.268697 0.474186
-0.393742 -0.241453 0.468708 -0.394992 -0.268224 0.474092
-0.393722 -0.240962 0.468611 -0.394974 -0.267749 0.473998
-0.393703 -0.240472 0.468514 -0.394955 -0.267275 0.473905
-0.393684 -0.239982 0.468418 -0.394937 -0.266801 0.473811
-0.393664 -0.239492 0.468321 -0.394918 -0.266327 0.473717
-0.393645 -0.239002 0.468224 -0.3949 -0.265852 0.473623
-0.393625 -0.238512 0.468127 -0.394881 -0.265377 0.47353
-0.393606 -0.238021 0.468031 -0.394863 -0.264902 0.473436
-0.393587 -0.237531 0.467934 -0.394844 -0.264427 0.473342
-0.393567 -0.237041 0.467837 -0.394826 -0.263953 0.473248
-0.393548 -0.236551 0.46774 -0.394807 -0.263478 0.473154
-0.393529 -0.236061 0.467644 -0.394789 -0.263005 0.473061
-0.393509 -0.235571 0.467547 -0.39477 -0.262532 0.472967
-0.39349 -0.23508 0.46745 -0.394752 -0.262059 0.472874
-0.393471 -0.23459 0.467353 -0.394733 -0.261586 0.47278
-0.393451 -0.2341 0.467257 -0.394715 -0.261112 0.472687
-0.393432 -0.23361 0.46716 -0.394696 -0.260639 0.472593
-0.393413 -0.23312 0.467063 -0.394678 -0.260165 0.472499
-0.393393 -0.23263 0.466966 -0.394641 -0.259217 0.472312
-0.393374 -0.232139 0.46687 -0.394622 -0.258743 0.472218
-0.393355 -0.231649 0.466773 -0.394604 -0.258268 0.472124
-0.393335 -0.231159 0.466676 -0.394585 -0.257794 0.472031
-0.393316 -0.230669 0.466579 -0.394566 -0.25732 0.471937
-0.393297 -0.230179 0.466483 -0.394548 -0.256846 0.471843
-0.393277 -0.229689 0.466386 -0.394529 -0.256372 0.471749
-0.393258 -0.229198 0.466289 -0.394511 -0.255897 0.471656
-0.393238 -0.228708 0.466192 -0.394492 -0.255423 0.471562
-0.393219 -0.228218 0.466096 -0.394474 -0.254948 0.471468
-0.3932 -0.227728 0.465999 -0.394455 -0.254474 0.471374
-0.39318 -0.227238 0.465902 -0.394437 -0.253999 0.471281
-0.393161 -0.226748 0.465805 -0.394418 -0.253525 0.471187
-0.393142 -0.226257 0.465709 -0.3944 -0.25305 0.471093
-0.393122 -0.225767 0.465612 -0.394381 -0.252575 0.470999
-0.393103 -0.225277 0.465515 -0.394362 -0.2521 0.470905
-0.393084 -0.224787 0.465418 -0.394344 -0.251625 0.470811
-0.393064 -0.224297 0.465322 -0.394325 -0.251149 0.470717
-0.393045 -0.223807 0.465225 -0.394307 -0.250674 0.470623
-0.393026 -0.223316 0.465128 -0.394288 -0.250199 0.470529
-0.393006 -0.222826 0.465031 -0.39427 -0.249725 0.470436
-0.392987 -0.222336 0.464935 -0.394251 -0.24925 0.470342
-0.392968 -0.221846 0.464838 -0.394233 -0.248776 0.470248
-0.392948 -0.221356 0.464741 -0.394214 -0.248301 0.470154
-0.392929 -0.220865 0.464645 -0.394195 -0.247826 0.47006
-0.39291 -0.220375 0.464548 -0.394177 -0.247351 0.469966
-0.39289 -0.219885 0.464451 -0.394158 -0.246875 0.469872
-0.392871 -0.219395 0.464354 -0.39414 -0.246399 0.469778
-0.392852 -0.218905 0.464258 -0.394121 -0.245923 0.469684
-0.392832 -0.218415 0.464161 -0.394103 -0.245447 0.46959
-0.392813 -0.217924 0.464064 -0.394084 -0.24497 0.469496
-0.392793 -0.217434 0.463967 -0.394065 -0.244494 0.469402
-0.392774 -0.216944 0.463871 -0.394047 -0.244017 0.469307
-0.392755 -0.216454 0.463774 -0.394028 -0.24354 0.469213
-0.392735 -0.215964 0.463677 -0.39401 -0.243063 0.469119
-0.392716 -0.215474 0.46358 -0.393991 -0.242586 0.469025
-0.392697 -0.214983 0.463484 -0.393973 -0.242109 0.46893
-0.392677 -0.214493 0.463387 -0.393954 -0.241633 0.468836
-0.392658 -0.214003 0.46329 -0.393917 -0.240679 0.468648
-0.392639 -0.213513 0.463193 -0.393898 -0.240203 0.468553
-0.392619 -0.213023 0.463097 -0.39388 -0.239726 0.468459
-0.3926 -0.212533 0.463 -0.393861 -0.23925 0.468365
-0.392581 -0.212042 0.462903 -0.393842 -0.238773 0.468271
-0.392561 -0.211552 0.462806 -0.393824 -0.238296 0.468177
-0.392542 -0.211062 0.46271 -0.393805 -0.23782 0.468082
-0.392523 -0.210572 0.462613 -0.393768 -0.236866 0.467894
-0.392503 -0.210082 0.462516 -0.393749 -0.236389 0.4678
-0.392484 -0.209592 0.462419 -0.393731 -0.235913 0.467705
-0.392465 -0.209101 0.462323 -0.393712 -0.235436 0.467611
-0.392445 -0.208611 0.462226 -0.393693 -0.23496 0.467517
-0.392426 -0.208121 0.462129 -0.393675 -0.234484 0.467423
-0.392406 -0.207631 0.462032 -0.393656 -0.234008 0.467329
-0.392387 -0.207141 0.461936 -0.393637 -0.233533 0.467235
-0.392368 -0.206651 0.461839 -0.393619 -0.233059 0.467141
-0.392348 -0.20616 0.461742 -0.3936 -0.232584 0.467047
-0.392329 -0.20567 0.461645 -0.393581 -0.232111 0.466953
-0.39231 -0.20518 0.461549 -0.393563 -0.231637 0.46686
-0.39229 -0.20469 0.461452 -0.393544 -0.231165 0.466766
-0.392271 -0.2042 0.461355 -0.393525 -0.230693 0.466673
-0.392252 -0.20371 0.461258 -0.393507 -0.230222 0.46658
-0.392232 -0.203219 0.461162 -0.393488 -0.229751 0.466486
-0.392213 -0.202729 0.461065 -0.39347 -0.22928 0.466393
-0.392194 -0.202239 0.460968 -0.393451 -0.228809 0.4663
-0.392174 -0.201749 0.460871 -0.393432 -0.228338 0.466207
-0.392155 -0.201259 0.460775 -0.393414 -0.227867 0.466114
-0.392136 -0.200769 0.460678 -0.393395 -0.227397 0.466021
-0.392116 -0.200278 0.460581 -0.393376 -0.226927 0.465928
-0.392097 -0.199788 0.460485 -0.393358 -0.226457 0.465835
-0.392078 -0.199298 0.460388 -0.393339 -0.225987 0.465742
-0.392058 -0.198808 0.460291 -0.393321 -0.225517 0.465648
-0.392039 -0.198318 0.460194 -0.393302 -0.225047 0.465555
-0.39202 -0.197828 0.460098 -0.393284 -0.224576 0.465462
-0.392 -0.197337 0.460001 -0.393265 -0.224106 0.465369
-0.391981 -0.196847 0.459904 -0.393246 -0.223636 0.465276
-0.391961 -0.196357 0.459807 -0.393228 -0.223166 0.465183
-0.391942 -0.195867 0.459711 -0.393209 -0.222696 0.46509
-0.391923 -0.195377 0.459614 -0.393191 -0.222226 0.464997
-0.391903 -0.194886 0.459517 -0.393154 -0.221285 0.464811
-0.391884 -0.194396 0.45942 -0.393135 -0.220815 0.464718
-0.391865 -0.193906 0.459324 -0.393117 -0.220345 0.464625
-0.391845 -0.193416 0.459227 -0.393098 -0.219874 0.464532
-0.391826 -0.192926 0.45913 -0.39308 -0.219404 0.464439
-0.391807 -0.192436 0.459033 -0.393061 -0.218933 0.464346
-0.391787 -0.191945 0.458937 -0.393043 -0.218462 0.464253
-0.391768 -0.191455 0.45884 -0.393024 -0.217991 0.46416
-0.391749 -0.190965 0.458743 -0.393006 -0.21752 0.464066
-0.391729 -0.190475 0.458646 -0.392987 -0.217049 0.463973
-0.39171 -0.189985 0.45855 -0.392969 -0.216578 0.46388
-0.391691 -0.189495 0.458453 -0.39295 -0.216107 0.463787
-0.391671 -0.189004 0.458356 -0.392932 -0.215635 0.463694
-0.391652 -0.188514 0.458259 -0.392913 -0.215164 0.4636
-0.391633 -0.188024 0.458163 -0.392895 -0.214693 0.463507
-0.391613 -0.187534 0.458066 -0.392876 -0.214222 0.463414
-0.391594 -0.187044 0.457969 -0.392858 -0.213751 0.463321
-0.391574 -0.186554 0.457872 -0.39284 -0.213281 0.463228
-0.391555 -0.186063 0.457776 -0.392821 -0.21281 0.463135
-0.391536 -0.185573 0.457679 -0.392803 -0.21234 0.463042
-0.391516 -0.185083 0.457582 -0.392784 -0.21187 0.462949
-0.391497 -0.184593 0.457485 -0.392766 -0.211399 0.462856
-0.391478 -0.184103 0.457389 -0.392747 -0.210929 0.462763
-0.391458 -0.183613 0.457292 -0.392729 -0.210459 0.46267
-0.391439 -0.183122 0.457195 -0.39271 -0.209989 0.462577
-0.39142 -0.182632 0.457098 -0.392692 -0.209519 0.462484
-0.3914 -0.182142 0.457002 -0.392655 -0.208579 0.462298
-0.391381 -0.181652 0.456905 -0.392637 -0.208109 0.462205
-0.391362 -0.181162 0.456808 -0.392618 -0.207639 0.462112
-0.391342 -0.180672 0.456711 -0.3926 -0.207168 0.462019
-0.391323 -0.180181 0.456615 -0.392581 -0.206698 0.461926
-0.391304 -0.179691 0.456518 -0.392563 -0.206227 0.461833
-0.391284 -0.179201 0.456421 -0.392544 -0.205756 0.46174
-0.391265 -0.178711 0.456325 -0.392526 -0.205285 0.461647
-0.391246 -0.178221 0.456228 -0.392508 -0.204814 0.461553
-0.391226 -0.177731 0.456131 -0.392489 -0.204343 0.46146
-0.391207 -0.17724 0.456034 -0.392471 -0.203871 0.461367
-0.391188 -0.17675 0.455938 -0.392452 -0.2034 0.461274
-0.391168 -0.17626 0.455841 -0.392434 -0.202928 0.46118
-0.391149 -0.17577 0.455744 -0.392416 -0.202455 0.461087
-0.391129 -0.17528 0.455647 -0.392397 -0.201983 0.460994
-0.39111 -0.17479 0.455551 -0.392379 -0.20151 0.4609
-0.391091 -0.174299 0.455454 -0.39236 -0.201037 0.460807
-0.391071 -0.173809 0.455357 -0.392342 -0.200564 0.460713
-0.391052 -0.173319 0.45526 -0.392323 -0.200091 0.46062
-0.391033 -0.172829 0.455164 -0.392305 -0.199618 0.460526
-0.391013 -0.172339 0.455067 -0.392287 -0.199145 0.460433
-0.390994 -0.171849 0.45497 -0.392268 -0.198671 0.460339
-0.390975 -0.171358 0.454873 -0.39225 -0.198198 0.460245
-0.390955 -0.170868 0.454777 -0.392231 -0.197725 0.460152
-0.390936 -0.170378 0.45468 -0.392213 -0.197252 0.460058
-0.390917 -0.169888 0.454583 -0.392194 -0.196779 0.459965
-0.390897 -0.169398 0.454486 -0.392176 -0.196306 0.459871
-0.390878 -0.168908 0.45439 -0.392158 -0.195833 0.459778
-0.390859 -0.168417 0.454293 -0.392139 -0.19536 0.459684
-0.390839 -0.167927 0.454196 -0.392121 -0.194886 0.459591
-0.39082 -0.167437 0.454099 -0.392102 -0.194412 0.459497
-0.390801 -0.166947 0.454003 -0.392084 -0.193938 0.459403
-0.390781 -0.166457 0.453906 -0.392065 -0.193464 0.45931
-0.390762 -0.165966 0.453809 -0.392047 -0.19299 0.459216
-0.390742 -0.165476 0.453712 -0.39201 -0.192043 0.459028
-0.390723 -0.164986 0.453616 -0.391991 -0.191569 0.458935
-0.390704 -0.164496 0.453519 -0.391973 -0.191095 0.458841
-0.390684 -0.164006 0.453422 -0.391955 -0.19062 0.458747
-0.390665 -0.163516 0.453325 -0.391936 -0.190146 0.458654
-0.390646 -0.163025 0.453229 -0.391918 -0.189672 0.45856
-0.390626 -0.162535 0.453132 -0.391899 -0.189197 0.458466
-0.390607 -0.162045 0.453035 -0.391881 -0.188723 0.458372
-0.390588 -0.161555 0.452938 -0.391862 -0.188248 0.458278
-0.390568 -0.161065 0.452842 -0.391844 -0.187774 0.458184
-0.390549 -0.160575 0.452745 -0.391825 -0.187299 0.458091
-0.39053 -0.160084 0.452648 -0.391807 -0.186824 0.457997
-0.39051 -0.159594 0.452552 -0.391788 -0.18635 0.457903
-0.390491 -0.159104 0.452455 -0.39177 -0.185875 0.457809
-0.390472 -0.158614 0.452358 -0.391751 -0.1854 0.457715
-0.390452 -0.158124 0.452261 -0.391733 -0.184925 0.457621
-0.390433 -0.157634 0.452165 -0.391714 -0.18445 0.457527
-0.390414 -0.157143 0.452068 -0.391696 -0.183975 0.457433
-0.390394 -0.156653 0.451971 -0.391677 -0.1835 0.457339
-0.390375 -0.156163 0.451874 -0.391659 -0.183024 0.457245
-0.390356 -0.155673 0.451778 -0.39164 -0.182549 0.457152
-0.390336 -0.155183 0.451681 -0.391622 -0.182074 0.457058
-0.390317 -0.154693 0.451584 -0.391603 -0.181598 0.456963
-0.390297 -0.154202 0.451487 -0.391585 -0.181123 0.456869
-0.390278 -0.153712 0.451391 -0.391566 -0.180647 0.456775
-0.390259 -0.153222 0.451294 -0.391547 -0.180171 0.456681
-0.390239 -0.152732 0.451197 -0.391529 -0.179694 0.456587
-0.39022 -0.152242 0.4511 -0.39151 -0.179218 0.456493
-0.390201 -0.151752 0.451004 -0.391492 -0.178742 0.456399
-0.390181 -0.151261 0.450907 -0.391473 -0.178265 0.456305
-0.390162 -0.150771 0.45081 -0.391455 -0.177788 0.45621
-0.390143 -0.150281 0.450713 -0.391436 -0.177312 0.456116
-0.390123 -0.149791 0.450617 -0.391418 -0.176835 0.456022
-0.390104 -0.149301 0.45052 -0.391399 -0.176358 0.455927
-0.390085 -0.148811 0.450423 -0.391381 -0.175882 0.455833
-0.390065 -0.14832 0.450326 -0.391362 -0.175405 0.455739
-0.390046 -0.14783 0.45023 -0.391343 -0.174929 0.455645
-0.390027 -0.14734 0.450133 -0.391325 -0.174453 0.455551
-0.390007 -0.14685 0.450036 -0.391306 -0.173976 0.455456
-0.389988 -0.14636 0.449939 -0.391269 -0.173024 0.455268
-0.389969 -0.14587 0.449843 -0.39125 -0.172548 0.455174
-0.389949 -0.145379 0.449746 -0.391232 -0.172072 0.45508
-0.38993 -0.144889 0.449649 -0.391213 -0.171596 0.454986
-0.38991 -0.144399 0.449552 -0.391176 -0.170643 0.454797
-0.389891 -0.143909 0.449456 -0.391157 -0.170167 0.454703
-0.389872 -0.143419 0.449359 -0.391139 -0.169691 0.454609
-0.389852 -0.142929 0.449262 -0.39112 -0.169215 0.454515
-0.389833 -0.142438 0.449165 -0.391102 -0.168739 0.454421
-0.389814 -0.141948 0.449069 -0.391083 -0.168264 0.454327
-0.389794 -0.141458 0.448972 -0.391064 -0.167789 0.454233
-0.389775 -0.140968 0.448875 -0.391046 -0.167314 0.454139
-0.389756 -0.140478 0.448778 -0.391027 -0.16684 0.454045
-0.389736 -0.139988 0.448682 -0.391008 -0.166366 0.453951
-0.389717 -0.139497 0.448585 -0.39099 -0.165893 0.453858
-0.389698 -0.139007 0.448488 -0.390971 -0.16542 0.453764
-0.389678 -0.138517 0.448392 -0.390953 -0.164947 0.453671
-0.389659 -0.138027 0.448295 -0.390934 -0.164474 0.453577
-0.38964 -0.137537 0.448198 -0.390915 -0.164001 0.453483
-0.38962 -0.137046 0.448101 -0.390897 -0.163529 0.45339
-0.389601 -0.136556 0.448005 -0.390878 -0.163057 0.453297
-0.389582 -0.136066 0.447908 -0.390859 -0.162584 0.453203
-0.389562 -0.135576 0.447811 -0.390841 -0.162112 0.45311
-0.389543 -0.135086 0.447714 -0.390822 -0.16164 0.453016
-0.389524 -0.134596 0.447618 -0.390803 -0.161168 0.452923
-0.389504 -0.134105 0.447521 -0.390785 -0.160696 0.452829
-0.389485 -0.133615 0.447424 -0.390766 -0.160224 0.452736
-0.389465 -0.133125 0.447327 -0.390748 -0.159753 0.452643
-0.389446 -0.132635 0.447231 -0.390729 -0.159281 0.452549
-0.389427 -0.132145 0.447134 -0.39071 -0.158809 0.452456
-0.389407 -0.131655 0.447037 -0.390692 -0.158337 0.452363
-0.389388 -0.131164 0.44694 -0.390673 -0.157865 0.452269
-0.389369 -0.130674 0.446844 -0.390655 -0.157393 0.452176
-0.389349 -0.130184 0.446747 -0.390636 -0.156921 0.452083
-0.38933 -0.129694 0.44665 -0.390618 -0.156449 0.451989
-0.389311 -0.129204 0.446553 -0.390599 -0.155978 0.451896
-0.389291 -0.128714 0.446457 -0.39058 -0.155506 0.451803
-0.389272 -0.128223 0.44636 -0.390562 -0.155034 0.451709
-0.389253 -0.127733 0.446263 -0.390543 -0.154563 0.451616
-0.389233 -0.127243 0.446166 -0.390525 -0.154092 0.451523
-0.389214 -0.126753 0.44607 -0.390506 -0.15362 0.45143
-0.389195 -0.126263 0.445973 -0.390469 -0.152678 0.451243
-0.389175 -0.125773 0.445876 -0.390451 -0.152206 0.45115
-0.389156 -0.125282 0.445779 -0.390432 -0.151735 0.451057
-0.389137 -0.124792 0.445683 -0.390414 -0.151264 0.450963
-0.389117 -0.124302 0.445586 -0.390395 -0.150792 0.45087
-0.389098 -0.123812 0.445489 -0.390376 -0.150321 0.450777
-0.389078 -0.123322 0.445392 -0.390358 -0.149849 0.450683
-0.389059 -0.122832 0.445296 -0.390339 -0.149378 0.45059
-0.38904 -0.122341 0.445199 -0.390321 -0.148906 0.450497
-0.38902 -0.121851 0.445102 -0.390302 -0.148434 0.450404
-0.389001 -0.121361 0.445005 -0.390284 -0.147962 0.45031
-0.388982 -0.120871 0.444909 -0.390265 -0.14749 0.450217
-0.388962 -0.120381 0.444812 -0.390247 -0.147018 0.450123
-0.388943 -0.119891 0.444715 -0.390228 -0.146546 0.45003
-0.388924 -0.1194 0.444618 -0.39021 -0.146074 0.449937
-0.388904 -0.11891 0.444522 -0.390191 -0.145602 0.449843
-0.388885 -0.11842 0.444425 -0.390173 -0.14513 0.44975
-0.388866 -0.11793 0.444328 -0.390154 -0.144658 0.449657
-0.388846 -0.11744 0.444232 -0.390136 -0.144187 0.449563
-0.388827 -0.11695 0.444135 -0.390117 -0.143715 0.44947
-0.388808 -0.116459 0.444038 -0.390099 -0.143244 0.449377
-0.388788 -0.115969 0.443941 -0.39008 -0.142773 0.449284
-0.388769 -0.115479 0.443845 -0.390062 -0.142302 0.44919
-0.38875 -0.114989 0.443748 -0.390043 -0.141831 0.449097
-0.38873 -0.114499 0.443651 -0.390006 -0.140889 0.448911
-0.388711 -0.114009 0.443554 -0.389988 -0.140418 0.448818
-0.388692 -0.113518 0.443458 -0.389969 -0.139948 0.448725
-0.388672 -0.113028 0.443361 -0.389951 -0.139477 0.448632
-0.388653 -0.112538 0.443264 -0.389932 -0.139006 0.448538
-0.388633 -0.112048 0.443167 -0.389914 -0.138535 0.448445
-0.388614 -0.111558 0.443071 -0.389896 -0.138064 0.448352
-0.388595 -0.111067 0.442974 -0.389877 -0.137593 0.448259
-0.388575 -0.110577 0.442877 -0.389859 -0.137122 0.448166
-0.388556 -0.110087 0.44278 -0.38984 -0.13665 0.448073
-0.388537 -0.109597 0.442684 -0.389822 -0.136179 0.447979
-0.388517 -0.109107 0.442587 -0.389803 -0.135708 0.447886
-0.388498 -0.108617 0.44249 -0.389785 -0.135237 0.447793
-0.388479 -0.108126 0.442393 -0.389766 -0.134765 0.4477
-0.388459 -0.107636 0.442297 -0.389748 -0.134294 0.447606
-0.38844 -0.107146 0.4422 -0.389729 -0.133822 0.447513
-0.388421 -0.106656 0.442103 -0.389711 -0.133351 0.44742
-0.388401 -0.106166 0.442006 -0.389692 -0.132881 0.447327
-0.388382 -0.105676 0.44191 -0.389674 -0.132411 0.447234
-0.388363 -0.105185 0.441813 -0.389655 -0.131942 0.447141
-0.388343 -0.104695 0.441716 -0.389637 -0.131473 0.447048
-0.388324 -0.104205 0.441619 -0.389618 -0.131004 0.446956
-0.388305 -0.103715 0.441523 -0.389581 -0.130067 0.44677
-0.388285 -0.103225 0.441426 -0.389563 -0.129599 0.446678
-0.388266 -0.102735 0.441329 -0.389544 -0.12913 0.446585
-0.388246 -0.102244 0.441232 -0.389526 -0.128661 0.446492
-0.388227 -0.101754 0.441136 -0.389508 -0.128192 0.446399
-0.388208 -0.101264 0.441039 -0.389489 -0.127723 0.446306
-0.388188 -0.100774 0.440942 -0.389471 -0.127253 0.446214
-0.388169 -0.100284 0.440845 -0.389434 -0.126313 0.446028
-0.38815 -0.0997936 0.440749 -0.389415 -0.125843 0.445935
-0.38813 -0.0993034 0.440652 -0.389397 -0.125373 0.445842
-0.388111 -0.0988133 0.440555 -0.389379 -0.124903 0.445749
-0.388092 -0.0983231 0.440459 -0.38936 -0.124434 0.445656
-0.388072 -0.0978329 0.440362 -0.389342 -0.123964 0.445563
-0.388053 -0.0973427 0.440265 -0.389323 -0.123495 0.44547
-0.388034 -0.0968526 0.440168 -0.389305 -0.123027 0.445378
-0.388014 -0.0963624 0.440072 -0.389286 -0.122558 0.445285
-0.387995 -0.0958722 0.439975 -0.389268 -0.12209 0.445192
-0.387976 -0.0953821 0.439878 -0.38925 -0.121622 0.4451
-0.387956 -0.0948919 0.439781 -0.389231 -0.121154 0.445007
-0.387937 -0.0944017 0.439685 -0.389213 -0.120686 0.444915
-0.387918 -0.0939116 0.439588 -0.389194 -0.120219 0.444822
-0.387898 -0.0934214 0.439491 -0.389176 -0.119751 0.44473
-0.387879 -0.0929312 0.439394 -0.389157 -0.119284 0.444637
-0.38786 -0.0924411 0.439298 -0.389139 -0.118816 0.444545
-0.38784 -0.0919509 0.439201 -0.389121 -0.118349 0.444452
-0.387821 -0.0914607 0.439104 -0.389102 -0.117882 0.44436
-0.387801 -0.0909705 0.439007 -0.389084 -0.117416 0.444268
-0.387782 -0.0904804 0.438911 -0.389065 -0.11695 0.444175
-0.387763 -0.0899902 0.438814 -0.389047 -0.116484 0.444083
-0.387743 -0.0895 0.438717 -0.389028 -0.116018 0.443991
-0.387724 -0.0890099 0.43862 -0.38901 -0.115552 0.443899
-0.387705 -0.0885197 0.438524 -0.388992 -0.115087 0.443807
-0.387685 -0.0880295 0.438427 -0.388973 -0.114621 0.443715
-0.387666 -0.0875394 0.43833 -0.388955 -0.114156 0.443623
-0.387647 -0.0870492 0.438233 -0.388936 -0.11369 0.443531
-0.387627 -0.086559 0.438137 -0.3889 -0.112759 0.443346
-0.387608 -0.0860688 0.43804 -0.388881 -0.112293 0.443254
-0.387589 -0.0855787 0.437943 -0.388863 -0.111827 0.443162
-0.387569 -0.0850885 0.437846 -0.388845 -0.111361 0.44307
-0.38755 -0.0845983 0.43775 -0.388826 -0.110895 0.442978
-0.387531 -0.0841082 0.437653 -0.388808 -0.110429 0.442885
-0.387511 -0.083618 0.437556 -0.38879 -0.109962 0.442793
-0.387492 -0.0831278 0.437459 -0.388771 -0.109496 0.442701
-0.387473 -0.0826377 0.437363 -0.388753 -0.109029 0.442609
-0.387453 -0.0821475 0.437266 -0.388735 -0.108562 0.442516
-0.387434 -0.0816573 0.437169 -0.388716 -0.108096 0.442424
-0.387414 -0.0811672 0.437072 -0.388698 -0.107629 0.442332
-0.387395 -0.080677 0.436976 -0.38868 -0.107162 0.442239
-0.387376 -0.0801868 0.436879 -0.388661 -0.106695 0.442147
-0.387356 -0.0796966 0.436782 -0.388643 -0.106227 0.442054
-0.387337 -0.0792065 0.436685 -0.388625 -0.10576 0.441962
-0.387318 -0.0787163 0.436589 -0.388607 -0.105292 0.441869
-0.387298 -0.0782261 0.436492 -0.388588 -0.104824 0.441777
-0.387279 -0.077736 0.436395 -0.38857 -0.104355 0.441684
-0.38726 -0.0772458 0.436299 -0.388552 -0.103887 0.441592
-0.38724 -0.0767556 0.436202 -0.388533 -0.103418 0.441499
-0.387221 -0.0762655 0.436105 -0.388515 -0.102949 0.441406
-0.387202 -0.0757753 0.436008 -0.388497 -0.10248 0.441313
-0.387182 -0.0752851 0.435912 -0.388479 -0.102011 0.441221
-0.387163 -0.0747949 0.435815 -0.38846 -0.101542 0.441128
-0.387144 -0.0743048 0.435718 -0.388442 -0.101073 0.441035
-0.387124 -0.0738146 0.435621 -0.388424 -0.100603 0.440942
-0.387105 -0.0733244 0.435525 -0.388405 -0.100134 0.440849
-0.387086 -0.0728343 0.435428 -0.388369 -0.099194 0.440664
-0.387066 -0.0723441 0.435331 -0.388351 -0.0987241 0.440571
-0.387047 -0.0718539 0.435234 -0.388332 -0.0982542 0.440478
-0.387028 -0.0713638 0.435138 -0.388314 -0.0977843 0.440385
-0.387008 -0.0708736 0.435041 -0.388296 -0.0973143 0.440292
-0.386989 -0.0703834 0.434944 -0.388277 -0.0968443 0.440199
-0.386969 -0.0698933 0.434847 -0.388259 -0.0963742 0.440106
-0.38695 -0.0694031 0.434751 -0.388241 -0.095904 0.440013
-0.386931 -0.0689129 0.434654 -0.388222 -0.0954338 0.43992
-0.386911 -0.0684227 0.434557 -0.388204 -0.0949636 0.439827
-0.386892 -0.0679326 0.43446 -0.388186 -0.0944933 0.439734
-0.386873 -0.0674424 0.434364 -0.388167 -0.0940229 0.439641
-0.386853 -0.0669522 0.434267 -0.388149 -0.0935524 0.439548
-0.386834 -0.0664621 0.43417 -0.388131 -0.0930819 0.439455
-0.386815 -0.0659719 0.434073 -0.388112 -0.0926112 0.439362
-0.386795 -0.0654817 0.433977 -0.388094 -0.0921403 0.439269
-0.386776 -0.0649916 0.43388 -0.388076 -0.0916693 0.439176
-0.386757 -0.0645014 0.433783 -0.388057 -0.0911982 0.439082
-0.386737 -0.0640112 0.433686 -0.388039 -0.0907269 0.438989
-0.386718 -0.063521 0.43359 -0.388021 -0.0902557 0.438896
-0.386699 -0.0630309 0.433493 -0.388002 -0.0897846 0.438803
-0.386679 -0.0625407 0.433396 -0.387984 -0.0893137 0.43871
-0.38666 -0.0620505 0.433299 -0.387965 -0.0888431 0.438617
-0.386641 -0.0615604 0.433203 -0.387947 -0.0883725 0.438524
-0.386621 -0.0610702 0.433106 -0.387929 -0.0879022 0.438431
-0.386602 -0.06058 0.433009 -0.38791 -0.087432 0.438338
-0.386582 -0.0600899 0.432912 -0.387892 -0.0869619 0.438245
-0.386563 -0.0595997 0.432816 -0.387873 -0.0864919 0.438152
-0.386544 -0.0591095 0.432719 -0.387855 -0.0860218 0.438059
-0.386524 -0.0586194 0.432622 -0.387837 -0.0855517 0.437966
-0.386505 -0.0581292 0.432525 -0.3878 -0.0846114 0.43778
-0.386486 -0.057639 0.432429 -0.387781 -0.084141 0.437687
-0.386466 -0.0571488 0.432332 -0.387763 -0.0836706 0.437594
-0.386447 -0.0566587 0.432235 -0.387744 -0.0832 0.437501
-0.386428 -0.0561685 0.432139 -0.387726 -0.0827293 0.437408
-0.386408 -0.0556783 0.432042 -0.387708 -0.0822584 0.437315
-0.386389 -0.0551882 0.431945 -0.387689 -0.0817873 0.437222
-0.38637 -0.054698 0.431848 -0.387671 -0.0813161 0.437128
-0.38635 -0.0542078 0.431752 -0.387652 -0.0808447 0.437035
-0.386331 -0.0537177 0.431655 -0.387634 -0.0803732 0.436942
-0.386312 -0.0532275 0.431558 -0.387616 -0.0799015 0.436849
-0.386292 -0.0527373 0.431461 -0.387597 -0.0794298 0.436755
-0.386273 -0.0522471 0.431365 -0.387579 -0.0789579 0.436662
-0.386254 -0.051757 0.431268 -0.38756 -0.0784858 0.436569
-0.386234 -0.0512668 0.431171 -0.387542 -0.0780136 0.436475
-0.386215 -0.0507766 0.431074 -0.387523 -0.0775411 0.436382
-0.386196 -0.0502865 0.430978 -0.387505 -0.0770685 0.436288
-0.386176 -0.0497963 0.430881 -0.387487 -0.0765958 0.436195
-0.386157 -0.0493061 0.430784 -0.387468 -0.076123 0.436101
-0.386137 -0.048816 0.430687 -0.38745 -0.07565 0.436008
-0.386118 -0.0483258 0.430591 -0.387431 -0.0751772 0.435914
-0.386099 -0.0478356 0.430494 -0.387413 -0.0747044 0.435821
-0.386079 -0.0473455 0.430397 -0.387394 -0.0742318 0.435728
-0.38606 -0.0468553 0.4303 -0.387376 -0.0737594 0.435634
-0.386041 -0.0463651 0.430204 -0.387357 -0.0732871 0.435541
-0.386021 -0.0458749 0.430107 -0.387339 -0.0728149 0.435447
-0.386002 -0.0453848 0.43001 -0.38732 -0.0723427 0.435354
-0.385983 -0.0448946 0.429913 -0.387302 -0.0718706 0.435261
-0.385963 -0.0444044 0.429817 -0.387283 -0.0713985 0.435167
-0.385944 -0.0439143 0.42972 -0.387265 -0.0709264 0.435074
-0.385925 -0.0434241 0.429623 -0.387246 -0.0704543 0.434981
-0.385905 -0.0429339 0.429526 -0.387228 -0.0699821 0.434887
-0.385886 -0.0424438 0.42943 -0.387209 -0.0695098 0.434794
-0.385867 -0.0419536 0.429333 -0.387172 -0.0685651 0.434607
-0.385847 -0.0414634 0.429236 -0.387154 -0.0680925 0.434514
-0.385828 -0.0409732 0.429139 -0.387135 -0.0676199 0.43442
-0.385809 -0.0404831 0.429043 -0.387117 -0.067147 0.434327
-0.385789 -0.0399929 0.428946 -0.387098 -0.0666741 0.434233
-0.38577 -0.0395027 0.428849 -0.38708 -0.0662009 0.43414
-0.38575 -0.0390126 0.428752 -0.387061 -0.0657277 0.434046
-0.385731 -0.0385224 0.428656 -0.387043 -0.0652542 0.433952
-0.385712 -0.0380322 0.428559 -0.387024 -0.0647806 0.433859
-0.385692 -0.0375421 0.428462 -0.387006 -0.0643068 0.433765
-0.385673 -0.0370519 0.428366 -0.386987 -0.0638329 0.433671
-0.385654 -0.0365617 0.428269 -0.386969 -0.0633587 0.433578
-0.385634 -0.0360715 0.428172 -0.38695 -0.0628844 0.433484
-0.385615 -0.0355814 0.428075 -0.386932 -0.0624098 0.43339
-0.385596 -0.0350912 0.427979 -0.386913 -0.061935 0.433296
-0.385576 -0.034601 0.427882 -0.386895 -0.0614601 0.433202
-0.385557 -0.0341109 0.427785 -0.386876 -0.0609849 0.433108
-0.385538 -0.0336207 0.427688 -0.386858 -0.0605096 0.433014
-0.385518 -0.0331305 0.427592 -0.386839 -0.0600342 0.43292
-0.385499 -0.0326404 0.427495 -0.386821 -0.0595586 0.432826
-0.38548 -0.0321502 0.427398 -0.386802 -0.059083 0.432732
-0.38546 -0.03166 0.427301 -0.386784 -0.0586072 0.432638
-0.385441 -0.0311699 0.427205 -0.386765 -0.0581313 0.432544
-0.385422 -0.0306797 0.427108 -0.386747 -0.0576552 0.43245
-0.385402 -0.0301895 0.427011 -0.386728 -0.0571789 0.432356
-0.385383 -0.0296993 0.426914 -0.38671 -0.0567024 0.432262
-0.385364 -0.0292092 0.426818 -0.386691 -0.0562257 0.432167
-0.385344 -0.028719 0.426721 -0.386672 -0.0557487 0.432073
-0.385325 -0.0282288 0.426624 -0.386654 -0.0552716 0.431979
-0.385305 -0.0277387 0.426527 -0.386635 -0.0547942 0.431884
-0.385286 -0.0272485 0.426431 -0.386617 -0.0543166 0.43179
-0.385267 -0.0267583 0.426334 -0.386598 -0.0538388 0.431696
-0.385247 -0.0262682 0.426237 -0.38658 -0.0533607 0.431601
-0.385228 -0.025778 0.42614 -0.386561 -0.0528824 0.431507
-0.385209 -0.0252878 0.426044 -0.386542 -0.052404 0.431412
-0.385189 -0.0247976 0.425947 -0.386524 -0.0519253 0.431317
-0.38517 -0.0243075 0.42585 -0.386505 -0.0514464 0.431223
-0.385151 -0.0238173 0.425753 -0.386487 -0.0509673 0.431128
-0.385131 -0.0233271 0.425657 -0.386468 -0.050488 0.431033
-0.385112 -0.022837 0.42556 -0.386449 -0.0500086 0.430938
-0.385093 -0.0223468 0.425463 -0.386431 -0.0495291 0.430844
-0.385073 -0.0218566 0.425366 -0.386412 -0.0490495 0.430749
-0.385054 -0.0213665 0.42527 -0.386394 -0.0485697 0.430654
-0.385035 -0.0208763 0.425173 -0.386375 -0.0480898 0.430559
-0.385015 -0.0203861 0.425076 -0.386356 -0.0476098 0.430464
-0.384996 -0.019896 0.424979 -0.386338 -0.0471297 0.430369
-0.384977 -0.0194058 0.424883 -0.386319 -0.0466496 0.430274
-0.384957 -0.0189156 0.424786 -0.3863 -0.0461696 0.430179
-0.384938 -0.0184254 0.424689 -0.386282 -0.0456897 0.430085
-0.384918 -0.0179353 0.424592 -0.386244 -0.0447303 0.429895
-0.384899 -0.0174451 0.424496 -0.386225 -0.0442508 0.4298
-0.38488 -0.0169549 0.424399 -0.386169 -0.0428127 0.429516
-0.38486 -0.0164648 0.424302 -0.38615 -0.0423333 0.429421
-0.384841 -0.0159746 0.424206 -0.386132 -0.041854 0.429326
-0.384822 -0.0154844 0.424109 -0.386113 -0.0413751 0.429232
-0.384802 -0.0149943 0.424012 -0.386094 -0.040897 0.429137
-0.384783 -0.0145041 0.423915 -0.386056 -0.0399449 0.428949
-0.384764 -0.0140139 0.423819 -0.386038 -0.0394712 0.428855
-0.384744 -0.0135237 0.423722 -0.386019 -0.0389988 0.428762
-0.384725 -0.0130336 0.423625 -0.386 -0.0385277 0.428669
-0.384706 -0.0125434 0.423528 -0.385981 -0.0380577 0.428576
-0.384686 -0.0120532 0.423432 -0.385962 -0.0375889 0.428483
-0.384667 -0.0115631 0.423335 -0.385943 -0.037121 0.428391
-0.384648 -0.0110729 0.423238 -0.385924 -0.0366542 0.428298
-0.384628 -0.0105827 0.423141 -0.385905 -0.0361882 0.428206
-0.384609 -0.0100926 0.423045 -0.385886 -0.035723 0.428114
-0.38459 -0.00960239 0.422948 -0.385867 -0.0352586 0.428022
-0.38457 -0.00911222 0.422851 -0.385848 -0.0347948 0.427931
-0.384551 -0.00862205 0.422754 -0.385829 -0.0343317 0.427839
-0.384532 -0.00813188 0.422658 -0.385811 -0.0338691 0.427748
-0.384512 -0.00764171 0.422561 -0.385792 -0.0334069 0.427656
-0.384493 -0.00715154 0.422464 -0.385773 -0.0329453 0.427565
-0.384473 -0.00666137 0.422367 -0.385754 -0.032484 0.427474
-0.384454 -0.00617121 0.422271 -0.385735 -0.0320233 0.427383
-0.384435 -0.00568104 0.422174 -0.385716 -0.0315634 0.427292
-0.384415 -0.00519087 0.422077 -0.385698 -0.0311044 0.427201
-0.384396 -0.0047007 0.42198 -0.385679 -0.0306466 0.427111
-0.384377 -0.00421053 0.421884 -0.38566 -0.0301896 0.42702
-0.384357 -0.00372036 0.421787 -0.385641 -0.0297332 0.42693
-0.384338 -0.00323019 0.42169 -0.385623 -0.0292773 0.42684
-0.384319 -0.00274002 0.421593 -0.385604 -0.0288215 0.42675
-0.384299 -0.00224985 0.421497 -0.385585 -0.0283659 0.42666
-0.38428 -0.00175968 0.4214 -0.385567 -0.0279103 0.42657
-0.384261 -0.00126951 0.421303 -0.385548 -0.0274548 0.42648
-0.384241 -0.00077934 0.421206 -0.38553 -0.0269992 0.42639
-0.384222 -0.00028917 0.42111 -0.385511 -0.0265437 0.426299
-0.384203 0.000200999 0.421013 -0.385493 -0.026088 0.426209
-0.384183 0.000691169 0.420916 -0.385474 -0.0256322 0.426119
-0.384164 0.00118134 0.420819 -0.385437 -0.0247202 0.425939
-0.384145 0.00167151 0.420723 -0.385419 -0.0242637 0.425849
-0.384125 0.00216168 0.420626 -0.3854 -0.0238069 0.425758
-0.384106 0.00265185 0.420529 -0.385382 -0.0233497 0.425668
-0.384086 0.00314202 0.420432 -0.385364 -0.0228921 0.425578
-0.384067 0.00363219 0.420336 -0.385346 -0.0224341 0.425487
-0.384048 0.00412236 0.420239 -0.385327 -0.0219758 0.425397
-0.384028 0.00461253 0.420142 -0.385309 -0.0215172 0.425306
-0.384009 0.0051027 0.420046 -0.385291 -0.0210583 0.425215
-0.38399 0.00559286 0.419949 -0.385273 -0.0205991 0.425124
-0.38397 0.00608303 0.419852 -0.385254 -0.0201396 0.425034
-0.383951 0.0065732 0.419755 -0.385236 -0.0196797 0.424943
-0.383932 0.00706337 0.419659 -0.385218 -0.0192196 0.424852
-0.383912 0.00755354 0.419562 -0.3852 -0.0187591 0.424761
-0.383893 0.00804371 0.419465 -0.385182 -0.0182982 0.42467
-0.383874 0.00853388 0.419368 -0.385164 -0.017837 0.424579
-0.383854 0.00902405 0.419272 -0.385146 -0.0173754 0.424487
-0.383835 0.00951422 0.419175 -0.385127 -0.0169137 0.424396
-0.383816 0.0100044 0.419078 -0.385109 -0.016452 0.424305
-0.383796 0.0104946 0.418981 -0.385091 -0.0159903 0.424214
-0.383777 0.0109847 0.418885 -0.385073 -0.0155286 0.424123
-0.383758 0.0114749 0.418788 -0.385055 -0.0150666 0.424031
-0.383738 0.0119651 0.418691 -0.385037 -0.0146044 0.42394
-0.383719 0.0124552 0.418594 -0.385019 -0.0141417 0.423848
-0.3837 0.0129454 0.418498 -0.385001 -0.0136786 0.423757
-0.38368 0.0134356 0.418401 -0.384983 -0.0132152 0.423665
-0.383661 0.0139257 0.418304 -0.384965 -0.0127516 0.423574
-0.383641 0.0144159 0.418207 -0.384929 -0.0118239 0.42339
-0.383622 0.0149061 0.418111 -0.38491 -0.0113601 0.423299
-0.383603 0.0153963 0.418014 -0.384892 -0.0108966 0.423207
-0.383583 0.0158864 0.417917 -0.384874 -0.0104334 0.423116
-0.383564 0.0163766 0.41782 -0.384856 -0.00997043 0.423024
-0.383545 0.0168668 0.417724 -0.384838 -0.00950756 0.422933
-0.383525 0.0173569 0.417627 -0.38482 -0.00904465 0.422841
-0.383506 0.0178471 0.41753 -0.384802 -0.00858158 0.42275
-0.383487 0.0183373 0.417433 -0.384784 -0.0081183 0.422658
-0.383467 0.0188274 0.417337 -0.384766 -0.00765476 0.422567
-0.383448 0.0193176 0.41724 -0.384747 -0.0071909 0.422475
-0.383429 0.0198078 0.417143 -0.384729 -0.00672668 0.422383
-0.383409 0.020298 0.417046 -0.384711 -0.00626217 0.422292
-0.38339 0.0207881 0.41695 -0.384693 -0.00579743 0.4222
-0.383371 0.0212783 0.416853 -0.384675 -0.00533251 0.422108
-0.383351 0.0217685 0.416756 -0.384657 -0.00486747 0.422016
-0.383332 0.0222586 0.416659 -0.384639 -0.00440233 0.421924
-0.383313 0.0227488 0.416563 -0.384621 -0.00393711 0.421832
-0.383293 0.023239 0.416466 -0.384603 -0.00347185 0.42174
-0.383274 0.0237291 0.416369 -0.384584 -0.00300656 0.421648
-0.383255 0.0242193 0.416273 -0.384566 -0.00254121 0.421557
-0.383235 0.0247095 0.416176 -0.384548 -0.00207578 0.421465
-0.383216 0.0251996 0.416079 -0.38453 -0.00161024 0.421373
-0.383196 0.0256898 0.415982 -0.384512 -0.00114458 0.421281
-0.383177 0.02618 0.415886 -0.384494 -0.000678757 0.421189
-0.383158 0.0266702 0.415789 -0.384476 -0.000212768 0.421097
-0.383138 0.0271603 0.415692 -0.384457 0.000253409 0.421004
-0.383119 0.0276505 0.415595 -0.384439 0.000719793 0.420912
-0.3831 0.0281407 0.415499 -0.384421 0.0011864 0.42082
-0.38308 0.0286308 0.415402 -0.384403 0.00165324 0.420728
-0.383061 0.029121 0.415305 -0.384385 0.00212033 0.420636
-0.383042 0.0296112 0.415208 -0.384367 0.00258769 0.420543
-0.383022 0.0301013 0.415112 -0.384348 0.00305531 0.420451
-0.383003 0.0305915 0.415015 -0.38433 0.00352323 0.420359
-0.382984 0.0310817 0.414918 -0.384294 0.00445997 0.420174
-0.382964 0.0315719 0.414821 -0.384276 0.0049288 0.420081
-0.382945 0.032062 0.414725 -0.384257 0.00539793 0.419988
-0.382926 0.0325522 0.414628 -0.384239 0.00586737 0.419896
-0.382906 0.0330424 0.414531 -0.384221 0.00633711 0.419803
-0.382887 0.0335325 0.414434 -0.384203 0.00680717 0.41971
-0.382868 0.0340227 0.414338 -0.384185 0.00727755 0.419617
-0.382848 0.0345129 0.414241 -0.384166 0.00774827 0.419524
-0.382829 0.035003 0.414144 -0.384148 0.00821934 0.419431
-0.382809 0.0354932 0.414047 -0.38413 0.00869073 0.419338
-0.38279 0.0359834 0.413951 -0.384112 0.00916242 0.419245
-0.382771 0.0364735 0.413854 -0.384093 0.00963439 0.419151
-0.382751 0.0369637 0.413757 -0.384075 0.0101066 0.419058
-0.382732 0.0374539 0.41366 -0.384057 0.010579 0.418965
-0.382713 0.0379441 0.413564 -0.384039 0.0110514 0.418872
-0.382693 0.0384342 0.413467 -0.38402 0.0115237 0.418778
-0.382674 0.0389244 0.41337 -0.384002 0.0119959 0.418685
-0.382655 0.0394146 0.413273 -0.383984 0.0124682 0.418592
-0.382635 0.0399047 0.413177 -0.383965 0.0129405 0.418499
-0.382616 0.0403949 0.41308 -0.383947 0.0134131 0.418405
-0.382597 0.0408851 0.412983 -0.383929 0.0138861 0.418312
-0.382577 0.0413752 0.412886 -0.38391 0.0143594 0.418218
-0.382558 0.0418654 0.41279 -0.383892 0.0148331 0.418125
-0.382539 0.0423556 0.412693 -0.383874 0.015307 0.418031
-0.382519 0.0428458 0.412596 -0.383855 0.0157812 0.417937
-0.3825 0.0433359 0.412499 -0.383837 0.0162556 0.417844
-0.382481 0.0438261 0.412403 -0.383819 0.0167303 0.41775
-0.382461 0.0443163 0.412306 -0.3838 0.0172053 0.417656
-0.382442 0.0448064 0.412209 -0.383782 0.0176805 0.417562
-0.382423 0.0452966 0.412113 -0.383763 0.0181558 0.417469
-0.382403 0.0457868 0.412016 -0.383745 0.0186313 0.417375
-0.382384 0.0462769 0.411919 -0.383708 0.0195822 0.417187
-0.382364 0.0467671 0.411822 -0.383689 0.0200576 0.417093
-0.382345 0.0472573 0.411726 -0.383671 0.020533 0.416999
-0.382326 0.0477474 0.411629 -0.383653 0.0210084 0.416905
-0.382306 0.0482376 0.411532 -0.383597 0.022435 0.416624
-0.382287 0.0487278 0.411435 -0.38356 0.0233866 0.416436
-0.382268 0.049218 0.411339 -0.383541 0.0238623 0.416342
-0.382248 0.0497081 0.411242 -0.383523 0.0243372 0.416248
-0.382229 0.0501983 0.411145 -0.383504 0.024811 0.416154
-0.38221 0.0506885 0.411048 -0.383485 0.0252833 0.416061
-0.38219 0.0511786 0.410952 -0.383467 0.0257543 0.415968
-0.382171 0.0516688 0.410855 -0.383448 0.0262239 0.415875
-0.382152 0.052159 0.410758 -0.383429 0.0266922 0.415783
-0.382132 0.0526491 0.410661 -0.383411 0.0271593 0.415691
-0.382113 0.0531393 0.410565 -0.383392 0.0276254 0.415599
-0.382094 0.0536295 0.410468 -0.383373 0.0280904 0.415507
-0.382074 0.0541197 0.410371 -0.383354 0.0285544 0.415415
-0.382055 0.0546098 0.410274 -0.383335 0.0290176 0.415324
-0.382036 0.0551 0.410178 -0.383317 0.0294799 0.415233
-0.382016 0.0555902 0.410081 -0.383298 0.0299416 0.415141
-0.381997 0.0560803 0.409984 -0.383279 0.0304026 0.41505
-0.381977 0.0565705 0.409887 -0.38326 0.0308631 0.414959
-0.381958 0.0570607 0.409791 -0.383242 0.0313232 0.414869
-0.381939 0.0575508 0.409694 -0.383223 0.0317828 0.414778
-0.381919 0.058041 0.409597 -0.383204 0.0322421 0.414687
-0.3819 0.0585312 0.4095 -0.383185 0.032701 0.414597
-0.381881 0.0590213 0.409404 -0.383167 0.0331597 0.414506
-0.381861 0.0595115 0.409307 -0.383148 0.0336179 0.414416
-0.381842 0.0600017 0.40921 -0.383129 0.0340756 0.414325
-0.381823 0.0604919 0.409113 -0.383111 0.0345329 0.414235
-0.381803 0.060982 0.409017 -0.383092 0.0349898 0.414145
-0.381784 0.0614722 0.40892 -0.383074 0.0354463 0.414055
-0.381765 0.0619624 0.408823 -0.383055 0.0359024 0.413965
-0.381745 0.0624525 0.408726 -0.383018 0.0368142 0.413785
-0.381726 0.0629427 0.40863 -0.382999 0.0372698 0.413695
-0.381707 0.0634329 0.408533 -0.382981 0.0377253 0.413605
-0.381687 0.063923 0.408436 -0.382962 0.0381808 0.413515
-0.381668 0.0644132 0.408339 -0.382944 0.0386363 0.413425
-0.381649 0.0649034 0.408243 -0.382925 0.0390919 0.413335
-0.381629 0.0653936 0.408146 -0.382907 0.0395476 0.413245
-0.38161 0.0658837 0.408049 -0.382889 0.0400037 0.413155
-0.381591 0.0663739 0.407953 -0.38287 0.0404599 0.413065
-0.381571 0.0668641 0.407856 -0.382852 0.0409162 0.412975
-0.381552 0.0673542 0.407759 -0.382834 0.0413727 0.412885
-0.381532 0.0678444 0.407662 -0.382815 0.0418293 0.412795
-0.381513 0.0683346 0.407566 -0.382797 0.042286 0.412705
-0.381494 0.0688247 0.407469 -0.382779 0.0427429 0.412615
-0.381474 0.0693149 0.407372 -0.382761 0.0431999 0.412524
-0.381455 0.0698051 0.407275 -0.382742 0.0436572 0.412434
-0.381436 0.0702953 0.407179 -0.382724 0.0441147 0.412344
-0.381416 0.0707854 0.407082 -0.382706 0.0445722 0.412254
-0.381397 0.0712756 0.406985 -0.382688 0.0450297 0.412163
-0.381378 0.0717658 0.406888 -0.38267 0.0454871 0.412073
-0.381358 0.0722559 0.406792 -0.382651 0.0459445 0.411983
-0.381339 0.0727461 0.406695 -0.382633 0.0464018 0.411893
-0.38132 0.0732363 0.406598 -0.382615 0.0468592 0.411802
-0.3813 0.0737264 0.406501 -0.382597 0.0473167 0.411712
-0.381281 0.0742166 0.406405 -0.382579 0.0477742 0.411622
-0.381262 0.0747068 0.406308 -0.382561 0.0482319 0.411531
-0.381242 0.0751969 0.406211 -0.382542 0.0486898 0.411441
-0.381223 0.0756871 0.406114 -0.382524 0.0491478 0.411351
-0.381204 0.0761773 0.406018 -0.382506 0.0496061 0.41126
-0.381184 0.0766675 0.405921 -0.382488 0.0500647 0.41117
-0.381165 0.0771576 0.405824 -0.38247 0.0505235 0.411079
-0.381145 0.0776478 0.405727 -0.382452 0.0509826 0.410988
-0.381126 0.078138 0.405631 -0.382434 0.0514419 0.410898
-0.381107 0.0786281 0.405534 -0.382416 0.0519016 0.410807
-0.381087 0.0791183 0.405437 -0.38238 0.052822 0.410625
-0.381068 0.0796085 0.40534 -0.382362 0.0532828 0.410535
-0.381049 0.0800986 0.405244 -0.382344 0.0537442 0.410443
-0.381029 0.0805888 0.405147 -0.382326 0.0542062 0.410352
-0.38101 0.081079 0.40505 -0.382308 0.054669 0.410261
-0.380991 0.0815692 0.404953 -0.38229 0.0551323 0.41017
-0.380971 0.0820593 0.404857 -0.382272 0.0555959 0.410078
-0.380952 0.0825495 0.40476 -0.382254 0.0560596 0.409987
-0.380933 0.0830397 0.404663 -0.382236 0.0565231 0.409895
-0.380913 0.0835298 0.404566 -0.382218 0.0569866 0.409804
-0.380894 0.08402 0.40447 -0.3822 0.05745 0.409712
-0.380875 0.0845102 0.404373 -0.382182 0.0579133 0.409621
-0.380855 0.0850003 0.404276 -0.382163 0.0583766 0.409529
-0.380836 0.0854905 0.40418 -0.382145 0.0588399 0.409438
-0.380817 0.0859807 0.404083 -0.382127 0.0593033 0.409346
-0.380797 0.0864708 0.403986 -0.382109 0.0597668 0.409255
-0.380778 0.086961 0.403889 -0.382091 0.0602304 0.409164
-0.380759 0.0874512 0.403793 -0.382073 0.0606941 0.409072
-0.380739 0.0879414 0.403696 -0.382037 0.0616222 0.408889
-0.38072 0.0884315 0.403599 -0.382019 0.0620864 0.408797
-0.3807 0.0889217 0.403502 -0.382001 0.0625508 0.408706
-0.380681 0.0894119 0.403406 -0.381983 0.0630154 0.408614
-0.380662 0.089902 0.403309 -0.381965 0.0634802 0.408522
-0.380642 0.0903922 0.403212 -0.381946 0.0639452 0.408431
-0.380623 0.0908824 0.403115 -0.381928 0.0644104 0.408339
-0.380604 0.0913725 0.403019 -0.38191 0.0648759 0.408247
-0.380584 0.0918627 0.402922 -0.381892 0.0653416 0.408155
-0.380565 0.0923529 0.402825 -0.381874 0.0658075 0.408063
-0.380546 0.0928431 0.402728 -0.381856 0.0662737 0.407971
-0.380526 0.0933332 0.402632 -0.381838 0.0667402 0.407879
-0.380507 0.0938234 0.402535 -0.381819 0.067207 0.407787
-0.380488 0.0943136 0.402438 -0.381801 0.0676741 0.407695
-0.380468 0.0948037 0.402341 -0.381783 0.0681414 0.407603
-0.380449 0.0952939 0.402245 -0.381765 0.0686088 0.40751
-0.38043 0.0957841 0.402148 -0.381747 0.0690761 0.407418
-0.38041 0.0962742 0.402051 -0.381729 0.0695432 0.407326
-0.380391 0.0967644 0.401954 -0.38171 0.0700102 0.407234
-0.380372 0.0972546 0.401858 -0.381692 0.0704772 0.407142
-0.380352 0.0977447 0.401761 -0.381674 0.0709441 0.40705
-0.380333 0.0982349 0.401664 -0.381638 0.0718779 0.406866
-0.380313 0.0987251 0.401567 -0.381619 0.0723448 0.406773
-0.380294 0.0992153 0.401471 -0.381601 0.0728118 0.406681
-0.380275 0.0997054 0.401374 -0.381583 0.0732788 0.406589
-0.380255 0.100196 0.401277 -0.381564 0.0737461 0.406497
-0.380236 0.100686 0.40118 -0.381528 0.0746818 0.406312
-0.380217 0.101176 0.401084 -0.38151 0.0751506 0.40622
-0.380197 0.101666 0.400987 -0.381491 0.0756196 0.406127
-0.380178 0.102156 0.40089 -0.381473 0.0760886 0.406035
-0.380159 0.102646 0.400793 -0.381455 0.0765574 0.405943
-0.380139 0.103137 0.400697 -0.381437 0.0770256 0.40585
-0.38012 0.103627 0.4006 -0.381418 0.0774932 0.405758
-0.380101 0.104117 0.400503 -0.3814 0.0779605 0.405666
-0.380081 0.104607 0.400406 -0.381382 0.0784274 0.405574
-0.380062 0.105097 0.40031 -0.381363 0.0788941 0.405482
-0.380043 0.105587 0.400213 -0.381345 0.0793604 0.40539
-0.380023 0.106078 0.400116 -0.381326 0.0798265 0.405298
-0.380004 0.106568 0.40002 -0.381308 0.0802924 0.405206
-0.379985 0.107058 0.399923 -0.38129 0.0807581 0.405114
-0.379965 0.107548 0.399826 -0.381271 0.0812236 0.405022
-0.379946 0.108038 0.399729 -0.381253 0.081689 0.40493
-0.379927 0.108528 0.399633 -0.381234 0.0821545 0.404839
-0.379907 0.109019 0.399536 -0.381216 0.0826199 0.404747
-0.379888 0.109509 0.399439 -0.381198 0.0830852 0.404655
-0.379868 0.109999 0.399342 -0.381179 0.08355 0.404563
-0.379849 0.110489 0.399246 -0.381161 0.0840142 0.404472
-0.37983 0.110979 0.399149 -0.381142 0.0844777 0.40438
-0.37981 0.111469 0.399052 -0.381124 0.0849406 0.404289
-0.379791 0.11196 0.398955 -0.381105 0.0854031 0.404198
-0.379772 0.11245 0.398859 -0.381087 0.0858654 0.404107
-0.379752 0.11294 0.398762 -0.381068 0.0863277 0.404016
-0.379733 0.11343 0.398665 -0.38105 0.08679 0.403924
-0.379714 0.11392 0.398568 -0.381032 0.0872524 0.403833
-0.379694 0.114411 0.398472 -0.381013 0.0877148 0.403742
-0.379675 0.114901 0.398375 -0.380995 0.0881773 0.403651
-0.379656 0.115391 0.398278 -0.380976 0.08864 0.40356
-0.379636 0.115881 0.398181 -0.380958 0.0891028 0.403468
-0.379617 0.116371 0.398085 -0.380939 0.0895659 0.403377
-0.379598 0.116861 0.397988 -0.380903 0.0904924 0.403194
-0.379578 0.117352 0.397891 -0.380884 0.0909559 0.403103
-0.379559 0.117842 0.397794 -0.380866 0.0914193 0.403011
-0.37954 0.118332 0.397698 -0.380848 0.0918827 0.40292
-0.37952 0.118822 0.397601 -0.380829 0.0923462 0.402829
-0.379501 0.119312 0.397504 -0.380811 0.0928099 0.402737
-0.379481 0.119802 0.397407 -0.380793 0.0932739 0.402646
-0.379462 0.120293 0.397311 -0.380774 0.0937382 0.402554
-0.379443 0.120783 0.397214 -0.380756 0.0942029 0.402463
-0.379423 0.121273 0.397117 -0.380738 0.094668 0.402371
-0.379404 0.121763 0.39702 -0.380719 0.0951334 0.402279
-0.379385 0.122253 0.396924 -0.380701 0.0955991 0.402187
-0.379365 0.122743 0.396827 -0.380683 0.0960651 0.402095
-0.379346 0.123234 0.39673 -0.380664 0.0965315 0.402003
-0.379327 0.123724 0.396633 -0.380646 0.0969982 0.401911
-0.379307 0.124214 0.396537 -0.380628 0.0974653 0.401819
-0.379288 0.124704 0.39644 -0.38061 0.0979327 0.401727
-0.379269 0.125194 0.396343 -0.380591 0.0984002 0.401635
-0.379249 0.125684 0.396246 -0.380573 0.0988679 0.401543
-0.37923 0.126175 0.39615 -0.380555 0.0993356 0.401451
-0.379211 0.126665 0.396053 -0.380536 0.0998034 0.401358
-0.379191 0.127155 0.395956 -0.380518 0.100271 0.401266
-0.379172 0.127645 0.39586 -0.3805 0.10074 0.401174
-0.379153 0.128135 0.395763 -0.380481 0.101208 0.401081
-0.379133 0.128625 0.395666 -0.380463 0.101677 0.400989
-0.379114 0.129116 0.395569 -0.380445 0.102146 0.400896
-0.379095 0.129606 0.395473 -0.380427 0.102616 0.400804
-0.379075 0.130096 0.395376 -0.380408 0.103085 0.400712
-0.379056 0.130586 0.395279 -0.38039 0.103554 0.400619
-0.379036 0.131076 0.395182 -0.380371 0.104023 0.400527
-0.379017 0.131566 0.395086 -0.380335 0.104961 0.400342
-0.378998 0.132057 0.394989 -0.380316 0.105431 0.400249
-0.378978 0.132547 0.394892 -0.380298 0.1059 0.400157
-0.378959 0.133037 0.394795 -0.38028 0.10637 0.400064
-0.37894 0.133527 0.394699 -0.380261 0.10684 0.399971
-0.37892 0.134017 0.394602 -0.380243 0.10731 0.399879
-0.378901 0.134507 0.394505 -0.380225 0.10778 0.399786
-0.378882 0.134998 0.394408 -0.380206 0.108251 0.399693
-0.378862 0.135488 0.394312 -0.380188 0.108722 0.3996
-0.378843 0.135978 0.394215 -0.380169 0.109193 0.399507
-0.378824 0.136468 0.394118 -0.380151 0.109664 0.399415
-0.378804 0.136958 0.394021 -0.380133 0.110135 0.399322
-0.378785 0.137448 0.393925 -0.380114 0.110607 0.399229
-0.378766 0.137939 0.393828 -0.380096 0.111078 0.399136
-0.378746 0.138429 0.393731 -0.380077 0.11155 0.399043
-0.378727 0.138919 0.393634 -0.380059 0.112021 0.39895
-0.378708 0.139409 0.393538 -0.38004 0.112492 0.398857
-0.378688 0.139899 0.393441 -0.380022 0.112963 0.398764
-0.378669 0.14039 0.393344 -0.380004 0.113434 0.398671
-0.378649 0.14088 0.393247 -0.379985 0.113906 0.398579
-0.37863 0.14137 0.393151 -0.379967 0.114378 0.398486
-0.378611 0.14186 0.393054 -0.379948 0.11485 0.398393
-0.378591 0.14235 0.392957 -0.37993 0.115322 0.398299
-0.378572 0.14284 0.39286 -0.379911 0.115795 0.398206
-0.378553 0.143331 0.392764 -0.379893 0.116268 0.398113
-0.378533 0.143821 0.392667 -0.379874 0.116742 0.39802
-0.378514 0.144311 0.39257 -0.379856 0.117215 0.397926
-0.378495 0.144801 0.392473 -0.379837 0.117689 0.397833
-0.378475 0.145291 0.392377 -0.379819 0.118164 0.397739
-0.378456 0.145781 0.39228 -0.3798 0.118638 0.397646
-0.378437 0.146272 0.392183 -0.379782 0.119113 0.397552
-0.378417 0.146762 0.392087 -0.379763 0.119587 0.397459
-0.378398 0.147252 0.39199 -0.379745 0.120062 0.397365
-0.378379 0.147742 0.391893 -0.379726 0.120537 0.397272
-0.378359 0.148232 0.391796 -0.379708 0.121011 0.397178
-0.37834 0.148722 0.3917 -0.379689 0.121486 0.397085
-0.378321 0.149213 0.391603 -0.379671 0.12196 0.396991
-0.378301 0.149703 0.391506 -0.379652 0.122435 0.396898
-0.378282 0.150193 0.391409 -0.379615 0.123385 0.396711
-0.378263 0.150683 0.391313 -0.379596 0.12386 0.396617
-0.378243 0.151173 0.391216 -0.379578 0.124335 0.396523
-0.378224 0.151663 0.391119 -0.379559 0.12481 0.39643
-0.378204 0.152154 0.391022 -0.37954 0.125285 0.396336
-0.378185 0.152644 0.390926 -0.379522 0.125761 0.396242
-0.378166 0.153134 0.390829 -0.379503 0.126236 0.396149
-0.378146 0.153624 0.390732 -0.379485 0.126711 0.396055
-0.378127 0.154114 0.390635 -0.379466 0.127187 0.395961
-0.378108 0.154604 0.390539 -0.379447 0.127661 0.395868
-0.378088 0.155095 0.390442 -0.379429 0.128136 0.395774
-0.378069 0.155585 0.390345 -0.37941 0.12861 0.395681
-0.37805 0.156075 0.390248 -0.379391 0.129085 0.395587
-0.37803 0.156565 0.390152 -0.379372 0.12956 0.395494
-0.378011 0.157055 0.390055 -0.379354 0.130034 0.3954
-0.377992 0.157545 0.389958 -0.379335 0.130509 0.395307
-0.377972 0.158036 0.389861 -0.379316 0.130984 0.395213
-0.377953 0.158526 0.389765 -0.379298 0.13146 0.395119
-0.377934 0.159016 0.389668 -0.379279 0.131935 0.395026
-0.377914 0.159506 0.389571 -0.37926 0.13241 0.394932
-0.377895 0.159996 0.389474 -0.379223 0.133362 0.394745
-0.377876 0.160486 0.389378 -0.379204 0.133838 0.394651
-0.377856 0.160977 0.389281 -0.379185 0.134313 0.394557
-0.377837 0.161467 0.389184 -0.379167 0.134789 0.394463
-0.377817 0.161957 0.389087 -0.379148 0.135265 0.39437
-0.377798 0.162447 0.388991 -0.379129 0.13574 0.394276
-0.377779 0.162937 0.388894 -0.379111 0.136216 0.394182
-0.377759 0.163427 0.388797 -0.379092 0.136691 0.394089
-0.37774 0.163918 0.3887 -0.379073 0.137166 0.393995
-0.377721 0.164408 0.388604 -0.379054 0.137642 0.393901
-0.377701 0.164898 0.388507 -0.379036 0.138117 0.393808
-0.377682 0.165388 0.38841 -0.379017 0.138592 0.393714
-0.377663 0.165878 0.388313 -0.378998 0.139067 0.393621
-0.377643 0.166368 0.388217 -0.378979 0.139542 0.393527
-0.377624 0.166859 0.38812 -0.378942 0.140492 0.39334
-0.377605 0.167349 0.388023 -0.378923 0.140967 0.393246
-0.377585 0.167839 0.387927 -0.378904 0.141442 0.393153
-0.377566 0.168329 0.38783 -0.378885 0.141917 0.393059
-0.377547 0.168819 0.387733 -0.378867 0.142391 0.392966
-0.377527 0.16931 0.387636 -0.378848 0.142865 0.392872
-0.377508 0.1698 0.38754 -0.378829 0.143338 0.392779
-0.377489 0.17029 0.387443 -0.37881 0.143811 0.392686
-0.377469 0.17078 0.387346 -0.378791 0.144284 0.392593
-0.37745 0.17127 0.387249 -0.378772 0.144757 0.3925
-0.377431 0.17176 0.387153 -0.378754 0.145229 0.392407
-0.377411 0.172251 0.387056 -0.378735 0.145701 0.392314
-0.377392 0.172741 0.386959 -0.378716 0.146173 0.392221
-0.377372 0.173231 0.386862 -0.378697 0.146644 0.392128
-0.377353 0.173721 0.386766 -0.378678 0.147116 0.392035
-0.377334 0.174211 0.386669 -0.378659 0.147586 0.391942
-0.377314 0.174701 0.386572 -0.378641 0.148057 0.391849
-0.377295 0.175192 0.386475 -0.378622 0.148528 0.391757
-0.377276 0.175682 0.386379 -0.378603 0.148999 0.391664
-0.377256 0.176172 0.386282 -0.378584 0.149469 0.391571
-0.377237 0.176662 0.386185 -0.378565 0.149939 0.391479
-0.377218 0.177152 0.386088 -0.378547 0.150409 0.391386
-0.377198 0.177642 0.385992 -0.378528 0.150878 0.391294
-0.377179 0.178133 0.385895 -0.378509 0.151347 0.391201
-0.37716 0.178623 0.385798 -0.37849 0.151815 0.391109
-0.37714 0.179113 0.385701 -0.378471 0.152284 0.391017
-0.377121 0.179603 0.385605 -0.378453 0.152752 0.390924
-0.377102 0.180093 0.385508 -0.378415 0.153689 0.39074
-0.377082 0.180583 0.385411 -0.378396 0.154157 0.390648
-0.377063 0.181074 0.385314 -0.378377 0.154625 0.390555
-0.377044 0.181564 0.385218 -0.378359 0.155093 0.390463
-0.377024 0.182054 0.385121 -0.37834 0.155561 0.390371
-0.377005 0.182544 0.385024 -0.378321 0.15603 0.390279
-0.376985 0.183034 0.384927 -0.378303 0.156498 0.390186
-0.376966 0.183524 0.384831 -0.378284 0.156966 0.390094
-0.376947 0.184015 0.384734 -0.378265 0.157434 0.390002
-0.376927 0.184505 0.384637 -0.378246 0.157902 0.38991
-0.376908 0.184995 0.38454 -0.378228 0.15837 0.389818
-0.376889 0.185485 0.384444 -0.378209 0.158839 0.389725
-0.376869 0.185975 0.384347 -0.37819 0.159307 0.389633
-0.37685 0.186465 0.38425 -0.378172 0.159775 0.389541
-0.376831 0.186956 0.384153 -0.378153 0.160244 0.389449
-0.376811 0.187446 0.384057 -0.378135 0.160713 0.389356
-0.376792 0.187936 0.38396 -0.378116 0.161182 0.389264
-0.376773 0.188426 0.383863 -0.378097 0.161651 0.389171
-0.376753 0.188916 0.383767 -0.378079 0.16212 0.389079
-0.376734 0.189406 0.38367 -0.37806 0.162589 0.388987
-0.376715 0.189897 0.383573 -0.378042 0.163059 0.388894
-0.376695 0.190387 0.383476 -0.378023 0.163528 0.388802
-0.376676 0.190877 0.38338 -0.378004 0.163997 0.388709
-0.376657 0.191367 0.383283 -0.377986 0.164466 0.388617
-0.376637 0.191857 0.383186 -0.377967 0.164935 0.388525
-0.376618 0.192347 0.383089 -0.377949 0.165405 0.388432
-0.376599 0.192838 0.382993 -0.37793 0.165875 0.38834
-0.376579 0.193328 0.382896 -0.377911 0.166345 0.388247
-0.37656 0.193818 0.382799 -0.377893 0.166816 0.388154
-0.37654 0.194308 0.382702 -0.377874 0.167287 0.388061
-0.376521 0.194798 0.382606 -0.377856 0.167758 0.387969
-0.376502 0.195288 0.382509 -0.377837 0.16823 0.387876
-0.376482 0.195779 0.382412 -0.377819 0.168701 0.387783
-0.376463 0.196269 0.382315 -0.3778 0.169174 0.38769
-0.376444 0.196759 0.382219 -0.377782 0.169646 0.387597
-0.376424 0.197249 0.382122 -0.377763 0.170119 0.387504
-0.376405 0.197739 0.382025 -0.377745 0.170591 0.387411
-0.376386 0.19823 0.381928 -0.377726 0.171064 0.387318
-0.376366 0.19872 0.381832 -0.377708 0.171536 0.387225
-0.376347 0.19921 0.381735 -0.377689 0.172009 0.387132
-0.376328 0.1997 0.381638 -0.37767 0.172482 0.387039
-0.376308 0.20019 0.381541 -0.377652 0.172954 0.386945
-0.376289 0.20068 0.381445 -0.377633 0.173427 0.386852
-0.37627 0.201171 0.381348 -0.377615 0.1739 0.386759
-0.37625 0.201661 0.381251 -0.377596 0.174373 0.386666
-0.376231 0.202151 0.381154 -0.377578 0.174846 0.386573
-0.376212 0.202641 0.381058 -0.377559 0.17532 0.38648
-0.376192 0.203131 0.380961 -0.377541 0.175793 0.386387
-0.376173 0.203621 0.380864 -0.377522 0.176267 0.386293
-0.376153 0.204112 0.380767 -0.377503 0.176741 0.3862
-0.376134 0.204602 0.380671 -0.377466 0.177689 0.386013
-0.376115 0.205092 0.380574 -0.377448 0.178163 0.38592
-0.376095 0.205582 0.380477 -0.377429 0.178638 0.385826
-0.376076 0.206072 0.38038 -0.37741 0.179112 0.385733
-0.376057 0.206562 0.380284 -0.377392 0.179587 0.38564
-0.376037 0.207053 0.380187 -0.377373 0.180062 0.385546
-0.376018 0.207543 0.38009 -0.377355 0.180538 0.385452
-0.375999 0.208033 0.379994 -0.377336 0.181013 0.385359
-0.375979 0.208523 0.379897 -0.377317 0.181489 0.385265
-0.37596 0.209013 0.3798 -0.377299 0.181964 0.385172
-0.375941 0.209503 0.379703 -0.37728 0.182439 0.385078
-0.375921 0.209994 0.379607 -0.377262 0.182915 0.384984
-0.375902 0.210484 0.37951 -0.377243 0.18339 0.384891
-0.375883 0.210974 0.379413 -0.377224 0.183866 0.384797
-0.375863 0.211464 0.379316 -0.377206 0.184342 0.384703
-0.375844 0.211954 0.37922 -0.377187 0.184818 0.38461
-0.375825 0.212444 0.379123 -0.377168 0.185294 0.384516
-0.375805 0.212935 0.379026 -0.37715 0.185769 0.384422
-0.375786 0.213425 0.378929 -0.377112 0.18672 0.384235
-0.375767 0.213915 0.378833 -0.377093 0.187195 0.384142
-0.375747 0.214405 0.378736 -0.377075 0.18767 0.384048
-0.375728 0.214895 0.378639 -0.377056 0.188145 0.383955
-0.375708 0.215385 0.378542 -0.377037 0.18862 0.383861
-0.375689 0.215876 0.378446 -0.377019 0.189094 0.383768
-0.37567 0.216366 0.378349 -0.377 0.189569 0.383674
-0.37565 0.216856 0.378252 -0.376962 0.190517 0.383487
-0.375631 0.217346 0.378155 -0.376944 0.190991 0.383394
-0.375612 0.217836 0.378059 -0.376925 0.191465 0.383301
-0.375592 0.218326 0.377962 -0.376906 0.191938 0.383208
-0.375573 0.218817 0.377865 -0.376887 0.192411 0.383115
-0.375554 0.219307 0.377768 -0.376868 0.192883 0.383022
-0.375534 0.219797 0.377672 -0.37685 0.193355 0.382929
-0.375515 0.220287 0.377575 -0.376831 0.193826 0.382836
-0.375496 0.220777 0.377478 -0.376812 0.194296 0.382743
-0.375476 0.221267 0.377381 -0.376793 0.194766 0.382651
-0.375457 0.221758 0.377285 -0.376774 0.195235 0.382558
-0.375438 0.222248 0.377188 -0.376755 0.195705 0.382466
-0.375418 0.222738 0.377091 -0.376737 0.196174 0.382373
-0.375399 0.223228 0.376994 -0.376718 0.196643 0.382281
-0.37538 0.223718 0.376898 -0.376699 0.197112 0.382188
-0.37536 0.224209 0.376801 -0.37668 0.197582 0.382096
-0.375341 0.224699 0.376704 -0.376661 0.198051 0.382004
-0.375321 0.225189 0.376607 -0.376643 0.19852 0.381911
-0.375302 0.225679 0.376511 -0.376624 0.198989 0.381819
-0.375283 0.226169 0.376414 -0.376605 0.199458 0.381726
-0.375263 0.226659 0.376317 -0.376586 0.199928 0.381634
-0.375244 0.22715 0.37622 -0.376568 0.200397 0.381542
-0.375225 0.22764 0.376124 -0.376549 0.200866 0.381449
-0.375205 0.22813 0.376027 -0.37653 0.201335 0.381357
-0.375186 0.22862 0.37593 -0.376511 0.201804 0.381264
-0.375167 0.22911 0.375834 -0.376493 0.202273 0.381172
-0.375147 0.2296 0.375737 -0.376474 0.202741 0.38108
-0.375128 0.230091 0.37564 -0.376455 0.20321 0.380987
-0.375109 0.230581 0.375543 -0.376437 0.203678 0.380895
-0.375089 0.231071 0.375447 -0.376418 0.204147 0.380803
-0.37507 0.231561 0.37535 -0.37638 0.205083 0.380619
-0.375051 0.232051 0.375253 -0.376362 0.205551 0.380526
-0.375031 0.232541 0.375156 -0.376343 0.206019 0.380434
-0.375012 0.233032 0.37506 -0.376324 0.206487 0.380342
-0.374993 0.233522 0.374963 -0.376306 0.206955 0.38025
-0.374973 0.234012 0.374866 -0.376287 0.207423 0.380158
-0.374954 0.234502 0.374769 -0.376268 0.207891 0.380066
-0.374935 0.234992 0.374673 -0.37625 0.208359 0.379973
-0.374915 0.235482 0.374576 -0.376231 0.208827 0.379881
-0.374896 0.235973 0.374479 -0.376212 0.209294 0.379789
-0.374876 0.236463 0.374382 -0.376194 0.209762 0.379697
-0.374857 0.236953 0.374286 -0.376175 0.210229 0.379605
-0.374838 0.237443 0.374189 -0.376157 0.210697 0.379513
-0.374818 0.237933 0.374092 -0.376138 0.211165 0.379421
-0.374799 0.238423 0.373995 -0.376119 0.211634 0.379328
-0.37478 0.238914 0.373899 -0.376101 0.212102 0.379236
-0.37476 0.239404 0.373802 -0.376082 0.212571 0.379144
-0.374741 0.239894 0.373705 -0.376064 0.21304 0.379052
-0.374722 0.240384 0.373608 -0.376045 0.213508 0.378959
-0.374702 0.240874 0.373512 -0.376026 0.213977 0.378867
-0.374683 0.241364 0.373415 -0.376008 0.214446 0.378775
-0.374664 0.241855 0.373318 -0.375989 0.214915 0.378682
-0.374644 0.242345 0.373221 -0.375971 0.215383 0.37859
-0.374625 0.242835 0.373125 -0.375952 0.215852 0.378498
-0.374606 0.243325 0.373028 -0.375934 0.216321 0.378406
-0.374586 0.243815 0.372931 -0.375915 0.216789 0.378313
-0.374567 0.244305 0.372834 -0.375896 0.217258 0.378221
-0.374548 0.244796 0.372738 -0.375859 0.218196 0.378036
-0.374528 0.245286 0.372641 -0.375841 0.218665 0.377944
-0.374509 0.245776 0.372544 -0.375822 0.219134 0.377852
-0.374489 0.246266 0.372447 -0.375804 0.219604 0.377759
-0.37447 0.246756 0.372351 -0.375785 0.220073 0.377667
-0.374451 0.247246 0.372254 -0.375767 0.220543 0.377574
-0.374431 0.247737 0.372157 -0.375748 0.221013 0.377482
-0.374412 0.248227 0.37206 -0.37573 0.221483 0.377389
-0.374393 0.248717 0.371964 -0.375711 0.221954 0.377297
-0.374373 0.249207 0.371867 -0.375692 0.222424 0.377204
-0.374354 0.249697 0.37177 -0.375674 0.222895 0.377111
-0.374335 0.250187 0.371674 -0.375655 0.223365 0.377019
-0.374315 0.250678 0.371577 -0.375637 0.223836 0.376926
-0.374296 0.251168 0.37148 -0.375618 0.224307 0.376833
-0.374277 0.251658 0.371383 -0.3756 0.224777 0.376741
-0.374257 0.252148 0.371287 -0.375581 0.225248 0.376648
-0.374238 0.252638 0.37119 -0.375563 0.225719 0.376555
-0.374219 0.253129 0.371093 -0.375544 0.226191 0.376462
-0.374199 0.253619 0.370996 -0.375526 0.226662 0.37637
-0.37418 0.254109 0.3709 -0.375488 0.227605 0.376184
-0.374161 0.254599 0.370803 -0.37547 0.228077 0.376091
-0.374141 0.255089 0.370706 -0.375451 0.228549 0.375998
-0.374122 0.255579 0.370609 -0.375433 0.229021 0.375905
-0.374103 0.25607 0.370513 -0.375414 0.229492 0.375813
-0.374083 0.25656 0.370416 -0.375396 0.229964 0.37572
-0.374064 0.25705 0.370319 -0.375377 0.230436 0.375627
-0.374044 0.25754 0.370222 -0.375359 0.230907 0.375534
-0.374025 0.25803 0.370126 -0.37534 0.231378 0.375441
-0.374006 0.25852 0.370029 -0.375321 0.23185 0.375349
-0.373986 0.259011 0.369932 -0.375303 0.232321 0.375256
-0.373967 0.259501 0.369835 -0.375284 0.232792 0.375163
-0.373948 0.259991 0.369739 -0.375266 0.233263 0.37507
-0.373928 0.260481 0.369642 -0.375247 0.233735 0.374977
-0.373909 0.260971 0.369545 -0.375228 0.234206 0.374885
-0.37389 0.261461 0.369448 -0.37521 0.234678 0.374792
-0.37387 0.261952 0.369352 -0.375191 0.235149 0.374699
-0.373851 0.262442 0.369255 -0.375172 0.235621 0.374606
-0.373832 0.262932 0.369158 -0.375154 0.236092 0.374513
-0.373812 0.263422 0.369061 -0.375135 0.236563 0.374421
-0.373793 0.263912 0.368965 -0.375117 0.237034 0.374328
-0.373774 0.264402 0.368868 -0.375098 0.237505 0.374235
-0.373754 0.264893 0.368771 -0.375079 0.237976 0.374142
-0.373735 0.265383 0.368674 -0.375061 0.238447 0.37405
-0.373716 0.265873 0.368578 -0.375042 0.238918 0.373957
-0.373696 0.266363 0.368481 -0.375023 0.239389 0.373864
-0.373677 0.266853 0.368384 -0.375005 0.23986 0.373771
-0.373657 0.267343 0.368287 -0.374986 0.240331 0.373679
-0.373638 0.267834 0.368191 -0.374968 0.240803 0.373586
-0.373619 0.268324 0.368094 -0.374949 0.241274 0.373493
-0.373599 0.268814 0.367997 -0.37493 0.241745 0.3734
-0.37358 0.269304 0.367901 -0.374912 0.242216 0.373308
-0.373561 0.269794 0.367804 -0.374893 0.242687 0.373215
-0.373541 0.270284 0.367707 -0.374874 0.243158 0.373122
-0.373522 0.270775 0.36761 -0.374856 0.243629 0.373029
-0.373503 0.271265 0.367514 -0.374837 0.244101 0.372937
-0.373483 0.271755 0.367417 -0.374818 0.244572 0.372844
-0.373464 0.272245 0.36732 -0.374781 0.245516 0.372658
-0.373445 0.272735 0.367223 -0.374762 0.245987 0.372565
-0.373425 0.273225 0.367127 -0.374744 0.24646 0.372472
-0.373406 0.273716 0.36703 -0.374725 0.246932 0.372379
-0.373387 0.274206 0.366933 -0.374707 0.247404 0.372286
-0.373367 0.274696 0.366836 -0.374688 0.247876 0.372193
-0.373348 0.275186 0.36674 -0.374669 0.248349 0.3721
-0.373329 0.275676 0.366643 -0.374632 0.249295 0.371914
-0.373309 0.276166 0.366546 -0.374613 0.249768 0.371821
-0.37329 0.276657 0.366449 -0.374595 0.250241 0.371728
-0.373271 0.277147 0.366353 -0.374576 0.250715 0.371634
-0.373251 0.277637 0.366256 -0.374557 0.251187 0.371541
-0.373232 0.278127 0.366159 -0.374539 0.251659 0.371449
-0.373212 0.278617 0.366062 -0.37452 0.25213 0.371356
-0.373193 0.279107 0.365966 -0.374501 0.252599 0.371263
-0.373174 0.279598 0.365869 -0.374483 0.253069 0.371171
-0.373154 0.280088 0.365772 -0.374464 0.253538 0.371078
-0.373135 0.280578 0.365675 -0.374445 0.254006 0.370986
-0.373116 0.281068 0.365579 -0.374426 0.254475 0.370894
-0.373096 0.281558 0.365482 -0.374408 0.254944 0.370801
-0.373077 0.282049 0.365385 -0.374389 0.255413 0.370709
-0.373058 0.282539 0.365288 -0.37437 0.255882 0.370617
-0.373038 0.283029 0.365192 -0.374352 0.256351 0.370524
-0.373019 0.283519 0.365095 -0.374333 0.25682 0.370432
-0.373 0.284009 0.364998 -0.374296 0.257759 0.370247
-0.37298 0.284499 0.364901 -0.374277 0.258229 0.370154
-0.372961 0.28499 0.364805 -0.374258 0.258698 0.370062
-0.372942 0.28548 0.364708 -0.37424 0.259167 0.36997
-0.372922 0.28597 0.364611 -0.374221 0.259636 0.369877
-0.372903 0.28646 0.364514 -0.374202 0.260105 0.369785
-0.372884 0.28695 0.364418 -0.374184 0.260573 0.369693
-0.372864 0.28744 0.364321 -0.374165 0.261042 0.3696
-0.372845 0.287931 0.364224 -0.374146 0.26151 0.369508
-0.372825 0.288421 0.364127 -0.374127 0.261978 0.369416
-0.372806 0.288911 0.364031 -0.374109 0.262446 0.369324
-0.372787 0.289401 0.363934 -0.37409 0.262913 0.369232
-0.372767 0.289891 0.363837 -0.374071 0.263381 0.369139
-0.372748 0.290381 0.363741 -0.374053 0.263849 0.369047
-0.372729 0.290872 0.363644 -0.374034 0.264316 0.368955
-0.372709 0.291362 0.363547 -0.374016 0.264784 0.368863
-0.37269 0.291852 0.36345 -0.373997 0.265252 0.368771
-0.372671 0.292342 0.363354 -0.373978 0.26572 0.368679
-0.372651 0.292832 0.363257 -0.37396 0.266188 0.368587
-0.372632 0.293322 0.36316 -0.373941 0.266655 0.368494
-0.372613 0.293813 0.363063 -0.373922 0.267123 0.368402
-0.372593 0.294303 0.362967 -0.373904 0.26759 0.36831
-0.372574 0.294793 0.36287 -0.373885 0.268057 0.368218
-0.372555 0.295283 0.362773 -0.373867 0.268524 0.368126
-0.372535 0.295773 0.362676 -0.373848 0.26899 0.368035
-0.372516 0.296263 0.36258 -0.373829 0.269457 0.367943
-0.372497 0.296754 0.362483 -0.373792 0.27039 0.367759
-0.372477 0.297244 0.362386 -0.373773 0.270856 0.367667
-0.372458 0.297734 0.362289 -0.373755 0.271322 0.367575
-0.372439 0.298224 0.362193 -0.373736 0.271789 0.367483
-0.372419 0.298714 0.362096 -0.373718 0.272255 0.367391
-0.3724 0.299204 0.361999 -0.373699 0.272721 0.3673
-0.37238 0.299695 0.361902 -0.373681 0.273188 0.367208
-0.372361 0.300185 0.361806 -0.373662 0.273654 0.367116
-0.372342 0.300675 0.361709 -0.373643 0.27412 0.367024
-0.372322 0.301165 0.361612 -0.373625 0.274586 0.366932
-0.372303 0.301655 0.361515 -0.373606 0.275052 0.36684
-0.372284 0.302145 0.361419 -0.373588 0.275519 0.366749
-0.372264 0.302636 0.361322 -0.373569 0.275985 0.366657
-0.372245 0.303126 0.361225 -0.373551 0.276452 0.366565
-0.372226 0.303616 0.361128 -0.373532 0.276919 0.366473
-0.372206 0.304106 0.361032 -0.373514 0.277386 0.366381
-0.372187 0.304596 0.360935 -0.373477 0.278321 0.366197
-0.372168 0.305086 0.360838 -0.373458 0.278789 0.366105
-0.372148 0.305577 0.360741 -0.37344 0.279256 0.366012
-0.372129 0.306067 0.360645 -0.373421 0.279724 0.36592
-0.37211 0.306557 0.360548 -0.373403 0.280192 0.365828
-0.37209 0.307047 0.360451 -0.373384 0.28066 0.365736
-0.372071 0.307537 0.360354 -0.373366 0.281127 0.365644
-0.372052 0.308027 0.360258 -0.373347 0.281595 0.365552
-0.372032 0.308518 0.360161 -0.373328 0.282062 0.36546
-0.372013 0.309008 0.360064 -0.37331 0.282529 0.365368
-0.371993 0.309498 0.359967 -0.373291 0.282995 0.365276
-0.371974 0.309988 0.359871 -0.373273 0.283462 0.365184
-0.371955 0.310478 0.359774 -0.373254 0.283927 0.365092
-0.371935 0.310969 0.359677 -0.373236 0.284393 0.365001
-0.371916 0.311459 0.359581 -0.373217 0.284859 0.364909
-0.371897 0.311949 0.359484 -0.373199 0.285324 0.364817
-0.371877 0.312439 0.359387 -0.37318 0.28579 0.364726
-0.371858 0.312929 0.35929 -0.373162 0.286256 0.364634
-0.371839 0.313419 0.359194 -0.373143 0.286722 0.364542
-0.371819 0.31391 0.359097 -0.373125 0.287188 0.36445
-0.3718 0.3144 0.359 -0.373106 0.287654 0.364359
-0.371781 0.31489 0.358903 -0.373088 0.288119 0.364267
-0.371761 0.31538 0.358807 -0.373069 0.288585 0.364175
-0.371742 0.31587 0.35871 -0.373051 0.289051 0.364083
-0.371723 0.31636 0.358613 -0.373032 0.289516 0.363992
-0.371703 0.316851 0.358516 -0.372995 0.290447 0.363808
-0.371684 0.317341 0.35842 -0.372977 0.290913 0.363717
-0.371665 0.317831 0.358323 -0.372958 0.291379 0.363625
-0.371645 0.318321 0.358226 -0.37294 0.291845 0.363533
-0.371626 0.318811 0.358129 -0.372921 0.292311 0.363441
-0.371607 0.319301 0.358033 -0.372903 0.292778 0.363349
-0.371587 0.319792 0.357936 -0.372884 0.293244 0.363258
-0.371568 0.320282 0.357839 -0.372866 0.293711 0.363166
-0.371548 0.320772 0.357742 -0.372847 0.294178 0.363074
-0.371529 0.321262 0.357646 -0.372829 0.294645 0.362982
-0.37151 0.321752 0.357549 -0.37281 0.295112 0.36289
-0.37149 0.322242 0.357452 -0.372792 0.295579 0.362798
-0.371471 0.322733 0.357355 -0.372773 0.296047 0.362706
-0.371452 0.323223 0.357259 -0.372755 0.296514 0.362614
-0.371432 0.323713 0.357162 -0.372737 0.296982 0.362522
-0.371413 0.324203 0.357065 -0.372718 0.29745 0.362429
-0.371394 0.324693 0.356968 -0.3727 0.297918 0.362337
-0.371374 0.325183 0.356872 -0.372681 0.298387 0.362245
-0.371355 0.325674 0.356775 -0.372663 0.298856 0.362153
-0.371336 0.326164 0.356678 -0.372644 0.299325 0.36206
-0.371316 0.326654 0.356581 -0.372626 0.299795 0.361968
-0.371297 0.327144 0.356485 -0.372607 0.300264 0.361875
-0.371278 0.327634 0.356388 -0.372589 0.300734 0.361783
-0.371258 0.328124 0.356291 -0.372571 0.301205 0.36169
-0.371239 0.328615 0.356194 -0.372552 0.301675 0.361598
-0.37122 0.329105 0.356098 -0.372534 0.302145 0.361505
-0.3712 0.329595 0.356001 -0.372515 0.302615 0.361413
-0.371181 0.330085 0.355904 -0.372497 0.303085 0.36132
-0.371162 0.330575 0.355808 -0.372478 0.303555 0.361228
-0.371142 0.331065 0.355711 -0.37246 0.304025 0.361135
-0.371123 0.331556 0.355614 -0.372441 0.304495 0.361043
-0.371103 0.332046 0.355517 -0.372423 0.304965 0.36095
-0.371084 0.332536 0.355421 -0.372404 0.305436 0.360858
-0.371065 0.333026 0.355324 -0.372367 0.306376 0.360672
-0.371045 0.333516 0.355227 -0.372349 0.306846 0.36058
-0.371026 0.334006 0.35513 -0.37233 0.307317 0.360487
-0.371007 0.334497 0.355034 -0.372312 0.307788 0.360394
-0.370987 0.334987 0.354937 -0.372293 0.308259 0.360302
-0.370968 0.335477 0.35484 -0.372275 0.30873 0.360209
-0.370949 0.335967 0.354743 -0.372256 0.309201 0.360116
-0.370929 0.336457 0.354647 -0.372238 0.309672 0.360023
-0.37091 0.336948 0.35455 -0.372219 0.310143 0.359931
-0.370891 0.337438 0.354453 -0.3722 0.310615 0.359838
-0.370871 0.337928 0.354356 -0.372182 0.311086 0.359745
-0.370852 0.338418 0.35426 -0.372163 0.311557 0.359652
-0.370833 0.338908 0.354163 -0.372145 0.312029 0.359559
-0.370813 0.339398 0.354066 -0.372126 0.3125 0.359467
-0.370794 0.339889 0.353969 -0.372089 0.313444 0.359281
-0.370775 0.340379 0.353873 -0.372071 0.313916 0.359188
-0.370755 0.340869 0.353776 -0.372052 0.314387 0.359095
-0.370736 0.341359 0.353679 -0.372033 0.314859 0.359002
-0.370716 0.341849 0.353582 -0.372015 0.315331 0.358909
-0.370697 0.342339 0.353486 -0.371996 0.315802 0.358816
-0.370678 0.34283 0.353389 -0.371978 0.316274 0.358724
-0.370658 0.34332 0.353292 -0.371959 0.316745 0.358631
-0.370639 0.34381 0.353195 -0.37194 0.317215 0.358538
-0.37062 0.3443 0.353099 -0.371922 0.317685 0.358445
-0.3706 0.34479 0.353002 -0.371903 0.318155 0.358353
-0.370581 0.34528 0.352905 -0.371884 0.318624 0.35826
-0.370562 0.345771 0.352808 -0.371866 0.319094 0.358168
-0.370542 0.346261 0.352712 -0.371847 0.319564 0.358075
-0.370523 0.346751 0.352615 -0.371828 0.320033 0.357983
-0.370504 0.347241 0.352518 -0.37181 0.320503 0.35789
-0.370484 0.347731 0.352421 -0.371791 0.320973 0.357798
-0.370465 0.348221 0.352325 -0.371773 0.321442 0.357705
-0.370446 0.348712 0.352228 -0.371754 0.321912 0.357613
-0.370426 0.349202 0.352131 -0.371735 0.322381 0.35752
-0.370407 0.349692 0.352034 -0.371717 0.322851 0.357428
-0.370388 0.350182 0.351938 -0.371698 0.32332 0.357335
-0.370368 0.350672 0.351841 -0.371679 0.323789 0.357243
-0.370349 0.351162 0.351744 -0.371661 0.324258 0.35715
-0.37033 0.351653 0.351648 -0.371642 0.324727 0.357058
-0.37031 0.352143 0.351551 -0.371623 0.325196 0.356966
-0.370291 0.352633 0.351454 -0.371586 0.326134 0.356781
-0.370271 0.353123 0.351357 -0.371567 0.326603 0.356688
-0.370252 0.353613 0.351261 -0.371549 0.327072 0.356596
-0.370233 0.354103 0.351164 -0.37153 0.327541 0.356504
-0.370213 0.354594 0.351067 -0.371512 0.32801 0.356411
-0.370194 0.355084 0.35097 -0.371493 0.328479 0.356319
-0.370175 0.355574 0.350874 -0.371474 0.328948 0.356226
-0.370155 0.356064 0.350777 -0.371456 0.329418 0.356134
-0.370136 0.356554 0.35068 -0.371437 0.329887 0.356041
-0.370117 0.357044 0.350583 -0.371418 0.330356 0.355949
-0.370097 0.357535 0.350487 -0.3714 0.330825 0.355856
-0.370078 0.358025 0.35039 -0.371381 0.331294 0.355764
-0.370059 0.358515 0.350293 -0.371363 0.331763 0.355672
-0.370039 0.359005 0.350196 -0.371344 0.332232 0.355579
-0.37002 0.359495 0.3501 -0.371325 0.332701 0.355487
-0.370001 0.359985 0.350003 -0.371307 0.33317 0.355394
-0.369981 0.360476 0.349906 -0.371288 0.333639 0.355302
-0.370001 0.359985 0.350003 -0.371269 0.334109 0.355209
-0.369981 0.360476 0.349906 -0.371251 0.334578 0.355117
-0.370001 0.359985 0.350003 -0.371232 0.335047 0.355024
-0.369981 0.360476 0.349906 -0.371214 0.335516 0.354932
-0.370001 0.359985 0.350003 -0.371195 0.335986 0.35484
-0.369981 0.360476 0.349906 -0.371176 0.336455 0.354747
-0.370001 0.359985 0.350003 -0.371139 0.337392 0.354562
-0.369981 0.360476 0.349906 -0.371121 0.33786 0.35447
-0.370001 0.359985 0.350003 -0.371102 0.338326 0.354378
-0.369981 0.360476 0.349906 -0.371083 0.338791 0.354287
-0.370001 0.359985 0.350003 -0.371065 0.339254 0.354195
-0.369981 0.360476 0.349906 -0.371046 0.339715 0.354104
-0.370001 0.359985 0.350003 -0.371027 0.340173 0.354014
-0.369981 0.360476 0.349906 -0.371008 0.340627 0.353924
-0.370001 0.359985 0.350003 -0.37099 0.341079 0.353835
-0.369981 0.360476 0.349906 -0.370971 0.341526 0.353746
-0.370001 0.359985 0.350003 -0.370952 0.341969 0.353658
-0.369981 0.360476 0.349906 -0.370933 0.342407 0.353571
-0.370001 0.359985 0.350003 -0.370914 0.342841 0.353485
-0.369981 0.360476 0.349906 -0.370896 0.343269 0.3534
-0.370001 0.359985 0.350003 -0.370877 0.343693 0.353316
-0.369981 0.360476 0.349906 -0.370858 0.344111 0.353232
-0.370001 0.359985 0.350003 -0.37084 0.344523 0.35315
-0.369981 0.360476 0.349906 -0.370821 0.34493 0.353069
-0.370001 0.359985 0.350003 -0.370802 0.345331 0.352989
-0.369981 0.360476 0.349906 -0.370784 0.345726 0.35291
-0.370001 0.359985 0.350003 -0.370766 0.346115 0.352832
-0.369981 0.360476 0.349906 -0.370747 0.346498 0.352755
-0.370001 0.359985 0.350003 -0.370729 0.346874 0.35268
-0.369981 0.360476 0.349906 -0.370711 0.347244 0.352605
-0.370001 0.359985 0.350003 -0.370693 0.347607 0.352532
-0.369981 0.360476 0.349906 -0.370676 0.347964 0.35246
-0.370001 0.359985 0.350003 -0.370658 0.348314 0.35239
-0.369981 0.360476 0.349906 -0.370641 0.348657 0.352321
-0.370001 0.359985 0.350003 -0.370624 0.348994 0.352253
-0.369981 0.360476 0.349906 -0.370607 0.349324 0.352186
-0.370001 0.359985 0.350003 -0.37059 0.349646 0.352121
-0.369981 0.360476 0.349906 -0.370573 0.349962 0.352057
-0.370001 0.359985 0.350003 -0.370557 0.350271 0.351994
-0.369981 0.360476 0.349906 -0.370541 0.350573 0.351933
-0.370001 0.359985 0.350003 -0.370509 0.351157 0.351814
-0.369981 0.360476 0.349906 -0.370494 0.351439 0.351756
-0.370001 0.359985 0.350003 -0.370479 0.351715 0.3517
-0.369981 0.360476 0.349906 -0.370464 0.351983 0.351646
-0.370001 0.359985 0.350003 -0.370449 0.352246 0.351592
-0.369981 0.360476 0.349906 -0.370435 0.352502 0.35154
-0.370001 0.359985 0.350003 -0.370421 0.352751 0.351489
-0.369981 0.360476 0.349906 -0.370407 0.352994 0.351439
-0.370001 0.359985 0.350003 -0.370393 0.353232 0.35139
-0.369981 0.360476 0.349906 -0.37038 0.353463 0.351343
-0.370001 0.359985 0.350003 -0.370367 0.353688 0.351297
-0.369981 0.360476 0.349906 -0.370354 0.353907 0.351252
-0.370001 0.359985 0.350003 -0.370342 0.35412 0.351208
-0.369981 0.360476 0.349906 -0.37033 0.354328 0.351166
-0.370001 0.359985 0.350003 -0.370318 0.35453 0.351124
-0.369981 0.360476 0.349906 -0.370306 0.354727 0.351084
-0.370001 0.359985 0.350003 -0.370295 0.354918 0.351044
-0.369981 0.360476 0.349906 -0.370284 0.355104 0.351006
-0.370001 0.359985 0.350003 -0.370273 0.355284 0.350969
-0.369981 0.360476 0.349906 -0.370262 0.35546 0.350933
-0.370001 0.359985 0.350003 -0.370252 0.355631 0.350898
-0.369981 0.360476 0.349906 -0.370242 0.355797 0.350863
-0.370001 0.359985 0.350003 -0.370232 0.355958 0.35083
-0.369981 0.360476 0.349906 -0.370214 0.356267 0.350767
-0.370001 0.359985 0.350003 -0.370205 0.356414 0.350736
-0.369981 0.360476 0.349906 -0.370196 0.356557 0.350707
-0.370001 0.359985 0.350003 -0.370188 0.356696 0.350678
-0.369981 0.360476 0.349906 -0.37018 0.35683 0.35065
-0.370001 0.359985 0.350003 -0.370172 0.35696 0.350623
-0.369981 0.360476 0.349906 -0.370164 0.357087 0.350597
-0.370001 0.359985 0.350003 -0.370156 0.35721 0.350572
-0.369981 0.360476 0.349906 -0.370149 0.35733 0.350547
-0.370001 0.359985 0.350003 -0.370142 0.357446 0.350523
-0.369981 0.360476 0.349906 -0.370135 0.357559 0.3505
-0.370001 0.359985 0.350003 -0.370129 0.357668 0.350477
-0.369981 0.360476 0.349906 -0.370122 0.357774 0.350455
-0.370001 0.359985 0.350003 -0.370116 0.357877 0.350434
-0.369981 0.360476 0.349906 -0.37011 0.357976 0.350414
-0.370001 0.359985 0.350003 -0.370104 0.358072 0.350394
-0.369981 0.360476 0.349906 -0.370099 0.358165 0.350375
-0.370001 0.359985 0.350003 -0.370093 0.358255 0.350356
-0.369981 0.360476 0.349906 -0.370088 0.358342 0.350338
-0.370001 0.359985 0.350003 -0.370083 0.358425 0.350321
-0.369981 0.360476 0.349906 -0.370078 0.358505 0.350305
-0.370001 0.359985 0.350003 -0.370073 0.358583 0.350289
-0.369981 0.360476 0.349906 -0.370069 0.358657 0.350273
-0.370001 0.359985 0.350003 -0.370065 0.358728 0.350258
-0.369981 0.360476 0.349906 -0.37006 0.358797 0.350244
-0.370001 0.359985 0.350003 -0.370056 0.358863 0.350231
-0.369981 0.360476 0.349906 -0.370053 0.358926 0.350218
-0.370001 0.359985 0.350003 -0.370049 0.358987 0.350205
-0.369981 0.360476 0.349906 -0.370045 0.359046 0.350193
