-0.399991 -0.399777 0.499956 -0.40001 -0.400267 0.500053
-0.399972 -0.399287 0.499859 -0.40001 -0.400267 0.500053
-0.399953 -0.398797 0.499763 -0.40001 -0.400267 0.500053
-0.399933 -0.398307 0.499666 -0.40001 -0.400267 0.500053
-0.399914 -0.397817 0.499569 -0.40001 -0.400267 0.500053
-0.399894 -0.397327 0.499472 -0.40001 -0.400267 0.500053
-0.399875 -0.396836 0.499376 -0.40001 -0.400267 0.500053
-0.399856 -0.396346 0.499279 -0.40001 -0.400266 0.500053
-0.399836 -0.395856 0.499182 -0.400009 -0.400264 0.500052
-0.399817 -0.395366 0.499085 -0.400009 -0.400261 0.500052
-0.399798 -0.394876 0.498989 -0.400009 -0.400258 0.500051
-0.399778 -0.394386 0.498892 -0.400009 -0.400253 0.50005
-0.399759 -0.393895 0.498795 -0.400008 -0.400234 0.500046
-0.39974 -0.393405 0.498698 -0.400008 -0.400226 0.500045
-0.39972 -0.392915 0.498602 -0.400008 -0.400217 0.500043
-0.399701 -0.392425 0.498505 -0.400007 -0.400208 0.500041
-0.399682 -0.391935 0.498408 -0.400006 -0.400178 0.500035
-0.399662 -0.391444 0.498311 -0.400006 -0.400167 0.500033
-0.399643 -0.390954 0.498215 -0.400005 -0.400155 0.500031
-0.399624 -0.390464 0.498118 -0.400005 -0.400143 0.500028
-0.399604 -0.389974 0.498021 -0.400004 -0.400131 0.500026
-0.399585 -0.389484 0.497924 -0.400003 -0.400106 0.500021
-0.399566 -0.388994 0.497828 -0.400003 -0.400093 0.500018
-0.399546 -0.388503 0.497731 -0.400002 -0.40008 0.500016
-0.399527 -0.388013 0.497634 -0.400002 -0.400067 0.500013
-0.399507 -0.387523 0.497537 -0.400001 -0.40005 0.50001
-0.399488 -0.387033 0.497441 -0.4 -0.400028 0.500006
-0.399469 -0.386543 0.497344 -0.399999 -0.399998 0.5
-0.399449 -0.386053 0.497247 -0.399998 -0.399957 0.499992
-0.39943 -0.385562 0.49715 -0.399996 -0.399905 0.499982
-0.399411 -0.385072 0.497054 -0.399994 -0.399843 0.49997
-0.399391 -0.384582 0.496957 -0.399992 -0.39977 0.499956
-0.399372 -0.384092 0.49686 -0.39999 -0.399688 0.499941
-0.399353 -0.383602 0.496764 -0.399987 -0.399595 0.499923
-0.399333 -0.383112 0.496667 -0.39998 -0.399379 0.499882
-0.399314 -0.382621 0.49657 -0.399976 -0.399257 0.499859
-0.399295 -0.382131 0.496473 -0.399972 -0.399125 0.499834
-0.399275 -0.381641 0.496377 -0.399968 -0.398984 0.499807
-0.399256 -0.381151 0.49628 -0.399964 -0.398834 0.499778
-0.399237 -0.380661 0.496183 -0.399959 -0.398676 0.499748
-0.399217 -0.380171 0.496086 -0.399954 -0.398508 0.499717
-0.399198 -0.37968 0.49599 -0.399948 -0.398333 0.499683
-0.399179 -0.37919 0.495893 -0.399943 -0.398149 0.499648
-0.399159 -0.3787 0.495796 -0.399937 -0.397957 0.499612
-0.39914 -0.37821 0.495699 -0.399931 -0.397757 0.499574
-0.399121 -0.37772 0.495603 -0.399925 -0.39755 0.499535
-0.399101 -0.37723 0.495506 -0.399918 -0.397335 0.499494
-0.399082 -0.376739 0.495409 -0.399912 -0.397112 0.499452
-0.399062 -0.376249 0.495312 -0.399905 -0.396882 0.499408
-0.399043 -0.375759 0.495216 -0.39989 -0.396402 0.499317
-0.399024 -0.375269 0.495119 -0.399883 -0.396151 0.499269
-0.399004 -0.374779 0.495022 -0.399875 -0.395894 0.499221
-0.398985 -0.374289 0.494925 -0.399867 -0.395631 0.49917
-0.398966 -0.373798 0.494829 -0.399859 -0.395362 0.499119
-0.398946 -0.373308 0.494732 -0.39985 -0.395086 0.499067
-0.398927 -0.372818 0.494635 -0.399841 -0.394804 0.499013
-0.398908 -0.372328 0.494538 -0.399833 -0.394516 0.498958
-0.398888 -0.371838 0.494442 -0.399824 -0.394223 0.498903
-0.398869 -0.371348 0.494345 -0.399814 -0.393924 0.498846
-0.39885 -0.370857 0.494248 -0.399805 -0.393619 0.498788
-0.39883 -0.370367 0.494151 -0.399795 -0.393309 0.498729
-0.398811 -0.369877 0.494055 -0.399785 -0.392994 0.498668
-0.398792 -0.369387 0.493958 -0.399775 -0.392674 0.498607
-0.398772 -0.368897 0.493861 -0.399765 -0.392349 0.498545
-0.398753 -0.368407 0.493764 -0.399755 -0.392018 0.498482
-0.398734 -0.367916 0.493668 -0.399744 -0.391683 0.498418
-0.398714 -0.367426 0.493571 -0.399733 -0.391343 0.498353
-0.398695 -0.366936 0.493474 -0.399723 -0.390999 0.498287
-0.398675 -0.366446 0.493377 -0.399711 -0.39065 0.498221
-0.398656 -0.365956 0.493281 -0.3997 -0.390297 0.498153
-0.398637 -0.365466 0.493184 -0.399689 -0.38994 0.498085
-0.398617 -0.364975 0.493087 -0.399677 -0.38958 0.498016
-0.398598 -0.364485 0.49299 -0.399665 -0.389215 0.497946
-0.398579 -0.363995 0.492894 -0.399653 -0.388847 0.497875
-0.398559 -0.363505 0.492797 -0.399641 -0.388475 0.497804
-0.39854 -0.363015 0.4927 -0.399629 -0.3881 0.497732
-0.398521 -0.362524 0.492604 -0.399616 -0.387721 0.497659
-0.398501 -0.362034 0.492507 -0.399604 -0.387339 0.497585
-0.398482 -0.361544 0.49241 -0.399591 -0.386953 0.497511
-0.398463 -0.361054 0.492313 -0.399578 -0.386564 0.497436
-0.398443 -0.360564 0.492217 -0.399565 -0.386172 0.497361
-0.398424 -0.360074 0.49212 -0.399538 -0.385378 0.497208
-0.398405 -0.359583 0.492023 -0.399525 -0.384977 0.49713
-0.398385 -0.359093 0.491926 -0.399511 -0.384573 0.497052
-0.398366 -0.358603 0.49183 -0.399497 -0.384166 0.496974
-0.398347 -0.358113 0.491733 -0.399483 -0.383756 0.496895
-0.398327 -0.357623 0.491636 -0.399469 -0.383344 0.496815
-0.398308 -0.357133 0.491539 -0.399455 -0.382929 0.496735
-0.398289 -0.356642 0.491443 -0.399441 -0.382512 0.496654
-0.398269 -0.356152 0.491346 -0.399426 -0.382092 0.496573
-0.39825 -0.355662 0.491249 -0.399412 -0.38167 0.496491
-0.39823 -0.355172 0.491152 -0.399397 -0.381245 0.496409
-0.398211 -0.354682 0.491056 -0.399382 -0.380819 0.496326
-0.398192 -0.354192 0.490959 -0.399367 -0.38039 0.496243
-0.398172 -0.353701 0.490862 -0.399352 -0.379959 0.496159
-0.398153 -0.353211 0.490765 -0.399337 -0.379525 0.496075
-0.398134 -0.352721 0.490669 -0.399321 -0.37909 0.49599
-0.398114 -0.352231 0.490572 -0.399306 -0.378653 0.495905
-0.398095 -0.351741 0.490475 -0.39929 -0.378214 0.49582
-0.398076 -0.351251 0.490378 -0.399275 -0.377773 0.495734
-0.398056 -0.35076 0.490282 -0.399259 -0.37733 0.495648
-0.398037 -0.35027 0.490185 -0.399243 -0.376885 0.495562
-0.398018 -0.34978 0.490088 -0.399227 -0.376439 0.495475
-0.397998 -0.34929 0.489991 -0.399211 -0.375992 0.495387
-0.397979 -0.3488 0.489895 -0.399195 -0.375543 0.4953
-0.39796 -0.34831 0.489798 -0.399178 -0.375092 0.495212
-0.39794 -0.347819 0.489701 -0.399162 -0.37464 0.495124
-0.397921 -0.347329 0.489604 -0.399145 -0.374187 0.495035
-0.397902 -0.346839 0.489508 -0.399129 -0.373732 0.494946
-0.397882 -0.346349 0.489411 -0.399112 -0.373276 0.494857
-0.397863 -0.345859 0.489314 -0.399095 -0.372819 0.494768
-0.397843 -0.345369 0.489217 -0.399078 -0.372361 0.494678
-0.397824 -0.344878 0.489121 -0.399045 -0.371443 0.494499
-0.397805 -0.344388 0.489024 -0.399027 -0.370982 0.494408
-0.397785 -0.343898 0.488927 -0.39901 -0.370521 0.494318
-0.397766 -0.343408 0.488831 -0.398993 -0.370059 0.494228
-0.397747 -0.342918 0.488734 -0.398976 -0.369596 0.494137
-0.397727 -0.342428 0.488637 -0.398958 -0.369132 0.494046
-0.397708 -0.341937 0.48854 -0.398941 -0.368668 0.493955
-0.397689 -0.341447 0.488444 -0.398923 -0.368203 0.493863
-0.397669 -0.340957 0.488347 -0.398906 -0.367737 0.493772
-0.39765 -0.340467 0.48825 -0.398888 -0.367271 0.49368
-0.397631 -0.339977 0.488153 -0.398871 -0.366804 0.493589
-0.397611 -0.339487 0.488057 -0.398853 -0.366336 0.493497
-0.397592 -0.338996 0.48796 -0.398835 -0.365868 0.493405
-0.397573 -0.338506 0.487863 -0.398817 -0.365399 0.493312
-0.397553 -0.338016 0.487766 -0.398799 -0.36493 0.49322
-0.397534 -0.337526 0.48767 -0.398781 -0.364461 0.493128
-0.397515 -0.337036 0.487573 -0.398763 -0.363992 0.493035
-0.397495 -0.336546 0.487476 -0.398745 -0.363522 0.492943
-0.397476 -0.336055 0.487379 -0.398727 -0.363052 0.49285
-0.397457 -0.335565 0.487283 -0.398709 -0.362582 0.492758
-0.397437 -0.335075 0.487186 -0.398691 -0.362111 0.492665
-0.397418 -0.334585 0.487089 -0.398673 -0.361639 0.492572
-0.397398 -0.334095 0.486992 -0.398654 -0.361167 0.492479
-0.397379 -0.333604 0.486896 -0.398636 -0.360694 0.492385
-0.39736 -0.333114 0.486799 -0.398618 -0.360221 0.492292
-0.39734 -0.332624 0.486702 -0.398599 -0.359747 0.492199
-0.397321 -0.332134 0.486605 -0.398581 -0.359273 0.492105
-0.397302 -0.331644 0.486509 -0.398562 -0.358799 0.492012
-0.397282 -0.331154 0.486412 -0.398526 -0.357851 0.491824
-0.397263 -0.330663 0.486315 -0.398507 -0.357376 0.491731
-0.397244 -0.330173 0.486218 -0.398488 -0.356902 0.491637
-0.397224 -0.329683 0.486122 -0.39847 -0.356427 0.491543
-0.397205 -0.329193 0.486025 -0.398451 -0.355952 0.491449
-0.397186 -0.328703 0.485928 -0.398433 -0.355477 0.491355
-0.397166 -0.328213 0.485831 -0.398414 -0.355002 0.491262
-0.397147 -0.327722 0.485735 -0.398395 -0.354527 0.491168
-0.397128 -0.327232 0.485638 -0.398377 -0.354051 0.491074
-0.397108 -0.326742 0.485541 -0.398358 -0.353576 0.49098
-0.397089 -0.326252 0.485444 -0.398339 -0.3531 0.490885
-0.39707 -0.325762 0.485348 -0.398321 -0.352624 0.490791
-0.39705 -0.325272 0.485251 -0.398302 -0.352148 0.490697
-0.397031 -0.324781 0.485154 -0.398283 -0.351672 0.490603
-0.397011 -0.324291 0.485057 -0.398264 -0.351196 0.490509
-0.396992 -0.323801 0.484961 -0.398245 -0.350719 0.490415
-0.396973 -0.323311 0.484864 -0.398227 -0.350243 0.49032
-0.396953 -0.322821 0.484767 -0.398208 -0.349767 0.490226
-0.396934 -0.322331 0.484671 -0.398189 -0.349291 0.490132
-0.396915 -0.32184 0.484574 -0.39817 -0.348815 0.490038
-0.396895 -0.32135 0.484477 -0.398151 -0.348339 0.489943
-0.396876 -0.32086 0.48438 -0.398132 -0.347863 0.489849
-0.396857 -0.32037 0.484284 -0.398114 -0.347388 0.489755
-0.396837 -0.31988 0.484187 -0.398095 -0.346912 0.489661
-0.396818 -0.31939 0.48409 -0.398076 -0.346436 0.489567
-0.396799 -0.318899 0.483993 -0.398057 -0.34596 0.489472
-0.396779 -0.318409 0.483897 -0.398038 -0.345483 0.489378
-0.39676 -0.317919 0.4838 -0.398019 -0.345006 0.489284
-0.396741 -0.317429 0.483703 -0.398 -0.34453 0.489189
-0.396721 -0.316939 0.483606 -0.397981 -0.344053 0.489095
-0.396702 -0.316449 0.48351 -0.397963 -0.343576 0.489
-0.396683 -0.315958 0.483413 -0.397944 -0.3431 0.488906
-0.396663 -0.315468 0.483316 -0.397925 -0.342623 0.488812
-0.396644 -0.314978 0.483219 -0.397906 -0.342146 0.488717
-0.396625 -0.314488 0.483123 -0.397887 -0.34167 0.488623
-0.396605 -0.313998 0.483026 -0.397849 -0.340717 0.488434
-0.396586 -0.313508 0.482929 -0.39783 -0.34024 0.48834
-0.396566 -0.313017 0.482832 -0.397811 -0.339763 0.488245
-0.396547 -0.312527 0.482736 -0.397792 -0.339286 0.488151
-0.396528 -0.312037 0.482639 -0.397773 -0.33881 0.488057
-0.396508 -0.311547 0.482542 -0.397755 -0.338333 0.487962
-0.396489 -0.311057 0.482445 -0.397736 -0.337856 0.487868
-0.39647 -0.310567 0.482349 -0.397717 -0.337379 0.487773
-0.39645 -0.310076 0.482252 -0.397698 -0.336902 0.487679
-0.396431 -0.309586 0.482155 -0.397679 -0.336425 0.487584
-0.396412 -0.309096 0.482058 -0.39766 -0.335949 0.48749
-0.396392 -0.308606 0.481962 -0.397641 -0.335471 0.487395
-0.396373 -0.308116 0.481865 -0.397622 -0.334994 0.487301
-0.396354 -0.307626 0.481768 -0.397603 -0.334517 0.487207
-0.396334 -0.307135 0.481671 -0.397584 -0.33404 0.487112
-0.396315 -0.306645 0.481575 -0.397565 -0.333563 0.487018
-0.396296 -0.306155 0.481478 -0.397546 -0.333085 0.486923
-0.396276 -0.305665 0.481381 -0.397528 -0.332608 0.486829
-0.396257 -0.305175 0.481284 -0.397509 -0.332131 0.486734
-0.396238 -0.304684 0.481188 -0.39749 -0.331654 0.48664
-0.396218 -0.304194 0.481091 -0.397471 -0.331176 0.486545
-0.396199 -0.303704 0.480994 -0.397452 -0.330699 0.486451
-0.396179 -0.303214 0.480897 -0.397433 -0.330222 0.486356
-0.39616 -0.302724 0.480801 -0.397414 -0.329746 0.486262
-0.396141 -0.302234 0.480704 -0.397395 -0.329269 0.486167
-0.396121 -0.301743 0.480607 -0.397358 -0.328317 0.485979
-0.396102 -0.301253 0.480511 -0.397339 -0.327841 0.485885
-0.396083 -0.300763 0.480414 -0.39732 -0.327365 0.48579
-0.396063 -0.300273 0.480317 -0.397301 -0.32689 0.485696
-0.396044 -0.299783 0.48022 -0.397282 -0.326414 0.485602
-0.396025 -0.299293 0.480124 -0.397263 -0.325939 0.485508
-0.396005 -0.298802 0.480027 -0.397244 -0.325463 0.485414
-0.395986 -0.298312 0.47993 -0.397226 -0.324988 0.48532
-0.395967 -0.297822 0.479833 -0.397207 -0.324512 0.485225
-0.395947 -0.297332 0.479737 -0.397188 -0.324037 0.485131
-0.395928 -0.296842 0.47964 -0.397169 -0.323561 0.485037
-0.395909 -0.296352 0.479543 -0.39715 -0.323086 0.484943
-0.395889 -0.295861 0.479446 -0.397131 -0.322611 0.484849
-0.39587 -0.295371 0.47935 -0.397113 -0.322135 0.484755
-0.395851 -0.294881 0.479253 -0.397094 -0.32166 0.484661
-0.395831 -0.294391 0.479156 -0.397075 -0.321185 0.484567
-0.395812 -0.293901 0.479059 -0.397056 -0.32071 0.484473
-0.395793 -0.293411 0.478963 -0.397037 -0.320236 0.484379
-0.395773 -0.29292 0.478866 -0.397018 -0.319762 0.484285
-0.395754 -0.29243 0.478769 -0.397 -0.319288 0.484191
-0.395734 -0.29194 0.478672 -0.396981 -0.318814 0.484097
-0.395715 -0.29145 0.478576 -0.396962 -0.31834 0.484003
-0.395696 -0.29096 0.478479 -0.396943 -0.317866 0.48391
-0.395676 -0.29047 0.478382 -0.396925 -0.317392 0.483816
-0.395657 -0.289979 0.478285 -0.396906 -0.316917 0.483722
-0.395638 -0.289489 0.478189 -0.396887 -0.316443 0.483628
-0.395618 -0.288999 0.478092 -0.396868 -0.315968 0.483534
-0.395599 -0.288509 0.477995 -0.39685 -0.315493 0.48344
-0.39558 -0.288019 0.477898 -0.396831 -0.315018 0.483346
-0.39556 -0.287529 0.477802 -0.396812 -0.314542 0.483252
-0.395541 -0.287038 0.477705 -0.396793 -0.314067 0.483158
-0.395522 -0.286548 0.477608 -0.396775 -0.313591 0.483064
-0.395502 -0.286058 0.477511 -0.396756 -0.313116 0.48297
-0.395483 -0.285568 0.477415 -0.396737 -0.312641 0.482876
-0.395464 -0.285078 0.477318 -0.396718 -0.312165 0.482782
-0.395444 -0.284588 0.477221 -0.3967 -0.31169 0.482688
-0.395425 -0.284097 0.477124 -0.396681 -0.311215 0.482594
-0.395406 -0.283607 0.477028 -0.396662 -0.31074 0.4825
-0.395386 -0.283117 0.476931 -0.396644 -0.310265 0.482406
-0.395367 -0.282627 0.476834 -0.396625 -0.309789 0.482312
-0.395348 -0.282137 0.476738 -0.396606 -0.309314 0.482218
-0.395328 -0.281647 0.476641 -0.396588 -0.308839 0.482124
-0.395309 -0.281156 0.476544 -0.396569 -0.308364 0.48203
-0.395289 -0.280666 0.476447 -0.39655 -0.307888 0.481936
-0.39527 -0.280176 0.476351 -0.396531 -0.307413 0.481842
-0.395251 -0.279686 0.476254 -0.396513 -0.306937 0.481748
-0.395231 -0.279196 0.476157 -0.396494 -0.306461 0.481653
-0.395212 -0.278705 0.47606 -0.396457 -0.305509 0.481465
-0.395193 -0.278215 0.475964 -0.396438 -0.305033 0.481371
-0.395173 -0.277725 0.475867 -0.396419 -0.304557 0.481277
-0.395154 -0.277235 0.47577 -0.396401 -0.304081 0.481183
-0.395135 -0.276745 0.475673 -0.396382 -0.303604 0.481089
-0.395115 -0.276255 0.475577 -0.396363 -0.303127 0.480994
-0.395096 -0.275764 0.47548 -0.396345 -0.30265 0.4809
-0.395077 -0.275274 0.475383 -0.396326 -0.302173 0.480806
-0.395057 -0.274784 0.475286 -0.396307 -0.301696 0.480711
-0.395038 -0.274294 0.47519 -0.396289 -0.301219 0.480617
-0.395019 -0.273804 0.475093 -0.39627 -0.300741 0.480523
-0.394999 -0.273314 0.474996 -0.396251 -0.300263 0.480428
-0.39498 -0.272823 0.474899 -0.396233 -0.299786 0.480334
-0.394961 -0.272333 0.474803 -0.396214 -0.299307 0.480239
-0.394941 -0.271843 0.474706 -0.396195 -0.298829 0.480145
-0.394922 -0.271353 0.474609 -0.396177 -0.298351 0.48005
-0.394902 -0.270863 0.474512 -0.396158 -0.297873 0.479956
-0.394883 -0.270373 0.474416 -0.396139 -0.297396 0.479861
-0.394864 -0.269882 0.474319 -0.39612 -0.296918 0.479767
-0.394844 -0.269392 0.474222 -0.396102 -0.296441 0.479673
-0.394825 -0.268902 0.474125 -0.396083 -0.295963 0.479578
-0.394806 -0.268412 0.474029 -0.396064 -0.295485 0.479484
-0.394786 -0.267922 0.473932 -0.396046 -0.295007 0.479389
-0.394767 -0.267432 0.473835 -0.396027 -0.294528 0.479295
-0.394748 -0.266941 0.473738 -0.396008 -0.29405 0.4792
-0.394728 -0.266451 0.473642 -0.39599 -0.293571 0.479106
-0.394709 -0.265961 0.473545 -0.395971 -0.293092 0.479011
-0.39469 -0.265471 0.473448 -0.395933 -0.292133 0.478821
-0.39467 -0.264981 0.473351 -0.395915 -0.291654 0.478727
-0.394651 -0.264491 0.473255 -0.395896 -0.291174 0.478632
-0.394632 -0.264 0.473158 -0.395877 -0.290694 0.478537
-0.394612 -0.26351 0.473061 -0.395859 -0.290213 0.478442
-0.394593 -0.26302 0.472964 -0.39584 -0.289733 0.478347
-0.394574 -0.26253 0.472868 -0.395821 -0.289253 0.478252
-0.394554 -0.26204 0.472771 -0.395802 -0.288773 0.478157
-0.394535 -0.26155 0.472674 -0.395784 -0.288293 0.478063
-0.394516 -0.261059 0.472578 -0.395765 -0.287813 0.477968
-0.394496 -0.260569 0.472481 -0.395746 -0.287334 0.477873
-0.394477 -0.260079 0.472384 -0.395728 -0.286854 0.477778
-0.394457 -0.259589 0.472287 -0.395709 -0.286375 0.477684
-0.394438 -0.259099 0.472191 -0.39569 -0.285896 0.477589
-0.394419 -0.258609 0.472094 -0.395671 -0.285417 0.477494
-0.394399 -0.258118 0.471997 -0.395653 -0.284938 0.4774
-0.39438 -0.257628 0.4719 -0.395634 -0.284459 0.477305
-0.394361 -0.257138 0.471804 -0.395615 -0.28398 0.47721
-0.394341 -0.256648 0.471707 -0.395596 -0.283502 0.477116
-0.394322 -0.256158 0.47161 -0.395577 -0.283024 0.477021
-0.394303 -0.255668 0.471513 -0.395559 -0.282546 0.476927
-0.394283 -0.255177 0.471417 -0.39554 -0.282068 0.476832
-0.394264 -0.254687 0.47132 -0.395521 -0.281591 0.476738
-0.394245 -0.254197 0.471223 -0.395502 -0.281115 0.476644
-0.394225 -0.253707 0.471126 -0.395484 -0.280638 0.476549
-0.394206 -0.253217 0.47103 -0.395465 -0.280162 0.476455
-0.394187 -0.252727 0.470933 -0.395446 -0.279687 0.476361
-0.394167 -0.252236 0.470836 -0.395427 -0.279211 0.476267
-0.394148 -0.251746 0.470739 -0.395409 -0.278736 0.476173
-0.394129 -0.251256 0.470643 -0.395371 -0.277786 0.475985
-0.394109 -0.250766 0.470546 -0.395352 -0.277312 0.475891
-0.39409 -0.250276 0.470449 -0.395334 -0.276837 0.475797
-0.39407 -0.249785 0.470352 -0.395315 -0.276363 0.475703
-0.394051 -0.249295 0.470256 -0.395296 -0.275888 0.475609
-0.394032 -0.248805 0.470159 -0.395278 -0.275414 0.475516
-0.394012 -0.248315 0.470062 -0.395259 -0.274939 0.475422
-0.393993 -0.247825 0.469965 -0.39524 -0.274465 0.475328
-0.393974 -0.247335 0.469869 -0.395221 -0.273991 0.475234
-0.393954 -0.246844 0.469772 -0.395203 -0.273516 0.47514
-0.393935 -0.246354 0.469675 -0.395184 -0.273042 0.475046
-0.393916 -0.245864 0.469578 -0.395165 -0.272568 0.474953
-0.393896 -0.245374 0.469482 -0.395147 -0.272093 0.474859
-0.393877 -0.244884 0.469385 -0.395128 -0.271619 0.474765
-0.393858 -0.244394 0.469288 -0.395109 -0.271144 0.474671
-0.393838 -0.243903 0.469191 -0.395091 -0.270669 0.474577
-0.393819 -0.243413 0.469095 -0.395072 -0.270194 0.474483
-0.3938 -0.242923 0.468998 -0.395053 -0.269719 0.474389
-0.39378 -0.242433 0.468901 -0.395035 -0.269244 0.474295
-0.393761 -0.241943 0.468804 -0.395016 -0.268769 0.474201
-0.393742 -0.241453 0.468708 -0.394997 -0.268294 0.474107
-0.393722 -0.240962 0.468611 -0.394979 -0.267818 0.474013
-0.393703 -0.240472 0.468514 -0.39496 -0.267343 0.473919
-0.393684 -0.239982 0.468418 -0.394941 -0.266868 0.473825
-0.393664 -0.239492 0.468321 -0.394923 -0.266392 0.473731
-0.393645 -0.239002 0.468224 -0.394904 -0.265917 0.473637
-0.393625 -0.238512 0.468127 -0.394886 -0.265442 0.473543
-0.393606 -0.238021 0.468031 -0.394867 -0.264967 0.473449
-0.393587 -0.237531 0.467934 -0.394848 -0.264492 0.473356
-0.393567 -0.237041 0.467837 -0.39483 -0.264018 0.473262
-0.393548 -0.236551 0.46774 -0.394811 -0.263543 0.473168
-0.393529 -0.236061 0.467644 -0.394792 -0.263069 0.473074
-0.393509 -0.235571 0.467547 -0.394755 -0.262121 0.472887
-0.39349 -0.23508 0.46745 -0.394736 -0.261646 0.472793
-0.393471 -0.23459 0.467353 -0.394718 -0.261172 0.472699
-0.393451 -0.2341 0.467257 -0.394699 -0.260697 0.472605
-0.393432 -0.23361 0.46716 -0.394681 -0.260222 0.472511
-0.393413 -0.23312 0.467063 -0.394662 -0.259748 0.472417
-0.393393 -0.23263 0.466966 -0.394643 -0.259273 0.472323
-0.393374 -0.232139 0.46687 -0.394625 -0.258799 0.47223
-0.393355 -0.231649 0.466773 -0.394606 -0.258324 0.472136
-0.393335 -0.231159 0.466676 -0.394588 -0.257849 0.472042
-0.393316 -0.230669 0.466579 -0.394569 -0.257374 0.471948
-0.393297 -0.230179 0.466483 -0.39455 -0.256899 0.471854
-0.393277 -0.229689 0.466386 -0.394476 -0.254999 0.471478
-0.393258 -0.229198 0.466289 -0.394457 -0.254524 0.471384
-0.393238 -0.228708 0.466192 -0.394439 -0.254049 0.471291
-0.393219 -0.228218 0.466096 -0.394402 -0.253102 0.471103
-0.3932 -0.227728 0.465999 -0.394383 -0.252629 0.47101
-0.39318 -0.227238 0.465902 -0.394364 -0.252158 0.470917
-0.393161 -0.226748 0.465805 -0.394346 -0.251689 0.470824
-0.393142 -0.226257 0.465709 -0.394327 -0.251222 0.470731
-0.393122 -0.225767 0.465612 -0.394308 -0.250756 0.470639
-0.393103 -0.225277 0.465515 -0.39429 -0.250291 0.470547
-0.393084 -0.224787 0.465418 -0.394271 -0.249828 0.470455
-0.393064 -0.224297 0.465322 -0.394253 -0.249366 0.470363
-0.393045 -0.223807 0.465225 -0.394234 -0.248905 0.470272
-0.393026 -0.223316 0.465128 -0.394216 -0.248446 0.470181
-0.393006 -0.222826 0.465031 -0.394197 -0.247987 0.47009
-0.392987 -0.222336 0.464935 -0.394178 -0.247529 0.469999
-0.392968 -0.221846 0.464838 -0.39416 -0.247072 0.469909
-0.392948 -0.221356 0.464741 -0.394141 -0.246616 0.469818
-0.392929 -0.220865 0.464645 -0.394123 -0.24616 0.469728
-0.39291 -0.220375 0.464548 -0.394105 -0.245706 0.469638
-0.39289 -0.219885 0.464451 -0.394086 -0.245252 0.469548
-0.392871 -0.219395 0.464354 -0.394068 -0.244799 0.469458
-0.392852 -0.218905 0.464258 -0.394049 -0.244346 0.469368
-0.392832 -0.218415 0.464161 -0.394031 -0.243893 0.469278
-0.392813 -0.217924 0.464064 -0.394013 -0.24344 0.469188
-0.392793 -0.217434 0.463967 -0.393994 -0.242987 0.469099
-0.392774 -0.216944 0.463871 -0.393976 -0.242535 0.469009
-0.392755 -0.216454 0.463774 -0.39394 -0.241631 0.46883
-0.392735 -0.215964 0.463677 -0.393921 -0.241179 0.46874
-0.392716 -0.215474 0.46358 -0.393903 -0.240727 0.468651
-0.392697 -0.214983 0.463484 -0.393885 -0.240276 0.468561
-0.392677 -0.214493 0.463387 -0.393867 -0.239825 0.468472
-0.392658 -0.214003 0.46329 -0.393849 -0.239374 0.468382
-0.392639 -0.213513 0.463193 -0.393831 -0.238923 0.468293
-0.392619 -0.213023 0.463097 -0.393813 -0.238472 0.468204
-0.3926 -0.212533 0.463 -0.393795 -0.238022 0.468114
-0.392581 -0.212042 0.462903 -0.393777 -0.237571 0.468025
-0.392561 -0.211552 0.462806 -0.393759 -0.23712 0.467936
-0.392542 -0.211062 0.46271 -0.393741 -0.236669 0.467847
-0.392523 -0.210572 0.462613 -0.393723 -0.236218 0.467757
-0.392503 -0.210082 0.462516 -0.393705 -0.235767 0.467668
-0.392484 -0.209592 0.462419 -0.393687 -0.235315 0.467578
-0.392465 -0.209101 0.462323 -0.393669 -0.234863 0.467489
-0.392445 -0.208611 0.462226 -0.393651 -0.234411 0.4674
-0.392426 -0.208121 0.462129 -0.393633 -0.233958 0.46731
-0.392406 -0.207631 0.462032 -0.393615 -0.233506 0.46722
-0.392387 -0.207141 0.461936 -0.393597 -0.233052 0.467131
-0.392368 -0.206651 0.461839 -0.393579 -0.232599 0.467041
-0.392348 -0.20616 0.461742 -0.393561 -0.232146 0.466951
-0.392329 -0.20567 0.461645 -0.393544 -0.231692 0.466862
-0.39231 -0.20518 0.461549 -0.393526 -0.231238 0.466772
-0.39229 -0.20469 0.461452 -0.393508 -0.230784 0.466682
-0.392271 -0.2042 0.461355 -0.39349 -0.23033 0.466592
-0.392252 -0.20371 0.461258 -0.393472 -0.229875 0.466502
-0.392232 -0.203219 0.461162 -0.393455 -0.22942 0.466412
-0.392213 -0.202729 0.461065 -0.393437 -0.228965 0.466322
-0.392194 -0.202239 0.460968 -0.393401 -0.228053 0.466142
-0.392174 -0.201749 0.460871 -0.393383 -0.227597 0.466052
-0.392155 -0.201259 0.460775 -0.393366 -0.227141 0.465962
-0.392136 -0.200769 0.460678 -0.393348 -0.226684 0.465871
-0.392116 -0.200278 0.460581 -0.39333 -0.226227 0.465781
-0.392097 -0.199788 0.460485 -0.393312 -0.22577 0.465691
-0.392078 -0.199298 0.460388 -0.393294 -0.225313 0.4656
-0.392058 -0.198808 0.460291 -0.393277 -0.224855 0.46551
-0.392039 -0.198318 0.460194 -0.393259 -0.224397 0.465419
-0.39202 -0.197828 0.460098 -0.393241 -0.223938 0.465329
-0.392 -0.197337 0.460001 -0.393223 -0.223479 0.465238
-0.391981 -0.196847 0.459904 -0.393206 -0.22302 0.465148
-0.391961 -0.196357 0.459807 -0.393188 -0.222561 0.465057
-0.391942 -0.195867 0.459711 -0.39317 -0.222101 0.464966
-0.391923 -0.195377 0.459614 -0.393152 -0.221641 0.464875
-0.391903 -0.194886 0.459517 -0.393134 -0.22118 0.464784
-0.391884 -0.194396 0.45942 -0.393117 -0.220719 0.464693
-0.391865 -0.193906 0.459324 -0.393099 -0.220258 0.464602
-0.391845 -0.193416 0.459227 -0.393081 -0.219796 0.464511
-0.391826 -0.192926 0.45913 -0.393063 -0.219334 0.464419
-0.391807 -0.192436 0.459033 -0.393045 -0.218871 0.464328
-0.391787 -0.191945 0.458937 -0.393027 -0.218408 0.464237
-0.391768 -0.191455 0.45884 -0.39301 -0.217945 0.464145
-0.391749 -0.190965 0.458743 -0.392992 -0.217481 0.464054
-0.391729 -0.190475 0.458646 -0.392974 -0.217018 0.463962
-0.39171 -0.189985 0.45855 -0.392956 -0.216553 0.46387
-0.391691 -0.189495 0.458453 -0.392938 -0.216089 0.463779
-0.391671 -0.189004 0.458356 -0.39292 -0.215624 0.463687
-0.391652 -0.188514 0.458259 -0.392902 -0.215158 0.463595
-0.391633 -0.188024 0.458163 -0.392884 -0.214693 0.463503
-0.391613 -0.187534 0.458066 -0.392867 -0.214227 0.463411
-0.391594 -0.187044 0.457969 -0.392831 -0.213295 0.463227
-0.391574 -0.186554 0.457872 -0.392813 -0.212828 0.463135
-0.391555 -0.186063 0.457776 -0.392795 -0.212362 0.463043
-0.391536 -0.185573 0.457679 -0.392777 -0.211895 0.462951
-0.391516 -0.185083 0.457582 -0.392759 -0.211429 0.462858
-0.391497 -0.184593 0.457485 -0.392741 -0.210962 0.462766
-0.391478 -0.184103 0.457389 -0.392723 -0.210494 0.462674
-0.391458 -0.183613 0.457292 -0.392705 -0.210027 0.462582
-0.391439 -0.183122 0.457195 -0.392687 -0.209559 0.462489
-0.39142 -0.182632 0.457098 -0.392669 -0.209092 0.462397
-0.3914 -0.182142 0.457002 -0.392651 -0.208624 0.462304
-0.391381 -0.181652 0.456905 -0.392633 -0.208156 0.462212
-0.391362 -0.181162 0.456808 -0.392615 -0.207687 0.46212
-0.391342 -0.180672 0.456711 -0.392597 -0.207219 0.462027
-0.391323 -0.180181 0.456615 -0.392578 -0.20675 0.461934
-0.391304 -0.179691 0.456518 -0.392542 -0.205812 0.461749
-0.391284 -0.179201 0.456421 -0.392524 -0.205342 0.461656
-0.391265 -0.178711 0.456325 -0.392506 -0.204873 0.461564
-0.391246 -0.178221 0.456228 -0.392488 -0.204404 0.461471
-0.391226 -0.177731 0.456131 -0.39247 -0.203934 0.461378
-0.391207 -0.17724 0.456034 -0.392452 -0.203465 0.461286
-0.391188 -0.17675 0.455938 -0.392433 -0.202997 0.461193
-0.391168 -0.17626 0.455841 -0.392415 -0.202528 0.4611
-0.391149 -0.17577 0.455744 -0.392397 -0.202059 0.461008
-0.391129 -0.17528 0.455647 -0.392379 -0.201591 0.460915
-0.39111 -0.17479 0.455551 -0.392361 -0.201122 0.460823
-0.391091 -0.174299 0.455454 -0.392343 -0.200654 0.46073
-0.391071 -0.173809 0.455357 -0.392324 -0.200185 0.460637
-0.391052 -0.173319 0.45526 -0.392306 -0.199717 0.460545
-0.391033 -0.172829 0.455164 -0.392288 -0.199248 0.460452
-0.391013 -0.172339 0.455067 -0.39227 -0.19878 0.46036
-0.390994 -0.171849 0.45497 -0.392233 -0.197842 0.460174
-0.390975 -0.171358 0.454873 -0.392215 -0.197374 0.460082
-0.390955 -0.170868 0.454777 -0.392197 -0.196905 0.459989
-0.390936 -0.170378 0.45468 -0.392178 -0.196436 0.459896
-0.390917 -0.169888 0.454583 -0.39216 -0.195967 0.459804
-0.390897 -0.169398 0.454486 -0.392142 -0.195499 0.459711
-0.390878 -0.168908 0.45439 -0.392124 -0.195031 0.459618
-0.390859 -0.168417 0.454293 -0.392105 -0.194562 0.459526
-0.390839 -0.167927 0.454196 -0.392087 -0.194094 0.459433
-0.39082 -0.167437 0.454099 -0.392069 -0.193627 0.459341
-0.390801 -0.166947 0.454003 -0.39205 -0.193159 0.459248
-0.390781 -0.166457 0.453906 -0.392032 -0.192691 0.459156
-0.390762 -0.165966 0.453809 -0.392014 -0.192224 0.459063
-0.390742 -0.165476 0.453712 -0.391995 -0.191756 0.458971
-0.390723 -0.164986 0.453616 -0.391977 -0.191289 0.458879
-0.390704 -0.164496 0.453519 -0.391959 -0.190822 0.458786
-0.390684 -0.164006 0.453422 -0.391941 -0.190355 0.458694
-0.390665 -0.163516 0.453325 -0.391922 -0.189888 0.458601
-0.390646 -0.163025 0.453229 -0.391904 -0.189421 0.458509
-0.390626 -0.162535 0.453132 -0.391886 -0.188954 0.458417
-0.390607 -0.162045 0.453035 -0.391867 -0.188488 0.458325
-0.390588 -0.161555 0.452938 -0.391849 -0.188022 0.458232
-0.390568 -0.161065 0.452842 -0.391831 -0.187556 0.45814
-0.390549 -0.160575 0.452745 -0.391812 -0.18709 0.458048
-0.39053 -0.160084 0.452648 -0.391794 -0.186624 0.457956
-0.39051 -0.159594 0.452552 -0.391776 -0.186159 0.457864
-0.390491 -0.159104 0.452455 -0.391757 -0.185693 0.457772
-0.390472 -0.158614 0.452358 -0.391721 -0.184763 0.457588
-0.390452 -0.158124 0.452261 -0.391702 -0.184297 0.457495
-0.390433 -0.157634 0.452165 -0.391684 -0.183832 0.457403
-0.390414 -0.157143 0.452068 -0.391666 -0.183366 0.457311
-0.390394 -0.156653 0.451971 -0.391647 -0.1829 0.457219
-0.390375 -0.156163 0.451874 -0.391629 -0.182435 0.457127
-0.390356 -0.155673 0.451778 -0.391611 -0.18197 0.457035
-0.390336 -0.155183 0.451681 -0.391593 -0.181505 0.456943
-0.390317 -0.154693 0.451584 -0.391574 -0.18104 0.456851
-0.390297 -0.154202 0.451487 -0.391556 -0.180576 0.456759
-0.390278 -0.153712 0.451391 -0.391538 -0.180111 0.456667
-0.390259 -0.153222 0.451294 -0.391519 -0.179646 0.456575
-0.390239 -0.152732 0.451197 -0.391501 -0.179182 0.456483
-0.39022 -0.152242 0.4511 -0.391483 -0.178716 0.456391
-0.390201 -0.151752 0.451004 -0.391465 -0.178251 0.456299
-0.390181 -0.151261 0.450907 -0.391446 -0.177785 0.456207
-0.390162 -0.150771 0.45081 -0.391428 -0.177319 0.456115
-0.390143 -0.150281 0.450713 -0.39141 -0.176852 0.456023
-0.390123 -0.149791 0.450617 -0.391392 -0.176386 0.45593
-0.390104 -0.149301 0.45052 -0.391373 -0.175919 0.455838
-0.390085 -0.148811 0.450423 -0.391355 -0.175451 0.455746
-0.390065 -0.14832 0.450326 -0.391337 -0.174984 0.455653
-0.390046 -0.14783 0.45023 -0.391319 -0.174517 0.455561
-0.390027 -0.14734 0.450133 -0.391282 -0.173582 0.455376
-0.390007 -0.14685 0.450036 -0.391264 -0.173115 0.455284
-0.389988 -0.14636 0.449939 -0.391245 -0.172648 0.455191
-0.389969 -0.14587 0.449843 -0.391227 -0.172181 0.455099
-0.389949 -0.145379 0.449746 -0.391209 -0.171713 0.455006
-0.38993 -0.144889 0.449649 -0.391191 -0.171246 0.454914
-0.38991 -0.144399 0.449552 -0.391172 -0.170778 0.454822
-0.389891 -0.143909 0.449456 -0.391154 -0.17031 0.454729
-0.389872 -0.143419 0.449359 -0.391136 -0.169842 0.454636
-0.389852 -0.142929 0.449262 -0.391118 -0.169374 0.454544
-0.389833 -0.142438 0.449165 -0.391099 -0.168906 0.454451
-0.389814 -0.141948 0.449069 -0.391081 -0.168437 0.454359
-0.389794 -0.141458 0.448972 -0.391063 -0.167969 0.454266
-0.389775 -0.140968 0.448875 -0.391045 -0.1675 0.454173
-0.389756 -0.140478 0.448778 -0.391026 -0.167031 0.454081
-0.389736 -0.139988 0.448682 -0.391008 -0.166562 0.453988
-0.389717 -0.139497 0.448585 -0.39099 -0.166092 0.453895
-0.389698 -0.139007 0.448488 -0.390972 -0.165623 0.453802
-0.389678 -0.138517 0.448392 -0.390953 -0.165153 0.453709
-0.389659 -0.138027 0.448295 -0.390935 -0.164683 0.453616
-0.38964 -0.137537 0.448198 -0.390898 -0.163742 0.45343
-0.38962 -0.137046 0.448101 -0.39088 -0.163271 0.453337
-0.389601 -0.136556 0.448005 -0.390862 -0.1628 0.453244
-0.389582 -0.136066 0.447908 -0.390844 -0.162329 0.453151
-0.389562 -0.135576 0.447811 -0.390825 -0.161858 0.453058
-0.389543 -0.135086 0.447714 -0.390807 -0.161387 0.452965
-0.389524 -0.134596 0.447618 -0.390789 -0.160916 0.452872
-0.389504 -0.134105 0.447521 -0.39077 -0.160445 0.452778
-0.389485 -0.133615 0.447424 -0.390752 -0.159975 0.452685
-0.389465 -0.133125 0.447327 -0.390734 -0.159504 0.452592
-0.389446 -0.132635 0.447231 -0.390715 -0.159034 0.452499
-0.389427 -0.132145 0.447134 -0.390697 -0.158564 0.452406
-0.389407 -0.131655 0.447037 -0.390679 -0.158093 0.452313
-0.389388 -0.131164 0.44694 -0.39066 -0.157623 0.45222
-0.389369 -0.130674 0.446844 -0.390642 -0.157153 0.452127
-0.389349 -0.130184 0.446747 -0.390624 -0.156683 0.452034
-0.38933 -0.129694 0.44665 -0.390605 -0.156212 0.451941
-0.389311 -0.129204 0.446553 -0.390587 -0.155742 0.451848
-0.389291 -0.128714 0.446457 -0.39055 -0.154801 0.451662
-0.389272 -0.128223 0.44636 -0.390532 -0.154331 0.451569
-0.389253 -0.127733 0.446263 -0.390513 -0.153861 0.451476
-0.389233 -0.127243 0.446166 -0.390495 -0.153391 0.451383
-0.389214 -0.126753 0.44607 -0.390477 -0.152922 0.451291
-0.389195 -0.126263 0.445973 -0.390458 -0.152453 0.451198
-0.389175 -0.125773 0.445876 -0.39044 -0.151984 0.451105
-0.389156 -0.125282 0.445779 -0.390421 -0.151515 0.451012
-0.389137 -0.124792 0.445683 -0.390403 -0.151046 0.45092
-0.389117 -0.124302 0.445586 -0.390385 -0.150578 0.450827
-0.389098 -0.123812 0.445489 -0.390366 -0.150109 0.450734
-0.389078 -0.123322 0.445392 -0.390348 -0.149641 0.450642
-0.389059 -0.122832 0.445296 -0.390329 -0.149173 0.450549
-0.38904 -0.122341 0.445199 -0.390311 -0.148704 0.450456
-0.38902 -0.121851 0.445102 -0.390293 -0.148236 0.450364
-0.389001 -0.121361 0.445005 -0.390274 -0.147768 0.450271
-0.388982 -0.120871 0.444909 -0.390256 -0.1473 0.450178
-0.388962 -0.120381 0.444812 -0.390237 -0.146831 0.450086
-0.388943 -0.119891 0.444715 -0.390219 -0.146363 0.449993
-0.388924 -0.1194 0.444618 -0.390201 -0.145895 0.449901
-0.388904 -0.11891 0.444522 -0.390182 -0.145427 0.449808
-0.388885 -0.11842 0.444425 -0.390164 -0.144959 0.449716
-0.388866 -0.11793 0.444328 -0.390145 -0.144492 0.449623
-0.388846 -0.11744 0.444232 -0.390127 -0.144024 0.449531
-0.388827 -0.11695 0.444135 -0.390109 -0.143557 0.449438
-0.388808 -0.116459 0.444038 -0.39009 -0.14309 0.449346
-0.388788 -0.115969 0.443941 -0.390072 -0.142623 0.449253
-0.388769 -0.115479 0.443845 -0.390035 -0.141689 0.449069
-0.38875 -0.114989 0.443748 -0.390017 -0.141222 0.448976
-0.38873 -0.114499 0.443651 -0.389998 -0.140755 0.448884
-0.388711 -0.114009 0.443554 -0.38998 -0.140288 0.448791
-0.388692 -0.113518 0.443458 -0.389962 -0.13982 0.448699
-0.388672 -0.113028 0.443361 -0.389943 -0.139352 0.448606
-0.388653 -0.112538 0.443264 -0.389925 -0.138884 0.448514
-0.388633 -0.112048 0.443167 -0.389907 -0.138416 0.448421
-0.388614 -0.111558 0.443071 -0.389888 -0.137948 0.448329
-0.388595 -0.111067 0.442974 -0.38987 -0.13748 0.448236
-0.388575 -0.110577 0.442877 -0.389852 -0.137012 0.448143
-0.388556 -0.110087 0.44278 -0.389833 -0.136544 0.448051
-0.388537 -0.109597 0.442684 -0.389815 -0.136076 0.447958
-0.388517 -0.109107 0.442587 -0.389796 -0.135608 0.447866
-0.388498 -0.108617 0.44249 -0.389778 -0.135141 0.447773
-0.388479 -0.108126 0.442393 -0.38976 -0.134674 0.447681
-0.388459 -0.107636 0.442297 -0.389741 -0.134208 0.447589
-0.38844 -0.107146 0.4422 -0.389723 -0.133741 0.447496
-0.388421 -0.106656 0.442103 -0.389705 -0.133275 0.447404
-0.388401 -0.106166 0.442006 -0.389686 -0.132808 0.447312
-0.388382 -0.105676 0.44191 -0.389668 -0.132342 0.44722
-0.388363 -0.105185 0.441813 -0.38965 -0.131876 0.447127
-0.388343 -0.104695 0.441716 -0.389631 -0.131409 0.447035
-0.388324 -0.104205 0.441619 -0.389613 -0.130943 0.446943
-0.388305 -0.103715 0.441523 -0.389595 -0.130477 0.446851
-0.388285 -0.103225 0.441426 -0.389576 -0.13001 0.446758
-0.388266 -0.102735 0.441329 -0.389558 -0.129543 0.446666
-0.388246 -0.102244 0.441232 -0.38954 -0.129077 0.446574
-0.388227 -0.101754 0.441136 -0.389521 -0.12861 0.446482
-0.388208 -0.101264 0.441039 -0.389503 -0.128142 0.446389
-0.388188 -0.100774 0.440942 -0.389485 -0.127675 0.446297
-0.388169 -0.100284 0.440845 -0.389466 -0.127208 0.446204
-0.38815 -0.0997936 0.440749 -0.38943 -0.126272 0.446019
-0.38813 -0.0993034 0.440652 -0.389411 -0.125803 0.445927
-0.388111 -0.0988133 0.440555 -0.389393 -0.125335 0.445834
-0.388092 -0.0983231 0.440459 -0.389375 -0.124866 0.445741
-0.388072 -0.0978329 0.440362 -0.389357 -0.124397 0.445649
-0.388053 -0.0973427 0.440265 -0.389338 -0.123928 0.445556
-0.388034 -0.0968526 0.440168 -0.38932 -0.123459 0.445463
-0.388014 -0.0963624 0.440072 -0.389302 -0.122991 0.445371
-0.387995 -0.0958722 0.439975 -0.389283 -0.122522 0.445278
-0.387976 -0.0953821 0.439878 -0.389265 -0.122054 0.445185
-0.387956 -0.0948919 0.439781 -0.389247 -0.121585 0.445093
-0.387937 -0.0944017 0.439685 -0.389228 -0.121116 0.445
-0.387918 -0.0939116 0.439588 -0.38921 -0.120646 0.444907
-0.387898 -0.0934214 0.439491 -0.389192 -0.120176 0.444814
-0.387879 -0.0929312 0.439394 -0.389174 -0.119706 0.444721
-0.38786 -0.0924411 0.439298 -0.389137 -0.118764 0.444535
-0.38784 -0.0919509 0.439201 -0.389119 -0.118293 0.444442
-0.387821 -0.0914607 0.439104 -0.3891 -0.117821 0.444348
-0.387801 -0.0909705 0.439007 -0.389082 -0.117348 0.444255
-0.387782 -0.0904804 0.438911 -0.389064 -0.116875 0.444161
-0.387763 -0.0899902 0.438814 -0.389046 -0.116403 0.444068
-0.387743 -0.0895 0.438717 -0.389027 -0.11593 0.443975
-0.387724 -0.0890099 0.43862 -0.389009 -0.115458 0.443881
-0.387705 -0.0885197 0.438524 -0.388991 -0.114985 0.443788
-0.387685 -0.0880295 0.438427 -0.388972 -0.114513 0.443694
-0.387666 -0.0875394 0.43833 -0.388954 -0.114041 0.443601
-0.387647 -0.0870492 0.438233 -0.388935 -0.113568 0.443508
-0.387627 -0.086559 0.438137 -0.388917 -0.113096 0.443414
-0.387608 -0.0860688 0.43804 -0.388899 -0.112624 0.443321
-0.387589 -0.0855787 0.437943 -0.38888 -0.112152 0.443227
-0.387569 -0.0850885 0.437846 -0.388862 -0.11168 0.443134
-0.38755 -0.0845983 0.43775 -0.388844 -0.111208 0.443041
-0.387531 -0.0841082 0.437653 -0.388825 -0.110737 0.442948
-0.387511 -0.083618 0.437556 -0.388807 -0.110266 0.442854
-0.387492 -0.0831278 0.437459 -0.388788 -0.109795 0.442761
-0.387473 -0.0826377 0.437363 -0.38877 -0.109324 0.442668
-0.387453 -0.0821475 0.437266 -0.388751 -0.108853 0.442575
-0.387434 -0.0816573 0.437169 -0.388733 -0.108381 0.442482
-0.387414 -0.0811672 0.437072 -0.388715 -0.107909 0.442388
-0.387395 -0.080677 0.436976 -0.388696 -0.107437 0.442295
-0.387376 -0.0801868 0.436879 -0.388678 -0.106964 0.442202
-0.387356 -0.0796966 0.436782 -0.388659 -0.106492 0.442108
-0.387337 -0.0792065 0.436685 -0.388641 -0.106019 0.442015
-0.387318 -0.0787163 0.436589 -0.388622 -0.105546 0.441921
-0.387298 -0.0782261 0.436492 -0.388604 -0.105074 0.441828
-0.387279 -0.077736 0.436395 -0.388586 -0.104601 0.441734
-0.38726 -0.0772458 0.436299 -0.388549 -0.103655 0.441547
-0.38724 -0.0767556 0.436202 -0.38853 -0.103182 0.441453
-0.387221 -0.0762655 0.436105 -0.388512 -0.102709 0.44136
-0.387202 -0.0757753 0.436008 -0.388493 -0.102236 0.441266
-0.387182 -0.0752851 0.435912 -0.388475 -0.101764 0.441173
-0.387163 -0.0747949 0.435815 -0.388456 -0.101291 0.44108
-0.387144 -0.0743048 0.435718 -0.388438 -0.100818 0.440986
-0.387124 -0.0738146 0.435621 -0.388419 -0.100346 0.440893
-0.387105 -0.0733244 0.435525 -0.388401 -0.0998733 0.440799
-0.387086 -0.0728343 0.435428 -0.388382 -0.0994007 0.440706
-0.387066 -0.0723441 0.435331 -0.388364 -0.0989281 0.440612
-0.387047 -0.0718539 0.435234 -0.388345 -0.0984554 0.440519
-0.387028 -0.0713638 0.435138 -0.388327 -0.0979827 0.440425
-0.387008 -0.0708736 0.435041 -0.388308 -0.09751 0.440332
-0.386989 -0.0703834 0.434944 -0.38829 -0.0970373 0.440238
-0.386969 -0.0698933 0.434847 -0.388271 -0.0965646 0.440145
-0.38695 -0.0694031 0.434751 -0.388253 -0.0960921 0.440051
-0.386931 -0.0689129 0.434654 -0.388234 -0.0956199 0.439958
-0.386911 -0.0684227 0.434557 -0.388216 -0.095148 0.439865
-0.386892 -0.0679326 0.43446 -0.388197 -0.0946763 0.439771
-0.386873 -0.0674424 0.434364 -0.388179 -0.0942047 0.439678
-0.386853 -0.0669522 0.434267 -0.38816 -0.0937332 0.439585
-0.386834 -0.0664621 0.43417 -0.388142 -0.0932615 0.439491
-0.386815 -0.0659719 0.434073 -0.388123 -0.0927898 0.439398
-0.386795 -0.0654817 0.433977 -0.388105 -0.0923178 0.439305
-0.386776 -0.0649916 0.43388 -0.388086 -0.0918456 0.439211
-0.386757 -0.0645014 0.433783 -0.388068 -0.0913732 0.439118
-0.386737 -0.0640112 0.433686 -0.388049 -0.0909004 0.439024
-0.386718 -0.063521 0.43359 -0.388031 -0.0904274 0.438931
-0.386699 -0.0630309 0.433493 -0.388012 -0.0899542 0.438837
-0.386679 -0.0625407 0.433396 -0.387994 -0.0894807 0.438744
-0.38666 -0.0620505 0.433299 -0.387975 -0.089007 0.43865
-0.386641 -0.0615604 0.433203 -0.387957 -0.0885333 0.438556
-0.386621 -0.0610702 0.433106 -0.387938 -0.0880596 0.438463
-0.386602 -0.06058 0.433009 -0.38792 -0.0875859 0.438369
-0.386582 -0.0600899 0.432912 -0.387883 -0.0866388 0.438182
-0.386563 -0.0595997 0.432816 -0.387864 -0.0861653 0.438088
-0.386544 -0.0591095 0.432719 -0.387846 -0.0856918 0.437994
-0.386524 -0.0586194 0.432622 -0.387827 -0.0852183 0.437901
-0.386505 -0.0581292 0.432525 -0.387809 -0.0847447 0.437807
-0.386486 -0.057639 0.432429 -0.38779 -0.0842711 0.437713
-0.386466 -0.0571488 0.432332 -0.387771 -0.0837975 0.43762
-0.386447 -0.0566587 0.432235 -0.387753 -0.0833238 0.437526
-0.386428 -0.0561685 0.432139 -0.387734 -0.0828499 0.437432
-0.386408 -0.0556783 0.432042 -0.387716 -0.0823757 0.437339
-0.386389 -0.0551882 0.431945 -0.387697 -0.0819012 0.437245
-0.38637 -0.054698 0.431848 -0.387679 -0.0814267 0.437151
-0.38635 -0.0542078 0.431752 -0.38766 -0.0809522 0.437057
-0.386331 -0.0537177 0.431655 -0.387642 -0.080478 0.436963
-0.386312 -0.0532275 0.431558 -0.387623 -0.0800042 0.43687
-0.386292 -0.0527373 0.431461 -0.387605 -0.0795307 0.436776
-0.386273 -0.0522471 0.431365 -0.387586 -0.0790575 0.436682
-0.386254 -0.051757 0.431268 -0.387567 -0.0785846 0.436589
-0.386234 -0.0512668 0.431171 -0.387549 -0.078112 0.436495
-0.386215 -0.0507766 0.431074 -0.38753 -0.0776395 0.436402
-0.386196 -0.0502865 0.430978 -0.387512 -0.0771672 0.436309
-0.386176 -0.0497963 0.430881 -0.387493 -0.0766951 0.436215
-0.386157 -0.0493061 0.430784 -0.387474 -0.0762231 0.436122
-0.386137 -0.048816 0.430687 -0.387456 -0.0757511 0.436028
-0.386118 -0.0483258 0.430591 -0.387419 -0.0748072 0.435842
-0.386099 -0.0478356 0.430494 -0.3874 -0.0743353 0.435748
-0.386079 -0.0473455 0.430397 -0.387381 -0.0738634 0.435655
-0.38606 -0.0468553 0.4303 -0.387363 -0.0733917 0.435562
-0.386041 -0.0463651 0.430204 -0.387344 -0.0729201 0.435469
-0.386021 -0.0458749 0.430107 -0.387326 -0.0724488 0.435375
-0.386002 -0.0453848 0.43001 -0.387307 -0.0719776 0.435282
-0.385983 -0.0448946 0.429913 -0.387288 -0.0715065 0.435189
-0.385963 -0.0444044 0.429817 -0.38727 -0.0710354 0.435096
-0.385944 -0.0439143 0.42972 -0.387251 -0.0705642 0.435003
-0.385925 -0.0434241 0.429623 -0.387233 -0.0700928 0.434909
-0.385905 -0.0429339 0.429526 -0.387214 -0.0696214 0.434816
-0.385886 -0.0424438 0.42943 -0.387196 -0.0691498 0.434723
-0.385867 -0.0419536 0.429333 -0.387177 -0.068678 0.43463
-0.385847 -0.0414634 0.429236 -0.387159 -0.0682061 0.434536
-0.385828 -0.0409732 0.429139 -0.38714 -0.0677339 0.434443
-0.385809 -0.0404831 0.429043 -0.387121 -0.0672616 0.43435
-0.385789 -0.0399929 0.428946 -0.387103 -0.066789 0.434256
-0.38577 -0.0395027 0.428849 -0.387084 -0.0663165 0.434163
-0.38575 -0.0390126 0.428752 -0.387066 -0.0658443 0.434069
-0.385731 -0.0385224 0.428656 -0.387047 -0.0653726 0.433976
-0.385712 -0.0380322 0.428559 -0.387029 -0.0649017 0.433883
-0.385692 -0.0375421 0.428462 -0.38701 -0.0644312 0.43379
-0.385673 -0.0370519 0.428366 -0.386991 -0.0639608 0.433697
-0.385654 -0.0365617 0.428269 -0.386973 -0.0634903 0.433604
-0.385634 -0.0360715 0.428172 -0.386954 -0.0630194 0.433511
-0.385615 -0.0355814 0.428075 -0.386936 -0.0625483 0.433417
-0.385596 -0.0350912 0.427979 -0.386917 -0.062077 0.433324
-0.385576 -0.034601 0.427882 -0.386899 -0.0616057 0.433231
-0.385557 -0.0341109 0.427785 -0.38688 -0.0611344 0.433138
-0.385538 -0.0336207 0.427688 -0.386843 -0.0601917 0.432952
-0.385518 -0.0331305 0.427592 -0.386825 -0.0597203 0.432858
-0.385499 -0.0326404 0.427495 -0.386806 -0.0592487 0.432765
-0.38548 -0.0321502 0.427398 -0.386788 -0.058777 0.432672
-0.38546 -0.03166 0.427301 -0.386769 -0.0583052 0.432578
-0.385441 -0.0311699 0.427205 -0.38675 -0.0578332 0.432485
-0.385422 -0.0306797 0.427108 -0.386732 -0.0573611 0.432392
-0.385402 -0.0301895 0.427011 -0.386713 -0.0568889 0.432298
-0.385383 -0.0296993 0.426914 -0.386695 -0.0564166 0.432205
-0.385364 -0.0292092 0.426818 -0.386676 -0.0559441 0.432112
-0.385344 -0.028719 0.426721 -0.386658 -0.0554715 0.432018
-0.385325 -0.0282288 0.426624 -0.386639 -0.0549987 0.431925
-0.385305 -0.0277387 0.426527 -0.386621 -0.0545258 0.431831
-0.385286 -0.0272485 0.426431 -0.386602 -0.0540527 0.431738
-0.385267 -0.0267583 0.426334 -0.386584 -0.0535795 0.431644
-0.385247 -0.0262682 0.426237 -0.386565 -0.0531061 0.431551
-0.385228 -0.025778 0.42614 -0.386547 -0.0526328 0.431457
-0.385209 -0.0252878 0.426044 -0.386528 -0.0521596 0.431363
-0.385189 -0.0247976 0.425947 -0.38651 -0.0516866 0.43127
-0.38517 -0.0243075 0.42585 -0.386491 -0.0512136 0.431176
-0.385151 -0.0238173 0.425753 -0.386473 -0.0507407 0.431083
-0.385131 -0.0233271 0.425657 -0.386454 -0.0502676 0.430989
-0.385112 -0.022837 0.42556 -0.386436 -0.0497944 0.430896
-0.385093 -0.0223468 0.425463 -0.386417 -0.049321 0.430802
-0.385073 -0.0218566 0.425366 -0.386399 -0.0488475 0.430709
-0.385054 -0.0213665 0.42527 -0.38638 -0.048374 0.430615
-0.385035 -0.0208763 0.425173 -0.386362 -0.0479006 0.430521
-0.385015 -0.0203861 0.425076 -0.386343 -0.0474273 0.430428
-0.384996 -0.019896 0.424979 -0.386306 -0.0464805 0.430241
-0.384977 -0.0194058 0.424883 -0.386287 -0.0460072 0.430147
-0.384957 -0.0189156 0.424786 -0.386269 -0.0455339 0.430054
-0.384938 -0.0184254 0.424689 -0.38625 -0.0450609 0.42996
-0.384918 -0.0179353 0.424592 -0.386232 -0.0445882 0.429867
-0.384899 -0.0174451 0.424496 -0.386213 -0.044116 0.429773
-0.38488 -0.0169549 0.424399 -0.386194 -0.0436441 0.42968
-0.38486 -0.0164648 0.424302 -0.386176 -0.0431724 0.429587
-0.384841 -0.0159746 0.424206 -0.386157 -0.0427007 0.429493
-0.384822 -0.0154844 0.424109 -0.386139 -0.042229 0.4294
-0.384802 -0.0149943 0.424012 -0.38612 -0.0417573 0.429307
-0.384783 -0.0145041 0.423915 -0.386102 -0.0412856 0.429214
-0.384764 -0.0140139 0.423819 -0.386083 -0.0408141 0.42912
-0.384744 -0.0135237 0.423722 -0.386064 -0.0403428 0.429027
-0.384725 -0.0130336 0.423625 -0.386046 -0.0398717 0.428934
-0.384706 -0.0125434 0.423528 -0.386027 -0.0394007 0.428841
-0.384686 -0.0120532 0.423432 -0.386009 -0.0389298 0.428748
-0.384667 -0.0115631 0.423335 -0.385971 -0.0379883 0.428562
-0.384648 -0.0110729 0.423238 -0.385953 -0.0375176 0.428469
-0.384628 -0.0105827 0.423141 -0.385934 -0.0370469 0.428376
-0.384609 -0.0100926 0.423045 -0.385916 -0.0365762 0.428283
-0.38459 -0.00960239 0.422948 -0.385897 -0.0361055 0.42819
-0.38457 -0.00911222 0.422851 -0.385878 -0.0356347 0.428097
-0.384551 -0.00862205 0.422754 -0.38586 -0.0351638 0.428003
-0.384532 -0.00813188 0.422658 -0.385841 -0.0346929 0.42791
-0.384512 -0.00764171 0.422561 -0.385823 -0.0342219 0.427817
-0.384493 -0.00715154 0.422464 -0.385804 -0.0337508 0.427724
-0.384473 -0.00666137 0.422367 -0.385786 -0.0332796 0.427631
-0.384454 -0.00617121 0.422271 -0.385767 -0.0328084 0.427538
-0.384435 -0.00568104 0.422174 -0.385749 -0.0323371 0.427445
-0.384415 -0.00519087 0.422077 -0.38573 -0.0318656 0.427352
-0.384396 -0.0047007 0.42198 -0.385711 -0.031394 0.427258
-0.384377 -0.00421053 0.421884 -0.385693 -0.0309223 0.427165
-0.384357 -0.00372036 0.421787 -0.385674 -0.0304505 0.427072
-0.384338 -0.00323019 0.42169 -0.385656 -0.029979 0.426979
-0.384319 -0.00274002 0.421593 -0.385637 -0.0295078 0.426885
-0.384299 -0.00224985 0.421497 -0.385619 -0.0290371 0.426792
-0.38428 -0.00175968 0.4214 -0.3856 -0.0285667 0.426699
-0.384261 -0.00126951 0.421303 -0.385582 -0.0280962 0.426606
-0.384241 -0.00077934 0.421206 -0.385563 -0.0276257 0.426513
-0.384222 -0.00028917 0.42111 -0.385545 -0.0271547 0.42642
-0.384203 0.000200999 0.421013 -0.385526 -0.0266836 0.426327
-0.384183 0.000691169 0.420916 -0.385507 -0.0262124 0.426234
-0.384164 0.00118134 0.420819 -0.385489 -0.0257413 0.426141
-0.384145 0.00167151 0.420723 -0.38547 -0.0252705 0.426048
-0.384125 0.00216168 0.420626 -0.385452 -0.0247997 0.425955
-0.384106 0.00265185 0.420529 -0.385433 -0.024329 0.425862
-0.384086 0.00314202 0.420432 -0.385415 -0.0238582 0.425769
-0.384067 0.00363219 0.420336 -0.385378 -0.0229164 0.425583
-0.384048 0.00412236 0.420239 -0.385359 -0.0224453 0.42549
-0.384028 0.00461253 0.420142 -0.385341 -0.0219741 0.425397
-0.384009 0.0051027 0.420046 -0.385322 -0.0215028 0.425303
-0.38399 0.00559286 0.419949 -0.385304 -0.0210313 0.42521
-0.38397 0.00608303 0.419852 -0.385285 -0.0205597 0.425117
-0.383951 0.0065732 0.419755 -0.385267 -0.0200879 0.425024
-0.383932 0.00706337 0.419659 -0.385248 -0.0196159 0.42493
-0.383912 0.00755354 0.419562 -0.38523 -0.0191438 0.424837
-0.383893 0.00804371 0.419465 -0.385211 -0.0186715 0.424744
-0.383874 0.00853388 0.419368 -0.385193 -0.018199 0.42465
-0.383854 0.00902405 0.419272 -0.385174 -0.0177264 0.424557
-0.383835 0.00951422 0.419175 -0.385155 -0.0172536 0.424464
-0.383816 0.0100044 0.419078 -0.385137 -0.0167806 0.42437
-0.383796 0.0104946 0.418981 -0.385118 -0.0163075 0.424277
-0.383777 0.0109847 0.418885 -0.3851 -0.0158341 0.424183
-0.383758 0.0114749 0.418788 -0.385081 -0.0153606 0.42409
-0.383738 0.0119651 0.418691 -0.385063 -0.0148869 0.423996
-0.383719 0.0124552 0.418594 -0.385044 -0.0144131 0.423902
-0.3837 0.0129454 0.418498 -0.385026 -0.0139391 0.423809
-0.38368 0.0134356 0.418401 -0.385007 -0.013465 0.423715
-0.383661 0.0139257 0.418304 -0.384989 -0.0129907 0.423621
-0.383641 0.0144159 0.418207 -0.38497 -0.0125163 0.423528
-0.383622 0.0149061 0.418111 -0.384952 -0.0120417 0.423434
-0.383603 0.0153963 0.418014 -0.384933 -0.0115671 0.42334
-0.383583 0.0158864 0.417917 -0.384915 -0.0110923 0.423246
-0.383564 0.0163766 0.41782 -0.384896 -0.0106173 0.423152
-0.383545 0.0168668 0.417724 -0.384878 -0.0101422 0.423058
-0.383525 0.0173569 0.417627 -0.384859 -0.00966703 0.422965
-0.383506 0.0178471 0.41753 -0.384841 -0.00919187 0.422871
-0.383487 0.0183373 0.417433 -0.384822 -0.0087168 0.422777
-0.383467 0.0188274 0.417337 -0.384803 -0.00824187 0.422683
-0.383448 0.0193176 0.41724 -0.384785 -0.00776705 0.422589
-0.383429 0.0198078 0.417143 -0.384766 -0.00729233 0.422495
-0.383409 0.020298 0.417046 -0.384748 -0.00681767 0.422402
-0.38339 0.0207881 0.41695 -0.384729 -0.00634307 0.422308
-0.383371 0.0212783 0.416853 -0.384711 -0.00586848 0.422214
-0.383351 0.0217685 0.416756 -0.384673 -0.00491931 0.422027
-0.383332 0.0222586 0.416659 -0.384655 -0.00444469 0.421933
-0.383313 0.0227488 0.416563 -0.384636 -0.00397002 0.421839
-0.383293 0.023239 0.416466 -0.384617 -0.0034953 0.421745
-0.383274 0.0237291 0.416369 -0.384599 -0.00302051 0.421651
-0.383255 0.0242193 0.416273 -0.38458 -0.00254564 0.421558
-0.383235 0.0247095 0.416176 -0.384562 -0.00207071 0.421464
-0.383216 0.0251996 0.416079 -0.384543 -0.00159573 0.42137
-0.383196 0.0256898 0.415982 -0.384524 -0.00112072 0.421276
-0.383177 0.02618 0.415886 -0.384506 -0.000645679 0.421182
-0.383158 0.0266702 0.415789 -0.384487 -0.000170602 0.421088
-0.383138 0.0271603 0.415692 -0.384468 0.000304534 0.420995
-0.383119 0.0276505 0.415595 -0.38445 0.000779746 0.420901
-0.3831 0.0281407 0.415499 -0.384431 0.00125505 0.420807
-0.38308 0.0286308 0.415402 -0.384413 0.00173046 0.420713
-0.383061 0.029121 0.415305 -0.384394 0.00220598 0.420619
-0.383042 0.0296112 0.415208 -0.384375 0.00268162 0.420525
-0.383022 0.0301013 0.415112 -0.384357 0.0031574 0.420431
-0.383003 0.0305915 0.415015 -0.384338 0.00363332 0.420337
-0.382984 0.0310817 0.414918 -0.384301 0.00458561 0.420149
-0.382964 0.0315719 0.414821 -0.384282 0.00506198 0.420055
-0.382945 0.032062 0.414725 -0.384263 0.0055384 0.419961
-0.382926 0.0325522 0.414628 -0.384245 0.00601476 0.419867
-0.382906 0.0330424 0.414531 -0.384226 0.00649096 0.419772
-0.382887 0.0335325 0.414434 -0.384207 0.00696691 0.419678
-0.382868 0.0340227 0.414338 -0.384189 0.00744262 0.419584
-0.382848 0.0345129 0.414241 -0.38417 0.0079181 0.419491
-0.382829 0.035003 0.414144 -0.384151 0.00839336 0.419397
-0.382809 0.0354932 0.414047 -0.384133 0.00886842 0.419303
-0.38279 0.0359834 0.413951 -0.384114 0.0093433 0.419209
-0.382771 0.0364735 0.413854 -0.384095 0.00981802 0.419115
-0.382751 0.0369637 0.413757 -0.384076 0.0102926 0.419022
-0.382732 0.0374539 0.41366 -0.384058 0.0107671 0.418928
-0.382713 0.0379441 0.413564 -0.384039 0.0112415 0.418834
-0.382693 0.0384342 0.413467 -0.38402 0.011716 0.41874
-0.382674 0.0389244 0.41337 -0.384002 0.0121907 0.418647
-0.382655 0.0394146 0.413273 -0.383983 0.0126655 0.418553
-0.382635 0.0399047 0.413177 -0.383945 0.0136145 0.418365
-0.382616 0.0403949 0.41308 -0.383927 0.0140881 0.418272
-0.382597 0.0408851 0.412983 -0.383908 0.0145607 0.418179
-0.382577 0.0413752 0.412886 -0.383889 0.0150326 0.418085
-0.382558 0.0418654 0.41279 -0.38387 0.0155039 0.417992
-0.382539 0.0423556 0.412693 -0.383852 0.0159749 0.417899
-0.382519 0.0428458 0.412596 -0.383833 0.0164458 0.417806
-0.3825 0.0433359 0.412499 -0.383814 0.0169165 0.417713
-0.382481 0.0438261 0.412403 -0.383795 0.0173871 0.41762
-0.382461 0.0443163 0.412306 -0.383777 0.0178576 0.417527
-0.382442 0.0448064 0.412209 -0.383758 0.018328 0.417435
-0.382423 0.0452966 0.412113 -0.383739 0.0187983 0.417342
-0.382403 0.0457868 0.412016 -0.38372 0.0192686 0.417249
-0.382384 0.0462769 0.411919 -0.383702 0.0197389 0.417156
-0.382364 0.0467671 0.411822 -0.383683 0.0202092 0.417063
-0.382345 0.0472573 0.411726 -0.383664 0.0206795 0.41697
-0.382326 0.0477474 0.411629 -0.383645 0.0211495 0.416877
-0.382306 0.0482376 0.411532 -0.383627 0.0216192 0.416785
-0.382287 0.0487278 0.411435 -0.383608 0.0220886 0.416692
-0.382268 0.049218 0.411339 -0.383589 0.0225577 0.416599
-0.382248 0.0497081 0.411242 -0.383571 0.0230267 0.416507
-0.382229 0.0501983 0.411145 -0.383552 0.0234957 0.416414
-0.38221 0.0506885 0.411048 -0.383533 0.0239649 0.416321
-0.38219 0.0511786 0.410952 -0.383515 0.024434 0.416229
-0.382171 0.0516688 0.410855 -0.383496 0.0249031 0.416136
-0.382152 0.052159 0.410758 -0.383477 0.0253719 0.416044
-0.382132 0.0526491 0.410661 -0.383459 0.0258405 0.415951
-0.382113 0.0531393 0.410565 -0.38344 0.0263088 0.415859
-0.382094 0.0536295 0.410468 -0.383421 0.0267771 0.415766
-0.382074 0.0541197 0.410371 -0.383384 0.0277136 0.415581
-0.382055 0.0546098 0.410274 -0.383365 0.028182 0.415489
-0.382036 0.0551 0.410178 -0.383347 0.0286505 0.415396
-0.382016 0.0555902 0.410081 -0.383328 0.0291191 0.415304
-0.381997 0.0560803 0.409984 -0.38331 0.0295878 0.415211
-0.381977 0.0565705 0.409887 -0.383291 0.0300566 0.415119
-0.381958 0.0570607 0.409791 -0.383272 0.0305255 0.415026
-0.381939 0.0575508 0.409694 -0.383254 0.0309946 0.414933
-0.381919 0.058041 0.409597 -0.383235 0.0314638 0.414841
-0.3819 0.0585312 0.4095 -0.383217 0.0319332 0.414748
-0.381881 0.0590213 0.409404 -0.383198 0.0324027 0.414655
-0.381861 0.0595115 0.409307 -0.38318 0.0328725 0.414563
-0.381842 0.0600017 0.40921 -0.383161 0.0333424 0.41447
-0.381823 0.0604919 0.409113 -0.383143 0.0338126 0.414377
-0.381803 0.060982 0.409017 -0.383124 0.034283 0.414284
-0.381784 0.0614722 0.40892 -0.383106 0.0347535 0.414191
-0.381765 0.0619624 0.408823 -0.383087 0.0352243 0.414098
-0.381745 0.0624525 0.408726 -0.383069 0.0356951 0.414005
-0.381726 0.0629427 0.40863 -0.38305 0.036166 0.413912
-0.381707 0.0634329 0.408533 -0.383032 0.0366367 0.41382
-0.381687 0.063923 0.408436 -0.383013 0.0371071 0.413727
-0.381668 0.0644132 0.408339 -0.382995 0.0375775 0.413634
-0.381649 0.0649034 0.408243 -0.382976 0.0380479 0.413541
-0.381629 0.0653936 0.408146 -0.382958 0.0385184 0.413448
-0.38161 0.0658837 0.408049 -0.382939 0.0389892 0.413355
-0.381591 0.0663739 0.407953 -0.382921 0.0394601 0.413262
-0.381571 0.0668641 0.407856 -0.382884 0.0404028 0.413076
-0.381552 0.0673542 0.407759 -0.382865 0.0408745 0.412983
-0.381532 0.0678444 0.407662 -0.382847 0.0413463 0.41289
-0.381513 0.0683346 0.407566 -0.382828 0.0418182 0.412797
-0.381494 0.0688247 0.407469 -0.38281 0.0422902 0.412704
-0.381474 0.0693149 0.407372 -0.382791 0.0427621 0.41261
-0.381455 0.0698051 0.407275 -0.382773 0.0432338 0.412517
-0.381436 0.0702953 0.407179 -0.382754 0.0437053 0.412424
-0.381416 0.0707854 0.407082 -0.382736 0.0441764 0.412331
-0.381397 0.0712756 0.406985 -0.382717 0.044647 0.412238
-0.381378 0.0717658 0.406888 -0.382698 0.0451173 0.412146
-0.381358 0.0722559 0.406792 -0.38268 0.0455875 0.412053
-0.381339 0.0727461 0.406695 -0.382661 0.0460576 0.41196
-0.38132 0.0732363 0.406598 -0.382643 0.0465278 0.411867
-0.3813 0.0737264 0.406501 -0.382624 0.0469982 0.411774
-0.381281 0.0742166 0.406405 -0.382606 0.0474687 0.411682
-0.381262 0.0747068 0.406308 -0.382587 0.0479394 0.411589
-0.381242 0.0751969 0.406211 -0.382569 0.0484103 0.411496
-0.381223 0.0756871 0.406114 -0.382532 0.0493523 0.41131
-0.381204 0.0761773 0.406018 -0.382513 0.0498235 0.411217
-0.381184 0.0766675 0.405921 -0.382494 0.0502947 0.411124
-0.381165 0.0771576 0.405824 -0.382476 0.0507659 0.411031
-0.381145 0.0776478 0.405727 -0.382457 0.0512371 0.410938
-0.381126 0.078138 0.405631 -0.382439 0.051708 0.410845
-0.381107 0.0786281 0.405534 -0.38242 0.0521788 0.410752
-0.381087 0.0791183 0.405437 -0.382402 0.0526494 0.410659
-0.381068 0.0796085 0.40534 -0.382383 0.0531198 0.410566
-0.381049 0.0800986 0.405244 -0.382365 0.0535901 0.410474
-0.381029 0.0805888 0.405147 -0.382346 0.0540602 0.410381
-0.38101 0.081079 0.40505 -0.382328 0.0545302 0.410288
-0.380991 0.0815692 0.404953 -0.382309 0.0550001 0.410195
-0.380971 0.0820593 0.404857 -0.38229 0.05547 0.410103
-0.380952 0.0825495 0.40476 -0.382272 0.0559399 0.41001
-0.380933 0.0830397 0.404663 -0.382253 0.0564097 0.409917
-0.380913 0.0835298 0.404566 -0.382235 0.0568794 0.409824
-0.380894 0.08402 0.40447 -0.382216 0.0573488 0.409732
-0.380875 0.0845102 0.404373 -0.382198 0.057818 0.409639
-0.380855 0.0850003 0.404276 -0.38216 0.0587556 0.409454
-0.380836 0.0854905 0.40418 -0.382142 0.0592241 0.409362
-0.380817 0.0859807 0.404083 -0.382123 0.0596924 0.409269
-0.380797 0.0864708 0.403986 -0.382105 0.0601606 0.409177
-0.380778 0.086961 0.403889 -0.382086 0.0606287 0.409085
-0.380759 0.0874512 0.403793 -0.382068 0.0610968 0.408992
-0.380739 0.0879414 0.403696 -0.382049 0.0615648 0.4089
-0.38072 0.0884315 0.403599 -0.38203 0.0620328 0.408808
-0.3807 0.0889217 0.403502 -0.382012 0.0625008 0.408715
-0.380681 0.0894119 0.403406 -0.381993 0.0629688 0.408623
-0.380662 0.089902 0.403309 -0.381975 0.0634369 0.408531
-0.380642 0.0903922 0.403212 -0.381938 0.064373 0.408346
-0.380623 0.0908824 0.403115 -0.381919 0.0648409 0.408254
-0.380604 0.0913725 0.403019 -0.381901 0.0653087 0.408161
-0.380584 0.0918627 0.402922 -0.381882 0.0657763 0.408069
-0.380565 0.0923529 0.402825 -0.381864 0.0662437 0.407977
-0.380546 0.0928431 0.402728 -0.381845 0.0667109 0.407885
-0.380526 0.0933332 0.402632 -0.381826 0.0671777 0.407793
-0.380507 0.0938234 0.402535 -0.381808 0.0676444 0.407701
-0.380488 0.0943136 0.402438 -0.381789 0.0681108 0.407609
-0.380468 0.0948037 0.402341 -0.381771 0.0685771 0.407517
-0.380449 0.0952939 0.402245 -0.381752 0.0690433 0.407425
-0.38043 0.0957841 0.402148 -0.381734 0.0695093 0.407333
-0.38041 0.0962742 0.402051 -0.381715 0.0699753 0.407241
-0.380391 0.0967644 0.401954 -0.381697 0.0704412 0.407149
-0.380372 0.0972546 0.401858 -0.381678 0.070907 0.407057
-0.380352 0.0977447 0.401761 -0.38166 0.0713727 0.406965
-0.380333 0.0982349 0.401664 -0.381641 0.071838 0.406873
-0.380313 0.0987251 0.401567 -0.381623 0.0723027 0.406782
-0.380294 0.0992153 0.401471 -0.381604 0.0727668 0.40669
-0.380275 0.0997054 0.401374 -0.381586 0.0732304 0.406599
-0.380255 0.100196 0.401277 -0.381567 0.0736937 0.406507
-0.380236 0.100686 0.40118 -0.381549 0.0741567 0.406416
-0.380217 0.101176 0.401084 -0.38153 0.0746196 0.406325
-0.380197 0.101666 0.400987 -0.381512 0.0750824 0.406233
-0.380178 0.102156 0.40089 -0.381493 0.0755451 0.406142
-0.380159 0.102646 0.400793 -0.381475 0.0760079 0.406051
-0.380139 0.103137 0.400697 -0.381456 0.0764707 0.405959
-0.38012 0.103627 0.4006 -0.381419 0.0773965 0.405777
-0.380101 0.104117 0.400503 -0.381401 0.0778596 0.405686
-0.380081 0.104607 0.400406 -0.381382 0.0783228 0.405594
-0.380062 0.105097 0.40031 -0.381364 0.078786 0.405503
-0.380043 0.105587 0.400213 -0.381345 0.0792491 0.405411
-0.380023 0.106078 0.400116 -0.381327 0.079712 0.40532
-0.380004 0.106568 0.40002 -0.381309 0.0801746 0.405229
-0.379985 0.107058 0.399923 -0.38129 0.0806371 0.405138
-0.379965 0.107548 0.399826 -0.381272 0.0810997 0.405046
-0.379946 0.108038 0.399729 -0.381253 0.0815625 0.404955
-0.379927 0.108528 0.399633 -0.381235 0.0820257 0.404864
-0.379907 0.109019 0.399536 -0.381217 0.0824892 0.404772
-0.379888 0.109509 0.399439 -0.381198 0.0829531 0.404681
-0.379868 0.109999 0.399342 -0.38118 0.0834173 0.404589
-0.379849 0.110489 0.399246 -0.381162 0.0838819 0.404498
-0.37983 0.110979 0.399149 -0.381143 0.0843468 0.404406
-0.37981 0.111469 0.399052 -0.381125 0.084812 0.404314
-0.379791 0.11196 0.398955 -0.381107 0.0852777 0.404223
-0.379772 0.11245 0.398859 -0.381089 0.0857437 0.404131
-0.379752 0.11294 0.398762 -0.38107 0.08621 0.404039
-0.379733 0.11343 0.398665 -0.381052 0.0866764 0.403947
-0.379714 0.11392 0.398568 -0.381034 0.0871429 0.403855
-0.379694 0.114411 0.398472 -0.381015 0.0876094 0.403763
-0.379675 0.114901 0.398375 -0.380997 0.0880758 0.403671
-0.379656 0.115391 0.398278 -0.380979 0.0885423 0.403579
-0.379636 0.115881 0.398181 -0.380961 0.0890088 0.403487
-0.379617 0.116371 0.398085 -0.380942 0.0894753 0.403395
-0.379598 0.116861 0.397988 -0.380924 0.089942 0.403303
-0.379578 0.117352 0.397891 -0.380906 0.0904088 0.403211
-0.379559 0.117842 0.397794 -0.380887 0.0908757 0.403119
-0.37954 0.118332 0.397698 -0.380869 0.0913428 0.403027
-0.37952 0.118822 0.397601 -0.380851 0.0918101 0.402934
-0.379501 0.119312 0.397504 -0.380814 0.0927456 0.40275
-0.379481 0.119802 0.397407 -0.380796 0.093214 0.402658
-0.379462 0.120293 0.397311 -0.380778 0.0936827 0.402565
-0.379443 0.120783 0.397214 -0.380759 0.0941516 0.402473
-0.379423 0.121273 0.397117 -0.380741 0.0946206 0.40238
-0.379404 0.121763 0.39702 -0.380686 0.0960282 0.402103
-0.379385 0.122253 0.396924 -0.380668 0.0964977 0.40201
-0.379365 0.122743 0.396827 -0.380649 0.0969675 0.401918
-0.379346 0.123234 0.39673 -0.380631 0.0974372 0.401825
-0.379327 0.123724 0.396633 -0.380613 0.0979062 0.401732
-0.379307 0.124214 0.396537 -0.380594 0.0983744 0.40164
-0.379288 0.124704 0.39644 -0.380576 0.0988413 0.401548
-0.379269 0.125194 0.396343 -0.380557 0.0993071 0.401456
-0.379249 0.125684 0.396246 -0.380539 0.0997718 0.401365
-0.37923 0.126175 0.39615 -0.38052 0.100236 0.401273
-0.379211 0.126665 0.396053 -0.380483 0.101161 0.401091
-0.379191 0.127155 0.395956 -0.380465 0.101622 0.401
-0.379172 0.127645 0.39586 -0.380446 0.102083 0.400909
-0.379153 0.128135 0.395763 -0.380428 0.102543 0.400818
-0.379133 0.128625 0.395666 -0.380409 0.103002 0.400728
-0.379114 0.129116 0.395569 -0.380391 0.103461 0.400637
-0.379095 0.129606 0.395473 -0.380372 0.10392 0.400547
-0.379075 0.130096 0.395376 -0.380354 0.104378 0.400456
-0.379056 0.130586 0.395279 -0.380335 0.104837 0.400366
-0.379036 0.131076 0.395182 -0.380317 0.105295 0.400276
-0.379017 0.131566 0.395086 -0.380298 0.105752 0.400186
-0.378998 0.132057 0.394989 -0.38028 0.10621 0.400095
-0.378978 0.132547 0.394892 -0.380262 0.106667 0.400005
-0.378959 0.133037 0.394795 -0.380243 0.107124 0.399915
-0.37894 0.133527 0.394699 -0.380225 0.107581 0.399825
-0.37892 0.134017 0.394602 -0.380206 0.108037 0.399735
-0.378901 0.134507 0.394505 -0.380188 0.108493 0.399645
-0.378882 0.134998 0.394408 -0.380169 0.108949 0.399555
-0.378862 0.135488 0.394312 -0.380151 0.109404 0.399466
-0.378843 0.135978 0.394215 -0.380133 0.109859 0.399376
-0.378824 0.136468 0.394118 -0.380114 0.110314 0.399286
-0.378804 0.136958 0.394021 -0.380096 0.110769 0.399197
-0.378785 0.137448 0.393925 -0.380078 0.111224 0.399107
-0.378766 0.137939 0.393828 -0.380059 0.111679 0.399017
-0.378746 0.138429 0.393731 -0.380041 0.112134 0.398928
-0.378727 0.138919 0.393634 -0.380005 0.113044 0.398748
-0.378708 0.139409 0.393538 -0.379986 0.113499 0.398658
-0.378688 0.139899 0.393441 -0.379968 0.113954 0.398569
-0.378669 0.14039 0.393344 -0.37995 0.11441 0.398479
-0.378649 0.14088 0.393247 -0.379932 0.114865 0.398389
-0.37863 0.14137 0.393151 -0.379914 0.115321 0.398299
-0.378611 0.14186 0.393054 -0.379895 0.115778 0.398209
-0.378591 0.14235 0.392957 -0.379877 0.116234 0.398119
-0.378572 0.14284 0.39286 -0.379859 0.116691 0.398029
-0.378553 0.143331 0.392764 -0.379841 0.117148 0.397939
-0.378533 0.143821 0.392667 -0.379823 0.117605 0.397849
-0.378514 0.144311 0.39257 -0.379805 0.118063 0.397759
-0.378495 0.144801 0.392473 -0.379787 0.11852 0.397669
-0.378475 0.145291 0.392377 -0.379769 0.118978 0.397578
-0.378456 0.145781 0.39228 -0.37975 0.119437 0.397488
-0.378437 0.146272 0.392183 -0.379732 0.119895 0.397398
-0.378417 0.146762 0.392087 -0.379714 0.120354 0.397307
-0.378398 0.147252 0.39199 -0.379696 0.120813 0.397217
-0.378379 0.147742 0.391893 -0.379678 0.121273 0.397126
-0.378359 0.148232 0.391796 -0.37966 0.121732 0.397036
-0.37834 0.148722 0.3917 -0.379642 0.122191 0.396945
-0.378321 0.149213 0.391603 -0.379624 0.122649 0.396855
-0.378301 0.149703 0.391506 -0.379606 0.123107 0.396765
-0.378282 0.150193 0.391409 -0.379588 0.123565 0.396674
-0.378263 0.150683 0.391313 -0.379552 0.124482 0.396494
-0.378243 0.151173 0.391216 -0.379534 0.124941 0.396403
-0.378224 0.151663 0.391119 -0.379516 0.1254 0.396313
-0.378204 0.152154 0.391022 -0.379498 0.125859 0.396222
-0.378185 0.152644 0.390926 -0.379462 0.126779 0.396041
-0.378166 0.153134 0.390829 -0.379443 0.127239 0.39595
-0.378146 0.153624 0.390732 -0.379425 0.1277 0.39586
-0.378127 0.154114 0.390635 -0.379407 0.12816 0.395769
-0.378108 0.154604 0.390539 -0.379389 0.128619 0.395678
-0.378088 0.155095 0.390442 -0.379371 0.129079 0.395588
-0.378069 0.155585 0.390345 -0.379353 0.129538 0.395497
-0.37805 0.156075 0.390248 -0.379335 0.129997 0.395407
-0.37803 0.156565 0.390152 -0.379317 0.130455 0.395317
-0.378011 0.157055 0.390055 -0.379299 0.130913 0.395226
-0.377992 0.157545 0.389958 -0.379281 0.131371 0.395136
-0.377972 0.158036 0.389861 -0.379263 0.131829 0.395046
-0.377953 0.158526 0.389765 -0.379245 0.132287 0.394956
-0.377934 0.159016 0.389668 -0.379226 0.132745 0.394865
-0.377914 0.159506 0.389571 -0.379208 0.133203 0.394775
-0.377895 0.159996 0.389474 -0.37919 0.133661 0.394685
-0.377876 0.160486 0.389378 -0.379172 0.134119 0.394595
-0.377856 0.160977 0.389281 -0.379154 0.134576 0.394505
-0.377837 0.161467 0.389184 -0.379136 0.135034 0.394414
-0.377817 0.161957 0.389087 -0.3791 0.13595 0.394234
-0.377798 0.162447 0.388991 -0.379082 0.136408 0.394144
-0.377779 0.162937 0.388894 -0.379064 0.136866 0.394053
-0.377759 0.163427 0.388797 -0.379045 0.137324 0.393963
-0.37774 0.163918 0.3887 -0.379027 0.137783 0.393873
-0.377721 0.164408 0.388604 -0.379009 0.138242 0.393782
-0.377701 0.164898 0.388507 -0.378991 0.138701 0.393692
-0.377682 0.165388 0.38841 -0.378973 0.13916 0.393601
-0.377663 0.165878 0.388313 -0.378955 0.139619 0.393511
-0.377643 0.166368 0.388217 -0.378937 0.140079 0.39342
-0.377624 0.166859 0.38812 -0.378919 0.140539 0.39333
-0.377605 0.167349 0.388023 -0.378901 0.140999 0.393239
-0.377585 0.167839 0.387927 -0.378883 0.14146 0.393148
-0.377566 0.168329 0.38783 -0.378865 0.141921 0.393057
-0.377547 0.168819 0.387733 -0.378847 0.142382 0.392967
-0.377527 0.16931 0.387636 -0.378829 0.142844 0.392876
-0.377508 0.1698 0.38754 -0.378811 0.143306 0.392785
-0.377489 0.17029 0.387443 -0.378793 0.143768 0.392694
-0.377469 0.17078 0.387346 -0.378775 0.14423 0.392603
-0.37745 0.17127 0.387249 -0.378756 0.144692 0.392511
-0.377431 0.17176 0.387153 -0.378738 0.145155 0.39242
-0.377411 0.172251 0.387056 -0.37872 0.145617 0.392329
-0.377392 0.172741 0.386959 -0.378702 0.14608 0.392238
-0.377372 0.173231 0.386862 -0.378684 0.146543 0.392147
-0.377353 0.173721 0.386766 -0.378666 0.147007 0.392056
-0.377334 0.174211 0.386669 -0.378648 0.147471 0.391964
-0.377314 0.174701 0.386572 -0.37863 0.147935 0.391873
-0.377295 0.175192 0.386475 -0.378612 0.1484 0.391781
-0.377276 0.175682 0.386379 -0.378594 0.148866 0.391689
-0.377256 0.176172 0.386282 -0.378576 0.149332 0.391598
-0.377237 0.176662 0.386185 -0.378558 0.149798 0.391506
-0.377218 0.177152 0.386088 -0.378539 0.150264 0.391414
-0.377198 0.177642 0.385992 -0.378521 0.150732 0.391322
-0.377179 0.178133 0.385895 -0.378503 0.151199 0.39123
-0.37716 0.178623 0.385798 -0.378485 0.151667 0.391138
-0.37714 0.179113 0.385701 -0.378467 0.152136 0.391045
-0.377121 0.179603 0.385605 -0.378449 0.152605 0.390953
-0.377102 0.180093 0.385508 -0.378431 0.153074 0.390861
-0.377082 0.180583 0.385411 -0.378413 0.153544 0.390768
-0.377063 0.181074 0.385314 -0.378395 0.154014 0.390676
-0.377044 0.181564 0.385218 -0.378376 0.154485 0.390583
-0.377024 0.182054 0.385121 -0.37834 0.155427 0.390397
-0.377005 0.182544 0.385024 -0.378267 0.157317 0.390025
-0.376985 0.183034 0.384927 -0.378249 0.15779 0.389932
-0.376966 0.183524 0.384831 -0.378231 0.158263 0.389839
-0.376947 0.184015 0.384734 -0.378212 0.158736 0.389746
-0.376927 0.184505 0.384637 -0.378194 0.159208 0.389653
-0.376908 0.184995 0.38454 -0.378176 0.159678 0.38956
-0.376889 0.185485 0.384444 -0.378157 0.160146 0.389468
-0.376869 0.185975 0.384347 -0.378139 0.160613 0.389376
-0.37685 0.186465 0.38425 -0.37812 0.161079 0.389284
-0.376831 0.186956 0.384153 -0.378102 0.161544 0.389193
-0.376811 0.187446 0.384057 -0.378083 0.162008 0.389101
-0.376792 0.187936 0.38396 -0.378065 0.16247 0.38901
-0.376773 0.188426 0.383863 -0.378046 0.162932 0.388919
-0.376753 0.188916 0.383767 -0.378028 0.163392 0.388828
-0.376734 0.189406 0.38367 -0.378009 0.163852 0.388738
-0.376715 0.189897 0.383573 -0.37799 0.164311 0.388647
-0.376695 0.190387 0.383476 -0.377972 0.164769 0.388557
-0.376676 0.190877 0.38338 -0.377953 0.165226 0.388467
-0.376657 0.191367 0.383283 -0.377934 0.165682 0.388377
-0.376637 0.191857 0.383186 -0.377916 0.166138 0.388287
-0.376618 0.192347 0.383089 -0.377897 0.166593 0.388198
-0.376599 0.192838 0.382993 -0.377879 0.167048 0.388108
-0.376579 0.193328 0.382896 -0.37786 0.167502 0.388018
-0.37656 0.193818 0.382799 -0.377842 0.167957 0.387929
-0.37654 0.194308 0.382702 -0.377823 0.168411 0.387839
-0.376521 0.194798 0.382606 -0.377786 0.169318 0.387661
-0.376502 0.195288 0.382509 -0.377768 0.169771 0.387571
-0.376482 0.195779 0.382412 -0.377749 0.170223 0.387482
-0.376463 0.196269 0.382315 -0.377731 0.170676 0.387393
-0.376444 0.196759 0.382219 -0.377712 0.171129 0.387304
-0.376424 0.197249 0.382122 -0.377694 0.171581 0.387214
-0.376405 0.197739 0.382025 -0.377676 0.172034 0.387125
-0.376386 0.19823 0.381928 -0.377657 0.172487 0.387036
-0.376366 0.19872 0.381832 -0.377639 0.172939 0.386947
-0.376347 0.19921 0.381735 -0.377621 0.173392 0.386858
-0.376328 0.1997 0.381638 -0.377602 0.173845 0.386768
-0.376308 0.20019 0.381541 -0.377584 0.174298 0.386679
-0.376289 0.20068 0.381445 -0.377566 0.17475 0.38659
-0.37627 0.201171 0.381348 -0.377547 0.175204 0.386501
-0.37625 0.201661 0.381251 -0.377529 0.175657 0.386411
-0.376231 0.202151 0.381154 -0.377511 0.17611 0.386322
-0.376212 0.202641 0.381058 -0.377475 0.177018 0.386143
-0.376192 0.203131 0.380961 -0.377457 0.177473 0.386054
-0.376173 0.203621 0.380864 -0.377438 0.177928 0.385964
-0.376153 0.204112 0.380767 -0.37742 0.178383 0.385874
-0.376134 0.204602 0.380671 -0.377402 0.178838 0.385785
-0.376115 0.205092 0.380574 -0.377384 0.179293 0.385695
-0.376095 0.205582 0.380477 -0.377366 0.179747 0.385606
-0.376076 0.206072 0.38038 -0.377348 0.180202 0.385516
-0.376057 0.206562 0.380284 -0.37733 0.180656 0.385427
-0.376037 0.207053 0.380187 -0.377312 0.18111 0.385337
-0.376018 0.207543 0.38009 -0.377294 0.181564 0.385248
-0.375999 0.208033 0.379994 -0.377275 0.182018 0.385158
-0.375979 0.208523 0.379897 -0.377257 0.182473 0.385069
-0.37596 0.209013 0.3798 -0.377239 0.182927 0.384979
-0.375941 0.209503 0.379703 -0.377221 0.183382 0.38489
-0.375921 0.209994 0.379607 -0.377203 0.183837 0.3848
-0.375902 0.210484 0.37951 -0.377185 0.184293 0.38471
-0.375883 0.210974 0.379413 -0.377149 0.185205 0.384531
-0.375863 0.211464 0.379316 -0.377131 0.185661 0.384441
-0.375844 0.211954 0.37922 -0.377113 0.186118 0.384351
-0.375825 0.212444 0.379123 -0.377095 0.186575 0.384261
-0.375805 0.212935 0.379026 -0.377077 0.187032 0.384171
-0.375786 0.213425 0.378929 -0.377059 0.187489 0.384081
-0.375767 0.213915 0.378833 -0.377041 0.187946 0.383991
-0.375747 0.214405 0.378736 -0.377023 0.188403 0.383901
-0.375728 0.214895 0.378639 -0.377005 0.18886 0.383811
-0.375708 0.215385 0.378542 -0.376987 0.189318 0.383721
-0.375689 0.215876 0.378446 -0.376969 0.189775 0.383631
-0.37567 0.216366 0.378349 -0.376951 0.190233 0.383541
-0.37565 0.216856 0.378252 -0.376933 0.19069 0.383451
-0.375631 0.217346 0.378155 -0.376915 0.191148 0.38336
-0.375612 0.217836 0.378059 -0.376897 0.191606 0.38327
-0.375592 0.218326 0.377962 -0.376879 0.192065 0.38318
-0.375573 0.218817 0.377865 -0.376861 0.192523 0.38309
-0.375554 0.219307 0.377768 -0.376843 0.192982 0.382999
-0.375534 0.219797 0.377672 -0.376825 0.193441 0.382909
-0.375515 0.220287 0.377575 -0.376807 0.1939 0.382819
-0.375496 0.220777 0.377478 -0.376789 0.19436 0.382728
-0.375476 0.221267 0.377381 -0.376771 0.194819 0.382638
-0.375457 0.221758 0.377285 -0.376753 0.195278 0.382547
-0.375438 0.222248 0.377188 -0.376735 0.195738 0.382457
-0.375418 0.222738 0.377091 -0.376717 0.196198 0.382366
-0.375399 0.223228 0.376994 -0.376699 0.196658 0.382276
-0.37538 0.223718 0.376898 -0.376681 0.197119 0.382185
-0.37536 0.224209 0.376801 -0.376663 0.19758 0.382094
-0.375341 0.224699 0.376704 -0.376627 0.198502 0.381913
-0.375321 0.225189 0.376607 -0.376609 0.198963 0.381822
-0.375302 0.225679 0.376511 -0.376591 0.199424 0.381731
-0.375283 0.226169 0.376414 -0.376573 0.199886 0.38164
-0.375263 0.226659 0.376317 -0.376555 0.200347 0.381549
-0.375244 0.22715 0.37622 -0.376537 0.200809 0.381458
-0.375225 0.22764 0.376124 -0.376519 0.201272 0.381367
-0.375205 0.22813 0.376027 -0.376501 0.201734 0.381276
-0.375186 0.22862 0.37593 -0.376483 0.202197 0.381185
-0.375167 0.22911 0.375834 -0.376465 0.20266 0.381094
-0.375147 0.2296 0.375737 -0.376447 0.203123 0.381003
-0.375128 0.230091 0.37564 -0.376429 0.203587 0.380912
-0.375109 0.230581 0.375543 -0.376411 0.204051 0.38082
-0.375089 0.231071 0.375447 -0.376374 0.20498 0.380638
-0.37507 0.231561 0.37535 -0.376356 0.205445 0.380546
-0.375051 0.232051 0.375253 -0.376338 0.20591 0.380455
-0.375031 0.232541 0.375156 -0.37632 0.206375 0.380363
-0.375012 0.233032 0.37506 -0.376302 0.206841 0.380271
-0.374993 0.233522 0.374963 -0.376284 0.207306 0.38018
-0.374973 0.234012 0.374866 -0.376266 0.207772 0.380088
-0.374954 0.234502 0.374769 -0.376247 0.208238 0.379996
-0.374935 0.234992 0.374673 -0.376229 0.208704 0.379905
-0.374915 0.235482 0.374576 -0.376211 0.209169 0.379813
-0.374896 0.235973 0.374479 -0.376193 0.209635 0.379721
-0.374876 0.236463 0.374382 -0.376175 0.2101 0.37963
-0.374857 0.236953 0.374286 -0.376156 0.210565 0.379538
-0.374838 0.237443 0.374189 -0.376138 0.211031 0.379447
-0.374818 0.237933 0.374092 -0.37612 0.211496 0.379355
-0.374799 0.238423 0.373995 -0.376102 0.211961 0.379263
-0.37478 0.238914 0.373899 -0.376083 0.212426 0.379172
-0.37476 0.239404 0.373802 -0.376065 0.212892 0.37908
-0.374741 0.239894 0.373705 -0.376047 0.213357 0.378989
-0.374722 0.240384 0.373608 -0.376029 0.213823 0.378897
-0.374702 0.240874 0.373512 -0.37601 0.214288 0.378805
-0.374683 0.241364 0.373415 -0.375992 0.214753 0.378714
-0.374664 0.241855 0.373318 -0.375974 0.215218 0.378622
-0.374644 0.242345 0.373221 -0.375955 0.215683 0.378531
-0.374625 0.242835 0.373125 -0.375937 0.216148 0.378439
-0.374606 0.243325 0.373028 -0.375919 0.216613 0.378348
-0.374586 0.243815 0.372931 -0.3759 0.217078 0.378256
-0.374567 0.244305 0.372834 -0.375882 0.217542 0.378165
-0.374548 0.244796 0.372738 -0.375864 0.218007 0.378073
-0.374528 0.245286 0.372641 -0.375845 0.218472 0.377982
-0.374509 0.245776 0.372544 -0.375827 0.218937 0.37789
-0.374489 0.246266 0.372447 -0.375809 0.219401 0.377798
-0.37447 0.246756 0.372351 -0.37579 0.219866 0.377707
-0.374451 0.247246 0.372254 -0.375754 0.220797 0.377524
-0.374431 0.247737 0.372157 -0.375735 0.221262 0.377432
-0.374412 0.248227 0.37206 -0.375717 0.221728 0.37734
-0.374393 0.248717 0.371964 -0.375699 0.222193 0.377249
-0.374373 0.249207 0.371867 -0.37568 0.222659 0.377157
-0.374354 0.249697 0.37177 -0.375662 0.223126 0.377065
-0.374335 0.250187 0.371674 -0.375643 0.223592 0.376973
-0.374315 0.250678 0.371577 -0.375625 0.224059 0.376882
-0.374296 0.251168 0.37148 -0.375607 0.224526 0.37679
-0.374277 0.251658 0.371383 -0.375533 0.226395 0.376422
-0.374257 0.252148 0.371287 -0.375515 0.226863 0.376329
-0.374238 0.252638 0.37119 -0.375496 0.227332 0.376237
-0.374219 0.253129 0.371093 -0.375478 0.2278 0.376145
-0.374199 0.253619 0.370996 -0.37546 0.228268 0.376053
-0.37418 0.254109 0.3709 -0.375441 0.228736 0.375961
-0.374161 0.254599 0.370803 -0.375423 0.229202 0.375869
-0.374141 0.255089 0.370706 -0.375404 0.229667 0.375777
-0.374122 0.255579 0.370609 -0.375386 0.230132 0.375686
-0.374103 0.25607 0.370513 -0.375367 0.230595 0.375595
-0.374083 0.25656 0.370416 -0.375349 0.231057 0.375504
-0.374064 0.25705 0.370319 -0.37533 0.231518 0.375413
-0.374044 0.25754 0.370222 -0.375312 0.231979 0.375322
-0.374025 0.25803 0.370126 -0.375293 0.232438 0.375231
-0.374006 0.25852 0.370029 -0.375275 0.232898 0.375141
-0.373986 0.259011 0.369932 -0.375256 0.233356 0.375051
-0.373967 0.259501 0.369835 -0.375219 0.234272 0.37487
-0.373948 0.259991 0.369739 -0.3752 0.234729 0.37478
-0.373928 0.260481 0.369642 -0.375182 0.235186 0.37469
-0.373909 0.260971 0.369545 -0.375163 0.235643 0.3746
-0.37389 0.261461 0.369448 -0.375145 0.236099 0.37451
-0.37387 0.261952 0.369352 -0.375126 0.236554 0.37442
-0.373851 0.262442 0.369255 -0.375108 0.23701 0.37433
-0.373832 0.262932 0.369158 -0.375089 0.237464 0.374241
-0.373812 0.263422 0.369061 -0.375071 0.237918 0.374151
-0.373793 0.263912 0.368965 -0.375053 0.238372 0.374062
-0.373774 0.264402 0.368868 -0.375034 0.238826 0.373972
-0.373754 0.264893 0.368771 -0.375016 0.239279 0.373883
-0.373735 0.265383 0.368674 -0.374997 0.239732 0.373794
-0.373716 0.265873 0.368578 -0.374979 0.240184 0.373704
-0.373696 0.266363 0.368481 -0.37496 0.240637 0.373615
-0.373677 0.266853 0.368384 -0.374942 0.241089 0.373526
-0.373657 0.267343 0.368287 -0.374924 0.241542 0.373437
-0.373638 0.267834 0.368191 -0.374905 0.241994 0.373348
-0.373619 0.268324 0.368094 -0.374887 0.242447 0.373258
-0.373599 0.268814 0.367997 -0.374869 0.242899 0.373169
-0.37358 0.269304 0.367901 -0.374851 0.243351 0.37308
-0.373561 0.269794 0.367804 -0.374832 0.243804 0.372991
-0.373541 0.270284 0.367707 -0.374814 0.244256 0.372902
-0.373522 0.270775 0.36761 -0.374796 0.244708 0.372813
-0.373503 0.271265 0.367514 -0.374778 0.24516 0.372724
-0.373483 0.271755 0.367417 -0.374759 0.245611 0.372635
-0.373464 0.272245 0.36732 -0.374741 0.246063 0.372546
-0.373445 0.272735 0.367223 -0.374723 0.246515 0.372457
-0.373425 0.273225 0.367127 -0.374705 0.246967 0.372367
-0.373406 0.273716 0.36703 -0.374687 0.247419 0.372278
-0.373387 0.274206 0.366933 -0.374651 0.248324 0.3721
-0.373367 0.274696 0.366836 -0.374632 0.248777 0.372011
-0.373348 0.275186 0.36674 -0.374614 0.249231 0.371922
-0.373329 0.275676 0.366643 -0.374596 0.249684 0.371832
-0.373309 0.276166 0.366546 -0.374578 0.250138 0.371743
-0.37329 0.276657 0.366449 -0.37456 0.250592 0.371653
-0.373271 0.277147 0.366353 -0.374542 0.251047 0.371564
-0.373251 0.277637 0.366256 -0.374524 0.251502 0.371474
-0.373232 0.278127 0.366159 -0.374506 0.251957 0.371385
-0.373212 0.278617 0.366062 -0.374488 0.252413 0.371295
-0.373193 0.279107 0.365966 -0.37447 0.252869 0.371205
-0.373174 0.279598 0.365869 -0.374452 0.253326 0.371115
-0.373154 0.280088 0.365772 -0.374434 0.253783 0.371025
-0.373135 0.280578 0.365675 -0.374416 0.25424 0.370935
-0.373116 0.281068 0.365579 -0.37438 0.255156 0.370755
-0.373096 0.281558 0.365482 -0.374362 0.255614 0.370665
-0.373077 0.282049 0.365385 -0.374344 0.256073 0.370574
-0.373058 0.282539 0.365288 -0.374326 0.256531 0.370484
-0.373038 0.283029 0.365192 -0.374308 0.25699 0.370394
-0.373019 0.283519 0.365095 -0.37429 0.257449 0.370304
-0.373 0.284009 0.364998 -0.374272 0.257908 0.370213
-0.37298 0.284499 0.364901 -0.374254 0.258366 0.370123
-0.372961 0.28499 0.364805 -0.374236 0.258825 0.370033
-0.372942 0.28548 0.364708 -0.374218 0.259283 0.369943
-0.372922 0.28597 0.364611 -0.3742 0.259742 0.369852
-0.372903 0.28646 0.364514 -0.374182 0.260201 0.369762
-0.372884 0.28695 0.364418 -0.374164 0.26066 0.369672
-0.372864 0.28744 0.364321 -0.374146 0.261119 0.369581
-0.372845 0.287931 0.364224 -0.374128 0.261578 0.369491
-0.372825 0.288421 0.364127 -0.37411 0.262038 0.3694
-0.372806 0.288911 0.364031 -0.374092 0.262498 0.36931
-0.372787 0.289401 0.363934 -0.374074 0.262958 0.369219
-0.372767 0.289891 0.363837 -0.374056 0.263418 0.369129
-0.372748 0.290381 0.363741 -0.374038 0.263879 0.369038
-0.372729 0.290872 0.363644 -0.37402 0.26434 0.368947
-0.372709 0.291362 0.363547 -0.374002 0.264801 0.368857
-0.37269 0.291852 0.36345 -0.373984 0.265262 0.368766
-0.372671 0.292342 0.363354 -0.373966 0.265724 0.368675
-0.372651 0.292832 0.363257 -0.37393 0.266647 0.368493
-0.372632 0.293322 0.36316 -0.373912 0.267109 0.368402
-0.372613 0.293813 0.363063 -0.373894 0.26757 0.368312
-0.372593 0.294303 0.362967 -0.373876 0.268033 0.368221
-0.372574 0.294793 0.36287 -0.373858 0.268495 0.36813
-0.372555 0.295283 0.362773 -0.37384 0.268957 0.368039
-0.372535 0.295773 0.362676 -0.373822 0.26942 0.367948
-0.372516 0.296263 0.36258 -0.373803 0.269883 0.367856
-0.372497 0.296754 0.362483 -0.373785 0.270346 0.367765
-0.372477 0.297244 0.362386 -0.373767 0.270809 0.367674
-0.372458 0.297734 0.362289 -0.373749 0.271272 0.367583
-0.372439 0.298224 0.362193 -0.373731 0.271735 0.367492
-0.372419 0.298714 0.362096 -0.373713 0.272197 0.367401
-0.3724 0.299204 0.361999 -0.373695 0.27266 0.36731
-0.37238 0.299695 0.361902 -0.373676 0.273123 0.367219
-0.372361 0.300185 0.361806 -0.373658 0.273586 0.367128
-0.372342 0.300675 0.361709 -0.37364 0.27405 0.367036
-0.372322 0.301165 0.361612 -0.373622 0.274514 0.366945
-0.372303 0.301655 0.361515 -0.373604 0.274978 0.366854
-0.372284 0.302145 0.361419 -0.373586 0.275442 0.366762
-0.372264 0.302636 0.361322 -0.373567 0.275907 0.366671
-0.372245 0.303126 0.361225 -0.373549 0.276372 0.366579
-0.372226 0.303616 0.361128 -0.373531 0.276838 0.366488
-0.372206 0.304106 0.361032 -0.373513 0.277304 0.366396
-0.372187 0.304596 0.360935 -0.373495 0.27777 0.366304
-0.372168 0.305086 0.360838 -0.373476 0.278236 0.366212
-0.372148 0.305577 0.360741 -0.373458 0.278703 0.366121
-0.372129 0.306067 0.360645 -0.37344 0.27917 0.366029
-0.37211 0.306557 0.360548 -0.373422 0.279637 0.365937
-0.37209 0.307047 0.360451 -0.373385 0.280571 0.365753
-0.372071 0.307537 0.360354 -0.373367 0.281038 0.365661
-0.372052 0.308027 0.360258 -0.373349 0.281506 0.365569
-0.372032 0.308518 0.360161 -0.37333 0.281973 0.365477
-0.372013 0.309008 0.360064 -0.373312 0.282441 0.365385
-0.371993 0.309498 0.359967 -0.373294 0.282909 0.365293
-0.371974 0.309988 0.359871 -0.373276 0.283377 0.365201
-0.371955 0.310478 0.359774 -0.373257 0.283845 0.365109
-0.371935 0.310969 0.359677 -0.373239 0.284313 0.365017
-0.371916 0.311459 0.359581 -0.373221 0.284782 0.364924
-0.371897 0.311949 0.359484 -0.373202 0.28525 0.364832
-0.371877 0.312439 0.359387 -0.373184 0.285719 0.36474
-0.371858 0.312929 0.35929 -0.373166 0.286187 0.364648
-0.371839 0.313419 0.359194 -0.373147 0.286655 0.364556
-0.371819 0.31391 0.359097 -0.373129 0.287123 0.364464
-0.3718 0.3144 0.359 -0.37311 0.28759 0.364372
-0.371781 0.31489 0.358903 -0.373073 0.288525 0.364188
-0.371761 0.31538 0.358807 -0.373055 0.288992 0.364096
-0.371742 0.31587 0.35871 -0.373037 0.28946 0.364004
-0.371723 0.31636 0.358613 -0.373018 0.289927 0.363912
-0.371703 0.316851 0.358516 -0.373 0.290394 0.36382
-0.371684 0.317341 0.35842 -0.372981 0.290862 0.363728
-0.371665 0.317831 0.358323 -0.372963 0.29133 0.363636
-0.371645 0.318321 0.358226 -0.372944 0.291797 0.363543
-0.371626 0.318811 0.358129 -0.372926 0.292265 0.363451
-0.371607 0.319301 0.358033 -0.372907 0.292733 0.363359
-0.371587 0.319792 0.357936 -0.372889 0.293201 0.363267
-0.371568 0.320282 0.357839 -0.37287 0.293669 0.363175
-0.371548 0.320772 0.357742 -0.372852 0.294137 0.363083
-0.371529 0.321262 0.357646 -0.372833 0.294605 0.362991
-0.37151 0.321752 0.357549 -0.372815 0.295074 0.362898
-0.37149 0.322242 0.357452 -0.372797 0.295542 0.362806
-0.371471 0.322733 0.357355 -0.372778 0.296011 0.362714
-0.371452 0.323223 0.357259 -0.37276 0.29648 0.362622
-0.371432 0.323713 0.357162 -0.372741 0.296949 0.362529
-0.371413 0.324203 0.357065 -0.372723 0.297418 0.362437
-0.371394 0.324693 0.356968 -0.372704 0.297887 0.362344
-0.371374 0.325183 0.356872 -0.372686 0.298357 0.362252
-0.371355 0.325674 0.356775 -0.372667 0.298826 0.36216
-0.371336 0.326164 0.356678 -0.372649 0.299296 0.362067
-0.371316 0.326654 0.356581 -0.37263 0.299765 0.361975
-0.371297 0.327144 0.356485 -0.372612 0.300234 0.361882
-0.371278 0.327634 0.356388 -0.372593 0.300703 0.36179
-0.371258 0.328124 0.356291 -0.372574 0.301172 0.361698
-0.371239 0.328615 0.356194 -0.372556 0.301641 0.361605
-0.37122 0.329105 0.356098 -0.372537 0.30211 0.361513
-0.3712 0.329595 0.356001 -0.372519 0.302579 0.36142
-0.371181 0.330085 0.355904 -0.3725 0.303048 0.361328
-0.371162 0.330575 0.355808 -0.372482 0.303518 0.361236
-0.371142 0.331065 0.355711 -0.372463 0.303987 0.361143
-0.371123 0.331556 0.355614 -0.372426 0.304925 0.360958
-0.371103 0.332046 0.355517 -0.372408 0.305395 0.360866
-0.371084 0.332536 0.355421 -0.372389 0.305865 0.360773
-0.371065 0.333026 0.355324 -0.37237 0.306335 0.360681
-0.371045 0.333516 0.355227 -0.372352 0.306805 0.360588
-0.371026 0.334006 0.35513 -0.372333 0.307275 0.360496
-0.371007 0.334497 0.355034 -0.372315 0.307745 0.360403
-0.370987 0.334987 0.354937 -0.372296 0.308216 0.36031
-0.370968 0.335477 0.35484 -0.372278 0.308686 0.360218
-0.370949 0.335967 0.354743 -0.372259 0.309157 0.360125
-0.370929 0.336457 0.354647 -0.37224 0.309628 0.360032
-0.37091 0.336948 0.35455 -0.372222 0.310099 0.35994
-0.370891 0.337438 0.354453 -0.372203 0.310569 0.359847
-0.370871 0.337928 0.354356 -0.372185 0.311041 0.359754
-0.370852 0.338418 0.35426 -0.372166 0.311512 0.359661
-0.370833 0.338908 0.354163 -0.372148 0.311983 0.359569
-0.370813 0.339398 0.354066 -0.372129 0.312454 0.359476
-0.370794 0.339889 0.353969 -0.37211 0.312925 0.359383
-0.370775 0.340379 0.353873 -0.372092 0.313395 0.359291
-0.370755 0.340869 0.353776 -0.372055 0.314337 0.359105
-0.370736 0.341359 0.353679 -0.372036 0.314808 0.359012
-0.370716 0.341849 0.353582 -0.372017 0.315279 0.35892
-0.370697 0.342339 0.353486 -0.371999 0.315751 0.358827
-0.370678 0.34283 0.353389 -0.37198 0.316222 0.358734
-0.370658 0.34332 0.353292 -0.371961 0.316693 0.358641
-0.370639 0.34381 0.353195 -0.371943 0.317165 0.358548
-0.37062 0.3443 0.353099 -0.371924 0.317636 0.358455
-0.3706 0.34479 0.353002 -0.371906 0.318107 0.358363
-0.370581 0.34528 0.352905 -0.371887 0.318579 0.35827
-0.370562 0.345771 0.352808 -0.371868 0.31905 0.358177
-0.370542 0.346261 0.352712 -0.37185 0.319522 0.358084
-0.370523 0.346751 0.352615 -0.371831 0.319993 0.357991
-0.370504 0.347241 0.352518 -0.371812 0.320465 0.357898
-0.370484 0.347731 0.352421 -0.371794 0.320937 0.357805
-0.370465 0.348221 0.352325 -0.371775 0.321408 0.357712
-0.370446 0.348712 0.352228 -0.371756 0.32188 0.35762
-0.370426 0.349202 0.352131 -0.371738 0.322351 0.357527
-0.370407 0.349692 0.352034 -0.371719 0.322821 0.357434
-0.370388 0.350182 0.351938 -0.3717 0.323292 0.357341
-0.370368 0.350672 0.351841 -0.371682 0.323763 0.357249
-0.370349 0.351162 0.351744 -0.371663 0.324234 0.357156
-0.37033 0.351653 0.351648 -0.371644 0.324705 0.357063
-0.37031 0.352143 0.351551 -0.371626 0.325177 0.35697
-0.370291 0.352633 0.351454 -0.371607 0.325648 0.356877
-0.370271 0.353123 0.351357 -0.371588 0.32612 0.356784
-0.370252 0.353613 0.351261 -0.37157 0.326592 0.356691
-0.370233 0.354103 0.351164 -0.371551 0.327064 0.356598
-0.370213 0.354594 0.351067 -0.371532 0.327536 0.356505
-0.370194 0.355084 0.35097 -0.371514 0.328008 0.356412
-0.370175 0.355574 0.350874 -0.371495 0.32848 0.35632
-0.370155 0.356064 0.350777 -0.371476 0.328951 0.356227
-0.370136 0.356554 0.35068 -0.371458 0.329423 0.356134
-0.370117 0.357044 0.350583 -0.371439 0.329895 0.356041
-0.370097 0.357535 0.350487 -0.37142 0.330367 0.355948
-0.370078 0.358025 0.35039 -0.371402 0.330839 0.355855
-0.370059 0.358515 0.350293 -0.371383 0.331311 0.355762
-0.370039 0.359005 0.350196 -0.371364 0.331783 0.355669
-0.37002 0.359495 0.3501 -0.371346 0.332255 0.355576
-0.370001 0.359985 0.350003 -0.371327 0.332727 0.355483
-0.369981 0.360476 0.349906 -0.371308 0.3332 0.35539
-0.370001 0.359985 0.350003 -0.371271 0.334145 0.355204
-0.369981 0.360476 0.349906 -0.371252 0.334618 0.35511
-0.370001 0.359985 0.350003 -0.371234 0.335091 0.355017
-0.369981 0.360476 0.349906 -0.371215 0.335565 0.354924
-0.370001 0.359985 0.350003 -0.371196 0.336038 0.354831
-0.369981 0.360476 0.349906 -0.371178 0.336511 0.354738
-0.370001 0.359985 0.350003 -0.371159 0.336984 0.354644
-0.369981 0.360476 0.349906 -0.37114 0.337456 0.354551
-0.370001 0.359985 0.350003 -0.371121 0.337926 0.354459
-0.369981 0.360476 0.349906 -0.371103 0.338395 0.354366
-0.370001 0.359985 0.350003 -0.371084 0.338862 0.354274
-0.369981 0.360476 0.349906 -0.371065 0.339326 0.354183
-0.370001 0.359985 0.350003 -0.371046 0.339787 0.354091
-0.369981 0.360476 0.349906 -0.371027 0.340245 0.354001
-0.370001 0.359985 0.350003 -0.371008 0.340699 0.353911
-0.369981 0.360476 0.349906 -0.37099 0.341149 0.353822
-0.370001 0.359985 0.350003 -0.370914 0.342905 0.353473
-0.369981 0.360476 0.349906 -0.370895 0.343331 0.353389
-0.370001 0.359985 0.350003 -0.370876 0.343752 0.353305
-0.369981 0.360476 0.349906 -0.370857 0.344168 0.353222
-0.370001 0.359985 0.350003 -0.370839 0.344579 0.35314
-0.369981 0.360476 0.349906 -0.37082 0.344984 0.353059
-0.370001 0.359985 0.350003 -0.370801 0.345383 0.352979
-0.369981 0.360476 0.349906 -0.370783 0.345776 0.3529
-0.370001 0.359985 0.350003 -0.370764 0.346163 0.352823
-0.369981 0.360476 0.349906 -0.370746 0.346544 0.352746
-0.370001 0.359985 0.350003 -0.370728 0.346919 0.352671
-0.369981 0.360476 0.349906 -0.370692 0.347649 0.352524
-0.370001 0.359985 0.350003 -0.370674 0.348004 0.352453
-0.369981 0.360476 0.349906 -0.370657 0.348353 0.352382
-0.370001 0.359985 0.350003 -0.370639 0.348695 0.352313
-0.369981 0.360476 0.349906 -0.370622 0.349031 0.352245
-0.370001 0.359985 0.350003 -0.370605 0.349361 0.352179
-0.369981 0.360476 0.349906 -0.370588 0.349684 0.352113
-0.370001 0.359985 0.350003 -0.370572 0.35 0.352049
-0.369981 0.360476 0.349906 -0.370555 0.350309 0.351986
-0.370001 0.359985 0.350003 -0.370539 0.350612 0.351925
-0.369981 0.360476 0.349906 -0.370523 0.350908 0.351865
-0.370001 0.359985 0.350003 -0.370508 0.351197 0.351806
-0.369981 0.360476 0.349906 -0.370492 0.35148 0.351748
-0.370001 0.359985 0.350003 -0.370477 0.351756 0.351692
-0.369981 0.360476 0.349906 -0.370462 0.352026 0.351637
-0.370001 0.359985 0.350003 -0.370447 0.35229 0.351583
-0.369981 0.360476 0.349906 -0.370433 0.352548 0.351531
-0.370001 0.359985 0.350003 -0.370419 0.3528 0.351479
-0.369981 0.360476 0.349906 -0.370405 0.353046 0.351429
-0.370001 0.359985 0.350003 -0.370391 0.353286 0.35138
-0.369981 0.360476 0.349906 -0.370378 0.353521 0.351332
-0.370001 0.359985 0.350003 -0.370365 0.353749 0.351285
-0.369981 0.360476 0.349906 -0.370352 0.353973 0.351239
-0.370001 0.359985 0.350003 -0.370339 0.35419 0.351195
-0.369981 0.360476 0.349906 -0.370327 0.354402 0.351151
-0.370001 0.359985 0.350003 -0.370315 0.354609 0.351109
-0.369981 0.360476 0.349906 -0.370303 0.35481 0.351067
-0.370001 0.359985 0.350003 -0.370292 0.355006 0.351027
-0.369981 0.360476 0.349906 -0.37028 0.355197 0.350988
-0.370001 0.359985 0.350003 -0.370269 0.355383 0.35095
-0.369981 0.360476 0.349906 -0.370259 0.355563 0.350913
-0.370001 0.359985 0.350003 -0.370238 0.35591 0.350841
-0.369981 0.360476 0.349906 -0.370228 0.356076 0.350807
-0.370001 0.359985 0.350003 -0.370219 0.356237 0.350774
-0.369981 0.360476 0.349906 -0.370209 0.356394 0.350742
-0.370001 0.359985 0.350003 -0.3702 0.356546 0.35071
-0.369981 0.360476 0.349906 -0.370191 0.356694 0.35068
-0.370001 0.359985 0.350003 -0.370183 0.356837 0.35065
-0.369981 0.360476 0.349906 -0.370174 0.356976 0.350622
-0.370001 0.359985 0.350003 -0.370166 0.357111 0.350594
-0.369981 0.360476 0.349906 -0.370158 0.357241 0.350567
-0.370001 0.359985 0.350003 -0.370151 0.357367 0.350541
-0.369981 0.360476 0.349906 -0.370143 0.35749 0.350516
-0.370001 0.359985 0.350003 -0.370136 0.357608 0.350491
-0.369981 0.360476 0.349906 -0.370129 0.357723 0.350468
-0.370001 0.359985 0.350003 -0.370123 0.357834 0.350445
-0.369981 0.360476 0.349906 -0.370116 0.357941 0.350423
-0.370001 0.359985 0.350003 -0.37011 0.358045 0.350401
-0.369981 0.360476 0.349906 -0.370104 0.358145 0.350381
-0.370001 0.359985 0.350003 -0.370098 0.358242 0.350361
-0.369981 0.360476 0.349906 -0.370092 0.358335 0.350341
-0.370001 0.359985 0.350003 -0.370087 0.358424 0.350323
-0.369981 0.360476 0.349906 -0.370082 0.35851 0.350305
-0.370001 0.359985 0.350003 -0.370077 0.358593 0.350288
-0.369981 0.360476 0.349906 -0.370072 0.358672 0.350272
-0.370001 0.359985 0.350003 -0.370067 0.358748 0.350256
-0.369981 0.360476 0.349906 -0.370063 0.358822 0.350241
-0.370001 0.359985 0.350003 -0.370058 0.358892 0.350226
-0.369981 0.360476 0.349906 -0.370054 0.35896 0.350212
-0.370001 0.359985 0.350003 -0.37005 0.359025 0.350199
