-0.399991 -0.399777 0.499956 -0.40001 -0.400268 0.500052
-0.399972 -0.399287 0.499859 -0.40001 -0.400268 0.500052
-0.399953 -0.398797 0.499763 -0.40001 -0.400268 0.500052
-0.399933 -0.398307 0.499666 -0.40001 -0.400267 0.500052
-0.399914 -0.397817 0.499569 -0.40001 -0.400265 0.500052
-0.399894 -0.397327 0.499472 -0.40001 -0.400263 0.500051
-0.399875 -0.396836 0.499376 -0.40001 -0.400261 0.500051
-0.399856 -0.396346 0.499279 -0.400009 -0.400258 0.50005
-0.399836 -0.395856 0.499182 -0.400009 -0.400255 0.50005
-0.399817 -0.395366 0.499085 -0.400009 -0.400251 0.500049
-0.399798 -0.394876 0.498989 -0.400009 -0.40024 0.500047
-0.399778 -0.394386 0.498892 -0.400008 -0.400233 0.500045
-0.399759 -0.393895 0.498795 -0.400008 -0.400224 0.500044
-0.39974 -0.393405 0.498698 -0.400008 -0.400214 0.500042
-0.39972 -0.392915 0.498602 -0.400007 -0.400203 0.50004
-0.399701 -0.392425 0.498505 -0.400007 -0.400191 0.500037
-0.399682 -0.391935 0.498408 -0.400006 -0.400179 0.500035
-0.399662 -0.391444 0.498311 -0.400006 -0.400165 0.500032
-0.399643 -0.390954 0.498215 -0.400005 -0.40015 0.500029
-0.399624 -0.390464 0.498118 -0.400005 -0.400135 0.500026
-0.399604 -0.389974 0.498021 -0.400004 -0.400119 0.500023
-0.399585 -0.389484 0.497924 -0.400003 -0.400102 0.50002
-0.399566 -0.388994 0.497828 -0.400003 -0.400085 0.500016
-0.399546 -0.388503 0.497731 -0.400002 -0.400067 0.500013
-0.399527 -0.388013 0.497634 -0.4 -0.400021 0.500004
-0.399507 -0.387523 0.497537 -0.399999 -0.399987 0.499997
-0.399488 -0.387033 0.497441 -0.399998 -0.399944 0.499989
-0.399469 -0.386543 0.497344 -0.399996 -0.399892 0.499979
-0.399449 -0.386053 0.497247 -0.399994 -0.399831 0.499967
-0.39943 -0.385562 0.49715 -0.399992 -0.39976 0.499954
-0.399411 -0.385072 0.497054 -0.399989 -0.39968 0.499938
-0.399391 -0.384582 0.496957 -0.399986 -0.39959 0.499921
-0.399372 -0.384092 0.49686 -0.399983 -0.399492 0.499902
-0.399353 -0.383602 0.496764 -0.39998 -0.399384 0.499882
-0.399333 -0.383112 0.496667 -0.399976 -0.399268 0.49986
-0.399314 -0.382621 0.49657 -0.399972 -0.399143 0.499836
-0.399295 -0.382131 0.496473 -0.399968 -0.399009 0.49981
-0.399275 -0.381641 0.496377 -0.399963 -0.398866 0.499783
-0.399256 -0.381151 0.49628 -0.399959 -0.398715 0.499754
-0.399237 -0.380661 0.496183 -0.399954 -0.398556 0.499724
-0.399217 -0.380171 0.496086 -0.399949 -0.398388 0.499692
-0.399198 -0.37968 0.49599 -0.399943 -0.398213 0.499659
-0.399179 -0.37919 0.495893 -0.399938 -0.39803 0.499624
-0.399159 -0.3787 0.495796 -0.399932 -0.397839 0.499588
-0.39914 -0.37821 0.495699 -0.399919 -0.397436 0.499511
-0.399121 -0.37772 0.495603 -0.399913 -0.397223 0.499471
-0.399101 -0.37723 0.495506 -0.399906 -0.397002 0.499429
-0.399082 -0.376739 0.495409 -0.399899 -0.396775 0.499386
-0.399062 -0.376249 0.495312 -0.399892 -0.39654 0.499341
-0.399043 -0.375759 0.495216 -0.399885 -0.396299 0.499295
-0.399024 -0.375269 0.495119 -0.399877 -0.396051 0.499248
-0.399004 -0.374779 0.495022 -0.399869 -0.395797 0.4992
-0.398985 -0.374289 0.494925 -0.399861 -0.395536 0.49915
-0.398966 -0.373798 0.494829 -0.399853 -0.39527 0.499099
-0.398946 -0.373308 0.494732 -0.399845 -0.394997 0.499047
-0.398927 -0.372818 0.494635 -0.399836 -0.394718 0.498994
-0.398908 -0.372328 0.494538 -0.399827 -0.394434 0.49894
-0.398888 -0.371838 0.494442 -0.399818 -0.394144 0.498885
-0.398869 -0.371348 0.494345 -0.399809 -0.39385 0.498829
-0.39885 -0.370857 0.494248 -0.3998 -0.393549 0.498772
-0.39883 -0.370367 0.494151 -0.39979 -0.393244 0.498713
-0.398811 -0.369877 0.494055 -0.39978 -0.392934 0.498654
-0.398792 -0.369387 0.493958 -0.39977 -0.392618 0.498594
-0.398772 -0.368897 0.493861 -0.39976 -0.392298 0.498533
-0.398753 -0.368407 0.493764 -0.39975 -0.391973 0.498471
-0.398734 -0.367916 0.493668 -0.399739 -0.391643 0.498408
-0.398714 -0.367426 0.493571 -0.399729 -0.391309 0.498344
-0.398695 -0.366936 0.493474 -0.399718 -0.39097 0.498279
-0.398675 -0.366446 0.493377 -0.399696 -0.390279 0.498147
-0.398656 -0.365956 0.493281 -0.399684 -0.389927 0.498079
-0.398637 -0.365466 0.493184 -0.399673 -0.389571 0.498011
-0.398617 -0.364975 0.493087 -0.399661 -0.389212 0.497942
-0.398598 -0.364485 0.49299 -0.399649 -0.38885 0.497872
-0.398579 -0.363995 0.492894 -0.399637 -0.388483 0.497802
-0.398559 -0.363505 0.492797 -0.399625 -0.388114 0.497731
-0.39854 -0.363015 0.4927 -0.399613 -0.38774 0.497659
-0.398521 -0.362524 0.492604 -0.399601 -0.387363 0.497587
-0.398501 -0.362034 0.492507 -0.399588 -0.386982 0.497514
-0.398482 -0.361544 0.49241 -0.399575 -0.386598 0.49744
-0.398463 -0.361054 0.492313 -0.399562 -0.38621 0.497365
-0.398443 -0.360564 0.492217 -0.399549 -0.385819 0.49729
-0.398424 -0.360074 0.49212 -0.399536 -0.385425 0.497214
-0.398405 -0.359583 0.492023 -0.399523 -0.385028 0.497137
-0.398385 -0.359093 0.491926 -0.399509 -0.384627 0.49706
-0.398366 -0.358603 0.49183 -0.399495 -0.384223 0.496982
-0.398347 -0.358113 0.491733 -0.399482 -0.383817 0.496903
-0.398327 -0.357623 0.491636 -0.399468 -0.383407 0.496824
-0.398308 -0.357133 0.491539 -0.399454 -0.382995 0.496744
-0.398289 -0.356642 0.491443 -0.399439 -0.38258 0.496664
-0.398269 -0.356152 0.491346 -0.399425 -0.382162 0.496583
-0.39825 -0.355662 0.491249 -0.399411 -0.381742 0.496502
-0.39823 -0.355172 0.491152 -0.399396 -0.381319 0.49642
-0.398211 -0.354682 0.491056 -0.399381 -0.380894 0.496338
-0.398192 -0.354192 0.490959 -0.399366 -0.380467 0.496255
-0.398172 -0.353701 0.490862 -0.399351 -0.380037 0.496172
-0.398153 -0.353211 0.490765 -0.399336 -0.379605 0.496088
-0.398134 -0.352721 0.490669 -0.399321 -0.379171 0.496004
-0.398114 -0.352231 0.490572 -0.399306 -0.378735 0.495919
-0.398095 -0.351741 0.490475 -0.39929 -0.378297 0.495834
-0.398076 -0.351251 0.490378 -0.399275 -0.377857 0.495748
-0.398056 -0.35076 0.490282 -0.399259 -0.377415 0.495662
-0.398037 -0.35027 0.490185 -0.399243 -0.376971 0.495576
-0.398018 -0.34978 0.490088 -0.399228 -0.376526 0.49549
-0.397998 -0.34929 0.489991 -0.399212 -0.37608 0.495403
-0.397979 -0.3488 0.489895 -0.399195 -0.375633 0.495316
-0.39796 -0.34831 0.489798 -0.399179 -0.375186 0.495228
-0.39794 -0.347819 0.489701 -0.399163 -0.374737 0.495141
-0.397921 -0.347329 0.489604 -0.399147 -0.374286 0.495053
-0.397902 -0.346839 0.489508 -0.39913 -0.373835 0.494965
-0.397882 -0.346349 0.489411 -0.399114 -0.373382 0.494876
-0.397863 -0.345859 0.489314 -0.399097 -0.372928 0.494788
-0.397843 -0.345369 0.489217 -0.39908 -0.372473 0.494699
-0.397824 -0.344878 0.489121 -0.399063 -0.372017 0.494609
-0.397805 -0.344388 0.489024 -0.399047 -0.37156 0.49452
-0.397785 -0.343898 0.488927 -0.39903 -0.371101 0.49443
-0.397766 -0.343408 0.488831 -0.399013 -0.370641 0.49434
-0.397747 -0.342918 0.488734 -0.398995 -0.370179 0.494249
-0.397727 -0.342428 0.488637 -0.398978 -0.369716 0.494159
-0.397708 -0.341937 0.48854 -0.398961 -0.369252 0.494068
-0.397689 -0.341447 0.488444 -0.398944 -0.368787 0.493977
-0.397669 -0.340957 0.488347 -0.398926 -0.368321 0.493885
-0.39765 -0.340467 0.48825 -0.398909 -0.367854 0.493794
-0.397631 -0.339977 0.488153 -0.398874 -0.366919 0.49361
-0.397611 -0.339487 0.488057 -0.398856 -0.36645 0.493518
-0.397592 -0.338996 0.48796 -0.398838 -0.36598 0.493426
-0.397573 -0.338506 0.487863 -0.39882 -0.36551 0.493333
-0.397553 -0.338016 0.487766 -0.398803 -0.365038 0.493241
-0.397534 -0.337526 0.48767 -0.398785 -0.364567 0.493148
-0.397515 -0.337036 0.487573 -0.398767 -0.364094 0.493055
-0.397495 -0.336546 0.487476 -0.398749 -0.363621 0.492962
-0.397476 -0.336055 0.487379 -0.398731 -0.363148 0.492869
-0.397457 -0.335565 0.487283 -0.398713 -0.362674 0.492776
-0.397437 -0.335075 0.487186 -0.398694 -0.3622 0.492682
-0.397418 -0.334585 0.487089 -0.398676 -0.361725 0.492589
-0.397398 -0.334095 0.486992 -0.398658 -0.36125 0.492495
-0.397379 -0.333604 0.486896 -0.39864 -0.360774 0.492402
-0.39736 -0.333114 0.486799 -0.398621 -0.360298 0.492308
-0.39734 -0.332624 0.486702 -0.398603 -0.359821 0.492214
-0.397321 -0.332134 0.486605 -0.398585 -0.359344 0.49212
-0.397302 -0.331644 0.486509 -0.398566 -0.358867 0.492026
-0.397282 -0.331154 0.486412 -0.398548 -0.358389 0.491931
-0.397263 -0.330663 0.486315 -0.398529 -0.357911 0.491837
-0.397244 -0.330173 0.486218 -0.398511 -0.357432 0.491743
-0.397224 -0.329683 0.486122 -0.398492 -0.356953 0.491648
-0.397205 -0.329193 0.486025 -0.398473 -0.356474 0.491554
-0.397186 -0.328703 0.485928 -0.398455 -0.355995 0.491459
-0.397166 -0.328213 0.485831 -0.398436 -0.355515 0.491364
-0.397147 -0.327722 0.485735 -0.398417 -0.355036 0.49127
-0.397128 -0.327232 0.485638 -0.398399 -0.354557 0.491175
-0.397108 -0.326742 0.485541 -0.39838 -0.354078 0.49108
-0.397089 -0.326252 0.485444 -0.398361 -0.353599 0.490986
-0.39707 -0.325762 0.485348 -0.398342 -0.353119 0.490891
-0.39705 -0.325272 0.485251 -0.398324 -0.352639 0.490796
-0.397031 -0.324781 0.485154 -0.398305 -0.352159 0.490701
-0.397011 -0.324291 0.485057 -0.398286 -0.351678 0.490606
-0.396992 -0.323801 0.484961 -0.398267 -0.351197 0.490511
-0.396973 -0.323311 0.484864 -0.398248 -0.350716 0.490416
-0.396953 -0.322821 0.484767 -0.398229 -0.350234 0.490321
-0.396934 -0.322331 0.484671 -0.39821 -0.349752 0.490225
-0.396915 -0.32184 0.484574 -0.398191 -0.34927 0.49013
-0.396895 -0.32135 0.484477 -0.398172 -0.348788 0.490035
-0.396876 -0.32086 0.48438 -0.398154 -0.348306 0.489939
-0.396857 -0.32037 0.484284 -0.398135 -0.347824 0.489844
-0.396837 -0.31988 0.484187 -0.398116 -0.347343 0.489749
-0.396818 -0.31939 0.48409 -0.398097 -0.346863 0.489654
-0.396799 -0.318899 0.483993 -0.398058 -0.345902 0.489464
-0.396779 -0.318409 0.483897 -0.398039 -0.345422 0.489369
-0.39676 -0.317919 0.4838 -0.39802 -0.344941 0.489273
-0.396741 -0.317429 0.483703 -0.398001 -0.344461 0.489178
-0.396721 -0.316939 0.483606 -0.397982 -0.34398 0.489083
-0.396702 -0.316449 0.48351 -0.397963 -0.343499 0.488988
-0.396683 -0.315958 0.483413 -0.397944 -0.343018 0.488893
-0.396663 -0.315468 0.483316 -0.397925 -0.342537 0.488797
-0.396644 -0.314978 0.483219 -0.397906 -0.342056 0.488702
-0.396625 -0.314488 0.483123 -0.397887 -0.341575 0.488607
-0.396605 -0.313998 0.483026 -0.397868 -0.341094 0.488512
-0.396586 -0.313508 0.482929 -0.397849 -0.340613 0.488416
-0.396566 -0.313017 0.482832 -0.39783 -0.340133 0.488321
-0.396547 -0.312527 0.482736 -0.397811 -0.339654 0.488226
-0.396528 -0.312037 0.482639 -0.397792 -0.339175 0.488132
-0.396508 -0.311547 0.482542 -0.397773 -0.338697 0.488037
-0.396489 -0.311057 0.482445 -0.397754 -0.338219 0.487942
-0.39647 -0.310567 0.482349 -0.397734 -0.337741 0.487847
-0.39645 -0.310076 0.482252 -0.397715 -0.337263 0.487753
-0.396431 -0.309586 0.482155 -0.397696 -0.336785 0.487658
-0.396412 -0.309096 0.482058 -0.397677 -0.336307 0.487563
-0.396392 -0.308606 0.481962 -0.397658 -0.335829 0.487468
-0.396373 -0.308116 0.481865 -0.397639 -0.335351 0.487374
-0.396354 -0.307626 0.481768 -0.39762 -0.334873 0.487279
-0.396334 -0.307135 0.481671 -0.397601 -0.334395 0.487184
-0.396315 -0.306645 0.481575 -0.397563 -0.333439 0.486995
-0.396296 -0.306155 0.481478 -0.397544 -0.332962 0.4869
-0.396276 -0.305665 0.481381 -0.397525 -0.332485 0.486806
-0.396257 -0.305175 0.481284 -0.397506 -0.332008 0.486711
-0.396238 -0.304684 0.481188 -0.397487 -0.331532 0.486617
-0.396218 -0.304194 0.481091 -0.397468 -0.331056 0.486523
-0.396199 -0.303704 0.480994 -0.397449 -0.330579 0.486428
-0.396179 -0.303214 0.480897 -0.39743 -0.330103 0.486334
-0.39616 -0.302724 0.480801 -0.397411 -0.329626 0.486239
-0.396141 -0.302234 0.480704 -0.397392 -0.329149 0.486145
-0.396121 -0.301743 0.480607 -0.397373 -0.328672 0.48605
-0.396102 -0.301253 0.480511 -0.397354 -0.328195 0.485956
-0.396083 -0.300763 0.480414 -0.397335 -0.327718 0.485861
-0.396063 -0.300273 0.480317 -0.397316 -0.32724 0.485767
-0.396044 -0.299783 0.48022 -0.397297 -0.326763 0.485672
-0.396025 -0.299293 0.480124 -0.397278 -0.326285 0.485578
-0.396005 -0.298802 0.480027 -0.397259 -0.325807 0.485483
-0.395986 -0.298312 0.47993 -0.39724 -0.325328 0.485388
-0.395967 -0.297822 0.479833 -0.397222 -0.32485 0.485293
-0.395947 -0.297332 0.479737 -0.397203 -0.324371 0.485199
-0.395928 -0.296842 0.47964 -0.397184 -0.323893 0.485104
-0.395909 -0.296352 0.479543 -0.397165 -0.323414 0.485009
-0.395889 -0.295861 0.479446 -0.397146 -0.322935 0.484915
-0.39587 -0.295371 0.47935 -0.397127 -0.322456 0.48482
-0.395851 -0.294881 0.479253 -0.397108 -0.321977 0.484725
-0.395831 -0.294391 0.479156 -0.397089 -0.321498 0.48463
-0.395812 -0.293901 0.479059 -0.39707 -0.321019 0.484535
-0.395793 -0.293411 0.478963 -0.397051 -0.320539 0.48444
-0.395773 -0.29292 0.478866 -0.397033 -0.32006 0.484346
-0.395754 -0.29243 0.478769 -0.396995 -0.319101 0.484156
-0.395734 -0.29194 0.478672 -0.396976 -0.318622 0.484061
-0.395715 -0.29145 0.478576 -0.396957 -0.318144 0.483966
-0.395696 -0.29096 0.478479 -0.396938 -0.317665 0.483872
-0.395676 -0.29047 0.478382 -0.396919 -0.317187 0.483777
-0.395657 -0.289979 0.478285 -0.3969 -0.316709 0.483682
-0.395638 -0.289489 0.478189 -0.396881 -0.31623 0.483588
-0.395618 -0.288999 0.478092 -0.396863 -0.315753 0.483493
-0.395599 -0.288509 0.477995 -0.396844 -0.315275 0.483399
-0.39558 -0.288019 0.477898 -0.396825 -0.314797 0.483304
-0.39556 -0.287529 0.477802 -0.396806 -0.314319 0.48321
-0.395541 -0.287038 0.477705 -0.396787 -0.313842 0.483115
-0.395522 -0.286548 0.477608 -0.396768 -0.313365 0.483021
-0.395502 -0.286058 0.477511 -0.396749 -0.312887 0.482926
-0.395483 -0.285568 0.477415 -0.396731 -0.31241 0.482832
-0.395464 -0.285078 0.477318 -0.396712 -0.311933 0.482737
-0.395444 -0.284588 0.477221 -0.396693 -0.311456 0.482643
-0.395425 -0.284097 0.477124 -0.396674 -0.31098 0.482549
-0.395406 -0.283607 0.477028 -0.396636 -0.310028 0.48236
-0.395386 -0.283117 0.476931 -0.396618 -0.309553 0.482266
-0.395367 -0.282627 0.476834 -0.39658 -0.308603 0.482078
-0.395348 -0.282137 0.476738 -0.396561 -0.308128 0.481984
-0.395328 -0.281647 0.476641 -0.396542 -0.307655 0.481891
-0.395309 -0.281156 0.476544 -0.396524 -0.307183 0.481797
-0.395289 -0.280666 0.476447 -0.396505 -0.306712 0.481704
-0.39527 -0.280176 0.476351 -0.396486 -0.306242 0.481611
-0.395251 -0.279686 0.476254 -0.396467 -0.305772 0.481518
-0.395231 -0.279196 0.476157 -0.396449 -0.305303 0.481425
-0.395212 -0.278705 0.47606 -0.39643 -0.304834 0.481332
-0.395193 -0.278215 0.475964 -0.396411 -0.304366 0.481239
-0.395173 -0.277725 0.475867 -0.396392 -0.303898 0.481146
-0.395154 -0.277235 0.47577 -0.396374 -0.303431 0.481054
-0.395135 -0.276745 0.475673 -0.396355 -0.302965 0.480961
-0.395115 -0.276255 0.475577 -0.396336 -0.302499 0.480869
-0.395096 -0.275764 0.47548 -0.396318 -0.302034 0.480777
-0.395077 -0.275274 0.475383 -0.396299 -0.301568 0.480684
-0.395057 -0.274784 0.475286 -0.39628 -0.301103 0.480592
-0.395038 -0.274294 0.47519 -0.396262 -0.300639 0.4805
-0.395019 -0.273804 0.475093 -0.396243 -0.300174 0.480408
-0.394999 -0.273314 0.474996 -0.396225 -0.29971 0.480316
-0.39498 -0.272823 0.474899 -0.396206 -0.299247 0.480224
-0.394961 -0.272333 0.474803 -0.396169 -0.298319 0.480041
-0.394941 -0.271843 0.474706 -0.396151 -0.297856 0.479949
-0.394922 -0.271353 0.474609 -0.396132 -0.297392 0.479857
-0.394902 -0.270863 0.474512 -0.396114 -0.296929 0.479765
-0.394883 -0.270373 0.474416 -0.396095 -0.296466 0.479673
-0.394864 -0.269882 0.474319 -0.396077 -0.296002 0.479582
-0.394844 -0.269392 0.474222 -0.396058 -0.295539 0.47949
-0.394825 -0.268902 0.474125 -0.39604 -0.295075 0.479398
-0.394806 -0.268412 0.474029 -0.396021 -0.294612 0.479306
-0.394786 -0.267922 0.473932 -0.396003 -0.294149 0.479215
-0.394767 -0.267432 0.473835 -0.395985 -0.293686 0.479123
-0.394748 -0.266941 0.473738 -0.395966 -0.293223 0.479031
-0.394728 -0.266451 0.473642 -0.395948 -0.29276 0.47894
-0.394709 -0.265961 0.473545 -0.39593 -0.292297 0.478848
-0.39469 -0.265471 0.473448 -0.395911 -0.291835 0.478756
-0.39467 -0.264981 0.473351 -0.395875 -0.29091 0.478573
-0.394651 -0.264491 0.473255 -0.395856 -0.290448 0.478482
-0.394632 -0.264 0.473158 -0.395838 -0.289986 0.478391
-0.394612 -0.26351 0.473061 -0.39582 -0.289524 0.478299
-0.394593 -0.26302 0.472964 -0.395801 -0.289062 0.478208
-0.394574 -0.26253 0.472868 -0.395783 -0.2886 0.478116
-0.394554 -0.26204 0.472771 -0.395765 -0.288138 0.478025
-0.394535 -0.26155 0.472674 -0.395747 -0.287676 0.477933
-0.394516 -0.261059 0.472578 -0.395728 -0.287213 0.477842
-0.394496 -0.260569 0.472481 -0.39571 -0.286751 0.47775
-0.394477 -0.260079 0.472384 -0.395692 -0.286288 0.477659
-0.394457 -0.259589 0.472287 -0.395674 -0.285825 0.477567
-0.394438 -0.259099 0.472191 -0.395655 -0.285362 0.477476
-0.394419 -0.258609 0.472094 -0.395637 -0.284899 0.477384
-0.394399 -0.258118 0.471997 -0.395619 -0.284436 0.477292
-0.39438 -0.257628 0.4719 -0.395601 -0.283972 0.477201
-0.394361 -0.257138 0.471804 -0.395583 -0.283509 0.477109
-0.394341 -0.256648 0.471707 -0.395564 -0.283046 0.477018
-0.394322 -0.256158 0.47161 -0.395528 -0.282119 0.476834
-0.394303 -0.255668 0.471513 -0.39551 -0.281656 0.476743
-0.394283 -0.255177 0.471417 -0.395492 -0.281194 0.476651
-0.394264 -0.254687 0.47132 -0.395473 -0.280733 0.47656
-0.394245 -0.254197 0.471223 -0.395455 -0.280271 0.476469
-0.394225 -0.253707 0.471126 -0.395437 -0.27981 0.476378
-0.394206 -0.253217 0.47103 -0.395419 -0.279348 0.476286
-0.394187 -0.252727 0.470933 -0.395401 -0.278886 0.476195
-0.394167 -0.252236 0.470836 -0.395383 -0.278424 0.476104
-0.394148 -0.251746 0.470739 -0.395364 -0.277962 0.476012
-0.394129 -0.251256 0.470643 -0.395346 -0.2775 0.475921
-0.394109 -0.250766 0.470546 -0.395328 -0.277037 0.475829
-0.39409 -0.250276 0.470449 -0.39531 -0.276574 0.475738
-0.39407 -0.249785 0.470352 -0.395292 -0.276111 0.475646
-0.394051 -0.249295 0.470256 -0.395274 -0.275648 0.475555
-0.394032 -0.248805 0.470159 -0.395256 -0.275184 0.475463
-0.394012 -0.248315 0.470062 -0.395238 -0.274721 0.475371
-0.393993 -0.247825 0.469965 -0.395219 -0.274257 0.47528
-0.393974 -0.247335 0.469869 -0.395201 -0.273793 0.475188
-0.393954 -0.246844 0.469772 -0.395183 -0.27333 0.475097
-0.393935 -0.246354 0.469675 -0.395165 -0.272866 0.475005
-0.393916 -0.245864 0.469578 -0.395147 -0.272402 0.474913
-0.393896 -0.245374 0.469482 -0.395129 -0.271938 0.474822
-0.393877 -0.244884 0.469385 -0.395111 -0.271474 0.47473
-0.393858 -0.244394 0.469288 -0.395093 -0.271009 0.474638
-0.393838 -0.243903 0.469191 -0.395074 -0.270544 0.474546
-0.393819 -0.243413 0.469095 -0.395056 -0.270079 0.474454
-0.3938 -0.242923 0.468998 -0.395038 -0.269615 0.474362
-0.39378 -0.242433 0.468901 -0.39502 -0.26915 0.474271
-0.393761 -0.241943 0.468804 -0.395002 -0.268684 0.474179
-0.393742 -0.241453 0.468708 -0.394966 -0.267753 0.473995
-0.393722 -0.240962 0.468611 -0.394948 -0.267287 0.473903
-0.393703 -0.240472 0.468514 -0.394929 -0.266821 0.47381
-0.393684 -0.239982 0.468418 -0.394911 -0.266355 0.473718
-0.393664 -0.239492 0.468321 -0.394893 -0.265888 0.473626
-0.393645 -0.239002 0.468224 -0.394875 -0.265421 0.473534
-0.393625 -0.238512 0.468127 -0.394857 -0.264954 0.473442
-0.393606 -0.238021 0.468031 -0.394839 -0.264487 0.473349
-0.393587 -0.237531 0.467934 -0.394821 -0.26402 0.473257
-0.393567 -0.237041 0.467837 -0.394802 -0.263552 0.473165
-0.393548 -0.236551 0.46774 -0.394784 -0.263084 0.473072
-0.393529 -0.236061 0.467644 -0.394748 -0.262147 0.472887
-0.393509 -0.235571 0.467547 -0.39473 -0.261678 0.472795
-0.39349 -0.23508 0.46745 -0.394711 -0.261209 0.472702
-0.393471 -0.23459 0.467353 -0.394693 -0.26074 0.472609
-0.393451 -0.2341 0.467257 -0.394675 -0.26027 0.472517
-0.393432 -0.23361 0.46716 -0.394657 -0.2598 0.472424
-0.393413 -0.23312 0.467063 -0.394639 -0.259331 0.472331
-0.393393 -0.23263 0.466966 -0.39462 -0.258861 0.472238
-0.393374 -0.232139 0.46687 -0.394602 -0.258392 0.472146
-0.393355 -0.231649 0.466773 -0.394584 -0.257923 0.472053
-0.393335 -0.231159 0.466676 -0.394566 -0.257455 0.47196
-0.393316 -0.230669 0.466579 -0.394547 -0.256986 0.471868
-0.393297 -0.230179 0.466483 -0.394529 -0.256518 0.471775
-0.393277 -0.229689 0.466386 -0.394511 -0.256049 0.471683
-0.393258 -0.229198 0.466289 -0.394474 -0.255112 0.471498
-0.393238 -0.228708 0.466192 -0.394456 -0.254644 0.471405
-0.393219 -0.228218 0.466096 -0.394438 -0.254175 0.471313
-0.3932 -0.227728 0.465999 -0.39442 -0.253707 0.47122
-0.39318 -0.227238 0.465902 -0.394401 -0.25324 0.471128
-0.393161 -0.226748 0.465805 -0.394383 -0.252772 0.471035
-0.393142 -0.226257 0.465709 -0.394365 -0.252304 0.470943
-0.393122 -0.225767 0.465612 -0.394346 -0.251837 0.47085
-0.393103 -0.225277 0.465515 -0.394328 -0.251371 0.470758
-0.393084 -0.224787 0.465418 -0.39431 -0.250904 0.470666
-0.393064 -0.224297 0.465322 -0.394292 -0.250438 0.470574
-0.393045 -0.223807 0.465225 -0.394273 -0.249971 0.470481
-0.393026 -0.223316 0.465128 -0.394255 -0.249505 0.470389
-0.393006 -0.222826 0.465031 -0.394237 -0.249039 0.470297
-0.392987 -0.222336 0.464935 -0.394218 -0.248573 0.470205
-0.392968 -0.221846 0.464838 -0.3942 -0.248107 0.470113
-0.392948 -0.221356 0.464741 -0.394182 -0.247642 0.470021
-0.392929 -0.220865 0.464645 -0.394163 -0.247176 0.469929
-0.39291 -0.220375 0.464548 -0.394145 -0.24671 0.469837
-0.39289 -0.219885 0.464451 -0.394127 -0.246245 0.469745
-0.392871 -0.219395 0.464354 -0.394109 -0.24578 0.469653
-0.392852 -0.218905 0.464258 -0.39409 -0.245315 0.469561
-0.392832 -0.218415 0.464161 -0.394072 -0.244851 0.469469
-0.392813 -0.217924 0.464064 -0.394054 -0.244386 0.469377
-0.392793 -0.217434 0.463967 -0.394035 -0.243921 0.469285
-0.392774 -0.216944 0.463871 -0.394017 -0.243456 0.469193
-0.392755 -0.216454 0.463774 -0.393999 -0.242991 0.469101
-0.392735 -0.215964 0.463677 -0.393981 -0.242526 0.469009
-0.392716 -0.215474 0.46358 -0.393944 -0.241596 0.468825
-0.392697 -0.214983 0.463484 -0.393926 -0.241131 0.468733
-0.392677 -0.214493 0.463387 -0.393908 -0.240666 0.468641
-0.392658 -0.214003 0.46329 -0.393889 -0.240201 0.468549
-0.392639 -0.213513 0.463193 -0.393871 -0.239736 0.468457
-0.392619 -0.213023 0.463097 -0.393853 -0.23927 0.468365
-0.3926 -0.212533 0.463 -0.393835 -0.238805 0.468273
-0.392581 -0.212042 0.462903 -0.393816 -0.238339 0.468181
-0.392561 -0.211552 0.462806 -0.393798 -0.237874 0.468089
-0.392542 -0.211062 0.46271 -0.39378 -0.237408 0.467997
-0.392523 -0.210572 0.462613 -0.393762 -0.236942 0.467905
-0.392503 -0.210082 0.462516 -0.393743 -0.236476 0.467813
-0.392484 -0.209592 0.462419 -0.393725 -0.23601 0.467721
-0.392465 -0.209101 0.462323 -0.393707 -0.235544 0.467628
-0.392445 -0.208611 0.462226 -0.393689 -0.235077 0.467536
-0.392426 -0.208121 0.462129 -0.39367 -0.234611 0.467444
-0.392406 -0.207631 0.462032 -0.393652 -0.234144 0.467352
-0.392387 -0.207141 0.461936 -0.393634 -0.233677 0.467259
-0.392368 -0.206651 0.461839 -0.393616 -0.23321 0.467167
-0.392348 -0.20616 0.461742 -0.393597 -0.232743 0.467075
-0.392329 -0.20567 0.461645 -0.393579 -0.232276 0.466982
-0.39231 -0.20518 0.461549 -0.393561 -0.231809 0.46689
-0.39229 -0.20469 0.461452 -0.393543 -0.231343 0.466798
-0.392271 -0.2042 0.461355 -0.393524 -0.230877 0.466706
-0.392252 -0.20371 0.461258 -0.393506 -0.230412 0.466614
-0.392232 -0.203219 0.461162 -0.393488 -0.229946 0.466522
-0.392213 -0.202729 0.461065 -0.39347 -0.229481 0.46643
-0.392194 -0.202239 0.460968 -0.393451 -0.229016 0.466338
-0.392174 -0.201749 0.460871 -0.393433 -0.22855 0.466246
-0.392155 -0.201259 0.460775 -0.393415 -0.228085 0.466154
-0.392136 -0.200769 0.460678 -0.393378 -0.227153 0.465969
-0.392116 -0.200278 0.460581 -0.39336 -0.226686 0.465877
-0.392097 -0.199788 0.460485 -0.393342 -0.22622 0.465785
-0.392078 -0.199298 0.460388 -0.393324 -0.225753 0.465693
-0.392058 -0.198808 0.460291 -0.393305 -0.225285 0.4656
-0.392039 -0.198318 0.460194 -0.393287 -0.224818 0.465508
-0.39202 -0.197828 0.460098 -0.393269 -0.22435 0.465415
-0.392 -0.197337 0.460001 -0.393251 -0.223882 0.465323
-0.391981 -0.196847 0.459904 -0.393232 -0.223413 0.46523
-0.391961 -0.196357 0.459807 -0.393214 -0.222945 0.465138
-0.391942 -0.195867 0.459711 -0.393196 -0.222477 0.465045
-0.391923 -0.195377 0.459614 -0.393178 -0.222008 0.464952
-0.391903 -0.194886 0.459517 -0.393159 -0.221539 0.46486
-0.391884 -0.194396 0.45942 -0.393141 -0.22107 0.464767
-0.391865 -0.193906 0.459324 -0.393123 -0.220601 0.464674
-0.391845 -0.193416 0.459227 -0.393105 -0.220132 0.464582
-0.391826 -0.192926 0.45913 -0.393086 -0.219663 0.464489
-0.391807 -0.192436 0.459033 -0.393068 -0.219194 0.464396
-0.391787 -0.191945 0.458937 -0.39305 -0.218726 0.464304
-0.391768 -0.191455 0.45884 -0.393032 -0.218257 0.464211
-0.391749 -0.190965 0.458743 -0.393013 -0.217788 0.464118
-0.391729 -0.190475 0.458646 -0.392995 -0.21732 0.464026
-0.39171 -0.189985 0.45855 -0.392977 -0.216851 0.463933
-0.391691 -0.189495 0.458453 -0.392959 -0.216382 0.46384
-0.391671 -0.189004 0.458356 -0.39294 -0.215913 0.463748
-0.391652 -0.188514 0.458259 -0.392922 -0.215444 0.463655
-0.391633 -0.188024 0.458163 -0.392885 -0.214507 0.463469
-0.391613 -0.187534 0.458066 -0.392867 -0.214037 0.463377
-0.391594 -0.187044 0.457969 -0.392849 -0.213568 0.463284
-0.391574 -0.186554 0.457872 -0.39283 -0.213098 0.463191
-0.391555 -0.186063 0.457776 -0.392812 -0.212628 0.463098
-0.391536 -0.185573 0.457679 -0.392794 -0.212158 0.463005
-0.391516 -0.185083 0.457582 -0.392776 -0.211688 0.462912
-0.391497 -0.184593 0.457485 -0.392757 -0.211218 0.46282
-0.391478 -0.184103 0.457389 -0.392739 -0.210749 0.462727
-0.391458 -0.183613 0.457292 -0.392721 -0.210279 0.462634
-0.391439 -0.183122 0.457195 -0.392702 -0.20981 0.462541
-0.39142 -0.182632 0.457098 -0.392684 -0.20934 0.462448
-0.3914 -0.182142 0.457002 -0.392666 -0.208871 0.462355
-0.391381 -0.181652 0.456905 -0.392647 -0.208402 0.462263
-0.391362 -0.181162 0.456808 -0.392629 -0.207933 0.46217
-0.391342 -0.180672 0.456711 -0.392611 -0.207463 0.462077
-0.391323 -0.180181 0.456615 -0.392592 -0.206993 0.461984
-0.391304 -0.179691 0.456518 -0.392574 -0.206523 0.461891
-0.391284 -0.179201 0.456421 -0.392556 -0.206053 0.461798
-0.391265 -0.178711 0.456325 -0.392537 -0.205582 0.461705
-0.391246 -0.178221 0.456228 -0.392501 -0.204638 0.461519
-0.391226 -0.177731 0.456131 -0.392482 -0.204166 0.461425
-0.391207 -0.17724 0.456034 -0.392464 -0.203693 0.461332
-0.391188 -0.17675 0.455938 -0.392446 -0.203221 0.461238
-0.391168 -0.17626 0.455841 -0.392427 -0.202748 0.461145
-0.391149 -0.17577 0.455744 -0.392409 -0.202274 0.461051
-0.391129 -0.17528 0.455647 -0.39239 -0.201801 0.460958
-0.39111 -0.17479 0.455551 -0.392372 -0.201328 0.460864
-0.391091 -0.174299 0.455454 -0.392354 -0.200855 0.460771
-0.391071 -0.173809 0.455357 -0.392335 -0.200382 0.460677
-0.391052 -0.173319 0.45526 -0.392317 -0.199909 0.460584
-0.391033 -0.172829 0.455164 -0.392299 -0.199436 0.46049
-0.391013 -0.172339 0.455067 -0.39228 -0.198963 0.460397
-0.390994 -0.171849 0.45497 -0.392262 -0.198491 0.460304
-0.390975 -0.171358 0.454873 -0.392243 -0.198018 0.46021
-0.390955 -0.170868 0.454777 -0.392225 -0.197546 0.460117
-0.390936 -0.170378 0.45468 -0.392207 -0.197074 0.460023
-0.390917 -0.169888 0.454583 -0.392188 -0.196601 0.45993
-0.390897 -0.169398 0.454486 -0.39217 -0.196129 0.459837
-0.390878 -0.168908 0.45439 -0.392151 -0.195656 0.459743
-0.390859 -0.168417 0.454293 -0.392133 -0.195184 0.45965
-0.390839 -0.167927 0.454196 -0.392114 -0.194712 0.459556
-0.39082 -0.167437 0.454099 -0.392096 -0.194239 0.459463
-0.390801 -0.166947 0.454003 -0.392077 -0.193767 0.45937
-0.390781 -0.166457 0.453906 -0.392059 -0.193295 0.459276
-0.390762 -0.165966 0.453809 -0.392041 -0.192823 0.459183
-0.390742 -0.165476 0.453712 -0.392022 -0.192351 0.45909
-0.390723 -0.164986 0.453616 -0.392004 -0.191879 0.458996
-0.390704 -0.164496 0.453519 -0.391985 -0.191407 0.458903
-0.390684 -0.164006 0.453422 -0.391967 -0.190934 0.458809
-0.390665 -0.163516 0.453325 -0.391948 -0.190461 0.458716
-0.390646 -0.163025 0.453229 -0.39193 -0.189988 0.458622
-0.390626 -0.162535 0.453132 -0.391911 -0.189516 0.458529
-0.390607 -0.162045 0.453035 -0.391874 -0.18857 0.458342
-0.390588 -0.161555 0.452938 -0.391856 -0.188097 0.458248
-0.390568 -0.161065 0.452842 -0.391837 -0.187625 0.458155
-0.390549 -0.160575 0.452745 -0.391819 -0.187152 0.458061
-0.39053 -0.160084 0.452648 -0.391801 -0.186679 0.457968
-0.39051 -0.159594 0.452552 -0.391782 -0.186206 0.457874
-0.390491 -0.159104 0.452455 -0.391764 -0.185733 0.457781
-0.390472 -0.158614 0.452358 -0.391745 -0.185259 0.457687
-0.390452 -0.158124 0.452261 -0.391727 -0.184786 0.457594
-0.390433 -0.157634 0.452165 -0.391708 -0.184313 0.4575
-0.390414 -0.157143 0.452068 -0.39169 -0.183839 0.457406
-0.390394 -0.156653 0.451971 -0.391671 -0.183365 0.457313
-0.390375 -0.156163 0.451874 -0.391653 -0.182892 0.457219
-0.390356 -0.155673 0.451778 -0.391634 -0.182418 0.457125
-0.390336 -0.155183 0.451681 -0.391616 -0.181944 0.457032
-0.390317 -0.154693 0.451584 -0.391597 -0.18147 0.456938
-0.390297 -0.154202 0.451487 -0.391579 -0.180997 0.456844
-0.390278 -0.153712 0.451391 -0.39156 -0.180523 0.456751
-0.390259 -0.153222 0.451294 -0.391542 -0.18005 0.456657
-0.390239 -0.152732 0.451197 -0.391523 -0.179577 0.456564
-0.39022 -0.152242 0.4511 -0.391505 -0.179104 0.45647
-0.390201 -0.151752 0.451004 -0.391486 -0.178631 0.456376
-0.390181 -0.151261 0.450907 -0.391468 -0.178157 0.456283
-0.390162 -0.150771 0.45081 -0.391449 -0.177683 0.456189
-0.390143 -0.150281 0.450713 -0.391431 -0.177209 0.456095
-0.390123 -0.149791 0.450617 -0.391412 -0.176735 0.456001
-0.390104 -0.149301 0.45052 -0.391394 -0.17626 0.455908
-0.390085 -0.148811 0.450423 -0.391357 -0.17531 0.45572
-0.390065 -0.14832 0.450326 -0.391338 -0.174835 0.455626
-0.390046 -0.14783 0.45023 -0.39132 -0.174359 0.455532
-0.390027 -0.14734 0.450133 -0.391301 -0.173883 0.455438
-0.390007 -0.14685 0.450036 -0.391283 -0.173408 0.455344
-0.389988 -0.14636 0.449939 -0.391264 -0.172933 0.45525
-0.389969 -0.14587 0.449843 -0.391246 -0.172459 0.455156
-0.389949 -0.145379 0.449746 -0.391227 -0.171985 0.455062
-0.38993 -0.144889 0.449649 -0.391208 -0.171511 0.454968
-0.38991 -0.144399 0.449552 -0.39119 -0.171037 0.454875
-0.389891 -0.143909 0.449456 -0.391171 -0.170564 0.454781
-0.389872 -0.143419 0.449359 -0.391153 -0.17009 0.454687
-0.389852 -0.142929 0.449262 -0.391134 -0.169616 0.454594
-0.389833 -0.142438 0.449165 -0.391116 -0.169143 0.4545
-0.389814 -0.141948 0.449069 -0.391097 -0.168669 0.454406
-0.389794 -0.141458 0.448972 -0.391079 -0.168195 0.454313
-0.389775 -0.140968 0.448875 -0.39106 -0.167721 0.454219
-0.389756 -0.140478 0.448778 -0.391041 -0.167247 0.454125
-0.389736 -0.139988 0.448682 -0.391023 -0.166773 0.454031
-0.389717 -0.139497 0.448585 -0.391004 -0.166299 0.453938
-0.389698 -0.139007 0.448488 -0.390986 -0.165825 0.453844
-0.389678 -0.138517 0.448392 -0.390967 -0.165351 0.45375
-0.389659 -0.138027 0.448295 -0.390949 -0.164878 0.453657
-0.38964 -0.137537 0.448198 -0.39093 -0.164404 0.453563
-0.38962 -0.137046 0.448101 -0.390912 -0.163931 0.453469
-0.389601 -0.136556 0.448005 -0.390893 -0.163458 0.453376
-0.389582 -0.136066 0.447908 -0.390856 -0.162513 0.453189
-0.389562 -0.135576 0.447811 -0.390819 -0.161567 0.453002
-0.389543 -0.135086 0.447714 -0.3908 -0.161094 0.452908
-0.389524 -0.134596 0.447618 -0.390782 -0.160622 0.452815
-0.389504 -0.134105 0.447521 -0.390763 -0.160149 0.452721
-0.389485 -0.133615 0.447424 -0.390744 -0.159676 0.452628
-0.389465 -0.133125 0.447327 -0.390726 -0.159203 0.452534
-0.389446 -0.132635 0.447231 -0.390707 -0.15873 0.45244
-0.389427 -0.132145 0.447134 -0.390689 -0.158258 0.452347
-0.389407 -0.131655 0.447037 -0.39067 -0.157786 0.452254
-0.389388 -0.131164 0.44694 -0.390652 -0.157314 0.45216
-0.389369 -0.130674 0.446844 -0.390633 -0.156843 0.452067
-0.389349 -0.130184 0.446747 -0.390615 -0.156372 0.451974
-0.38933 -0.129694 0.44665 -0.390596 -0.155902 0.451881
-0.389311 -0.129204 0.446553 -0.390577 -0.155432 0.451788
-0.389291 -0.128714 0.446457 -0.390559 -0.154963 0.451695
-0.389272 -0.128223 0.44636 -0.39054 -0.154493 0.451602
-0.389253 -0.127733 0.446263 -0.390522 -0.154025 0.451509
-0.389233 -0.127243 0.446166 -0.390503 -0.153556 0.451417
-0.389214 -0.126753 0.44607 -0.390485 -0.153087 0.451324
-0.389195 -0.126263 0.445973 -0.390466 -0.152619 0.451231
-0.389175 -0.125773 0.445876 -0.390447 -0.152152 0.451139
-0.389156 -0.125282 0.445779 -0.390429 -0.151684 0.451046
-0.389137 -0.124792 0.445683 -0.39041 -0.151218 0.450954
-0.389117 -0.124302 0.445586 -0.390392 -0.150751 0.450862
-0.389098 -0.123812 0.445489 -0.390373 -0.150285 0.450769
-0.389078 -0.123322 0.445392 -0.390355 -0.149819 0.450677
-0.389059 -0.122832 0.445296 -0.390336 -0.149353 0.450585
-0.38904 -0.122341 0.445199 -0.390318 -0.148887 0.450493
-0.38902 -0.121851 0.445102 -0.390299 -0.148422 0.4504
-0.389001 -0.121361 0.445005 -0.390244 -0.147025 0.450124
-0.388982 -0.120871 0.444909 -0.390225 -0.14656 0.450032
-0.388962 -0.120381 0.444812 -0.390207 -0.146094 0.44994
-0.388943 -0.119891 0.444715 -0.390189 -0.145629 0.449848
-0.388924 -0.1194 0.444618 -0.39017 -0.145164 0.449756
-0.388904 -0.11891 0.444522 -0.390152 -0.144699 0.449664
-0.388885 -0.11842 0.444425 -0.390133 -0.144234 0.449572
-0.388866 -0.11793 0.444328 -0.390115 -0.14377 0.44948
-0.388846 -0.11744 0.444232 -0.390096 -0.143306 0.449388
-0.388827 -0.11695 0.444135 -0.390078 -0.142843 0.449296
-0.388808 -0.116459 0.444038 -0.39006 -0.14238 0.449205
-0.388788 -0.115969 0.443941 -0.390041 -0.141917 0.449113
-0.388769 -0.115479 0.443845 -0.390023 -0.141455 0.449022
-0.38875 -0.114989 0.443748 -0.390005 -0.140994 0.44893
-0.38873 -0.114499 0.443651 -0.389968 -0.140072 0.448748
-0.388711 -0.114009 0.443554 -0.389949 -0.139612 0.448657
-0.388692 -0.113518 0.443458 -0.389931 -0.139152 0.448566
-0.388672 -0.113028 0.443361 -0.389913 -0.138692 0.448475
-0.388653 -0.112538 0.443264 -0.389894 -0.138233 0.448384
-0.388633 -0.112048 0.443167 -0.389876 -0.137774 0.448293
-0.388614 -0.111558 0.443071 -0.389858 -0.137316 0.448203
-0.388595 -0.111067 0.442974 -0.389839 -0.136859 0.448112
-0.388575 -0.110577 0.442877 -0.389821 -0.136402 0.448021
-0.388556 -0.110087 0.44278 -0.389803 -0.135945 0.447931
-0.388537 -0.109597 0.442684 -0.389785 -0.135488 0.447841
-0.388517 -0.109107 0.442587 -0.389766 -0.135031 0.44775
-0.388498 -0.108617 0.44249 -0.389748 -0.134574 0.44766
-0.388479 -0.108126 0.442393 -0.38973 -0.134117 0.447569
-0.388459 -0.107636 0.442297 -0.389712 -0.133659 0.447479
-0.38844 -0.107146 0.4422 -0.389694 -0.133202 0.447388
-0.388421 -0.106656 0.442103 -0.389675 -0.132744 0.447298
-0.388401 -0.106166 0.442006 -0.389657 -0.132286 0.447207
-0.388382 -0.105676 0.44191 -0.389639 -0.131828 0.447116
-0.388363 -0.105185 0.441813 -0.389621 -0.13137 0.447026
-0.388343 -0.104695 0.441716 -0.389603 -0.130911 0.446935
-0.388324 -0.104205 0.441619 -0.389585 -0.130453 0.446844
-0.388305 -0.103715 0.441523 -0.389567 -0.129994 0.446753
-0.388285 -0.103225 0.441426 -0.389549 -0.129535 0.446663
-0.388266 -0.102735 0.441329 -0.389531 -0.129076 0.446572
-0.388246 -0.102244 0.441232 -0.389513 -0.128617 0.446481
-0.388227 -0.101754 0.441136 -0.389495 -0.128157 0.44639
-0.388208 -0.101264 0.441039 -0.389476 -0.127698 0.446299
-0.388188 -0.100774 0.440942 -0.389458 -0.127238 0.446208
-0.388169 -0.100284 0.440845 -0.38944 -0.126779 0.446118
-0.38815 -0.0997936 0.440749 -0.389422 -0.126319 0.446027
-0.38813 -0.0993034 0.440652 -0.389404 -0.125859 0.445936
-0.388111 -0.0988133 0.440555 -0.389386 -0.125399 0.445845
-0.388092 -0.0983231 0.440459 -0.389368 -0.124938 0.445753
-0.388072 -0.0978329 0.440362 -0.389332 -0.124016 0.445571
-0.388053 -0.0973427 0.440265 -0.389314 -0.123555 0.44548
-0.388034 -0.0968526 0.440168 -0.389296 -0.123094 0.445389
-0.388014 -0.0963624 0.440072 -0.389278 -0.122633 0.445298
-0.387995 -0.0958722 0.439975 -0.38926 -0.122173 0.445207
-0.387976 -0.0953821 0.439878 -0.389242 -0.121713 0.445116
-0.387956 -0.0948919 0.439781 -0.389224 -0.121253 0.445025
-0.387937 -0.0944017 0.439685 -0.389206 -0.120792 0.444934
-0.387918 -0.0939116 0.439588 -0.389188 -0.120331 0.444842
-0.387898 -0.0934214 0.439491 -0.38917 -0.11987 0.444751
-0.387879 -0.0929312 0.439394 -0.389152 -0.119408 0.44466
-0.38786 -0.0924411 0.439298 -0.389134 -0.118946 0.444568
-0.38784 -0.0919509 0.439201 -0.389116 -0.118483 0.444477
-0.387821 -0.0914607 0.439104 -0.389098 -0.118019 0.444385
-0.387801 -0.0909705 0.439007 -0.38908 -0.117555 0.444294
-0.387782 -0.0904804 0.438911 -0.389062 -0.117091 0.444202
-0.387763 -0.0899902 0.438814 -0.389044 -0.116626 0.44411
-0.387743 -0.0895 0.438717 -0.389026 -0.116161 0.444018
-0.387724 -0.0890099 0.43862 -0.389008 -0.115696 0.443926
-0.387705 -0.0885197 0.438524 -0.38899 -0.115231 0.443834
-0.387685 -0.0880295 0.438427 -0.388972 -0.114767 0.443742
-0.387666 -0.0875394 0.43833 -0.388954 -0.114303 0.44365
-0.387647 -0.0870492 0.438233 -0.388936 -0.113838 0.443559
-0.387627 -0.086559 0.438137 -0.388918 -0.113373 0.443467
-0.387608 -0.0860688 0.43804 -0.3889 -0.112908 0.443375
-0.387589 -0.0855787 0.437943 -0.388882 -0.112442 0.443283
-0.387569 -0.0850885 0.437846 -0.388864 -0.111976 0.44319
-0.38755 -0.0845983 0.43775 -0.388846 -0.111509 0.443098
-0.387531 -0.0841082 0.437653 -0.388828 -0.111042 0.443006
-0.387511 -0.083618 0.437556 -0.38881 -0.110575 0.442913
-0.387492 -0.0831278 0.437459 -0.388774 -0.109639 0.442729
-0.387473 -0.0826377 0.437363 -0.388756 -0.109171 0.442636
-0.387453 -0.0821475 0.437266 -0.388738 -0.108703 0.442543
-0.387434 -0.0816573 0.437169 -0.38872 -0.108234 0.442451
-0.387414 -0.0811672 0.437072 -0.388702 -0.107765 0.442358
-0.387395 -0.080677 0.436976 -0.388684 -0.107296 0.442265
-0.387376 -0.0801868 0.436879 -0.388666 -0.106826 0.442173
-0.387356 -0.0796966 0.436782 -0.388648 -0.106356 0.44208
-0.387337 -0.0792065 0.436685 -0.388629 -0.105886 0.441987
-0.387318 -0.0787163 0.436589 -0.388611 -0.105415 0.441894
-0.387298 -0.0782261 0.436492 -0.388593 -0.104944 0.441801
-0.387279 -0.077736 0.436395 -0.388575 -0.104473 0.441707
-0.38726 -0.0772458 0.436299 -0.388557 -0.104002 0.441614
-0.38724 -0.0767556 0.436202 -0.388539 -0.10353 0.441521
-0.387221 -0.0762655 0.436105 -0.388521 -0.103058 0.441428
-0.387202 -0.0757753 0.436008 -0.388502 -0.102586 0.441334
-0.387182 -0.0752851 0.435912 -0.388484 -0.102113 0.441241
-0.387163 -0.0747949 0.435815 -0.388466 -0.101642 0.441148
-0.387144 -0.0743048 0.435718 -0.388448 -0.10117 0.441054
-0.387124 -0.0738146 0.435621 -0.38843 -0.100698 0.440961
-0.387105 -0.0733244 0.435525 -0.388411 -0.100225 0.440868
-0.387086 -0.0728343 0.435428 -0.388393 -0.0997529 0.440774
-0.387066 -0.0723441 0.435331 -0.388375 -0.0992801 0.440681
-0.387047 -0.0718539 0.435234 -0.388356 -0.0988069 0.440587
-0.387028 -0.0713638 0.435138 -0.388338 -0.0983335 0.440494
-0.387008 -0.0708736 0.435041 -0.38832 -0.0978598 0.4404
-0.386989 -0.0703834 0.434944 -0.388228 -0.0954873 0.439931
-0.386969 -0.0698933 0.434847 -0.38821 -0.0950123 0.439837
-0.38695 -0.0694031 0.434751 -0.388173 -0.0940621 0.439649
-0.386931 -0.0689129 0.434654 -0.388155 -0.0935877 0.439556
-0.386911 -0.0684227 0.434557 -0.388136 -0.0931144 0.439462
-0.386892 -0.0679326 0.43446 -0.388118 -0.0926428 0.439369
-0.386873 -0.0674424 0.434364 -0.388099 -0.0921733 0.439276
-0.386853 -0.0669522 0.434267 -0.388081 -0.0917058 0.439183
-0.386834 -0.0664621 0.43417 -0.388062 -0.0912401 0.439091
-0.386815 -0.0659719 0.434073 -0.388044 -0.0907762 0.438999
-0.386795 -0.0654817 0.433977 -0.388025 -0.0903139 0.438908
-0.386776 -0.0649916 0.43388 -0.388007 -0.089853 0.438817
-0.386757 -0.0645014 0.433783 -0.387988 -0.0893935 0.438726
-0.386737 -0.0640112 0.433686 -0.387969 -0.0889353 0.438635
-0.386718 -0.063521 0.43359 -0.387951 -0.0884783 0.438545
-0.386699 -0.0630309 0.433493 -0.387932 -0.0880224 0.438455
-0.386679 -0.0625407 0.433396 -0.387914 -0.0875677 0.438365
-0.38666 -0.0620505 0.433299 -0.387895 -0.0871142 0.438275
-0.386641 -0.0615604 0.433203 -0.387876 -0.086662 0.438185
-0.386621 -0.0610702 0.433106 -0.387858 -0.0862107 0.438096
-0.386602 -0.06058 0.433009 -0.387839 -0.0857602 0.438007
-0.386582 -0.0600899 0.432912 -0.387821 -0.0853103 0.437918
-0.386563 -0.0595997 0.432816 -0.387802 -0.0848609 0.437829
-0.386544 -0.0591095 0.432719 -0.387784 -0.0844119 0.43774
-0.386524 -0.0586194 0.432622 -0.387765 -0.0839634 0.437651
-0.386505 -0.0581292 0.432525 -0.387747 -0.0835154 0.437562
-0.386486 -0.057639 0.432429 -0.387729 -0.0830679 0.437474
-0.386466 -0.0571488 0.432332 -0.387692 -0.0821739 0.437297
-0.386447 -0.0566587 0.432235 -0.387674 -0.0817273 0.437209
-0.386428 -0.0561685 0.432139 -0.387655 -0.081281 0.43712
-0.386408 -0.0556783 0.432042 -0.387637 -0.0808348 0.437032
-0.386389 -0.0551882 0.431945 -0.387619 -0.0803889 0.436944
-0.38637 -0.054698 0.431848 -0.387601 -0.0799433 0.436855
-0.38635 -0.0542078 0.431752 -0.387582 -0.0794981 0.436767
-0.386331 -0.0537177 0.431655 -0.387564 -0.079053 0.436679
-0.386312 -0.0532275 0.431558 -0.387546 -0.0786081 0.436591
-0.386292 -0.0527373 0.431461 -0.387528 -0.0781631 0.436503
-0.386273 -0.0522471 0.431365 -0.38751 -0.0777181 0.436415
-0.386254 -0.051757 0.431268 -0.387492 -0.0772729 0.436327
-0.386234 -0.0512668 0.431171 -0.387474 -0.0768275 0.436239
-0.386215 -0.0507766 0.431074 -0.387456 -0.0763819 0.436151
-0.386196 -0.0502865 0.430978 -0.387438 -0.0759359 0.436063
-0.386176 -0.0497963 0.430881 -0.38742 -0.0754896 0.435974
-0.386157 -0.0493061 0.430784 -0.387402 -0.0750429 0.435886
-0.386137 -0.048816 0.430687 -0.387385 -0.0745956 0.435797
-0.386118 -0.0483258 0.430591 -0.387367 -0.0741479 0.435709
-0.386099 -0.0478356 0.430494 -0.387349 -0.0736997 0.43562
-0.386079 -0.0473455 0.430397 -0.387331 -0.0732512 0.435532
-0.38606 -0.0468553 0.4303 -0.387313 -0.0728025 0.435443
-0.386041 -0.0463651 0.430204 -0.387296 -0.0723536 0.435354
-0.386021 -0.0458749 0.430107 -0.387278 -0.0719046 0.435265
-0.386002 -0.0453848 0.43001 -0.38726 -0.0714553 0.435176
-0.385983 -0.0448946 0.429913 -0.387242 -0.0710057 0.435088
-0.385963 -0.0444044 0.429817 -0.387225 -0.0705558 0.434999
-0.385944 -0.0439143 0.42972 -0.387207 -0.0701056 0.43491
-0.385925 -0.0434241 0.429623 -0.387189 -0.0696551 0.43482
-0.385905 -0.0429339 0.429526 -0.387172 -0.069204 0.434731
-0.385886 -0.0424438 0.42943 -0.387136 -0.0683007 0.434553
-0.385867 -0.0419536 0.429333 -0.387119 -0.0678482 0.434463
-0.385847 -0.0414634 0.429236 -0.387101 -0.0673953 0.434374
-0.385828 -0.0409732 0.429139 -0.387083 -0.0669419 0.434284
-0.385809 -0.0404831 0.429043 -0.387066 -0.0664881 0.434194
-0.385789 -0.0399929 0.428946 -0.387048 -0.0660338 0.434104
-0.38577 -0.0395027 0.428849 -0.38703 -0.0655791 0.434015
-0.38575 -0.0390126 0.428752 -0.387013 -0.065124 0.433925
-0.385731 -0.0385224 0.428656 -0.386995 -0.0646686 0.433835
-0.385712 -0.0380322 0.428559 -0.386977 -0.0642128 0.433745
-0.385692 -0.0375421 0.428462 -0.38696 -0.0637565 0.433654
-0.385673 -0.0370519 0.428366 -0.386942 -0.0632998 0.433564
-0.385654 -0.0365617 0.428269 -0.386925 -0.0628427 0.433474
-0.385634 -0.0360715 0.428172 -0.386907 -0.062385 0.433383
-0.385615 -0.0355814 0.428075 -0.386819 -0.060089 0.432929
-0.385596 -0.0350912 0.427979 -0.386801 -0.0596281 0.432838
-0.385576 -0.034601 0.427882 -0.386766 -0.0587068 0.432656
-0.385557 -0.0341109 0.427785 -0.386748 -0.0582474 0.432565
-0.385538 -0.0336207 0.427688 -0.38673 -0.0577896 0.432475
-0.385518 -0.0331305 0.427592 -0.386712 -0.0573333 0.432385
-0.385499 -0.0326404 0.427495 -0.386695 -0.0568785 0.432295
-0.38548 -0.0321502 0.427398 -0.386677 -0.0564252 0.432205
-0.38546 -0.03166 0.427301 -0.386659 -0.0559735 0.432116
-0.385441 -0.0311699 0.427205 -0.386641 -0.0555233 0.432027
-0.385422 -0.0306797 0.427108 -0.386623 -0.0550743 0.431938
-0.385402 -0.0301895 0.427011 -0.386605 -0.0546266 0.43185
-0.385383 -0.0296993 0.426914 -0.386587 -0.0541799 0.431761
-0.385364 -0.0292092 0.426818 -0.386569 -0.0537342 0.431673
-0.385344 -0.028719 0.426721 -0.386551 -0.0532893 0.431585
-0.385325 -0.0282288 0.426624 -0.386533 -0.0528452 0.431497
-0.385305 -0.0277387 0.426527 -0.386515 -0.0524018 0.43141
-0.385286 -0.0272485 0.426431 -0.386497 -0.0519589 0.431322
-0.385267 -0.0267583 0.426334 -0.38648 -0.0515165 0.431235
-0.385247 -0.0262682 0.426237 -0.386462 -0.0510745 0.431147
-0.385228 -0.025778 0.42614 -0.386444 -0.0506328 0.43106
-0.385209 -0.0252878 0.426044 -0.386426 -0.0501915 0.430973
-0.385189 -0.0247976 0.425947 -0.386408 -0.0497503 0.430885
-0.38517 -0.0243075 0.42585 -0.38639 -0.0493094 0.430798
-0.385151 -0.0238173 0.425753 -0.386372 -0.0488687 0.430711
-0.385131 -0.0233271 0.425657 -0.386355 -0.0484281 0.430624
-0.385112 -0.022837 0.42556 -0.386337 -0.0479875 0.430537
-0.385093 -0.0223468 0.425463 -0.386301 -0.0471061 0.430363
-0.385073 -0.0218566 0.425366 -0.386284 -0.0466654 0.430276
-0.385054 -0.0213665 0.42527 -0.386266 -0.0462247 0.430188
-0.385035 -0.0208763 0.425173 -0.386248 -0.045784 0.430101
-0.385015 -0.0203861 0.425076 -0.386231 -0.0453434 0.430014
-0.384996 -0.019896 0.424979 -0.386213 -0.0449029 0.429927
-0.384977 -0.0194058 0.424883 -0.386195 -0.0444623 0.42984
-0.384957 -0.0189156 0.424786 -0.386178 -0.0440217 0.429753
-0.384938 -0.0184254 0.424689 -0.38616 -0.0435809 0.429666
-0.384918 -0.0179353 0.424592 -0.386143 -0.0431399 0.429579
-0.384899 -0.0174451 0.424496 -0.386125 -0.0426987 0.429491
-0.38488 -0.0169549 0.424399 -0.386107 -0.0422571 0.429404
-0.38486 -0.0164648 0.424302 -0.38609 -0.0418152 0.429317
-0.384841 -0.0159746 0.424206 -0.386072 -0.041373 0.429229
-0.384822 -0.0154844 0.424109 -0.386055 -0.0409304 0.429142
-0.384802 -0.0149943 0.424012 -0.386037 -0.0404873 0.429054
-0.384783 -0.0145041 0.423915 -0.38602 -0.0400439 0.428967
-0.384764 -0.0140139 0.423819 -0.386002 -0.0396002 0.428879
-0.384744 -0.0135237 0.423722 -0.385985 -0.0391566 0.428791
-0.384725 -0.0130336 0.423625 -0.385968 -0.0387132 0.428704
-0.384706 -0.0125434 0.423528 -0.38595 -0.0382704 0.428616
-0.384686 -0.0120532 0.423432 -0.385933 -0.0378277 0.428529
-0.384667 -0.0115631 0.423335 -0.385915 -0.0373851 0.428441
-0.384648 -0.0110729 0.423238 -0.385898 -0.0369423 0.428354
-0.384628 -0.0105827 0.423141 -0.38588 -0.0364992 0.428266
-0.384609 -0.0100926 0.423045 -0.385863 -0.0360557 0.428178
-0.38459 -0.00960239 0.422948 -0.385845 -0.0356117 0.428091
-0.38457 -0.00911222 0.422851 -0.385828 -0.0351673 0.428003
-0.384551 -0.00862205 0.422754 -0.385811 -0.0347224 0.427915
-0.384532 -0.00813188 0.422658 -0.385793 -0.0342769 0.427827
-0.384512 -0.00764171 0.422561 -0.385776 -0.0338308 0.427739
-0.384493 -0.00715154 0.422464 -0.385758 -0.0333842 0.42765
-0.384473 -0.00666137 0.422367 -0.385724 -0.0324893 0.427474
-0.384454 -0.00617121 0.422271 -0.385706 -0.0320413 0.427385
-0.384435 -0.00568104 0.422174 -0.385689 -0.031593 0.427296
-0.384415 -0.00519087 0.422077 -0.385671 -0.0311447 0.427208
-0.384396 -0.0047007 0.42198 -0.385654 -0.030696 0.427119
-0.384377 -0.00421053 0.421884 -0.385637 -0.0302469 0.42703
-0.384357 -0.00372036 0.421787 -0.385619 -0.0297971 0.426942
-0.384338 -0.00323019 0.42169 -0.385602 -0.0293466 0.426853
-0.384319 -0.00274002 0.421593 -0.385585 -0.0288953 0.426763
-0.384299 -0.00224985 0.421497 -0.385567 -0.0284433 0.426674
-0.38428 -0.00175968 0.4214 -0.38555 -0.0279904 0.426585
-0.384261 -0.00126951 0.421303 -0.385532 -0.0275369 0.426495
-0.384241 -0.00077934 0.421206 -0.385515 -0.0270826 0.426405
-0.384222 -0.00028917 0.42111 -0.385498 -0.0266275 0.426315
-0.384203 0.000200999 0.421013 -0.38548 -0.0261717 0.426225
-0.384183 0.000691169 0.420916 -0.385463 -0.0257152 0.426135
-0.384164 0.00118134 0.420819 -0.385445 -0.025258 0.426045
-0.384145 0.00167151 0.420723 -0.385428 -0.0248004 0.425954
-0.384125 0.00216168 0.420626 -0.385411 -0.0243425 0.425864
-0.384106 0.00265185 0.420529 -0.385393 -0.0238843 0.425773
-0.384086 0.00314202 0.420432 -0.385376 -0.0234259 0.425683
-0.384067 0.00363219 0.420336 -0.385358 -0.0229672 0.425592
-0.384048 0.00412236 0.420239 -0.385341 -0.0225081 0.425501
-0.384028 0.00461253 0.420142 -0.385323 -0.0220488 0.425411
-0.384009 0.0051027 0.420046 -0.385306 -0.0215891 0.42532
-0.38399 0.00559286 0.419949 -0.385288 -0.021129 0.425229
-0.38397 0.00608303 0.419852 -0.385253 -0.0202078 0.425047
-0.383951 0.0065732 0.419755 -0.385235 -0.0197466 0.424956
-0.383932 0.00706337 0.419659 -0.385218 -0.019285 0.424865
-0.383912 0.00755354 0.419562 -0.3852 -0.018823 0.424773
-0.383893 0.00804371 0.419465 -0.385182 -0.0183604 0.424682
-0.383874 0.00853388 0.419368 -0.385165 -0.0178976 0.42459
-0.383854 0.00902405 0.419272 -0.385147 -0.0174346 0.424499
-0.383835 0.00951422 0.419175 -0.385129 -0.0169716 0.424408
-0.383816 0.0100044 0.419078 -0.385111 -0.0165086 0.424316
-0.383796 0.0104946 0.418981 -0.385094 -0.0160456 0.424225
-0.383777 0.0109847 0.418885 -0.385076 -0.0155824 0.424133
-0.383758 0.0114749 0.418788 -0.385058 -0.0151188 0.424041
-0.383738 0.0119651 0.418691 -0.38504 -0.0146548 0.42395
-0.383719 0.0124552 0.418594 -0.385023 -0.0141903 0.423858
-0.3837 0.0129454 0.418498 -0.385005 -0.0137254 0.423766
-0.38368 0.0134356 0.418401 -0.384987 -0.0132601 0.423674
-0.383661 0.0139257 0.418304 -0.384969 -0.0127944 0.423582
-0.383641 0.0144159 0.418207 -0.384951 -0.0123283 0.42349
-0.383622 0.0149061 0.418111 -0.384933 -0.0118617 0.423398
-0.383603 0.0153963 0.418014 -0.384915 -0.0113948 0.423306
-0.383583 0.0158864 0.417917 -0.384897 -0.0109273 0.423213
-0.383564 0.0163766 0.41782 -0.38488 -0.0104596 0.423121
-0.383545 0.0168668 0.417724 -0.384862 -0.00999151 0.423029
-0.383525 0.0173569 0.417627 -0.384844 -0.00952331 0.422936
-0.383506 0.0178471 0.41753 -0.384826 -0.00905505 0.422844
-0.383487 0.0183373 0.417433 -0.384808 -0.00858671 0.422751
-0.383467 0.0188274 0.417337 -0.38479 -0.00811826 0.422658
-0.383448 0.0193176 0.41724 -0.384772 -0.00764969 0.422566
-0.383429 0.0198078 0.417143 -0.384735 -0.00671211 0.422381
-0.383409 0.020298 0.417046 -0.384717 -0.00624306 0.422288
-0.38339 0.0207881 0.41695 -0.384663 -0.00483476 0.42201
-0.383371 0.0212783 0.416853 -0.384627 -0.00389479 0.421824
-0.383351 0.0217685 0.416756 -0.384609 -0.00342444 0.421731
-0.383332 0.0222586 0.416659 -0.38459 -0.00295428 0.421638
-0.383313 0.0227488 0.416563 -0.384572 -0.00248474 0.421546
-0.383293 0.023239 0.416466 -0.384554 -0.00201619 0.421453
-0.383274 0.0237291 0.416369 -0.384536 -0.001549 0.421361
-0.383255 0.0242193 0.416273 -0.384517 -0.00108309 0.421269
-0.383235 0.0247095 0.416176 -0.384499 -0.000618374 0.421177
-0.383216 0.0251996 0.416079 -0.38448 -0.000154774 0.421085
-0.383196 0.0256898 0.415982 -0.384462 0.000307785 0.420994
-0.383177 0.02618 0.415886 -0.384444 0.000769411 0.420903
-0.383158 0.0266702 0.415789 -0.384425 0.0012302 0.420812
-0.383138 0.0271603 0.415692 -0.384407 0.00169026 0.420721
-0.383119 0.0276505 0.415595 -0.384388 0.00214968 0.42063
-0.3831 0.0281407 0.415499 -0.38437 0.00260842 0.42054
-0.38308 0.0286308 0.415402 -0.384351 0.00306648 0.420449
-0.383061 0.029121 0.415305 -0.384333 0.00352383 0.420359
-0.383042 0.0296112 0.415208 -0.384314 0.00398045 0.420268
-0.383022 0.0301013 0.415112 -0.384296 0.0044364 0.420178
-0.383003 0.0305915 0.415015 -0.384277 0.00489172 0.420088
-0.382984 0.0310817 0.414918 -0.384259 0.00534648 0.419999
-0.382964 0.0315719 0.414821 -0.384241 0.00580072 0.419909
-0.382945 0.032062 0.414725 -0.384222 0.00625452 0.419819
-0.382926 0.0325522 0.414628 -0.384204 0.00670794 0.41973
-0.382906 0.0330424 0.414531 -0.384185 0.00716104 0.41964
-0.382887 0.0335325 0.414434 -0.384167 0.00761391 0.419551
-0.382868 0.0340227 0.414338 -0.384149 0.00806658 0.419461
-0.382848 0.0345129 0.414241 -0.38413 0.00851912 0.419372
-0.382829 0.035003 0.414144 -0.384094 0.00942402 0.419193
-0.382809 0.0354932 0.414047 -0.384075 0.00987645 0.419104
-0.38279 0.0359834 0.413951 -0.384057 0.0103289 0.419015
-0.382771 0.0364735 0.413854 -0.384039 0.0107814 0.418925
-0.382751 0.0369637 0.413757 -0.38402 0.011234 0.418836
-0.382732 0.0374539 0.41366 -0.384002 0.0116867 0.418746
-0.382713 0.0379441 0.413564 -0.383984 0.0121395 0.418657
-0.382693 0.0384342 0.413467 -0.383966 0.0125926 0.418567
-0.382674 0.0389244 0.41337 -0.383948 0.013046 0.418478
-0.382655 0.0394146 0.413273 -0.38393 0.0134996 0.418388
-0.382635 0.0399047 0.413177 -0.383911 0.0139535 0.418299
-0.382616 0.0403949 0.41308 -0.383893 0.0144077 0.418209
-0.382597 0.0408851 0.412983 -0.383857 0.0153169 0.418029
-0.382577 0.0413752 0.412886 -0.383839 0.015772 0.41794
-0.382558 0.0418654 0.41279 -0.383821 0.0162275 0.41785
-0.382539 0.0423556 0.412693 -0.383785 0.0171393 0.41767
-0.382519 0.0428458 0.412596 -0.383767 0.0175952 0.417579
-0.3825 0.0433359 0.412499 -0.383749 0.0180507 0.41749
-0.382481 0.0438261 0.412403 -0.383731 0.0185057 0.4174
-0.382461 0.0443163 0.412306 -0.383713 0.0189603 0.41731
-0.382442 0.0448064 0.412209 -0.383695 0.0194144 0.41722
-0.382423 0.0452966 0.412113 -0.383677 0.0198683 0.417131
-0.382403 0.0457868 0.412016 -0.383659 0.0203218 0.417041
-0.382384 0.0462769 0.411919 -0.383641 0.0207752 0.416952
-0.382364 0.0467671 0.411822 -0.383623 0.0212284 0.416862
-0.382345 0.0472573 0.411726 -0.383605 0.0216816 0.416773
-0.382326 0.0477474 0.411629 -0.383587 0.0221347 0.416683
-0.382306 0.0482376 0.411532 -0.383569 0.0225879 0.416594
-0.382287 0.0487278 0.411435 -0.383551 0.0230411 0.416504
-0.382268 0.049218 0.411339 -0.383533 0.0234944 0.416415
-0.382248 0.0497081 0.411242 -0.383515 0.0239478 0.416325
-0.382229 0.0501983 0.411145 -0.383497 0.0244013 0.416235
-0.38221 0.0506885 0.411048 -0.383479 0.0248546 0.416146
-0.38219 0.0511786 0.410952 -0.383461 0.0253078 0.416056
-0.382171 0.0516688 0.410855 -0.383443 0.0257607 0.415967
-0.382152 0.052159 0.410758 -0.383425 0.0262135 0.415878
-0.382132 0.0526491 0.410661 -0.383407 0.0266663 0.415788
-0.382113 0.0531393 0.410565 -0.383389 0.0271194 0.415699
-0.382094 0.0536295 0.410468 -0.383371 0.0275728 0.415609
-0.382074 0.0541197 0.410371 -0.383353 0.0280265 0.41552
-0.382055 0.0546098 0.410274 -0.383335 0.0284807 0.41543
-0.382036 0.0551 0.410178 -0.383317 0.0289352 0.41534
-0.382016 0.0555902 0.410081 -0.383299 0.0293901 0.41525
-0.381997 0.0560803 0.409984 -0.383281 0.0298454 0.415161
-0.381977 0.0565705 0.409887 -0.383263 0.0303012 0.415071
-0.381958 0.0570607 0.409791 -0.383246 0.0307574 0.414981
-0.381939 0.0575508 0.409694 -0.383228 0.0312141 0.41489
-0.381919 0.058041 0.409597 -0.38321 0.0316713 0.4148
-0.3819 0.0585312 0.4095 -0.383192 0.0321288 0.41471
-0.381881 0.0590213 0.409404 -0.383174 0.0325867 0.414619
-0.381861 0.0595115 0.409307 -0.383156 0.0330449 0.414529
-0.381842 0.0600017 0.40921 -0.383138 0.0335033 0.414438
-0.381823 0.0604919 0.409113 -0.383121 0.033962 0.414348
-0.381803 0.060982 0.409017 -0.383103 0.034421 0.414257
-0.381784 0.0614722 0.40892 -0.383085 0.0348801 0.414167
-0.381765 0.0619624 0.408823 -0.383067 0.0353395 0.414076
-0.381745 0.0624525 0.408726 -0.383049 0.0357991 0.413985
-0.381726 0.0629427 0.40863 -0.383031 0.0362589 0.413894
-0.381707 0.0634329 0.408533 -0.383013 0.0367191 0.413804
-0.381687 0.063923 0.408436 -0.382996 0.0371796 0.413713
-0.381668 0.0644132 0.408339 -0.38296 0.0381015 0.413531
-0.381649 0.0649034 0.408243 -0.382942 0.0385631 0.41344
-0.381629 0.0653936 0.408146 -0.382924 0.039025 0.413348
-0.38161 0.0658837 0.408049 -0.382906 0.0394873 0.413257
-0.381591 0.0663739 0.407953 -0.382888 0.03995 0.413166
-0.381571 0.0668641 0.407856 -0.38287 0.0404131 0.413074
-0.381552 0.0673542 0.407759 -0.382852 0.0408765 0.412983
-0.381532 0.0678444 0.407662 -0.382835 0.0413403 0.412891
-0.381513 0.0683346 0.407566 -0.382817 0.0418045 0.4128
-0.381494 0.0688247 0.407469 -0.382799 0.0422691 0.412708
-0.381474 0.0693149 0.407372 -0.382781 0.042734 0.412616
-0.381455 0.0698051 0.407275 -0.382763 0.0431993 0.412524
-0.381436 0.0702953 0.407179 -0.382745 0.043665 0.412432
-0.381416 0.0707854 0.407082 -0.382727 0.044131 0.41234
-0.381397 0.0712756 0.406985 -0.382709 0.0445973 0.412248
-0.381378 0.0717658 0.406888 -0.382691 0.045064 0.412156
-0.381358 0.0722559 0.406792 -0.382673 0.045531 0.412064
-0.381339 0.0727461 0.406695 -0.382655 0.0459984 0.411972
-0.38132 0.0732363 0.406598 -0.382637 0.0464662 0.41188
-0.3813 0.0737264 0.406501 -0.382619 0.0469341 0.411787
-0.381281 0.0742166 0.406405 -0.382601 0.0474023 0.411695
-0.381262 0.0747068 0.406308 -0.382583 0.0478705 0.411602
-0.381242 0.0751969 0.406211 -0.382565 0.0483389 0.41151
-0.381223 0.0756871 0.406114 -0.382547 0.0488073 0.411418
-0.381204 0.0761773 0.406018 -0.382528 0.0492757 0.411325
-0.381184 0.0766675 0.405921 -0.38251 0.0497442 0.411233
-0.381165 0.0771576 0.405824 -0.382492 0.0502127 0.41114
-0.381145 0.0776478 0.405727 -0.382474 0.0506813 0.411048
-0.381126 0.078138 0.405631 -0.382456 0.05115 0.410955
-0.381107 0.0786281 0.405534 -0.382438 0.0516188 0.410863
-0.381087 0.0791183 0.405437 -0.382401 0.0525569 0.410678
-0.381068 0.0796085 0.40534 -0.382383 0.0530261 0.410585
-0.381049 0.0800986 0.405244 -0.382365 0.0534955 0.410492
-0.381029 0.0805888 0.405147 -0.382347 0.0539651 0.4104
-0.38101 0.081079 0.40505 -0.382328 0.0544349 0.410307
-0.380991 0.0815692 0.404953 -0.38231 0.054905 0.410214
-0.380971 0.0820593 0.404857 -0.382292 0.0553752 0.410121
-0.380952 0.0825495 0.40476 -0.382274 0.0558457 0.410029
-0.380933 0.0830397 0.404663 -0.382255 0.0563164 0.409936
-0.380913 0.0835298 0.404566 -0.382237 0.0567873 0.409843
-0.380894 0.08402 0.40447 -0.382219 0.0572585 0.40975
-0.380875 0.0845102 0.404373 -0.3822 0.0577299 0.409657
-0.380855 0.0850003 0.404276 -0.382182 0.0582015 0.409564
-0.380836 0.0854905 0.40418 -0.382164 0.0586732 0.409471
-0.380817 0.0859807 0.404083 -0.382146 0.0591452 0.409377
-0.380797 0.0864708 0.403986 -0.382127 0.0596173 0.409284
-0.380778 0.086961 0.403889 -0.382109 0.0600893 0.409191
-0.380759 0.0874512 0.403793 -0.38209 0.0605613 0.409098
-0.380739 0.0879414 0.403696 -0.382072 0.061033 0.409005
-0.38072 0.0884315 0.403599 -0.382054 0.0615047 0.408912
-0.3807 0.0889217 0.403502 -0.382035 0.0619763 0.408819
-0.380681 0.0894119 0.403406 -0.382017 0.0624479 0.408726
-0.380662 0.089902 0.403309 -0.381998 0.0629196 0.408633
-0.380642 0.0903922 0.403212 -0.38198 0.0633914 0.40854
-0.380623 0.0908824 0.403115 -0.381961 0.0638635 0.408447
-0.380604 0.0913725 0.403019 -0.381943 0.0643357 0.408353
-0.380584 0.0918627 0.402922 -0.381925 0.0648083 0.40826
-0.380565 0.0923529 0.402825 -0.381906 0.0652811 0.408167
-0.380546 0.0928431 0.402728 -0.381869 0.066227 0.40798
-0.380526 0.0933332 0.402632 -0.381851 0.0667 0.407887
-0.380507 0.0938234 0.402535 -0.381832 0.067173 0.407794
-0.380488 0.0943136 0.402438 -0.381814 0.067646 0.4077
-0.380468 0.0948037 0.402341 -0.381795 0.068119 0.407607
-0.380449 0.0952939 0.402245 -0.381777 0.0685922 0.407514
-0.38043 0.0957841 0.402148 -0.381758 0.0690653 0.40742
-0.38041 0.0962742 0.402051 -0.381739 0.0695385 0.407327
-0.380391 0.0967644 0.401954 -0.381721 0.0700117 0.407234
-0.380372 0.0972546 0.401858 -0.381702 0.0704849 0.40714
-0.380352 0.0977447 0.401761 -0.381684 0.0709581 0.407047
-0.380333 0.0982349 0.401664 -0.381665 0.0714314 0.406954
-0.380313 0.0987251 0.401567 -0.381647 0.0719046 0.40686
-0.380294 0.0992153 0.401471 -0.381628 0.0723779 0.406767
-0.380275 0.0997054 0.401374 -0.381609 0.0728511 0.406673
-0.380255 0.100196 0.401277 -0.381591 0.0733244 0.40658
-0.380236 0.100686 0.40118 -0.381572 0.0737977 0.406487
-0.380217 0.101176 0.401084 -0.381554 0.0742711 0.406393
-0.380197 0.101666 0.400987 -0.381535 0.0747444 0.4063
-0.380178 0.102156 0.40089 -0.381516 0.0752177 0.406207
-0.380159 0.102646 0.400793 -0.381498 0.0756908 0.406113
-0.380139 0.103137 0.400697 -0.381479 0.0761636 0.40602
-0.38012 0.103627 0.4006 -0.381461 0.0766363 0.405927
-0.380101 0.104117 0.400503 -0.381442 0.0771089 0.405834
-0.380081 0.104607 0.400406 -0.381423 0.0775813 0.40574
-0.380062 0.105097 0.40031 -0.381405 0.0780536 0.405647
-0.380043 0.105587 0.400213 -0.381386 0.0785259 0.405554
-0.380023 0.106078 0.400116 -0.381349 0.0794704 0.405368
-0.380004 0.106568 0.40002 -0.38133 0.0799426 0.405275
-0.379985 0.107058 0.399923 -0.381311 0.0804148 0.405182
-0.379965 0.107548 0.399826 -0.381293 0.0808871 0.405088
-0.379946 0.108038 0.399729 -0.381274 0.0813595 0.404995
-0.379927 0.108528 0.399633 -0.381255 0.0818319 0.404902
-0.379907 0.109019 0.399536 -0.381237 0.0823043 0.404809
-0.379888 0.109509 0.399439 -0.381218 0.0827764 0.404716
-0.379868 0.109999 0.399342 -0.381199 0.0832483 0.404623
-0.379849 0.110489 0.399246 -0.381181 0.0837199 0.40453
-0.37983 0.110979 0.399149 -0.381162 0.0841912 0.404437
-0.37981 0.111469 0.399052 -0.381143 0.0846624 0.404344
-0.379791 0.11196 0.398955 -0.381124 0.0851338 0.404251
-0.379772 0.11245 0.398859 -0.381106 0.0856054 0.404158
-0.379752 0.11294 0.398762 -0.381087 0.0860774 0.404065
-0.379733 0.11343 0.398665 -0.381068 0.0865495 0.403972
-0.379714 0.11392 0.398568 -0.38105 0.087022 0.403879
-0.379694 0.114411 0.398472 -0.381031 0.0874947 0.403785
-0.379675 0.114901 0.398375 -0.381012 0.0879676 0.403692
-0.379656 0.115391 0.398278 -0.380994 0.0884409 0.403599
-0.379636 0.115881 0.398181 -0.380975 0.0889144 0.403505
-0.379617 0.116371 0.398085 -0.380957 0.0893882 0.403412
-0.379598 0.116861 0.397988 -0.380938 0.089862 0.403319
-0.379578 0.117352 0.397891 -0.380919 0.0903356 0.403225
-0.379559 0.117842 0.397794 -0.380901 0.0908087 0.403132
-0.37954 0.118332 0.397698 -0.380882 0.0912811 0.403039
-0.37952 0.118822 0.397601 -0.380863 0.0917532 0.402946
-0.379501 0.119312 0.397504 -0.380845 0.0922252 0.402853
-0.379481 0.119802 0.397407 -0.380826 0.0926973 0.402759
-0.379462 0.120293 0.397311 -0.380807 0.0931699 0.402666
-0.379443 0.120783 0.397214 -0.380789 0.0936429 0.402573
-0.379423 0.121273 0.397117 -0.38077 0.0941163 0.40248
-0.379404 0.121763 0.39702 -0.380751 0.0945901 0.402386
-0.379385 0.122253 0.396924 -0.380733 0.0950644 0.402293
-0.379365 0.122743 0.396827 -0.380714 0.0955391 0.402199
-0.379346 0.123234 0.39673 -0.380695 0.0960143 0.402105
-0.379327 0.123724 0.396633 -0.380677 0.0964899 0.402012
-0.379307 0.124214 0.396537 -0.380658 0.0969659 0.401918
-0.379288 0.124704 0.39644 -0.38064 0.0974423 0.401824
-0.379269 0.125194 0.396343 -0.380621 0.0979189 0.40173
-0.379249 0.125684 0.396246 -0.380602 0.0983957 0.401636
-0.37923 0.126175 0.39615 -0.380584 0.0988725 0.401542
-0.379211 0.126665 0.396053 -0.380546 0.0998261 0.401354
-0.379191 0.127155 0.395956 -0.380528 0.100303 0.40126
-0.379172 0.127645 0.39586 -0.380509 0.10078 0.401166
-0.379153 0.128135 0.395763 -0.38049 0.101257 0.401072
-0.379133 0.128625 0.395666 -0.380472 0.101733 0.400978
-0.379114 0.129116 0.395569 -0.380434 0.102687 0.40079
-0.379095 0.129606 0.395473 -0.380416 0.103164 0.400696
-0.379075 0.130096 0.395376 -0.380397 0.103641 0.400602
-0.379056 0.130586 0.395279 -0.380378 0.104117 0.400508
-0.379036 0.131076 0.395182 -0.380359 0.104594 0.400414
-0.379017 0.131566 0.395086 -0.380341 0.10507 0.40032
-0.378998 0.132057 0.394989 -0.380322 0.105546 0.400226
-0.378978 0.132547 0.394892 -0.380303 0.106022 0.400133
-0.378959 0.133037 0.394795 -0.380284 0.106497 0.400039
-0.37894 0.133527 0.394699 -0.380266 0.106972 0.399945
-0.37892 0.134017 0.394602 -0.380247 0.107446 0.399852
-0.378901 0.134507 0.394505 -0.380228 0.107921 0.399758
-0.378882 0.134998 0.394408 -0.380209 0.108395 0.399665
-0.378862 0.135488 0.394312 -0.38019 0.108869 0.399571
-0.378843 0.135978 0.394215 -0.380172 0.109342 0.399478
-0.378824 0.136468 0.394118 -0.380153 0.109816 0.399385
-0.378804 0.136958 0.394021 -0.380134 0.110289 0.399291
-0.378785 0.137448 0.393925 -0.380115 0.110762 0.399198
-0.378766 0.137939 0.393828 -0.380096 0.111235 0.399105
-0.378746 0.138429 0.393731 -0.380078 0.111707 0.399012
-0.378727 0.138919 0.393634 -0.380059 0.112179 0.398919
-0.378708 0.139409 0.393538 -0.38004 0.112651 0.398826
-0.378688 0.139899 0.393441 -0.380021 0.113122 0.398733
-0.378669 0.14039 0.393344 -0.380002 0.113593 0.39864
-0.378649 0.14088 0.393247 -0.379983 0.114063 0.398548
-0.37863 0.14137 0.393151 -0.379965 0.114533 0.398455
-0.378611 0.14186 0.393054 -0.379946 0.115003 0.398362
-0.378591 0.14235 0.392957 -0.379927 0.115473 0.39827
-0.378572 0.14284 0.39286 -0.379908 0.115943 0.398177
-0.378553 0.143331 0.392764 -0.379889 0.116412 0.398085
-0.378533 0.143821 0.392667 -0.379871 0.116882 0.397992
-0.378514 0.144311 0.39257 -0.379852 0.117351 0.397899
-0.378495 0.144801 0.392473 -0.379814 0.11829 0.397714
-0.378475 0.145291 0.392377 -0.379795 0.11876 0.397622
-0.378456 0.145781 0.39228 -0.379777 0.119229 0.397529
-0.378437 0.146272 0.392183 -0.379758 0.119699 0.397437
-0.378417 0.146762 0.392087 -0.379739 0.120168 0.397344
-0.378398 0.147252 0.39199 -0.379721 0.120638 0.397252
-0.378379 0.147742 0.391893 -0.379702 0.121108 0.397159
-0.378359 0.148232 0.391796 -0.379683 0.121578 0.397066
-0.37834 0.148722 0.3917 -0.379664 0.122048 0.396974
-0.378321 0.149213 0.391603 -0.379646 0.122518 0.396881
-0.378301 0.149703 0.391506 -0.379627 0.122989 0.396788
-0.378282 0.150193 0.391409 -0.379608 0.123459 0.396696
-0.378263 0.150683 0.391313 -0.37959 0.123929 0.396603
-0.378243 0.151173 0.391216 -0.379571 0.1244 0.39651
-0.378224 0.151663 0.391119 -0.379553 0.124871 0.396418
-0.378204 0.152154 0.391022 -0.379534 0.125341 0.396325
-0.378185 0.152644 0.390926 -0.379515 0.125812 0.396232
-0.378166 0.153134 0.390829 -0.379497 0.126283 0.396139
-0.378146 0.153624 0.390732 -0.379478 0.126754 0.396046
-0.378127 0.154114 0.390635 -0.379459 0.127225 0.395954
-0.378108 0.154604 0.390539 -0.379441 0.127696 0.395861
-0.378088 0.155095 0.390442 -0.379422 0.128167 0.395768
-0.378069 0.155585 0.390345 -0.379403 0.128638 0.395675
-0.37805 0.156075 0.390248 -0.379385 0.129109 0.395582
-0.37803 0.156565 0.390152 -0.379366 0.129579 0.39549
-0.378011 0.157055 0.390055 -0.379348 0.13005 0.395397
-0.377992 0.157545 0.389958 -0.379329 0.130521 0.395304
-0.377972 0.158036 0.389861 -0.37931 0.130991 0.395212
-0.377953 0.158526 0.389765 -0.379292 0.131462 0.395119
-0.377934 0.159016 0.389668 -0.379273 0.131932 0.395026
-0.377914 0.159506 0.389571 -0.379255 0.132403 0.394933
-0.377895 0.159996 0.389474 -0.379236 0.132875 0.39484
-0.377876 0.160486 0.389378 -0.379199 0.133818 0.394655
-0.377856 0.160977 0.389281 -0.37918 0.13429 0.394562
-0.377837 0.161467 0.389184 -0.379162 0.134762 0.394469
-0.377817 0.161957 0.389087 -0.379143 0.135234 0.394376
-0.377798 0.162447 0.388991 -0.379124 0.135706 0.394283
-0.377779 0.162937 0.388894 -0.379106 0.136178 0.39419
-0.377759 0.163427 0.388797 -0.379087 0.13665 0.394097
-0.37774 0.163918 0.3887 -0.379069 0.137123 0.394003
-0.377721 0.164408 0.388604 -0.37905 0.137595 0.39391
-0.377701 0.164898 0.388507 -0.379031 0.138068 0.393817
-0.377682 0.165388 0.38841 -0.379013 0.138541 0.393724
-0.377663 0.165878 0.388313 -0.378994 0.139014 0.393631
-0.377643 0.166368 0.388217 -0.378957 0.139961 0.393444
-0.377624 0.166859 0.38812 -0.378939 0.140434 0.393351
-0.377605 0.167349 0.388023 -0.37892 0.140908 0.393258
-0.377585 0.167839 0.387927 -0.378901 0.141382 0.393165
-0.377566 0.168329 0.38783 -0.378883 0.141855 0.393071
-0.377547 0.168819 0.387733 -0.378864 0.142328 0.392978
-0.377527 0.16931 0.387636 -0.378846 0.142801 0.392885
-0.377508 0.1698 0.38754 -0.378827 0.143273 0.392792
-0.377489 0.17029 0.387443 -0.378808 0.143746 0.392699
-0.377469 0.17078 0.387346 -0.37879 0.144218 0.392606
-0.37745 0.17127 0.387249 -0.378771 0.14469 0.392513
-0.377431 0.17176 0.387153 -0.378752 0.145162 0.39242
-0.377411 0.172251 0.387056 -0.378734 0.145634 0.392327
-0.377392 0.172741 0.386959 -0.378715 0.146106 0.392234
-0.377372 0.173231 0.386862 -0.378696 0.146577 0.392141
-0.377353 0.173721 0.386766 -0.378678 0.147049 0.392048
-0.377334 0.174211 0.386669 -0.378659 0.147521 0.391955
-0.377314 0.174701 0.386572 -0.37864 0.147993 0.391862
-0.377295 0.175192 0.386475 -0.378622 0.148464 0.391769
-0.377276 0.175682 0.386379 -0.378603 0.148934 0.391677
-0.377256 0.176172 0.386282 -0.378584 0.149404 0.391584
-0.377237 0.176662 0.386185 -0.378566 0.149872 0.391492
-0.377218 0.177152 0.386088 -0.378547 0.150339 0.3914
-0.377198 0.177642 0.385992 -0.378528 0.150806 0.391308
-0.377179 0.178133 0.385895 -0.378509 0.151273 0.391216
-0.37716 0.178623 0.385798 -0.378491 0.15174 0.391124
-0.37714 0.179113 0.385701 -0.378472 0.152207 0.391032
-0.377121 0.179603 0.385605 -0.378453 0.152675 0.39094
-0.377102 0.180093 0.385508 -0.378416 0.15361 0.390755
-0.377082 0.180583 0.385411 -0.378397 0.154078 0.390663
-0.377063 0.181074 0.385314 -0.378379 0.154546 0.390571
-0.377044 0.181564 0.385218 -0.37836 0.155014 0.390479
-0.377024 0.182054 0.385121 -0.378341 0.155482 0.390387
-0.377005 0.182544 0.385024 -0.378323 0.15595 0.390294
-0.376985 0.183034 0.384927 -0.378304 0.156418 0.390202
-0.376966 0.183524 0.384831 -0.378286 0.156887 0.39011
-0.376947 0.184015 0.384734 -0.378267 0.157355 0.390018
-0.376927 0.184505 0.384637 -0.378248 0.157824 0.389925
-0.376908 0.184995 0.38454 -0.37823 0.158292 0.389833
-0.376889 0.185485 0.384444 -0.378211 0.158761 0.389741
-0.376869 0.185975 0.384347 -0.378193 0.15923 0.389648
-0.37685 0.186465 0.38425 -0.378174 0.159699 0.389556
-0.376831 0.186956 0.384153 -0.378156 0.160169 0.389463
-0.376811 0.187446 0.384057 -0.378137 0.160638 0.389371
-0.376792 0.187936 0.38396 -0.378118 0.161108 0.389278
-0.376773 0.188426 0.383863 -0.3781 0.161578 0.389186
-0.376753 0.188916 0.383767 -0.378081 0.162048 0.389093
-0.376734 0.189406 0.38367 -0.378063 0.162517 0.389001
-0.376715 0.189897 0.383573 -0.378044 0.162987 0.388908
-0.376695 0.190387 0.383476 -0.378026 0.163457 0.388816
-0.376676 0.190877 0.38338 -0.378007 0.163926 0.388723
-0.376657 0.191367 0.383283 -0.377989 0.164395 0.388631
-0.376637 0.191857 0.383186 -0.37797 0.164865 0.388538
-0.376618 0.192347 0.383089 -0.377951 0.165334 0.388446
-0.376599 0.192838 0.382993 -0.377933 0.165804 0.388354
-0.376579 0.193328 0.382896 -0.377914 0.166273 0.388261
-0.37656 0.193818 0.382799 -0.377896 0.166743 0.388169
-0.37654 0.194308 0.382702 -0.377877 0.167212 0.388076
-0.376521 0.194798 0.382606 -0.377859 0.167682 0.387984
-0.376502 0.195288 0.382509 -0.377822 0.168622 0.387799
-0.376482 0.195779 0.382412 -0.377803 0.169092 0.387706
-0.376463 0.196269 0.382315 -0.377784 0.169561 0.387614
-0.376444 0.196759 0.382219 -0.377766 0.17003 0.387521
-0.376424 0.197249 0.382122 -0.377747 0.170498 0.387429
-0.376405 0.197739 0.382025 -0.377729 0.170966 0.387337
-0.376386 0.19823 0.381928 -0.37771 0.171434 0.387245
-0.376366 0.19872 0.381832 -0.377692 0.171902 0.387153
-0.376347 0.19921 0.381735 -0.377673 0.17237 0.38706
-0.376328 0.1997 0.381638 -0.377654 0.172839 0.386968
-0.376308 0.20019 0.381541 -0.377636 0.173308 0.386876
-0.376289 0.20068 0.381445 -0.377617 0.173777 0.386783
-0.37627 0.201171 0.381348 -0.377599 0.174247 0.386691
-0.37625 0.201661 0.381251 -0.377543 0.175658 0.386413
-0.376231 0.202151 0.381154 -0.377525 0.176129 0.38632
-0.376212 0.202641 0.381058 -0.377506 0.1766 0.386227
-0.376192 0.203131 0.380961 -0.377488 0.177072 0.386135
-0.376173 0.203621 0.380864 -0.377469 0.177543 0.386042
-0.376153 0.204112 0.380767 -0.377451 0.178014 0.385949
-0.376134 0.204602 0.380671 -0.377432 0.178485 0.385856
-0.376115 0.205092 0.380574 -0.377414 0.178956 0.385763
-0.376095 0.205582 0.380477 -0.377395 0.179426 0.385671
-0.376076 0.206072 0.38038 -0.377376 0.179896 0.385578
-0.376057 0.206562 0.380284 -0.377358 0.180366 0.385486
-0.376037 0.207053 0.380187 -0.377339 0.180834 0.385394
-0.376018 0.207543 0.38009 -0.377302 0.181771 0.385209
-0.375999 0.208033 0.379994 -0.377283 0.182239 0.385117
-0.375979 0.208523 0.379897 -0.377265 0.182707 0.385025
-0.37596 0.209013 0.3798 -0.377246 0.183174 0.384933
-0.375941 0.209503 0.379703 -0.377228 0.183641 0.384841
-0.375921 0.209994 0.379607 -0.377209 0.184108 0.384749
-0.375902 0.210484 0.37951 -0.37719 0.184575 0.384657
-0.375883 0.210974 0.379413 -0.377172 0.18504 0.384565
-0.375863 0.211464 0.379316 -0.377153 0.185505 0.384474
-0.375844 0.211954 0.37922 -0.377134 0.185968 0.384382
-0.375825 0.212444 0.379123 -0.377116 0.186431 0.384291
-0.375805 0.212935 0.379026 -0.377097 0.186894 0.3842
-0.375786 0.213425 0.378929 -0.377078 0.187356 0.384109
-0.375767 0.213915 0.378833 -0.37706 0.187818 0.384018
-0.375747 0.214405 0.378736 -0.377041 0.18828 0.383927
-0.375728 0.214895 0.378639 -0.377023 0.188742 0.383836
-0.375708 0.215385 0.378542 -0.377004 0.189204 0.383745
-0.375689 0.215876 0.378446 -0.376985 0.189665 0.383654
-0.37567 0.216366 0.378349 -0.376967 0.190127 0.383563
-0.37565 0.216856 0.378252 -0.376948 0.190588 0.383472
-0.375631 0.217346 0.378155 -0.37693 0.19105 0.383381
-0.375612 0.217836 0.378059 -0.376911 0.191511 0.38329
-0.375592 0.218326 0.377962 -0.376893 0.191973 0.383199
-0.375573 0.218817 0.377865 -0.376874 0.192434 0.383108
-0.375554 0.219307 0.377768 -0.376856 0.192895 0.383017
-0.375534 0.219797 0.377672 -0.376837 0.193356 0.382927
-0.375515 0.220287 0.377575 -0.376819 0.193817 0.382836
-0.375496 0.220777 0.377478 -0.3768 0.194277 0.382745
-0.375476 0.221267 0.377381 -0.376782 0.194738 0.382654
-0.375457 0.221758 0.377285 -0.376763 0.195198 0.382564
-0.375438 0.222248 0.377188 -0.376745 0.195659 0.382473
-0.375418 0.222738 0.377091 -0.376726 0.196119 0.382382
-0.375399 0.223228 0.376994 -0.376708 0.19658 0.382292
-0.37538 0.223718 0.376898 -0.376671 0.197502 0.38211
-0.37536 0.224209 0.376801 -0.376653 0.197963 0.382019
-0.375341 0.224699 0.376704 -0.376634 0.198424 0.381928
-0.375321 0.225189 0.376607 -0.376616 0.198885 0.381838
-0.375302 0.225679 0.376511 -0.376598 0.199347 0.381747
-0.375283 0.226169 0.376414 -0.376579 0.199808 0.381656
-0.375263 0.226659 0.376317 -0.376561 0.200269 0.381565
-0.375244 0.22715 0.37622 -0.376543 0.200731 0.381474
-0.375225 0.22764 0.376124 -0.376524 0.201193 0.381383
-0.375205 0.22813 0.376027 -0.376506 0.201654 0.381292
-0.375186 0.22862 0.37593 -0.376488 0.202117 0.381201
-0.375167 0.22911 0.375834 -0.376469 0.202579 0.38111
-0.375147 0.2296 0.375737 -0.376451 0.203042 0.381019
-0.375128 0.230091 0.37564 -0.376433 0.203505 0.380928
-0.375109 0.230581 0.375543 -0.376415 0.203969 0.380837
-0.375089 0.231071 0.375447 -0.376396 0.204432 0.380745
-0.37507 0.231561 0.37535 -0.376378 0.204896 0.380654
-0.375051 0.232051 0.375253 -0.37636 0.20536 0.380563
-0.375031 0.232541 0.375156 -0.376341 0.205824 0.380471
-0.375012 0.233032 0.37506 -0.376323 0.206288 0.38038
-0.374993 0.233522 0.374963 -0.376305 0.206751 0.380289
-0.374973 0.234012 0.374866 -0.376287 0.207215 0.380197
-0.374954 0.234502 0.374769 -0.376268 0.207679 0.380106
-0.374935 0.234992 0.374673 -0.37625 0.208143 0.380015
-0.374915 0.235482 0.374576 -0.376232 0.208608 0.379923
-0.374896 0.235973 0.374479 -0.376214 0.209072 0.379832
-0.374876 0.236463 0.374382 -0.376195 0.209537 0.37974
-0.374857 0.236953 0.374286 -0.376159 0.210466 0.379557
-0.374838 0.237443 0.374189 -0.37614 0.210932 0.379466
-0.374818 0.237933 0.374092 -0.376122 0.211397 0.379374
-0.374799 0.238423 0.373995 -0.376104 0.211863 0.379282
-0.37478 0.238914 0.373899 -0.376086 0.212329 0.379191
-0.37476 0.239404 0.373802 -0.376067 0.212795 0.379099
-0.374741 0.239894 0.373705 -0.376049 0.213262 0.379007
-0.374722 0.240384 0.373608 -0.376031 0.213729 0.378915
-0.374702 0.240874 0.373512 -0.376013 0.214196 0.378823
-0.374683 0.241364 0.373415 -0.375994 0.214663 0.378731
-0.374664 0.241855 0.373318 -0.375976 0.215131 0.378639
-0.374644 0.242345 0.373221 -0.375958 0.215599 0.378547
-0.374625 0.242835 0.373125 -0.375939 0.216067 0.378455
-0.374606 0.243325 0.373028 -0.375921 0.216536 0.378363
-0.374586 0.243815 0.372931 -0.375903 0.217005 0.37827
-0.374567 0.244305 0.372834 -0.375885 0.217474 0.378178
-0.374548 0.244796 0.372738 -0.375866 0.217943 0.378086
-0.374528 0.245286 0.372641 -0.375848 0.218413 0.377993
-0.374509 0.245776 0.372544 -0.37583 0.218883 0.377901
-0.374489 0.246266 0.372447 -0.375811 0.219353 0.377808
-0.37447 0.246756 0.372351 -0.375793 0.219823 0.377716
-0.374451 0.247246 0.372254 -0.375775 0.220294 0.377623
-0.374431 0.247737 0.372157 -0.375756 0.220764 0.377531
-0.374412 0.248227 0.37206 -0.375738 0.221234 0.377438
-0.374393 0.248717 0.371964 -0.37572 0.221704 0.377346
-0.374373 0.249207 0.371867 -0.375701 0.222174 0.377253
-0.374354 0.249697 0.37177 -0.375683 0.222645 0.37716
-0.374335 0.250187 0.371674 -0.375664 0.223116 0.377068
-0.374315 0.250678 0.371577 -0.375646 0.223587 0.376975
-0.374296 0.251168 0.37148 -0.375628 0.224058 0.376882
-0.374277 0.251658 0.371383 -0.375609 0.224529 0.37679
-0.374257 0.252148 0.371287 -0.375554 0.225943 0.376511
-0.374238 0.252638 0.37119 -0.375535 0.226415 0.376418
-0.374219 0.253129 0.371093 -0.375517 0.226887 0.376325
-0.374199 0.253619 0.370996 -0.375499 0.22736 0.376232
-0.37418 0.254109 0.3709 -0.37548 0.227832 0.37614
-0.374161 0.254599 0.370803 -0.375462 0.228304 0.376047
-0.374141 0.255089 0.370706 -0.375443 0.228776 0.375954
-0.374122 0.255579 0.370609 -0.375425 0.229247 0.375861
-0.374103 0.25607 0.370513 -0.375406 0.229719 0.375768
-0.374083 0.25656 0.370416 -0.375387 0.230189 0.375676
-0.374064 0.25705 0.370319 -0.375369 0.23066 0.375583
-0.374044 0.25754 0.370222 -0.37535 0.23113 0.37549
-0.374025 0.25803 0.370126 -0.375332 0.2316 0.375398
-0.374006 0.25852 0.370029 -0.375313 0.23207 0.375305
-0.373986 0.259011 0.369932 -0.375295 0.23254 0.375213
-0.373967 0.259501 0.369835 -0.375276 0.233009 0.37512
-0.373948 0.259991 0.369739 -0.375257 0.233479 0.375028
-0.373928 0.260481 0.369642 -0.375239 0.233948 0.374935
-0.373909 0.260971 0.369545 -0.37522 0.234417 0.374843
-0.37389 0.261461 0.369448 -0.375202 0.234885 0.374751
-0.37387 0.261952 0.369352 -0.375183 0.235353 0.374659
-0.373851 0.262442 0.369255 -0.375164 0.23582 0.374567
-0.373832 0.262932 0.369158 -0.375146 0.236286 0.374475
-0.373812 0.263422 0.369061 -0.375127 0.236751 0.374383
-0.373793 0.263912 0.368965 -0.375108 0.237217 0.374291
-0.373774 0.264402 0.368868 -0.37509 0.237683 0.3742
-0.373754 0.264893 0.368771 -0.375071 0.238149 0.374108
-0.373735 0.265383 0.368674 -0.375052 0.238615 0.374016
-0.373716 0.265873 0.368578 -0.375034 0.239081 0.373924
-0.373696 0.266363 0.368481 -0.375015 0.239547 0.373832
-0.373677 0.266853 0.368384 -0.374996 0.240014 0.373741
-0.373657 0.267343 0.368287 -0.374978 0.24048 0.373649
-0.373638 0.267834 0.368191 -0.374959 0.240946 0.373557
-0.373619 0.268324 0.368094 -0.374941 0.241413 0.373465
-0.373599 0.268814 0.367997 -0.374922 0.241879 0.373373
-0.37358 0.269304 0.367901 -0.374904 0.242346 0.373281
-0.373561 0.269794 0.367804 -0.374885 0.242813 0.373189
-0.373541 0.270284 0.367707 -0.374866 0.24328 0.373097
-0.373522 0.270775 0.36761 -0.374848 0.243747 0.373005
-0.373503 0.271265 0.367514 -0.374829 0.244214 0.372913
-0.373483 0.271755 0.367417 -0.374792 0.245149 0.372729
-0.373464 0.272245 0.36732 -0.374774 0.245616 0.372637
-0.373445 0.272735 0.367223 -0.374755 0.246084 0.372545
-0.373425 0.273225 0.367127 -0.374737 0.246552 0.372453
-0.373406 0.273716 0.36703 -0.374718 0.247021 0.372361
-0.373387 0.274206 0.366933 -0.374699 0.247489 0.372269
-0.373367 0.274696 0.366836 -0.374681 0.247958 0.372176
-0.373348 0.275186 0.36674 -0.374662 0.248428 0.372084
-0.373329 0.275676 0.366643 -0.374644 0.248897 0.371992
-0.373309 0.276166 0.366546 -0.374625 0.249367 0.371899
-0.37329 0.276657 0.366449 -0.374607 0.249836 0.371807
-0.373271 0.277147 0.366353 -0.374588 0.250305 0.371714
-0.373251 0.277637 0.366256 -0.37457 0.250774 0.371622
-0.373232 0.278127 0.366159 -0.374551 0.251242 0.37153
-0.373212 0.278617 0.366062 -0.374533 0.25171 0.371438
-0.373193 0.279107 0.365966 -0.374514 0.252179 0.371346
-0.373174 0.279598 0.365869 -0.374496 0.252647 0.371253
-0.373154 0.280088 0.365772 -0.374477 0.253116 0.371161
-0.373135 0.280578 0.365675 -0.374459 0.253586 0.371069
-0.373116 0.281068 0.365579 -0.37444 0.254056 0.370976
-0.373096 0.281558 0.365482 -0.374421 0.254526 0.370884
-0.373077 0.282049 0.365385 -0.374403 0.254996 0.370791
-0.373058 0.282539 0.365288 -0.374384 0.255467 0.370698
-0.373038 0.283029 0.365192 -0.374366 0.255938 0.370606
-0.373019 0.283519 0.365095 -0.374347 0.256408 0.370513
-0.373 0.284009 0.364998 -0.374329 0.256879 0.37042
-0.37298 0.284499 0.364901 -0.37431 0.25735 0.370328
-0.372961 0.28499 0.364805 -0.374292 0.257821 0.370235
-0.372942 0.28548 0.364708 -0.374273 0.258292 0.370142
-0.372922 0.28597 0.364611 -0.374255 0.258763 0.37005
-0.372903 0.28646 0.364514 -0.374236 0.259234 0.369957
-0.372884 0.28695 0.364418 -0.374218 0.259705 0.369864
-0.372864 0.28744 0.364321 -0.374199 0.260177 0.369771
-0.372845 0.287931 0.364224 -0.374181 0.260649 0.369678
-0.372825 0.288421 0.364127 -0.374162 0.261121 0.369585
-0.372806 0.288911 0.364031 -0.374143 0.261593 0.369493
-0.372787 0.289401 0.363934 -0.374106 0.262537 0.369307
-0.372767 0.289891 0.363837 -0.374088 0.26301 0.369214
-0.372748 0.290381 0.363741 -0.374069 0.263483 0.36912
-0.372729 0.290872 0.363644 -0.374051 0.263956 0.369027
-0.372709 0.291362 0.363547 -0.374032 0.26443 0.368934
-0.37269 0.291852 0.36345 -0.374013 0.264904 0.368841
-0.372671 0.292342 0.363354 -0.373995 0.265377 0.368748
-0.372651 0.292832 0.363257 -0.373976 0.265852 0.368654
-0.372632 0.293322 0.36316 -0.373958 0.266326 0.368561
-0.372613 0.293813 0.363063 -0.373939 0.266801 0.368468
-0.372593 0.294303 0.362967 -0.373921 0.267275 0.368374
-0.372574 0.294793 0.36287 -0.373902 0.26775 0.368281
-0.372555 0.295283 0.362773 -0.373883 0.268226 0.368187
-0.372535 0.295773 0.362676 -0.373865 0.268701 0.368094
-0.372516 0.296263 0.36258 -0.373846 0.269177 0.368
-0.372497 0.296754 0.362483 -0.373827 0.269652 0.367906
-0.372477 0.297244 0.362386 -0.373809 0.270128 0.367813
-0.372458 0.297734 0.362289 -0.37379 0.270603 0.367719
-0.372439 0.298224 0.362193 -0.373772 0.271079 0.367626
-0.372419 0.298714 0.362096 -0.373753 0.271554 0.367532
-0.3724 0.299204 0.361999 -0.373734 0.272029 0.367439
-0.37238 0.299695 0.361902 -0.373715 0.272504 0.367345
-0.372361 0.300185 0.361806 -0.373697 0.272979 0.367251
-0.372342 0.300675 0.361709 -0.373678 0.273455 0.367158
-0.372322 0.301165 0.361612 -0.373659 0.273929 0.367064
-0.372303 0.301655 0.361515 -0.373641 0.274404 0.366971
-0.372284 0.302145 0.361419 -0.373622 0.274879 0.366877
-0.372264 0.302636 0.361322 -0.373603 0.275354 0.366784
-0.372245 0.303126 0.361225 -0.373584 0.275829 0.36669
-0.372226 0.303616 0.361128 -0.373566 0.276304 0.366597
-0.372206 0.304106 0.361032 -0.373528 0.277254 0.36641
-0.372187 0.304596 0.360935 -0.373509 0.277729 0.366316
-0.372168 0.305086 0.360838 -0.373491 0.278204 0.366223
-0.372148 0.305577 0.360741 -0.373472 0.27868 0.366129
-0.372129 0.306067 0.360645 -0.373453 0.279155 0.366036
-0.37211 0.306557 0.360548 -0.373434 0.27963 0.365942
-0.37209 0.307047 0.360451 -0.373416 0.280106 0.365848
-0.372071 0.307537 0.360354 -0.373397 0.280582 0.365755
-0.372052 0.308027 0.360258 -0.373378 0.281057 0.365661
-0.372032 0.308518 0.360161 -0.373359 0.281533 0.365567
-0.372013 0.309008 0.360064 -0.373341 0.282009 0.365474
-0.371993 0.309498 0.359967 -0.373322 0.282486 0.36538
-0.371974 0.309988 0.359871 -0.373303 0.282962 0.365286
-0.371955 0.310478 0.359774 -0.373284 0.283438 0.365192
-0.371935 0.310969 0.359677 -0.373265 0.283915 0.365098
-0.371916 0.311459 0.359581 -0.373247 0.284392 0.365005
-0.371897 0.311949 0.359484 -0.373228 0.284868 0.364911
-0.371877 0.312439 0.359387 -0.373209 0.285345 0.364817
-0.371858 0.312929 0.35929 -0.37319 0.285822 0.364723
-0.371839 0.313419 0.359194 -0.373171 0.286299 0.364629
-0.371819 0.31391 0.359097 -0.373153 0.286776 0.364535
-0.3718 0.3144 0.359 -0.373134 0.287253 0.364441
-0.371781 0.31489 0.358903 -0.373115 0.28773 0.364347
-0.371761 0.31538 0.358807 -0.373096 0.288207 0.364253
-0.371742 0.31587 0.35871 -0.373077 0.288684 0.36416
-0.371723 0.31636 0.358613 -0.373058 0.28916 0.364066
-0.371703 0.316851 0.358516 -0.37304 0.289636 0.363972
-0.371684 0.317341 0.35842 -0.373002 0.290588 0.363785
-0.371665 0.317831 0.358323 -0.372983 0.291064 0.363691
-0.371645 0.318321 0.358226 -0.372964 0.291539 0.363597
-0.371626 0.318811 0.358129 -0.372945 0.292015 0.363503
-0.371607 0.319301 0.358033 -0.372926 0.292491 0.36341
-0.371587 0.319792 0.357936 -0.372908 0.292966 0.363316
-0.371568 0.320282 0.357839 -0.372889 0.293442 0.363222
-0.371548 0.320772 0.357742 -0.37287 0.293917 0.363129
-0.371529 0.321262 0.357646 -0.372851 0.294391 0.363035
-0.37151 0.321752 0.357549 -0.372832 0.294866 0.362942
-0.37149 0.322242 0.357452 -0.372813 0.29534 0.362848
-0.371471 0.322733 0.357355 -0.372794 0.295814 0.362755
-0.371452 0.323223 0.357259 -0.372775 0.296288 0.362662
-0.371432 0.323713 0.357162 -0.372756 0.296763 0.362568
-0.371413 0.324203 0.357065 -0.372738 0.297237 0.362475
-0.371394 0.324693 0.356968 -0.372719 0.297712 0.362381
-0.371374 0.325183 0.356872 -0.3727 0.298186 0.362288
-0.371355 0.325674 0.356775 -0.372681 0.29866 0.362194
-0.371336 0.326164 0.356678 -0.372662 0.299135 0.362101
-0.371316 0.326654 0.356581 -0.372643 0.299609 0.362007
-0.371297 0.327144 0.356485 -0.372624 0.300083 0.361914
-0.371278 0.327634 0.356388 -0.372605 0.300557 0.361821
-0.371258 0.328124 0.356291 -0.372587 0.30103 0.361727
-0.371239 0.328615 0.356194 -0.372568 0.301504 0.361634
-0.37122 0.329105 0.356098 -0.372549 0.301977 0.361541
-0.3712 0.329595 0.356001 -0.37253 0.30245 0.361448
-0.371181 0.330085 0.355904 -0.372511 0.302923 0.361354
-0.371162 0.330575 0.355808 -0.372492 0.303396 0.361261
-0.371142 0.331065 0.355711 -0.372473 0.30387 0.361168
-0.371123 0.331556 0.355614 -0.372455 0.304343 0.361075
-0.371103 0.332046 0.355517 -0.372436 0.304816 0.360981
-0.371084 0.332536 0.355421 -0.372398 0.305763 0.360795
-0.371065 0.333026 0.355324 -0.372379 0.306236 0.360702
-0.371045 0.333516 0.355227 -0.37236 0.30671 0.360608
-0.371026 0.334006 0.35513 -0.372342 0.307183 0.360515
-0.371007 0.334497 0.355034 -0.372323 0.307657 0.360422
-0.370987 0.334987 0.354937 -0.372304 0.308131 0.360328
-0.370968 0.335477 0.35484 -0.372285 0.308605 0.360235
-0.370949 0.335967 0.354743 -0.372266 0.309079 0.360142
-0.370929 0.336457 0.354647 -0.372247 0.309553 0.360048
-0.37091 0.336948 0.35455 -0.372229 0.310027 0.359955
-0.370891 0.337438 0.354453 -0.37221 0.310502 0.359861
-0.370871 0.337928 0.354356 -0.372191 0.310977 0.359768
-0.370852 0.338418 0.35426 -0.372172 0.311452 0.359674
-0.370833 0.338908 0.354163 -0.372154 0.311927 0.359581
-0.370813 0.339398 0.354066 -0.372135 0.312402 0.359487
-0.370794 0.339889 0.353969 -0.372116 0.312877 0.359394
-0.370775 0.340379 0.353873 -0.372097 0.313353 0.3593
-0.370755 0.340869 0.353776 -0.372078 0.313829 0.359206
-0.370736 0.341359 0.353679 -0.37206 0.314304 0.359113
-0.370716 0.341849 0.353582 -0.372041 0.314779 0.359019
-0.370697 0.342339 0.353486 -0.372022 0.315254 0.358925
-0.370678 0.34283 0.353389 -0.372003 0.315729 0.358832
-0.370658 0.34332 0.353292 -0.371984 0.316204 0.358738
-0.370639 0.34381 0.353195 -0.371966 0.316678 0.358645
-0.37062 0.3443 0.353099 -0.371947 0.317153 0.358551
-0.3706 0.34479 0.353002 -0.371928 0.317628 0.358458
-0.370581 0.34528 0.352905 -0.371909 0.318103 0.358364
-0.370562 0.345771 0.352808 -0.37189 0.318578 0.358271
-0.370542 0.346261 0.352712 -0.371872 0.319053 0.358177
-0.370523 0.346751 0.352615 -0.371853 0.319528 0.358084
-0.370504 0.347241 0.352518 -0.371834 0.320004 0.35799
-0.370484 0.347731 0.352421 -0.371815 0.320479 0.357896
-0.370465 0.348221 0.352325 -0.371796 0.320955 0.357803
-0.370446 0.348712 0.352228 -0.371778 0.32143 0.357709
-0.370426 0.349202 0.352131 -0.37174 0.322382 0.357522
-0.370407 0.349692 0.352034 -0.371721 0.322858 0.357428
-0.370388 0.350182 0.351938 -0.371702 0.323334 0.357334
-0.370368 0.350672 0.351841 -0.371684 0.32381 0.35724
-0.370349 0.351162 0.351744 -0.371665 0.324286 0.357147
-0.37033 0.351653 0.351648 -0.371646 0.324763 0.357053
-0.37031 0.352143 0.351551 -0.371627 0.325239 0.356959
-0.370291 0.352633 0.351454 -0.371608 0.325715 0.356865
-0.370271 0.353123 0.351357 -0.371589 0.326192 0.356771
-0.370252 0.353613 0.351261 -0.371571 0.326668 0.356677
-0.370233 0.354103 0.351164 -0.371552 0.327145 0.356584
-0.370213 0.354594 0.351067 -0.371533 0.327622 0.35649
-0.370194 0.355084 0.35097 -0.371514 0.328098 0.356396
-0.370175 0.355574 0.350874 -0.371495 0.328575 0.356302
-0.370155 0.356064 0.350777 -0.371477 0.329052 0.356208
-0.370136 0.356554 0.35068 -0.371458 0.329528 0.356114
-0.370117 0.357044 0.350583 -0.371439 0.330004 0.356021
-0.370097 0.357535 0.350487 -0.37142 0.33048 0.355927
-0.370078 0.358025 0.35039 -0.371401 0.330956 0.355833
-0.370059 0.358515 0.350293 -0.371382 0.331431 0.355739
-0.370039 0.359005 0.350196 -0.371364 0.331907 0.355646
-0.37002 0.359495 0.3501 -0.371345 0.332383 0.355552
-0.370001 0.359985 0.350003 -0.371326 0.332859 0.355458
-0.369981 0.360476 0.349906 -0.371307 0.333335 0.355364
-0.370001 0.359985 0.350003 -0.371288 0.333812 0.35527
-0.369981 0.360476 0.349906 -0.371269 0.334288 0.355177
-0.370001 0.359985 0.350003 -0.37125 0.334765 0.355083
-0.369981 0.360476 0.349906 -0.371232 0.335242 0.354989
-0.370001 0.359985 0.350003 -0.371213 0.335719 0.354895
-0.369981 0.360476 0.349906 -0.371194 0.336196 0.354801
-0.370001 0.359985 0.350003 -0.371175 0.336673 0.354707
-0.369981 0.360476 0.349906 -0.371156 0.33715 0.354613
-0.370001 0.359985 0.350003 -0.371137 0.337625 0.354519
-0.369981 0.360476 0.349906 -0.371118 0.3381 0.354426
-0.370001 0.359985 0.350003 -0.3711 0.338572 0.354333
-0.369981 0.360476 0.349906 -0.371081 0.339043 0.35424
-0.370001 0.359985 0.350003 -0.371062 0.33951 0.354147
-0.369981 0.360476 0.349906 -0.371043 0.339975 0.354056
-0.370001 0.359985 0.350003 -0.371024 0.340437 0.353964
-0.369981 0.360476 0.349906 -0.371004 0.340895 0.353874
-0.370001 0.359985 0.350003 -0.370985 0.341349 0.353784
-0.369981 0.360476 0.349906 -0.370966 0.341798 0.353695
-0.370001 0.359985 0.350003 -0.370928 0.342683 0.353519
-0.369981 0.360476 0.349906 -0.370909 0.343118 0.353433
-0.370001 0.359985 0.350003 -0.37089 0.343548 0.353347
-0.369981 0.360476 0.349906 -0.370871 0.343972 0.353263
-0.370001 0.359985 0.350003 -0.370852 0.34439 0.353179
-0.369981 0.360476 0.349906 -0.370833 0.344802 0.353097
-0.370001 0.359985 0.350003 -0.370814 0.345209 0.353016
-0.369981 0.360476 0.349906 -0.370796 0.345609 0.352935
-0.370001 0.359985 0.350003 -0.370777 0.346003 0.352857
-0.369981 0.360476 0.349906 -0.370758 0.346391 0.352779
-0.370001 0.359985 0.350003 -0.37074 0.346773 0.352702
-0.369981 0.360476 0.349906 -0.370722 0.347148 0.352627
-0.370001 0.359985 0.350003 -0.370703 0.347516 0.352553
-0.369981 0.360476 0.349906 -0.370685 0.347878 0.35248
-0.370001 0.359985 0.350003 -0.370668 0.348233 0.352408
-0.369981 0.360476 0.349906 -0.37065 0.348581 0.352338
-0.370001 0.359985 0.350003 -0.370632 0.348922 0.352269
-0.369981 0.360476 0.349906 -0.370615 0.349257 0.352201
-0.370001 0.359985 0.350003 -0.370598 0.349585 0.352135
-0.369981 0.360476 0.349906 -0.370581 0.349906 0.35207
-0.370001 0.359985 0.350003 -0.370564 0.35022 0.352006
-0.369981 0.360476 0.349906 -0.370548 0.350528 0.351944
-0.370001 0.359985 0.350003 -0.370532 0.35083 0.351882
-0.369981 0.360476 0.349906 -0.370516 0.351125 0.351822
-0.370001 0.359985 0.350003 -0.3705 0.351413 0.351764
-0.369981 0.360476 0.349906 -0.370484 0.351695 0.351706
-0.370001 0.359985 0.350003 -0.370469 0.35197 0.35165
-0.369981 0.360476 0.349906 -0.370454 0.352238 0.351595
-0.370001 0.359985 0.350003 -0.370439 0.3525 0.351542
-0.369981 0.360476 0.349906 -0.370425 0.352756 0.35149
-0.370001 0.359985 0.350003 -0.370411 0.353005 0.351439
-0.369981 0.360476 0.349906 -0.370397 0.353247 0.351389
-0.370001 0.359985 0.350003 -0.37037 0.353712 0.351294
-0.369981 0.360476 0.349906 -0.370357 0.353935 0.351248
-0.370001 0.359985 0.350003 -0.370344 0.354153 0.351203
-0.369981 0.360476 0.349906 -0.370332 0.354364 0.35116
-0.370001 0.359985 0.350003 -0.37032 0.354569 0.351118
-0.369981 0.360476 0.349906 -0.370308 0.354769 0.351077
-0.370001 0.359985 0.350003 -0.370296 0.354962 0.351037
-0.369981 0.360476 0.349906 -0.370285 0.355151 0.350998
-0.370001 0.359985 0.350003 -0.370274 0.355334 0.350961
-0.369981 0.360476 0.349906 -0.370263 0.355511 0.350924
-0.370001 0.359985 0.350003 -0.370253 0.355684 0.350888
-0.369981 0.360476 0.349906 -0.370243 0.355851 0.350854
-0.370001 0.359985 0.350003 -0.370233 0.356014 0.35082
-0.369981 0.360476 0.349906 -0.370223 0.356171 0.350788
-0.370001 0.359985 0.350003 -0.370214 0.356324 0.350756
-0.369981 0.360476 0.349906 -0.370205 0.356472 0.350726
-0.370001 0.359985 0.350003 -0.370196 0.356615 0.350696
-0.369981 0.360476 0.349906 -0.370187 0.356754 0.350667
-0.370001 0.359985 0.350003 -0.370179 0.356888 0.35064
-0.369981 0.360476 0.349906 -0.370171 0.357018 0.350613
-0.370001 0.359985 0.350003 -0.370163 0.357144 0.350587
-0.369981 0.360476 0.349906 -0.370156 0.357265 0.350562
-0.370001 0.359985 0.350003 -0.370149 0.357383 0.350537
-0.369981 0.360476 0.349906 -0.370142 0.357497 0.350514
-0.370001 0.359985 0.350003 -0.370135 0.357607 0.350491
-0.369981 0.360476 0.349906 -0.370128 0.357714 0.350469
-0.370001 0.359985 0.350003 -0.370122 0.357817 0.350447
-0.369981 0.360476 0.349906 -0.370115 0.357917 0.350427
-0.370001 0.359985 0.350003 -0.370109 0.358015 0.350407
-0.369981 0.360476 0.349906 -0.370104 0.358109 0.350387
-0.370001 0.359985 0.350003 -0.370098 0.3582 0.350368
-0.369981 0.360476 0.349906 -0.370093 0.358289 0.35035
-0.370001 0.359985 0.350003 -0.370087 0.358375 0.350332
-0.369981 0.360476 0.349906 -0.370077 0.358539 0.350298
-0.370001 0.359985 0.350003 -0.370073 0.358617 0.350282
-0.369981 0.360476 0.349906 -0.370068 0.358693 0.350266
-0.370001 0.359985 0.350003 -0.370063 0.358767 0.350251
-0.369981 0.360476 0.349906 -0.370059 0.358838 0.350236
-0.370001 0.359985 0.350003 -0.370055 0.358907 0.350222
-0.369981 0.360476 0.349906 -0.370051 0.358973 0.350208
-0.370001 0.359985 0.350003 -0.370047 0.359037 0.350195
