-0.399972 -0.399287 0.499859 -0.399991 -0.399777 0.499956
-0.399953 -0.398797 0.499763 -0.399991 -0.399777 0.499956
-0.399933 -0.398307 0.499666 -0.399991 -0.399777 0.499956
-0.399914 -0.397817 0.499569 -0.399991 -0.399777 0.499956
-0.399894 -0.397327 0.499472 -0.399991 -0.399774 0.499955
-0.399875 -0.396836 0.499376 -0.399991 -0.399772 0.499955
-0.399856 -0.396346 0.499279 -0.399991 -0.39977 0.499954
-0.399836 -0.395856 0.499182 -0.399991 -0.399767 0.499954
-0.399817 -0.395366 0.499085 -0.39999 -0.399759 0.499952
-0.399798 -0.394876 0.498989 -0.39999 -0.399754 0.499951
-0.399778 -0.394386 0.498892 -0.39999 -0.399746 0.49995
-0.399759 -0.393895 0.498795 -0.399989 -0.399736 0.499948
-0.39974 -0.393405 0.498698 -0.399989 -0.399724 0.499945
-0.39972 -0.392915 0.498602 -0.399988 -0.399709 0.499943
-0.399701 -0.392425 0.498505 -0.399988 -0.399693 0.499939
-0.399682 -0.391935 0.498408 -0.399987 -0.399674 0.499936
-0.399662 -0.391444 0.498311 -0.399986 -0.399654 0.499932
-0.399643 -0.390954 0.498215 -0.399984 -0.399609 0.499923
-0.399624 -0.390464 0.498118 -0.399983 -0.399585 0.499918
-0.399604 -0.389974 0.498021 -0.399982 -0.399558 0.499913
-0.399585 -0.389484 0.497924 -0.399981 -0.399527 0.499907
-0.399566 -0.388994 0.497828 -0.39998 -0.39949 0.499899
-0.399546 -0.388503 0.497731 -0.399978 -0.399447 0.499891
-0.399527 -0.388013 0.497634 -0.399976 -0.399398 0.499882
-0.399507 -0.387523 0.497537 -0.399974 -0.399341 0.499871
-0.399488 -0.387033 0.497441 -0.399972 -0.399278 0.499858
-0.399469 -0.386543 0.497344 -0.39997 -0.399207 0.499845
-0.399449 -0.386053 0.497247 -0.399967 -0.399129 0.49983
-0.39943 -0.385562 0.49715 -0.399964 -0.399044 0.499813
-0.399411 -0.385072 0.497054 -0.399958 -0.39885 0.499776
-0.399391 -0.384582 0.496957 -0.399954 -0.398742 0.499755
-0.399372 -0.384092 0.49686 -0.39995 -0.398627 0.499733
-0.399353 -0.383602 0.496764 -0.399946 -0.398504 0.499709
-0.399333 -0.383112 0.496667 -0.399942 -0.398374 0.499685
-0.399314 -0.382621 0.49657 -0.399938 -0.398236 0.499658
-0.399295 -0.382131 0.496473 -0.399933 -0.398092 0.499631
-0.399275 -0.381641 0.496377 -0.399928 -0.39794 0.499601
-0.399256 -0.381151 0.49628 -0.399923 -0.397782 0.499571
-0.399237 -0.380661 0.496183 -0.399918 -0.397617 0.49954
-0.399217 -0.380171 0.496086 -0.399912 -0.397445 0.499507
-0.399198 -0.37968 0.49599 -0.399906 -0.397266 0.499473
-0.399179 -0.37919 0.495893 -0.399901 -0.397081 0.499437
-0.399159 -0.3787 0.495796 -0.399894 -0.396889 0.499401
-0.39914 -0.37821 0.495699 -0.399888 -0.396691 0.499363
-0.399121 -0.37772 0.495603 -0.399868 -0.396057 0.499242
-0.399101 -0.37723 0.495506 -0.399861 -0.395834 0.499199
-0.399082 -0.376739 0.495409 -0.399854 -0.395606 0.499155
-0.399062 -0.376249 0.495312 -0.399846 -0.395373 0.499111
-0.399043 -0.375759 0.495216 -0.399839 -0.395135 0.499065
-0.399024 -0.375269 0.495119 -0.399831 -0.394892 0.499019
-0.399004 -0.374779 0.495022 -0.399823 -0.394644 0.498972
-0.398985 -0.374289 0.494925 -0.399815 -0.394392 0.498923
-0.398966 -0.373798 0.494829 -0.399807 -0.394134 0.498874
-0.398946 -0.373308 0.494732 -0.399798 -0.393871 0.498824
-0.398927 -0.372818 0.494635 -0.399789 -0.393604 0.498772
-0.398908 -0.372328 0.494538 -0.399781 -0.39333 0.49872
-0.398888 -0.371838 0.494442 -0.399772 -0.393052 0.498667
-0.398869 -0.371348 0.494345 -0.399763 -0.392769 0.498613
-0.39885 -0.370857 0.494248 -0.399753 -0.392481 0.498557
-0.39883 -0.370367 0.494151 -0.399744 -0.392187 0.498501
-0.398811 -0.369877 0.494055 -0.399734 -0.391889 0.498444
-0.398792 -0.369387 0.493958 -0.399724 -0.391587 0.498386
-0.398772 -0.368897 0.493861 -0.399714 -0.39128 0.498327
-0.398753 -0.368407 0.493764 -0.399704 -0.390968 0.498267
-0.398734 -0.367916 0.493668 -0.399694 -0.390652 0.498207
-0.398714 -0.367426 0.493571 -0.399683 -0.390332 0.498145
-0.398695 -0.366936 0.493474 -0.399673 -0.390008 0.498083
-0.398675 -0.366446 0.493377 -0.399662 -0.389679 0.49802
-0.398656 -0.365956 0.493281 -0.399651 -0.389347 0.497956
-0.398637 -0.365466 0.493184 -0.39964 -0.38901 0.497891
-0.398617 -0.364975 0.493087 -0.399629 -0.388669 0.497826
-0.398598 -0.364485 0.49299 -0.399617 -0.388324 0.49776
-0.398579 -0.363995 0.492894 -0.399606 -0.387976 0.497693
-0.398559 -0.363505 0.492797 -0.399594 -0.387624 0.497625
-0.39854 -0.363015 0.4927 -0.399582 -0.387268 0.497556
-0.398521 -0.362524 0.492604 -0.399558 -0.386545 0.497417
-0.398501 -0.362034 0.492507 -0.399546 -0.386179 0.497347
-0.398482 -0.361544 0.49241 -0.399534 -0.385809 0.497275
-0.398463 -0.361054 0.492313 -0.399521 -0.385437 0.497204
-0.398443 -0.360564 0.492217 -0.399509 -0.385062 0.497131
-0.398424 -0.360074 0.49212 -0.399496 -0.384684 0.497058
-0.398405 -0.359583 0.492023 -0.399483 -0.384302 0.496985
-0.398385 -0.359093 0.491926 -0.39947 -0.383918 0.49691
-0.398366 -0.358603 0.49183 -0.399456 -0.38353 0.496835
-0.398347 -0.358113 0.491733 -0.399443 -0.383139 0.49676
-0.398327 -0.357623 0.491636 -0.39943 -0.382745 0.496684
-0.398308 -0.357133 0.491539 -0.399416 -0.382348 0.496607
-0.398289 -0.356642 0.491443 -0.399402 -0.381948 0.49653
-0.398269 -0.356152 0.491346 -0.399389 -0.381546 0.496452
-0.39825 -0.355662 0.491249 -0.399375 -0.38114 0.496373
-0.39823 -0.355172 0.491152 -0.39936 -0.380732 0.496294
-0.398211 -0.354682 0.491056 -0.399346 -0.380322 0.496215
-0.398192 -0.354192 0.490959 -0.399332 -0.379909 0.496135
-0.398172 -0.353701 0.490862 -0.399317 -0.379495 0.496054
-0.398153 -0.353211 0.490765 -0.399303 -0.379078 0.495974
-0.398134 -0.352721 0.490669 -0.399288 -0.378659 0.495892
-0.398114 -0.352231 0.490572 -0.399273 -0.378238 0.495811
-0.398095 -0.351741 0.490475 -0.399259 -0.377815 0.495728
-0.398076 -0.351251 0.490378 -0.399244 -0.377389 0.495646
-0.398056 -0.35076 0.490282 -0.399228 -0.376961 0.495562
-0.398037 -0.35027 0.490185 -0.399213 -0.376531 0.495479
-0.398018 -0.34978 0.490088 -0.399198 -0.3761 0.495395
-0.397998 -0.34929 0.489991 -0.399182 -0.375666 0.495311
-0.397979 -0.3488 0.489895 -0.399167 -0.37523 0.495226
-0.39796 -0.34831 0.489798 -0.399151 -0.374793 0.495141
-0.39794 -0.347819 0.489701 -0.399135 -0.374354 0.495055
-0.397921 -0.347329 0.489604 -0.39912 -0.373914 0.494969
-0.397902 -0.346839 0.489508 -0.399104 -0.373472 0.494883
-0.397882 -0.346349 0.489411 -0.399088 -0.373029 0.494797
-0.397863 -0.345859 0.489314 -0.399072 -0.372584 0.49471
-0.397843 -0.345369 0.489217 -0.399055 -0.372139 0.494623
-0.397824 -0.344878 0.489121 -0.399039 -0.371692 0.494536
-0.397805 -0.344388 0.489024 -0.399006 -0.370794 0.49436
-0.397785 -0.343898 0.488927 -0.39899 -0.370343 0.494272
-0.397766 -0.343408 0.488831 -0.398973 -0.369891 0.494184
-0.397747 -0.342918 0.488734 -0.398956 -0.369438 0.494095
-0.397727 -0.342428 0.488637 -0.39894 -0.368983 0.494006
-0.397708 -0.341937 0.48854 -0.398923 -0.368528 0.493917
-0.397689 -0.341447 0.488444 -0.398906 -0.368071 0.493828
-0.397669 -0.340957 0.488347 -0.398889 -0.367614 0.493738
-0.39765 -0.340467 0.48825 -0.398872 -0.367156 0.493648
-0.397631 -0.339977 0.488153 -0.398855 -0.366696 0.493558
-0.397611 -0.339487 0.488057 -0.398838 -0.366236 0.493468
-0.397592 -0.338996 0.48796 -0.39882 -0.365775 0.493377
-0.397573 -0.338506 0.487863 -0.398803 -0.365313 0.493287
-0.397553 -0.338016 0.487766 -0.398786 -0.364851 0.493196
-0.397534 -0.337526 0.48767 -0.398768 -0.364388 0.493105
-0.397515 -0.337036 0.487573 -0.398751 -0.363924 0.493014
-0.397495 -0.336546 0.487476 -0.398733 -0.363459 0.492923
-0.397476 -0.336055 0.487379 -0.398716 -0.362993 0.492831
-0.397457 -0.335565 0.487283 -0.398698 -0.362527 0.49274
-0.397437 -0.335075 0.487186 -0.39868 -0.36206 0.492648
-0.397418 -0.334585 0.487089 -0.398662 -0.361593 0.492556
-0.397398 -0.334095 0.486992 -0.398645 -0.361125 0.492464
-0.397379 -0.333604 0.486896 -0.398627 -0.360656 0.492372
-0.39736 -0.333114 0.486799 -0.398609 -0.360187 0.492279
-0.39734 -0.332624 0.486702 -0.398591 -0.359718 0.492187
-0.397321 -0.332134 0.486605 -0.398573 -0.359248 0.492094
-0.397302 -0.331644 0.486509 -0.398555 -0.358779 0.492002
-0.397282 -0.331154 0.486412 -0.398519 -0.357838 0.491817
-0.397263 -0.330663 0.486315 -0.398501 -0.357367 0.491724
-0.397244 -0.330173 0.486218 -0.398482 -0.356896 0.491631
-0.397224 -0.329683 0.486122 -0.398464 -0.356424 0.491538
-0.397205 -0.329193 0.486025 -0.398446 -0.355953 0.491445
-0.397186 -0.328703 0.485928 -0.398428 -0.355481 0.491352
-0.397166 -0.328213 0.485831 -0.398409 -0.355008 0.491259
-0.397147 -0.327722 0.485735 -0.398391 -0.354535 0.491165
-0.397128 -0.327232 0.485638 -0.398373 -0.354062 0.491072
-0.397108 -0.326742 0.485541 -0.398354 -0.353589 0.490979
-0.397089 -0.326252 0.485444 -0.398336 -0.353116 0.490885
-0.39707 -0.325762 0.485348 -0.398317 -0.352642 0.490792
-0.39705 -0.325272 0.485251 -0.398299 -0.352168 0.490698
-0.397031 -0.324781 0.485154 -0.39828 -0.351694 0.490604
-0.397011 -0.324291 0.485057 -0.398262 -0.35122 0.490511
-0.396992 -0.323801 0.484961 -0.398243 -0.350746 0.490417
-0.396973 -0.323311 0.484864 -0.398225 -0.350272 0.490323
-0.396953 -0.322821 0.484767 -0.398206 -0.349798 0.49023
-0.396934 -0.322331 0.484671 -0.398187 -0.349325 0.490136
-0.396915 -0.32184 0.484574 -0.398169 -0.348851 0.490043
-0.396895 -0.32135 0.484477 -0.39815 -0.348378 0.489949
-0.396876 -0.32086 0.48438 -0.398075 -0.346483 0.489574
-0.396857 -0.32037 0.484284 -0.398057 -0.346008 0.48948
-0.396837 -0.31988 0.484187 -0.398038 -0.345534 0.489386
-0.396818 -0.31939 0.48409 -0.398019 -0.345059 0.489292
-0.396799 -0.318899 0.483993 -0.398001 -0.344586 0.489199
-0.396779 -0.318409 0.483897 -0.397982 -0.344113 0.489105
-0.39676 -0.317919 0.4838 -0.397963 -0.343642 0.489012
-0.396741 -0.317429 0.483703 -0.397944 -0.343172 0.488919
-0.396721 -0.316939 0.483606 -0.397926 -0.342703 0.488826
-0.396702 -0.316449 0.48351 -0.397907 -0.342235 0.488733
-0.396683 -0.315958 0.483413 -0.397888 -0.341769 0.488641
-0.396663 -0.315468 0.483316 -0.397869 -0.341303 0.488548
-0.396644 -0.314978 0.483219 -0.397851 -0.340839 0.488456
-0.396625 -0.314488 0.483123 -0.397832 -0.340376 0.488364
-0.396605 -0.313998 0.483026 -0.397813 -0.339913 0.488272
-0.396586 -0.313508 0.482929 -0.397795 -0.339451 0.48818
-0.396566 -0.313017 0.482832 -0.397776 -0.33899 0.488089
-0.396547 -0.312527 0.482736 -0.397757 -0.338529 0.487997
-0.396528 -0.312037 0.482639 -0.39772 -0.33761 0.487815
-0.396508 -0.311547 0.482542 -0.397701 -0.337152 0.487724
-0.396489 -0.311057 0.482445 -0.397683 -0.336695 0.487633
-0.39647 -0.310567 0.482349 -0.397664 -0.336239 0.487542
-0.39645 -0.310076 0.482252 -0.397645 -0.335783 0.487452
-0.396431 -0.309586 0.482155 -0.397627 -0.335328 0.487361
-0.396412 -0.309096 0.482058 -0.397608 -0.334872 0.487271
-0.396392 -0.308606 0.481962 -0.39759 -0.334417 0.48718
-0.396373 -0.308116 0.481865 -0.397571 -0.333961 0.48709
-0.396354 -0.307626 0.481768 -0.397553 -0.333505 0.486999
-0.396334 -0.307135 0.481671 -0.397534 -0.333049 0.486909
-0.396315 -0.306645 0.481575 -0.397516 -0.332594 0.486818
-0.396296 -0.306155 0.481478 -0.397498 -0.332138 0.486728
-0.396276 -0.305665 0.481381 -0.397479 -0.331681 0.486637
-0.396257 -0.305175 0.481284 -0.397461 -0.331225 0.486547
-0.396238 -0.304684 0.481188 -0.397443 -0.330768 0.486456
-0.396218 -0.304194 0.481091 -0.397424 -0.330311 0.486365
-0.396199 -0.303704 0.480994 -0.397406 -0.329854 0.486275
-0.396179 -0.303214 0.480897 -0.397388 -0.329397 0.486184
-0.39616 -0.302724 0.480801 -0.397369 -0.32894 0.486094
-0.396141 -0.302234 0.480704 -0.397351 -0.328483 0.486003
-0.396121 -0.301743 0.480607 -0.397333 -0.328025 0.485912
-0.396102 -0.301253 0.480511 -0.397314 -0.327567 0.485821
-0.396083 -0.300763 0.480414 -0.397296 -0.327109 0.485731
-0.396063 -0.300273 0.480317 -0.397278 -0.32665 0.48564
-0.396044 -0.299783 0.48022 -0.39726 -0.326191 0.485549
-0.396025 -0.299293 0.480124 -0.397241 -0.325733 0.485458
-0.396005 -0.298802 0.480027 -0.397223 -0.325274 0.485367
-0.395986 -0.298312 0.47993 -0.397205 -0.324814 0.485276
-0.395967 -0.297822 0.479833 -0.397187 -0.324355 0.485185
-0.395947 -0.297332 0.479737 -0.39715 -0.323436 0.485003
-0.395928 -0.296842 0.47964 -0.397132 -0.322976 0.484912
-0.395909 -0.296352 0.479543 -0.397114 -0.322515 0.484821
-0.395889 -0.295861 0.479446 -0.397096 -0.322055 0.48473
-0.39587 -0.295371 0.47935 -0.397078 -0.321594 0.484639
-0.395851 -0.294881 0.479253 -0.397059 -0.321132 0.484548
-0.395831 -0.294391 0.479156 -0.397041 -0.320671 0.484456
-0.395812 -0.293901 0.479059 -0.397023 -0.320209 0.484365
-0.395793 -0.293411 0.478963 -0.397005 -0.319747 0.484274
-0.395773 -0.29292 0.478866 -0.396987 -0.319284 0.484182
-0.395754 -0.29243 0.478769 -0.396969 -0.318821 0.484091
-0.395734 -0.29194 0.478672 -0.39695 -0.318357 0.483999
-0.395715 -0.29145 0.478576 -0.396932 -0.317894 0.483907
-0.395696 -0.29096 0.478479 -0.396914 -0.31743 0.483816
-0.395676 -0.29047 0.478382 -0.396896 -0.316965 0.483724
-0.395657 -0.289979 0.478285 -0.396878 -0.3165 0.483632
-0.395638 -0.289489 0.478189 -0.39686 -0.316035 0.48354
-0.395618 -0.288999 0.478092 -0.396841 -0.31557 0.483448
-0.395599 -0.288509 0.477995 -0.396823 -0.315104 0.483356
-0.39558 -0.288019 0.477898 -0.396805 -0.314638 0.483264
-0.39556 -0.287529 0.477802 -0.396787 -0.314171 0.483172
-0.395541 -0.287038 0.477705 -0.396769 -0.313704 0.483079
-0.395522 -0.286548 0.477608 -0.396751 -0.313237 0.482987
-0.395502 -0.286058 0.477511 -0.396732 -0.312769 0.482895
-0.395483 -0.285568 0.477415 -0.396714 -0.312301 0.482802
-0.395464 -0.285078 0.477318 -0.396696 -0.311833 0.48271
-0.395444 -0.284588 0.477221 -0.396678 -0.311365 0.482617
-0.395425 -0.284097 0.477124 -0.39666 -0.310896 0.482525
-0.395406 -0.283607 0.477028 -0.396641 -0.310427 0.482432
-0.395386 -0.283117 0.476931 -0.396623 -0.309958 0.48234
-0.395367 -0.282627 0.476834 -0.396587 -0.309022 0.482155
-0.395348 -0.282137 0.476738 -0.396568 -0.308554 0.482062
-0.395328 -0.281647 0.476641 -0.39655 -0.308087 0.48197
-0.395309 -0.281156 0.476544 -0.396532 -0.307619 0.481878
-0.395289 -0.280666 0.476447 -0.396514 -0.307151 0.481785
-0.39527 -0.280176 0.476351 -0.396495 -0.306683 0.481693
-0.395251 -0.279686 0.476254 -0.396477 -0.306215 0.4816
-0.395231 -0.279196 0.476157 -0.396459 -0.305746 0.481508
-0.395212 -0.278705 0.47606 -0.396441 -0.305278 0.481415
-0.395193 -0.278215 0.475964 -0.396422 -0.304809 0.481322
-0.395173 -0.277725 0.475867 -0.396404 -0.304339 0.48123
-0.395154 -0.277235 0.47577 -0.396386 -0.30387 0.481137
-0.395135 -0.276745 0.475673 -0.396367 -0.3034 0.481044
-0.395115 -0.276255 0.475577 -0.396349 -0.302931 0.480951
-0.395096 -0.275764 0.47548 -0.396331 -0.302461 0.480859
-0.395077 -0.275274 0.475383 -0.396313 -0.301991 0.480766
-0.395057 -0.274784 0.475286 -0.396294 -0.301522 0.480673
-0.395038 -0.274294 0.47519 -0.396276 -0.301052 0.48058
-0.395019 -0.273804 0.475093 -0.396258 -0.300583 0.480488
-0.394999 -0.273314 0.474996 -0.396239 -0.300113 0.480395
-0.39498 -0.272823 0.474899 -0.396221 -0.299643 0.480302
-0.394961 -0.272333 0.474803 -0.396203 -0.299173 0.480209
-0.394941 -0.271843 0.474706 -0.396184 -0.298703 0.480116
-0.394922 -0.271353 0.474609 -0.396166 -0.298233 0.480023
-0.394902 -0.270863 0.474512 -0.396148 -0.297762 0.47993
-0.394883 -0.270373 0.474416 -0.396129 -0.297292 0.479837
-0.394864 -0.269882 0.474319 -0.396111 -0.296822 0.479744
-0.394844 -0.269392 0.474222 -0.396092 -0.296351 0.479652
-0.394825 -0.268902 0.474125 -0.396074 -0.295881 0.479559
-0.394806 -0.268412 0.474029 -0.396056 -0.29541 0.479466
-0.394786 -0.267922 0.473932 -0.396037 -0.294939 0.479373
-0.394767 -0.267432 0.473835 -0.396019 -0.294469 0.47928
-0.394748 -0.266941 0.473738 -0.396001 -0.293998 0.479187
-0.394728 -0.266451 0.473642 -0.395982 -0.293527 0.479093
-0.394709 -0.265961 0.473545 -0.395964 -0.293055 0.479
-0.39469 -0.265471 0.473448 -0.395927 -0.292112 0.478814
-0.39467 -0.264981 0.473351 -0.395909 -0.29164 0.478721
-0.394651 -0.264491 0.473255 -0.39589 -0.291168 0.478627
-0.394632 -0.264 0.473158 -0.395872 -0.290696 0.478534
-0.394612 -0.26351 0.473061 -0.395853 -0.290223 0.478441
-0.394593 -0.26302 0.472964 -0.395835 -0.28975 0.478347
-0.394574 -0.26253 0.472868 -0.395798 -0.288804 0.47816
-0.394554 -0.26204 0.472771 -0.39578 -0.28833 0.478067
-0.394535 -0.26155 0.472674 -0.395761 -0.287857 0.477973
-0.394516 -0.261059 0.472578 -0.395743 -0.287383 0.47788
-0.394496 -0.260569 0.472481 -0.395724 -0.286909 0.477786
-0.394477 -0.260079 0.472384 -0.395706 -0.286436 0.477693
-0.394457 -0.259589 0.472287 -0.395688 -0.285963 0.477599
-0.394438 -0.259099 0.472191 -0.395669 -0.285491 0.477506
-0.394419 -0.258609 0.472094 -0.395651 -0.285018 0.477413
-0.394399 -0.258118 0.471997 -0.395632 -0.284546 0.477319
-0.39438 -0.257628 0.4719 -0.395614 -0.284074 0.477226
-0.394361 -0.257138 0.471804 -0.395595 -0.283602 0.477133
-0.394341 -0.256648 0.471707 -0.395577 -0.28313 0.477039
-0.394322 -0.256158 0.47161 -0.395558 -0.282658 0.476946
-0.394303 -0.255668 0.471513 -0.39554 -0.282186 0.476853
-0.394283 -0.255177 0.471417 -0.395521 -0.281714 0.476759
-0.394264 -0.254687 0.47132 -0.395503 -0.281242 0.476666
-0.394245 -0.254197 0.471223 -0.395484 -0.28077 0.476573
-0.394225 -0.253707 0.471126 -0.395466 -0.280298 0.476479
-0.394206 -0.253217 0.47103 -0.395447 -0.279826 0.476386
-0.394187 -0.252727 0.470933 -0.395429 -0.279355 0.476293
-0.394167 -0.252236 0.470836 -0.39541 -0.278883 0.4762
-0.394148 -0.251746 0.470739 -0.395392 -0.278412 0.476107
-0.394129 -0.251256 0.470643 -0.395373 -0.277941 0.476014
-0.394109 -0.250766 0.470546 -0.395355 -0.27747 0.47592
-0.39409 -0.250276 0.470449 -0.395336 -0.276999 0.475827
-0.39407 -0.249785 0.470352 -0.395318 -0.276528 0.475734
-0.394051 -0.249295 0.470256 -0.395299 -0.276057 0.475641
-0.394032 -0.248805 0.470159 -0.395281 -0.275586 0.475548
-0.394012 -0.248315 0.470062 -0.395262 -0.275115 0.475455
-0.393993 -0.247825 0.469965 -0.395244 -0.274644 0.475362
-0.393974 -0.247335 0.469869 -0.395225 -0.274174 0.475268
-0.393954 -0.246844 0.469772 -0.395207 -0.273703 0.475175
-0.393935 -0.246354 0.469675 -0.395188 -0.273231 0.475082
-0.393916 -0.245864 0.469578 -0.395151 -0.272288 0.474896
-0.393896 -0.245374 0.469482 -0.395133 -0.271816 0.474802
-0.393877 -0.244884 0.469385 -0.395114 -0.271344 0.474709
-0.393858 -0.244394 0.469288 -0.395096 -0.270872 0.474616
-0.393838 -0.243903 0.469191 -0.395077 -0.2704 0.474522
-0.393819 -0.243413 0.469095 -0.395059 -0.269928 0.474429
-0.3938 -0.242923 0.468998 -0.39504 -0.269456 0.474336
-0.39378 -0.242433 0.468901 -0.395022 -0.268984 0.474242
-0.393761 -0.241943 0.468804 -0.395003 -0.268512 0.474149
-0.393742 -0.241453 0.468708 -0.394985 -0.268039 0.474056
-0.393722 -0.240962 0.468611 -0.394967 -0.267567 0.473962
-0.393703 -0.240472 0.468514 -0.394948 -0.267094 0.473869
-0.393684 -0.239982 0.468418 -0.39493 -0.266622 0.473776
-0.393664 -0.239492 0.468321 -0.394911 -0.266149 0.473682
-0.393645 -0.239002 0.468224 -0.394893 -0.265676 0.473589
-0.393625 -0.238512 0.468127 -0.394874 -0.265203 0.473495
-0.393606 -0.238021 0.468031 -0.394856 -0.26473 0.473402
-0.393587 -0.237531 0.467934 -0.394837 -0.264257 0.473308
-0.393567 -0.237041 0.467837 -0.394819 -0.263784 0.473215
-0.393548 -0.236551 0.46774 -0.3948 -0.26331 0.473121
-0.393529 -0.236061 0.467644 -0.394782 -0.262836 0.473027
-0.393509 -0.235571 0.467547 -0.394763 -0.262362 0.472934
-0.39349 -0.23508 0.46745 -0.394745 -0.261888 0.47284
-0.393471 -0.23459 0.467353 -0.394726 -0.261413 0.472746
-0.393451 -0.2341 0.467257 -0.394708 -0.260939 0.472652
-0.393432 -0.23361 0.46716 -0.394689 -0.260464 0.472558
-0.393413 -0.23312 0.467063 -0.394671 -0.259989 0.472465
-0.393393 -0.23263 0.466966 -0.394652 -0.259514 0.472371
-0.393374 -0.232139 0.46687 -0.394634 -0.259039 0.472277
-0.393355 -0.231649 0.466773 -0.394615 -0.258564 0.472183
-0.393335 -0.231159 0.466676 -0.394597 -0.258088 0.472089
-0.393316 -0.230669 0.466579 -0.394578 -0.257613 0.471995
-0.393297 -0.230179 0.466483 -0.39456 -0.257138 0.471901
-0.393277 -0.229689 0.466386 -0.394541 -0.256663 0.471807
-0.393258 -0.229198 0.466289 -0.394522 -0.256188 0.471713
-0.393238 -0.228708 0.466192 -0.394485 -0.255239 0.471526
-0.393219 -0.228218 0.466096 -0.394467 -0.254764 0.471432
-0.3932 -0.227728 0.465999 -0.394448 -0.25429 0.471338
-0.39318 -0.227238 0.465902 -0.39443 -0.253815 0.471244
-0.393161 -0.226748 0.465805 -0.394411 -0.253341 0.471151
-0.393142 -0.226257 0.465709 -0.394393 -0.252867 0.471057
-0.393122 -0.225767 0.465612 -0.394374 -0.252392 0.470963
-0.393103 -0.225277 0.465515 -0.394355 -0.251918 0.470869
-0.393084 -0.224787 0.465418 -0.394337 -0.251443 0.470775
-0.393064 -0.224297 0.465322 -0.394318 -0.250969 0.470682
-0.393045 -0.223807 0.465225 -0.3943 -0.250495 0.470588
-0.393026 -0.223316 0.465128 -0.394281 -0.25002 0.470494
-0.393006 -0.222826 0.465031 -0.394263 -0.249546 0.4704
-0.392987 -0.222336 0.464935 -0.394244 -0.249071 0.470307
-0.392968 -0.221846 0.464838 -0.394226 -0.248597 0.470213
-0.392948 -0.221356 0.464741 -0.394207 -0.248122 0.470119
-0.392929 -0.220865 0.464645 -0.394188 -0.247648 0.470025
-0.39291 -0.220375 0.464548 -0.39417 -0.247173 0.469931
-0.39289 -0.219885 0.464451 -0.394151 -0.246698 0.469837
-0.392871 -0.219395 0.464354 -0.394114 -0.245749 0.46965
-0.392852 -0.218905 0.464258 -0.394096 -0.245274 0.469556
-0.392832 -0.218415 0.464161 -0.394077 -0.2448 0.469462
-0.392813 -0.217924 0.464064 -0.394058 -0.244326 0.469368
-0.392793 -0.217434 0.463967 -0.39404 -0.243853 0.469275
-0.392774 -0.216944 0.463871 -0.394021 -0.24338 0.469181
-0.392755 -0.216454 0.463774 -0.394003 -0.242908 0.469088
-0.392735 -0.215964 0.463677 -0.393984 -0.242436 0.468995
-0.392716 -0.215474 0.46358 -0.393965 -0.241965 0.468901
-0.392697 -0.214983 0.463484 -0.393947 -0.241494 0.468808
-0.392677 -0.214493 0.463387 -0.393928 -0.241023 0.468715
-0.392658 -0.214003 0.46329 -0.39391 -0.240551 0.468622
-0.392639 -0.213513 0.463193 -0.393891 -0.24008 0.468528
-0.392619 -0.213023 0.463097 -0.393873 -0.239608 0.468435
-0.3926 -0.212533 0.463 -0.393854 -0.239137 0.468342
-0.392581 -0.212042 0.462903 -0.393836 -0.238665 0.468248
-0.392561 -0.211552 0.462806 -0.393817 -0.238193 0.468155
-0.392542 -0.211062 0.46271 -0.393798 -0.237722 0.468062
-0.392523 -0.210572 0.462613 -0.39378 -0.23725 0.467969
-0.392503 -0.210082 0.462516 -0.393761 -0.236778 0.467875
-0.392484 -0.209592 0.462419 -0.393743 -0.236306 0.467782
-0.392465 -0.209101 0.462323 -0.393724 -0.235835 0.467689
-0.392445 -0.208611 0.462226 -0.393706 -0.235364 0.467595
-0.392426 -0.208121 0.462129 -0.393687 -0.234893 0.467502
-0.392406 -0.207631 0.462032 -0.393669 -0.234422 0.467409
-0.392387 -0.207141 0.461936 -0.39365 -0.233951 0.467316
-0.392368 -0.206651 0.461839 -0.393632 -0.23348 0.467223
-0.392348 -0.20616 0.461742 -0.393613 -0.23301 0.46713
-0.392329 -0.20567 0.461645 -0.393595 -0.232539 0.467037
-0.39231 -0.20518 0.461549 -0.393502 -0.230186 0.466571
-0.39229 -0.20469 0.461452 -0.393484 -0.229714 0.466478
-0.392271 -0.2042 0.461355 -0.393465 -0.229243 0.466385
-0.392252 -0.20371 0.461258 -0.393447 -0.228772 0.466292
-0.392232 -0.203219 0.461162 -0.393428 -0.228302 0.466199
-0.392213 -0.202729 0.461065 -0.393391 -0.227367 0.466014
-0.392194 -0.202239 0.460968 -0.393373 -0.226902 0.465922
-0.392174 -0.201749 0.460871 -0.393354 -0.226439 0.46583
-0.392155 -0.201259 0.460775 -0.393336 -0.225977 0.465738
-0.392136 -0.200769 0.460678 -0.393317 -0.225517 0.465647
-0.392116 -0.200278 0.460581 -0.393299 -0.225058 0.465556
-0.392097 -0.199788 0.460485 -0.39328 -0.224601 0.465465
-0.392078 -0.199298 0.460388 -0.393262 -0.224144 0.465375
-0.392058 -0.198808 0.460291 -0.393243 -0.223689 0.465285
-0.392039 -0.198318 0.460194 -0.393225 -0.223234 0.465195
-0.39202 -0.197828 0.460098 -0.393206 -0.222781 0.465105
-0.392 -0.197337 0.460001 -0.393188 -0.222328 0.465015
-0.391981 -0.196847 0.459904 -0.39317 -0.221876 0.464925
-0.391961 -0.196357 0.459807 -0.393151 -0.221425 0.464836
-0.391942 -0.195867 0.459711 -0.393133 -0.220975 0.464746
-0.391923 -0.195377 0.459614 -0.393115 -0.220525 0.464657
-0.391903 -0.194886 0.459517 -0.393096 -0.220075 0.464568
-0.391884 -0.194396 0.45942 -0.393078 -0.219626 0.464479
-0.391865 -0.193906 0.459324 -0.39306 -0.219177 0.46439
-0.391845 -0.193416 0.459227 -0.393042 -0.218728 0.464301
-0.391826 -0.192926 0.45913 -0.393024 -0.21828 0.464212
-0.391807 -0.192436 0.459033 -0.393005 -0.217831 0.464123
-0.391787 -0.191945 0.458937 -0.392987 -0.217383 0.464034
-0.391768 -0.191455 0.45884 -0.392969 -0.216934 0.463945
-0.391749 -0.190965 0.458743 -0.392951 -0.216485 0.463856
-0.391729 -0.190475 0.458646 -0.392933 -0.216037 0.463768
-0.39171 -0.189985 0.45855 -0.392915 -0.215589 0.463679
-0.391691 -0.189495 0.458453 -0.392897 -0.215141 0.46359
-0.391671 -0.189004 0.458356 -0.392879 -0.214693 0.463501
-0.391652 -0.188514 0.458259 -0.392861 -0.214245 0.463413
-0.391633 -0.188024 0.458163 -0.392843 -0.213797 0.463324
-0.391613 -0.187534 0.458066 -0.392825 -0.21335 0.463235
-0.391594 -0.187044 0.457969 -0.392807 -0.212902 0.463147
-0.391574 -0.186554 0.457872 -0.392772 -0.212006 0.462969
-0.391555 -0.186063 0.457776 -0.392754 -0.211557 0.46288
-0.391536 -0.185573 0.457679 -0.392736 -0.211109 0.462792
-0.391516 -0.185083 0.457582 -0.392718 -0.21066 0.462703
-0.391497 -0.184593 0.457485 -0.3927 -0.210211 0.462614
-0.391478 -0.184103 0.457389 -0.392683 -0.209761 0.462525
-0.391458 -0.183613 0.457292 -0.392665 -0.209311 0.462436
-0.391439 -0.183122 0.457195 -0.392647 -0.208862 0.462347
-0.39142 -0.182632 0.457098 -0.392629 -0.208412 0.462258
-0.3914 -0.182142 0.457002 -0.392612 -0.207962 0.462169
-0.391381 -0.181652 0.456905 -0.392594 -0.207512 0.46208
-0.391362 -0.181162 0.456808 -0.392576 -0.207062 0.461991
-0.391342 -0.180672 0.456711 -0.392559 -0.206611 0.461902
-0.391323 -0.180181 0.456615 -0.392541 -0.20616 0.461812
-0.391304 -0.179691 0.456518 -0.392523 -0.205708 0.461723
-0.391284 -0.179201 0.456421 -0.392505 -0.205256 0.461634
-0.391265 -0.178711 0.456325 -0.392488 -0.204804 0.461544
-0.391246 -0.178221 0.456228 -0.39247 -0.20435 0.461455
-0.391226 -0.177731 0.456131 -0.392453 -0.203897 0.461365
-0.391207 -0.17724 0.456034 -0.392435 -0.203443 0.461275
-0.391188 -0.17675 0.455938 -0.392417 -0.202988 0.461185
-0.391168 -0.17626 0.455841 -0.3924 -0.202533 0.461095
-0.391149 -0.17577 0.455744 -0.392382 -0.202077 0.461005
-0.391129 -0.17528 0.455647 -0.392364 -0.201621 0.460915
-0.39111 -0.17479 0.455551 -0.392347 -0.201164 0.460825
-0.391091 -0.174299 0.455454 -0.392329 -0.200708 0.460735
-0.391071 -0.173809 0.455357 -0.392311 -0.200251 0.460645
-0.391052 -0.173319 0.45526 -0.392294 -0.199794 0.460554
-0.391033 -0.172829 0.455164 -0.392276 -0.199336 0.460464
-0.391013 -0.172339 0.455067 -0.392258 -0.198879 0.460373
-0.390994 -0.171849 0.45497 -0.392241 -0.19842 0.460283
-0.390975 -0.171358 0.454873 -0.392223 -0.197962 0.460192
-0.390955 -0.170868 0.454777 -0.392205 -0.197503 0.460102
-0.390936 -0.170378 0.45468 -0.392188 -0.197044 0.460011
-0.390917 -0.169888 0.454583 -0.39217 -0.196584 0.45992
-0.390897 -0.169398 0.454486 -0.392134 -0.195663 0.459738
-0.390878 -0.168908 0.45439 -0.392117 -0.195202 0.459647
-0.390859 -0.168417 0.454293 -0.392099 -0.19474 0.459556
-0.390839 -0.167927 0.454196 -0.392081 -0.194279 0.459465
-0.39082 -0.167437 0.454099 -0.392064 -0.193817 0.459374
-0.390801 -0.166947 0.454003 -0.392046 -0.193355 0.459283
-0.390781 -0.166457 0.453906 -0.392028 -0.192894 0.459191
-0.390762 -0.165966 0.453809 -0.39201 -0.192432 0.4591
-0.390742 -0.165476 0.453712 -0.391992 -0.191969 0.459009
-0.390723 -0.164986 0.453616 -0.391975 -0.191506 0.458917
-0.390704 -0.164496 0.453519 -0.391957 -0.191043 0.458826
-0.390684 -0.164006 0.453422 -0.391939 -0.190578 0.458734
-0.390665 -0.163516 0.453325 -0.391921 -0.190114 0.458642
-0.390646 -0.163025 0.453229 -0.391903 -0.189649 0.458551
-0.390626 -0.162535 0.453132 -0.391885 -0.189183 0.458459
-0.390607 -0.162045 0.453035 -0.391868 -0.188717 0.458367
-0.390588 -0.161555 0.452938 -0.39185 -0.188251 0.458275
-0.390568 -0.161065 0.452842 -0.391832 -0.187784 0.458182
-0.390549 -0.160575 0.452745 -0.391814 -0.187316 0.45809
-0.39053 -0.160084 0.452648 -0.391796 -0.186848 0.457998
-0.39051 -0.159594 0.452552 -0.391778 -0.186381 0.457905
-0.390491 -0.159104 0.452455 -0.39176 -0.185913 0.457813
-0.390472 -0.158614 0.452358 -0.391742 -0.185445 0.457721
-0.390452 -0.158124 0.452261 -0.391724 -0.184976 0.457628
-0.390433 -0.157634 0.452165 -0.391706 -0.184507 0.457535
-0.390414 -0.157143 0.452068 -0.391688 -0.184038 0.457443
-0.390394 -0.156653 0.451971 -0.39167 -0.183569 0.45735
-0.390375 -0.156163 0.451874 -0.391652 -0.183099 0.457257
-0.390356 -0.155673 0.451778 -0.391634 -0.182628 0.457164
-0.390336 -0.155183 0.451681 -0.391616 -0.182157 0.457071
-0.390317 -0.154693 0.451584 -0.391598 -0.181686 0.456978
-0.390297 -0.154202 0.451487 -0.39158 -0.181214 0.456885
-0.390278 -0.153712 0.451391 -0.391562 -0.180743 0.456792
-0.390259 -0.153222 0.451294 -0.391544 -0.180271 0.456699
-0.390239 -0.152732 0.451197 -0.391508 -0.179327 0.456512
-0.39022 -0.152242 0.4511 -0.39149 -0.178855 0.456419
-0.390201 -0.151752 0.451004 -0.391471 -0.178382 0.456326
-0.390181 -0.151261 0.450907 -0.391453 -0.17791 0.456232
-0.390162 -0.150771 0.45081 -0.391435 -0.177437 0.456139
-0.390143 -0.150281 0.450713 -0.391417 -0.176964 0.456046
-0.390123 -0.149791 0.450617 -0.391399 -0.176491 0.455952
-0.390104 -0.149301 0.45052 -0.39138 -0.176018 0.455859
-0.390085 -0.148811 0.450423 -0.391362 -0.175544 0.455765
-0.390065 -0.14832 0.450326 -0.391344 -0.175071 0.455672
-0.390046 -0.14783 0.45023 -0.391326 -0.174597 0.455578
-0.390027 -0.14734 0.450133 -0.391307 -0.174123 0.455484
-0.390007 -0.14685 0.450036 -0.391289 -0.173649 0.455391
-0.389988 -0.14636 0.449939 -0.391271 -0.173174 0.455297
-0.389969 -0.14587 0.449843 -0.391253 -0.1727 0.455203
-0.389949 -0.145379 0.449746 -0.391234 -0.172225 0.455109
-0.38993 -0.144889 0.449649 -0.391216 -0.17175 0.455016
-0.38991 -0.144399 0.449552 -0.391198 -0.171275 0.454922
-0.389891 -0.143909 0.449456 -0.391179 -0.1708 0.454828
-0.389872 -0.143419 0.449359 -0.391161 -0.170325 0.454734
-0.389852 -0.142929 0.449262 -0.391142 -0.169849 0.45464
-0.389833 -0.142438 0.449165 -0.391124 -0.169374 0.454546
-0.389814 -0.141948 0.449069 -0.391106 -0.168898 0.454452
-0.389794 -0.141458 0.448972 -0.391087 -0.168422 0.454358
-0.389775 -0.140968 0.448875 -0.391069 -0.167946 0.454264
-0.389756 -0.140478 0.448778 -0.391051 -0.16747 0.45417
-0.389736 -0.139988 0.448682 -0.391032 -0.166993 0.454076
-0.389717 -0.139497 0.448585 -0.391014 -0.166517 0.453981
-0.389698 -0.139007 0.448488 -0.390995 -0.166041 0.453887
-0.389678 -0.138517 0.448392 -0.390977 -0.165564 0.453793
-0.389659 -0.138027 0.448295 -0.390958 -0.165088 0.453699
-0.38964 -0.137537 0.448198 -0.39094 -0.164612 0.453605
-0.38962 -0.137046 0.448101 -0.390903 -0.16366 0.453417
-0.389601 -0.136556 0.448005 -0.390884 -0.163184 0.453323
-0.389582 -0.136066 0.447908 -0.390866 -0.162708 0.453228
-0.389562 -0.135576 0.447811 -0.390847 -0.162233 0.453134
-0.389543 -0.135086 0.447714 -0.390829 -0.161757 0.45304
-0.389524 -0.134596 0.447618 -0.39081 -0.161281 0.452946
-0.389504 -0.134105 0.447521 -0.390792 -0.160805 0.452852
-0.389485 -0.133615 0.447424 -0.390773 -0.160329 0.452758
-0.389465 -0.133125 0.447327 -0.390754 -0.159854 0.452664
-0.389446 -0.132635 0.447231 -0.390736 -0.159378 0.45257
-0.389427 -0.132145 0.447134 -0.390717 -0.158902 0.452476
-0.389407 -0.131655 0.447037 -0.390699 -0.158426 0.452381
-0.389388 -0.131164 0.44694 -0.39068 -0.157949 0.452287
-0.389369 -0.130674 0.446844 -0.390662 -0.157473 0.452193
-0.389349 -0.130184 0.446747 -0.390643 -0.156997 0.452099
-0.38933 -0.129694 0.44665 -0.390624 -0.156521 0.452005
-0.389311 -0.129204 0.446553 -0.390606 -0.156044 0.451911
-0.389291 -0.128714 0.446457 -0.390587 -0.155568 0.451816
-0.389272 -0.128223 0.44636 -0.390569 -0.155092 0.451722
-0.389253 -0.127733 0.446263 -0.39055 -0.154616 0.451628
-0.389233 -0.127243 0.446166 -0.390531 -0.154141 0.451534
-0.389214 -0.126753 0.44607 -0.390513 -0.153665 0.45144
-0.389195 -0.126263 0.445973 -0.390494 -0.15319 0.451346
-0.389175 -0.125773 0.445876 -0.390475 -0.152716 0.451252
-0.389156 -0.125282 0.445779 -0.390457 -0.152241 0.451158
-0.389137 -0.124792 0.445683 -0.390438 -0.151766 0.451064
-0.389117 -0.124302 0.445586 -0.39042 -0.151292 0.45097
-0.389098 -0.123812 0.445489 -0.390382 -0.150344 0.450783
-0.389078 -0.123322 0.445392 -0.390364 -0.14987 0.450689
-0.389059 -0.122832 0.445296 -0.390345 -0.149396 0.450595
-0.38904 -0.122341 0.445199 -0.390326 -0.148922 0.450501
-0.38902 -0.121851 0.445102 -0.390308 -0.148448 0.450408
-0.389001 -0.121361 0.445005 -0.390289 -0.147974 0.450314
-0.388982 -0.120871 0.444909 -0.39027 -0.1475 0.45022
-0.388962 -0.120381 0.444812 -0.390252 -0.147025 0.450126
-0.388943 -0.119891 0.444715 -0.390233 -0.146551 0.450033
-0.388924 -0.1194 0.444618 -0.390215 -0.146077 0.449939
-0.388904 -0.11891 0.444522 -0.390196 -0.145603 0.449845
-0.388885 -0.11842 0.444425 -0.390177 -0.145129 0.449751
-0.388866 -0.11793 0.444328 -0.390159 -0.144654 0.449657
-0.388846 -0.11744 0.444232 -0.39014 -0.14418 0.449563
-0.388827 -0.11695 0.444135 -0.390121 -0.143705 0.449469
-0.388808 -0.116459 0.444038 -0.390103 -0.143231 0.449376
-0.388788 -0.115969 0.443941 -0.390084 -0.142758 0.449282
-0.388769 -0.115479 0.443845 -0.390065 -0.142285 0.449188
-0.38875 -0.114989 0.443748 -0.390047 -0.141812 0.449095
-0.38873 -0.114499 0.443651 -0.390028 -0.14134 0.449001
-0.388711 -0.114009 0.443554 -0.39001 -0.140868 0.448908
-0.388692 -0.113518 0.443458 -0.389991 -0.140396 0.448815
-0.388672 -0.113028 0.443361 -0.389972 -0.139925 0.448721
-0.388653 -0.112538 0.443264 -0.389954 -0.139453 0.448628
-0.388633 -0.112048 0.443167 -0.389935 -0.138981 0.448535
-0.388614 -0.111558 0.443071 -0.389916 -0.13851 0.448441
-0.388595 -0.111067 0.442974 -0.389898 -0.138038 0.448348
-0.388575 -0.110577 0.442877 -0.389879 -0.137566 0.448255
-0.388556 -0.110087 0.44278 -0.389842 -0.136621 0.448068
-0.388537 -0.109597 0.442684 -0.389823 -0.136148 0.447974
-0.388517 -0.109107 0.442587 -0.389805 -0.135675 0.447881
-0.388498 -0.108617 0.44249 -0.389786 -0.135202 0.447787
-0.388479 -0.108126 0.442393 -0.389768 -0.134729 0.447693
-0.388459 -0.107636 0.442297 -0.389749 -0.134256 0.4476
-0.38844 -0.107146 0.4422 -0.389731 -0.133783 0.447506
-0.388421 -0.106656 0.442103 -0.389712 -0.133309 0.447413
-0.388401 -0.106166 0.442006 -0.389693 -0.132836 0.447319
-0.388382 -0.105676 0.44191 -0.389675 -0.132363 0.447225
-0.388363 -0.105185 0.441813 -0.389656 -0.131889 0.447132
-0.388343 -0.104695 0.441716 -0.389638 -0.131415 0.447038
-0.388324 -0.104205 0.441619 -0.389619 -0.130941 0.446944
-0.388305 -0.103715 0.441523 -0.389601 -0.130467 0.44685
-0.388285 -0.103225 0.441426 -0.389564 -0.129519 0.446663
-0.388266 -0.102735 0.441329 -0.389545 -0.129045 0.446569
-0.388246 -0.102244 0.441232 -0.389527 -0.128571 0.446475
-0.388227 -0.101754 0.441136 -0.389508 -0.128097 0.446381
-0.388208 -0.101264 0.441039 -0.389489 -0.127623 0.446288
-0.388188 -0.100774 0.440942 -0.389471 -0.12715 0.446194
-0.388169 -0.100284 0.440845 -0.389452 -0.126677 0.446101
-0.38815 -0.0997936 0.440749 -0.389434 -0.126204 0.446007
-0.38813 -0.0993034 0.440652 -0.389415 -0.125731 0.445913
-0.388111 -0.0988133 0.440555 -0.389397 -0.125259 0.44582
-0.388092 -0.0983231 0.440459 -0.389378 -0.124786 0.445727
-0.388072 -0.0978329 0.440362 -0.389322 -0.123369 0.445446
-0.388053 -0.0973427 0.440265 -0.389285 -0.122425 0.445259
-0.388034 -0.0968526 0.440168 -0.389267 -0.121954 0.445166
-0.388014 -0.0963624 0.440072 -0.389248 -0.121483 0.445073
-0.387995 -0.0958722 0.439975 -0.389229 -0.121012 0.44498
-0.387976 -0.0953821 0.439878 -0.389211 -0.120543 0.444887
-0.387956 -0.0948919 0.439781 -0.389192 -0.120074 0.444794
-0.387937 -0.0944017 0.439685 -0.389174 -0.119607 0.444702
-0.387918 -0.0939116 0.439588 -0.389155 -0.119141 0.44461
-0.387898 -0.0934214 0.439491 -0.389136 -0.118677 0.444518
-0.387879 -0.0929312 0.439394 -0.389118 -0.118213 0.444426
-0.38786 -0.0924411 0.439298 -0.389099 -0.117751 0.444334
-0.38784 -0.0919509 0.439201 -0.38908 -0.117289 0.444243
-0.387821 -0.0914607 0.439104 -0.389062 -0.116829 0.444152
-0.387801 -0.0909705 0.439007 -0.389043 -0.116369 0.444061
-0.387782 -0.0904804 0.438911 -0.389025 -0.11591 0.44397
-0.387763 -0.0899902 0.438814 -0.389006 -0.115452 0.443879
-0.387743 -0.0895 0.438717 -0.388988 -0.114994 0.443789
-0.387724 -0.0890099 0.43862 -0.388969 -0.114538 0.443698
-0.387705 -0.0885197 0.438524 -0.38895 -0.114082 0.443608
-0.387685 -0.0880295 0.438427 -0.388932 -0.113627 0.443518
-0.387666 -0.0875394 0.43833 -0.388913 -0.113172 0.443428
-0.387647 -0.0870492 0.438233 -0.388895 -0.112718 0.443338
-0.387627 -0.086559 0.438137 -0.388876 -0.112265 0.443248
-0.387608 -0.0860688 0.43804 -0.388858 -0.111812 0.443158
-0.387589 -0.0855787 0.437943 -0.38884 -0.111359 0.443069
-0.387569 -0.0850885 0.437846 -0.388821 -0.110906 0.442979
-0.38755 -0.0845983 0.43775 -0.388803 -0.110454 0.44289
-0.387531 -0.0841082 0.437653 -0.388785 -0.110002 0.4428
-0.387511 -0.083618 0.437556 -0.388766 -0.10955 0.442711
-0.387492 -0.0831278 0.437459 -0.388748 -0.109098 0.442621
-0.387473 -0.0826377 0.437363 -0.388711 -0.108194 0.442442
-0.387453 -0.0821475 0.437266 -0.388693 -0.107743 0.442353
-0.387434 -0.0816573 0.437169 -0.388675 -0.107292 0.442264
-0.387414 -0.0811672 0.437072 -0.388657 -0.106841 0.442174
-0.387395 -0.080677 0.436976 -0.388639 -0.10639 0.442085
-0.387376 -0.0801868 0.436879 -0.388621 -0.105939 0.441996
-0.387356 -0.0796966 0.436782 -0.388603 -0.105488 0.441907
-0.387337 -0.0792065 0.436685 -0.388584 -0.105036 0.441817
-0.387318 -0.0787163 0.436589 -0.388566 -0.104585 0.441728
-0.387298 -0.0782261 0.436492 -0.388548 -0.104132 0.441638
-0.387279 -0.077736 0.436395 -0.38853 -0.10368 0.441549
-0.38726 -0.0772458 0.436299 -0.388512 -0.103227 0.441459
-0.38724 -0.0767556 0.436202 -0.388494 -0.102773 0.441369
-0.387221 -0.0762655 0.436105 -0.388476 -0.102319 0.44128
-0.387202 -0.0757753 0.436008 -0.388459 -0.101865 0.44119
-0.387182 -0.0752851 0.435912 -0.388441 -0.10141 0.4411
-0.387163 -0.0747949 0.435815 -0.388423 -0.100955 0.44101
-0.387144 -0.0743048 0.435718 -0.388405 -0.100499 0.44092
-0.387124 -0.0738146 0.435621 -0.388387 -0.100043 0.44083
-0.387105 -0.0733244 0.435525 -0.388369 -0.0995877 0.440739
-0.387086 -0.0728343 0.435428 -0.388351 -0.0991317 0.440649
-0.387066 -0.0723441 0.435331 -0.388333 -0.0986754 0.440559
-0.387047 -0.0718539 0.435234 -0.388315 -0.0982184 0.440469
-0.387028 -0.0713638 0.435138 -0.388298 -0.0977608 0.440378
-0.387008 -0.0708736 0.435041 -0.38828 -0.0973027 0.440288
-0.386989 -0.0703834 0.434944 -0.388262 -0.0968441 0.440197
-0.386969 -0.0698933 0.434847 -0.388244 -0.0963852 0.440106
-0.38695 -0.0694031 0.434751 -0.388226 -0.0959261 0.440015
-0.386931 -0.0689129 0.434654 -0.388209 -0.0954668 0.439925
-0.386911 -0.0684227 0.434557 -0.388191 -0.0950071 0.439834
-0.386892 -0.0679326 0.43446 -0.388155 -0.0940869 0.439652
-0.386873 -0.0674424 0.434364 -0.388137 -0.0936263 0.439561
-0.386853 -0.0669522 0.434267 -0.388119 -0.0931654 0.43947
-0.386834 -0.0664621 0.43417 -0.388102 -0.0927041 0.439378
-0.386815 -0.0659719 0.434073 -0.388084 -0.0922424 0.439287
-0.386795 -0.0654817 0.433977 -0.388066 -0.0917804 0.439196
-0.386776 -0.0649916 0.43388 -0.388048 -0.091318 0.439104
-0.386757 -0.0645014 0.433783 -0.38803 -0.0908553 0.439013
-0.386737 -0.0640112 0.433686 -0.388012 -0.0903922 0.438921
-0.386718 -0.063521 0.43359 -0.387995 -0.0899287 0.43883
-0.386699 -0.0630309 0.433493 -0.387977 -0.0894648 0.438738
-0.386679 -0.0625407 0.433396 -0.387959 -0.0890005 0.438646
-0.38666 -0.0620505 0.433299 -0.387941 -0.0885359 0.438554
-0.386641 -0.0615604 0.433203 -0.387923 -0.0880708 0.438463
-0.386621 -0.0610702 0.433106 -0.387905 -0.0876053 0.43837
-0.386602 -0.06058 0.433009 -0.387887 -0.0871395 0.438278
-0.386582 -0.0600899 0.432912 -0.387869 -0.0866732 0.438186
-0.386563 -0.0595997 0.432816 -0.387852 -0.0862066 0.438094
-0.386544 -0.0591095 0.432719 -0.387834 -0.0857399 0.438002
-0.386524 -0.0586194 0.432622 -0.387816 -0.0852732 0.43791
-0.386505 -0.0581292 0.432525 -0.387798 -0.0848065 0.437817
-0.386486 -0.057639 0.432429 -0.38778 -0.0843397 0.437725
-0.386466 -0.0571488 0.432332 -0.387762 -0.0838727 0.437633
-0.386447 -0.0566587 0.432235 -0.387744 -0.0834054 0.43754
-0.386428 -0.0561685 0.432139 -0.387726 -0.0829377 0.437448
-0.386408 -0.0556783 0.432042 -0.387708 -0.0824696 0.437355
-0.386389 -0.0551882 0.431945 -0.387672 -0.0815326 0.43717
-0.38637 -0.054698 0.431848 -0.387618 -0.0801259 0.436892
-0.38635 -0.0542078 0.431752 -0.3876 -0.0796564 0.436799
-0.386331 -0.0537177 0.431655 -0.387582 -0.0791866 0.436707
-0.386312 -0.0532275 0.431558 -0.387564 -0.0787168 0.436614
-0.386292 -0.0527373 0.431461 -0.387545 -0.0782474 0.436521
-0.386273 -0.0522471 0.431365 -0.387527 -0.0777788 0.436428
-0.386254 -0.051757 0.431268 -0.387509 -0.0773113 0.436336
-0.386234 -0.0512668 0.431171 -0.387491 -0.0768447 0.436244
-0.386215 -0.0507766 0.431074 -0.387473 -0.0763792 0.436152
-0.386196 -0.0502865 0.430978 -0.387454 -0.0759144 0.43606
-0.386176 -0.0497963 0.430881 -0.387436 -0.0754504 0.435968
-0.386157 -0.0493061 0.430784 -0.387418 -0.0749871 0.435876
-0.386137 -0.048816 0.430687 -0.3874 -0.0745244 0.435785
-0.386118 -0.0483258 0.430591 -0.387381 -0.0740621 0.435693
-0.386099 -0.0478356 0.430494 -0.387363 -0.0736003 0.435602
-0.386079 -0.0473455 0.430397 -0.387345 -0.073139 0.435511
-0.38606 -0.0468553 0.4303 -0.387326 -0.0726783 0.43542
-0.386041 -0.0463651 0.430204 -0.387308 -0.0722181 0.435329
-0.386021 -0.0458749 0.430107 -0.38729 -0.0717587 0.435238
-0.386002 -0.0453848 0.43001 -0.387272 -0.0712997 0.435147
-0.385983 -0.0448946 0.429913 -0.387253 -0.0708413 0.435056
-0.385963 -0.0444044 0.429817 -0.387235 -0.0703834 0.434966
-0.385944 -0.0439143 0.42972 -0.387217 -0.0699258 0.434875
-0.385925 -0.0434241 0.429623 -0.387198 -0.0694685 0.434785
-0.385905 -0.0429339 0.429526 -0.38718 -0.0690114 0.434695
-0.385886 -0.0424438 0.42943 -0.387162 -0.0685546 0.434604
-0.385867 -0.0419536 0.429333 -0.387143 -0.0680979 0.434514
-0.385847 -0.0414634 0.429236 -0.387125 -0.0676413 0.434424
-0.385828 -0.0409732 0.429139 -0.387107 -0.0671848 0.434333
-0.385809 -0.0404831 0.429043 -0.387089 -0.0667282 0.434243
-0.385789 -0.0399929 0.428946 -0.387052 -0.065815 0.434062
-0.38577 -0.0395027 0.428849 -0.387034 -0.0653582 0.433972
-0.38575 -0.0390126 0.428752 -0.387016 -0.0649013 0.433882
-0.385731 -0.0385224 0.428656 -0.386998 -0.0644442 0.433791
-0.385712 -0.0380322 0.428559 -0.38698 -0.0639869 0.433701
-0.385692 -0.0375421 0.428462 -0.386961 -0.0635294 0.43361
-0.385673 -0.0370519 0.428366 -0.386943 -0.0630716 0.43352
-0.385654 -0.0365617 0.428269 -0.386925 -0.0626136 0.433429
-0.385634 -0.0360715 0.428172 -0.386907 -0.0621553 0.433339
-0.385615 -0.0355814 0.428075 -0.386889 -0.0616967 0.433248
-0.385596 -0.0350912 0.427979 -0.386871 -0.0612378 0.433157
-0.385576 -0.034601 0.427882 -0.386853 -0.0607786 0.433067
-0.385557 -0.0341109 0.427785 -0.386835 -0.0603191 0.432976
-0.385538 -0.0336207 0.427688 -0.386817 -0.0598592 0.432885
-0.385518 -0.0331305 0.427592 -0.386799 -0.059399 0.432794
-0.385499 -0.0326404 0.427495 -0.386763 -0.0584773 0.432612
-0.38548 -0.0321502 0.427398 -0.386745 -0.0580158 0.43252
-0.38546 -0.03166 0.427301 -0.386727 -0.057554 0.432429
-0.385441 -0.0311699 0.427205 -0.386708 -0.0570917 0.432338
-0.385422 -0.0306797 0.427108 -0.38669 -0.0566291 0.432246
-0.385402 -0.0301895 0.427011 -0.386672 -0.0561663 0.432155
-0.385383 -0.0296993 0.426914 -0.386654 -0.0557036 0.432063
-0.385364 -0.0292092 0.426818 -0.386636 -0.0552409 0.431972
-0.385344 -0.028719 0.426721 -0.386618 -0.0547783 0.43188
-0.385325 -0.0282288 0.426624 -0.3866 -0.0543158 0.431789
-0.385305 -0.0277387 0.426527 -0.386582 -0.0538533 0.431697
-0.385286 -0.0272485 0.426431 -0.386564 -0.053391 0.431606
-0.385267 -0.0267583 0.426334 -0.386546 -0.0529286 0.431515
-0.385247 -0.0262682 0.426237 -0.386528 -0.0524662 0.431423
-0.385228 -0.025778 0.42614 -0.38651 -0.0520038 0.431332
-0.385209 -0.0252878 0.426044 -0.386492 -0.0515412 0.43124
-0.385189 -0.0247976 0.425947 -0.386474 -0.0510788 0.431149
-0.38517 -0.0243075 0.42585 -0.386456 -0.0506167 0.431058
-0.385151 -0.0238173 0.425753 -0.386438 -0.0501551 0.430966
-0.385131 -0.0233271 0.425657 -0.386419 -0.0496942 0.430875
-0.385112 -0.022837 0.42556 -0.386401 -0.0492338 0.430784
-0.385093 -0.0223468 0.425463 -0.386383 -0.0487735 0.430693
-0.385073 -0.0218566 0.425366 -0.386365 -0.048313 0.430602
-0.385054 -0.0213665 0.42527 -0.386347 -0.0478521 0.430511
-0.385035 -0.0208763 0.425173 -0.386329 -0.0473909 0.43042
-0.385015 -0.0203861 0.425076 -0.386311 -0.0469294 0.430329
-0.384996 -0.019896 0.424979 -0.386275 -0.0460059 0.430146
-0.384977 -0.0194058 0.424883 -0.386238 -0.0450816 0.429963
-0.384957 -0.0189156 0.424786 -0.38622 -0.0446191 0.429872
-0.384938 -0.0184254 0.424689 -0.386202 -0.0441563 0.429781
-0.384918 -0.0179353 0.424592 -0.386184 -0.0436934 0.429689
-0.384899 -0.0174451 0.424496 -0.386166 -0.0432306 0.429598
-0.38488 -0.0169549 0.424399 -0.386148 -0.0427679 0.429506
-0.38486 -0.0164648 0.424302 -0.38613 -0.0423055 0.429415
-0.384841 -0.0159746 0.424206 -0.386112 -0.0418433 0.429323
-0.384822 -0.0154844 0.424109 -0.386093 -0.0413815 0.429232
-0.384802 -0.0149943 0.424012 -0.386075 -0.0409199 0.429141
-0.384783 -0.0145041 0.423915 -0.386057 -0.0404586 0.42905
-0.384764 -0.0140139 0.423819 -0.386039 -0.0399976 0.428958
-0.384744 -0.0135237 0.423722 -0.386021 -0.039537 0.428867
-0.384725 -0.0130336 0.423625 -0.386003 -0.0390768 0.428776
-0.384706 -0.0125434 0.423528 -0.385985 -0.038617 0.428686
-0.384686 -0.0120532 0.423432 -0.385966 -0.0381576 0.428595
-0.384667 -0.0115631 0.423335 -0.38593 -0.0372397 0.428413
-0.384648 -0.0110729 0.423238 -0.385912 -0.0367811 0.428323
-0.384628 -0.0105827 0.423141 -0.385894 -0.0363227 0.428232
-0.384609 -0.0100926 0.423045 -0.385875 -0.0358644 0.428141
-0.38459 -0.00960239 0.422948 -0.385857 -0.0354062 0.428051
-0.38457 -0.00911222 0.422851 -0.385839 -0.0349481 0.42796
-0.384551 -0.00862205 0.422754 -0.385821 -0.0344901 0.42787
-0.384532 -0.00813188 0.422658 -0.385803 -0.034032 0.427779
-0.384512 -0.00764171 0.422561 -0.385785 -0.0335739 0.427689
-0.384493 -0.00715154 0.422464 -0.385767 -0.0331157 0.427598
-0.384473 -0.00666137 0.422367 -0.385748 -0.0326574 0.427508
-0.384454 -0.00617121 0.422271 -0.38573 -0.032199 0.427417
-0.384435 -0.00568104 0.422174 -0.385712 -0.0317405 0.427326
-0.384415 -0.00519087 0.422077 -0.385694 -0.0312819 0.427236
-0.384396 -0.0047007 0.42198 -0.385676 -0.0308232 0.427145
-0.384377 -0.00421053 0.421884 -0.385658 -0.0303644 0.427054
-0.384357 -0.00372036 0.421787 -0.38564 -0.0299052 0.426964
-0.384338 -0.00323019 0.42169 -0.385622 -0.0294458 0.426873
-0.384319 -0.00274002 0.421593 -0.385604 -0.0289861 0.426782
-0.384299 -0.00224985 0.421497 -0.385585 -0.0285261 0.426691
-0.38428 -0.00175968 0.4214 -0.385567 -0.0280658 0.4266
-0.384261 -0.00126951 0.421303 -0.385549 -0.0276053 0.426509
-0.384241 -0.00077934 0.421206 -0.385531 -0.0271443 0.426418
-0.384222 -0.00028917 0.42111 -0.385513 -0.0266831 0.426327
-0.384203 0.000200999 0.421013 -0.385495 -0.0262215 0.426236
-0.384183 0.000691169 0.420916 -0.385477 -0.0257595 0.426144
-0.384164 0.00118134 0.420819 -0.385459 -0.0252973 0.426053
-0.384145 0.00167151 0.420723 -0.385441 -0.0248347 0.425962
-0.384125 0.00216168 0.420626 -0.385405 -0.0239089 0.425779
-0.384106 0.00265185 0.420529 -0.385387 -0.0234457 0.425687
-0.384086 0.00314202 0.420432 -0.385369 -0.0229822 0.425596
-0.384067 0.00363219 0.420336 -0.385351 -0.0225183 0.425504
-0.384048 0.00412236 0.420239 -0.385333 -0.022054 0.425412
-0.384028 0.00461253 0.420142 -0.385315 -0.0215893 0.42532
-0.384009 0.0051027 0.420046 -0.385297 -0.0211245 0.425228
-0.38399 0.00559286 0.419949 -0.385279 -0.0206596 0.425137
-0.38397 0.00608303 0.419852 -0.385261 -0.0201947 0.425045
-0.383951 0.0065732 0.419755 -0.385243 -0.0197298 0.424953
-0.383932 0.00706337 0.419659 -0.385224 -0.0192649 0.424861
-0.383912 0.00755354 0.419562 -0.385206 -0.0188 0.424769
-0.383893 0.00804371 0.419465 -0.385188 -0.0183349 0.424677
-0.383874 0.00853388 0.419368 -0.38517 -0.0178697 0.424585
-0.383854 0.00902405 0.419272 -0.385134 -0.016939 0.424401
-0.383835 0.00951422 0.419175 -0.385116 -0.0164733 0.424309
-0.383816 0.0100044 0.419078 -0.385098 -0.0160076 0.424217
-0.383796 0.0104946 0.418981 -0.38508 -0.0155419 0.424125
-0.383777 0.0109847 0.418885 -0.385061 -0.0150763 0.424033
-0.383758 0.0114749 0.418788 -0.385043 -0.0146108 0.423941
-0.383738 0.0119651 0.418691 -0.385025 -0.0141456 0.423849
-0.383719 0.0124552 0.418594 -0.384989 -0.0132165 0.423666
-0.3837 0.0129454 0.418498 -0.38497 -0.0127528 0.423574
-0.38368 0.0134356 0.418401 -0.384952 -0.0122896 0.423483
-0.383661 0.0139257 0.418304 -0.384934 -0.0118267 0.423391
-0.383641 0.0144159 0.418207 -0.384916 -0.0113643 0.4233
-0.383622 0.0149061 0.418111 -0.384897 -0.0109022 0.423209
-0.383603 0.0153963 0.418014 -0.384879 -0.0104404 0.423117
-0.383583 0.0158864 0.417917 -0.384861 -0.00997882 0.423026
-0.383564 0.0163766 0.41782 -0.384843 -0.00951745 0.422935
-0.383545 0.0168668 0.417724 -0.384824 -0.00905625 0.422844
-0.383525 0.0173569 0.417627 -0.384806 -0.00859531 0.422753
-0.383506 0.0178471 0.41753 -0.384788 -0.00813472 0.422662
-0.383487 0.0183373 0.417433 -0.38477 -0.00767455 0.422571
-0.383467 0.0188274 0.417337 -0.384751 -0.00721489 0.42248
-0.383448 0.0193176 0.41724 -0.384733 -0.00675554 0.422389
-0.383429 0.0198078 0.417143 -0.384715 -0.00629631 0.422299
-0.383409 0.020298 0.417046 -0.384696 -0.00583705 0.422208
-0.38339 0.0207881 0.41695 -0.384678 -0.00537759 0.422117
-0.383371 0.0212783 0.416853 -0.38466 -0.00491802 0.422026
-0.383351 0.0217685 0.416756 -0.384642 -0.00445844 0.421935
-0.383332 0.0222586 0.416659 -0.384623 -0.00399893 0.421845
-0.383313 0.0227488 0.416563 -0.384605 -0.00353957 0.421754
-0.383293 0.023239 0.416466 -0.384587 -0.00308031 0.421663
-0.383274 0.0237291 0.416369 -0.384569 -0.00262112 0.421573
-0.383255 0.0242193 0.416273 -0.384551 -0.00216196 0.421482
-0.383235 0.0247095 0.416176 -0.384532 -0.00170279 0.421391
-0.383216 0.0251996 0.416079 -0.384514 -0.00124372 0.4213
-0.383196 0.0256898 0.415982 -0.384496 -0.000784868 0.42121
-0.383177 0.02618 0.415886 -0.384459 0.000131813 0.421029
-0.383158 0.0266702 0.415789 -0.384441 0.000589763 0.420938
-0.383138 0.0271603 0.415692 -0.384423 0.00104773 0.420848
-0.383119 0.0276505 0.415595 -0.384405 0.0015059 0.420757
-0.3831 0.0281407 0.415499 -0.384387 0.00196446 0.420667
-0.38308 0.0286308 0.415402 -0.384369 0.00242342 0.420576
-0.383061 0.029121 0.415305 -0.38435 0.00288277 0.420485
-0.383042 0.0296112 0.415208 -0.384332 0.00334254 0.420394
-0.383022 0.0301013 0.415112 -0.384314 0.00380271 0.420304
-0.383003 0.0305915 0.415015 -0.384296 0.0042633 0.420213
-0.382984 0.0310817 0.414918 -0.384278 0.00472431 0.420121
-0.382964 0.0315719 0.414821 -0.38426 0.00518575 0.42003
-0.382945 0.032062 0.414725 -0.384242 0.00564762 0.419939
-0.382926 0.0325522 0.414628 -0.384224 0.00610978 0.419848
-0.382906 0.0330424 0.414531 -0.384206 0.00657211 0.419757
-0.382887 0.0335325 0.414434 -0.384187 0.00703449 0.419665
-0.382868 0.0340227 0.414338 -0.384169 0.00749681 0.419574
-0.382848 0.0345129 0.414241 -0.384151 0.0079591 0.419483
-0.382829 0.035003 0.414144 -0.384133 0.0084214 0.419391
-0.382809 0.0354932 0.414047 -0.384115 0.00888375 0.4193
-0.38279 0.0359834 0.413951 -0.384097 0.00934616 0.419209
-0.382771 0.0364735 0.413854 -0.384079 0.00980868 0.419117
-0.382751 0.0369637 0.413757 -0.384061 0.0102713 0.419026
-0.382732 0.0374539 0.41366 -0.384043 0.0107341 0.418934
-0.382713 0.0379441 0.413564 -0.384006 0.0116603 0.418752
-0.382693 0.0384342 0.413467 -0.383988 0.0121237 0.41866
-0.382674 0.0389244 0.41337 -0.38397 0.0125874 0.418568
-0.382655 0.0394146 0.413273 -0.383952 0.0130515 0.418477
-0.382635 0.0399047 0.413177 -0.383934 0.0135158 0.418385
-0.382616 0.0403949 0.41308 -0.383916 0.0139804 0.418293
-0.382597 0.0408851 0.412983 -0.383898 0.0144451 0.418202
-0.382577 0.0413752 0.412886 -0.38388 0.01491 0.41811
-0.382558 0.0418654 0.41279 -0.383861 0.0153751 0.418018
-0.382539 0.0423556 0.412693 -0.383843 0.0158403 0.417926
-0.382519 0.0428458 0.412596 -0.383825 0.0163059 0.417834
-0.3825 0.0433359 0.412499 -0.383807 0.0167717 0.417742
-0.382481 0.0438261 0.412403 -0.383789 0.0172376 0.41765
-0.382461 0.0443163 0.412306 -0.383771 0.0177037 0.417558
-0.382442 0.0448064 0.412209 -0.383753 0.0181697 0.417466
-0.382423 0.0452966 0.412113 -0.383734 0.0186356 0.417374
-0.382403 0.0457868 0.412016 -0.383716 0.0191015 0.417282
-0.382384 0.0462769 0.411919 -0.383698 0.0195677 0.41719
-0.382364 0.0467671 0.411822 -0.38368 0.0200341 0.417098
-0.382345 0.0472573 0.411726 -0.383662 0.0205009 0.417006
-0.382326 0.0477474 0.411629 -0.383643 0.020968 0.416913
-0.382306 0.0482376 0.411532 -0.383625 0.0214355 0.416821
-0.382287 0.0487278 0.411435 -0.383607 0.0219033 0.416729
-0.382268 0.049218 0.411339 -0.383589 0.0223713 0.416636
-0.382248 0.0497081 0.411242 -0.383571 0.0228394 0.416544
-0.382229 0.0501983 0.411145 -0.383552 0.0233078 0.416451
-0.38221 0.0506885 0.411048 -0.383534 0.0237762 0.416359
-0.38219 0.0511786 0.410952 -0.383516 0.0242447 0.416266
-0.382171 0.0516688 0.410855 -0.383498 0.0247132 0.416174
-0.382152 0.052159 0.410758 -0.38348 0.0251819 0.416081
-0.382132 0.0526491 0.410661 -0.383461 0.0256507 0.415989
-0.382113 0.0531393 0.410565 -0.383443 0.0261196 0.415896
-0.382094 0.0536295 0.410468 -0.383425 0.0265887 0.415804
-0.382074 0.0541197 0.410371 -0.383388 0.0275274 0.415618
-0.382055 0.0546098 0.410274 -0.38337 0.027997 0.415526
-0.382036 0.0551 0.410178 -0.383352 0.0284668 0.415433
-0.382016 0.0555902 0.410081 -0.383333 0.0289369 0.41534
-0.381997 0.0560803 0.409984 -0.383315 0.0294071 0.415247
-0.381977 0.0565705 0.409887 -0.383297 0.0298776 0.415154
-0.381958 0.0570607 0.409791 -0.383278 0.0303484 0.415061
-0.381939 0.0575508 0.409694 -0.38326 0.0308193 0.414968
-0.381919 0.058041 0.409597 -0.383242 0.0312906 0.414875
-0.3819 0.0585312 0.4095 -0.383224 0.031762 0.414782
-0.381881 0.0590213 0.409404 -0.383205 0.0322337 0.414689
-0.381861 0.0595115 0.409307 -0.383187 0.0327056 0.414596
-0.381842 0.0600017 0.40921 -0.383168 0.0331777 0.414503
-0.381823 0.0604919 0.409113 -0.38315 0.03365 0.41441
-0.381803 0.060982 0.409017 -0.383132 0.0341224 0.414316
-0.381784 0.0614722 0.40892 -0.383113 0.0345948 0.414223
-0.381765 0.0619624 0.408823 -0.383095 0.035067 0.41413
-0.381745 0.0624525 0.408726 -0.383077 0.0355391 0.414037
-0.381726 0.0629427 0.40863 -0.383058 0.036011 0.413943
-0.381707 0.0634329 0.408533 -0.38304 0.0364828 0.41385
-0.381687 0.063923 0.408436 -0.383021 0.0369546 0.413757
-0.381668 0.0644132 0.408339 -0.383003 0.0374262 0.413664
-0.381649 0.0649034 0.408243 -0.382984 0.0378979 0.413571
-0.381629 0.0653936 0.408146 -0.382966 0.0383695 0.413478
-0.38161 0.0658837 0.408049 -0.382947 0.0388411 0.413385
-0.381591 0.0663739 0.407953 -0.382929 0.0393127 0.413292
-0.381571 0.0668641 0.407856 -0.38291 0.0397844 0.413198
-0.381552 0.0673542 0.407759 -0.382873 0.0407278 0.413012
-0.381532 0.0678444 0.407662 -0.382855 0.0411997 0.412919
-0.381513 0.0683346 0.407566 -0.382836 0.0416716 0.412826
-0.381494 0.0688247 0.407469 -0.382818 0.0421435 0.412733
-0.381474 0.0693149 0.407372 -0.382799 0.0426153 0.41264
-0.381455 0.0698051 0.407275 -0.382781 0.043087 0.412547
-0.381436 0.0702953 0.407179 -0.382762 0.0435588 0.412453
-0.381416 0.0707854 0.407082 -0.382744 0.0440306 0.41236
-0.381397 0.0712756 0.406985 -0.382725 0.0445025 0.412267
-0.381378 0.0717658 0.406888 -0.382707 0.0449747 0.412174
-0.381358 0.0722559 0.406792 -0.382688 0.0454469 0.412081
-0.381339 0.0727461 0.406695 -0.38267 0.0459191 0.411988
-0.38132 0.0732363 0.406598 -0.382651 0.0463912 0.411894
-0.3813 0.0737264 0.406501 -0.382632 0.0468631 0.411801
-0.381281 0.0742166 0.406405 -0.382614 0.0473349 0.411708
-0.381262 0.0747068 0.406308 -0.382595 0.0478067 0.411615
-0.381242 0.0751969 0.406211 -0.382577 0.0482788 0.411522
-0.381223 0.0756871 0.406114 -0.382558 0.0487511 0.411429
-0.381204 0.0761773 0.406018 -0.38254 0.0492237 0.411335
-0.381184 0.0766675 0.405921 -0.382521 0.0496964 0.411242
-0.381165 0.0771576 0.405824 -0.382503 0.050169 0.411149
-0.381145 0.0776478 0.405727 -0.382484 0.0506415 0.411056
-0.381126 0.078138 0.405631 -0.382465 0.051114 0.410962
-0.381107 0.0786281 0.405534 -0.382447 0.0515866 0.410869
-0.381087 0.0791183 0.405437 -0.382428 0.0520594 0.410776
-0.381068 0.0796085 0.40534 -0.38241 0.0525324 0.410682
-0.381049 0.0800986 0.405244 -0.382391 0.0530057 0.410589
-0.381029 0.0805888 0.405147 -0.382372 0.0534791 0.410496
-0.38101 0.081079 0.40505 -0.382354 0.0539526 0.410402
-0.380991 0.0815692 0.404953 -0.382335 0.0544261 0.410309
-0.380971 0.0820593 0.404857 -0.382317 0.0548995 0.410215
-0.380952 0.0825495 0.40476 -0.382279 0.0558466 0.410028
-0.380933 0.0830397 0.404663 -0.382261 0.0563202 0.409935
-0.380913 0.0835298 0.404566 -0.382242 0.0567938 0.409841
-0.380894 0.08402 0.40447 -0.382224 0.0572676 0.409748
-0.380875 0.0845102 0.404373 -0.382205 0.0577415 0.409654
-0.380855 0.0850003 0.404276 -0.382186 0.0582156 0.409561
-0.380836 0.0854905 0.40418 -0.382168 0.0586898 0.409467
-0.380817 0.0859807 0.404083 -0.382149 0.0591641 0.409374
-0.380797 0.0864708 0.403986 -0.382131 0.0596386 0.40928
-0.380778 0.086961 0.403889 -0.382112 0.0601132 0.409186
-0.380759 0.0874512 0.403793 -0.382093 0.0605879 0.409093
-0.380739 0.0879414 0.403696 -0.382075 0.0610627 0.408999
-0.38072 0.0884315 0.403599 -0.382056 0.0615377 0.408905
-0.3807 0.0889217 0.403502 -0.382037 0.0620128 0.408812
-0.380681 0.0894119 0.403406 -0.382019 0.062488 0.408718
-0.380662 0.089902 0.403309 -0.382 0.0629634 0.408624
-0.380642 0.0903922 0.403212 -0.381982 0.0634389 0.40853
-0.380623 0.0908824 0.403115 -0.381963 0.0639146 0.408436
-0.380604 0.0913725 0.403019 -0.381944 0.0643903 0.408343
-0.380584 0.0918627 0.402922 -0.381926 0.064866 0.408249
-0.380565 0.0923529 0.402825 -0.381907 0.0653415 0.408155
-0.380546 0.0928431 0.402728 -0.381888 0.0658167 0.408061
-0.380526 0.0933332 0.402632 -0.38187 0.0662917 0.407967
-0.380507 0.0938234 0.402535 -0.381851 0.0667664 0.407874
-0.380488 0.0943136 0.402438 -0.381832 0.067241 0.40778
-0.380468 0.0948037 0.402341 -0.381813 0.0677154 0.407687
-0.380449 0.0952939 0.402245 -0.381795 0.0681896 0.407593
-0.38043 0.0957841 0.402148 -0.381776 0.0686638 0.407499
-0.38041 0.0962742 0.402051 -0.381757 0.0691379 0.407406
-0.380391 0.0967644 0.401954 -0.381739 0.069612 0.407312
-0.380372 0.0972546 0.401858 -0.38172 0.070086 0.407219
-0.380352 0.0977447 0.401761 -0.381701 0.07056 0.407125
-0.380333 0.0982349 0.401664 -0.381664 0.071508 0.406938
-0.380313 0.0987251 0.401567 -0.381645 0.0719821 0.406845
-0.380294 0.0992153 0.401471 -0.381626 0.0724562 0.406751
-0.380275 0.0997054 0.401374 -0.381608 0.0729303 0.406658
-0.380255 0.100196 0.401277 -0.381589 0.0734044 0.406564
-0.380236 0.100686 0.40118 -0.38157 0.0738786 0.406471
-0.380217 0.101176 0.401084 -0.381551 0.0743528 0.406377
-0.380197 0.101666 0.400987 -0.381533 0.0748271 0.406284
-0.380178 0.102156 0.40089 -0.381514 0.0753016 0.40619
-0.380159 0.102646 0.400793 -0.381495 0.0757762 0.406096
-0.380139 0.103137 0.400697 -0.381477 0.0762508 0.406003
-0.38012 0.103627 0.4006 -0.381458 0.0767255 0.405909
-0.380101 0.104117 0.400503 -0.381439 0.0772003 0.405816
-0.380081 0.104607 0.400406 -0.38142 0.0776751 0.405722
-0.380062 0.105097 0.40031 -0.381402 0.0781497 0.405628
-0.380043 0.105587 0.400213 -0.381383 0.0786242 0.405535
-0.380023 0.106078 0.400116 -0.381364 0.0790983 0.405441
-0.380004 0.106568 0.40002 -0.381345 0.0795722 0.405348
-0.379985 0.107058 0.399923 -0.381327 0.0800457 0.405254
-0.379965 0.107548 0.399826 -0.381308 0.0805188 0.405161
-0.379946 0.108038 0.399729 -0.381289 0.0809917 0.405068
-0.379927 0.108528 0.399633 -0.38127 0.0814642 0.404975
-0.379907 0.109019 0.399536 -0.381252 0.0819366 0.404881
-0.379888 0.109509 0.399439 -0.381233 0.0824089 0.404788
-0.379868 0.109999 0.399342 -0.381214 0.0828812 0.404695
-0.379849 0.110489 0.399246 -0.381195 0.0833535 0.404602
-0.37983 0.110979 0.399149 -0.381177 0.0838259 0.404509
-0.37981 0.111469 0.399052 -0.381158 0.0842983 0.404416
-0.379791 0.11196 0.398955 -0.38112 0.0852433 0.404229
-0.379772 0.11245 0.398859 -0.381102 0.0857155 0.404136
-0.379752 0.11294 0.398762 -0.381083 0.0861875 0.404043
-0.379733 0.11343 0.398665 -0.381064 0.0866591 0.40395
-0.379714 0.11392 0.398568 -0.381045 0.0871305 0.403857
-0.379694 0.114411 0.398472 -0.381027 0.0876016 0.403764
-0.379675 0.114901 0.398375 -0.381008 0.0880727 0.403671
-0.379656 0.115391 0.398278 -0.380989 0.0885438 0.403578
-0.379636 0.115881 0.398181 -0.38097 0.089015 0.403486
-0.379617 0.116371 0.398085 -0.380952 0.0894863 0.403393
-0.379598 0.116861 0.397988 -0.380933 0.0899578 0.4033
-0.379578 0.117352 0.397891 -0.380914 0.0904296 0.403207
-0.379559 0.117842 0.397794 -0.380896 0.0909017 0.403114
-0.37954 0.118332 0.397698 -0.380858 0.0918466 0.402927
-0.37952 0.118822 0.397601 -0.38084 0.0923194 0.402834
-0.379501 0.119312 0.397504 -0.380821 0.0927923 0.402741
-0.379481 0.119802 0.397407 -0.380802 0.0932649 0.402648
-0.379462 0.120293 0.397311 -0.380784 0.0937371 0.402554
-0.379443 0.120783 0.397214 -0.380765 0.0942087 0.402461
-0.379423 0.121273 0.397117 -0.380746 0.0946797 0.402369
-0.379404 0.121763 0.39702 -0.380728 0.0951505 0.402276
-0.379385 0.122253 0.396924 -0.380709 0.0956211 0.402183
-0.379365 0.122743 0.396827 -0.38069 0.0960917 0.40209
-0.379346 0.123234 0.39673 -0.380671 0.0965622 0.401997
-0.379327 0.123724 0.396633 -0.380653 0.0970328 0.401905
-0.379307 0.124214 0.396537 -0.380634 0.0975033 0.401812
-0.379288 0.124704 0.39644 -0.380615 0.0979739 0.401719
-0.379269 0.125194 0.396343 -0.380597 0.0984445 0.401626
-0.379249 0.125684 0.396246 -0.380578 0.0989152 0.401534
-0.37923 0.126175 0.39615 -0.380559 0.0993859 0.401441
-0.379211 0.126665 0.396053 -0.380522 0.100328 0.401255
-0.379191 0.127155 0.395956 -0.380503 0.100798 0.401162
-0.379172 0.127645 0.39586 -0.380485 0.101269 0.401069
-0.379153 0.128135 0.395763 -0.380466 0.10174 0.400977
-0.379133 0.128625 0.395666 -0.380448 0.102211 0.400884
-0.379114 0.129116 0.395569 -0.380429 0.102682 0.400791
-0.379095 0.129606 0.395473 -0.38041 0.103153 0.400698
-0.379075 0.130096 0.395376 -0.380392 0.103623 0.400605
-0.379056 0.130586 0.395279 -0.380373 0.104094 0.400513
-0.379036 0.131076 0.395182 -0.380354 0.104564 0.40042
-0.379017 0.131566 0.395086 -0.380336 0.105035 0.400327
-0.378998 0.132057 0.394989 -0.380317 0.105505 0.400234
-0.378978 0.132547 0.394892 -0.380298 0.105975 0.400142
-0.378959 0.133037 0.394795 -0.38028 0.106446 0.400049
-0.37894 0.133527 0.394699 -0.380261 0.106916 0.399956
-0.37892 0.134017 0.394602 -0.380243 0.107386 0.399864
-0.378901 0.134507 0.394505 -0.380224 0.107856 0.399771
-0.378882 0.134998 0.394408 -0.380205 0.108326 0.399678
-0.378862 0.135488 0.394312 -0.380187 0.108796 0.399586
-0.378843 0.135978 0.394215 -0.380168 0.109265 0.399493
-0.378824 0.136468 0.394118 -0.380149 0.109733 0.399401
-0.378804 0.136958 0.394021 -0.380131 0.110201 0.399309
-0.378785 0.137448 0.393925 -0.380112 0.110669 0.399216
-0.378766 0.137939 0.393828 -0.380093 0.111137 0.399124
-0.378746 0.138429 0.393731 -0.380075 0.111605 0.399032
-0.378727 0.138919 0.393634 -0.380056 0.112073 0.39894
-0.378708 0.139409 0.393538 -0.380038 0.11254 0.398848
-0.378688 0.139899 0.393441 -0.380019 0.113008 0.398755
-0.378669 0.14039 0.393344 -0.379982 0.113944 0.398571
-0.378649 0.14088 0.393247 -0.379963 0.114412 0.398479
-0.37863 0.14137 0.393151 -0.379945 0.11488 0.398387
-0.378611 0.14186 0.393054 -0.379926 0.115348 0.398294
-0.378591 0.14235 0.392957 -0.379907 0.115815 0.398202
-0.378572 0.14284 0.39286 -0.379889 0.116282 0.39811
-0.378553 0.143331 0.392764 -0.37987 0.116749 0.398018
-0.378533 0.143821 0.392667 -0.379852 0.117215 0.397926
-0.378514 0.144311 0.39257 -0.379833 0.117681 0.397834
-0.378495 0.144801 0.392473 -0.379815 0.118147 0.397743
-0.378475 0.145291 0.392377 -0.379796 0.118613 0.397651
-0.378456 0.145781 0.39228 -0.379777 0.11908 0.397559
-0.378437 0.146272 0.392183 -0.379759 0.119547 0.397467
-0.378417 0.146762 0.392087 -0.37974 0.120014 0.397375
-0.378398 0.147252 0.39199 -0.379722 0.120481 0.397282
-0.378379 0.147742 0.391893 -0.379703 0.120949 0.39719
-0.378359 0.148232 0.391796 -0.379685 0.121417 0.397098
-0.37834 0.148722 0.3917 -0.379666 0.121886 0.397006
-0.378321 0.149213 0.391603 -0.379648 0.122354 0.396913
-0.378301 0.149703 0.391506 -0.379629 0.122823 0.396821
-0.378282 0.150193 0.391409 -0.379611 0.123293 0.396728
-0.378263 0.150683 0.391313 -0.379592 0.123762 0.396636
-0.378243 0.151173 0.391216 -0.379574 0.124231 0.396544
-0.378224 0.151663 0.391119 -0.379556 0.124701 0.396451
-0.378204 0.152154 0.391022 -0.379537 0.12517 0.396359
-0.378185 0.152644 0.390926 -0.379519 0.125639 0.396266
-0.378166 0.153134 0.390829 -0.3795 0.126109 0.396174
-0.378146 0.153624 0.390732 -0.379482 0.126578 0.396081
-0.378127 0.154114 0.390635 -0.379463 0.127048 0.395989
-0.378108 0.154604 0.390539 -0.379445 0.127517 0.395896
-0.378088 0.155095 0.390442 -0.379426 0.127987 0.395803
-0.378069 0.155585 0.390345 -0.379408 0.128457 0.395711
-0.37805 0.156075 0.390248 -0.379389 0.128927 0.395618
-0.37803 0.156565 0.390152 -0.379352 0.129867 0.395433
-0.378011 0.157055 0.390055 -0.379334 0.130337 0.39534
-0.377992 0.157545 0.389958 -0.379315 0.130808 0.395248
-0.377972 0.158036 0.389861 -0.379297 0.131279 0.395155
-0.377953 0.158526 0.389765 -0.379278 0.13175 0.395062
-0.377934 0.159016 0.389668 -0.37926 0.132221 0.394969
-0.377914 0.159506 0.389571 -0.379242 0.132693 0.394876
-0.377895 0.159996 0.389474 -0.379223 0.133164 0.394783
-0.377876 0.160486 0.389378 -0.379205 0.133636 0.39469
-0.377856 0.160977 0.389281 -0.379186 0.134109 0.394597
-0.377837 0.161467 0.389184 -0.379168 0.134581 0.394504
-0.377817 0.161957 0.389087 -0.379131 0.135527 0.394318
-0.377798 0.162447 0.388991 -0.379112 0.136 0.394225
-0.377779 0.162937 0.388894 -0.379094 0.136473 0.394132
-0.377759 0.163427 0.388797 -0.379075 0.136947 0.394038
-0.37774 0.163918 0.3887 -0.379057 0.13742 0.393945
-0.377721 0.164408 0.388604 -0.379038 0.137894 0.393852
-0.377701 0.164898 0.388507 -0.37902 0.138368 0.393758
-0.377682 0.165388 0.38841 -0.379001 0.138841 0.393665
-0.377663 0.165878 0.388313 -0.378983 0.139314 0.393572
-0.377643 0.166368 0.388217 -0.378964 0.139787 0.393479
-0.377624 0.166859 0.38812 -0.378946 0.14026 0.393386
-0.377605 0.167349 0.388023 -0.378927 0.140733 0.393292
-0.377585 0.167839 0.387927 -0.378908 0.141205 0.393199
-0.377566 0.168329 0.38783 -0.37889 0.141677 0.393106
-0.377547 0.168819 0.387733 -0.378871 0.14215 0.393013
-0.377527 0.16931 0.387636 -0.378853 0.142622 0.39292
-0.377508 0.1698 0.38754 -0.378834 0.143093 0.392827
-0.377489 0.17029 0.387443 -0.378815 0.143565 0.392734
-0.377469 0.17078 0.387346 -0.378797 0.144037 0.392642
-0.37745 0.17127 0.387249 -0.378778 0.144508 0.392549
-0.377431 0.17176 0.387153 -0.378759 0.144979 0.392456
-0.377411 0.172251 0.387056 -0.378741 0.145449 0.392363
-0.377392 0.172741 0.386959 -0.378704 0.146389 0.392178
-0.377372 0.173231 0.386862 -0.378685 0.146859 0.392085
-0.377353 0.173721 0.386766 -0.378648 0.147798 0.3919
-0.377334 0.174211 0.386669 -0.378629 0.148267 0.391808
-0.377314 0.174701 0.386572 -0.37861 0.148736 0.391716
-0.377295 0.175192 0.386475 -0.378592 0.149205 0.391623
-0.377276 0.175682 0.386379 -0.378554 0.150141 0.391439
-0.377256 0.176172 0.386282 -0.378535 0.150608 0.391347
-0.377237 0.176662 0.386185 -0.378517 0.151073 0.391255
-0.377218 0.177152 0.386088 -0.378498 0.151538 0.391164
-0.377198 0.177642 0.385992 -0.378479 0.152002 0.391072
-0.377179 0.178133 0.385895 -0.378461 0.152465 0.390981
-0.37716 0.178623 0.385798 -0.378442 0.152928 0.39089
-0.37714 0.179113 0.385701 -0.378423 0.15339 0.390799
-0.377121 0.179603 0.385605 -0.378404 0.153852 0.390708
-0.377102 0.180093 0.385508 -0.378386 0.154312 0.390617
-0.377082 0.180583 0.385411 -0.378367 0.154773 0.390526
-0.377063 0.181074 0.385314 -0.378348 0.155233 0.390435
-0.377044 0.181564 0.385218 -0.37833 0.155692 0.390345
-0.377024 0.182054 0.385121 -0.378311 0.156152 0.390254
-0.377005 0.182544 0.385024 -0.378292 0.156611 0.390164
-0.376985 0.183034 0.384927 -0.378274 0.15707 0.390073
-0.376966 0.183524 0.384831 -0.378255 0.157529 0.389983
-0.376947 0.184015 0.384734 -0.378237 0.157988 0.389893
-0.376927 0.184505 0.384637 -0.378218 0.158447 0.389802
-0.376908 0.184995 0.38454 -0.378199 0.158905 0.389712
-0.376889 0.185485 0.384444 -0.378181 0.159363 0.389622
-0.376869 0.185975 0.384347 -0.378162 0.15982 0.389532
-0.37685 0.186465 0.38425 -0.378144 0.160276 0.389442
-0.376831 0.186956 0.384153 -0.378125 0.160733 0.389352
-0.376811 0.187446 0.384057 -0.378107 0.161189 0.389262
-0.376792 0.187936 0.38396 -0.378088 0.161645 0.389172
-0.376773 0.188426 0.383863 -0.378051 0.162557 0.388992
-0.376753 0.188916 0.383767 -0.378033 0.163013 0.388902
-0.376734 0.189406 0.38367 -0.378014 0.16347 0.388812
-0.376715 0.189897 0.383573 -0.377996 0.163926 0.388722
-0.376695 0.190387 0.383476 -0.377978 0.164382 0.388632
-0.376676 0.190877 0.38338 -0.377959 0.164839 0.388542
-0.376657 0.191367 0.383283 -0.377941 0.165296 0.388452
-0.376637 0.191857 0.383186 -0.377923 0.165754 0.388362
-0.376618 0.192347 0.383089 -0.377905 0.166211 0.388272
-0.376599 0.192838 0.382993 -0.377886 0.166669 0.388182
-0.376579 0.193328 0.382896 -0.377868 0.167126 0.388092
-0.37656 0.193818 0.382799 -0.37785 0.167583 0.388002
-0.37654 0.194308 0.382702 -0.377831 0.16804 0.387912
-0.376521 0.194798 0.382606 -0.377813 0.168497 0.387822
-0.376502 0.195288 0.382509 -0.377795 0.168955 0.387732
-0.376482 0.195779 0.382412 -0.377777 0.169413 0.387642
-0.376463 0.196269 0.382315 -0.377759 0.169871 0.387551
-0.376444 0.196759 0.382219 -0.377722 0.170788 0.387371
-0.376424 0.197249 0.382122 -0.377704 0.171247 0.38728
-0.376405 0.197739 0.382025 -0.377686 0.171706 0.38719
-0.376386 0.19823 0.381928 -0.377668 0.172166 0.387099
-0.376366 0.19872 0.381832 -0.37765 0.172625 0.387009
-0.376347 0.19921 0.381735 -0.377631 0.173084 0.386918
-0.376328 0.1997 0.381638 -0.377613 0.173543 0.386828
-0.376308 0.20019 0.381541 -0.377595 0.174002 0.386738
-0.376289 0.20068 0.381445 -0.377577 0.174459 0.386648
-0.37627 0.201171 0.381348 -0.377559 0.174916 0.386558
-0.37625 0.201661 0.381251 -0.377541 0.175373 0.386468
-0.376231 0.202151 0.381154 -0.377523 0.17583 0.386378
-0.376212 0.202641 0.381058 -0.377504 0.176287 0.386288
-0.376192 0.203131 0.380961 -0.377486 0.176745 0.386197
-0.376173 0.203621 0.380864 -0.377468 0.177203 0.386107
-0.376153 0.204112 0.380767 -0.37745 0.17766 0.386017
-0.376134 0.204602 0.380671 -0.377432 0.178117 0.385927
-0.376115 0.205092 0.380574 -0.377414 0.178573 0.385837
-0.376095 0.205582 0.380477 -0.377396 0.17903 0.385747
-0.376076 0.206072 0.38038 -0.377377 0.179486 0.385657
-0.376057 0.206562 0.380284 -0.377359 0.179943 0.385567
-0.376037 0.207053 0.380187 -0.377341 0.1804 0.385477
-0.376018 0.207543 0.38009 -0.377323 0.180858 0.385387
-0.375999 0.208033 0.379994 -0.377305 0.181316 0.385297
-0.375979 0.208523 0.379897 -0.377287 0.181774 0.385207
-0.37596 0.209013 0.3798 -0.377269 0.182232 0.385117
-0.375941 0.209503 0.379703 -0.377251 0.182691 0.385026
-0.375921 0.209994 0.379607 -0.377233 0.18315 0.384936
-0.375902 0.210484 0.37951 -0.377215 0.18361 0.384845
-0.375883 0.210974 0.379413 -0.377197 0.18407 0.384755
-0.375863 0.211464 0.379316 -0.377179 0.184531 0.384664
-0.375844 0.211954 0.37922 -0.377142 0.185453 0.384482
-0.375825 0.212444 0.379123 -0.377124 0.185915 0.384392
-0.375805 0.212935 0.379026 -0.377106 0.186377 0.384301
-0.375786 0.213425 0.378929 -0.377088 0.18684 0.384209
-0.375767 0.213915 0.378833 -0.37707 0.187303 0.384118
-0.375747 0.214405 0.378736 -0.377052 0.187767 0.384027
-0.375728 0.214895 0.378639 -0.377034 0.188231 0.383936
-0.375708 0.215385 0.378542 -0.377016 0.188696 0.383844
-0.375689 0.215876 0.378446 -0.376998 0.189161 0.383753
-0.37567 0.216366 0.378349 -0.37698 0.189626 0.383661
-0.37565 0.216856 0.378252 -0.376962 0.190092 0.383569
-0.375631 0.217346 0.378155 -0.376944 0.190558 0.383478
-0.375612 0.217836 0.378059 -0.376926 0.191025 0.383386
-0.375592 0.218326 0.377962 -0.376908 0.191492 0.383294
-0.375573 0.218817 0.377865 -0.37689 0.191959 0.383202
-0.375554 0.219307 0.377768 -0.376872 0.192427 0.38311
-0.375534 0.219797 0.377672 -0.376854 0.192896 0.383018
-0.375515 0.220287 0.377575 -0.376836 0.193364 0.382925
-0.375496 0.220777 0.377478 -0.376818 0.193833 0.382833
-0.375476 0.221267 0.377381 -0.376799 0.194302 0.382741
-0.375457 0.221758 0.377285 -0.376781 0.194771 0.382648
-0.375438 0.222248 0.377188 -0.376763 0.195241 0.382556
-0.375418 0.222738 0.377091 -0.376745 0.195711 0.382464
-0.375399 0.223228 0.376994 -0.376727 0.196181 0.382371
-0.37538 0.223718 0.376898 -0.376709 0.196651 0.382279
-0.37536 0.224209 0.376801 -0.37669 0.197121 0.382186
-0.375341 0.224699 0.376704 -0.376672 0.197591 0.382093
-0.375321 0.225189 0.376607 -0.376654 0.198062 0.382001
-0.375302 0.225679 0.376511 -0.376636 0.198534 0.381908
-0.375283 0.226169 0.376414 -0.376618 0.199006 0.381815
-0.375263 0.226659 0.376317 -0.376599 0.199477 0.381722
-0.375244 0.22715 0.37622 -0.376581 0.19995 0.381629
-0.375225 0.22764 0.376124 -0.376544 0.200894 0.381443
-0.375205 0.22813 0.376027 -0.376526 0.201367 0.38135
-0.375186 0.22862 0.37593 -0.376508 0.201839 0.381257
-0.375167 0.22911 0.375834 -0.376489 0.202312 0.381164
-0.375147 0.2296 0.375737 -0.376471 0.202785 0.381071
-0.375128 0.230091 0.37564 -0.376453 0.203259 0.380978
-0.375109 0.230581 0.375543 -0.376434 0.203732 0.380885
-0.375089 0.231071 0.375447 -0.376416 0.204206 0.380792
-0.37507 0.231561 0.37535 -0.376398 0.204679 0.380699
-0.375051 0.232051 0.375253 -0.376379 0.205153 0.380605
-0.375031 0.232541 0.375156 -0.376361 0.205627 0.380512
-0.375012 0.233032 0.37506 -0.376342 0.206101 0.380419
-0.374993 0.233522 0.374963 -0.376324 0.206576 0.380325
-0.374973 0.234012 0.374866 -0.376305 0.20705 0.380232
-0.374954 0.234502 0.374769 -0.376287 0.207525 0.380138
-0.374935 0.234992 0.374673 -0.376268 0.208 0.380045
-0.374915 0.235482 0.374576 -0.37625 0.208475 0.379951
-0.374896 0.235973 0.374479 -0.376231 0.208951 0.379858
-0.374876 0.236463 0.374382 -0.376213 0.209427 0.379764
-0.374857 0.236953 0.374286 -0.376194 0.209903 0.379671
-0.374838 0.237443 0.374189 -0.376176 0.210379 0.379577
-0.374818 0.237933 0.374092 -0.376157 0.210855 0.379483
-0.374799 0.238423 0.373995 -0.376139 0.211332 0.379389
-0.37478 0.238914 0.373899 -0.37612 0.211808 0.379296
-0.37476 0.239404 0.373802 -0.376101 0.212284 0.379202
-0.374741 0.239894 0.373705 -0.376083 0.212761 0.379108
-0.374722 0.240384 0.373608 -0.376064 0.213237 0.379014
-0.374702 0.240874 0.373512 -0.376045 0.213713 0.378921
-0.374683 0.241364 0.373415 -0.376027 0.214189 0.378827
-0.374664 0.241855 0.373318 -0.376008 0.214664 0.378733
-0.374644 0.242345 0.373221 -0.375989 0.21514 0.37864
-0.374625 0.242835 0.373125 -0.375952 0.21609 0.378453
-0.374606 0.243325 0.373028 -0.375933 0.216565 0.378359
-0.374586 0.243815 0.372931 -0.375915 0.21704 0.378266
-0.374567 0.244305 0.372834 -0.375896 0.217515 0.378172
-0.374548 0.244796 0.372738 -0.375877 0.21799 0.378079
-0.374528 0.245286 0.372641 -0.375858 0.218465 0.377985
-0.374509 0.245776 0.372544 -0.37584 0.21894 0.377891
-0.374489 0.246266 0.372447 -0.375821 0.219415 0.377798
-0.37447 0.246756 0.372351 -0.375802 0.219891 0.377704
-0.374451 0.247246 0.372254 -0.375783 0.220366 0.377611
-0.374431 0.247737 0.372157 -0.375764 0.220841 0.377517
-0.374412 0.248227 0.37206 -0.375746 0.221316 0.377424
-0.374393 0.248717 0.371964 -0.375727 0.221791 0.37733
-0.374373 0.249207 0.371867 -0.375708 0.222267 0.377237
-0.374354 0.249697 0.37177 -0.375689 0.222742 0.377143
-0.374335 0.250187 0.371674 -0.375671 0.223218 0.377049
-0.374315 0.250678 0.371577 -0.375652 0.223694 0.376956
-0.374296 0.251168 0.37148 -0.375633 0.224169 0.376862
-0.374277 0.251658 0.371383 -0.375614 0.224645 0.376768
-0.374257 0.252148 0.371287 -0.375595 0.22512 0.376675
-0.374238 0.252638 0.37119 -0.375576 0.225594 0.376581
-0.374219 0.253129 0.371093 -0.375558 0.226069 0.376488
-0.374199 0.253619 0.370996 -0.375539 0.226544 0.376394
-0.37418 0.254109 0.3709 -0.37552 0.227019 0.376301
-0.374161 0.254599 0.370803 -0.375501 0.227494 0.376207
-0.374141 0.255089 0.370706 -0.375482 0.227969 0.376114
-0.374122 0.255579 0.370609 -0.375464 0.228445 0.37602
-0.374103 0.25607 0.370513 -0.375445 0.22892 0.375927
-0.374083 0.25656 0.370416 -0.375426 0.229395 0.375833
-0.374064 0.25705 0.370319 -0.375388 0.230345 0.375646
-0.374044 0.25754 0.370222 -0.375369 0.23082 0.375552
-0.374025 0.25803 0.370126 -0.375351 0.231295 0.375459
-0.374006 0.25852 0.370029 -0.375332 0.23177 0.375365
-0.373986 0.259011 0.369932 -0.375313 0.232245 0.375272
-0.373967 0.259501 0.369835 -0.375294 0.232719 0.375179
-0.373948 0.259991 0.369739 -0.375275 0.233194 0.375085
-0.373928 0.260481 0.369642 -0.375256 0.233669 0.374992
-0.373909 0.260971 0.369545 -0.375237 0.234143 0.374898
-0.37389 0.261461 0.369448 -0.375219 0.234618 0.374805
-0.37387 0.261952 0.369352 -0.3752 0.235093 0.374711
-0.373851 0.262442 0.369255 -0.375181 0.235568 0.374618
-0.373832 0.262932 0.369158 -0.375162 0.236042 0.374524
-0.373812 0.263422 0.369061 -0.375143 0.236516 0.374431
-0.373793 0.263912 0.368965 -0.375124 0.23699 0.374338
-0.373774 0.264402 0.368868 -0.375105 0.237464 0.374244
-0.373754 0.264893 0.368771 -0.375087 0.237937 0.374151
-0.373735 0.265383 0.368674 -0.375068 0.23841 0.374058
-0.373716 0.265873 0.368578 -0.375049 0.238882 0.373965
-0.373696 0.266363 0.368481 -0.37503 0.239355 0.373872
-0.373677 0.266853 0.368384 -0.375011 0.239827 0.373779
-0.373657 0.267343 0.368287 -0.374992 0.240299 0.373686
-0.373638 0.267834 0.368191 -0.374973 0.240771 0.373593
-0.373619 0.268324 0.368094 -0.374954 0.241243 0.3735
-0.373599 0.268814 0.367997 -0.374936 0.241714 0.373407
-0.37358 0.269304 0.367901 -0.374917 0.242186 0.373314
-0.373561 0.269794 0.367804 -0.374898 0.242657 0.373221
-0.373541 0.270284 0.367707 -0.37486 0.243601 0.373035
-0.373522 0.270775 0.36761 -0.374841 0.244072 0.372943
-0.373503 0.271265 0.367514 -0.374823 0.244544 0.37285
-0.373483 0.271755 0.367417 -0.374804 0.245016 0.372757
-0.373464 0.272245 0.36732 -0.374785 0.245488 0.372664
-0.373445 0.272735 0.367223 -0.374766 0.24596 0.372571
-0.373425 0.273225 0.367127 -0.374747 0.246432 0.372478
-0.373406 0.273716 0.36703 -0.374729 0.246904 0.372385
-0.373387 0.274206 0.366933 -0.37471 0.247377 0.372292
-0.373367 0.274696 0.366836 -0.374691 0.247849 0.372199
-0.373348 0.275186 0.36674 -0.374672 0.248322 0.372106
-0.373329 0.275676 0.366643 -0.374653 0.248794 0.372013
-0.373309 0.276166 0.366546 -0.374635 0.249267 0.37192
-0.37329 0.276657 0.366449 -0.374616 0.24974 0.371826
-0.373271 0.277147 0.366353 -0.374597 0.250213 0.371733
-0.373251 0.277637 0.366256 -0.374578 0.250687 0.37164
-0.373232 0.278127 0.366159 -0.37456 0.25116 0.371547
-0.373212 0.278617 0.366062 -0.374541 0.251634 0.371454
-0.373193 0.279107 0.365966 -0.374522 0.252108 0.37136
-0.373174 0.279598 0.365869 -0.374503 0.252582 0.371267
-0.373154 0.280088 0.365772 -0.374485 0.253055 0.371174
-0.373135 0.280578 0.365675 -0.374466 0.253528 0.371081
-0.373116 0.281068 0.365579 -0.374447 0.254002 0.370987
-0.373096 0.281558 0.365482 -0.374428 0.254475 0.370894
-0.373077 0.282049 0.365385 -0.37441 0.254948 0.370801
-0.373058 0.282539 0.365288 -0.374391 0.25542 0.370708
-0.373038 0.283029 0.365192 -0.374372 0.255893 0.370615
-0.373019 0.283519 0.365095 -0.374335 0.256838 0.370429
-0.373 0.284009 0.364998 -0.374316 0.257311 0.370336
-0.37298 0.284499 0.364901 -0.374297 0.257784 0.370243
-0.372961 0.28499 0.364805 -0.374278 0.258257 0.370149
-0.372942 0.28548 0.364708 -0.37426 0.258729 0.370056
-0.372922 0.28597 0.364611 -0.374241 0.259202 0.369963
-0.372903 0.28646 0.364514 -0.374222 0.259675 0.36987
-0.372884 0.28695 0.364418 -0.374203 0.260148 0.369777
-0.372864 0.28744 0.364321 -0.374185 0.260621 0.369684
-0.372845 0.287931 0.364224 -0.374166 0.261094 0.369591
-0.372825 0.288421 0.364127 -0.374147 0.261568 0.369498
-0.372806 0.288911 0.364031 -0.374128 0.262041 0.369404
-0.372787 0.289401 0.363934 -0.37411 0.262514 0.369311
-0.372767 0.289891 0.363837 -0.374091 0.262988 0.369218
-0.372748 0.290381 0.363741 -0.374072 0.263461 0.369125
-0.372729 0.290872 0.363644 -0.374053 0.263935 0.369031
-0.372709 0.291362 0.363547 -0.374035 0.264409 0.368938
-0.37269 0.291852 0.36345 -0.374016 0.264883 0.368845
-0.372671 0.292342 0.363354 -0.373997 0.265357 0.368752
-0.372651 0.292832 0.363257 -0.373979 0.265831 0.368658
-0.372632 0.293322 0.36316 -0.37396 0.266305 0.368565
-0.372613 0.293813 0.363063 -0.373941 0.266779 0.368472
-0.372593 0.294303 0.362967 -0.373922 0.267253 0.368378
-0.372574 0.294793 0.36287 -0.373904 0.267728 0.368285
-0.372555 0.295283 0.362773 -0.373885 0.268202 0.368191
-0.372535 0.295773 0.362676 -0.373866 0.268675 0.368098
-0.372516 0.296263 0.36258 -0.373847 0.269149 0.368005
-0.372497 0.296754 0.362483 -0.373829 0.269623 0.367912
-0.372477 0.297244 0.362386 -0.37381 0.270096 0.367818
-0.372458 0.297734 0.362289 -0.373791 0.270569 0.367725
-0.372439 0.298224 0.362193 -0.373772 0.271043 0.367632
-0.372419 0.298714 0.362096 -0.373754 0.271516 0.367539
-0.3724 0.299204 0.361999 -0.373735 0.271989 0.367446
-0.37238 0.299695 0.361902 -0.373716 0.272462 0.367352
-0.372361 0.300185 0.361806 -0.373697 0.272936 0.367259
-0.372342 0.300675 0.361709 -0.37366 0.273883 0.367073
-0.372322 0.301165 0.361612 -0.373641 0.274356 0.36698
-0.372303 0.301655 0.361515 -0.373622 0.27483 0.366886
-0.372284 0.302145 0.361419 -0.373604 0.275304 0.366793
-0.372264 0.302636 0.361322 -0.373585 0.275778 0.3667
-0.372245 0.303126 0.361225 -0.373566 0.276253 0.366606
-0.372226 0.303616 0.361128 -0.373547 0.276727 0.366513
-0.372206 0.304106 0.361032 -0.373529 0.277201 0.366419
-0.372187 0.304596 0.360935 -0.37351 0.277676 0.366326
-0.372168 0.305086 0.360838 -0.373491 0.27815 0.366233
-0.372148 0.305577 0.360741 -0.373472 0.278625 0.366139
-0.372129 0.306067 0.360645 -0.373454 0.2791 0.366046
-0.37211 0.306557 0.360548 -0.373435 0.279575 0.365952
-0.37209 0.307047 0.360451 -0.373416 0.280051 0.365858
-0.372071 0.307537 0.360354 -0.373397 0.280526 0.365765
-0.372052 0.308027 0.360258 -0.373379 0.281002 0.365671
-0.372032 0.308518 0.360161 -0.37336 0.281478 0.365578
-0.372013 0.309008 0.360064 -0.373341 0.281954 0.365484
-0.371993 0.309498 0.359967 -0.373322 0.28243 0.36539
-0.371974 0.309988 0.359871 -0.373304 0.282906 0.365296
-0.371955 0.310478 0.359774 -0.373285 0.283382 0.365203
-0.371935 0.310969 0.359677 -0.373266 0.283858 0.365109
-0.371916 0.311459 0.359581 -0.373247 0.284335 0.365015
-0.371897 0.311949 0.359484 -0.373229 0.284811 0.364921
-0.371877 0.312439 0.359387 -0.37321 0.285288 0.364828
-0.371858 0.312929 0.35929 -0.373191 0.285764 0.364734
-0.371839 0.313419 0.359194 -0.373172 0.286241 0.36464
-0.371819 0.31391 0.359097 -0.373154 0.286718 0.364546
-0.3718 0.3144 0.359 -0.373135 0.287196 0.364452
-0.371781 0.31489 0.358903 -0.373116 0.287673 0.364358
-0.371761 0.31538 0.358807 -0.373097 0.288151 0.364264
-0.371742 0.31587 0.35871 -0.373078 0.288629 0.36417
-0.371723 0.31636 0.358613 -0.37306 0.289106 0.364076
-0.371703 0.316851 0.358516 -0.373041 0.289584 0.363982
-0.371684 0.317341 0.35842 -0.373022 0.290061 0.363888
-0.371665 0.317831 0.358323 -0.373003 0.290538 0.363794
-0.371645 0.318321 0.358226 -0.372984 0.291015 0.3637
-0.371626 0.318811 0.358129 -0.372966 0.291493 0.363606
-0.371607 0.319301 0.358033 -0.372947 0.29197 0.363512
-0.371587 0.319792 0.357936 -0.372928 0.292447 0.363418
-0.371568 0.320282 0.357839 -0.372909 0.292925 0.363324
-0.371548 0.320772 0.357742 -0.37289 0.293403 0.36323
-0.371529 0.321262 0.357646 -0.372871 0.293881 0.363136
-0.37151 0.321752 0.357549 -0.372853 0.294359 0.363042
-0.37149 0.322242 0.357452 -0.372834 0.294837 0.362948
-0.371471 0.322733 0.357355 -0.372815 0.295316 0.362854
-0.371452 0.323223 0.357259 -0.372796 0.295794 0.362759
-0.371432 0.323713 0.357162 -0.372777 0.296272 0.362665
-0.371413 0.324203 0.357065 -0.372739 0.297228 0.362477
-0.371394 0.324693 0.356968 -0.372721 0.297706 0.362383
-0.371374 0.325183 0.356872 -0.372702 0.298184 0.362289
-0.371355 0.325674 0.356775 -0.372683 0.298663 0.362195
-0.371336 0.326164 0.356678 -0.372664 0.299141 0.3621
-0.371316 0.326654 0.356581 -0.372645 0.29962 0.362006
-0.371297 0.327144 0.356485 -0.372626 0.300098 0.361912
-0.371278 0.327634 0.356388 -0.372607 0.300578 0.361818
-0.371258 0.328124 0.356291 -0.372588 0.301057 0.361723
-0.371239 0.328615 0.356194 -0.37257 0.301536 0.361629
-0.37122 0.329105 0.356098 -0.372551 0.302016 0.361534
-0.3712 0.329595 0.356001 -0.372532 0.302495 0.36144
-0.371181 0.330085 0.355904 -0.372513 0.302975 0.361346
-0.371162 0.330575 0.355808 -0.372494 0.303454 0.361251
-0.371142 0.331065 0.355711 -0.372456 0.304411 0.361063
-0.371123 0.331556 0.355614 -0.372437 0.304889 0.360969
-0.371103 0.332046 0.355517 -0.372418 0.305367 0.360874
-0.371084 0.332536 0.355421 -0.372399 0.305845 0.36078
-0.371065 0.333026 0.355324 -0.37238 0.306322 0.360686
-0.371045 0.333516 0.355227 -0.372361 0.306799 0.360592
-0.371026 0.334006 0.35513 -0.372342 0.307275 0.360498
-0.371007 0.334497 0.355034 -0.372323 0.307752 0.360405
-0.370987 0.334987 0.354937 -0.372305 0.308228 0.360311
-0.370968 0.335477 0.35484 -0.372286 0.308704 0.360217
-0.370949 0.335967 0.354743 -0.372267 0.30918 0.360123
-0.370929 0.336457 0.354647 -0.372248 0.309656 0.360029
-0.37091 0.336948 0.35455 -0.372229 0.310132 0.359936
-0.370891 0.337438 0.354453 -0.37221 0.310607 0.359842
-0.370871 0.337928 0.354356 -0.372191 0.311082 0.359748
-0.370852 0.338418 0.35426 -0.372172 0.311557 0.359655
-0.370833 0.338908 0.354163 -0.372153 0.312031 0.359561
-0.370813 0.339398 0.354066 -0.372134 0.312504 0.359468
-0.370794 0.339889 0.353969 -0.372115 0.312976 0.359375
-0.370775 0.340379 0.353873 -0.372096 0.313448 0.359282
-0.370755 0.340869 0.353776 -0.372077 0.313919 0.359189
-0.370736 0.341359 0.353679 -0.372058 0.314391 0.359096
-0.370716 0.341849 0.353582 -0.372039 0.314863 0.359003
-0.370697 0.342339 0.353486 -0.37202 0.315334 0.35891
-0.370678 0.34283 0.353389 -0.372001 0.315806 0.358817
-0.370658 0.34332 0.353292 -0.371982 0.316278 0.358724
-0.370639 0.34381 0.353195 -0.371963 0.316749 0.358631
-0.37062 0.3443 0.353099 -0.371944 0.317221 0.358538
-0.3706 0.34479 0.353002 -0.371925 0.317692 0.358445
-0.370581 0.34528 0.352905 -0.371906 0.318164 0.358352
-0.370562 0.345771 0.352808 -0.371887 0.318635 0.358259
-0.370542 0.346261 0.352712 -0.371869 0.319106 0.358166
-0.370523 0.346751 0.352615 -0.371831 0.320047 0.357981
-0.370504 0.347241 0.352518 -0.371812 0.320517 0.357888
-0.370484 0.347731 0.352421 -0.371774 0.321457 0.357703
-0.370465 0.348221 0.352325 -0.371755 0.321928 0.35761
-0.370446 0.348712 0.352228 -0.371718 0.322868 0.357425
-0.370426 0.349202 0.352131 -0.371699 0.323339 0.357332
-0.370407 0.349692 0.352034 -0.37168 0.323809 0.357239
-0.370388 0.350182 0.351938 -0.371661 0.324279 0.357147
-0.370368 0.350672 0.351841 -0.371642 0.324748 0.357054
-0.370349 0.351162 0.351744 -0.371624 0.325217 0.356962
-0.37033 0.351653 0.351648 -0.371605 0.325685 0.356869
-0.37031 0.352143 0.351551 -0.371586 0.326152 0.356777
-0.370291 0.352633 0.351454 -0.371567 0.326618 0.356685
-0.370271 0.353123 0.351357 -0.371548 0.327083 0.356593
-0.370252 0.353613 0.351261 -0.37153 0.327547 0.356502
-0.370233 0.354103 0.351164 -0.371511 0.32801 0.35641
-0.370213 0.354594 0.351067 -0.371492 0.328472 0.356319
-0.370194 0.355084 0.35097 -0.371473 0.328934 0.356228
-0.370175 0.355574 0.350874 -0.371454 0.329395 0.356137
-0.370155 0.356064 0.350777 -0.371436 0.329857 0.356046
-0.370136 0.356554 0.35068 -0.371417 0.330319 0.355955
-0.370117 0.357044 0.350583 -0.371398 0.330781 0.355864
-0.370097 0.357535 0.350487 -0.371379 0.331243 0.355772
-0.370078 0.358025 0.35039 -0.371361 0.331705 0.355681
-0.370059 0.358515 0.350293 -0.371342 0.332167 0.35559
-0.370039 0.359005 0.350196 -0.371323 0.33263 0.355499
-0.37002 0.359495 0.3501 -0.371305 0.333093 0.355407
-0.370001 0.359985 0.350003 -0.371286 0.333555 0.355316
-0.369981 0.360476 0.349906 -0.371268 0.334018 0.355225
-0.370001 0.359985 0.350003 -0.371249 0.334481 0.355134
-0.369981 0.360476 0.349906 -0.371231 0.334943 0.355042
-0.370001 0.359985 0.350003 -0.371212 0.335406 0.354951
-0.369981 0.360476 0.349906 -0.371193 0.335868 0.35486
-0.370001 0.359985 0.350003 -0.371175 0.336331 0.354769
-0.369981 0.360476 0.349906 -0.371156 0.336793 0.354678
-0.370001 0.359985 0.350003 -0.371138 0.337256 0.354586
-0.369981 0.360476 0.349906 -0.371119 0.337718 0.354495
-0.370001 0.359985 0.350003 -0.371101 0.338179 0.354404
-0.369981 0.360476 0.349906 -0.371064 0.339097 0.354223
-0.370001 0.359985 0.350003 -0.371045 0.339553 0.354133
-0.369981 0.360476 0.349906 -0.371027 0.340007 0.354044
-0.370001 0.359985 0.350003 -0.371008 0.340458 0.353954
-0.369981 0.360476 0.349906 -0.37099 0.340905 0.353866
-0.370001 0.359985 0.350003 -0.370971 0.34135 0.353778
-0.369981 0.360476 0.349906 -0.370952 0.34179 0.353691
-0.370001 0.359985 0.350003 -0.370934 0.342227 0.353604
-0.369981 0.360476 0.349906 -0.370915 0.342659 0.353518
-0.370001 0.359985 0.350003 -0.370897 0.343087 0.353433
-0.369981 0.360476 0.349906 -0.370878 0.34351 0.353349
-0.370001 0.359985 0.350003 -0.37086 0.343928 0.353266
-0.369981 0.360476 0.349906 -0.370841 0.34434 0.353184
-0.370001 0.359985 0.350003 -0.370823 0.344747 0.353103
-0.369981 0.360476 0.349906 -0.370804 0.345149 0.353023
-0.370001 0.359985 0.350003 -0.370786 0.345544 0.352943
-0.369981 0.360476 0.349906 -0.370768 0.345934 0.352866
-0.370001 0.359985 0.350003 -0.37075 0.346317 0.352789
-0.369981 0.360476 0.349906 -0.370732 0.346694 0.352713
-0.370001 0.359985 0.350003 -0.370714 0.347064 0.352639
-0.369981 0.360476 0.349906 -0.370697 0.347427 0.352566
-0.370001 0.359985 0.350003 -0.370679 0.347785 0.352494
-0.369981 0.360476 0.349906 -0.370662 0.348135 0.352423
-0.370001 0.359985 0.350003 -0.370644 0.34848 0.352354
-0.369981 0.360476 0.349906 -0.370627 0.348818 0.352286
-0.370001 0.359985 0.350003 -0.37061 0.349149 0.352219
-0.369981 0.360476 0.349906 -0.370594 0.349474 0.352153
-0.370001 0.359985 0.350003 -0.370577 0.349793 0.352089
-0.369981 0.360476 0.349906 -0.370561 0.350105 0.352026
-0.370001 0.359985 0.350003 -0.370545 0.350411 0.351964
-0.369981 0.360476 0.349906 -0.370529 0.35071 0.351903
-0.370001 0.359985 0.350003 -0.370513 0.351003 0.351843
-0.369981 0.360476 0.349906 -0.370498 0.35129 0.351785
-0.370001 0.359985 0.350003 -0.370483 0.351571 0.351728
-0.369981 0.360476 0.349906 -0.370468 0.351844 0.351672
-0.370001 0.359985 0.350003 -0.370439 0.352373 0.351565
-0.369981 0.360476 0.349906 -0.370425 0.352627 0.351513
-0.370001 0.359985 0.350003 -0.370411 0.352875 0.351462
-0.369981 0.360476 0.349906 -0.370397 0.353117 0.351413
-0.370001 0.359985 0.350003 -0.370384 0.353352 0.351365
-0.369981 0.360476 0.349906 -0.370371 0.353581 0.351318
-0.370001 0.359985 0.350003 -0.370358 0.353805 0.351272
-0.369981 0.360476 0.349906 -0.370345 0.354022 0.351228
-0.370001 0.359985 0.350003 -0.370333 0.354234 0.351184
-0.369981 0.360476 0.349906 -0.370321 0.354439 0.351142
-0.370001 0.359985 0.350003 -0.370309 0.35464 0.351101
-0.369981 0.360476 0.349906 -0.370298 0.354834 0.351061
-0.370001 0.359985 0.350003 -0.370287 0.355024 0.351022
-0.369981 0.360476 0.349906 -0.370276 0.355208 0.350984
-0.370001 0.359985 0.350003 -0.370265 0.355387 0.350947
-0.369981 0.360476 0.349906 -0.370255 0.355562 0.350911
-0.370001 0.359985 0.350003 -0.370245 0.355732 0.350876
-0.369981 0.360476 0.349906 -0.370235 0.355898 0.350842
-0.370001 0.359985 0.350003 -0.370226 0.356058 0.350809
-0.369981 0.360476 0.349906 -0.370216 0.356214 0.350777
-0.370001 0.359985 0.350003 -0.370207 0.356366 0.350746
-0.369981 0.360476 0.349906 -0.370198 0.356512 0.350716
-0.370001 0.359985 0.350003 -0.37019 0.356654 0.350686
-0.369981 0.360476 0.349906 -0.370182 0.356792 0.350658
-0.370001 0.359985 0.350003 -0.370174 0.356926 0.35063
-0.369981 0.360476 0.349906 -0.370166 0.357055 0.350604
-0.370001 0.359985 0.350003 -0.370158 0.357181 0.350578
-0.369981 0.360476 0.349906 -0.370151 0.357302 0.350553
-0.370001 0.359985 0.350003 -0.370144 0.35742 0.350529
-0.369981 0.360476 0.349906 -0.370137 0.357534 0.350505
-0.370001 0.359985 0.350003 -0.37013 0.357644 0.350482
-0.369981 0.360476 0.349906 -0.370124 0.357751 0.35046
-0.370001 0.359985 0.350003 -0.370117 0.357855 0.350439
-0.369981 0.360476 0.349906 -0.370111 0.357956 0.350418
-0.370001 0.359985 0.350003 -0.370106 0.358054 0.350398
-0.369981 0.360476 0.349906 -0.3701 0.358148 0.350378
-0.370001 0.359985 0.350003 -0.370094 0.358239 0.35036
-0.369981 0.360476 0.349906 -0.370089 0.358327 0.350341
-0.370001 0.359985 0.350003 -0.370084 0.358412 0.350324
-0.369981 0.360476 0.349906 -0.370079 0.358494 0.350307
-0.370001 0.359985 0.350003 -0.370074 0.358573 0.350291
-0.369981 0.360476 0.349906 -0.37007 0.358649 0.350275
-0.370001 0.359985 0.350003 -0.370065 0.358723 0.35026
-0.369981 0.360476 0.349906 -0.370057 0.358864 0.350231
-0.370001 0.359985 0.350003 -0.370053 0.358931 0.350217
-0.369981 0.360476 0.349906 -0.370049 0.358996 0.350203
-0.370001 0.359985 0.350003 -0.370045 0.359058 0.350191
