-0.399972 -0.399287 0.499859 -0.399991 -0.399777 0.499956
-0.399953 -0.398797 0.499763 -0.399991 -0.399777 0.499956
-0.399933 -0.398307 0.499666 -0.399991 -0.399777 0.499956
-0.399914 -0.397817 0.499569 -0.399991 -0.399776 0.499956
-0.399894 -0.397327 0.499472 -0.399991 -0.399776 0.499956
-0.399875 -0.396836 0.499376 -0.399991 -0.399775 0.499956
-0.399856 -0.396346 0.499279 -0.399991 -0.399772 0.499955
-0.399836 -0.395856 0.499182 -0.399991 -0.399769 0.499954
-0.399817 -0.395366 0.499085 -0.399991 -0.399766 0.499954
-0.399798 -0.394876 0.498989 -0.39999 -0.399761 0.499953
-0.399778 -0.394386 0.498892 -0.39999 -0.399755 0.499952
-0.399759 -0.393895 0.498795 -0.399989 -0.399738 0.499948
-0.39974 -0.393405 0.498698 -0.399989 -0.399726 0.499946
-0.39972 -0.392915 0.498602 -0.399988 -0.399711 0.499943
-0.399701 -0.392425 0.498505 -0.399988 -0.399693 0.49994
-0.399682 -0.391935 0.498408 -0.399987 -0.399671 0.499935
-0.399662 -0.391444 0.498311 -0.399986 -0.399644 0.49993
-0.399643 -0.390954 0.498215 -0.399985 -0.399613 0.499924
-0.399624 -0.390464 0.498118 -0.399983 -0.399577 0.499917
-0.399604 -0.389974 0.498021 -0.399982 -0.399536 0.499909
-0.399585 -0.389484 0.497924 -0.39998 -0.399489 0.4999
-0.399566 -0.388994 0.497828 -0.399978 -0.399437 0.49989
-0.399546 -0.388503 0.497731 -0.399976 -0.399379 0.499879
-0.399527 -0.388013 0.497634 -0.399974 -0.399315 0.499866
-0.399507 -0.387523 0.497537 -0.399972 -0.399245 0.499853
-0.399488 -0.387033 0.497441 -0.399969 -0.399168 0.499838
-0.399469 -0.386543 0.497344 -0.399966 -0.399086 0.499822
-0.399449 -0.386053 0.497247 -0.399963 -0.398998 0.499805
-0.39943 -0.385562 0.49715 -0.39996 -0.398905 0.499787
-0.399411 -0.385072 0.497054 -0.399957 -0.398805 0.499768
-0.399391 -0.384582 0.496957 -0.399953 -0.398699 0.499748
-0.399372 -0.384092 0.49686 -0.399949 -0.398587 0.499726
-0.399353 -0.383602 0.496764 -0.399945 -0.398468 0.499703
-0.399333 -0.383112 0.496667 -0.399937 -0.398211 0.499654
-0.399314 -0.382621 0.49657 -0.399932 -0.398072 0.499627
-0.399295 -0.382131 0.496473 -0.399927 -0.397927 0.499599
-0.399275 -0.381641 0.496377 -0.399922 -0.397775 0.49957
-0.399256 -0.381151 0.49628 -0.399917 -0.397616 0.49954
-0.399237 -0.380661 0.496183 -0.399912 -0.39745 0.499508
-0.399217 -0.380171 0.496086 -0.399906 -0.397278 0.499475
-0.399198 -0.37968 0.49599 -0.3999 -0.3971 0.499441
-0.399179 -0.37919 0.495893 -0.399895 -0.396915 0.499405
-0.399159 -0.3787 0.495796 -0.399888 -0.396724 0.499369
-0.39914 -0.37821 0.495699 -0.399882 -0.396528 0.499331
-0.399121 -0.37772 0.495603 -0.399876 -0.396326 0.499293
-0.399101 -0.37723 0.495506 -0.399869 -0.396118 0.499253
-0.399082 -0.376739 0.495409 -0.399848 -0.395456 0.499126
-0.399062 -0.376249 0.495312 -0.39984 -0.395222 0.499081
-0.399043 -0.375759 0.495216 -0.399832 -0.394982 0.499035
-0.399024 -0.375269 0.495119 -0.399825 -0.394736 0.498988
-0.399004 -0.374779 0.495022 -0.399817 -0.394483 0.49894
-0.398985 -0.374289 0.494925 -0.399808 -0.394226 0.498891
-0.398966 -0.373798 0.494829 -0.3998 -0.393962 0.498841
-0.398946 -0.373308 0.494732 -0.399791 -0.393695 0.498789
-0.398927 -0.372818 0.494635 -0.399783 -0.393422 0.498737
-0.398908 -0.372328 0.494538 -0.399774 -0.393145 0.498684
-0.398888 -0.371838 0.494442 -0.399765 -0.392863 0.49863
-0.398869 -0.371348 0.494345 -0.399756 -0.392577 0.498575
-0.39885 -0.370857 0.494248 -0.399746 -0.392286 0.49852
-0.39883 -0.370367 0.494151 -0.399737 -0.391991 0.498463
-0.398811 -0.369877 0.494055 -0.399727 -0.391692 0.498406
-0.398792 -0.369387 0.493958 -0.399717 -0.391389 0.498348
-0.398772 -0.368897 0.493861 -0.399707 -0.391081 0.498289
-0.398753 -0.368407 0.493764 -0.399697 -0.39077 0.498229
-0.398734 -0.367916 0.493668 -0.399686 -0.390454 0.498168
-0.398714 -0.367426 0.493571 -0.399676 -0.390133 0.498107
-0.398695 -0.366936 0.493474 -0.399665 -0.389809 0.498044
-0.398675 -0.366446 0.493377 -0.399655 -0.38948 0.497981
-0.398656 -0.365956 0.493281 -0.399644 -0.389148 0.497917
-0.398637 -0.365466 0.493184 -0.399632 -0.388811 0.497853
-0.398617 -0.364975 0.493087 -0.399621 -0.388471 0.497787
-0.398598 -0.364485 0.49299 -0.39961 -0.388127 0.497721
-0.398579 -0.363995 0.492894 -0.399598 -0.387779 0.497654
-0.398559 -0.363505 0.492797 -0.399587 -0.387428 0.497586
-0.39854 -0.363015 0.4927 -0.399575 -0.387074 0.497518
-0.398521 -0.362524 0.492604 -0.399563 -0.386715 0.497449
-0.398501 -0.362034 0.492507 -0.399551 -0.386354 0.497379
-0.398482 -0.361544 0.49241 -0.399538 -0.385989 0.497309
-0.398463 -0.361054 0.492313 -0.399526 -0.38562 0.497238
-0.398443 -0.360564 0.492217 -0.399513 -0.385249 0.497166
-0.398424 -0.360074 0.49212 -0.399501 -0.384874 0.497094
-0.398405 -0.359583 0.492023 -0.399475 -0.384114 0.496947
-0.398385 -0.359093 0.491926 -0.399462 -0.38373 0.496873
-0.398366 -0.358603 0.49183 -0.399449 -0.383343 0.496798
-0.398347 -0.358113 0.491733 -0.399435 -0.382952 0.496723
-0.398327 -0.357623 0.491636 -0.399422 -0.382559 0.496647
-0.398308 -0.357133 0.491539 -0.399408 -0.382163 0.49657
-0.398289 -0.356642 0.491443 -0.399395 -0.381764 0.496493
-0.398269 -0.356152 0.491346 -0.399367 -0.380958 0.496337
-0.39825 -0.355662 0.491249 -0.399353 -0.380551 0.496258
-0.39823 -0.355172 0.491152 -0.399338 -0.380142 0.496179
-0.398211 -0.354682 0.491056 -0.399324 -0.379731 0.496099
-0.398192 -0.354192 0.490959 -0.39931 -0.379317 0.496019
-0.398172 -0.353701 0.490862 -0.399295 -0.378901 0.495938
-0.398153 -0.353211 0.490765 -0.399281 -0.378483 0.495857
-0.398134 -0.352721 0.490669 -0.399266 -0.378063 0.495776
-0.398114 -0.352231 0.490572 -0.399251 -0.377642 0.495694
-0.398095 -0.351741 0.490475 -0.399236 -0.37722 0.495611
-0.398076 -0.351251 0.490378 -0.399221 -0.376796 0.495529
-0.398056 -0.35076 0.490282 -0.399206 -0.37637 0.495446
-0.398037 -0.35027 0.490185 -0.39919 -0.375944 0.495363
-0.398018 -0.34978 0.490088 -0.399175 -0.375516 0.49528
-0.397998 -0.34929 0.489991 -0.399159 -0.375087 0.495196
-0.397979 -0.3488 0.489895 -0.399144 -0.374656 0.495112
-0.39796 -0.34831 0.489798 -0.399128 -0.374224 0.495028
-0.39794 -0.347819 0.489701 -0.399112 -0.37379 0.494943
-0.397921 -0.347329 0.489604 -0.399097 -0.373355 0.494858
-0.397902 -0.346839 0.489508 -0.399081 -0.372919 0.494773
-0.397882 -0.346349 0.489411 -0.399081 -0.372919 0.494773
-0.397863 -0.345859 0.489314 -0.399065 -0.372481 0.494687
-0.397843 -0.345369 0.489217 -0.398983 -0.370271 0.494255
-0.397824 -0.344878 0.489121 -0.398967 -0.369825 0.494168
-0.397805 -0.344388 0.489024 -0.39895 -0.369379 0.494081
-0.397785 -0.343898 0.488927 -0.398934 -0.368932 0.493993
-0.397766 -0.343408 0.488831 -0.398917 -0.368485 0.493905
-0.397747 -0.342918 0.488734 -0.3989 -0.368037 0.493818
-0.397727 -0.342428 0.488637 -0.398883 -0.36759 0.49373
-0.397708 -0.341937 0.48854 -0.398867 -0.367144 0.493642
-0.397689 -0.341447 0.488444 -0.39885 -0.366697 0.493555
-0.397669 -0.340957 0.488347 -0.398833 -0.366251 0.493467
-0.39765 -0.340467 0.48825 -0.398816 -0.365806 0.493379
-0.397631 -0.339977 0.488153 -0.398799 -0.36536 0.493292
-0.397611 -0.339487 0.488057 -0.398781 -0.364915 0.493204
-0.397592 -0.338996 0.48796 -0.398764 -0.36447 0.493116
-0.397573 -0.338506 0.487863 -0.398747 -0.364024 0.493028
-0.397553 -0.338016 0.487766 -0.39873 -0.363579 0.492941
-0.397534 -0.337526 0.48767 -0.398712 -0.363134 0.492853
-0.397515 -0.337036 0.487573 -0.398695 -0.362688 0.492765
-0.397495 -0.336546 0.487476 -0.398678 -0.362243 0.492677
-0.397476 -0.336055 0.487379 -0.39866 -0.361799 0.492589
-0.397457 -0.335565 0.487283 -0.398643 -0.361354 0.492502
-0.397437 -0.335075 0.487186 -0.398626 -0.360909 0.492414
-0.397418 -0.334585 0.487089 -0.398608 -0.360464 0.492326
-0.397398 -0.334095 0.486992 -0.398591 -0.360018 0.492238
-0.397379 -0.333604 0.486896 -0.398573 -0.359573 0.49215
-0.39736 -0.333114 0.486799 -0.398556 -0.359127 0.492062
-0.39734 -0.332624 0.486702 -0.398538 -0.35868 0.491973
-0.397321 -0.332134 0.486605 -0.398521 -0.358233 0.491885
-0.397302 -0.331644 0.486509 -0.398485 -0.357338 0.491708
-0.397282 -0.331154 0.486412 -0.398468 -0.35689 0.49162
-0.397263 -0.330663 0.486315 -0.39845 -0.356441 0.491531
-0.397244 -0.330173 0.486218 -0.398433 -0.355991 0.491442
-0.397224 -0.329683 0.486122 -0.398415 -0.355541 0.491353
-0.397205 -0.329193 0.486025 -0.398397 -0.355091 0.491264
-0.397186 -0.328703 0.485928 -0.398379 -0.35464 0.491175
-0.397166 -0.328213 0.485831 -0.398362 -0.354189 0.491086
-0.397147 -0.327722 0.485735 -0.398344 -0.353737 0.490996
-0.397128 -0.327232 0.485638 -0.398326 -0.353284 0.490907
-0.397108 -0.326742 0.485541 -0.398308 -0.352831 0.490817
-0.397089 -0.326252 0.485444 -0.398291 -0.352378 0.490728
-0.39707 -0.325762 0.485348 -0.398273 -0.351923 0.490638
-0.39705 -0.325272 0.485251 -0.398255 -0.351469 0.490548
-0.397031 -0.324781 0.485154 -0.398237 -0.351013 0.490458
-0.397011 -0.324291 0.485057 -0.398219 -0.350558 0.490368
-0.396992 -0.323801 0.484961 -0.398202 -0.350101 0.490278
-0.396973 -0.323311 0.484864 -0.398184 -0.349644 0.490188
-0.396953 -0.322821 0.484767 -0.398166 -0.349186 0.490097
-0.396934 -0.322331 0.484671 -0.398148 -0.348728 0.490007
-0.396915 -0.32184 0.484574 -0.39813 -0.348269 0.489916
-0.396895 -0.32135 0.484477 -0.398112 -0.34781 0.489825
-0.396876 -0.32086 0.48438 -0.398094 -0.34735 0.489734
-0.396857 -0.32037 0.484284 -0.398076 -0.346889 0.489643
-0.396837 -0.31988 0.484187 -0.398058 -0.346428 0.489552
-0.396818 -0.31939 0.48409 -0.39804 -0.345966 0.489461
-0.396799 -0.318899 0.483993 -0.398022 -0.345504 0.48937
-0.396779 -0.318409 0.483897 -0.398004 -0.345041 0.489278
-0.39676 -0.317919 0.4838 -0.397986 -0.344578 0.489187
-0.396741 -0.317429 0.483703 -0.397968 -0.344114 0.489095
-0.396721 -0.316939 0.483606 -0.39795 -0.34365 0.489004
-0.396702 -0.316449 0.48351 -0.397932 -0.343185 0.488912
-0.396683 -0.315958 0.483413 -0.397914 -0.34272 0.48882
-0.396663 -0.315468 0.483316 -0.397896 -0.342255 0.488728
-0.396644 -0.314978 0.483219 -0.397877 -0.34179 0.488636
-0.396625 -0.314488 0.483123 -0.397859 -0.341325 0.488545
-0.396605 -0.313998 0.483026 -0.397841 -0.34086 0.488453
-0.396586 -0.313508 0.482929 -0.397823 -0.340394 0.488361
-0.396566 -0.313017 0.482832 -0.397805 -0.339928 0.488268
-0.396547 -0.312527 0.482736 -0.397787 -0.339461 0.488176
-0.396528 -0.312037 0.482639 -0.397768 -0.338995 0.488084
-0.396508 -0.311547 0.482542 -0.39775 -0.338528 0.487992
-0.396489 -0.311057 0.482445 -0.397732 -0.338061 0.4879
-0.39647 -0.310567 0.482349 -0.397714 -0.337593 0.487807
-0.39645 -0.310076 0.482252 -0.397677 -0.336657 0.487622
-0.396431 -0.309586 0.482155 -0.397659 -0.336189 0.48753
-0.396412 -0.309096 0.482058 -0.39764 -0.33572 0.487437
-0.396392 -0.308606 0.481962 -0.397622 -0.335251 0.487344
-0.396373 -0.308116 0.481865 -0.397604 -0.334781 0.487252
-0.396354 -0.307626 0.481768 -0.397586 -0.334311 0.487159
-0.396334 -0.307135 0.481671 -0.397567 -0.333841 0.487066
-0.396315 -0.306645 0.481575 -0.397549 -0.333371 0.486973
-0.396296 -0.306155 0.481478 -0.39753 -0.3329 0.48688
-0.396276 -0.305665 0.481381 -0.397512 -0.33243 0.486787
-0.396257 -0.305175 0.481284 -0.397494 -0.331959 0.486694
-0.396238 -0.304684 0.481188 -0.397475 -0.331487 0.486601
-0.396218 -0.304194 0.481091 -0.397457 -0.331016 0.486508
-0.396199 -0.303704 0.480994 -0.397439 -0.330544 0.486415
-0.396179 -0.303214 0.480897 -0.39742 -0.330072 0.486321
-0.39616 -0.302724 0.480801 -0.397402 -0.329599 0.486228
-0.396141 -0.302234 0.480704 -0.397383 -0.329127 0.486135
-0.396121 -0.301743 0.480607 -0.397365 -0.328654 0.486041
-0.396102 -0.301253 0.480511 -0.397346 -0.328181 0.485948
-0.396083 -0.300763 0.480414 -0.397328 -0.327708 0.485854
-0.396063 -0.300273 0.480317 -0.397309 -0.327235 0.485761
-0.396044 -0.299783 0.48022 -0.397291 -0.326762 0.485667
-0.396025 -0.299293 0.480124 -0.397272 -0.326289 0.485574
-0.396005 -0.298802 0.480027 -0.397254 -0.325817 0.485481
-0.395986 -0.298312 0.47993 -0.397235 -0.325344 0.485387
-0.395967 -0.297822 0.479833 -0.397217 -0.324871 0.485294
-0.395947 -0.297332 0.479737 -0.397198 -0.324398 0.4852
-0.395928 -0.296842 0.47964 -0.39718 -0.323926 0.485107
-0.395909 -0.296352 0.479543 -0.397161 -0.323453 0.485013
-0.395889 -0.295861 0.479446 -0.397143 -0.32298 0.48492
-0.39587 -0.295371 0.47935 -0.397106 -0.322034 0.484733
-0.395851 -0.294881 0.479253 -0.397087 -0.321562 0.484639
-0.395831 -0.294391 0.479156 -0.397069 -0.321089 0.484546
-0.395812 -0.293901 0.479059 -0.39705 -0.320617 0.484453
-0.395793 -0.293411 0.478963 -0.397031 -0.320144 0.484359
-0.395773 -0.29292 0.478866 -0.397013 -0.319671 0.484266
-0.395754 -0.29243 0.478769 -0.396994 -0.319198 0.484172
-0.395734 -0.29194 0.478672 -0.396976 -0.318725 0.484079
-0.395715 -0.29145 0.478576 -0.396957 -0.318252 0.483985
-0.395696 -0.29096 0.478479 -0.396939 -0.317778 0.483891
-0.395676 -0.29047 0.478382 -0.39692 -0.317305 0.483798
-0.395657 -0.289979 0.478285 -0.396901 -0.316831 0.483704
-0.395638 -0.289489 0.478189 -0.396883 -0.316357 0.48361
-0.395618 -0.288999 0.478092 -0.396864 -0.315883 0.483517
-0.395599 -0.288509 0.477995 -0.396846 -0.315408 0.483423
-0.39558 -0.288019 0.477898 -0.396827 -0.314934 0.483329
-0.39556 -0.287529 0.477802 -0.396808 -0.314459 0.483235
-0.395541 -0.287038 0.477705 -0.39679 -0.313983 0.483141
-0.395522 -0.286548 0.477608 -0.396771 -0.313508 0.483047
-0.395502 -0.286058 0.477511 -0.396753 -0.313033 0.482953
-0.395483 -0.285568 0.477415 -0.396734 -0.312558 0.48286
-0.395464 -0.285078 0.477318 -0.396715 -0.312084 0.482766
-0.395444 -0.284588 0.477221 -0.396697 -0.31161 0.482672
-0.395425 -0.284097 0.477124 -0.396678 -0.311136 0.482578
-0.395406 -0.283607 0.477028 -0.39666 -0.310661 0.482484
-0.395386 -0.283117 0.476931 -0.396641 -0.310187 0.482391
-0.395367 -0.282627 0.476834 -0.396622 -0.309712 0.482297
-0.395348 -0.282137 0.476738 -0.396604 -0.309237 0.482203
-0.395328 -0.281647 0.476641 -0.396585 -0.308762 0.482109
-0.395309 -0.281156 0.476544 -0.396566 -0.308287 0.482015
-0.395289 -0.280666 0.476447 -0.396548 -0.307812 0.481921
-0.39527 -0.280176 0.476351 -0.396529 -0.307337 0.481827
-0.395251 -0.279686 0.476254 -0.396492 -0.306386 0.481639
-0.395231 -0.279196 0.476157 -0.396473 -0.30591 0.481545
-0.395212 -0.278705 0.47606 -0.396455 -0.305435 0.481451
-0.395193 -0.278215 0.475964 -0.396436 -0.304959 0.481357
-0.395173 -0.277725 0.475867 -0.396417 -0.304483 0.481263
-0.395154 -0.277235 0.47577 -0.396399 -0.304007 0.481169
-0.395135 -0.276745 0.475673 -0.39638 -0.303531 0.481075
-0.395115 -0.276255 0.475577 -0.396361 -0.303055 0.480981
-0.395096 -0.275764 0.47548 -0.396343 -0.302578 0.480887
-0.395077 -0.275274 0.475383 -0.396324 -0.302102 0.480792
-0.395057 -0.274784 0.475286 -0.396305 -0.301626 0.480698
-0.395038 -0.274294 0.47519 -0.396287 -0.301149 0.480604
-0.395019 -0.273804 0.475093 -0.396268 -0.300673 0.48051
-0.394999 -0.273314 0.474996 -0.396249 -0.300197 0.480416
-0.39498 -0.272823 0.474899 -0.396231 -0.29972 0.480322
-0.394961 -0.272333 0.474803 -0.396212 -0.299244 0.480227
-0.394941 -0.271843 0.474706 -0.396193 -0.298768 0.480133
-0.394922 -0.271353 0.474609 -0.396175 -0.298291 0.480039
-0.394902 -0.270863 0.474512 -0.396156 -0.297814 0.479945
-0.394883 -0.270373 0.474416 -0.396137 -0.297338 0.479851
-0.394864 -0.269882 0.474319 -0.396119 -0.296862 0.479756
-0.394844 -0.269392 0.474222 -0.3961 -0.296385 0.479662
-0.394825 -0.268902 0.474125 -0.396081 -0.295909 0.479568
-0.394806 -0.268412 0.474029 -0.396063 -0.295433 0.479474
-0.394786 -0.267922 0.473932 -0.396044 -0.294956 0.47938
-0.394767 -0.267432 0.473835 -0.396025 -0.29448 0.479286
-0.394748 -0.266941 0.473738 -0.396007 -0.294003 0.479191
-0.394728 -0.266451 0.473642 -0.395988 -0.293527 0.479097
-0.394709 -0.265961 0.473545 -0.395969 -0.29305 0.479003
-0.39469 -0.265471 0.473448 -0.395951 -0.292574 0.478909
-0.39467 -0.264981 0.473351 -0.395913 -0.291622 0.47872
-0.394651 -0.264491 0.473255 -0.395895 -0.291146 0.478626
-0.394632 -0.264 0.473158 -0.395876 -0.29067 0.478532
-0.394612 -0.26351 0.473061 -0.395857 -0.290194 0.478438
-0.394593 -0.26302 0.472964 -0.395839 -0.289718 0.478344
-0.394574 -0.26253 0.472868 -0.39582 -0.289242 0.47825
-0.394554 -0.26204 0.472771 -0.395801 -0.288766 0.478156
-0.394535 -0.26155 0.472674 -0.395783 -0.28829 0.478062
-0.394516 -0.261059 0.472578 -0.395764 -0.287814 0.477968
-0.394496 -0.260569 0.472481 -0.395745 -0.287338 0.477873
-0.394477 -0.260079 0.472384 -0.395726 -0.286862 0.477779
-0.394457 -0.259589 0.472287 -0.395708 -0.286386 0.477685
-0.394438 -0.259099 0.472191 -0.395689 -0.28591 0.477591
-0.394419 -0.258609 0.472094 -0.39567 -0.285434 0.477497
-0.394399 -0.258118 0.471997 -0.395652 -0.284957 0.477403
-0.39438 -0.257628 0.4719 -0.395633 -0.284481 0.477308
-0.394361 -0.257138 0.471804 -0.395614 -0.284005 0.477214
-0.394341 -0.256648 0.471707 -0.395596 -0.283528 0.47712
-0.394322 -0.256158 0.47161 -0.395577 -0.283051 0.477026
-0.394303 -0.255668 0.471513 -0.395558 -0.282575 0.476932
-0.394283 -0.255177 0.471417 -0.39554 -0.282098 0.476837
-0.394264 -0.254687 0.47132 -0.395521 -0.281621 0.476743
-0.394245 -0.254197 0.471223 -0.395502 -0.281144 0.476649
-0.394225 -0.253707 0.471126 -0.395484 -0.280667 0.476555
-0.394206 -0.253217 0.47103 -0.395465 -0.28019 0.47646
-0.394187 -0.252727 0.470933 -0.395446 -0.279713 0.476366
-0.394167 -0.252236 0.470836 -0.395428 -0.279236 0.476272
-0.394148 -0.251746 0.470739 -0.395372 -0.277806 0.475989
-0.394129 -0.251256 0.470643 -0.395353 -0.27733 0.475895
-0.394109 -0.250766 0.470546 -0.395334 -0.276854 0.475801
-0.39409 -0.250276 0.470449 -0.395316 -0.276378 0.475706
-0.39407 -0.249785 0.470352 -0.395297 -0.275902 0.475612
-0.394051 -0.249295 0.470256 -0.395278 -0.275426 0.475518
-0.394032 -0.248805 0.470159 -0.395259 -0.274951 0.475424
-0.394012 -0.248315 0.470062 -0.395241 -0.274476 0.47533
-0.393993 -0.247825 0.469965 -0.395222 -0.274002 0.475236
-0.393974 -0.247335 0.469869 -0.395203 -0.273528 0.475143
-0.393954 -0.246844 0.469772 -0.395185 -0.273055 0.475049
-0.393935 -0.246354 0.469675 -0.395166 -0.272582 0.474956
-0.393916 -0.245864 0.469578 -0.395147 -0.27211 0.474862
-0.393896 -0.245374 0.469482 -0.395129 -0.271638 0.474769
-0.393877 -0.244884 0.469385 -0.39511 -0.271166 0.474675
-0.393858 -0.244394 0.469288 -0.395091 -0.270695 0.474582
-0.393838 -0.243903 0.469191 -0.395073 -0.270224 0.474489
-0.393819 -0.243413 0.469095 -0.395054 -0.269754 0.474396
-0.3938 -0.242923 0.468998 -0.395035 -0.269283 0.474303
-0.39378 -0.242433 0.468901 -0.395017 -0.268814 0.47421
-0.393761 -0.241943 0.468804 -0.394998 -0.268345 0.474117
-0.393742 -0.241453 0.468708 -0.39498 -0.267876 0.474024
-0.393722 -0.240962 0.468611 -0.394961 -0.267408 0.473931
-0.393703 -0.240472 0.468514 -0.394942 -0.26694 0.473839
-0.393684 -0.239982 0.468418 -0.394924 -0.266472 0.473746
-0.393664 -0.239492 0.468321 -0.394905 -0.266003 0.473653
-0.393645 -0.239002 0.468224 -0.394887 -0.265536 0.473561
-0.393625 -0.238512 0.468127 -0.394868 -0.265068 0.473468
-0.393606 -0.238021 0.468031 -0.394849 -0.2646 0.473376
-0.393587 -0.237531 0.467934 -0.394812 -0.263666 0.473191
-0.393567 -0.237041 0.467837 -0.394794 -0.263199 0.473098
-0.393548 -0.236551 0.46774 -0.394775 -0.262732 0.473006
-0.393529 -0.236061 0.467644 -0.394757 -0.262265 0.472913
-0.393509 -0.235571 0.467547 -0.394738 -0.261798 0.472821
-0.39349 -0.23508 0.46745 -0.39472 -0.261331 0.472728
-0.393471 -0.23459 0.467353 -0.394701 -0.260865 0.472636
-0.393451 -0.2341 0.467257 -0.394683 -0.260398 0.472544
-0.393432 -0.23361 0.46716 -0.394664 -0.259932 0.472451
-0.393413 -0.23312 0.467063 -0.394646 -0.259465 0.472359
-0.393393 -0.23263 0.466966 -0.394628 -0.258998 0.472267
-0.393374 -0.232139 0.46687 -0.394609 -0.258532 0.472174
-0.393355 -0.231649 0.466773 -0.394591 -0.258066 0.472082
-0.393335 -0.231159 0.466676 -0.394572 -0.2576 0.47199
-0.393316 -0.230669 0.466579 -0.394554 -0.257134 0.471898
-0.393297 -0.230179 0.466483 -0.394535 -0.256669 0.471806
-0.393277 -0.229689 0.466386 -0.394517 -0.256203 0.471714
-0.393258 -0.229198 0.466289 -0.394499 -0.255738 0.471622
-0.393238 -0.228708 0.466192 -0.39448 -0.255272 0.471529
-0.393219 -0.228218 0.466096 -0.394462 -0.254806 0.471437
-0.3932 -0.227728 0.465999 -0.394444 -0.25434 0.471345
-0.39318 -0.227238 0.465902 -0.394425 -0.253873 0.471253
-0.393161 -0.226748 0.465805 -0.394389 -0.252941 0.471068
-0.393142 -0.226257 0.465709 -0.39437 -0.252475 0.470976
-0.393122 -0.225767 0.465612 -0.394352 -0.252009 0.470884
-0.393103 -0.225277 0.465515 -0.394334 -0.251542 0.470792
-0.393084 -0.224787 0.465418 -0.394315 -0.251076 0.470699
-0.393064 -0.224297 0.465322 -0.394297 -0.250609 0.470607
-0.393045 -0.223807 0.465225 -0.394279 -0.250143 0.470515
-0.393026 -0.223316 0.465128 -0.39426 -0.249676 0.470422
-0.393006 -0.222826 0.465031 -0.394242 -0.249209 0.47033
-0.392987 -0.222336 0.464935 -0.394224 -0.248742 0.470238
-0.392968 -0.221846 0.464838 -0.394205 -0.248275 0.470145
-0.392948 -0.221356 0.464741 -0.394187 -0.247807 0.470053
-0.392929 -0.220865 0.464645 -0.394169 -0.24734 0.469961
-0.39291 -0.220375 0.464548 -0.39415 -0.246873 0.469868
-0.39289 -0.219885 0.464451 -0.394132 -0.246406 0.469776
-0.392871 -0.219395 0.464354 -0.394114 -0.245939 0.469684
-0.392852 -0.218905 0.464258 -0.394096 -0.245473 0.469591
-0.392832 -0.218415 0.464161 -0.394077 -0.245007 0.469499
-0.392813 -0.217924 0.464064 -0.394059 -0.244541 0.469407
-0.392793 -0.217434 0.463967 -0.394041 -0.244074 0.469315
-0.392774 -0.216944 0.463871 -0.394022 -0.243607 0.469222
-0.392755 -0.216454 0.463774 -0.394004 -0.24314 0.46913
-0.392735 -0.215964 0.463677 -0.393986 -0.242672 0.469038
-0.392716 -0.215474 0.46358 -0.393968 -0.242204 0.468945
-0.392697 -0.214983 0.463484 -0.393949 -0.241736 0.468853
-0.392677 -0.214493 0.463387 -0.393931 -0.241268 0.46876
-0.392658 -0.214003 0.46329 -0.393913 -0.2408 0.468668
-0.392639 -0.213513 0.463193 -0.393895 -0.240331 0.468575
-0.392619 -0.213023 0.463097 -0.393876 -0.239863 0.468482
-0.3926 -0.212533 0.463 -0.39384 -0.238926 0.468297
-0.392581 -0.212042 0.462903 -0.393821 -0.238457 0.468204
-0.392561 -0.211552 0.462806 -0.393803 -0.237988 0.468112
-0.392542 -0.211062 0.46271 -0.393785 -0.237519 0.468019
-0.392523 -0.210572 0.462613 -0.393767 -0.23705 0.467926
-0.392503 -0.210082 0.462516 -0.393748 -0.236581 0.467834
-0.392484 -0.209592 0.462419 -0.39373 -0.236111 0.467741
-0.392465 -0.209101 0.462323 -0.393712 -0.235642 0.467648
-0.392445 -0.208611 0.462226 -0.393693 -0.235172 0.467555
-0.392426 -0.208121 0.462129 -0.393675 -0.234702 0.467462
-0.392406 -0.207631 0.462032 -0.393657 -0.234232 0.46737
-0.392387 -0.207141 0.461936 -0.393639 -0.233762 0.467277
-0.392368 -0.206651 0.461839 -0.39362 -0.233293 0.467184
-0.392348 -0.20616 0.461742 -0.393602 -0.232823 0.467091
-0.392329 -0.20567 0.461645 -0.393584 -0.232353 0.466998
-0.39231 -0.20518 0.461549 -0.393565 -0.231883 0.466905
-0.39229 -0.20469 0.461452 -0.393547 -0.231413 0.466812
-0.392271 -0.2042 0.461355 -0.393529 -0.230943 0.466719
-0.392252 -0.20371 0.461258 -0.39351 -0.230472 0.466626
-0.392232 -0.203219 0.461162 -0.393492 -0.230002 0.466533
-0.392213 -0.202729 0.461065 -0.393474 -0.229531 0.46644
-0.392194 -0.202239 0.460968 -0.393455 -0.229061 0.466347
-0.392174 -0.201749 0.460871 -0.393437 -0.22859 0.466254
-0.392155 -0.201259 0.460775 -0.393419 -0.22812 0.466161
-0.392136 -0.200769 0.460678 -0.3934 -0.22765 0.466069
-0.392116 -0.200278 0.460581 -0.393382 -0.22718 0.465976
-0.392097 -0.199788 0.460485 -0.393345 -0.226239 0.46579
-0.392078 -0.199298 0.460388 -0.393327 -0.225768 0.465697
-0.392058 -0.198808 0.460291 -0.393309 -0.225297 0.465604
-0.392039 -0.198318 0.460194 -0.39329 -0.224826 0.46551
-0.39202 -0.197828 0.460098 -0.393272 -0.224355 0.465417
-0.392 -0.197337 0.460001 -0.393254 -0.223883 0.465324
-0.391981 -0.196847 0.459904 -0.393235 -0.223412 0.465231
-0.391961 -0.196357 0.459807 -0.393125 -0.220582 0.464671
-0.391942 -0.195867 0.459711 -0.393107 -0.220111 0.464578
-0.391923 -0.195377 0.459614 -0.393088 -0.219641 0.464485
-0.391903 -0.194886 0.459517 -0.39307 -0.219172 0.464393
-0.391884 -0.194396 0.45942 -0.393051 -0.218705 0.4643
-0.391865 -0.193906 0.459324 -0.393033 -0.218239 0.464208
-0.391845 -0.193416 0.459227 -0.393015 -0.217777 0.464117
-0.391826 -0.192926 0.45913 -0.392996 -0.217316 0.464025
-0.391807 -0.192436 0.459033 -0.392978 -0.216857 0.463935
-0.391787 -0.191945 0.458937 -0.392959 -0.216401 0.463844
-0.391768 -0.191455 0.45884 -0.392941 -0.215946 0.463754
-0.391749 -0.190965 0.458743 -0.392922 -0.215493 0.463664
-0.391729 -0.190475 0.458646 -0.392904 -0.215041 0.463574
-0.39171 -0.189985 0.45855 -0.392886 -0.21459 0.463485
-0.391691 -0.189495 0.458453 -0.392867 -0.214141 0.463396
-0.391671 -0.189004 0.458356 -0.392849 -0.213692 0.463307
-0.391652 -0.188514 0.458259 -0.392831 -0.213245 0.463218
-0.391633 -0.188024 0.458163 -0.392812 -0.212798 0.46313
-0.391613 -0.187534 0.458066 -0.392794 -0.212353 0.463041
-0.391594 -0.187044 0.457969 -0.392776 -0.211908 0.462953
-0.391574 -0.186554 0.457872 -0.392758 -0.211464 0.462865
-0.391555 -0.186063 0.457776 -0.392739 -0.211021 0.462777
-0.391536 -0.185573 0.457679 -0.392721 -0.21058 0.462689
-0.391516 -0.185083 0.457582 -0.392685 -0.2097 0.462515
-0.391497 -0.184593 0.457485 -0.392667 -0.209261 0.462428
-0.391478 -0.184103 0.457389 -0.392649 -0.208822 0.46234
-0.391458 -0.183613 0.457292 -0.392631 -0.208383 0.462253
-0.391439 -0.183122 0.457195 -0.392613 -0.207944 0.462166
-0.39142 -0.182632 0.457098 -0.392595 -0.207505 0.462079
-0.3914 -0.182142 0.457002 -0.392577 -0.207066 0.461992
-0.391381 -0.181652 0.456905 -0.392559 -0.206627 0.461905
-0.391362 -0.181162 0.456808 -0.392541 -0.206188 0.461818
-0.391342 -0.180672 0.456711 -0.392524 -0.205748 0.461731
-0.391323 -0.180181 0.456615 -0.392506 -0.205309 0.461644
-0.391304 -0.179691 0.456518 -0.392488 -0.204869 0.461557
-0.391284 -0.179201 0.456421 -0.39247 -0.204429 0.46147
-0.391265 -0.178711 0.456325 -0.392453 -0.203989 0.461382
-0.391246 -0.178221 0.456228 -0.392435 -0.20355 0.461295
-0.391226 -0.177731 0.456131 -0.392417 -0.20311 0.461208
-0.391207 -0.17724 0.456034 -0.3924 -0.20267 0.461121
-0.391188 -0.17675 0.455938 -0.392382 -0.20223 0.461034
-0.391168 -0.17626 0.455841 -0.392365 -0.201789 0.460947
-0.391149 -0.17577 0.455744 -0.392347 -0.201348 0.460859
-0.391129 -0.17528 0.455647 -0.39233 -0.200906 0.460772
-0.39111 -0.17479 0.455551 -0.392312 -0.200463 0.460684
-0.391091 -0.174299 0.455454 -0.392295 -0.20002 0.460597
-0.391071 -0.173809 0.455357 -0.392277 -0.199577 0.460509
-0.391052 -0.173319 0.45526 -0.39226 -0.199134 0.460421
-0.391033 -0.172829 0.455164 -0.392242 -0.19869 0.460333
-0.391013 -0.172339 0.455067 -0.392225 -0.198245 0.460245
-0.390994 -0.171849 0.45497 -0.392207 -0.1978 0.460158
-0.390975 -0.171358 0.454873 -0.39219 -0.197355 0.460069
-0.390955 -0.170868 0.454777 -0.392172 -0.196909 0.459981
-0.390936 -0.170378 0.45468 -0.392155 -0.196463 0.459893
-0.390917 -0.169888 0.454583 -0.39212 -0.195568 0.459716
-0.390897 -0.169398 0.454486 -0.392103 -0.19512 0.459628
-0.390878 -0.168908 0.45439 -0.392085 -0.194672 0.459539
-0.390859 -0.168417 0.454293 -0.392068 -0.194223 0.45945
-0.390839 -0.167927 0.454196 -0.392051 -0.193773 0.459362
-0.39082 -0.167437 0.454099 -0.392033 -0.193323 0.459273
-0.390801 -0.166947 0.454003 -0.392016 -0.192872 0.459183
-0.390781 -0.166457 0.453906 -0.391998 -0.192421 0.459094
-0.390762 -0.165966 0.453809 -0.391981 -0.191969 0.459005
-0.390742 -0.165476 0.453712 -0.391964 -0.191516 0.458916
-0.390723 -0.164986 0.453616 -0.391946 -0.191063 0.458826
-0.390704 -0.164496 0.453519 -0.391929 -0.190609 0.458737
-0.390684 -0.164006 0.453422 -0.391911 -0.190155 0.458647
-0.390665 -0.163516 0.453325 -0.391894 -0.1897 0.458557
-0.390646 -0.163025 0.453229 -0.391877 -0.189244 0.458467
-0.390626 -0.162535 0.453132 -0.391859 -0.188788 0.458377
-0.390607 -0.162045 0.453035 -0.391842 -0.188332 0.458287
-0.390588 -0.161555 0.452938 -0.391824 -0.187874 0.458197
-0.390568 -0.161065 0.452842 -0.391807 -0.187417 0.458106
-0.390549 -0.160575 0.452745 -0.391789 -0.186958 0.458016
-0.39053 -0.160084 0.452648 -0.391772 -0.186499 0.457925
-0.39051 -0.159594 0.452552 -0.391754 -0.18604 0.457834
-0.390491 -0.159104 0.452455 -0.391737 -0.18558 0.457744
-0.390472 -0.158614 0.452358 -0.391719 -0.185119 0.457653
-0.390452 -0.158124 0.452261 -0.391702 -0.184658 0.457562
-0.390433 -0.157634 0.452165 -0.391684 -0.184197 0.457471
-0.390414 -0.157143 0.452068 -0.391667 -0.183736 0.45738
-0.390394 -0.156653 0.451971 -0.391649 -0.183274 0.457288
-0.390375 -0.156163 0.451874 -0.391631 -0.182812 0.457197
-0.390356 -0.155673 0.451778 -0.391614 -0.18235 0.457106
-0.390336 -0.155183 0.451681 -0.391596 -0.181887 0.457015
-0.390317 -0.154693 0.451584 -0.391579 -0.181425 0.456923
-0.390297 -0.154202 0.451487 -0.391561 -0.180961 0.456832
-0.390278 -0.153712 0.451391 -0.391543 -0.180497 0.45674
-0.390259 -0.153222 0.451294 -0.391525 -0.180033 0.456648
-0.390239 -0.152732 0.451197 -0.391508 -0.179567 0.456557
-0.39022 -0.152242 0.4511 -0.39149 -0.179102 0.456465
-0.390201 -0.151752 0.451004 -0.391472 -0.178636 0.456373
-0.390181 -0.151261 0.450907 -0.391455 -0.17817 0.456281
-0.390162 -0.150771 0.45081 -0.391437 -0.177703 0.456189
-0.390143 -0.150281 0.450713 -0.391401 -0.176769 0.456004
-0.390123 -0.149791 0.450617 -0.391383 -0.176302 0.455912
-0.390104 -0.149301 0.45052 -0.391365 -0.175834 0.45582
-0.390085 -0.148811 0.450423 -0.391348 -0.175366 0.455727
-0.390065 -0.14832 0.450326 -0.39133 -0.174897 0.455635
-0.390046 -0.14783 0.45023 -0.391312 -0.174429 0.455542
-0.390027 -0.14734 0.450133 -0.391294 -0.173959 0.455449
-0.390007 -0.14685 0.450036 -0.391276 -0.17349 0.455357
-0.389988 -0.14636 0.449939 -0.391258 -0.17302 0.455264
-0.389969 -0.14587 0.449843 -0.39124 -0.17255 0.455171
-0.389949 -0.145379 0.449746 -0.391222 -0.17208 0.455078
-0.38993 -0.144889 0.449649 -0.391204 -0.171609 0.454985
-0.38991 -0.144399 0.449552 -0.391186 -0.171138 0.454892
-0.389891 -0.143909 0.449456 -0.391168 -0.170666 0.454799
-0.389872 -0.143419 0.449359 -0.39115 -0.170195 0.454706
-0.389852 -0.142929 0.449262 -0.391132 -0.169723 0.454613
-0.389833 -0.142438 0.449165 -0.391114 -0.169252 0.45452
-0.389814 -0.141948 0.449069 -0.391096 -0.16878 0.454427
-0.389794 -0.141458 0.448972 -0.391078 -0.168309 0.454333
-0.389775 -0.140968 0.448875 -0.391059 -0.167837 0.45424
-0.389756 -0.140478 0.448778 -0.391041 -0.167366 0.454147
-0.389736 -0.139988 0.448682 -0.391023 -0.166894 0.454054
-0.389717 -0.139497 0.448585 -0.391005 -0.166421 0.45396
-0.389698 -0.139007 0.448488 -0.390987 -0.165949 0.453867
-0.389678 -0.138517 0.448392 -0.390969 -0.165476 0.453774
-0.389659 -0.138027 0.448295 -0.39095 -0.165002 0.45368
-0.38964 -0.137537 0.448198 -0.390932 -0.164529 0.453586
-0.38962 -0.137046 0.448101 -0.390914 -0.164055 0.453493
-0.389601 -0.136556 0.448005 -0.390896 -0.163581 0.453399
-0.389582 -0.136066 0.447908 -0.390877 -0.163107 0.453306
-0.389562 -0.135576 0.447811 -0.390859 -0.162633 0.453212
-0.389543 -0.135086 0.447714 -0.390841 -0.162159 0.453118
-0.389524 -0.134596 0.447618 -0.390822 -0.161685 0.453025
-0.389504 -0.134105 0.447521 -0.390786 -0.160737 0.452837
-0.389485 -0.133615 0.447424 -0.390767 -0.160263 0.452743
-0.389465 -0.133125 0.447327 -0.390749 -0.159788 0.45265
-0.389446 -0.132635 0.447231 -0.390731 -0.159314 0.452556
-0.389427 -0.132145 0.447134 -0.390712 -0.158839 0.452462
-0.389407 -0.131655 0.447037 -0.390694 -0.158364 0.452368
-0.389388 -0.131164 0.44694 -0.390676 -0.15789 0.452274
-0.389369 -0.130674 0.446844 -0.390657 -0.157415 0.45218
-0.389349 -0.130184 0.446747 -0.390639 -0.15694 0.452087
-0.38933 -0.129694 0.44665 -0.39062 -0.156464 0.451993
-0.389311 -0.129204 0.446553 -0.390602 -0.155989 0.451899
-0.389291 -0.128714 0.446457 -0.390583 -0.155513 0.451805
-0.389272 -0.128223 0.44636 -0.390565 -0.155038 0.451711
-0.389253 -0.127733 0.446263 -0.390546 -0.154563 0.451617
-0.389233 -0.127243 0.446166 -0.390528 -0.154088 0.451523
-0.389214 -0.126753 0.44607 -0.390509 -0.153615 0.451429
-0.389195 -0.126263 0.445973 -0.390491 -0.153142 0.451336
-0.389175 -0.125773 0.445876 -0.390472 -0.152669 0.451242
-0.389156 -0.125282 0.445779 -0.390454 -0.152196 0.451149
-0.389137 -0.124792 0.445683 -0.390435 -0.151723 0.451055
-0.389117 -0.124302 0.445586 -0.390417 -0.15125 0.450962
-0.389098 -0.123812 0.445489 -0.390398 -0.150777 0.450868
-0.389078 -0.123322 0.445392 -0.39038 -0.150303 0.450774
-0.389059 -0.122832 0.445296 -0.390361 -0.14983 0.450681
-0.38904 -0.122341 0.445199 -0.390343 -0.149356 0.450587
-0.38902 -0.121851 0.445102 -0.390306 -0.148409 0.4504
-0.389001 -0.121361 0.445005 -0.390287 -0.147935 0.450306
-0.388982 -0.120871 0.444909 -0.390269 -0.147461 0.450212
-0.388962 -0.120381 0.444812 -0.39025 -0.146987 0.450118
-0.388943 -0.119891 0.444715 -0.390231 -0.146513 0.450025
-0.388924 -0.1194 0.444618 -0.390213 -0.14604 0.449931
-0.388904 -0.11891 0.444522 -0.390194 -0.145566 0.449837
-0.388885 -0.11842 0.444425 -0.390176 -0.145092 0.449744
-0.388866 -0.11793 0.444328 -0.390157 -0.144618 0.44965
-0.388846 -0.11744 0.444232 -0.390139 -0.144145 0.449556
-0.388827 -0.11695 0.444135 -0.39012 -0.143671 0.449462
-0.388808 -0.116459 0.444038 -0.390101 -0.143197 0.449369
-0.388788 -0.115969 0.443941 -0.390083 -0.142723 0.449275
-0.388769 -0.115479 0.443845 -0.390064 -0.142249 0.449181
-0.38875 -0.114989 0.443748 -0.390046 -0.141776 0.449087
-0.38873 -0.114499 0.443651 -0.390027 -0.141302 0.448994
-0.388711 -0.114009 0.443554 -0.390009 -0.140827 0.4489
-0.388692 -0.113518 0.443458 -0.38999 -0.140353 0.448806
-0.388672 -0.113028 0.443361 -0.389971 -0.139878 0.448712
-0.388653 -0.112538 0.443264 -0.389953 -0.139404 0.448618
-0.388633 -0.112048 0.443167 -0.389934 -0.138929 0.448525
-0.388614 -0.111558 0.443071 -0.389916 -0.138455 0.448431
-0.388595 -0.111067 0.442974 -0.389897 -0.137981 0.448337
-0.388575 -0.110577 0.442877 -0.389879 -0.137507 0.448243
-0.388556 -0.110087 0.44278 -0.38986 -0.137034 0.44815
-0.388537 -0.109597 0.442684 -0.389841 -0.13656 0.448056
-0.388517 -0.109107 0.442587 -0.389823 -0.136087 0.447962
-0.388498 -0.108617 0.44249 -0.389804 -0.135613 0.447869
-0.388479 -0.108126 0.442393 -0.389767 -0.134667 0.447681
-0.388459 -0.107636 0.442297 -0.389748 -0.134193 0.447588
-0.38844 -0.107146 0.4422 -0.38973 -0.13372 0.447494
-0.388421 -0.106656 0.442103 -0.389711 -0.133247 0.4474
-0.388401 -0.106166 0.442006 -0.389693 -0.132774 0.447307
-0.388382 -0.105676 0.44191 -0.389674 -0.1323 0.447213
-0.388363 -0.105185 0.441813 -0.389655 -0.131827 0.447119
-0.388343 -0.104695 0.441716 -0.389637 -0.131354 0.447026
-0.388324 -0.104205 0.441619 -0.389618 -0.130881 0.446932
-0.388305 -0.103715 0.441523 -0.3896 -0.130407 0.446839
-0.388285 -0.103225 0.441426 -0.389581 -0.129934 0.446745
-0.388266 -0.102735 0.441329 -0.389562 -0.129461 0.446651
-0.388246 -0.102244 0.441232 -0.389544 -0.128987 0.446558
-0.388227 -0.101754 0.441136 -0.389525 -0.128514 0.446464
-0.388208 -0.101264 0.441039 -0.389507 -0.12804 0.44637
-0.388188 -0.100774 0.440942 -0.389488 -0.127566 0.446277
-0.388169 -0.100284 0.440845 -0.38947 -0.127092 0.446183
-0.38815 -0.0997936 0.440749 -0.389432 -0.126144 0.445995
-0.38813 -0.0993034 0.440652 -0.389414 -0.125671 0.445902
-0.388111 -0.0988133 0.440555 -0.389395 -0.125197 0.445808
-0.388092 -0.0983231 0.440459 -0.389377 -0.124724 0.445714
-0.388072 -0.0978329 0.440362 -0.389358 -0.124251 0.445621
-0.388053 -0.0973427 0.440265 -0.389339 -0.123778 0.445527
-0.388034 -0.0968526 0.440168 -0.389321 -0.123305 0.445434
-0.388014 -0.0963624 0.440072 -0.389302 -0.122832 0.44534
-0.387995 -0.0958722 0.439975 -0.389284 -0.12236 0.445247
-0.387976 -0.0953821 0.439878 -0.389265 -0.121887 0.445153
-0.387956 -0.0948919 0.439781 -0.389247 -0.121415 0.44506
-0.387937 -0.0944017 0.439685 -0.389228 -0.120942 0.444966
-0.387918 -0.0939116 0.439588 -0.389209 -0.12047 0.444873
-0.387898 -0.0934214 0.439491 -0.389191 -0.119998 0.444779
-0.387879 -0.0929312 0.439394 -0.389172 -0.119525 0.444686
-0.38786 -0.0924411 0.439298 -0.389154 -0.119053 0.444593
-0.38784 -0.0919509 0.439201 -0.389135 -0.118582 0.444499
-0.387821 -0.0914607 0.439104 -0.389116 -0.11811 0.444406
-0.387801 -0.0909705 0.439007 -0.389098 -0.117639 0.444313
-0.387782 -0.0904804 0.438911 -0.389079 -0.117168 0.44422
-0.387763 -0.0899902 0.438814 -0.389061 -0.116698 0.444126
-0.387743 -0.0895 0.438717 -0.389042 -0.116227 0.444033
-0.387724 -0.0890099 0.43862 -0.389023 -0.115757 0.44394
-0.387705 -0.0885197 0.438524 -0.388986 -0.114817 0.443754
-0.387685 -0.0880295 0.438427 -0.388968 -0.114347 0.443661
-0.387666 -0.0875394 0.43833 -0.388949 -0.113878 0.443569
-0.387647 -0.0870492 0.438233 -0.388931 -0.113408 0.443476
-0.387627 -0.086559 0.438137 -0.388912 -0.112938 0.443383
-0.387608 -0.0860688 0.43804 -0.388838 -0.111059 0.443011
-0.387589 -0.0855787 0.437943 -0.388819 -0.110589 0.442918
-0.387569 -0.0850885 0.437846 -0.388801 -0.11012 0.442825
-0.38755 -0.0845983 0.43775 -0.388782 -0.10965 0.442732
-0.387531 -0.0841082 0.437653 -0.388764 -0.109182 0.44264
-0.387511 -0.083618 0.437556 -0.388727 -0.10825 0.442455
-0.387492 -0.0831278 0.437459 -0.388708 -0.107787 0.442364
-0.387473 -0.0826377 0.437363 -0.388689 -0.107326 0.442272
-0.387453 -0.0821475 0.437266 -0.388671 -0.106866 0.442181
-0.387434 -0.0816573 0.437169 -0.388652 -0.106408 0.442091
-0.387414 -0.0811672 0.437072 -0.388634 -0.105951 0.442
-0.387395 -0.080677 0.436976 -0.388615 -0.105495 0.44191
-0.387376 -0.0801868 0.436879 -0.388597 -0.10504 0.44182
-0.387356 -0.0796966 0.436782 -0.388578 -0.104585 0.44173
-0.387337 -0.0792065 0.436685 -0.388559 -0.104132 0.44164
-0.387318 -0.0787163 0.436589 -0.388541 -0.103679 0.44155
-0.387298 -0.0782261 0.436492 -0.388522 -0.103227 0.441461
-0.387279 -0.077736 0.436395 -0.388504 -0.102776 0.441371
-0.38726 -0.0772458 0.436299 -0.388486 -0.102325 0.441282
-0.38724 -0.0767556 0.436202 -0.388467 -0.101875 0.441193
-0.387221 -0.0762655 0.436105 -0.388449 -0.101426 0.441104
-0.387202 -0.0757753 0.436008 -0.38843 -0.100977 0.441015
-0.387182 -0.0752851 0.435912 -0.388412 -0.100528 0.440926
-0.387163 -0.0747949 0.435815 -0.388394 -0.10008 0.440838
-0.387144 -0.0743048 0.435718 -0.388375 -0.0996319 0.440749
-0.387124 -0.0738146 0.435621 -0.388339 -0.0987366 0.440572
-0.387105 -0.0733244 0.435525 -0.388321 -0.0982892 0.440483
-0.387086 -0.0728343 0.435428 -0.388302 -0.0978422 0.440395
-0.387066 -0.0723441 0.435331 -0.388284 -0.0973953 0.440306
-0.387047 -0.0718539 0.435234 -0.388266 -0.0969489 0.440218
-0.387028 -0.0713638 0.435138 -0.388248 -0.0965032 0.44013
-0.387008 -0.0708736 0.435041 -0.38823 -0.0960582 0.440041
-0.386989 -0.0703834 0.434944 -0.388212 -0.0956143 0.439954
-0.386969 -0.0698933 0.434847 -0.388194 -0.0951709 0.439866
-0.38695 -0.0694031 0.434751 -0.388176 -0.0947279 0.439778
-0.386931 -0.0689129 0.434654 -0.388158 -0.0942848 0.43969
-0.386911 -0.0684227 0.434557 -0.38814 -0.0938415 0.439603
-0.386892 -0.0679326 0.43446 -0.388122 -0.0933979 0.439515
-0.386873 -0.0674424 0.434364 -0.388104 -0.0929538 0.439427
-0.386853 -0.0669522 0.434267 -0.388086 -0.0925094 0.439339
-0.386834 -0.0664621 0.43417 -0.388068 -0.0920645 0.439251
-0.386815 -0.0659719 0.434073 -0.38805 -0.0916192 0.439163
-0.386795 -0.0654817 0.433977 -0.388033 -0.0911734 0.439075
-0.386776 -0.0649916 0.43388 -0.388015 -0.0907271 0.438987
-0.386757 -0.0645014 0.433783 -0.387997 -0.0902803 0.438898
-0.386737 -0.0640112 0.433686 -0.387979 -0.0898331 0.43881
-0.386718 -0.063521 0.43359 -0.387962 -0.0893853 0.438721
-0.386699 -0.0630309 0.433493 -0.387944 -0.0889371 0.438632
-0.386679 -0.0625407 0.433396 -0.387926 -0.0884883 0.438544
-0.38666 -0.0620505 0.433299 -0.387909 -0.0880391 0.438455
-0.386641 -0.0615604 0.433203 -0.387891 -0.0875893 0.438366
-0.386621 -0.0610702 0.433106 -0.387874 -0.087139 0.438277
-0.386602 -0.06058 0.433009 -0.387856 -0.0866882 0.438188
-0.386582 -0.0600899 0.432912 -0.387838 -0.0862368 0.438098
-0.386563 -0.0595997 0.432816 -0.387821 -0.0857851 0.438009
-0.386544 -0.0591095 0.432719 -0.387803 -0.085333 0.43792
-0.386524 -0.0586194 0.432622 -0.387786 -0.0848806 0.43783
-0.386505 -0.0581292 0.432525 -0.387768 -0.0844278 0.437741
-0.386486 -0.057639 0.432429 -0.38775 -0.0839747 0.437651
-0.386466 -0.0571488 0.432332 -0.387715 -0.0830675 0.437472
-0.386447 -0.0566587 0.432235 -0.387698 -0.0826132 0.437382
-0.386428 -0.0561685 0.432139 -0.38768 -0.0821586 0.437292
-0.386408 -0.0556783 0.432042 -0.387663 -0.0817035 0.437202
-0.386389 -0.0551882 0.431945 -0.387645 -0.081248 0.437112
-0.38637 -0.054698 0.431848 -0.387627 -0.0807919 0.437022
-0.38635 -0.0542078 0.431752 -0.38761 -0.0803354 0.436932
-0.386331 -0.0537177 0.431655 -0.387592 -0.0798785 0.436842
-0.386312 -0.0532275 0.431558 -0.387575 -0.079421 0.436751
-0.386292 -0.0527373 0.431461 -0.387539 -0.0785046 0.43657
-0.386273 -0.0522471 0.431365 -0.387504 -0.0775861 0.436388
-0.386254 -0.051757 0.431268 -0.387487 -0.0771263 0.436298
-0.386234 -0.0512668 0.431171 -0.387469 -0.0766662 0.436207
-0.386215 -0.0507766 0.431074 -0.387451 -0.076206 0.436116
-0.386196 -0.0502865 0.430978 -0.387434 -0.0757458 0.436025
-0.386176 -0.0497963 0.430881 -0.387416 -0.0752858 0.435934
-0.386157 -0.0493061 0.430784 -0.387398 -0.0748259 0.435843
-0.386137 -0.048816 0.430687 -0.387381 -0.0743665 0.435752
-0.386118 -0.0483258 0.430591 -0.387363 -0.0739075 0.435661
-0.386099 -0.0478356 0.430494 -0.387345 -0.073449 0.435571
-0.386079 -0.0473455 0.430397 -0.387327 -0.0729908 0.43548
-0.38606 -0.0468553 0.4303 -0.38731 -0.072533 0.43539
-0.386041 -0.0463651 0.430204 -0.387292 -0.0720754 0.435299
-0.386021 -0.0458749 0.430107 -0.387274 -0.071618 0.435209
-0.386002 -0.0453848 0.43001 -0.387256 -0.0711608 0.435118
-0.385983 -0.0448946 0.429913 -0.387238 -0.0707037 0.435028
-0.385963 -0.0444044 0.429817 -0.387221 -0.0702467 0.434938
-0.385944 -0.0439143 0.42972 -0.387203 -0.0697898 0.434847
-0.385925 -0.0434241 0.429623 -0.387185 -0.0693331 0.434757
-0.385905 -0.0429339 0.429526 -0.387167 -0.0688767 0.434667
-0.385886 -0.0424438 0.42943 -0.387149 -0.0684206 0.434577
-0.385867 -0.0419536 0.429333 -0.387131 -0.0679647 0.434487
-0.385847 -0.0414634 0.429236 -0.387113 -0.0675088 0.434397
-0.385828 -0.0409732 0.429139 -0.387096 -0.0670527 0.434306
-0.385809 -0.0404831 0.429043 -0.387078 -0.0665964 0.434216
-0.385789 -0.0399929 0.428946 -0.38706 -0.0661398 0.434126
-0.38577 -0.0395027 0.428849 -0.387042 -0.0656829 0.434036
-0.38575 -0.0390126 0.428752 -0.387024 -0.0652257 0.433945
-0.385731 -0.0385224 0.428656 -0.387006 -0.0647681 0.433855
-0.385712 -0.0380322 0.428559 -0.386988 -0.0643103 0.433764
-0.385692 -0.0375421 0.428462 -0.38697 -0.0638523 0.433674
-0.385673 -0.0370519 0.428366 -0.386953 -0.0633942 0.433583
-0.385654 -0.0365617 0.428269 -0.386935 -0.0629361 0.433493
-0.385634 -0.0360715 0.428172 -0.386917 -0.0624778 0.433402
-0.385615 -0.0355814 0.428075 -0.386899 -0.0620194 0.433311
-0.385596 -0.0350912 0.427979 -0.386881 -0.0615608 0.433221
-0.385576 -0.034601 0.427882 -0.386863 -0.0611021 0.43313
-0.385557 -0.0341109 0.427785 -0.386845 -0.0606432 0.433039
-0.385538 -0.0336207 0.427688 -0.38681 -0.0597246 0.432858
-0.385518 -0.0331305 0.427592 -0.386792 -0.0592648 0.432767
-0.385499 -0.0326404 0.427495 -0.386774 -0.0588048 0.432676
-0.38548 -0.0321502 0.427398 -0.386756 -0.0583445 0.432585
-0.38546 -0.03166 0.427301 -0.386738 -0.0578838 0.432494
-0.385441 -0.0311699 0.427205 -0.38672 -0.0574228 0.432403
-0.385422 -0.0306797 0.427108 -0.386702 -0.0569614 0.432312
-0.385402 -0.0301895 0.427011 -0.386684 -0.0564996 0.43222
-0.385383 -0.0296993 0.426914 -0.386666 -0.0560374 0.432129
-0.385364 -0.0292092 0.426818 -0.386648 -0.0555749 0.432038
-0.385344 -0.028719 0.426721 -0.386631 -0.0551119 0.431946
-0.385325 -0.0282288 0.426624 -0.386613 -0.0546486 0.431855
-0.385305 -0.0277387 0.426527 -0.386595 -0.0541849 0.431763
-0.385286 -0.0272485 0.426431 -0.386577 -0.0537209 0.431671
-0.385267 -0.0267583 0.426334 -0.386559 -0.0532565 0.431579
-0.385247 -0.0262682 0.426237 -0.386541 -0.0527918 0.431488
-0.385228 -0.025778 0.42614 -0.386523 -0.0523267 0.431396
-0.385209 -0.0252878 0.426044 -0.386505 -0.0518612 0.431304
-0.385189 -0.0247976 0.425947 -0.386487 -0.0513954 0.431212
-0.38517 -0.0243075 0.42585 -0.386469 -0.0509292 0.431119
-0.385151 -0.0238173 0.425753 -0.386451 -0.0504626 0.431027
-0.385131 -0.0233271 0.425657 -0.386433 -0.0499957 0.430935
-0.385112 -0.022837 0.42556 -0.386415 -0.0495285 0.430843
-0.385093 -0.0223468 0.425463 -0.386397 -0.0490609 0.43075
-0.385073 -0.0218566 0.425366 -0.386379 -0.0485929 0.430658
-0.385054 -0.0213665 0.42527 -0.386361 -0.0481245 0.430565
-0.385035 -0.0208763 0.425173 -0.386343 -0.0476559 0.430473
-0.385015 -0.0203861 0.425076 -0.386325 -0.0471871 0.43038
-0.384996 -0.019896 0.424979 -0.386307 -0.0467182 0.430287
-0.384977 -0.0194058 0.424883 -0.386289 -0.0462494 0.430195
-0.384957 -0.0189156 0.424786 -0.386271 -0.0457805 0.430102
-0.384938 -0.0184254 0.424689 -0.386253 -0.0453116 0.430009
-0.384918 -0.0179353 0.424592 -0.386235 -0.0448426 0.429917
-0.384899 -0.0174451 0.424496 -0.386216 -0.0443736 0.429824
-0.38488 -0.0169549 0.424399 -0.386198 -0.0439044 0.429731
-0.38486 -0.0164648 0.424302 -0.38618 -0.0434352 0.429638
-0.384841 -0.0159746 0.424206 -0.386162 -0.0429658 0.429546
-0.384822 -0.0154844 0.424109 -0.386144 -0.0424963 0.429453
-0.384802 -0.0149943 0.424012 -0.386126 -0.0420266 0.42936
-0.384783 -0.0145041 0.423915 -0.386107 -0.0415567 0.429267
-0.384764 -0.0140139 0.423819 -0.386071 -0.0406164 0.429081
-0.384744 -0.0135237 0.423722 -0.386053 -0.0401459 0.428988
-0.384725 -0.0130336 0.423625 -0.386034 -0.0396751 0.428895
-0.384706 -0.0125434 0.423528 -0.386016 -0.0392041 0.428802
-0.384686 -0.0120532 0.423432 -0.385998 -0.0387329 0.428709
-0.384667 -0.0115631 0.423335 -0.38598 -0.0382614 0.428616
-0.384648 -0.0110729 0.423238 -0.385961 -0.0377896 0.428523
-0.384628 -0.0105827 0.423141 -0.385943 -0.0373176 0.428429
-0.384609 -0.0100926 0.423045 -0.385925 -0.0368454 0.428336
-0.38459 -0.00960239 0.422948 -0.385906 -0.0363729 0.428243
-0.38457 -0.00911222 0.422851 -0.385888 -0.0359003 0.428149
-0.384551 -0.00862205 0.422754 -0.38587 -0.0354274 0.428056
-0.384532 -0.00813188 0.422658 -0.385851 -0.0349543 0.427962
-0.384512 -0.00764171 0.422561 -0.385833 -0.0344811 0.427869
-0.384493 -0.00715154 0.422464 -0.385815 -0.034008 0.427775
-0.384473 -0.00666137 0.422367 -0.385796 -0.0335349 0.427682
-0.384454 -0.00617121 0.422271 -0.385778 -0.0330621 0.427588
-0.384435 -0.00568104 0.422174 -0.38576 -0.0325894 0.427495
-0.384415 -0.00519087 0.422077 -0.385741 -0.0321168 0.427401
-0.384396 -0.0047007 0.42198 -0.385723 -0.0316441 0.427308
-0.384377 -0.00421053 0.421884 -0.385704 -0.0311714 0.427214
-0.384357 -0.00372036 0.421787 -0.385686 -0.0306985 0.427121
-0.384338 -0.00323019 0.42169 -0.385667 -0.0302253 0.427027
-0.384319 -0.00274002 0.421593 -0.385649 -0.0297519 0.426934
-0.384299 -0.00224985 0.421497 -0.385631 -0.0292781 0.42684
-0.38428 -0.00175968 0.4214 -0.385612 -0.0288041 0.426747
-0.384261 -0.00126951 0.421303 -0.385575 -0.0278557 0.426559
-0.384241 -0.00077934 0.421206 -0.385557 -0.0273815 0.426465
-0.384222 -0.00028917 0.42111 -0.385538 -0.0269073 0.426372
-0.384203 0.000200999 0.421013 -0.38552 -0.026433 0.426278
-0.384183 0.000691169 0.420916 -0.385501 -0.0259584 0.426184
-0.384164 0.00118134 0.420819 -0.385483 -0.0254836 0.42609
-0.384145 0.00167151 0.420723 -0.385464 -0.0250086 0.425996
-0.384125 0.00216168 0.420626 -0.385446 -0.0245334 0.425903
-0.384106 0.00265185 0.420529 -0.385427 -0.0240583 0.425809
-0.384086 0.00314202 0.420432 -0.385409 -0.0235833 0.425715
-0.384067 0.00363219 0.420336 -0.38539 -0.0231084 0.425621
-0.384048 0.00412236 0.420239 -0.385372 -0.0226334 0.425527
-0.384028 0.00461253 0.420142 -0.385353 -0.0221585 0.425433
-0.384009 0.0051027 0.420046 -0.385334 -0.0216837 0.425339
-0.38399 0.00559286 0.419949 -0.385316 -0.0212087 0.425246
-0.38397 0.00608303 0.419852 -0.385297 -0.0207338 0.425152
-0.383951 0.0065732 0.419755 -0.385279 -0.0202589 0.425058
-0.383932 0.00706337 0.419659 -0.38526 -0.0197839 0.424964
-0.383912 0.00755354 0.419562 -0.385241 -0.0193089 0.42487
-0.383893 0.00804371 0.419465 -0.385223 -0.018834 0.424776
-0.383874 0.00853388 0.419368 -0.385204 -0.018359 0.424682
-0.383854 0.00902405 0.419272 -0.385186 -0.0178841 0.424589
-0.383835 0.00951422 0.419175 -0.385167 -0.0174093 0.424495
-0.383816 0.0100044 0.419078 -0.385148 -0.0169347 0.424401
-0.383796 0.0104946 0.418981 -0.38513 -0.0164602 0.424307
-0.383777 0.0109847 0.418885 -0.385111 -0.015986 0.424213
-0.383758 0.0114749 0.418788 -0.385092 -0.0155119 0.42412
-0.383738 0.0119651 0.418691 -0.385074 -0.015038 0.424026
-0.383719 0.0124552 0.418594 -0.385055 -0.0145642 0.423932
-0.3837 0.0129454 0.418498 -0.385036 -0.0140905 0.423839
-0.38368 0.0134356 0.418401 -0.385018 -0.0136169 0.423745
-0.383661 0.0139257 0.418304 -0.384999 -0.0131433 0.423652
-0.383641 0.0144159 0.418207 -0.384962 -0.0121963 0.423465
-0.383622 0.0149061 0.418111 -0.384943 -0.0117228 0.423371
-0.383603 0.0153963 0.418014 -0.384924 -0.0112492 0.423277
-0.383583 0.0158864 0.417917 -0.384906 -0.0107757 0.423184
-0.383564 0.0163766 0.41782 -0.384887 -0.010302 0.42309
-0.383545 0.0168668 0.417724 -0.384868 -0.0098283 0.422997
-0.383525 0.0173569 0.417627 -0.384849 -0.00935451 0.422903
-0.383506 0.0178471 0.41753 -0.384831 -0.00888063 0.422809
-0.383487 0.0183373 0.417433 -0.384812 -0.00840665 0.422716
-0.383467 0.0188274 0.417337 -0.384793 -0.00793258 0.422622
-0.383448 0.0193176 0.41724 -0.384775 -0.00745841 0.422528
-0.383429 0.0198078 0.417143 -0.384756 -0.00698412 0.422435
-0.383409 0.020298 0.417046 -0.384737 -0.00650971 0.422341
-0.38339 0.0207881 0.41695 -0.384719 -0.00603519 0.422247
-0.383371 0.0212783 0.416853 -0.3847 -0.00556055 0.422153
-0.383351 0.0217685 0.416756 -0.384681 -0.00508581 0.42206
-0.383332 0.0222586 0.416659 -0.384663 -0.00461097 0.421966
-0.383313 0.0227488 0.416563 -0.384644 -0.00413608 0.421872
-0.383293 0.023239 0.416466 -0.384625 -0.00366122 0.421778
-0.383274 0.0237291 0.416369 -0.384607 -0.00318642 0.421684
-0.383255 0.0242193 0.416273 -0.384588 -0.00271176 0.421591
-0.383235 0.0247095 0.416176 -0.384569 -0.00223713 0.421497
-0.383216 0.0251996 0.416079 -0.384551 -0.00176245 0.421403
-0.383196 0.0256898 0.415982 -0.384532 -0.00128763 0.421309
-0.383177 0.02618 0.415886 -0.384513 -0.000812593 0.421215
-0.383158 0.0266702 0.415789 -0.384495 -0.000337349 0.421121
-0.383138 0.0271603 0.415692 -0.384476 0.000138106 0.421028
-0.383119 0.0276505 0.415595 -0.384457 0.00061377 0.420934
-0.3831 0.0281407 0.415499 -0.384439 0.00108964 0.42084
-0.38308 0.0286308 0.415402 -0.38442 0.00156574 0.420746
-0.383061 0.029121 0.415305 -0.384401 0.00204208 0.420651
-0.383042 0.0296112 0.415208 -0.384383 0.00251868 0.420557
-0.383022 0.0301013 0.415112 -0.384364 0.00299555 0.420463
-0.383003 0.0305915 0.415015 -0.384345 0.00347259 0.420369
-0.382984 0.0310817 0.414918 -0.384327 0.00394966 0.420275
-0.382964 0.0315719 0.414821 -0.384308 0.00442667 0.42018
-0.382945 0.032062 0.414725 -0.384289 0.00490352 0.420086
-0.382926 0.0325522 0.414628 -0.384271 0.00538024 0.419992
-0.382906 0.0330424 0.414531 -0.384252 0.00585684 0.419898
-0.382887 0.0335325 0.414434 -0.384233 0.00633335 0.419804
-0.382868 0.0340227 0.414338 -0.384215 0.00680979 0.41971
-0.382848 0.0345129 0.414241 -0.384196 0.00728619 0.419616
-0.382829 0.035003 0.414144 -0.384177 0.00776255 0.419521
-0.382809 0.0354932 0.414047 -0.384158 0.0082389 0.419427
-0.38279 0.0359834 0.413951 -0.384121 0.00919163 0.419239
-0.382771 0.0364735 0.413854 -0.384102 0.00966804 0.419145
-0.382751 0.0369637 0.413757 -0.384084 0.0101445 0.419051
-0.382732 0.0374539 0.41366 -0.384065 0.010621 0.418957
-0.382713 0.0379441 0.413564 -0.384046 0.0110976 0.418863
-0.382693 0.0384342 0.413467 -0.384027 0.0115741 0.418769
-0.382674 0.0389244 0.41337 -0.384009 0.0120507 0.418674
-0.382655 0.0394146 0.413273 -0.38399 0.0125271 0.41858
-0.382635 0.0399047 0.413177 -0.383971 0.0130036 0.418486
-0.382616 0.0403949 0.41308 -0.383952 0.01348 0.418392
-0.382597 0.0408851 0.412983 -0.383934 0.0139564 0.418298
-0.382577 0.0413752 0.412886 -0.383915 0.0144329 0.418204
-0.382558 0.0418654 0.41279 -0.383896 0.0149095 0.41811
-0.382539 0.0423556 0.412693 -0.383877 0.0153862 0.418016
-0.382519 0.0428458 0.412596 -0.383821 0.0168168 0.417733
-0.3825 0.0433359 0.412499 -0.383802 0.017294 0.417639
-0.382481 0.0438261 0.412403 -0.383784 0.0177713 0.417545
-0.382461 0.0443163 0.412306 -0.383765 0.0182489 0.41745
-0.382442 0.0448064 0.412209 -0.383746 0.0187264 0.417356
-0.382423 0.0452966 0.412113 -0.383727 0.0192036 0.417262
-0.382403 0.0457868 0.412016 -0.383709 0.0196802 0.417168
-0.382384 0.0462769 0.411919 -0.38369 0.0201559 0.417074
-0.382364 0.0467671 0.411822 -0.383671 0.0206309 0.41698
-0.382345 0.0472573 0.411726 -0.383652 0.0211052 0.416886
-0.382326 0.0477474 0.411629 -0.383633 0.0215788 0.416793
-0.382306 0.0482376 0.411532 -0.383615 0.0220518 0.416699
-0.382287 0.0487278 0.411435 -0.383596 0.0225243 0.416606
-0.382268 0.049218 0.411339 -0.383577 0.0229963 0.416513
-0.382248 0.0497081 0.411242 -0.383558 0.0234679 0.41642
-0.382229 0.0501983 0.411145 -0.383539 0.0239391 0.416327
-0.38221 0.0506885 0.411048 -0.38352 0.0244099 0.416234
-0.38219 0.0511786 0.410952 -0.383501 0.0248801 0.416141
-0.382171 0.0516688 0.410855 -0.383483 0.0253496 0.416048
-0.382152 0.052159 0.410758 -0.383464 0.0258185 0.415955
-0.382132 0.0526491 0.410661 -0.383445 0.0262868 0.415863
-0.382113 0.0531393 0.410565 -0.383426 0.0267547 0.415771
-0.382094 0.0536295 0.410468 -0.383407 0.0272224 0.415678
-0.382074 0.0541197 0.410371 -0.383388 0.02769 0.415586
-0.382055 0.0546098 0.410274 -0.38337 0.0281576 0.415494
-0.382036 0.0551 0.410178 -0.383351 0.0286251 0.415401
-0.382016 0.0555902 0.410081 -0.383332 0.0290926 0.415309
-0.381997 0.0560803 0.409984 -0.383313 0.0295601 0.415217
-0.381977 0.0565705 0.409887 -0.383294 0.0300275 0.415124
-0.381958 0.0570607 0.409791 -0.383276 0.0304947 0.415032
-0.381939 0.0575508 0.409694 -0.383257 0.0309617 0.41494
-0.381919 0.058041 0.409597 -0.383238 0.0314285 0.414848
-0.3819 0.0585312 0.4095 -0.38322 0.0318951 0.414756
-0.381881 0.0590213 0.409404 -0.383201 0.0323615 0.414664
-0.381861 0.0595115 0.409307 -0.383182 0.0328278 0.414572
-0.381842 0.0600017 0.40921 -0.383164 0.0332939 0.41448
-0.381823 0.0604919 0.409113 -0.383145 0.03376 0.414388
-0.381803 0.060982 0.409017 -0.383126 0.0342261 0.414296
-0.381784 0.0614722 0.40892 -0.383089 0.0351583 0.414111
-0.381765 0.0619624 0.408823 -0.38307 0.0356245 0.414019
-0.381745 0.0624525 0.408726 -0.383052 0.0360907 0.413927
-0.381726 0.0629427 0.40863 -0.383033 0.036557 0.413835
-0.381707 0.0634329 0.408533 -0.383015 0.0370235 0.413743
-0.381687 0.063923 0.408436 -0.382996 0.0374901 0.413651
-0.381668 0.0644132 0.408339 -0.382977 0.0379568 0.413559
-0.381649 0.0649034 0.408243 -0.382959 0.0384237 0.413467
-0.381629 0.0653936 0.408146 -0.38294 0.0388908 0.413375
-0.38161 0.0658837 0.408049 -0.382922 0.0393579 0.413282
-0.381591 0.0663739 0.407953 -0.382903 0.039825 0.41319
-0.381571 0.0668641 0.407856 -0.382885 0.0402919 0.413098
-0.381552 0.0673542 0.407759 -0.382866 0.0407585 0.413006
-0.381532 0.0678444 0.407662 -0.382848 0.0412249 0.412914
-0.381513 0.0683346 0.407566 -0.382829 0.0416911 0.412822
-0.381494 0.0688247 0.407469 -0.382811 0.0421571 0.41273
-0.381474 0.0693149 0.407372 -0.382792 0.0426231 0.412638
-0.381455 0.0698051 0.407275 -0.382774 0.043089 0.412546
-0.381436 0.0702953 0.407179 -0.382755 0.0435548 0.412454
-0.381416 0.0707854 0.407082 -0.382737 0.0440206 0.412362
-0.381397 0.0712756 0.406985 -0.382718 0.0444865 0.41227
-0.381378 0.0717658 0.406888 -0.382681 0.0454183 0.412086
-0.381358 0.0722559 0.406792 -0.382663 0.0458844 0.411994
-0.381339 0.0727461 0.406695 -0.382626 0.0468168 0.41181
-0.38132 0.0732363 0.406598 -0.382608 0.0472829 0.411718
-0.3813 0.0737264 0.406501 -0.382589 0.0477489 0.411626
-0.381281 0.0742166 0.406405 -0.382571 0.0482147 0.411534
-0.381262 0.0747068 0.406308 -0.382552 0.0486802 0.411442
-0.381242 0.0751969 0.406211 -0.382534 0.0491456 0.411351
-0.381223 0.0756871 0.406114 -0.382479 0.0505404 0.411075
-0.381204 0.0761773 0.406018 -0.38246 0.051005 0.410984
-0.381184 0.0766675 0.405921 -0.382442 0.0514695 0.410892
-0.381165 0.0771576 0.405824 -0.382423 0.0519338 0.4108
-0.381145 0.0776478 0.405727 -0.382405 0.0523977 0.410709
-0.381126 0.078138 0.405631 -0.382387 0.0528611 0.410617
-0.381107 0.0786281 0.405534 -0.382368 0.0533236 0.410526
-0.381087 0.0791183 0.405437 -0.38235 0.0537851 0.410435
-0.381068 0.0796085 0.40534 -0.382331 0.0542456 0.410344
-0.381049 0.0800986 0.405244 -0.382313 0.054705 0.410254
-0.381029 0.0805888 0.405147 -0.382294 0.0551633 0.410163
-0.38101 0.081079 0.40505 -0.382276 0.0556205 0.410073
-0.380991 0.0815692 0.404953 -0.382257 0.0560767 0.409983
-0.380971 0.0820593 0.404857 -0.382239 0.0565322 0.409893
-0.380952 0.0825495 0.40476 -0.38222 0.0569872 0.409803
-0.380933 0.0830397 0.404663 -0.382202 0.0574419 0.409713
-0.380913 0.0835298 0.404566 -0.382183 0.0578963 0.409624
-0.380894 0.08402 0.40447 -0.382165 0.0583504 0.409534
-0.380875 0.0845102 0.404373 -0.382147 0.0588043 0.409445
-0.380855 0.0850003 0.404276 -0.382128 0.059258 0.409355
-0.380836 0.0854905 0.40418 -0.38211 0.0597115 0.409266
-0.380817 0.0859807 0.404083 -0.382091 0.0601648 0.409176
-0.380797 0.0864708 0.403986 -0.382073 0.0606178 0.409087
-0.380778 0.086961 0.403889 -0.382055 0.0610706 0.408998
-0.380759 0.0874512 0.403793 -0.382037 0.0615231 0.408908
-0.380739 0.0879414 0.403696 -0.382018 0.0619755 0.408819
-0.38072 0.0884315 0.403599 -0.382 0.0624278 0.40873
-0.3807 0.0889217 0.403502 -0.381982 0.0628799 0.408641
-0.380681 0.0894119 0.403406 -0.381964 0.0633321 0.408551
-0.380662 0.089902 0.403309 -0.381927 0.0642364 0.408373
-0.380642 0.0903922 0.403212 -0.381909 0.0646886 0.408284
-0.380623 0.0908824 0.403115 -0.381891 0.065141 0.408194
-0.380604 0.0913725 0.403019 -0.381873 0.0655936 0.408105
-0.380584 0.0918627 0.402922 -0.381855 0.0660463 0.408016
-0.380565 0.0923529 0.402825 -0.381836 0.0664993 0.407927
-0.380546 0.0928431 0.402728 -0.381818 0.0669525 0.407837
-0.380526 0.0933332 0.402632 -0.3818 0.0674061 0.407748
-0.380507 0.0938234 0.402535 -0.381782 0.0678599 0.407658
-0.380488 0.0943136 0.402438 -0.381764 0.0683141 0.407568
-0.380468 0.0948037 0.402341 -0.381746 0.0687685 0.407479
-0.380449 0.0952939 0.402245 -0.381728 0.069223 0.407389
-0.38043 0.0957841 0.402148 -0.38171 0.0696774 0.4073
-0.38041 0.0962742 0.402051 -0.381692 0.0701316 0.40721
-0.380391 0.0967644 0.401954 -0.381674 0.0705858 0.40712
-0.380372 0.0972546 0.401858 -0.381656 0.0710399 0.407031
-0.380352 0.0977447 0.401761 -0.381638 0.0714941 0.406941
-0.380333 0.0982349 0.401664 -0.38162 0.0719485 0.406852
-0.380313 0.0987251 0.401567 -0.381602 0.072403 0.406762
-0.380294 0.0992153 0.401471 -0.381584 0.0728577 0.406672
-0.380275 0.0997054 0.401374 -0.381567 0.0733126 0.406582
-0.380255 0.100196 0.401277 -0.381549 0.0737678 0.406493
-0.380236 0.100686 0.40118 -0.381513 0.0746786 0.406313
-0.380217 0.101176 0.401084 -0.381495 0.0751344 0.406223
-0.380197 0.101666 0.400987 -0.381477 0.0755904 0.406133
-0.380178 0.102156 0.40089 -0.381459 0.0760467 0.406043
-0.380159 0.102646 0.400793 -0.381441 0.0765033 0.405953
-0.380139 0.103137 0.400697 -0.381423 0.0769602 0.405863
-0.38012 0.103627 0.4006 -0.381405 0.0774175 0.405773
-0.380101 0.104117 0.400503 -0.381388 0.077875 0.405683
-0.380081 0.104607 0.400406 -0.38137 0.078333 0.405592
-0.380062 0.105097 0.40031 -0.381352 0.0787913 0.405502
-0.380043 0.105587 0.400213 -0.381334 0.07925 0.405411
-0.380023 0.106078 0.400116 -0.381316 0.0797092 0.405321
-0.380004 0.106568 0.40002 -0.381298 0.0801687 0.40523
-0.379985 0.107058 0.399923 -0.38128 0.0806286 0.405139
-0.379965 0.107548 0.399826 -0.381262 0.0810889 0.405049
-0.379946 0.108038 0.399729 -0.381245 0.0815494 0.404958
-0.379927 0.108528 0.399633 -0.381227 0.0820102 0.404867
-0.379907 0.109019 0.399536 -0.381209 0.082471 0.404776
-0.379888 0.109509 0.399439 -0.381191 0.0829319 0.404685
-0.379868 0.109999 0.399342 -0.381173 0.0833929 0.404594
-0.379849 0.110489 0.399246 -0.381155 0.0838541 0.404503
-0.37983 0.110979 0.399149 -0.381137 0.0843155 0.404412
-0.37981 0.111469 0.399052 -0.381119 0.0847773 0.404321
-0.379791 0.11196 0.398955 -0.381101 0.0852394 0.40423
-0.379772 0.11245 0.398859 -0.381083 0.085702 0.404139
-0.379752 0.11294 0.398762 -0.381065 0.0861651 0.404048
-0.379733 0.11343 0.398665 -0.381048 0.0866288 0.403956
-0.379714 0.11392 0.398568 -0.38103 0.087093 0.403865
-0.379694 0.114411 0.398472 -0.381012 0.0875579 0.403773
-0.379675 0.114901 0.398375 -0.380994 0.0880234 0.403681
-0.379656 0.115391 0.398278 -0.380976 0.0884896 0.403589
-0.379636 0.115881 0.398181 -0.380958 0.0889563 0.403497
-0.379617 0.116371 0.398085 -0.38094 0.0894234 0.403405
-0.379598 0.116861 0.397988 -0.380922 0.0898908 0.403313
-0.379578 0.117352 0.397891 -0.380904 0.0903583 0.403221
-0.379559 0.117842 0.397794 -0.380886 0.090826 0.403128
-0.37954 0.118332 0.397698 -0.380868 0.0912939 0.403036
-0.37952 0.118822 0.397601 -0.38085 0.0917619 0.402944
-0.379501 0.119312 0.397504 -0.380832 0.0922302 0.402852
-0.379481 0.119802 0.397407 -0.380796 0.0931673 0.402667
-0.379462 0.120293 0.397311 -0.380778 0.0936362 0.402574
-0.379443 0.120783 0.397214 -0.38076 0.0941054 0.402482
-0.379423 0.121273 0.397117 -0.380742 0.0945748 0.402389
-0.379404 0.121763 0.39702 -0.380723 0.0950445 0.402297
-0.379385 0.122253 0.396924 -0.380705 0.0955145 0.402204
-0.379365 0.122743 0.396827 -0.380687 0.0959847 0.402111
-0.379346 0.123234 0.39673 -0.380669 0.0964551 0.402019
-0.379327 0.123724 0.396633 -0.380651 0.0969254 0.401926
-0.379307 0.124214 0.396537 -0.380633 0.0973955 0.401833
-0.379288 0.124704 0.39644 -0.380614 0.0978653 0.401741
-0.379269 0.125194 0.396343 -0.380596 0.0983349 0.401648
-0.379249 0.125684 0.396246 -0.380578 0.0988045 0.401555
-0.37923 0.126175 0.39615 -0.38056 0.0992742 0.401463
-0.379211 0.126665 0.396053 -0.380541 0.0997441 0.40137
-0.379191 0.127155 0.395956 -0.380523 0.100214 0.401278
-0.379172 0.127645 0.39586 -0.380505 0.100684 0.401185
-0.379153 0.128135 0.395763 -0.380486 0.101155 0.401092
-0.379133 0.128625 0.395666 -0.38045 0.102095 0.400907
-0.379114 0.129116 0.395569 -0.380431 0.102565 0.400814
-0.379095 0.129606 0.395473 -0.380413 0.103036 0.400721
-0.379075 0.130096 0.395376 -0.380395 0.103507 0.400628
-0.379056 0.130586 0.395279 -0.380376 0.103977 0.400536
-0.379036 0.131076 0.395182 -0.380358 0.104447 0.400443
-0.379017 0.131566 0.395086 -0.38034 0.104916 0.40035
-0.378998 0.132057 0.394989 -0.380321 0.105385 0.400258
-0.378978 0.132547 0.394892 -0.380303 0.105853 0.400166
-0.378959 0.133037 0.394795 -0.380284 0.10632 0.400074
-0.37894 0.133527 0.394699 -0.380266 0.106787 0.399982
-0.37892 0.134017 0.394602 -0.380247 0.107255 0.399889
-0.378901 0.134507 0.394505 -0.380229 0.107723 0.399797
-0.378882 0.134998 0.394408 -0.38021 0.108191 0.399705
-0.378862 0.135488 0.394312 -0.380192 0.10866 0.399613
-0.378843 0.135978 0.394215 -0.380173 0.109128 0.39952
-0.378824 0.136468 0.394118 -0.380155 0.109597 0.399428
-0.378804 0.136958 0.394021 -0.380136 0.110066 0.399335
-0.378785 0.137448 0.393925 -0.380118 0.110535 0.399243
-0.378766 0.137939 0.393828 -0.380099 0.111003 0.399151
-0.378746 0.138429 0.393731 -0.380081 0.111472 0.399058
-0.378727 0.138919 0.393634 -0.380062 0.111941 0.398966
-0.378708 0.139409 0.393538 -0.380044 0.11241 0.398873
-0.378688 0.139899 0.393441 -0.380025 0.112879 0.398781
-0.378669 0.14039 0.393344 -0.380007 0.113348 0.398689
-0.378649 0.14088 0.393247 -0.379988 0.113817 0.398596
-0.37863 0.14137 0.393151 -0.37997 0.114286 0.398504
-0.378611 0.14186 0.393054 -0.379951 0.114755 0.398411
-0.378591 0.14235 0.392957 -0.379914 0.115694 0.398226
-0.378572 0.14284 0.39286 -0.379877 0.116634 0.398041
-0.378553 0.143331 0.392764 -0.379859 0.117104 0.397948
-0.378533 0.143821 0.392667 -0.37984 0.117575 0.397855
-0.378514 0.144311 0.39257 -0.379822 0.118046 0.397763
-0.378495 0.144801 0.392473 -0.379803 0.118517 0.39767
-0.378475 0.145291 0.392377 -0.379785 0.118988 0.397577
-0.378456 0.145781 0.39228 -0.379766 0.119459 0.397484
-0.378437 0.146272 0.392183 -0.379748 0.119929 0.397391
-0.378417 0.146762 0.392087 -0.379729 0.1204 0.397299
-0.378398 0.147252 0.39199 -0.379711 0.12087 0.397206
-0.378379 0.147742 0.391893 -0.379692 0.121339 0.397113
-0.378359 0.148232 0.391796 -0.379674 0.121809 0.397021
-0.37834 0.148722 0.3917 -0.379655 0.122278 0.396928
-0.378321 0.149213 0.391603 -0.379637 0.122747 0.396836
-0.378301 0.149703 0.391506 -0.379618 0.123216 0.396744
-0.378282 0.150193 0.391409 -0.379599 0.123685 0.396651
-0.378263 0.150683 0.391313 -0.379581 0.124153 0.396559
-0.378243 0.151173 0.391216 -0.379562 0.124621 0.396467
-0.378224 0.151663 0.391119 -0.379544 0.125089 0.396374
-0.378204 0.152154 0.391022 -0.379525 0.125557 0.396282
-0.378185 0.152644 0.390926 -0.379506 0.126025 0.39619
-0.378166 0.153134 0.390829 -0.379488 0.126492 0.396098
-0.378146 0.153624 0.390732 -0.379469 0.126959 0.396006
-0.378127 0.154114 0.390635 -0.379451 0.127425 0.395914
-0.378108 0.154604 0.390539 -0.379432 0.127892 0.395822
-0.378088 0.155095 0.390442 -0.379413 0.128358 0.39573
-0.378069 0.155585 0.390345 -0.379395 0.128824 0.395638
-0.37805 0.156075 0.390248 -0.379376 0.12929 0.395547
-0.37803 0.156565 0.390152 -0.379358 0.129757 0.395455
-0.378011 0.157055 0.390055 -0.379339 0.130223 0.395363
-0.377992 0.157545 0.389958 -0.37932 0.130689 0.395271
-0.377972 0.158036 0.389861 -0.379302 0.131155 0.395179
-0.377953 0.158526 0.389765 -0.379265 0.132088 0.394995
-0.377934 0.159016 0.389668 -0.379246 0.132554 0.394903
-0.377914 0.159506 0.389571 -0.379228 0.133021 0.394811
-0.377895 0.159996 0.389474 -0.379209 0.133487 0.39472
-0.377876 0.160486 0.389378 -0.379191 0.133954 0.394628
-0.377856 0.160977 0.389281 -0.379172 0.134421 0.394535
-0.377837 0.161467 0.389184 -0.379154 0.134889 0.394443
-0.377817 0.161957 0.389087 -0.379135 0.135356 0.394351
-0.377798 0.162447 0.388991 -0.379117 0.135824 0.394259
-0.377779 0.162937 0.388894 -0.379098 0.136292 0.394167
-0.377759 0.163427 0.388797 -0.37908 0.13676 0.394075
-0.37774 0.163918 0.3887 -0.379061 0.137228 0.393982
-0.377721 0.164408 0.388604 -0.379043 0.137697 0.39389
-0.377701 0.164898 0.388507 -0.379024 0.138165 0.393798
-0.377682 0.165388 0.38841 -0.379006 0.138635 0.393705
-0.377663 0.165878 0.388313 -0.378987 0.139104 0.393613
-0.377643 0.166368 0.388217 -0.378969 0.139574 0.39352
-0.377624 0.166859 0.38812 -0.37895 0.140043 0.393428
-0.377605 0.167349 0.388023 -0.378932 0.140513 0.393335
-0.377585 0.167839 0.387927 -0.378913 0.140982 0.393243
-0.377566 0.168329 0.38783 -0.378895 0.141451 0.39315
-0.377547 0.168819 0.387733 -0.378876 0.141921 0.393058
-0.377527 0.16931 0.387636 -0.378858 0.14239 0.392966
-0.377508 0.1698 0.38754 -0.378839 0.142858 0.392873
-0.377489 0.17029 0.387443 -0.378821 0.143327 0.392781
-0.377469 0.17078 0.387346 -0.378802 0.143796 0.392688
-0.37745 0.17127 0.387249 -0.378784 0.144265 0.392596
-0.377431 0.17176 0.387153 -0.378765 0.144734 0.392504
-0.377411 0.172251 0.387056 -0.378747 0.145203 0.392411
-0.377392 0.172741 0.386959 -0.378728 0.145673 0.392319
-0.377372 0.173231 0.386862 -0.37871 0.146142 0.392226
-0.377353 0.173721 0.386766 -0.378673 0.147081 0.392041
-0.377334 0.174211 0.386669 -0.378654 0.147551 0.391949
-0.377314 0.174701 0.386572 -0.378636 0.148021 0.391856
-0.377295 0.175192 0.386475 -0.378617 0.148491 0.391764
-0.377276 0.175682 0.386379 -0.378599 0.148962 0.391671
-0.377256 0.176172 0.386282 -0.37858 0.149432 0.391578
-0.377237 0.176662 0.386185 -0.378562 0.149903 0.391486
-0.377218 0.177152 0.386088 -0.378543 0.150374 0.391393
-0.377198 0.177642 0.385992 -0.378525 0.150845 0.3913
-0.377179 0.178133 0.385895 -0.378506 0.151317 0.391207
-0.37716 0.178623 0.385798 -0.378488 0.151788 0.391114
-0.37714 0.179113 0.385701 -0.378451 0.152732 0.390928
-0.377121 0.179603 0.385605 -0.378432 0.153204 0.390835
-0.377102 0.180093 0.385508 -0.378414 0.153677 0.390742
-0.377082 0.180583 0.385411 -0.378395 0.15415 0.390649
-0.377063 0.181074 0.385314 -0.378377 0.154623 0.390556
-0.377044 0.181564 0.385218 -0.378358 0.155096 0.390463
-0.377024 0.182054 0.385121 -0.37834 0.155568 0.39037
-0.377005 0.182544 0.385024 -0.378321 0.156041 0.390277
-0.376985 0.183034 0.384927 -0.378303 0.156513 0.390184
-0.376966 0.183524 0.384831 -0.378284 0.156985 0.390091
-0.376947 0.184015 0.384734 -0.378266 0.157456 0.389998
-0.376927 0.184505 0.384637 -0.378247 0.157928 0.389905
-0.376908 0.184995 0.38454 -0.378229 0.158399 0.389812
-0.376889 0.185485 0.384444 -0.37821 0.15887 0.389719
-0.376869 0.185975 0.384347 -0.378191 0.159341 0.389627
-0.37685 0.186465 0.38425 -0.378173 0.159812 0.389534
-0.376831 0.186956 0.384153 -0.378154 0.160283 0.389441
-0.376811 0.187446 0.384057 -0.378135 0.160753 0.389349
-0.376792 0.187936 0.38396 -0.378117 0.161224 0.389256
-0.376773 0.188426 0.383863 -0.378098 0.161695 0.389163
-0.376753 0.188916 0.383767 -0.37808 0.162166 0.38907
-0.376734 0.189406 0.38367 -0.378061 0.162637 0.388978
-0.376715 0.189897 0.383573 -0.378042 0.163107 0.388885
-0.376695 0.190387 0.383476 -0.378024 0.163577 0.388792
-0.376676 0.190877 0.38338 -0.378005 0.164047 0.3887
-0.376657 0.191367 0.383283 -0.377986 0.164517 0.388607
-0.376637 0.191857 0.383186 -0.377968 0.164986 0.388515
-0.376618 0.192347 0.383089 -0.377949 0.165455 0.388422
-0.376599 0.192838 0.382993 -0.377931 0.165925 0.38833
-0.376579 0.193328 0.382896 -0.377912 0.166394 0.388238
-0.37656 0.193818 0.382799 -0.377893 0.166863 0.388145
-0.37654 0.194308 0.382702 -0.377875 0.167332 0.388053
-0.376521 0.194798 0.382606 -0.377837 0.16827 0.387868
-0.376502 0.195288 0.382509 -0.377819 0.168739 0.387776
-0.376482 0.195779 0.382412 -0.3778 0.169208 0.387683
-0.376463 0.196269 0.382315 -0.377781 0.169677 0.387591
-0.376444 0.196759 0.382219 -0.377763 0.170147 0.387498
-0.376424 0.197249 0.382122 -0.377744 0.170616 0.387406
-0.376405 0.197739 0.382025 -0.377726 0.171086 0.387313
-0.376386 0.19823 0.381928 -0.377707 0.171555 0.387221
-0.376366 0.19872 0.381832 -0.377688 0.172025 0.387128
-0.376347 0.19921 0.381735 -0.37767 0.172495 0.387036
-0.376328 0.1997 0.381638 -0.377651 0.172965 0.386943
-0.376308 0.20019 0.381541 -0.377614 0.173906 0.386758
-0.376289 0.20068 0.381445 -0.377595 0.174376 0.386665
-0.37627 0.201171 0.381348 -0.377558 0.175317 0.38648
-0.37625 0.201661 0.381251 -0.37754 0.175788 0.386387
-0.376231 0.202151 0.381154 -0.377521 0.176259 0.386295
-0.376212 0.202641 0.381058 -0.377502 0.176729 0.386202
-0.376192 0.203131 0.380961 -0.377484 0.177199 0.386109
-0.376173 0.203621 0.380864 -0.377465 0.177669 0.386017
-0.376153 0.204112 0.380767 -0.377447 0.178138 0.385925
-0.376134 0.204602 0.380671 -0.377428 0.178606 0.385832
-0.376115 0.205092 0.380574 -0.377409 0.179074 0.38574
-0.376095 0.205582 0.380477 -0.377391 0.179541 0.385648
-0.376076 0.206072 0.38038 -0.377372 0.180008 0.385556
-0.376057 0.206562 0.380284 -0.377353 0.180474 0.385464
-0.376037 0.207053 0.380187 -0.377335 0.18094 0.385372
-0.376018 0.207543 0.38009 -0.377316 0.181406 0.385281
-0.375999 0.208033 0.379994 -0.377297 0.181871 0.385189
-0.375979 0.208523 0.379897 -0.377279 0.182336 0.385097
-0.37596 0.209013 0.3798 -0.37726 0.182801 0.385006
-0.375941 0.209503 0.379703 -0.377241 0.183265 0.384914
-0.375921 0.209994 0.379607 -0.377223 0.183729 0.384823
-0.375902 0.210484 0.37951 -0.377204 0.184192 0.384732
-0.375883 0.210974 0.379413 -0.377186 0.184655 0.384641
-0.375863 0.211464 0.379316 -0.377167 0.185118 0.384549
-0.375844 0.211954 0.37922 -0.377148 0.18558 0.384458
-0.375825 0.212444 0.379123 -0.37713 0.186042 0.384367
-0.375805 0.212935 0.379026 -0.377111 0.186504 0.384276
-0.375786 0.213425 0.378929 -0.377092 0.186965 0.384185
-0.375767 0.213915 0.378833 -0.377074 0.187426 0.384095
-0.375747 0.214405 0.378736 -0.377037 0.188349 0.383913
-0.375728 0.214895 0.378639 -0.377018 0.18881 0.383822
-0.375708 0.215385 0.378542 -0.377 0.189272 0.383731
-0.375689 0.215876 0.378446 -0.376981 0.189733 0.38364
-0.37567 0.216366 0.378349 -0.376963 0.190194 0.383549
-0.37565 0.216856 0.378252 -0.376944 0.190656 0.383458
-0.375631 0.217346 0.378155 -0.376926 0.191117 0.383368
-0.375612 0.217836 0.378059 -0.376907 0.191579 0.383277
-0.375592 0.218326 0.377962 -0.376889 0.192041 0.383186
-0.375573 0.218817 0.377865 -0.37687 0.192503 0.383094
-0.375554 0.219307 0.377768 -0.376852 0.192966 0.383003
-0.375534 0.219797 0.377672 -0.376833 0.193428 0.382912
-0.375515 0.220287 0.377575 -0.376815 0.193891 0.382821
-0.375496 0.220777 0.377478 -0.376797 0.194353 0.38273
-0.375476 0.221267 0.377381 -0.376778 0.194816 0.382639
-0.375457 0.221758 0.377285 -0.37676 0.195279 0.382548
-0.375438 0.222248 0.377188 -0.376741 0.195742 0.382457
-0.375418 0.222738 0.377091 -0.376723 0.196206 0.382365
-0.375399 0.223228 0.376994 -0.376705 0.196669 0.382274
-0.37538 0.223718 0.376898 -0.376686 0.197133 0.382183
-0.37536 0.224209 0.376801 -0.376668 0.197597 0.382091
-0.375341 0.224699 0.376704 -0.37665 0.198061 0.382
-0.375321 0.225189 0.376607 -0.376631 0.198524 0.381909
-0.375302 0.225679 0.376511 -0.376613 0.198988 0.381817
-0.375283 0.226169 0.376414 -0.376595 0.199452 0.381726
-0.375263 0.226659 0.376317 -0.376576 0.199916 0.381635
-0.375244 0.22715 0.37622 -0.376558 0.200379 0.381544
-0.375225 0.22764 0.376124 -0.37654 0.200843 0.381452
-0.375205 0.22813 0.376027 -0.376521 0.201307 0.381361
-0.375186 0.22862 0.37593 -0.376503 0.201771 0.381269
-0.375167 0.22911 0.375834 -0.376485 0.202235 0.381178
-0.375147 0.2296 0.375737 -0.376466 0.2027 0.381087
-0.375128 0.230091 0.37564 -0.376448 0.203164 0.380995
-0.375109 0.230581 0.375543 -0.376411 0.204094 0.380812
-0.375089 0.231071 0.375447 -0.376393 0.204559 0.380721
-0.37507 0.231561 0.37535 -0.376375 0.205024 0.380629
-0.375051 0.232051 0.375253 -0.376356 0.20549 0.380537
-0.375031 0.232541 0.375156 -0.376338 0.205955 0.380446
-0.375012 0.233032 0.37506 -0.37632 0.20642 0.380354
-0.374993 0.233522 0.374963 -0.376301 0.206886 0.380263
-0.374973 0.234012 0.374866 -0.376283 0.207351 0.380171
-0.374954 0.234502 0.374769 -0.376265 0.207817 0.380079
-0.374935 0.234992 0.374673 -0.376247 0.208283 0.379988
-0.374915 0.235482 0.374576 -0.376228 0.208749 0.379896
-0.374896 0.235973 0.374479 -0.37621 0.209215 0.379804
-0.374876 0.236463 0.374382 -0.376192 0.209682 0.379712
-0.374857 0.236953 0.374286 -0.376155 0.210616 0.379528
-0.374838 0.237443 0.374189 -0.376137 0.211084 0.379436
-0.374818 0.237933 0.374092 -0.376118 0.211551 0.379344
-0.374799 0.238423 0.373995 -0.3761 0.212017 0.379252
-0.37478 0.238914 0.373899 -0.376082 0.212484 0.379161
-0.37476 0.239404 0.373802 -0.376063 0.21295 0.379069
-0.374741 0.239894 0.373705 -0.376045 0.213416 0.378977
-0.374722 0.240384 0.373608 -0.376026 0.213882 0.378885
-0.374702 0.240874 0.373512 -0.376008 0.214347 0.378794
-0.374683 0.241364 0.373415 -0.37599 0.214813 0.378702
-0.374664 0.241855 0.373318 -0.375971 0.215278 0.37861
-0.374644 0.242345 0.373221 -0.375953 0.215743 0.378519
-0.374625 0.242835 0.373125 -0.375934 0.216209 0.378427
-0.374606 0.243325 0.373028 -0.375916 0.216674 0.378336
-0.374586 0.243815 0.372931 -0.375898 0.217139 0.378244
-0.374567 0.244305 0.372834 -0.375879 0.217605 0.378152
-0.374548 0.244796 0.372738 -0.375861 0.21807 0.378061
-0.374528 0.245286 0.372641 -0.375842 0.218535 0.377969
-0.374509 0.245776 0.372544 -0.375824 0.219 0.377878
-0.374489 0.246266 0.372447 -0.375806 0.219465 0.377786
-0.37447 0.246756 0.372351 -0.375787 0.21993 0.377694
-0.374451 0.247246 0.372254 -0.37575 0.22086 0.377511
-0.374431 0.247737 0.372157 -0.375732 0.221325 0.37742
-0.374412 0.248227 0.37206 -0.375714 0.22179 0.377328
-0.374393 0.248717 0.371964 -0.375695 0.222256 0.377236
-0.374373 0.249207 0.371867 -0.375677 0.222721 0.377145
-0.374354 0.249697 0.37177 -0.375658 0.223187 0.377053
-0.374335 0.250187 0.371674 -0.375622 0.224119 0.37687
-0.374315 0.250678 0.371577 -0.375603 0.224586 0.376778
-0.374296 0.251168 0.37148 -0.375585 0.225052 0.376686
-0.374277 0.251658 0.371383 -0.375566 0.225519 0.376594
-0.374257 0.252148 0.371287 -0.375548 0.225986 0.376502
-0.374238 0.252638 0.37119 -0.37553 0.226452 0.37641
-0.374219 0.253129 0.371093 -0.375511 0.226918 0.376319
-0.374199 0.253619 0.370996 -0.375493 0.227383 0.376227
-0.37418 0.254109 0.3709 -0.375474 0.227848 0.376135
-0.374161 0.254599 0.370803 -0.375456 0.228312 0.376044
-0.374141 0.255089 0.370706 -0.375437 0.228776 0.375953
-0.374122 0.255579 0.370609 -0.375419 0.22924 0.375861
-0.374103 0.25607 0.370513 -0.375401 0.229703 0.37577
-0.374083 0.25656 0.370416 -0.375382 0.230166 0.375679
-0.374064 0.25705 0.370319 -0.375364 0.230629 0.375588
-0.374044 0.25754 0.370222 -0.375345 0.231092 0.375496
-0.374025 0.25803 0.370126 -0.375327 0.231555 0.375405
-0.374006 0.25852 0.370029 -0.37529 0.23248 0.375223
-0.373986 0.259011 0.369932 -0.375271 0.232942 0.375132
-0.373967 0.259501 0.369835 -0.375253 0.233405 0.375041
-0.373948 0.259991 0.369739 -0.375234 0.233867 0.37495
-0.373928 0.260481 0.369642 -0.375216 0.234329 0.374859
-0.373909 0.260971 0.369545 -0.375198 0.234791 0.374768
-0.37389 0.261461 0.369448 -0.375179 0.235253 0.374677
-0.37387 0.261952 0.369352 -0.375161 0.235715 0.374586
-0.373851 0.262442 0.369255 -0.375142 0.236177 0.374495
-0.373832 0.262932 0.369158 -0.375124 0.236639 0.374404
-0.373812 0.263422 0.369061 -0.375106 0.237101 0.374313
-0.373793 0.263912 0.368965 -0.375087 0.237563 0.374222
-0.373774 0.264402 0.368868 -0.375069 0.238025 0.374131
-0.373754 0.264893 0.368771 -0.37505 0.238487 0.37404
-0.373735 0.265383 0.368674 -0.375032 0.23895 0.373949
-0.373716 0.265873 0.368578 -0.375014 0.239412 0.373857
-0.373696 0.266363 0.368481 -0.374995 0.239875 0.373766
-0.373677 0.266853 0.368384 -0.374977 0.240338 0.373675
-0.373657 0.267343 0.368287 -0.374959 0.240801 0.373584
-0.373638 0.267834 0.368191 -0.37494 0.241264 0.373493
-0.373619 0.268324 0.368094 -0.374922 0.241727 0.373402
-0.373599 0.268814 0.367997 -0.374903 0.24219 0.373311
-0.37358 0.269304 0.367901 -0.374885 0.242653 0.373219
-0.373561 0.269794 0.367804 -0.374848 0.243579 0.373037
-0.373541 0.270284 0.367707 -0.37483 0.244042 0.372946
-0.373522 0.270775 0.36761 -0.374812 0.244505 0.372855
-0.373503 0.271265 0.367514 -0.374793 0.244968 0.372763
-0.373483 0.271755 0.367417 -0.374775 0.245432 0.372672
-0.373464 0.272245 0.36732 -0.374738 0.246359 0.37249
-0.373445 0.272735 0.367223 -0.37472 0.246823 0.372398
-0.373425 0.273225 0.367127 -0.374702 0.247287 0.372307
-0.373406 0.273716 0.36703 -0.374683 0.247751 0.372216
-0.373387 0.274206 0.366933 -0.374665 0.248215 0.372124
-0.373367 0.274696 0.366836 -0.374647 0.248678 0.372033
-0.373348 0.275186 0.36674 -0.374628 0.249141 0.371942
-0.373329 0.275676 0.366643 -0.37461 0.249603 0.371851
-0.373309 0.276166 0.366546 -0.374592 0.250065 0.37176
-0.37329 0.276657 0.366449 -0.374573 0.250526 0.371669
-0.373271 0.277147 0.366353 -0.374555 0.250987 0.371578
-0.373251 0.277637 0.366256 -0.374536 0.251447 0.371488
-0.373232 0.278127 0.366159 -0.374518 0.251907 0.371397
-0.373212 0.278617 0.366062 -0.3745 0.252366 0.371307
-0.373193 0.279107 0.365966 -0.374481 0.252825 0.371216
-0.373174 0.279598 0.365869 -0.374463 0.253284 0.371126
-0.373154 0.280088 0.365772 -0.374444 0.253743 0.371035
-0.373135 0.280578 0.365675 -0.374426 0.254202 0.370945
-0.373116 0.281068 0.365579 -0.374389 0.255119 0.370764
-0.373096 0.281558 0.365482 -0.374371 0.255577 0.370674
-0.373077 0.282049 0.365385 -0.374353 0.256035 0.370584
-0.373058 0.282539 0.365288 -0.374334 0.256494 0.370493
-0.373038 0.283029 0.365192 -0.374316 0.256952 0.370403
-0.373019 0.283519 0.365095 -0.374298 0.257411 0.370313
-0.373 0.284009 0.364998 -0.374279 0.257869 0.370222
-0.37298 0.284499 0.364901 -0.374261 0.258328 0.370132
-0.372961 0.28499 0.364805 -0.374243 0.258787 0.370042
-0.372942 0.28548 0.364708 -0.374225 0.259246 0.369951
-0.372922 0.28597 0.364611 -0.374206 0.259706 0.369861
-0.372903 0.28646 0.364514 -0.374188 0.260165 0.36977
-0.372884 0.28695 0.364418 -0.37417 0.260625 0.36968
-0.372864 0.28744 0.364321 -0.374152 0.261086 0.369589
-0.372845 0.287931 0.364224 -0.374133 0.261546 0.369498
-0.372825 0.288421 0.364127 -0.374097 0.262468 0.369317
-0.372806 0.288911 0.364031 -0.374079 0.26293 0.369226
-0.372787 0.289401 0.363934 -0.37406 0.263391 0.369135
-0.372767 0.289891 0.363837 -0.374042 0.263852 0.369044
-0.372748 0.290381 0.363741 -0.374024 0.264313 0.368953
-0.372729 0.290872 0.363644 -0.374006 0.264774 0.368863
-0.372709 0.291362 0.363547 -0.373988 0.265235 0.368772
-0.37269 0.291852 0.36345 -0.373969 0.265696 0.368681
-0.372671 0.292342 0.363354 -0.373951 0.266157 0.36859
-0.372651 0.292832 0.363257 -0.373933 0.266619 0.368499
-0.372632 0.293322 0.36316 -0.373915 0.26708 0.368409
-0.372613 0.293813 0.363063 -0.373896 0.267541 0.368318
-0.372593 0.294303 0.362967 -0.373878 0.268002 0.368227
-0.372574 0.294793 0.36287 -0.37386 0.268464 0.368136
-0.372555 0.295283 0.362773 -0.373842 0.268925 0.368045
-0.372535 0.295773 0.362676 -0.373823 0.269387 0.367954
-0.372516 0.296263 0.36258 -0.373805 0.269849 0.367863
-0.372497 0.296754 0.362483 -0.373787 0.27031 0.367773
-0.372477 0.297244 0.362386 -0.373769 0.270772 0.367682
-0.372458 0.297734 0.362289 -0.373751 0.271233 0.367591
-0.372439 0.298224 0.362193 -0.373732 0.271695 0.3675
-0.372419 0.298714 0.362096 -0.373714 0.272156 0.367409
-0.3724 0.299204 0.361999 -0.373696 0.272617 0.367318
-0.37238 0.299695 0.361902 -0.373678 0.273078 0.367227
-0.372361 0.300185 0.361806 -0.373659 0.27354 0.367137
-0.372342 0.300675 0.361709 -0.373641 0.274001 0.367046
-0.372322 0.301165 0.361612 -0.373623 0.274462 0.366955
-0.372303 0.301655 0.361515 -0.373605 0.274924 0.366864
-0.372284 0.302145 0.361419 -0.373586 0.275386 0.366773
-0.372264 0.302636 0.361322 -0.373568 0.275848 0.366682
-0.372245 0.303126 0.361225 -0.373532 0.276773 0.3665
-0.372226 0.303616 0.361128 -0.373514 0.277236 0.366409
-0.372206 0.304106 0.361032 -0.373495 0.277699 0.366318
-0.372187 0.304596 0.360935 -0.373477 0.278162 0.366226
-0.372168 0.305086 0.360838 -0.373459 0.278625 0.366135
-0.372148 0.305577 0.360741 -0.373441 0.279088 0.366044
-0.372129 0.306067 0.360645 -0.373422 0.279551 0.365953
-0.37211 0.306557 0.360548 -0.373404 0.280014 0.365862
-0.37209 0.307047 0.360451 -0.373386 0.280477 0.365771
-0.372071 0.307537 0.360354 -0.373368 0.280941 0.365679
-0.372052 0.308027 0.360258 -0.373349 0.281405 0.365588
-0.372032 0.308518 0.360161 -0.373331 0.281869 0.365497
-0.372013 0.309008 0.360064 -0.373313 0.282334 0.365405
-0.371993 0.309498 0.359967 -0.373295 0.282799 0.365314
-0.371974 0.309988 0.359871 -0.373276 0.283264 0.365222
-0.371955 0.310478 0.359774 -0.373258 0.283729 0.36513
-0.371935 0.310969 0.359677 -0.37324 0.284195 0.365039
-0.371916 0.311459 0.359581 -0.373222 0.28466 0.364947
-0.371897 0.311949 0.359484 -0.373203 0.285126 0.364856
-0.371877 0.312439 0.359387 -0.373185 0.285592 0.364764
-0.371858 0.312929 0.35929 -0.373167 0.286058 0.364672
-0.371839 0.313419 0.359194 -0.373149 0.286525 0.36458
-0.371819 0.31391 0.359097 -0.37313 0.286992 0.364488
-0.3718 0.3144 0.359 -0.373112 0.287459 0.364396
-0.371781 0.31489 0.358903 -0.373094 0.287926 0.364304
-0.371761 0.31538 0.358807 -0.373076 0.288395 0.364212
-0.371742 0.31587 0.35871 -0.373057 0.288863 0.36412
-0.371723 0.31636 0.358613 -0.373039 0.289332 0.364028
-0.371703 0.316851 0.358516 -0.373021 0.289802 0.363935
-0.371684 0.317341 0.35842 -0.373002 0.290271 0.363843
-0.371665 0.317831 0.358323 -0.372984 0.290741 0.363751
-0.371645 0.318321 0.358226 -0.372966 0.291211 0.363658
-0.371626 0.318811 0.358129 -0.372947 0.291682 0.363566
-0.371607 0.319301 0.358033 -0.372929 0.292152 0.363473
-0.371587 0.319792 0.357936 -0.372911 0.292622 0.363381
-0.371568 0.320282 0.357839 -0.372892 0.293093 0.363288
-0.371548 0.320772 0.357742 -0.372874 0.293564 0.363195
-0.371529 0.321262 0.357646 -0.372856 0.294034 0.363103
-0.37151 0.321752 0.357549 -0.372837 0.294505 0.36301
-0.37149 0.322242 0.357452 -0.372819 0.294977 0.362917
-0.371471 0.322733 0.357355 -0.3728 0.295448 0.362824
-0.371452 0.323223 0.357259 -0.372782 0.29592 0.362732
-0.371432 0.323713 0.357162 -0.372764 0.296392 0.362639
-0.371413 0.324203 0.357065 -0.372745 0.296864 0.362546
-0.371394 0.324693 0.356968 -0.372708 0.297809 0.36236
-0.371374 0.325183 0.356872 -0.37269 0.298281 0.362267
-0.371355 0.325674 0.356775 -0.372671 0.298755 0.362174
-0.371336 0.326164 0.356678 -0.372653 0.299228 0.362081
-0.371316 0.326654 0.356581 -0.372634 0.299701 0.361988
-0.371297 0.327144 0.356485 -0.372616 0.300175 0.361894
-0.371278 0.327634 0.356388 -0.372597 0.300649 0.361801
-0.371258 0.328124 0.356291 -0.372579 0.301124 0.361708
-0.371239 0.328615 0.356194 -0.37256 0.301598 0.361614
-0.37122 0.329105 0.356098 -0.372542 0.302073 0.361521
-0.3712 0.329595 0.356001 -0.372523 0.302549 0.361427
-0.371181 0.330085 0.355904 -0.372505 0.303024 0.361334
-0.371162 0.330575 0.355808 -0.372486 0.3035 0.36124
-0.371142 0.331065 0.355711 -0.372468 0.303976 0.361147
-0.371123 0.331556 0.355614 -0.372449 0.304452 0.361053
-0.371103 0.332046 0.355517 -0.37243 0.304928 0.360959
-0.371084 0.332536 0.355421 -0.372412 0.305405 0.360865
-0.371065 0.333026 0.355324 -0.372393 0.305881 0.360772
-0.371045 0.333516 0.355227 -0.372375 0.306358 0.360678
-0.371026 0.334006 0.35513 -0.372356 0.306834 0.360584
-0.371007 0.334497 0.355034 -0.372337 0.30731 0.36049
-0.370987 0.334987 0.354937 -0.372319 0.307786 0.360397
-0.370968 0.335477 0.35484 -0.3723 0.308263 0.360303
-0.370949 0.335967 0.354743 -0.372281 0.308739 0.360209
-0.370929 0.336457 0.354647 -0.372263 0.309216 0.360115
-0.37091 0.336948 0.35455 -0.372244 0.309693 0.360021
-0.370891 0.337438 0.354453 -0.372225 0.310171 0.359927
-0.370871 0.337928 0.354356 -0.372207 0.310649 0.359833
-0.370852 0.338418 0.35426 -0.372188 0.311127 0.359739
-0.370833 0.338908 0.354163 -0.372169 0.311605 0.359645
-0.370813 0.339398 0.354066 -0.37215 0.312084 0.359551
-0.370794 0.339889 0.353969 -0.372132 0.312563 0.359457
-0.370775 0.340379 0.353873 -0.372113 0.313042 0.359362
-0.370755 0.340869 0.353776 -0.372094 0.313521 0.359268
-0.370736 0.341359 0.353679 -0.372075 0.314 0.359174
-0.370716 0.341849 0.353582 -0.372057 0.314479 0.35908
-0.370697 0.342339 0.353486 -0.372038 0.314958 0.358985
-0.370678 0.34283 0.353389 -0.372 0.315915 0.358797
-0.370658 0.34332 0.353292 -0.371981 0.316394 0.358703
-0.370639 0.34381 0.353195 -0.371963 0.316872 0.358608
-0.37062 0.3443 0.353099 -0.371944 0.317351 0.358514
-0.3706 0.34479 0.353002 -0.371925 0.31783 0.35842
-0.370581 0.34528 0.352905 -0.371906 0.318308 0.358326
-0.370562 0.345771 0.352808 -0.371887 0.318786 0.358232
-0.370542 0.346261 0.352712 -0.371868 0.319265 0.358137
-0.370523 0.346751 0.352615 -0.371849 0.319742 0.358043
-0.370504 0.347241 0.352518 -0.37183 0.32022 0.357949
-0.370484 0.347731 0.352421 -0.371812 0.320696 0.357855
-0.370465 0.348221 0.352325 -0.371793 0.321173 0.357761
-0.370446 0.348712 0.352228 -0.371774 0.321649 0.357668
-0.370426 0.349202 0.352131 -0.371755 0.322125 0.357574
-0.370407 0.349692 0.352034 -0.371736 0.3226 0.35748
-0.370388 0.350182 0.351938 -0.371717 0.323075 0.357387
-0.370368 0.350672 0.351841 -0.371698 0.32355 0.357293
-0.370349 0.351162 0.351744 -0.371679 0.324025 0.357199
-0.37033 0.351653 0.351648 -0.37166 0.3245 0.357106
-0.37031 0.352143 0.351551 -0.371641 0.324975 0.357012
-0.370291 0.352633 0.351454 -0.371603 0.325923 0.356825
-0.370271 0.353123 0.351357 -0.371584 0.326398 0.356732
-0.370252 0.353613 0.351261 -0.371565 0.326872 0.356638
-0.370233 0.354103 0.351164 -0.371546 0.327346 0.356545
-0.370213 0.354594 0.351067 -0.371527 0.32782 0.356451
-0.370194 0.355084 0.35097 -0.371508 0.328295 0.356358
-0.370175 0.355574 0.350874 -0.371489 0.328769 0.356264
-0.370155 0.356064 0.350777 -0.37147 0.329243 0.356171
-0.370136 0.356554 0.35068 -0.371452 0.329718 0.356077
-0.370117 0.357044 0.350583 -0.371433 0.330192 0.355984
-0.370097 0.357535 0.350487 -0.371414 0.330667 0.35589
-0.370078 0.358025 0.35039 -0.371395 0.331141 0.355797
-0.370059 0.358515 0.350293 -0.371376 0.331616 0.355703
-0.370039 0.359005 0.350196 -0.371357 0.33209 0.35561
-0.37002 0.359495 0.3501 -0.371338 0.332565 0.355516
-0.370001 0.359985 0.350003 -0.371319 0.33304 0.355423
-0.369981 0.360476 0.349906 -0.3713 0.333514 0.355329
-0.370001 0.359985 0.350003 -0.371281 0.333989 0.355235
-0.369981 0.360476 0.349906 -0.371263 0.334464 0.355142
-0.370001 0.359985 0.350003 -0.371244 0.334939 0.355048
-0.369981 0.360476 0.349906 -0.371225 0.335413 0.354955
-0.370001 0.359985 0.350003 -0.371206 0.335887 0.354861
-0.369981 0.360476 0.349906 -0.371187 0.336361 0.354768
-0.370001 0.359985 0.350003 -0.371168 0.336834 0.354675
-0.369981 0.360476 0.349906 -0.371149 0.337307 0.354582
-0.370001 0.359985 0.350003 -0.37113 0.337778 0.354489
-0.369981 0.360476 0.349906 -0.371111 0.338248 0.354396
-0.370001 0.359985 0.350003 -0.371092 0.338715 0.354304
-0.369981 0.360476 0.349906 -0.371073 0.339181 0.354212
-0.370001 0.359985 0.350003 -0.371054 0.339643 0.35412
-0.369981 0.360476 0.349906 -0.371035 0.340103 0.354029
-0.370001 0.359985 0.350003 -0.371016 0.34056 0.353939
-0.369981 0.360476 0.349906 -0.370997 0.341012 0.353849
-0.370001 0.359985 0.350003 -0.370959 0.341906 0.353672
-0.369981 0.360476 0.349906 -0.37094 0.342347 0.353585
-0.370001 0.359985 0.350003 -0.370921 0.342783 0.353498
-0.369981 0.360476 0.349906 -0.370902 0.343214 0.353412
-0.370001 0.359985 0.350003 -0.370883 0.34364 0.353328
-0.369981 0.360476 0.349906 -0.370864 0.34406 0.353244
-0.370001 0.359985 0.350003 -0.370845 0.344475 0.353161
-0.369981 0.360476 0.349906 -0.370827 0.344884 0.353079
-0.370001 0.359985 0.350003 -0.370808 0.345287 0.352999
-0.369981 0.360476 0.349906 -0.370789 0.345685 0.352919
-0.370001 0.359985 0.350003 -0.370771 0.346076 0.352841
-0.369981 0.360476 0.349906 -0.370752 0.346461 0.352763
-0.370001 0.359985 0.350003 -0.370734 0.34684 0.352687
-0.369981 0.360476 0.349906 -0.370716 0.347212 0.352613
-0.370001 0.359985 0.350003 -0.370698 0.347578 0.352539
-0.369981 0.360476 0.349906 -0.37068 0.347937 0.352467
-0.370001 0.359985 0.350003 -0.370662 0.348289 0.352396
-0.369981 0.360476 0.349906 -0.370644 0.348635 0.352326
-0.370001 0.359985 0.350003 -0.370627 0.348975 0.352257
-0.369981 0.360476 0.349906 -0.37061 0.349307 0.35219
-0.370001 0.359985 0.350003 -0.370593 0.349633 0.352124
-0.369981 0.360476 0.349906 -0.370576 0.349952 0.352059
-0.370001 0.359985 0.350003 -0.37056 0.350264 0.351996
-0.369981 0.360476 0.349906 -0.370543 0.350569 0.351934
-0.370001 0.359985 0.350003 -0.370527 0.350867 0.351874
-0.369981 0.360476 0.349906 -0.370511 0.351158 0.351814
-0.370001 0.359985 0.350003 -0.370496 0.351443 0.351756
-0.369981 0.360476 0.349906 -0.37048 0.35172 0.3517
-0.370001 0.359985 0.350003 -0.370465 0.351991 0.351645
-0.369981 0.360476 0.349906 -0.370436 0.352513 0.351538
-0.370001 0.359985 0.350003 -0.370422 0.352765 0.351487
-0.369981 0.360476 0.349906 -0.370408 0.35301 0.351437
-0.370001 0.359985 0.350003 -0.370394 0.353249 0.351388
-0.369981 0.360476 0.349906 -0.370381 0.353481 0.35134
-0.370001 0.359985 0.350003 -0.370368 0.353708 0.351293
-0.369981 0.360476 0.349906 -0.370355 0.353928 0.351248
-0.370001 0.359985 0.350003 -0.370342 0.354143 0.351204
-0.369981 0.360476 0.349906 -0.37033 0.354352 0.351161
-0.370001 0.359985 0.350003 -0.370318 0.354555 0.35112
-0.369981 0.360476 0.349906 -0.370306 0.354753 0.351079
-0.370001 0.359985 0.350003 -0.370295 0.354945 0.351039
-0.369981 0.360476 0.349906 -0.370284 0.355131 0.351001
-0.370001 0.359985 0.350003 -0.370273 0.355313 0.350964
-0.369981 0.360476 0.349906 -0.370262 0.355489 0.350927
-0.370001 0.359985 0.350003 -0.370252 0.35566 0.350892
-0.369981 0.360476 0.349906 -0.370242 0.355827 0.350858
-0.370001 0.359985 0.350003 -0.370232 0.355988 0.350824
-0.369981 0.360476 0.349906 -0.370222 0.356145 0.350792
-0.370001 0.359985 0.350003 -0.370213 0.356298 0.350761
-0.369981 0.360476 0.349906 -0.370204 0.356446 0.35073
-0.370001 0.359985 0.350003 -0.370195 0.356591 0.3507
-0.369981 0.360476 0.349906 -0.370187 0.356731 0.350671
-0.370001 0.359985 0.350003 -0.370179 0.356868 0.350643
-0.369981 0.360476 0.349906 -0.37017 0.357001 0.350616
-0.370001 0.359985 0.350003 -0.370163 0.357129 0.350589
-0.369981 0.360476 0.349906 -0.370155 0.357255 0.350563
-0.370001 0.359985 0.350003 -0.370148 0.357376 0.350538
-0.369981 0.360476 0.349906 -0.370141 0.357494 0.350514
-0.370001 0.359985 0.350003 -0.370127 0.35772 0.350467
-0.369981 0.360476 0.349906 -0.37012 0.357827 0.350445
-0.370001 0.359985 0.350003 -0.370114 0.357932 0.350423
-0.369981 0.360476 0.349906 -0.370108 0.358033 0.350403
-0.370001 0.359985 0.350003 -0.370102 0.358131 0.350382
-0.369981 0.360476 0.349906 -0.370096 0.358226 0.350363
-0.370001 0.359985 0.350003 -0.370091 0.358318 0.350344
-0.369981 0.360476 0.349906 -0.370086 0.358407 0.350325
-0.370001 0.359985 0.350003 -0.37008 0.358494 0.350308
-0.369981 0.360476 0.349906 -0.370075 0.358577 0.35029
-0.370001 0.359985 0.350003 -0.370071 0.358657 0.350274
-0.369981 0.360476 0.349906 -0.370066 0.358735 0.350258
-0.370001 0.359985 0.350003 -0.370062 0.35881 0.350242
-0.369981 0.360476 0.349906 -0.370057 0.358883 0.350227
-0.370001 0.359985 0.350003 -0.370053 0.358953 0.350213
-0.369981 0.360476 0.349906 -0.370049 0.359021 0.350199
-0.370001 0.359985 0.350003 -0.370045 0.359086 0.350186
