-0.399991 -0.399777 0.499956 -0.40001 -0.400267 0.500053
-0.399972 -0.399287 0.499859 -0.40001 -0.400267 0.500053
-0.399953 -0.398797 0.499763 -0.40001 -0.400267 0.500053
-0.399933 -0.398307 0.499666 -0.40001 -0.400267 0.500053
-0.399914 -0.397817 0.499569 -0.40001 -0.400267 0.500053
-0.399894 -0.397327 0.499472 -0.40001 -0.400267 0.500053
-0.399875 -0.396836 0.499376 -0.40001 -0.400266 0.500053
-0.399856 -0.396346 0.499279 -0.400009 -0.400264 0.500052
-0.399836 -0.395856 0.499182 -0.400009 -0.400262 0.500052
-0.399817 -0.395366 0.499085 -0.400009 -0.400255 0.50005
-0.399798 -0.394876 0.498989 -0.400009 -0.40025 0.500049
-0.399778 -0.394386 0.498892 -0.400008 -0.400223 0.500044
-0.399759 -0.393895 0.498795 -0.400008 -0.400215 0.500042
-0.39974 -0.393405 0.498698 -0.400007 -0.400205 0.500041
-0.39972 -0.392915 0.498602 -0.400007 -0.400196 0.500039
-0.399701 -0.392425 0.498505 -0.400006 -0.400186 0.500037
-0.399682 -0.391935 0.498408 -0.400006 -0.400173 0.500034
-0.399662 -0.391444 0.498311 -0.400005 -0.400158 0.500031
-0.399643 -0.390954 0.498215 -0.400005 -0.400137 0.500027
-0.399624 -0.390464 0.498118 -0.400004 -0.40011 0.500022
-0.399604 -0.389974 0.498021 -0.400003 -0.400077 0.500016
-0.399585 -0.389484 0.497924 -0.400001 -0.400038 0.500008
-0.399566 -0.388994 0.497828 -0.4 -0.399992 0.499999
-0.399546 -0.388503 0.497731 -0.399998 -0.39994 0.499989
-0.399527 -0.388013 0.497634 -0.399996 -0.39988 0.499978
-0.399507 -0.387523 0.497537 -0.399994 -0.399814 0.499965
-0.399488 -0.387033 0.497441 -0.399991 -0.399741 0.499951
-0.399469 -0.386543 0.497344 -0.399988 -0.399661 0.499935
-0.399449 -0.386053 0.497247 -0.399986 -0.399575 0.499919
-0.39943 -0.385562 0.49715 -0.399982 -0.399481 0.499901
-0.399411 -0.385072 0.497054 -0.399979 -0.399381 0.499881
-0.399391 -0.384582 0.496957 -0.399976 -0.399273 0.499861
-0.399372 -0.384092 0.49686 -0.399972 -0.399158 0.499839
-0.399353 -0.383602 0.496764 -0.399964 -0.398907 0.499791
-0.399333 -0.383112 0.496667 -0.399959 -0.398771 0.499765
-0.399314 -0.382621 0.49657 -0.399955 -0.398628 0.499737
-0.399295 -0.382131 0.496473 -0.39995 -0.398478 0.499708
-0.399275 -0.381641 0.496377 -0.399945 -0.398321 0.499678
-0.399256 -0.381151 0.49628 -0.399939 -0.398156 0.499647
-0.399237 -0.380661 0.496183 -0.399934 -0.397985 0.499614
-0.399217 -0.380171 0.496086 -0.399928 -0.397807 0.49958
-0.399198 -0.37968 0.49599 -0.399916 -0.39743 0.499508
-0.399179 -0.37919 0.495893 -0.39991 -0.397231 0.49947
-0.399159 -0.3787 0.495796 -0.399903 -0.397025 0.499431
-0.39914 -0.37821 0.495699 -0.399897 -0.396814 0.49939
-0.399121 -0.37772 0.495603 -0.39989 -0.396595 0.499349
-0.399101 -0.37723 0.495506 -0.399883 -0.39637 0.499306
-0.399082 -0.376739 0.495409 -0.399875 -0.396139 0.499262
-0.399062 -0.376249 0.495312 -0.399868 -0.395903 0.499216
-0.399043 -0.375759 0.495216 -0.399852 -0.395412 0.499123
-0.399024 -0.375269 0.495119 -0.399844 -0.395158 0.499074
-0.399004 -0.374779 0.495022 -0.399836 -0.394899 0.499025
-0.398985 -0.374289 0.494925 -0.399828 -0.394635 0.498974
-0.398966 -0.373798 0.494829 -0.399819 -0.394366 0.498923
-0.398946 -0.373308 0.494732 -0.399811 -0.394092 0.49887
-0.398927 -0.372818 0.494635 -0.399802 -0.393813 0.498817
-0.398908 -0.372328 0.494538 -0.399793 -0.393529 0.498763
-0.398888 -0.371838 0.494442 -0.399783 -0.393241 0.498707
-0.398869 -0.371348 0.494345 -0.399774 -0.392947 0.498651
-0.39885 -0.370857 0.494248 -0.399764 -0.39265 0.498594
-0.39883 -0.370367 0.494151 -0.399754 -0.392348 0.498537
-0.398811 -0.369877 0.494055 -0.399745 -0.392042 0.498478
-0.398792 -0.369387 0.493958 -0.399734 -0.391731 0.498418
-0.398772 -0.368897 0.493861 -0.399724 -0.391417 0.498358
-0.398753 -0.368407 0.493764 -0.399714 -0.391097 0.498297
-0.398734 -0.367916 0.493668 -0.399693 -0.390446 0.498172
-0.398714 -0.367426 0.493571 -0.399682 -0.390114 0.498108
-0.398695 -0.366936 0.493474 -0.399671 -0.389779 0.498044
-0.398675 -0.366446 0.493377 -0.399659 -0.38944 0.497978
-0.398656 -0.365956 0.493281 -0.399648 -0.389097 0.497912
-0.398637 -0.365466 0.493184 -0.399637 -0.388751 0.497846
-0.398617 -0.364975 0.493087 -0.399625 -0.388402 0.497779
-0.398598 -0.364485 0.49299 -0.399613 -0.38805 0.497711
-0.398579 -0.363995 0.492894 -0.399601 -0.387695 0.497642
-0.398559 -0.363505 0.492797 -0.399589 -0.387336 0.497573
-0.39854 -0.363015 0.4927 -0.399577 -0.386974 0.497504
-0.398521 -0.362524 0.492604 -0.399565 -0.386609 0.497433
-0.398501 -0.362034 0.492507 -0.399552 -0.38624 0.497362
-0.398482 -0.361544 0.49241 -0.39954 -0.385868 0.49729
-0.398463 -0.361054 0.492313 -0.399527 -0.385494 0.497218
-0.398443 -0.360564 0.492217 -0.399514 -0.385116 0.497145
-0.398424 -0.360074 0.49212 -0.399501 -0.384735 0.497071
-0.398405 -0.359583 0.492023 -0.399488 -0.384351 0.496997
-0.398385 -0.359093 0.491926 -0.399475 -0.383965 0.496922
-0.398366 -0.358603 0.49183 -0.399461 -0.383576 0.496847
-0.398347 -0.358113 0.491733 -0.399448 -0.383185 0.496771
-0.398327 -0.357623 0.491636 -0.399434 -0.382791 0.496695
-0.398308 -0.357133 0.491539 -0.39942 -0.382395 0.496618
-0.398289 -0.356642 0.491443 -0.399407 -0.381996 0.496541
-0.398269 -0.356152 0.491346 -0.399393 -0.381595 0.496463
-0.39825 -0.355662 0.491249 -0.399378 -0.381192 0.496385
-0.39823 -0.355172 0.491152 -0.399364 -0.380786 0.496306
-0.398211 -0.354682 0.491056 -0.39935 -0.380378 0.496227
-0.398192 -0.354192 0.490959 -0.399321 -0.379554 0.496067
-0.398172 -0.353701 0.490862 -0.399306 -0.37914 0.495987
-0.398153 -0.353211 0.490765 -0.399292 -0.378723 0.495906
-0.398134 -0.352721 0.490669 -0.399277 -0.378304 0.495824
-0.398114 -0.352231 0.490572 -0.399262 -0.377883 0.495742
-0.398095 -0.351741 0.490475 -0.399247 -0.377459 0.49566
-0.398076 -0.351251 0.490378 -0.399231 -0.377034 0.495577
-0.398056 -0.35076 0.490282 -0.399216 -0.376607 0.495494
-0.398037 -0.35027 0.490185 -0.399201 -0.376178 0.49541
-0.398018 -0.34978 0.490088 -0.399185 -0.375748 0.495327
-0.397998 -0.34929 0.489991 -0.39917 -0.375315 0.495242
-0.397979 -0.3488 0.489895 -0.399154 -0.374881 0.495158
-0.39796 -0.34831 0.489798 -0.399138 -0.374445 0.495073
-0.39794 -0.347819 0.489701 -0.399123 -0.374007 0.494987
-0.397921 -0.347329 0.489604 -0.399107 -0.373568 0.494901
-0.397902 -0.346839 0.489508 -0.399091 -0.373127 0.494815
-0.397882 -0.346349 0.489411 -0.399074 -0.372685 0.494729
-0.397863 -0.345859 0.489314 -0.399058 -0.372241 0.494642
-0.397843 -0.345369 0.489217 -0.399042 -0.371796 0.494555
-0.397824 -0.344878 0.489121 -0.399026 -0.371349 0.494468
-0.397805 -0.344388 0.489024 -0.399009 -0.370901 0.494381
-0.397785 -0.343898 0.488927 -0.398993 -0.370452 0.494293
-0.397766 -0.343408 0.488831 -0.398976 -0.370001 0.494204
-0.397747 -0.342918 0.488734 -0.398959 -0.369549 0.494116
-0.397727 -0.342428 0.488637 -0.398943 -0.369097 0.494027
-0.397708 -0.341937 0.48854 -0.398926 -0.368643 0.493939
-0.397689 -0.341447 0.488444 -0.398909 -0.368188 0.49385
-0.397669 -0.340957 0.488347 -0.398892 -0.367733 0.49376
-0.39765 -0.340467 0.48825 -0.398875 -0.367276 0.493671
-0.397631 -0.339977 0.488153 -0.398858 -0.366819 0.493581
-0.397611 -0.339487 0.488057 -0.398841 -0.36636 0.493491
-0.397592 -0.338996 0.48796 -0.398824 -0.365901 0.493401
-0.397573 -0.338506 0.487863 -0.398806 -0.365441 0.493311
-0.397553 -0.338016 0.487766 -0.398772 -0.364519 0.49313
-0.397534 -0.337526 0.48767 -0.398754 -0.364058 0.493039
-0.397515 -0.337036 0.487573 -0.398737 -0.363596 0.492948
-0.397495 -0.336546 0.487476 -0.398719 -0.363134 0.492858
-0.397476 -0.336055 0.487379 -0.398702 -0.362672 0.492767
-0.397457 -0.335565 0.487283 -0.398684 -0.36221 0.492676
-0.397437 -0.335075 0.487186 -0.398666 -0.361747 0.492585
-0.397418 -0.334585 0.487089 -0.398648 -0.361284 0.492493
-0.397398 -0.334095 0.486992 -0.398631 -0.36082 0.492402
-0.397379 -0.333604 0.486896 -0.398613 -0.360356 0.492311
-0.39736 -0.333114 0.486799 -0.398595 -0.359891 0.492219
-0.39734 -0.332624 0.486702 -0.398577 -0.359426 0.492128
-0.397321 -0.332134 0.486605 -0.398559 -0.35896 0.492036
-0.397302 -0.331644 0.486509 -0.398541 -0.358494 0.491944
-0.397282 -0.331154 0.486412 -0.398523 -0.358028 0.491852
-0.397263 -0.330663 0.486315 -0.398505 -0.357561 0.49176
-0.397244 -0.330173 0.486218 -0.398469 -0.356628 0.491576
-0.397224 -0.329683 0.486122 -0.398451 -0.356161 0.491484
-0.397205 -0.329193 0.486025 -0.398433 -0.355693 0.491391
-0.397186 -0.328703 0.485928 -0.398414 -0.355225 0.491299
-0.397166 -0.328213 0.485831 -0.398396 -0.354757 0.491207
-0.397147 -0.327722 0.485735 -0.398378 -0.354289 0.491114
-0.397128 -0.327232 0.485638 -0.39836 -0.353821 0.491022
-0.397108 -0.326742 0.485541 -0.398341 -0.353352 0.490929
-0.397089 -0.326252 0.485444 -0.398323 -0.352883 0.490837
-0.39707 -0.325762 0.485348 -0.398305 -0.352413 0.490744
-0.39705 -0.325272 0.485251 -0.398286 -0.351944 0.490651
-0.397031 -0.324781 0.485154 -0.398268 -0.351474 0.490558
-0.397011 -0.324291 0.485057 -0.39825 -0.351004 0.490465
-0.396992 -0.323801 0.484961 -0.398231 -0.350533 0.490372
-0.396973 -0.323311 0.484864 -0.398213 -0.350062 0.490279
-0.396953 -0.322821 0.484767 -0.398194 -0.349591 0.490186
-0.396934 -0.322331 0.484671 -0.398176 -0.34912 0.490093
-0.396915 -0.32184 0.484574 -0.398157 -0.348649 0.49
-0.396895 -0.32135 0.484477 -0.398139 -0.348178 0.489907
-0.396876 -0.32086 0.48438 -0.39812 -0.347707 0.489814
-0.396857 -0.32037 0.484284 -0.398102 -0.347236 0.489721
-0.396837 -0.31988 0.484187 -0.398083 -0.346764 0.489627
-0.396818 -0.31939 0.48409 -0.398065 -0.346293 0.489534
-0.396799 -0.318899 0.483993 -0.398046 -0.34582 0.489441
-0.396779 -0.318409 0.483897 -0.398027 -0.345348 0.489347
-0.39676 -0.317919 0.4838 -0.398009 -0.344875 0.489254
-0.396741 -0.317429 0.483703 -0.39799 -0.344402 0.48916
-0.396721 -0.316939 0.483606 -0.397972 -0.343929 0.489067
-0.396702 -0.316449 0.48351 -0.397953 -0.343455 0.488973
-0.396683 -0.315958 0.483413 -0.397934 -0.342982 0.48888
-0.396663 -0.315468 0.483316 -0.397916 -0.342508 0.488786
-0.396644 -0.314978 0.483219 -0.397897 -0.342035 0.488692
-0.396625 -0.314488 0.483123 -0.397878 -0.341562 0.488599
-0.396605 -0.313998 0.483026 -0.39786 -0.34109 0.488505
-0.396586 -0.313508 0.482929 -0.397822 -0.340146 0.488318
-0.396566 -0.313017 0.482832 -0.397804 -0.339674 0.488225
-0.396547 -0.312527 0.482736 -0.397785 -0.339203 0.488132
-0.396528 -0.312037 0.482639 -0.397766 -0.338731 0.488038
-0.396508 -0.311547 0.482542 -0.397748 -0.338259 0.487945
-0.396489 -0.311057 0.482445 -0.397729 -0.337786 0.487851
-0.39647 -0.310567 0.482349 -0.39771 -0.337314 0.487758
-0.39645 -0.310076 0.482252 -0.397692 -0.336841 0.487664
-0.396431 -0.309586 0.482155 -0.397654 -0.335895 0.487477
-0.396412 -0.309096 0.482058 -0.397635 -0.335421 0.487383
-0.396392 -0.308606 0.481962 -0.397617 -0.334947 0.48729
-0.396373 -0.308116 0.481865 -0.397598 -0.334473 0.487196
-0.396354 -0.307626 0.481768 -0.397579 -0.333999 0.487102
-0.396334 -0.307135 0.481671 -0.397561 -0.333525 0.487008
-0.396315 -0.306645 0.481575 -0.397542 -0.333052 0.486914
-0.396296 -0.306155 0.481478 -0.397523 -0.332578 0.486821
-0.396276 -0.305665 0.481381 -0.397505 -0.332105 0.486727
-0.396257 -0.305175 0.481284 -0.397486 -0.331632 0.486634
-0.396238 -0.304684 0.481188 -0.397467 -0.33116 0.48654
-0.396218 -0.304194 0.481091 -0.397448 -0.330687 0.486446
-0.396199 -0.303704 0.480994 -0.39743 -0.330215 0.486353
-0.396179 -0.303214 0.480897 -0.397411 -0.329742 0.486259
-0.39616 -0.302724 0.480801 -0.397392 -0.32927 0.486166
-0.396141 -0.302234 0.480704 -0.397355 -0.328326 0.485979
-0.396121 -0.301743 0.480607 -0.397336 -0.327854 0.485886
-0.396102 -0.301253 0.480511 -0.397317 -0.327382 0.485792
-0.396083 -0.300763 0.480414 -0.397299 -0.32691 0.485699
-0.396063 -0.300273 0.480317 -0.39728 -0.326439 0.485605
-0.396044 -0.299783 0.48022 -0.397261 -0.325967 0.485512
-0.396025 -0.299293 0.480124 -0.397243 -0.325496 0.485419
-0.396005 -0.298802 0.480027 -0.397224 -0.325026 0.485325
-0.395986 -0.298312 0.47993 -0.397205 -0.324555 0.485232
-0.395967 -0.297822 0.479833 -0.397187 -0.324085 0.485139
-0.395947 -0.297332 0.479737 -0.397168 -0.323616 0.485046
-0.395928 -0.296842 0.47964 -0.397149 -0.323146 0.484953
-0.395909 -0.296352 0.479543 -0.397131 -0.322677 0.48486
-0.395889 -0.295861 0.479446 -0.397112 -0.322208 0.484767
-0.39587 -0.295371 0.47935 -0.397093 -0.321739 0.484674
-0.395851 -0.294881 0.479253 -0.397075 -0.32127 0.484582
-0.395831 -0.294391 0.479156 -0.397056 -0.320801 0.484489
-0.395812 -0.293901 0.479059 -0.397038 -0.320332 0.484396
-0.395793 -0.293411 0.478963 -0.397019 -0.319863 0.484303
-0.395773 -0.29292 0.478866 -0.397 -0.319395 0.48421
-0.395754 -0.29243 0.478769 -0.396982 -0.318926 0.484117
-0.395734 -0.29194 0.478672 -0.396963 -0.318457 0.484025
-0.395715 -0.29145 0.478576 -0.396945 -0.317988 0.483932
-0.395696 -0.29096 0.478479 -0.396926 -0.317519 0.483839
-0.395676 -0.29047 0.478382 -0.396907 -0.317051 0.483746
-0.395657 -0.289979 0.478285 -0.396889 -0.316582 0.483653
-0.395638 -0.289489 0.478189 -0.39687 -0.316114 0.483561
-0.395618 -0.288999 0.478092 -0.396852 -0.315646 0.483468
-0.395599 -0.288509 0.477995 -0.396833 -0.315178 0.483375
-0.39558 -0.288019 0.477898 -0.396815 -0.314711 0.483283
-0.39556 -0.287529 0.477802 -0.396796 -0.314243 0.48319
-0.395541 -0.287038 0.477705 -0.396778 -0.313775 0.483098
-0.395522 -0.286548 0.477608 -0.396741 -0.31284 0.482913
-0.395502 -0.286058 0.477511 -0.396722 -0.312373 0.48282
-0.395483 -0.285568 0.477415 -0.396704 -0.311905 0.482727
-0.395464 -0.285078 0.477318 -0.396685 -0.311437 0.482635
-0.395444 -0.284588 0.477221 -0.396667 -0.310969 0.482542
-0.395425 -0.284097 0.477124 -0.396648 -0.310501 0.48245
-0.395406 -0.283607 0.477028 -0.39663 -0.310033 0.482357
-0.395386 -0.283117 0.476931 -0.396611 -0.309565 0.482264
-0.395367 -0.282627 0.476834 -0.396593 -0.309097 0.482172
-0.395348 -0.282137 0.476738 -0.396574 -0.308628 0.482079
-0.395328 -0.281647 0.476641 -0.396556 -0.308159 0.481986
-0.395309 -0.281156 0.476544 -0.396537 -0.307691 0.481894
-0.395289 -0.280666 0.476447 -0.396519 -0.307222 0.481801
-0.39527 -0.280176 0.476351 -0.396482 -0.306283 0.481615
-0.395251 -0.279686 0.476254 -0.396464 -0.305814 0.481522
-0.395231 -0.279196 0.476157 -0.396445 -0.305344 0.48143
-0.395212 -0.278705 0.47606 -0.396427 -0.304875 0.481337
-0.395193 -0.278215 0.475964 -0.396408 -0.304405 0.481244
-0.395173 -0.277725 0.475867 -0.39639 -0.303936 0.481151
-0.395154 -0.277235 0.47577 -0.396371 -0.303467 0.481058
-0.395135 -0.276745 0.475673 -0.396353 -0.302998 0.480966
-0.395115 -0.276255 0.475577 -0.396335 -0.302529 0.480873
-0.395096 -0.275764 0.47548 -0.396316 -0.30206 0.48078
-0.395077 -0.275274 0.475383 -0.396298 -0.301592 0.480688
-0.395057 -0.274784 0.475286 -0.396279 -0.301123 0.480595
-0.395038 -0.274294 0.47519 -0.396261 -0.300654 0.480502
-0.395019 -0.273804 0.475093 -0.396242 -0.300186 0.48041
-0.394999 -0.273314 0.474996 -0.396224 -0.299717 0.480317
-0.39498 -0.272823 0.474899 -0.396206 -0.299249 0.480224
-0.394961 -0.272333 0.474803 -0.396187 -0.298781 0.480132
-0.394941 -0.271843 0.474706 -0.396169 -0.298312 0.480039
-0.394922 -0.271353 0.474609 -0.39615 -0.297844 0.479946
-0.394902 -0.270863 0.474512 -0.396132 -0.297377 0.479854
-0.394883 -0.270373 0.474416 -0.396113 -0.296909 0.479762
-0.394864 -0.269882 0.474319 -0.396095 -0.296442 0.479669
-0.394844 -0.269392 0.474222 -0.396077 -0.295975 0.479577
-0.394825 -0.268902 0.474125 -0.396058 -0.295508 0.479484
-0.394806 -0.268412 0.474029 -0.39604 -0.29504 0.479392
-0.394786 -0.267922 0.473932 -0.396022 -0.294573 0.479299
-0.394767 -0.267432 0.473835 -0.396003 -0.294105 0.479207
-0.394748 -0.266941 0.473738 -0.395985 -0.293636 0.479114
-0.394728 -0.266451 0.473642 -0.395966 -0.293168 0.479022
-0.394709 -0.265961 0.473545 -0.395948 -0.292699 0.478929
-0.39469 -0.265471 0.473448 -0.39593 -0.292229 0.478836
-0.39467 -0.264981 0.473351 -0.395911 -0.29176 0.478743
-0.394651 -0.264491 0.473255 -0.395893 -0.29129 0.47865
-0.394632 -0.264 0.473158 -0.395874 -0.290821 0.478558
-0.394612 -0.26351 0.473061 -0.395856 -0.290351 0.478465
-0.394593 -0.26302 0.472964 -0.395838 -0.289881 0.478372
-0.394574 -0.26253 0.472868 -0.395819 -0.289411 0.478279
-0.394554 -0.26204 0.472771 -0.395801 -0.288941 0.478186
-0.394535 -0.26155 0.472674 -0.395783 -0.288471 0.478093
-0.394516 -0.261059 0.472578 -0.395764 -0.288001 0.478
-0.394496 -0.260569 0.472481 -0.395746 -0.287531 0.477907
-0.394477 -0.260079 0.472384 -0.395727 -0.28706 0.477814
-0.394457 -0.259589 0.472287 -0.395709 -0.286589 0.477721
-0.394438 -0.259099 0.472191 -0.395672 -0.285648 0.477535
-0.394419 -0.258609 0.472094 -0.395654 -0.285177 0.477442
-0.394399 -0.258118 0.471997 -0.395636 -0.284705 0.477349
-0.39438 -0.257628 0.4719 -0.395617 -0.284234 0.477256
-0.394361 -0.257138 0.471804 -0.395599 -0.283763 0.477163
-0.394341 -0.256648 0.471707 -0.39558 -0.283291 0.47707
-0.394322 -0.256158 0.47161 -0.395562 -0.28282 0.476977
-0.394303 -0.255668 0.471513 -0.395544 -0.28235 0.476884
-0.394283 -0.255177 0.471417 -0.395525 -0.281879 0.476791
-0.394264 -0.254687 0.47132 -0.395507 -0.281409 0.476698
-0.394245 -0.254197 0.471223 -0.395488 -0.280939 0.476605
-0.394225 -0.253707 0.471126 -0.39547 -0.280468 0.476512
-0.394206 -0.253217 0.47103 -0.395452 -0.279997 0.476419
-0.394187 -0.252727 0.470933 -0.395433 -0.279527 0.476326
-0.394167 -0.252236 0.470836 -0.395415 -0.279056 0.476233
-0.394148 -0.251746 0.470739 -0.395396 -0.278585 0.47614
-0.394129 -0.251256 0.470643 -0.395378 -0.278115 0.476047
-0.394109 -0.250766 0.470546 -0.395359 -0.277644 0.475954
-0.39409 -0.250276 0.470449 -0.395341 -0.277174 0.475861
-0.39407 -0.249785 0.470352 -0.395323 -0.276704 0.475768
-0.394051 -0.249295 0.470256 -0.395304 -0.276233 0.475675
-0.394032 -0.248805 0.470159 -0.395286 -0.275762 0.475582
-0.394012 -0.248315 0.470062 -0.395267 -0.275292 0.475489
-0.393993 -0.247825 0.469965 -0.395249 -0.274821 0.475396
-0.393974 -0.247335 0.469869 -0.395231 -0.27435 0.475302
-0.393954 -0.246844 0.469772 -0.395212 -0.273879 0.475209
-0.393935 -0.246354 0.469675 -0.395194 -0.273408 0.475116
-0.393916 -0.245864 0.469578 -0.395175 -0.272936 0.475023
-0.393896 -0.245374 0.469482 -0.395157 -0.272465 0.47493
-0.393877 -0.244884 0.469385 -0.395138 -0.271993 0.474837
-0.393858 -0.244394 0.469288 -0.39512 -0.271521 0.474743
-0.393838 -0.243903 0.469191 -0.395102 -0.271049 0.47465
-0.393819 -0.243413 0.469095 -0.395083 -0.270577 0.474557
-0.3938 -0.242923 0.468998 -0.395065 -0.270104 0.474463
-0.39378 -0.242433 0.468901 -0.395046 -0.269631 0.47437
-0.393761 -0.241943 0.468804 -0.394991 -0.268211 0.474089
-0.393742 -0.241453 0.468708 -0.394973 -0.267738 0.473996
-0.393722 -0.240962 0.468611 -0.394954 -0.267265 0.473902
-0.393703 -0.240472 0.468514 -0.394936 -0.266793 0.473809
-0.393684 -0.239982 0.468418 -0.394917 -0.266321 0.473716
-0.393664 -0.239492 0.468321 -0.394899 -0.26585 0.473623
-0.393645 -0.239002 0.468224 -0.39488 -0.26538 0.47353
-0.393625 -0.238512 0.468127 -0.394862 -0.264911 0.473437
-0.393606 -0.238021 0.468031 -0.394843 -0.264443 0.473344
-0.393587 -0.237531 0.467934 -0.394825 -0.263975 0.473252
-0.393567 -0.237041 0.467837 -0.394806 -0.263507 0.473159
-0.393548 -0.236551 0.46774 -0.394788 -0.263039 0.473067
-0.393529 -0.236061 0.467644 -0.394769 -0.262572 0.472974
-0.393509 -0.235571 0.467547 -0.394751 -0.262104 0.472882
-0.39349 -0.23508 0.46745 -0.394732 -0.261637 0.472789
-0.393471 -0.23459 0.467353 -0.394714 -0.26117 0.472697
-0.393451 -0.2341 0.467257 -0.394696 -0.260703 0.472604
-0.393432 -0.23361 0.46716 -0.394677 -0.260236 0.472512
-0.393413 -0.23312 0.467063 -0.394659 -0.259769 0.472419
-0.393393 -0.23263 0.466966 -0.39464 -0.259301 0.472327
-0.393374 -0.232139 0.46687 -0.394622 -0.258833 0.472234
-0.393355 -0.231649 0.466773 -0.394603 -0.258365 0.472142
-0.393335 -0.231159 0.466676 -0.394585 -0.257896 0.472049
-0.393316 -0.230669 0.466579 -0.394567 -0.257427 0.471956
-0.393297 -0.230179 0.466483 -0.394548 -0.256958 0.471864
-0.393277 -0.229689 0.466386 -0.39453 -0.256488 0.471771
-0.393258 -0.229198 0.466289 -0.394512 -0.256019 0.471678
-0.393238 -0.228708 0.466192 -0.394493 -0.255549 0.471585
-0.393219 -0.228218 0.466096 -0.394475 -0.255079 0.471492
-0.3932 -0.227728 0.465999 -0.394456 -0.254608 0.471399
-0.39318 -0.227238 0.465902 -0.394438 -0.254138 0.471306
-0.393161 -0.226748 0.465805 -0.394401 -0.253197 0.47112
-0.393142 -0.226257 0.465709 -0.394383 -0.252727 0.471027
-0.393122 -0.225767 0.465612 -0.394364 -0.252257 0.470934
-0.393103 -0.225277 0.465515 -0.394346 -0.251786 0.470841
-0.393084 -0.224787 0.465418 -0.394328 -0.251315 0.470748
-0.393064 -0.224297 0.465322 -0.394309 -0.250844 0.470655
-0.393045 -0.223807 0.465225 -0.394291 -0.250373 0.470562
-0.393026 -0.223316 0.465128 -0.394272 -0.249902 0.470469
-0.393006 -0.222826 0.465031 -0.394254 -0.249431 0.470376
-0.392987 -0.222336 0.464935 -0.394236 -0.248959 0.470282
-0.392968 -0.221846 0.464838 -0.394217 -0.248487 0.470189
-0.392948 -0.221356 0.464741 -0.394199 -0.248015 0.470096
-0.392929 -0.220865 0.464645 -0.394181 -0.247543 0.470003
-0.39291 -0.220375 0.464548 -0.394162 -0.247071 0.469909
-0.39289 -0.219885 0.464451 -0.394144 -0.246598 0.469816
-0.392871 -0.219395 0.464354 -0.394125 -0.246126 0.469722
-0.392852 -0.218905 0.464258 -0.394107 -0.245653 0.469629
-0.392832 -0.218415 0.464161 -0.394088 -0.245181 0.469536
-0.392813 -0.217924 0.464064 -0.39407 -0.244708 0.469442
-0.392793 -0.217434 0.463967 -0.394052 -0.244236 0.469349
-0.392774 -0.216944 0.463871 -0.394033 -0.243763 0.469256
-0.392755 -0.216454 0.463774 -0.394015 -0.243291 0.469162
-0.392735 -0.215964 0.463677 -0.393996 -0.242818 0.469069
-0.392716 -0.215474 0.46358 -0.393978 -0.242345 0.468975
-0.392697 -0.214983 0.463484 -0.39396 -0.241873 0.468882
-0.392677 -0.214493 0.463387 -0.393941 -0.2414 0.468788
-0.392658 -0.214003 0.46329 -0.393923 -0.240927 0.468695
-0.392639 -0.213513 0.463193 -0.393904 -0.240455 0.468602
-0.392619 -0.213023 0.463097 -0.393867 -0.23951 0.468415
-0.3926 -0.212533 0.463 -0.393849 -0.239037 0.468321
-0.392581 -0.212042 0.462903 -0.39383 -0.238565 0.468228
-0.392561 -0.211552 0.462806 -0.393812 -0.238092 0.468135
-0.392542 -0.211062 0.46271 -0.393793 -0.23762 0.468041
-0.392523 -0.210572 0.462613 -0.393775 -0.237147 0.467948
-0.392503 -0.210082 0.462516 -0.393757 -0.236675 0.467854
-0.392484 -0.209592 0.462419 -0.393738 -0.236202 0.467761
-0.392465 -0.209101 0.462323 -0.39372 -0.235729 0.467667
-0.392445 -0.208611 0.462226 -0.393701 -0.235256 0.467574
-0.392426 -0.208121 0.462129 -0.393683 -0.234783 0.46748
-0.392406 -0.207631 0.462032 -0.393664 -0.23431 0.467387
-0.392387 -0.207141 0.461936 -0.393646 -0.233837 0.467293
-0.392368 -0.206651 0.461839 -0.393627 -0.233364 0.4672
-0.392348 -0.20616 0.461742 -0.393609 -0.23289 0.467106
-0.392329 -0.20567 0.461645 -0.39359 -0.232417 0.467013
-0.39231 -0.20518 0.461549 -0.393572 -0.231944 0.466919
-0.39229 -0.20469 0.461452 -0.393553 -0.231471 0.466826
-0.392271 -0.2042 0.461355 -0.393535 -0.230998 0.466732
-0.392252 -0.20371 0.461258 -0.393516 -0.230526 0.466639
-0.392232 -0.203219 0.461162 -0.393498 -0.230054 0.466545
-0.392213 -0.202729 0.461065 -0.393479 -0.229582 0.466452
-0.392194 -0.202239 0.460968 -0.393461 -0.22911 0.466359
-0.392174 -0.201749 0.460871 -0.393442 -0.228639 0.466266
-0.392155 -0.201259 0.460775 -0.393424 -0.228167 0.466172
-0.392136 -0.200769 0.460678 -0.393405 -0.227695 0.466079
-0.392116 -0.200278 0.460581 -0.393387 -0.227224 0.465986
-0.392097 -0.199788 0.460485 -0.393368 -0.226752 0.465892
-0.392078 -0.199298 0.460388 -0.39335 -0.22628 0.465799
-0.392058 -0.198808 0.460291 -0.393331 -0.225809 0.465706
-0.392039 -0.198318 0.460194 -0.393294 -0.224865 0.465519
-0.39202 -0.197828 0.460098 -0.393276 -0.224393 0.465426
-0.392 -0.197337 0.460001 -0.393258 -0.223921 0.465333
-0.391981 -0.196847 0.459904 -0.393239 -0.223449 0.465239
-0.391961 -0.196357 0.459807 -0.393221 -0.222977 0.465146
-0.391942 -0.195867 0.459711 -0.393202 -0.222504 0.465052
-0.391923 -0.195377 0.459614 -0.393184 -0.222031 0.464959
-0.391903 -0.194886 0.459517 -0.393165 -0.221559 0.464865
-0.391884 -0.194396 0.45942 -0.393147 -0.221086 0.464772
-0.391865 -0.193906 0.459324 -0.393128 -0.220613 0.464678
-0.391845 -0.193416 0.459227 -0.39311 -0.22014 0.464585
-0.391826 -0.192926 0.45913 -0.393091 -0.219666 0.464491
-0.391807 -0.192436 0.459033 -0.393073 -0.219193 0.464398
-0.391787 -0.191945 0.458937 -0.393054 -0.21872 0.464304
-0.391768 -0.191455 0.45884 -0.393036 -0.218246 0.464211
-0.391749 -0.190965 0.458743 -0.393017 -0.217772 0.464117
-0.391729 -0.190475 0.458646 -0.392999 -0.217299 0.464023
-0.39171 -0.189985 0.45855 -0.39298 -0.216825 0.46393
-0.391691 -0.189495 0.458453 -0.392962 -0.216352 0.463836
-0.391671 -0.189004 0.458356 -0.392943 -0.215879 0.463743
-0.391652 -0.188514 0.458259 -0.392925 -0.215405 0.463649
-0.391633 -0.188024 0.458163 -0.392906 -0.214932 0.463555
-0.391613 -0.187534 0.458066 -0.392888 -0.214458 0.463462
-0.391594 -0.187044 0.457969 -0.392869 -0.213985 0.463368
-0.391574 -0.186554 0.457872 -0.392851 -0.213511 0.463274
-0.391555 -0.186063 0.457776 -0.392832 -0.213037 0.463181
-0.391536 -0.185573 0.457679 -0.392814 -0.212564 0.463087
-0.391516 -0.185083 0.457582 -0.392795 -0.21209 0.462993
-0.391497 -0.184593 0.457485 -0.392777 -0.211616 0.4629
-0.391478 -0.184103 0.457389 -0.39274 -0.210669 0.462712
-0.391458 -0.183613 0.457292 -0.392721 -0.210196 0.462619
-0.391439 -0.183122 0.457195 -0.392703 -0.209722 0.462525
-0.39142 -0.182632 0.457098 -0.392684 -0.209249 0.462432
-0.3914 -0.182142 0.457002 -0.392666 -0.208776 0.462338
-0.391381 -0.181652 0.456905 -0.392647 -0.208304 0.462245
-0.391362 -0.181162 0.456808 -0.392629 -0.207831 0.462151
-0.391342 -0.180672 0.456711 -0.39261 -0.207359 0.462058
-0.391323 -0.180181 0.456615 -0.392591 -0.206886 0.461964
-0.391304 -0.179691 0.456518 -0.392573 -0.206413 0.461871
-0.391284 -0.179201 0.456421 -0.392554 -0.20594 0.461777
-0.391265 -0.178711 0.456325 -0.392536 -0.205467 0.461684
-0.391246 -0.178221 0.456228 -0.392517 -0.204993 0.46159
-0.391226 -0.177731 0.456131 -0.392499 -0.204519 0.461496
-0.391207 -0.17724 0.456034 -0.39248 -0.204046 0.461403
-0.391188 -0.17675 0.455938 -0.392462 -0.203572 0.461309
-0.391168 -0.17626 0.455841 -0.392443 -0.203097 0.461215
-0.391149 -0.17577 0.455744 -0.392425 -0.202623 0.461121
-0.391129 -0.17528 0.455647 -0.392406 -0.202149 0.461028
-0.39111 -0.17479 0.455551 -0.392388 -0.201675 0.460934
-0.391091 -0.174299 0.455454 -0.392369 -0.201201 0.46084
-0.391071 -0.173809 0.455357 -0.392351 -0.200727 0.460746
-0.391052 -0.173319 0.45526 -0.392332 -0.200253 0.460653
-0.391033 -0.172829 0.455164 -0.392314 -0.19978 0.460559
-0.391013 -0.172339 0.455067 -0.392295 -0.199306 0.460466
-0.390994 -0.171849 0.45497 -0.392277 -0.198833 0.460372
-0.390975 -0.171358 0.454873 -0.392258 -0.19836 0.460278
-0.390955 -0.170868 0.454777 -0.392239 -0.197886 0.460185
-0.390936 -0.170378 0.45468 -0.392221 -0.197413 0.460091
-0.390917 -0.169888 0.454583 -0.392202 -0.19694 0.459998
-0.390897 -0.169398 0.454486 -0.392165 -0.195993 0.45981
-0.390878 -0.168908 0.45439 -0.392147 -0.19552 0.459717
-0.390859 -0.168417 0.454293 -0.392128 -0.195046 0.459623
-0.390839 -0.167927 0.454196 -0.39211 -0.194573 0.459529
-0.39082 -0.167437 0.454099 -0.392091 -0.194099 0.459436
-0.390801 -0.166947 0.454003 -0.392073 -0.193625 0.459342
-0.390781 -0.166457 0.453906 -0.392054 -0.193151 0.459248
-0.390762 -0.165966 0.453809 -0.392036 -0.192677 0.459155
-0.390742 -0.165476 0.453712 -0.392017 -0.192203 0.459061
-0.390723 -0.164986 0.453616 -0.391999 -0.191729 0.458967
-0.390704 -0.164496 0.453519 -0.39198 -0.191254 0.458873
-0.390684 -0.164006 0.453422 -0.391962 -0.19078 0.458779
-0.390665 -0.163516 0.453325 -0.391924 -0.18983 0.458592
-0.390646 -0.163025 0.453229 -0.391906 -0.189356 0.458498
-0.390626 -0.162535 0.453132 -0.391887 -0.188881 0.458404
-0.390607 -0.162045 0.453035 -0.391869 -0.188407 0.45831
-0.390588 -0.161555 0.452938 -0.39185 -0.187933 0.458216
-0.390568 -0.161065 0.452842 -0.391832 -0.187459 0.458123
-0.390549 -0.160575 0.452745 -0.391813 -0.186985 0.458029
-0.39053 -0.160084 0.452648 -0.391795 -0.186512 0.457935
-0.39051 -0.159594 0.452552 -0.391776 -0.186039 0.457842
-0.390491 -0.159104 0.452455 -0.391758 -0.185567 0.457748
-0.390472 -0.158614 0.452358 -0.391739 -0.185094 0.457655
-0.390452 -0.158124 0.452261 -0.39172 -0.184622 0.457561
-0.390433 -0.157634 0.452165 -0.391702 -0.18415 0.457468
-0.390414 -0.157143 0.452068 -0.391683 -0.183678 0.457375
-0.390394 -0.156653 0.451971 -0.391665 -0.183206 0.457281
-0.390375 -0.156163 0.451874 -0.391646 -0.182734 0.457188
-0.390356 -0.155673 0.451778 -0.391628 -0.182262 0.457094
-0.390336 -0.155183 0.451681 -0.391609 -0.18179 0.457001
-0.390317 -0.154693 0.451584 -0.391591 -0.181318 0.456908
-0.390297 -0.154202 0.451487 -0.391572 -0.180846 0.456814
-0.390278 -0.153712 0.451391 -0.391554 -0.180374 0.456721
-0.390259 -0.153222 0.451294 -0.391535 -0.179903 0.456628
-0.390239 -0.152732 0.451197 -0.391517 -0.179431 0.456535
-0.39022 -0.152242 0.4511 -0.391498 -0.178959 0.456441
-0.390201 -0.151752 0.451004 -0.391479 -0.178488 0.456348
-0.390181 -0.151261 0.450907 -0.391461 -0.178016 0.456255
-0.390162 -0.150771 0.45081 -0.391442 -0.177544 0.456161
-0.390143 -0.150281 0.450713 -0.391424 -0.177071 0.456068
-0.390123 -0.149791 0.450617 -0.391405 -0.176599 0.455974
-0.390104 -0.149301 0.45052 -0.391387 -0.176127 0.455881
-0.390085 -0.148811 0.450423 -0.391368 -0.175654 0.455787
-0.390065 -0.14832 0.450326 -0.391331 -0.17471 0.455601
-0.390046 -0.14783 0.45023 -0.391313 -0.174238 0.455507
-0.390027 -0.14734 0.450133 -0.391294 -0.173766 0.455414
-0.390007 -0.14685 0.450036 -0.391276 -0.173294 0.455321
-0.389988 -0.14636 0.449939 -0.391257 -0.172822 0.455227
-0.389969 -0.14587 0.449843 -0.391239 -0.17235 0.455134
-0.389949 -0.145379 0.449746 -0.39122 -0.171879 0.455041
-0.38993 -0.144889 0.449649 -0.391202 -0.171407 0.454947
-0.38991 -0.144399 0.449552 -0.391183 -0.170936 0.454854
-0.389891 -0.143909 0.449456 -0.391165 -0.170465 0.454761
-0.389872 -0.143419 0.449359 -0.391146 -0.169994 0.454668
-0.389852 -0.142929 0.449262 -0.391128 -0.169523 0.454575
-0.389833 -0.142438 0.449165 -0.391109 -0.169052 0.454481
-0.389814 -0.141948 0.449069 -0.391072 -0.16811 0.454295
-0.389794 -0.141458 0.448972 -0.391054 -0.167639 0.454202
-0.389775 -0.140968 0.448875 -0.391035 -0.167167 0.454109
-0.389756 -0.140478 0.448778 -0.391017 -0.166696 0.454015
-0.389736 -0.139988 0.448682 -0.390998 -0.166225 0.453922
-0.389717 -0.139497 0.448585 -0.39098 -0.165755 0.453829
-0.389698 -0.139007 0.448488 -0.390961 -0.165285 0.453736
-0.389678 -0.138517 0.448392 -0.390943 -0.164816 0.453643
-0.389659 -0.138027 0.448295 -0.390924 -0.164347 0.453551
-0.38964 -0.137537 0.448198 -0.390906 -0.163879 0.453458
-0.38962 -0.137046 0.448101 -0.390887 -0.16341 0.453365
-0.389601 -0.136556 0.448005 -0.390869 -0.162942 0.453273
-0.389582 -0.136066 0.447908 -0.390851 -0.162473 0.45318
-0.389562 -0.135576 0.447811 -0.390832 -0.162005 0.453087
-0.389543 -0.135086 0.447714 -0.390814 -0.161536 0.452994
-0.389524 -0.134596 0.447618 -0.390795 -0.161068 0.452902
-0.389504 -0.134105 0.447521 -0.390777 -0.160599 0.452809
-0.389485 -0.133615 0.447424 -0.390758 -0.160131 0.452716
-0.389465 -0.133125 0.447327 -0.39074 -0.159662 0.452624
-0.389446 -0.132635 0.447231 -0.390721 -0.159194 0.452531
-0.389427 -0.132145 0.447134 -0.390703 -0.158725 0.452438
-0.389407 -0.131655 0.447037 -0.390684 -0.158257 0.452346
-0.389388 -0.131164 0.44694 -0.390666 -0.157788 0.452253
-0.389369 -0.130674 0.446844 -0.390648 -0.15732 0.45216
-0.389349 -0.130184 0.446747 -0.390629 -0.156853 0.452068
-0.38933 -0.129694 0.44665 -0.390611 -0.156385 0.451975
-0.389311 -0.129204 0.446553 -0.390592 -0.155917 0.451883
-0.389291 -0.128714 0.446457 -0.390574 -0.155449 0.45179
-0.389272 -0.128223 0.44636 -0.390556 -0.154982 0.451698
-0.389253 -0.127733 0.446263 -0.390519 -0.154046 0.451513
-0.389233 -0.127243 0.446166 -0.3905 -0.153578 0.45142
-0.389214 -0.126753 0.44607 -0.390482 -0.15311 0.451327
-0.389195 -0.126263 0.445973 -0.390464 -0.152642 0.451235
-0.389175 -0.125773 0.445876 -0.390445 -0.152172 0.451142
-0.389156 -0.125282 0.445779 -0.390427 -0.151703 0.451049
-0.389137 -0.124792 0.445683 -0.390408 -0.151233 0.450956
-0.389117 -0.124302 0.445586 -0.39039 -0.150763 0.450863
-0.389098 -0.123812 0.445489 -0.390372 -0.150293 0.45077
-0.389078 -0.123322 0.445392 -0.390353 -0.149823 0.450677
-0.389059 -0.122832 0.445296 -0.390335 -0.149353 0.450584
-0.38904 -0.122341 0.445199 -0.390317 -0.148883 0.450491
-0.38902 -0.121851 0.445102 -0.390298 -0.148413 0.450398
-0.389001 -0.121361 0.445005 -0.39028 -0.147942 0.450305
-0.388982 -0.120871 0.444909 -0.390262 -0.147472 0.450212
-0.388962 -0.120381 0.444812 -0.390243 -0.147002 0.450119
-0.388943 -0.119891 0.444715 -0.390225 -0.146531 0.450026
-0.388924 -0.1194 0.444618 -0.390207 -0.14606 0.449933
-0.388904 -0.11891 0.444522 -0.390188 -0.14559 0.44984
-0.388885 -0.11842 0.444425 -0.39017 -0.145119 0.449747
-0.388866 -0.11793 0.444328 -0.390151 -0.144649 0.449654
-0.388846 -0.11744 0.444232 -0.390133 -0.144178 0.449561
-0.388827 -0.11695 0.444135 -0.390115 -0.143708 0.449468
-0.388808 -0.116459 0.444038 -0.390096 -0.143238 0.449375
-0.388788 -0.115969 0.443941 -0.390078 -0.142768 0.449282
-0.388769 -0.115479 0.443845 -0.39006 -0.142298 0.449189
-0.38875 -0.114989 0.443748 -0.390041 -0.141828 0.449096
-0.38873 -0.114499 0.443651 -0.390023 -0.141358 0.449003
-0.388711 -0.114009 0.443554 -0.390004 -0.140888 0.44891
-0.388692 -0.113518 0.443458 -0.389986 -0.140418 0.448817
-0.388672 -0.113028 0.443361 -0.389968 -0.139948 0.448724
-0.388653 -0.112538 0.443264 -0.389949 -0.139478 0.448631
-0.388633 -0.112048 0.443167 -0.389931 -0.139008 0.448538
-0.388614 -0.111558 0.443071 -0.389894 -0.138067 0.448352
-0.388595 -0.111067 0.442974 -0.389876 -0.137597 0.448259
-0.388575 -0.110577 0.442877 -0.389857 -0.137126 0.448166
-0.388556 -0.110087 0.44278 -0.389839 -0.136656 0.448073
-0.388537 -0.109597 0.442684 -0.389821 -0.136186 0.44798
-0.388517 -0.109107 0.442587 -0.389802 -0.135715 0.447887
-0.388498 -0.108617 0.44249 -0.389784 -0.135245 0.447794
-0.388479 -0.108126 0.442393 -0.389765 -0.134774 0.447701
-0.388459 -0.107636 0.442297 -0.389747 -0.134303 0.447608
-0.38844 -0.107146 0.4422 -0.389729 -0.133831 0.447515
-0.388421 -0.106656 0.442103 -0.38971 -0.13336 0.447421
-0.388401 -0.106166 0.442006 -0.389692 -0.132888 0.447328
-0.388382 -0.105676 0.44191 -0.389674 -0.132417 0.447235
-0.388363 -0.105185 0.441813 -0.389655 -0.131945 0.447142
-0.388343 -0.104695 0.441716 -0.389637 -0.131474 0.447048
-0.388324 -0.104205 0.441619 -0.3896 -0.130532 0.446862
-0.388305 -0.103715 0.441523 -0.389582 -0.130061 0.446769
-0.388285 -0.103225 0.441426 -0.389563 -0.129591 0.446676
-0.388266 -0.102735 0.441329 -0.389545 -0.12912 0.446583
-0.388246 -0.102244 0.441232 -0.389526 -0.128649 0.44649
-0.388227 -0.101754 0.441136 -0.389508 -0.128179 0.446397
-0.388208 -0.101264 0.441039 -0.389489 -0.127708 0.446304
-0.388188 -0.100774 0.440942 -0.389471 -0.127237 0.446211
-0.388169 -0.100284 0.440845 -0.389453 -0.126766 0.446117
-0.38815 -0.0997936 0.440749 -0.389434 -0.126295 0.446024
-0.38813 -0.0993034 0.440652 -0.389416 -0.125824 0.445931
-0.388111 -0.0988133 0.440555 -0.389397 -0.125353 0.445838
-0.388092 -0.0983231 0.440459 -0.389379 -0.124882 0.445745
-0.388072 -0.0978329 0.440362 -0.38936 -0.124411 0.445652
-0.388053 -0.0973427 0.440265 -0.389342 -0.123939 0.445558
-0.388034 -0.0968526 0.440168 -0.389324 -0.123467 0.445465
-0.388014 -0.0963624 0.440072 -0.389305 -0.122996 0.445372
-0.387995 -0.0958722 0.439975 -0.389287 -0.122524 0.445278
-0.387976 -0.0953821 0.439878 -0.389268 -0.122052 0.445185
-0.387956 -0.0948919 0.439781 -0.38925 -0.12158 0.445092
-0.387937 -0.0944017 0.439685 -0.389231 -0.121108 0.444998
-0.387918 -0.0939116 0.439588 -0.389213 -0.120635 0.444905
-0.387898 -0.0934214 0.439491 -0.389195 -0.120163 0.444811
-0.387879 -0.0929312 0.439394 -0.389176 -0.11969 0.444718
-0.38786 -0.0924411 0.439298 -0.389158 -0.119218 0.444625
-0.38784 -0.0919509 0.439201 -0.389139 -0.118745 0.444531
-0.387821 -0.0914607 0.439104 -0.389121 -0.118272 0.444437
-0.387801 -0.0909705 0.439007 -0.389102 -0.117799 0.444344
-0.387782 -0.0904804 0.438911 -0.389084 -0.117325 0.44425
-0.387763 -0.0899902 0.438814 -0.389066 -0.116852 0.444157
-0.387743 -0.0895 0.438717 -0.389047 -0.116378 0.444063
-0.387724 -0.0890099 0.43862 -0.389029 -0.115904 0.443969
-0.387705 -0.0885197 0.438524 -0.38901 -0.115431 0.443876
-0.387685 -0.0880295 0.438427 -0.388992 -0.114957 0.443782
-0.387666 -0.0875394 0.43833 -0.388973 -0.114483 0.443688
-0.387647 -0.0870492 0.438233 -0.388955 -0.11401 0.443595
-0.387627 -0.086559 0.438137 -0.388936 -0.113537 0.443501
-0.387608 -0.0860688 0.43804 -0.388918 -0.113063 0.443408
-0.387589 -0.0855787 0.437943 -0.388899 -0.11259 0.443314
-0.387569 -0.0850885 0.437846 -0.388862 -0.111644 0.443127
-0.38755 -0.0845983 0.43775 -0.388844 -0.11117 0.443033
-0.387531 -0.0841082 0.437653 -0.388751 -0.108806 0.442565
-0.387511 -0.083618 0.437556 -0.388733 -0.108334 0.442472
-0.387492 -0.0831278 0.437459 -0.388714 -0.107863 0.442379
-0.387473 -0.0826377 0.437363 -0.388696 -0.107394 0.442286
-0.387453 -0.0821475 0.437266 -0.388677 -0.106926 0.442194
-0.387434 -0.0816573 0.437169 -0.388659 -0.106459 0.442101
-0.387414 -0.0811672 0.437072 -0.38864 -0.105994 0.442009
-0.387395 -0.080677 0.436976 -0.388621 -0.10553 0.441917
-0.387376 -0.0801868 0.436879 -0.388603 -0.105068 0.441826
-0.387356 -0.0796966 0.436782 -0.388584 -0.104607 0.441735
-0.387337 -0.0792065 0.436685 -0.388565 -0.104147 0.441644
-0.387318 -0.0787163 0.436589 -0.388547 -0.103689 0.441553
-0.387298 -0.0782261 0.436492 -0.388528 -0.103231 0.441462
-0.387279 -0.077736 0.436395 -0.38851 -0.102775 0.441372
-0.38726 -0.0772458 0.436299 -0.388491 -0.102319 0.441282
-0.38724 -0.0767556 0.436202 -0.388472 -0.101864 0.441192
-0.387221 -0.0762655 0.436105 -0.388454 -0.10141 0.441102
-0.387202 -0.0757753 0.436008 -0.388435 -0.100957 0.441012
-0.387182 -0.0752851 0.435912 -0.388417 -0.100504 0.440922
-0.387163 -0.0747949 0.435815 -0.388398 -0.100052 0.440833
-0.387144 -0.0743048 0.435718 -0.38838 -0.099601 0.440744
-0.387124 -0.0738146 0.435621 -0.388361 -0.0991508 0.440654
-0.387105 -0.0733244 0.435525 -0.388343 -0.0987012 0.440565
-0.387086 -0.0728343 0.435428 -0.388324 -0.0982522 0.440477
-0.387066 -0.0723441 0.435331 -0.388306 -0.0978037 0.440388
-0.387047 -0.0718539 0.435234 -0.388288 -0.0973556 0.440299
-0.387028 -0.0713638 0.435138 -0.388269 -0.0969079 0.44021
-0.387008 -0.0708736 0.435041 -0.388251 -0.0964604 0.440122
-0.386989 -0.0703834 0.434944 -0.388233 -0.0960132 0.440033
-0.386969 -0.0698933 0.434847 -0.388215 -0.095566 0.439945
-0.38695 -0.0694031 0.434751 -0.388178 -0.0946719 0.439768
-0.386931 -0.0689129 0.434654 -0.38816 -0.0942249 0.439679
-0.386911 -0.0684227 0.434557 -0.388142 -0.0937777 0.439591
-0.386892 -0.0679326 0.43446 -0.388124 -0.0933304 0.439502
-0.386873 -0.0674424 0.434364 -0.388106 -0.092883 0.439414
-0.386853 -0.0669522 0.434267 -0.388088 -0.0924353 0.439325
-0.386834 -0.0664621 0.43417 -0.38807 -0.0919874 0.439236
-0.386815 -0.0659719 0.434073 -0.388052 -0.0915392 0.439148
-0.386795 -0.0654817 0.433977 -0.388034 -0.0910907 0.439059
-0.386776 -0.0649916 0.43388 -0.388016 -0.0906419 0.43897
-0.386757 -0.0645014 0.433783 -0.387998 -0.0901927 0.438881
-0.386737 -0.0640112 0.433686 -0.38798 -0.0897432 0.438792
-0.386718 -0.063521 0.43359 -0.387962 -0.0892934 0.438703
-0.386699 -0.0630309 0.433493 -0.387944 -0.0888431 0.438614
-0.386679 -0.0625407 0.433396 -0.387926 -0.0883925 0.438525
-0.38666 -0.0620505 0.433299 -0.387909 -0.0879415 0.438436
-0.386641 -0.0615604 0.433203 -0.387891 -0.0874903 0.438347
-0.386621 -0.0610702 0.433106 -0.387873 -0.0870389 0.438258
-0.386602 -0.06058 0.433009 -0.387855 -0.0865872 0.438168
-0.386582 -0.0600899 0.432912 -0.387838 -0.0861351 0.438079
-0.386563 -0.0595997 0.432816 -0.38782 -0.0856826 0.437989
-0.386544 -0.0591095 0.432719 -0.387802 -0.0852296 0.4379
-0.386524 -0.0586194 0.432622 -0.387784 -0.084776 0.43781
-0.386505 -0.0581292 0.432525 -0.387767 -0.084322 0.43772
-0.386486 -0.057639 0.432429 -0.387749 -0.0838674 0.43763
-0.386466 -0.0571488 0.432332 -0.387731 -0.0834122 0.43754
-0.386447 -0.0566587 0.432235 -0.387714 -0.0829565 0.43745
-0.386428 -0.0561685 0.432139 -0.387696 -0.0825002 0.43736
-0.386408 -0.0556783 0.432042 -0.387678 -0.0820434 0.43727
-0.386389 -0.0551882 0.431945 -0.38766 -0.081586 0.437179
-0.38637 -0.054698 0.431848 -0.387643 -0.0811282 0.437089
-0.38635 -0.0542078 0.431752 -0.387625 -0.08067 0.436998
-0.386331 -0.0537177 0.431655 -0.387607 -0.0802115 0.436908
-0.386312 -0.0532275 0.431558 -0.38759 -0.0797528 0.436817
-0.386292 -0.0527373 0.431461 -0.387572 -0.0792939 0.436726
-0.386273 -0.0522471 0.431365 -0.387554 -0.0788346 0.436635
-0.386254 -0.051757 0.431268 -0.387537 -0.0783751 0.436545
-0.386234 -0.0512668 0.431171 -0.387519 -0.0779153 0.436454
-0.386215 -0.0507766 0.431074 -0.387501 -0.0774551 0.436363
-0.386196 -0.0502865 0.430978 -0.387483 -0.0769946 0.436272
-0.386176 -0.0497963 0.430881 -0.387466 -0.0765337 0.436181
-0.386157 -0.0493061 0.430784 -0.387448 -0.0760724 0.436089
-0.386137 -0.048816 0.430687 -0.38743 -0.0756108 0.435998
-0.386118 -0.0483258 0.430591 -0.387413 -0.0751487 0.435907
-0.386099 -0.0478356 0.430494 -0.387377 -0.0742234 0.435724
-0.386079 -0.0473455 0.430397 -0.387359 -0.0737601 0.435632
-0.38606 -0.0468553 0.4303 -0.387341 -0.0732964 0.435541
-0.386041 -0.0463651 0.430204 -0.387324 -0.0728322 0.435449
-0.386021 -0.0458749 0.430107 -0.387306 -0.0723676 0.435357
-0.386002 -0.0453848 0.43001 -0.387288 -0.0719026 0.435265
-0.385983 -0.0448946 0.429913 -0.38727 -0.0714373 0.435173
-0.385963 -0.0444044 0.429817 -0.387252 -0.0709717 0.435081
-0.385944 -0.0439143 0.42972 -0.387235 -0.0705059 0.434989
-0.385925 -0.0434241 0.429623 -0.387217 -0.0700398 0.434897
-0.385905 -0.0429339 0.429526 -0.387199 -0.0695734 0.434805
-0.385886 -0.0424438 0.42943 -0.387181 -0.0691067 0.434713
-0.385867 -0.0419536 0.429333 -0.387163 -0.0686396 0.43462
-0.385847 -0.0414634 0.429236 -0.387145 -0.0681721 0.434528
-0.385828 -0.0409732 0.429139 -0.387127 -0.0677043 0.434436
-0.385809 -0.0404831 0.429043 -0.387109 -0.067236 0.434343
-0.385789 -0.0399929 0.428946 -0.387091 -0.0667674 0.43425
-0.38577 -0.0395027 0.428849 -0.387073 -0.0662985 0.434158
-0.38575 -0.0390126 0.428752 -0.387056 -0.0658295 0.434065
-0.385731 -0.0385224 0.428656 -0.387038 -0.0653603 0.433972
-0.385712 -0.0380322 0.428559 -0.38702 -0.0648912 0.43388
-0.385692 -0.0375421 0.428462 -0.387001 -0.064422 0.433787
-0.385673 -0.0370519 0.428366 -0.386983 -0.0639528 0.433694
-0.385654 -0.0365617 0.428269 -0.386947 -0.0630142 0.433509
-0.385634 -0.0360715 0.428172 -0.386929 -0.0625448 0.433416
-0.385615 -0.0355814 0.428075 -0.386911 -0.0620752 0.433323
-0.385596 -0.0350912 0.427979 -0.386893 -0.0616055 0.43323
-0.385576 -0.034601 0.427882 -0.386875 -0.0611356 0.433137
-0.385557 -0.0341109 0.427785 -0.386857 -0.0606656 0.433044
-0.385538 -0.0336207 0.427688 -0.386839 -0.0601954 0.432951
-0.385518 -0.0331305 0.427592 -0.38682 -0.0597249 0.432859
-0.385499 -0.0326404 0.427495 -0.386802 -0.0592543 0.432765
-0.38548 -0.0321502 0.427398 -0.386784 -0.0587836 0.432672
-0.38546 -0.03166 0.427301 -0.386766 -0.0583127 0.432579
-0.385441 -0.0311699 0.427205 -0.386748 -0.0578418 0.432486
-0.385422 -0.0306797 0.427108 -0.386729 -0.0573709 0.432393
-0.385402 -0.0301895 0.427011 -0.386711 -0.0568999 0.4323
-0.385383 -0.0296993 0.426914 -0.386693 -0.0564288 0.432207
-0.385364 -0.0292092 0.426818 -0.386675 -0.0559576 0.432114
-0.385344 -0.028719 0.426721 -0.386656 -0.0554862 0.432021
-0.385325 -0.0282288 0.426624 -0.386638 -0.0550146 0.431927
-0.385305 -0.0277387 0.426527 -0.38662 -0.0545427 0.431834
-0.385286 -0.0272485 0.426431 -0.386602 -0.0540706 0.431741
-0.385267 -0.0267583 0.426334 -0.386583 -0.0535982 0.431647
-0.385247 -0.0262682 0.426237 -0.386565 -0.0531256 0.431554
-0.385228 -0.025778 0.42614 -0.386547 -0.0526531 0.431461
-0.385209 -0.0252878 0.426044 -0.386528 -0.0521805 0.431367
-0.385189 -0.0247976 0.425947 -0.38651 -0.0517082 0.431274
-0.38517 -0.0243075 0.42585 -0.386492 -0.0512359 0.431181
-0.385151 -0.0238173 0.425753 -0.386473 -0.0507638 0.431087
-0.385131 -0.0233271 0.425657 -0.386455 -0.0502917 0.430994
-0.385112 -0.022837 0.42556 -0.386436 -0.0498197 0.430901
-0.385093 -0.0223468 0.425463 -0.386418 -0.0493476 0.430807
-0.385073 -0.0218566 0.425366 -0.3864 -0.0488756 0.430714
-0.385054 -0.0213665 0.42527 -0.386381 -0.0484036 0.430621
-0.385035 -0.0208763 0.425173 -0.386363 -0.0479314 0.430527
-0.385015 -0.0203861 0.425076 -0.386344 -0.0474593 0.430434
-0.384996 -0.019896 0.424979 -0.386307 -0.0465147 0.430247
-0.384977 -0.0194058 0.424883 -0.386289 -0.0460422 0.430154
-0.384957 -0.0189156 0.424786 -0.38627 -0.0455697 0.430061
-0.384938 -0.0184254 0.424689 -0.386252 -0.0450972 0.429967
-0.384918 -0.0179353 0.424592 -0.386233 -0.0446248 0.429874
-0.384899 -0.0174451 0.424496 -0.386215 -0.0441525 0.42978
-0.38488 -0.0169549 0.424399 -0.386196 -0.0436805 0.429687
-0.38486 -0.0164648 0.424302 -0.386178 -0.0432086 0.429594
-0.384841 -0.0159746 0.424206 -0.386159 -0.042737 0.429501
-0.384822 -0.0154844 0.424109 -0.386141 -0.0422656 0.429407
-0.384802 -0.0149943 0.424012 -0.386122 -0.0417943 0.429314
-0.384783 -0.0145041 0.423915 -0.386104 -0.0413229 0.429221
-0.384764 -0.0140139 0.423819 -0.386085 -0.0408513 0.429128
-0.384744 -0.0135237 0.423722 -0.386067 -0.0403792 0.429035
-0.384725 -0.0130336 0.423625 -0.386048 -0.0399067 0.428941
-0.384706 -0.0125434 0.423528 -0.38603 -0.0394339 0.428848
-0.384686 -0.0120532 0.423432 -0.386011 -0.0389608 0.428754
-0.384667 -0.0115631 0.423335 -0.385993 -0.0384875 0.428661
-0.384648 -0.0110729 0.423238 -0.385974 -0.038014 0.428567
-0.384628 -0.0105827 0.423141 -0.385956 -0.0375405 0.428473
-0.384609 -0.0100926 0.423045 -0.385937 -0.037067 0.42838
-0.38459 -0.00960239 0.422948 -0.385919 -0.0365937 0.428286
-0.38457 -0.00911222 0.422851 -0.3859 -0.0361204 0.428193
-0.384551 -0.00862205 0.422754 -0.385882 -0.0356471 0.428099
-0.384532 -0.00813188 0.422658 -0.385863 -0.0351738 0.428006
-0.384512 -0.00764171 0.422561 -0.385844 -0.0347004 0.427912
-0.384493 -0.00715154 0.422464 -0.385826 -0.0342269 0.427818
-0.384473 -0.00666137 0.422367 -0.385807 -0.0337531 0.427725
-0.384454 -0.00617121 0.422271 -0.385789 -0.033279 0.427631
-0.384435 -0.00568104 0.422174 -0.38577 -0.0328045 0.427537
-0.384415 -0.00519087 0.422077 -0.385752 -0.0323298 0.427443
-0.384396 -0.0047007 0.42198 -0.385733 -0.0318548 0.42735
-0.384377 -0.00421053 0.421884 -0.385715 -0.0313797 0.427256
-0.384357 -0.00372036 0.421787 -0.385696 -0.0309045 0.427162
-0.384338 -0.00323019 0.42169 -0.385677 -0.0304294 0.427068
-0.384319 -0.00274002 0.421593 -0.385659 -0.0299545 0.426974
-0.384299 -0.00224985 0.421497 -0.38564 -0.02948 0.42688
-0.38428 -0.00175968 0.4214 -0.385622 -0.0290059 0.426786
-0.384261 -0.00126951 0.421303 -0.385603 -0.0285321 0.426693
-0.384241 -0.00077934 0.421206 -0.385584 -0.0280584 0.426599
-0.384222 -0.00028917 0.42111 -0.385566 -0.0275846 0.426506
-0.384203 0.000200999 0.421013 -0.385547 -0.0271106 0.426412
-0.384183 0.000691169 0.420916 -0.385529 -0.0266363 0.426318
-0.384164 0.00118134 0.420819 -0.38551 -0.0261618 0.426224
-0.384145 0.00167151 0.420723 -0.385491 -0.0256871 0.426131
-0.384125 0.00216168 0.420626 -0.385454 -0.0247369 0.425943
-0.384106 0.00265185 0.420529 -0.385436 -0.0242614 0.425849
-0.384086 0.00314202 0.420432 -0.385417 -0.0237856 0.425755
-0.384067 0.00363219 0.420336 -0.385398 -0.0233096 0.425661
-0.384048 0.00412236 0.420239 -0.38538 -0.0228335 0.425567
-0.384028 0.00461253 0.420142 -0.385361 -0.0223575 0.425472
-0.384009 0.0051027 0.420046 -0.385342 -0.0218815 0.425378
-0.38399 0.00559286 0.419949 -0.385324 -0.0214059 0.425284
-0.38397 0.00608303 0.419852 -0.385305 -0.0209303 0.42519
-0.383951 0.0065732 0.419755 -0.385287 -0.0204547 0.425096
-0.383932 0.00706337 0.419659 -0.385268 -0.0199788 0.425002
-0.383912 0.00755354 0.419562 -0.385249 -0.0195026 0.424908
-0.383893 0.00804371 0.419465 -0.385231 -0.0190261 0.424814
-0.383874 0.00853388 0.419368 -0.385212 -0.0185495 0.42472
-0.383854 0.00902405 0.419272 -0.385193 -0.018073 0.424626
-0.383835 0.00951422 0.419175 -0.385175 -0.0175966 0.424532
-0.383816 0.0100044 0.419078 -0.385156 -0.0171202 0.424437
-0.383796 0.0104946 0.418981 -0.385137 -0.0166437 0.424343
-0.383777 0.0109847 0.418885 -0.385119 -0.0161669 0.424249
-0.383758 0.0114749 0.418788 -0.3851 -0.0156898 0.424155
-0.383738 0.0119651 0.418691 -0.385081 -0.0152125 0.424061
-0.383719 0.0124552 0.418594 -0.385063 -0.014735 0.423966
-0.3837 0.0129454 0.418498 -0.385044 -0.0142575 0.423872
-0.38368 0.0134356 0.418401 -0.385025 -0.0137802 0.423777
-0.383661 0.0139257 0.418304 -0.385007 -0.0133028 0.423683
-0.383641 0.0144159 0.418207 -0.384988 -0.0128253 0.423589
-0.383622 0.0149061 0.418111 -0.384969 -0.0123477 0.423494
-0.383603 0.0153963 0.418014 -0.384951 -0.0118697 0.4234
-0.383583 0.0158864 0.417917 -0.384932 -0.0113916 0.423306
-0.383564 0.0163766 0.41782 -0.384913 -0.0109134 0.423211
-0.383545 0.0168668 0.417724 -0.384894 -0.0104353 0.423117
-0.383525 0.0173569 0.417627 -0.384876 -0.00995721 0.423022
-0.383506 0.0178471 0.41753 -0.384838 -0.00900125 0.422833
-0.383487 0.0183373 0.417433 -0.38482 -0.00852324 0.422739
-0.383467 0.0188274 0.417337 -0.384801 -0.00804516 0.422644
-0.383448 0.0193176 0.41724 -0.384782 -0.00756714 0.42255
-0.383429 0.0198078 0.417143 -0.384763 -0.00708933 0.422455
-0.383409 0.020298 0.417046 -0.384745 -0.00661183 0.422361
-0.38339 0.0207881 0.41695 -0.384726 -0.00613478 0.422267
-0.383371 0.0212783 0.416853 -0.384707 -0.005658 0.422173
-0.383351 0.0217685 0.416756 -0.384688 -0.00518136 0.422078
-0.383332 0.0222586 0.416659 -0.384669 -0.00470471 0.421984
-0.383313 0.0227488 0.416563 -0.384651 -0.00422793 0.42189
-0.383293 0.023239 0.416466 -0.384632 -0.00375103 0.421796
-0.383274 0.0237291 0.416369 -0.384613 -0.00327405 0.421702
-0.383255 0.0242193 0.416273 -0.384594 -0.00279701 0.421607
-0.383235 0.0247095 0.416176 -0.384576 -0.00231992 0.421513
-0.383216 0.0251996 0.416079 -0.384557 -0.00184276 0.421419
-0.383196 0.0256898 0.415982 -0.384538 -0.00136548 0.421325
-0.383177 0.02618 0.415886 -0.384519 -0.000888054 0.42123
-0.383158 0.0266702 0.415789 -0.3845 -0.000410442 0.421136
-0.383138 0.0271603 0.415692 -0.384482 6.73194e-05 0.421041
-0.383119 0.0276505 0.415595 -0.384463 0.000545196 0.420947
-0.3831 0.0281407 0.415499 -0.384444 0.00102316 0.420853
-0.38308 0.0286308 0.415402 -0.384425 0.00150117 0.420758
-0.383061 0.029121 0.415305 -0.384407 0.00197929 0.420664
-0.383042 0.0296112 0.415208 -0.384388 0.00245755 0.420569
-0.383022 0.0301013 0.415112 -0.384369 0.002936 0.420475
-0.383003 0.0305915 0.415015 -0.38435 0.00341467 0.42038
-0.382984 0.0310817 0.414918 -0.384332 0.00389356 0.420286
-0.382964 0.0315719 0.414821 -0.384313 0.00437268 0.420191
-0.382945 0.032062 0.414725 -0.384294 0.00485203 0.420096
-0.382926 0.0325522 0.414628 -0.384275 0.0053316 0.420002
-0.382906 0.0330424 0.414531 -0.384256 0.00581128 0.419907
-0.382887 0.0335325 0.414434 -0.384238 0.00629097 0.419812
-0.382868 0.0340227 0.414338 -0.384219 0.00677057 0.419717
-0.382848 0.0345129 0.414241 -0.3842 0.00724997 0.419623
-0.382829 0.035003 0.414144 -0.384181 0.00772921 0.419528
-0.382809 0.0354932 0.414047 -0.384162 0.00820833 0.419433
-0.38279 0.0359834 0.413951 -0.384125 0.00916628 0.419244
-0.382771 0.0364735 0.413854 -0.384106 0.00964516 0.419149
-0.382751 0.0369637 0.413757 -0.384087 0.010124 0.419055
-0.382732 0.0374539 0.41366 -0.384068 0.0106027 0.41896
-0.382713 0.0379441 0.413564 -0.38405 0.0110815 0.418866
-0.382693 0.0384342 0.413467 -0.384031 0.0115602 0.418771
-0.382674 0.0389244 0.41337 -0.384012 0.0120388 0.418677
-0.382655 0.0394146 0.413273 -0.383974 0.0129962 0.418488
-0.382635 0.0399047 0.413177 -0.383955 0.0134747 0.418393
-0.382616 0.0403949 0.41308 -0.383936 0.0139531 0.418299
-0.382597 0.0408851 0.412983 -0.383918 0.014431 0.418204
-0.382577 0.0413752 0.412886 -0.383899 0.0149085 0.41811
-0.382558 0.0418654 0.41279 -0.38388 0.0153855 0.418016
-0.382539 0.0423556 0.412693 -0.383861 0.0158622 0.417922
-0.382519 0.0428458 0.412596 -0.383842 0.0163385 0.417827
-0.3825 0.0433359 0.412499 -0.383823 0.0168144 0.417733
-0.382481 0.0438261 0.412403 -0.383804 0.0172901 0.41764
-0.382461 0.0443163 0.412306 -0.383785 0.0177655 0.417546
-0.382442 0.0448064 0.412209 -0.383766 0.0182406 0.417452
-0.382423 0.0452966 0.412113 -0.383748 0.0187155 0.417358
-0.382403 0.0457868 0.412016 -0.383729 0.0191901 0.417264
-0.382384 0.0462769 0.411919 -0.38371 0.0196645 0.417171
-0.382364 0.0467671 0.411822 -0.383691 0.0201386 0.417077
-0.382345 0.0472573 0.411726 -0.383672 0.0206125 0.416983
-0.382326 0.0477474 0.411629 -0.383653 0.021086 0.41689
-0.382306 0.0482376 0.411532 -0.383634 0.0215589 0.416797
-0.382287 0.0487278 0.411435 -0.383615 0.0220311 0.416703
-0.382268 0.049218 0.411339 -0.383596 0.0225024 0.41661
-0.382248 0.0497081 0.411242 -0.383577 0.022973 0.416517
-0.382229 0.0501983 0.411145 -0.383559 0.0234432 0.416424
-0.38221 0.0506885 0.411048 -0.38354 0.023913 0.416332
-0.38219 0.0511786 0.410952 -0.383521 0.0243826 0.416239
-0.382171 0.0516688 0.410855 -0.383502 0.024852 0.416146
-0.382152 0.052159 0.410758 -0.383483 0.0253213 0.416054
-0.382132 0.0526491 0.410661 -0.383464 0.0257906 0.415961
-0.382113 0.0531393 0.410565 -0.383445 0.0262598 0.415868
-0.382094 0.0536295 0.410468 -0.383426 0.0267289 0.415776
-0.382074 0.0541197 0.410371 -0.383408 0.0271981 0.415683
-0.382055 0.0546098 0.410274 -0.38337 0.0281364 0.415498
-0.382036 0.0551 0.410178 -0.383351 0.0286056 0.415405
-0.382016 0.0555902 0.410081 -0.383333 0.0290745 0.415313
-0.381997 0.0560803 0.409984 -0.383314 0.0295431 0.41522
-0.381977 0.0565705 0.409887 -0.383295 0.0300114 0.415128
-0.381958 0.0570607 0.409791 -0.383276 0.0304794 0.415035
-0.381939 0.0575508 0.409694 -0.383258 0.0309473 0.414943
-0.381919 0.058041 0.409597 -0.383239 0.0314154 0.41485
-0.3819 0.0585312 0.4095 -0.38322 0.0318837 0.414758
-0.381881 0.0590213 0.409404 -0.383202 0.0323523 0.414665
-0.381861 0.0595115 0.409307 -0.383183 0.0328212 0.414573
-0.381842 0.0600017 0.40921 -0.383164 0.0332903 0.41448
-0.381823 0.0604919 0.409113 -0.383146 0.0337597 0.414388
-0.381803 0.060982 0.409017 -0.383127 0.0342293 0.414295
-0.381784 0.0614722 0.40892 -0.383108 0.0346992 0.414202
-0.381765 0.0619624 0.408823 -0.38309 0.0351695 0.414109
-0.381745 0.0624525 0.408726 -0.383071 0.03564 0.414016
-0.381726 0.0629427 0.40863 -0.383053 0.0361107 0.413923
-0.381707 0.0634329 0.408533 -0.383034 0.0365811 0.413831
-0.381687 0.063923 0.408436 -0.383015 0.0370512 0.413738
-0.381668 0.0644132 0.408339 -0.382997 0.0375206 0.413645
-0.381649 0.0649034 0.408243 -0.382978 0.0379897 0.413552
-0.381629 0.0653936 0.408146 -0.38296 0.0384588 0.41346
-0.38161 0.0658837 0.408049 -0.382941 0.0389282 0.413367
-0.381591 0.0663739 0.407953 -0.382923 0.039398 0.413274
-0.381571 0.0668641 0.407856 -0.382904 0.0398683 0.413182
-0.381552 0.0673542 0.407759 -0.382885 0.0403389 0.413089
-0.381532 0.0678444 0.407662 -0.382867 0.0408099 0.412996
-0.381513 0.0683346 0.407566 -0.382848 0.0412811 0.412903
-0.381494 0.0688247 0.407469 -0.38283 0.0417525 0.41281
-0.381474 0.0693149 0.407372 -0.382811 0.042224 0.412717
-0.381455 0.0698051 0.407275 -0.382793 0.0426957 0.412624
-0.381436 0.0702953 0.407179 -0.382774 0.0431674 0.41253
-0.381416 0.0707854 0.407082 -0.382756 0.0436393 0.412437
-0.381397 0.0712756 0.406985 -0.382737 0.0441113 0.412344
-0.381378 0.0717658 0.406888 -0.382719 0.0445834 0.412251
-0.381358 0.0722559 0.406792 -0.3827 0.0450556 0.412158
-0.381339 0.0727461 0.406695 -0.382682 0.045528 0.412065
-0.38132 0.0732363 0.406598 -0.382663 0.0460005 0.411971
-0.3813 0.0737264 0.406501 -0.382645 0.0464733 0.411878
-0.381281 0.0742166 0.406405 -0.382626 0.0469462 0.411785
-0.381262 0.0747068 0.406308 -0.382608 0.0474193 0.411691
-0.381242 0.0751969 0.406211 -0.382589 0.0478926 0.411598
-0.381223 0.0756871 0.406114 -0.382571 0.0483662 0.411504
-0.381204 0.0761773 0.406018 -0.382552 0.0488399 0.411411
-0.381184 0.0766675 0.405921 -0.382534 0.0493139 0.411317
-0.381165 0.0771576 0.405824 -0.382497 0.0502625 0.41113
-0.381145 0.0776478 0.405727 -0.382478 0.0507372 0.411036
-0.381126 0.078138 0.405631 -0.38246 0.0512121 0.410943
-0.381107 0.0786281 0.405534 -0.382441 0.0516872 0.410849
-0.381087 0.0791183 0.405437 -0.382423 0.0521626 0.410755
-0.381068 0.0796085 0.40534 -0.382404 0.0526381 0.410661
-0.381049 0.0800986 0.405244 -0.382386 0.0531139 0.410567
-0.381029 0.0805888 0.405147 -0.382367 0.0535899 0.410473
-0.38101 0.081079 0.40505 -0.382349 0.0540663 0.410379
-0.380991 0.0815692 0.404953 -0.38233 0.0545429 0.410285
-0.380971 0.0820593 0.404857 -0.382312 0.0550198 0.410191
-0.380952 0.0825495 0.40476 -0.382293 0.055497 0.410097
-0.380933 0.0830397 0.404663 -0.382274 0.0559743 0.410003
-0.380913 0.0835298 0.404566 -0.382256 0.0564518 0.409909
-0.380894 0.08402 0.40447 -0.382237 0.0569293 0.409814
-0.380875 0.0845102 0.404373 -0.382219 0.0574069 0.40972
-0.380855 0.0850003 0.404276 -0.3822 0.0578844 0.409626
-0.380836 0.0854905 0.40418 -0.382182 0.0583618 0.409532
-0.380817 0.0859807 0.404083 -0.382163 0.058839 0.409438
-0.380797 0.0864708 0.403986 -0.382144 0.0593161 0.409343
-0.380778 0.086961 0.403889 -0.382126 0.0597931 0.409249
-0.380759 0.0874512 0.403793 -0.382107 0.0602699 0.409155
-0.380739 0.0879414 0.403696 -0.382088 0.0607466 0.409061
-0.38072 0.0884315 0.403599 -0.38207 0.0612234 0.408967
-0.3807 0.0889217 0.403502 -0.382051 0.0617003 0.408873
-0.380681 0.0894119 0.403406 -0.382032 0.0621775 0.408779
-0.380662 0.089902 0.403309 -0.382014 0.0626549 0.408685
-0.380642 0.0903922 0.403212 -0.381995 0.0631324 0.408591
-0.380623 0.0908824 0.403115 -0.381976 0.0636099 0.408496
-0.380604 0.0913725 0.403019 -0.381939 0.0645643 0.408308
-0.380584 0.0918627 0.402922 -0.38192 0.0650407 0.408214
-0.380565 0.0923529 0.402825 -0.381901 0.0655162 0.40812
-0.380546 0.0928431 0.402728 -0.381883 0.0659907 0.408027
-0.380526 0.0933332 0.402632 -0.381864 0.0664645 0.407933
-0.380507 0.0938234 0.402535 -0.381845 0.0669379 0.40784
-0.380488 0.0943136 0.402438 -0.381826 0.0674114 0.407746
-0.380468 0.0948037 0.402341 -0.381807 0.0678851 0.407653
-0.380449 0.0952939 0.402245 -0.381789 0.0683592 0.407559
-0.38043 0.0957841 0.402148 -0.38177 0.0688335 0.407466
-0.38041 0.0962742 0.402051 -0.381751 0.0693082 0.407372
-0.380391 0.0967644 0.401954 -0.381732 0.0697831 0.407278
-0.380372 0.0972546 0.401858 -0.381714 0.0702584 0.407185
-0.380352 0.0977447 0.401761 -0.381695 0.0707338 0.407091
-0.380333 0.0982349 0.401664 -0.381676 0.0712095 0.406997
-0.380313 0.0987251 0.401567 -0.381657 0.0716854 0.406903
-0.380294 0.0992153 0.401471 -0.381639 0.0721614 0.406809
-0.380275 0.0997054 0.401374 -0.38162 0.0726376 0.406715
-0.380255 0.100196 0.401277 -0.381601 0.073114 0.406621
-0.380236 0.100686 0.40118 -0.381583 0.0735905 0.406527
-0.380217 0.101176 0.401084 -0.381564 0.0740672 0.406433
-0.380197 0.101666 0.400987 -0.381545 0.074544 0.406339
-0.380178 0.102156 0.40089 -0.381526 0.0750211 0.406245
-0.380159 0.102646 0.400793 -0.381508 0.0754983 0.406151
-0.380139 0.103137 0.400697 -0.381489 0.0759757 0.406057
-0.38012 0.103627 0.4006 -0.38147 0.0764533 0.405963
-0.380101 0.104117 0.400503 -0.381451 0.0769311 0.405869
-0.380081 0.104607 0.400406 -0.381433 0.077409 0.405774
-0.380062 0.105097 0.40031 -0.381414 0.0778871 0.40568
-0.380043 0.105587 0.400213 -0.381395 0.0783655 0.405586
-0.380023 0.106078 0.400116 -0.381377 0.0788441 0.405491
-0.380004 0.106568 0.40002 -0.381339 0.0798018 0.405302
-0.379985 0.107058 0.399923 -0.38132 0.0802802 0.405208
-0.379965 0.107548 0.399826 -0.381302 0.0807578 0.405114
-0.379946 0.108038 0.399729 -0.381283 0.0812342 0.40502
-0.379927 0.108528 0.399633 -0.381264 0.0817099 0.404926
-0.379907 0.109019 0.399536 -0.381245 0.0821851 0.404832
-0.379888 0.109509 0.399439 -0.381226 0.0826601 0.404739
-0.379868 0.109999 0.399342 -0.381207 0.0831352 0.404645
-0.379849 0.110489 0.399246 -0.381189 0.0836104 0.404551
-0.37983 0.110979 0.399149 -0.38117 0.0840857 0.404458
-0.37981 0.111469 0.399052 -0.381151 0.0845611 0.404364
-0.379791 0.11196 0.398955 -0.381132 0.0850366 0.40427
-0.379772 0.11245 0.398859 -0.381113 0.0855124 0.404176
-0.379752 0.11294 0.398762 -0.381094 0.0859882 0.404082
-0.379733 0.11343 0.398665 -0.381076 0.0864643 0.403988
-0.379714 0.11392 0.398568 -0.381057 0.0869407 0.403895
-0.379694 0.114411 0.398472 -0.381038 0.0874169 0.403801
-0.379675 0.114901 0.398375 -0.381019 0.0878928 0.403707
-0.379656 0.115391 0.398278 -0.381 0.0883681 0.403613
-0.379636 0.115881 0.398181 -0.380982 0.0888425 0.40352
-0.379617 0.116371 0.398085 -0.380963 0.0893164 0.403426
-0.379598 0.116861 0.397988 -0.380944 0.08979 0.403333
-0.379578 0.117352 0.397891 -0.380925 0.0902637 0.403239
-0.379559 0.117842 0.397794 -0.380906 0.0907376 0.403146
-0.37954 0.118332 0.397698 -0.380887 0.0912117 0.403052
-0.37952 0.118822 0.397601 -0.380868 0.0916857 0.402959
-0.379501 0.119312 0.397504 -0.38085 0.0921596 0.402865
-0.379481 0.119802 0.397407 -0.380831 0.0926333 0.402772
-0.379462 0.120293 0.397311 -0.380812 0.0931068 0.402679
-0.379443 0.120783 0.397214 -0.380793 0.0935804 0.402585
-0.379423 0.121273 0.397117 -0.380756 0.0945281 0.402398
-0.379404 0.121763 0.39702 -0.380737 0.0950024 0.402305
-0.379385 0.122253 0.396924 -0.380718 0.0954768 0.402211
-0.379365 0.122743 0.396827 -0.380699 0.0959514 0.402118
-0.379346 0.123234 0.39673 -0.38068 0.0964261 0.402024
-0.379327 0.123724 0.396633 -0.380662 0.0969008 0.401931
-0.379307 0.124214 0.396537 -0.380643 0.0973756 0.401837
-0.379288 0.124704 0.39644 -0.380624 0.0978505 0.401743
-0.379269 0.125194 0.396343 -0.380605 0.0983256 0.40165
-0.379249 0.125684 0.396246 -0.380587 0.0988007 0.401556
-0.37923 0.126175 0.39615 -0.380568 0.099276 0.401462
-0.379211 0.126665 0.396053 -0.380549 0.0997514 0.401369
-0.379191 0.127155 0.395956 -0.38053 0.100227 0.401275
-0.379172 0.127645 0.39586 -0.380512 0.100702 0.401181
-0.379153 0.128135 0.395763 -0.380493 0.101178 0.401087
-0.379133 0.128625 0.395666 -0.380474 0.101653 0.400994
-0.379114 0.129116 0.395569 -0.380455 0.102128 0.4009
-0.379095 0.129606 0.395473 -0.380437 0.102602 0.400807
-0.379075 0.130096 0.395376 -0.380418 0.103076 0.400713
-0.379056 0.130586 0.395279 -0.380399 0.10355 0.40062
-0.379036 0.131076 0.395182 -0.38038 0.104024 0.400526
-0.379017 0.131566 0.395086 -0.380361 0.104497 0.400433
-0.378998 0.132057 0.394989 -0.380343 0.10497 0.40034
-0.378978 0.132547 0.394892 -0.380324 0.105444 0.400247
-0.378959 0.133037 0.394795 -0.380305 0.105917 0.400153
-0.37894 0.133527 0.394699 -0.380286 0.106391 0.40006
-0.37892 0.134017 0.394602 -0.380268 0.106865 0.399966
-0.378901 0.134507 0.394505 -0.38023 0.107813 0.39978
-0.378882 0.134998 0.394408 -0.380211 0.108287 0.399686
-0.378862 0.135488 0.394312 -0.380193 0.108761 0.399593
-0.378843 0.135978 0.394215 -0.380174 0.109235 0.399499
-0.378824 0.136468 0.394118 -0.380155 0.10971 0.399406
-0.378804 0.136958 0.394021 -0.380136 0.110186 0.399312
-0.378785 0.137448 0.393925 -0.380118 0.110661 0.399218
-0.378766 0.137939 0.393828 -0.380099 0.111137 0.399124
-0.378746 0.138429 0.393731 -0.38008 0.111612 0.399031
-0.378727 0.138919 0.393634 -0.380062 0.112088 0.398937
-0.378708 0.139409 0.393538 -0.380043 0.112563 0.398843
-0.378688 0.139899 0.393441 -0.380024 0.113038 0.39875
-0.378669 0.14039 0.393344 -0.380005 0.113513 0.398656
-0.378649 0.14088 0.393247 -0.379987 0.113988 0.398562
-0.37863 0.14137 0.393151 -0.379968 0.114463 0.398469
-0.378611 0.14186 0.393054 -0.379949 0.114937 0.398375
-0.378591 0.14235 0.392957 -0.37993 0.115411 0.398282
-0.378572 0.14284 0.39286 -0.379893 0.116359 0.398095
-0.378553 0.143331 0.392764 -0.379874 0.116832 0.398002
-0.378533 0.143821 0.392667 -0.379855 0.117305 0.397909
-0.378514 0.144311 0.39257 -0.379836 0.117778 0.397815
-0.378495 0.144801 0.392473 -0.379818 0.118251 0.397722
-0.378475 0.145291 0.392377 -0.379799 0.118723 0.397629
-0.378456 0.145781 0.39228 -0.37978 0.119196 0.397536
-0.378437 0.146272 0.392183 -0.379761 0.119668 0.397443
-0.378417 0.146762 0.392087 -0.379743 0.12014 0.39735
-0.378398 0.147252 0.39199 -0.379724 0.120613 0.397257
-0.378379 0.147742 0.391893 -0.379705 0.121085 0.397164
-0.378359 0.148232 0.391796 -0.379686 0.121557 0.397071
-0.37834 0.148722 0.3917 -0.379668 0.122029 0.396978
-0.378321 0.149213 0.391603 -0.379649 0.122501 0.396885
-0.378301 0.149703 0.391506 -0.37963 0.122973 0.396792
-0.378282 0.150193 0.391409 -0.379611 0.123445 0.396699
-0.378263 0.150683 0.391313 -0.379593 0.123917 0.396606
-0.378243 0.151173 0.391216 -0.379574 0.124388 0.396513
-0.378224 0.151663 0.391119 -0.379555 0.12486 0.39642
-0.378204 0.152154 0.391022 -0.379536 0.125331 0.396327
-0.378185 0.152644 0.390926 -0.379518 0.125802 0.396234
-0.378166 0.153134 0.390829 -0.379499 0.126273 0.396141
-0.378146 0.153624 0.390732 -0.37948 0.126744 0.396049
-0.378127 0.154114 0.390635 -0.379461 0.127215 0.395956
-0.378108 0.154604 0.390539 -0.379443 0.127687 0.395863
-0.378088 0.155095 0.390442 -0.379424 0.128159 0.39577
-0.378069 0.155585 0.390345 -0.379405 0.128631 0.395677
-0.37805 0.156075 0.390248 -0.379368 0.129576 0.39549
-0.37803 0.156565 0.390152 -0.379349 0.130049 0.395397
-0.378011 0.157055 0.390055 -0.379331 0.130522 0.395304
-0.377992 0.157545 0.389958 -0.379312 0.130995 0.395211
-0.377972 0.158036 0.389861 -0.379293 0.131468 0.395118
-0.377953 0.158526 0.389765 -0.379275 0.131941 0.395024
-0.377934 0.159016 0.389668 -0.379256 0.132414 0.394931
-0.377914 0.159506 0.389571 -0.379237 0.132887 0.394838
-0.377895 0.159996 0.389474 -0.379219 0.13336 0.394745
-0.377876 0.160486 0.389378 -0.3792 0.133832 0.394652
-0.377856 0.160977 0.389281 -0.379181 0.134305 0.394559
-0.377837 0.161467 0.389184 -0.379163 0.134777 0.394466
-0.377817 0.161957 0.389087 -0.379144 0.135249 0.394373
-0.377798 0.162447 0.388991 -0.379125 0.13572 0.39428
-0.377779 0.162937 0.388894 -0.379107 0.136191 0.394187
-0.377759 0.163427 0.388797 -0.379088 0.136662 0.394094
-0.37774 0.163918 0.3887 -0.379069 0.137133 0.394002
-0.377721 0.164408 0.388604 -0.379032 0.138073 0.393816
-0.377701 0.164898 0.388507 -0.379013 0.138544 0.393724
-0.377682 0.165388 0.38841 -0.378994 0.139014 0.393631
-0.377663 0.165878 0.388313 -0.378976 0.139484 0.393538
-0.377643 0.166368 0.388217 -0.378957 0.139953 0.393446
-0.377624 0.166859 0.38812 -0.378938 0.140423 0.393353
-0.377605 0.167349 0.388023 -0.37892 0.140892 0.393261
-0.377585 0.167839 0.387927 -0.378901 0.141361 0.393169
-0.377566 0.168329 0.38783 -0.378882 0.14183 0.393076
-0.377547 0.168819 0.387733 -0.378864 0.142298 0.392984
-0.377527 0.16931 0.387636 -0.378845 0.142767 0.392892
-0.377508 0.1698 0.38754 -0.378826 0.143235 0.392799
-0.377489 0.17029 0.387443 -0.378808 0.143704 0.392707
-0.377469 0.17078 0.387346 -0.378789 0.144172 0.392615
-0.37745 0.17127 0.387249 -0.37877 0.144641 0.392522
-0.377431 0.17176 0.387153 -0.378752 0.145109 0.39243
-0.377411 0.172251 0.387056 -0.378733 0.145578 0.392338
-0.377392 0.172741 0.386959 -0.378714 0.146047 0.392245
-0.377372 0.173231 0.386862 -0.378696 0.146515 0.392153
-0.377353 0.173721 0.386766 -0.378677 0.146984 0.392061
-0.377334 0.174211 0.386669 -0.378659 0.147452 0.391968
-0.377314 0.174701 0.386572 -0.37864 0.14792 0.391876
-0.377295 0.175192 0.386475 -0.378621 0.148388 0.391784
-0.377276 0.175682 0.386379 -0.378603 0.148856 0.391692
-0.377256 0.176172 0.386282 -0.378584 0.149323 0.3916
-0.377237 0.176662 0.386185 -0.378565 0.149791 0.391508
-0.377218 0.177152 0.386088 -0.378547 0.150259 0.391416
-0.377198 0.177642 0.385992 -0.378528 0.150726 0.391323
-0.377179 0.178133 0.385895 -0.37851 0.151194 0.391231
-0.37716 0.178623 0.385798 -0.378491 0.151662 0.391139
-0.37714 0.179113 0.385701 -0.378454 0.152597 0.390955
-0.377121 0.179603 0.385605 -0.378435 0.153065 0.390863
-0.377102 0.180093 0.385508 -0.378417 0.153533 0.39077
-0.377082 0.180583 0.385411 -0.378398 0.154001 0.390678
-0.377063 0.181074 0.385314 -0.37838 0.154469 0.390586
-0.377044 0.181564 0.385218 -0.378361 0.154938 0.390494
-0.377024 0.182054 0.385121 -0.378343 0.155406 0.390402
-0.377005 0.182544 0.385024 -0.378324 0.155875 0.390309
-0.376985 0.183034 0.384927 -0.378306 0.156344 0.390217
-0.376966 0.183524 0.384831 -0.378287 0.156813 0.390124
-0.376947 0.184015 0.384734 -0.378269 0.157282 0.390032
-0.376927 0.184505 0.384637 -0.37825 0.157752 0.38994
-0.376908 0.184995 0.38454 -0.378213 0.158692 0.389754
-0.376889 0.185485 0.384444 -0.378195 0.159162 0.389662
-0.376869 0.185975 0.384347 -0.378176 0.159633 0.389569
-0.37685 0.186465 0.38425 -0.378158 0.160104 0.389476
-0.376831 0.186956 0.384153 -0.378139 0.160575 0.389384
-0.376811 0.187446 0.384057 -0.378121 0.161046 0.389291
-0.376792 0.187936 0.38396 -0.378102 0.161517 0.389198
-0.376773 0.188426 0.383863 -0.378084 0.161989 0.389105
-0.376753 0.188916 0.383767 -0.378065 0.16246 0.389012
-0.376734 0.189406 0.38367 -0.378047 0.16293 0.38892
-0.376715 0.189897 0.383573 -0.378028 0.163401 0.388827
-0.376695 0.190387 0.383476 -0.37801 0.163872 0.388734
-0.376676 0.190877 0.38338 -0.377991 0.164342 0.388642
-0.376657 0.191367 0.383283 -0.377972 0.164812 0.388549
-0.376637 0.191857 0.383186 -0.377954 0.165282 0.388457
-0.376618 0.192347 0.383089 -0.377935 0.165752 0.388364
-0.376599 0.192838 0.382993 -0.377917 0.166221 0.388271
-0.376579 0.193328 0.382896 -0.377898 0.166691 0.388179
-0.37656 0.193818 0.382799 -0.37788 0.16716 0.388087
-0.37654 0.194308 0.382702 -0.377861 0.167629 0.387994
-0.376521 0.194798 0.382606 -0.377842 0.168098 0.387902
-0.376502 0.195288 0.382509 -0.377824 0.168566 0.38781
-0.376482 0.195779 0.382412 -0.377805 0.169034 0.387718
-0.376463 0.196269 0.382315 -0.377787 0.169502 0.387625
-0.376444 0.196759 0.382219 -0.37775 0.170437 0.387441
-0.376424 0.197249 0.382122 -0.377731 0.170904 0.387349
-0.376405 0.197739 0.382025 -0.377712 0.171372 0.387257
-0.376386 0.19823 0.381928 -0.377694 0.171839 0.387165
-0.376366 0.19872 0.381832 -0.377675 0.172307 0.387073
-0.376347 0.19921 0.381735 -0.377638 0.173241 0.386889
-0.376328 0.1997 0.381638 -0.377619 0.173709 0.386797
-0.376308 0.20019 0.381541 -0.377601 0.174176 0.386705
-0.376289 0.20068 0.381445 -0.377582 0.174643 0.386613
-0.37627 0.201171 0.381348 -0.377564 0.17511 0.386521
-0.37625 0.201661 0.381251 -0.377545 0.175576 0.386429
-0.376231 0.202151 0.381154 -0.377527 0.176042 0.386337
-0.376212 0.202641 0.381058 -0.377508 0.176507 0.386246
-0.376192 0.203131 0.380961 -0.377489 0.176973 0.386154
-0.376173 0.203621 0.380864 -0.377471 0.177438 0.386062
-0.376153 0.204112 0.380767 -0.377452 0.177903 0.385971
-0.376134 0.204602 0.380671 -0.377434 0.178367 0.385879
-0.376115 0.205092 0.380574 -0.377415 0.178832 0.385788
-0.376095 0.205582 0.380477 -0.377397 0.179296 0.385696
-0.376076 0.206072 0.38038 -0.377378 0.179761 0.385605
-0.376057 0.206562 0.380284 -0.37736 0.180225 0.385513
-0.376037 0.207053 0.380187 -0.377341 0.18069 0.385422
-0.376018 0.207543 0.38009 -0.377322 0.181154 0.38533
-0.375999 0.208033 0.379994 -0.377304 0.181618 0.385239
-0.375979 0.208523 0.379897 -0.377285 0.182083 0.385147
-0.37596 0.209013 0.3798 -0.377267 0.182546 0.385056
-0.375941 0.209503 0.379703 -0.377248 0.18301 0.384965
-0.375921 0.209994 0.379607 -0.37723 0.183474 0.384873
-0.375902 0.210484 0.37951 -0.377211 0.183937 0.384782
-0.375883 0.210974 0.379413 -0.377193 0.1844 0.384691
-0.375863 0.211464 0.379316 -0.377174 0.184864 0.384599
-0.375844 0.211954 0.37922 -0.377156 0.185328 0.384508
-0.375825 0.212444 0.379123 -0.377137 0.185792 0.384417
-0.375805 0.212935 0.379026 -0.377119 0.186256 0.384325
-0.375786 0.213425 0.378929 -0.377101 0.18672 0.384234
-0.375767 0.213915 0.378833 -0.377082 0.187184 0.384142
-0.375747 0.214405 0.378736 -0.377064 0.187648 0.384051
-0.375728 0.214895 0.378639 -0.377045 0.188112 0.38396
-0.375708 0.215385 0.378542 -0.377008 0.18904 0.383777
-0.375689 0.215876 0.378446 -0.37699 0.189504 0.383685
-0.37567 0.216366 0.378349 -0.376972 0.189968 0.383594
-0.37565 0.216856 0.378252 -0.376953 0.190433 0.383503
-0.375631 0.217346 0.378155 -0.376935 0.190898 0.383411
-0.375612 0.217836 0.378059 -0.376916 0.191363 0.383319
-0.375592 0.218326 0.377962 -0.376898 0.191828 0.383228
-0.375573 0.218817 0.377865 -0.37688 0.192293 0.383136
-0.375554 0.219307 0.377768 -0.376861 0.192758 0.383045
-0.375534 0.219797 0.377672 -0.376843 0.193224 0.382953
-0.375515 0.220287 0.377575 -0.376825 0.19369 0.382861
-0.375496 0.220777 0.377478 -0.376806 0.194156 0.382769
-0.375476 0.221267 0.377381 -0.376788 0.194623 0.382678
-0.375457 0.221758 0.377285 -0.376769 0.19509 0.382586
-0.375438 0.222248 0.377188 -0.376751 0.195557 0.382494
-0.375418 0.222738 0.377091 -0.376733 0.196024 0.382402
-0.375399 0.223228 0.376994 -0.376714 0.196492 0.382309
-0.37538 0.223718 0.376898 -0.376696 0.19696 0.382217
-0.37536 0.224209 0.376801 -0.376678 0.197429 0.382125
-0.375341 0.224699 0.376704 -0.376659 0.197897 0.382033
-0.375321 0.225189 0.376607 -0.376641 0.198365 0.381941
-0.375302 0.225679 0.376511 -0.376623 0.198833 0.381849
-0.375283 0.226169 0.376414 -0.376604 0.199302 0.381756
-0.375263 0.226659 0.376317 -0.376586 0.199771 0.381664
-0.375244 0.22715 0.37622 -0.376568 0.20024 0.381572
-0.375225 0.22764 0.376124 -0.376549 0.20071 0.381479
-0.375205 0.22813 0.376027 -0.376531 0.20118 0.381387
-0.375186 0.22862 0.37593 -0.376512 0.20165 0.381294
-0.375167 0.22911 0.375834 -0.376494 0.20212 0.381202
-0.375147 0.2296 0.375737 -0.376476 0.202591 0.381109
-0.375128 0.230091 0.37564 -0.376457 0.203061 0.381016
-0.375109 0.230581 0.375543 -0.376439 0.203532 0.380924
-0.375089 0.231071 0.375447 -0.376421 0.204002 0.380831
-0.37507 0.231561 0.37535 -0.376402 0.204473 0.380739
-0.375051 0.232051 0.375253 -0.376384 0.204943 0.380646
-0.375031 0.232541 0.375156 -0.376365 0.205414 0.380553
-0.375012 0.233032 0.37506 -0.376347 0.205885 0.380461
-0.374993 0.233522 0.374963 -0.376328 0.206355 0.380368
-0.374973 0.234012 0.374866 -0.37631 0.206826 0.380275
-0.374954 0.234502 0.374769 -0.376291 0.207297 0.380183
-0.374935 0.234992 0.374673 -0.376273 0.207768 0.38009
-0.374915 0.235482 0.374576 -0.376255 0.20824 0.379997
-0.374896 0.235973 0.374479 -0.376236 0.208711 0.379904
-0.374876 0.236463 0.374382 -0.376218 0.209183 0.379811
-0.374857 0.236953 0.374286 -0.376199 0.209654 0.379719
-0.374838 0.237443 0.374189 -0.376162 0.210598 0.379533
-0.374818 0.237933 0.374092 -0.376144 0.21107 0.37944
-0.374799 0.238423 0.373995 -0.376125 0.211542 0.379347
-0.37478 0.238914 0.373899 -0.376107 0.212014 0.379254
-0.37476 0.239404 0.373802 -0.376088 0.212486 0.379161
-0.374741 0.239894 0.373705 -0.37607 0.212958 0.379068
-0.374722 0.240384 0.373608 -0.376051 0.213431 0.378975
-0.374702 0.240874 0.373512 -0.376032 0.213903 0.378882
-0.374683 0.241364 0.373415 -0.376014 0.214376 0.378789
-0.374664 0.241855 0.373318 -0.375995 0.214849 0.378696
-0.374644 0.242345 0.373221 -0.375977 0.215323 0.378603
-0.374625 0.242835 0.373125 -0.375958 0.215796 0.37851
-0.374606 0.243325 0.373028 -0.37594 0.21627 0.378416
-0.374586 0.243815 0.372931 -0.375921 0.216744 0.378323
-0.374567 0.244305 0.372834 -0.375903 0.217218 0.37823
-0.374548 0.244796 0.372738 -0.375884 0.217692 0.378136
-0.374528 0.245286 0.372641 -0.375865 0.218166 0.378043
-0.374509 0.245776 0.372544 -0.375847 0.21864 0.37795
-0.374489 0.246266 0.372447 -0.375828 0.219114 0.377857
-0.37447 0.246756 0.372351 -0.37581 0.219588 0.377763
-0.374451 0.247246 0.372254 -0.375791 0.220062 0.37767
-0.374431 0.247737 0.372157 -0.375772 0.220535 0.377577
-0.374412 0.248227 0.37206 -0.375754 0.221009 0.377484
-0.374393 0.248717 0.371964 -0.375735 0.221483 0.37739
-0.374373 0.249207 0.371867 -0.375716 0.221956 0.377297
-0.374354 0.249697 0.37177 -0.375698 0.22243 0.377204
-0.374335 0.250187 0.371674 -0.375679 0.222904 0.37711
-0.374315 0.250678 0.371577 -0.37566 0.223378 0.377017
-0.374296 0.251168 0.37148 -0.375642 0.223852 0.376924
-0.374277 0.251658 0.371383 -0.375623 0.224326 0.376831
-0.374257 0.252148 0.371287 -0.375586 0.225274 0.376644
-0.374238 0.252638 0.37119 -0.375567 0.225749 0.37655
-0.374219 0.253129 0.371093 -0.375548 0.226223 0.376457
-0.374199 0.253619 0.370996 -0.37553 0.226698 0.376364
-0.37418 0.254109 0.3709 -0.375511 0.227173 0.37627
-0.374161 0.254599 0.370803 -0.375492 0.227648 0.376177
-0.374141 0.255089 0.370706 -0.375474 0.228123 0.376083
-0.374122 0.255579 0.370609 -0.375455 0.228598 0.37599
-0.374103 0.25607 0.370513 -0.375436 0.229074 0.375896
-0.374083 0.25656 0.370416 -0.375418 0.229549 0.375802
-0.374064 0.25705 0.370319 -0.375399 0.230025 0.375709
-0.374044 0.25754 0.370222 -0.37538 0.230501 0.375615
-0.374025 0.25803 0.370126 -0.375361 0.230977 0.375521
-0.374006 0.25852 0.370029 -0.375343 0.231453 0.375428
-0.373986 0.259011 0.369932 -0.375324 0.23193 0.375334
-0.373967 0.259501 0.369835 -0.375305 0.232407 0.37524
-0.373948 0.259991 0.369739 -0.375287 0.232885 0.375146
-0.373928 0.260481 0.369642 -0.375268 0.233362 0.375052
-0.373909 0.260971 0.369545 -0.375249 0.233838 0.374958
-0.37389 0.261461 0.369448 -0.37523 0.234315 0.374864
-0.37387 0.261952 0.369352 -0.375212 0.234791 0.374771
-0.373851 0.262442 0.369255 -0.375193 0.235267 0.374677
-0.373832 0.262932 0.369158 -0.375155 0.236218 0.37449
-0.373812 0.263422 0.369061 -0.375136 0.236694 0.374396
-0.373793 0.263912 0.368965 -0.375118 0.237169 0.374302
-0.373774 0.264402 0.368868 -0.375099 0.237644 0.374209
-0.373754 0.264893 0.368771 -0.37508 0.238119 0.374115
-0.373735 0.265383 0.368674 -0.375061 0.238595 0.374022
-0.373716 0.265873 0.368578 -0.375042 0.23907 0.373928
-0.373696 0.266363 0.368481 -0.375023 0.239545 0.373835
-0.373677 0.266853 0.368384 -0.375005 0.24002 0.373741
-0.373657 0.267343 0.368287 -0.374986 0.240495 0.373648
-0.373638 0.267834 0.368191 -0.374967 0.24097 0.373554
-0.373619 0.268324 0.368094 -0.374948 0.241445 0.373461
-0.373599 0.268814 0.367997 -0.374929 0.241919 0.373367
-0.37358 0.269304 0.367901 -0.37491 0.242394 0.373274
-0.373561 0.269794 0.367804 -0.374892 0.242869 0.37318
-0.373541 0.270284 0.367707 -0.374873 0.243344 0.373087
-0.373522 0.270775 0.36761 -0.374854 0.243819 0.372993
-0.373503 0.271265 0.367514 -0.374835 0.244294 0.3729
-0.373483 0.271755 0.367417 -0.374816 0.244768 0.372806
-0.373464 0.272245 0.36732 -0.374797 0.245243 0.372713
-0.373445 0.272735 0.367223 -0.374779 0.245718 0.372619
-0.373425 0.273225 0.367127 -0.37476 0.246194 0.372526
-0.373406 0.273716 0.36703 -0.374741 0.246669 0.372432
-0.373387 0.274206 0.366933 -0.374722 0.247144 0.372338
-0.373367 0.274696 0.366836 -0.374703 0.24762 0.372245
-0.373348 0.275186 0.36674 -0.374684 0.248096 0.372151
-0.373329 0.275676 0.366643 -0.374666 0.248571 0.372057
-0.373309 0.276166 0.366546 -0.374647 0.249046 0.371964
-0.37329 0.276657 0.366449 -0.374628 0.249521 0.37187
-0.373271 0.277147 0.366353 -0.374609 0.249996 0.371777
-0.373251 0.277637 0.366256 -0.37459 0.250471 0.371683
-0.373232 0.278127 0.366159 -0.374571 0.250945 0.37159
-0.373212 0.278617 0.366062 -0.374552 0.25142 0.371497
-0.373193 0.279107 0.365966 -0.374534 0.251894 0.371403
-0.373174 0.279598 0.365869 -0.374515 0.252368 0.37131
-0.373154 0.280088 0.365772 -0.374477 0.253317 0.371123
-0.373135 0.280578 0.365675 -0.374458 0.253791 0.37103
-0.373116 0.281068 0.365579 -0.374439 0.254265 0.370936
-0.373096 0.281558 0.365482 -0.374421 0.25474 0.370843
-0.373077 0.282049 0.365385 -0.374402 0.255214 0.370749
-0.373058 0.282539 0.365288 -0.374383 0.255689 0.370656
-0.373038 0.283029 0.365192 -0.374364 0.256163 0.370562
-0.373019 0.283519 0.365095 -0.374345 0.256638 0.370469
-0.373 0.284009 0.364998 -0.374326 0.257112 0.370376
-0.37298 0.284499 0.364901 -0.374308 0.257587 0.370282
-0.372961 0.28499 0.364805 -0.374289 0.258061 0.370189
-0.372942 0.28548 0.364708 -0.37427 0.258536 0.370095
-0.372922 0.28597 0.364611 -0.374251 0.259011 0.370002
-0.372903 0.28646 0.364514 -0.374232 0.259486 0.369908
-0.372884 0.28695 0.364418 -0.374213 0.259961 0.369815
-0.372864 0.28744 0.364321 -0.374195 0.260436 0.369721
-0.372845 0.287931 0.364224 -0.374176 0.260911 0.369628
-0.372825 0.288421 0.364127 -0.374157 0.261386 0.369534
-0.372806 0.288911 0.364031 -0.374138 0.261861 0.36944
-0.372787 0.289401 0.363934 -0.374119 0.262336 0.369347
-0.372767 0.289891 0.363837 -0.3741 0.26281 0.369254
-0.372748 0.290381 0.363741 -0.374082 0.263284 0.36916
-0.372729 0.290872 0.363644 -0.374063 0.263758 0.369067
-0.372709 0.291362 0.363547 -0.374044 0.264232 0.368974
-0.37269 0.291852 0.36345 -0.374025 0.264706 0.36888
-0.372671 0.292342 0.363354 -0.374006 0.26518 0.368787
-0.372651 0.292832 0.363257 -0.373987 0.265654 0.368694
-0.372632 0.293322 0.36316 -0.373969 0.266127 0.3686
-0.372613 0.293813 0.363063 -0.37395 0.266601 0.368507
-0.372593 0.294303 0.362967 -0.373931 0.267074 0.368414
-0.372574 0.294793 0.36287 -0.373893 0.268022 0.368227
-0.372555 0.295283 0.362773 -0.373874 0.268495 0.368134
-0.372535 0.295773 0.362676 -0.373856 0.268968 0.368041
-0.372516 0.296263 0.36258 -0.373837 0.26944 0.367948
-0.372497 0.296754 0.362483 -0.373818 0.269911 0.367855
-0.372477 0.297244 0.362386 -0.373799 0.270382 0.367762
-0.372458 0.297734 0.362289 -0.37378 0.270852 0.36767
-0.372439 0.298224 0.362193 -0.373761 0.271323 0.367577
-0.372419 0.298714 0.362096 -0.373743 0.271794 0.367484
-0.3724 0.299204 0.361999 -0.373724 0.272265 0.367391
-0.37238 0.299695 0.361902 -0.373705 0.272736 0.367298
-0.372361 0.300185 0.361806 -0.373686 0.273208 0.367205
-0.372342 0.300675 0.361709 -0.373667 0.27368 0.367112
-0.372322 0.301165 0.361612 -0.373649 0.274152 0.367019
-0.372303 0.301655 0.361515 -0.373611 0.275097 0.366833
-0.372284 0.302145 0.361419 -0.373592 0.275569 0.36674
-0.372264 0.302636 0.361322 -0.373573 0.276041 0.366647
-0.372245 0.303126 0.361225 -0.373555 0.276513 0.366555
-0.372226 0.303616 0.361128 -0.373536 0.276985 0.366462
-0.372206 0.304106 0.361032 -0.373517 0.277457 0.366369
-0.372187 0.304596 0.360935 -0.373498 0.277928 0.366276
-0.372168 0.305086 0.360838 -0.37348 0.2784 0.366183
-0.372148 0.305577 0.360741 -0.373461 0.278872 0.36609
-0.372129 0.306067 0.360645 -0.373442 0.279344 0.365997
-0.37211 0.306557 0.360548 -0.373423 0.279816 0.365904
-0.37209 0.307047 0.360451 -0.373405 0.280287 0.365811
-0.372071 0.307537 0.360354 -0.373386 0.280759 0.365718
-0.372052 0.308027 0.360258 -0.373367 0.281231 0.365625
-0.372032 0.308518 0.360161 -0.373348 0.281702 0.365532
-0.372013 0.309008 0.360064 -0.37333 0.282174 0.365439
-0.371993 0.309498 0.359967 -0.373311 0.282646 0.365347
-0.371974 0.309988 0.359871 -0.373292 0.283118 0.365254
-0.371955 0.310478 0.359774 -0.373273 0.28359 0.365161
-0.371935 0.310969 0.359677 -0.373255 0.284062 0.365068
-0.371916 0.311459 0.359581 -0.373236 0.284533 0.364975
-0.371897 0.311949 0.359484 -0.373217 0.285005 0.364882
-0.371877 0.312439 0.359387 -0.373199 0.285476 0.364789
-0.371858 0.312929 0.35929 -0.37318 0.285947 0.364696
-0.371839 0.313419 0.359194 -0.373161 0.286418 0.364604
-0.371819 0.31391 0.359097 -0.373142 0.286889 0.364511
-0.3718 0.3144 0.359 -0.373124 0.287359 0.364418
-0.371781 0.31489 0.358903 -0.373105 0.28783 0.364326
-0.371761 0.31538 0.358807 -0.373086 0.288301 0.364233
-0.371742 0.31587 0.35871 -0.373067 0.288771 0.36414
-0.371723 0.31636 0.358613 -0.373049 0.289242 0.364047
-0.371703 0.316851 0.358516 -0.37303 0.289713 0.363955
-0.371684 0.317341 0.35842 -0.373011 0.290184 0.363862
-0.371665 0.317831 0.358323 -0.372974 0.291126 0.363676
-0.371645 0.318321 0.358226 -0.372955 0.291596 0.363584
-0.371626 0.318811 0.358129 -0.372937 0.292066 0.363491
-0.371607 0.319301 0.358033 -0.372918 0.292535 0.363399
-0.371587 0.319792 0.357936 -0.372899 0.293004 0.363306
-0.371568 0.320282 0.357839 -0.37288 0.293472 0.363214
-0.371548 0.320772 0.357742 -0.372862 0.293941 0.363122
-0.371529 0.321262 0.357646 -0.372843 0.29441 0.363029
-0.37151 0.321752 0.357549 -0.372824 0.29488 0.362937
-0.37149 0.322242 0.357452 -0.372806 0.295349 0.362844
-0.371471 0.322733 0.357355 -0.372787 0.29582 0.362752
-0.371452 0.323223 0.357259 -0.372768 0.29629 0.362659
-0.371432 0.323713 0.357162 -0.37275 0.296761 0.362566
-0.371413 0.324203 0.357065 -0.372731 0.297232 0.362473
-0.371394 0.324693 0.356968 -0.372712 0.297703 0.362381
-0.371374 0.325183 0.356872 -0.372694 0.298175 0.362288
-0.371355 0.325674 0.356775 -0.372675 0.298647 0.362195
-0.371336 0.326164 0.356678 -0.372657 0.299119 0.362102
-0.371316 0.326654 0.356581 -0.372638 0.299591 0.362009
-0.371297 0.327144 0.356485 -0.372619 0.300063 0.361916
-0.371278 0.327634 0.356388 -0.372601 0.300535 0.361823
-0.371258 0.328124 0.356291 -0.372582 0.301007 0.36173
-0.371239 0.328615 0.356194 -0.372563 0.30148 0.361637
-0.37122 0.329105 0.356098 -0.372545 0.301952 0.361544
-0.3712 0.329595 0.356001 -0.372526 0.302425 0.361451
-0.371181 0.330085 0.355904 -0.372507 0.302898 0.361358
-0.371162 0.330575 0.355808 -0.372489 0.303371 0.361265
-0.371142 0.331065 0.355711 -0.37247 0.303844 0.361172
-0.371123 0.331556 0.355614 -0.372452 0.304317 0.361078
-0.371103 0.332046 0.355517 -0.372433 0.30479 0.360985
-0.371084 0.332536 0.355421 -0.372414 0.305264 0.360892
-0.371065 0.333026 0.355324 -0.372377 0.30621 0.360706
-0.371045 0.333516 0.355227 -0.372358 0.306684 0.360612
-0.371026 0.334006 0.35513 -0.37234 0.307158 0.360519
-0.371007 0.334497 0.355034 -0.372321 0.307632 0.360426
-0.370987 0.334987 0.354937 -0.372302 0.308106 0.360333
-0.370968 0.335477 0.35484 -0.372284 0.30858 0.360239
-0.370949 0.335967 0.354743 -0.372265 0.309055 0.360146
-0.370929 0.336457 0.354647 -0.372246 0.309529 0.360052
-0.37091 0.336948 0.35455 -0.372228 0.310004 0.359959
-0.370891 0.337438 0.354453 -0.372209 0.310479 0.359865
-0.370871 0.337928 0.354356 -0.372172 0.311429 0.359678
-0.370852 0.338418 0.35426 -0.372153 0.311904 0.359585
-0.370833 0.338908 0.354163 -0.372134 0.31238 0.359491
-0.370813 0.339398 0.354066 -0.372116 0.312855 0.359398
-0.370794 0.339889 0.353969 -0.372097 0.313331 0.359304
-0.370775 0.340379 0.353873 -0.372078 0.313807 0.35921
-0.370755 0.340869 0.353776 -0.37206 0.314282 0.359117
-0.370736 0.341359 0.353679 -0.372041 0.314757 0.359023
-0.370716 0.341849 0.353582 -0.372022 0.315232 0.35893
-0.370697 0.342339 0.353486 -0.372003 0.315706 0.358836
-0.370678 0.34283 0.353389 -0.371985 0.316179 0.358743
-0.370658 0.34332 0.353292 -0.371966 0.316652 0.35865
-0.370639 0.34381 0.353195 -0.371947 0.317125 0.358557
-0.37062 0.3443 0.353099 -0.371928 0.317597 0.358464
-0.3706 0.34479 0.353002 -0.371909 0.31807 0.358371
-0.370581 0.34528 0.352905 -0.371891 0.318542 0.358278
-0.370562 0.345771 0.352808 -0.371872 0.319014 0.358185
-0.370542 0.346261 0.352712 -0.371853 0.319486 0.358092
-0.370523 0.346751 0.352615 -0.371816 0.320429 0.357906
-0.370504 0.347241 0.352518 -0.371797 0.3209 0.357813
-0.370484 0.347731 0.352421 -0.371778 0.321371 0.35772
-0.370465 0.348221 0.352325 -0.371759 0.321841 0.357627
-0.370446 0.348712 0.352228 -0.37174 0.322311 0.357535
-0.370426 0.349202 0.352131 -0.371722 0.322781 0.357442
-0.370407 0.349692 0.352034 -0.371703 0.323251 0.357349
-0.370388 0.350182 0.351938 -0.371684 0.323721 0.357257
-0.370368 0.350672 0.351841 -0.371665 0.324191 0.357164
-0.370349 0.351162 0.351744 -0.371646 0.32466 0.357072
-0.37033 0.351653 0.351648 -0.371628 0.32513 0.356979
-0.37031 0.352143 0.351551 -0.371609 0.325599 0.356887
-0.370291 0.352633 0.351454 -0.37159 0.326069 0.356794
-0.370271 0.353123 0.351357 -0.371571 0.326538 0.356702
-0.370252 0.353613 0.351261 -0.371553 0.327007 0.356609
-0.370233 0.354103 0.351164 -0.371534 0.327476 0.356517
-0.370213 0.354594 0.351067 -0.371515 0.327945 0.356424
-0.370194 0.355084 0.35097 -0.371496 0.328414 0.356332
-0.370175 0.355574 0.350874 -0.371478 0.328883 0.356239
-0.370155 0.356064 0.350777 -0.371459 0.329352 0.356147
-0.370136 0.356554 0.35068 -0.37144 0.329821 0.356054
-0.370117 0.357044 0.350583 -0.371422 0.33029 0.355962
-0.370097 0.357535 0.350487 -0.371403 0.33076 0.355869
-0.370078 0.358025 0.35039 -0.371384 0.33123 0.355777
-0.370059 0.358515 0.350293 -0.371366 0.331699 0.355684
-0.370039 0.359005 0.350196 -0.371347 0.332169 0.355592
-0.37002 0.359495 0.3501 -0.371328 0.33264 0.355499
-0.370001 0.359985 0.350003 -0.37131 0.33311 0.355406
-0.369981 0.360476 0.349906 -0.371291 0.33358 0.355314
-0.370001 0.359985 0.350003 -0.371272 0.334051 0.355221
-0.369981 0.360476 0.349906 -0.371254 0.334522 0.355128
-0.370001 0.359985 0.350003 -0.371235 0.334992 0.355035
-0.369981 0.360476 0.349906 -0.371216 0.335463 0.354943
-0.370001 0.359985 0.350003 -0.371198 0.335934 0.35485
-0.369981 0.360476 0.349906 -0.371179 0.336404 0.354757
-0.370001 0.359985 0.350003 -0.37116 0.336874 0.354665
-0.369981 0.360476 0.349906 -0.371142 0.337343 0.354572
-0.370001 0.359985 0.350003 -0.371123 0.33781 0.35448
-0.369981 0.360476 0.349906 -0.371104 0.338277 0.354388
-0.370001 0.359985 0.350003 -0.371086 0.338741 0.354297
-0.369981 0.360476 0.349906 -0.371067 0.339203 0.354205
-0.370001 0.359985 0.350003 -0.371048 0.339662 0.354115
-0.369981 0.360476 0.349906 -0.371029 0.340117 0.354025
-0.370001 0.359985 0.350003 -0.370992 0.341018 0.353846
-0.369981 0.360476 0.349906 -0.370973 0.341462 0.353758
-0.370001 0.359985 0.350003 -0.370954 0.341902 0.353671
-0.369981 0.360476 0.349906 -0.370935 0.342337 0.353585
-0.370001 0.359985 0.350003 -0.370916 0.342768 0.353499
-0.369981 0.360476 0.349906 -0.370897 0.343193 0.353414
-0.370001 0.359985 0.350003 -0.370879 0.343613 0.353331
-0.369981 0.360476 0.349906 -0.37086 0.344027 0.353248
-0.370001 0.359985 0.350003 -0.370841 0.344436 0.353167
-0.369981 0.360476 0.349906 -0.370823 0.344839 0.353086
-0.370001 0.359985 0.350003 -0.370804 0.345236 0.353007
-0.369981 0.360476 0.349906 -0.370786 0.345627 0.352928
-0.370001 0.359985 0.350003 -0.370768 0.346012 0.352851
-0.369981 0.360476 0.349906 -0.370749 0.346391 0.352775
-0.370001 0.359985 0.350003 -0.370731 0.346763 0.3527
-0.369981 0.360476 0.349906 -0.370713 0.34713 0.352627
-0.370001 0.359985 0.350003 -0.370696 0.34749 0.352554
-0.369981 0.360476 0.349906 -0.370678 0.347843 0.352483
-0.370001 0.359985 0.350003 -0.370661 0.34819 0.352413
-0.369981 0.360476 0.349906 -0.370643 0.348531 0.352344
-0.370001 0.359985 0.350003 -0.370626 0.348865 0.352277
-0.369981 0.360476 0.349906 -0.370609 0.349192 0.352211
-0.370001 0.359985 0.350003 -0.370593 0.349513 0.352146
-0.369981 0.360476 0.349906 -0.370576 0.349828 0.352082
-0.370001 0.359985 0.350003 -0.37056 0.350136 0.352019
-0.369981 0.360476 0.349906 -0.370544 0.350438 0.351958
-0.370001 0.359985 0.350003 -0.370528 0.350734 0.351898
-0.369981 0.360476 0.349906 -0.370512 0.351024 0.351839
-0.370001 0.359985 0.350003 -0.370497 0.351308 0.351781
-0.369981 0.360476 0.349906 -0.370467 0.351858 0.351669
-0.370001 0.359985 0.350003 -0.370452 0.352124 0.351615
-0.369981 0.360476 0.349906 -0.370438 0.352384 0.351562
-0.370001 0.359985 0.350003 -0.370424 0.352638 0.35151
-0.369981 0.360476 0.349906 -0.37041 0.352887 0.35146
-0.370001 0.359985 0.350003 -0.370396 0.353129 0.35141
-0.369981 0.360476 0.349906 -0.370383 0.353365 0.351362
-0.370001 0.359985 0.350003 -0.37037 0.353596 0.351315
-0.369981 0.360476 0.349906 -0.370357 0.35382 0.351269
-0.370001 0.359985 0.350003 -0.370344 0.354039 0.351224
-0.369981 0.360476 0.349906 -0.370332 0.354253 0.35118
-0.370001 0.359985 0.350003 -0.37032 0.354461 0.351138
-0.369981 0.360476 0.349906 -0.370308 0.354664 0.351096
-0.370001 0.359985 0.350003 -0.370297 0.354861 0.351055
-0.369981 0.360476 0.349906 -0.370285 0.355053 0.351016
-0.370001 0.359985 0.350003 -0.370274 0.35524 0.350978
-0.369981 0.360476 0.349906 -0.370264 0.355423 0.35094
-0.370001 0.359985 0.350003 -0.370253 0.3556 0.350904
-0.369981 0.360476 0.349906 -0.370243 0.355772 0.350868
-0.370001 0.359985 0.350003 -0.370233 0.35594 0.350834
-0.369981 0.360476 0.349906 -0.370223 0.356102 0.350801
-0.370001 0.359985 0.350003 -0.370214 0.356261 0.350768
-0.369981 0.360476 0.349906 -0.370205 0.356414 0.350736
-0.370001 0.359985 0.350003 -0.370196 0.356563 0.350706
-0.369981 0.360476 0.349906 -0.370187 0.356708 0.350676
-0.370001 0.359985 0.350003 -0.370179 0.356849 0.350647
-0.369981 0.360476 0.349906 -0.370171 0.356985 0.350619
-0.370001 0.359985 0.350003 -0.370163 0.357117 0.350592
-0.369981 0.360476 0.349906 -0.370155 0.357245 0.350565
-0.370001 0.359985 0.350003 -0.370148 0.357369 0.35054
-0.369981 0.360476 0.349906 -0.370141 0.357489 0.350515
-0.370001 0.359985 0.350003 -0.370134 0.357605 0.350491
-0.369981 0.360476 0.349906 -0.370127 0.357717 0.350468
-0.370001 0.359985 0.350003 -0.370121 0.357826 0.350446
-0.369981 0.360476 0.349906 -0.370114 0.35793 0.350424
-0.370001 0.359985 0.350003 -0.370108 0.358032 0.350403
-0.369981 0.360476 0.349906 -0.370102 0.358129 0.350383
-0.370001 0.359985 0.350003 -0.370097 0.358223 0.350364
-0.369981 0.360476 0.349906 -0.370091 0.358314 0.350345
-0.370001 0.359985 0.350003 -0.370086 0.358401 0.350327
-0.369981 0.360476 0.349906 -0.370081 0.358485 0.35031
-0.370001 0.359985 0.350003 -0.370076 0.358565 0.350293
-0.369981 0.360476 0.349906 -0.370071 0.358643 0.350277
-0.370001 0.359985 0.350003 -0.370067 0.358717 0.350262
-0.369981 0.360476 0.349906 -0.370062 0.358789 0.350247
-0.370001 0.359985 0.350003 -0.370058 0.358858 0.350233
-0.369981 0.360476 0.349906 -0.370054 0.358923 0.350219
-0.370001 0.359985 0.350003 -0.37005 0.358987 0.350206
-0.369981 0.360476 0.349906 -0.370043 0.359105 0.350181
