-0.399991 -0.399777 0.499956 -0.40001 -0.400267 0.500052
-0.399972 -0.399287 0.499859 -0.40001 -0.400267 0.500052
-0.399953 -0.398797 0.499763 -0.40001 -0.400267 0.500052
-0.399933 -0.398307 0.499666 -0.40001 -0.400267 0.500052
-0.399914 -0.397817 0.499569 -0.40001 -0.400267 0.500052
-0.399894 -0.397327 0.499472 -0.40001 -0.400267 0.500052
-0.399875 -0.396836 0.499376 -0.40001 -0.400267 0.500052
-0.399856 -0.396346 0.499279 -0.40001 -0.400264 0.500052
-0.399836 -0.395856 0.499182 -0.40001 -0.400262 0.500051
-0.399817 -0.395366 0.499085 -0.400009 -0.400258 0.50005
-0.399798 -0.394876 0.498989 -0.400009 -0.400253 0.500049
-0.399778 -0.394386 0.498892 -0.400009 -0.400246 0.500048
-0.399759 -0.393895 0.498795 -0.400009 -0.400237 0.500046
-0.39974 -0.393405 0.498698 -0.400008 -0.400226 0.500044
-0.39972 -0.392915 0.498602 -0.400008 -0.400213 0.500042
-0.399701 -0.392425 0.498505 -0.400007 -0.400199 0.500039
-0.399682 -0.391935 0.498408 -0.400007 -0.400183 0.500036
-0.399662 -0.391444 0.498311 -0.400005 -0.400148 0.500029
-0.399643 -0.390954 0.498215 -0.400004 -0.400129 0.500025
-0.399624 -0.390464 0.498118 -0.400004 -0.400107 0.500021
-0.399604 -0.389974 0.498021 -0.400003 -0.400081 0.500016
-0.399585 -0.389484 0.497924 -0.400001 -0.400049 0.500009
-0.399566 -0.388994 0.497828 -0.4 -0.40001 0.500002
-0.399546 -0.388503 0.497731 -0.399998 -0.399965 0.499993
-0.399527 -0.388013 0.497634 -0.399997 -0.399913 0.499983
-0.399507 -0.387523 0.497537 -0.399994 -0.399854 0.499972
-0.399488 -0.387033 0.497441 -0.399992 -0.399788 0.499959
-0.399469 -0.386543 0.497344 -0.39999 -0.399716 0.499945
-0.399449 -0.386053 0.497247 -0.399987 -0.399637 0.49993
-0.39943 -0.385562 0.49715 -0.399984 -0.39955 0.499913
-0.399411 -0.385072 0.497054 -0.399981 -0.399456 0.499895
-0.399391 -0.384582 0.496957 -0.399978 -0.399354 0.499875
-0.399372 -0.384092 0.49686 -0.399974 -0.399244 0.499854
-0.399353 -0.383602 0.496764 -0.39997 -0.399127 0.499832
-0.399333 -0.383112 0.496667 -0.399966 -0.399002 0.499808
-0.399314 -0.382621 0.49657 -0.399962 -0.39887 0.499783
-0.399295 -0.382131 0.496473 -0.399957 -0.398731 0.499756
-0.399275 -0.381641 0.496377 -0.399953 -0.398584 0.499728
-0.399256 -0.381151 0.49628 -0.399948 -0.398429 0.499698
-0.399237 -0.380661 0.496183 -0.399937 -0.398099 0.499635
-0.399217 -0.380171 0.496086 -0.399932 -0.397922 0.499602
-0.399198 -0.37968 0.49599 -0.399926 -0.397739 0.499566
-0.399179 -0.37919 0.495893 -0.39992 -0.397548 0.49953
-0.399159 -0.3787 0.495796 -0.399914 -0.39735 0.499492
-0.39914 -0.37821 0.495699 -0.399907 -0.397145 0.499453
-0.399121 -0.37772 0.495603 -0.399901 -0.396934 0.499413
-0.399101 -0.37723 0.495506 -0.399894 -0.396715 0.499371
-0.399082 -0.376739 0.495409 -0.399887 -0.39649 0.499328
-0.399062 -0.376249 0.495312 -0.399879 -0.396259 0.499284
-0.399043 -0.375759 0.495216 -0.399872 -0.39602 0.499239
-0.399024 -0.375269 0.495119 -0.399864 -0.395776 0.499192
-0.399004 -0.374779 0.495022 -0.399856 -0.395525 0.499144
-0.398985 -0.374289 0.494925 -0.399848 -0.395268 0.499096
-0.398966 -0.373798 0.494829 -0.39984 -0.395006 0.499045
-0.398946 -0.373308 0.494732 -0.399832 -0.394738 0.498994
-0.398927 -0.372818 0.494635 -0.399823 -0.394464 0.498942
-0.398908 -0.372328 0.494538 -0.399814 -0.394185 0.498889
-0.398888 -0.371838 0.494442 -0.399805 -0.3939 0.498834
-0.398869 -0.371348 0.494345 -0.399796 -0.39361 0.498779
-0.39885 -0.370857 0.494248 -0.399787 -0.393315 0.498723
-0.39883 -0.370367 0.494151 -0.399777 -0.393015 0.498665
-0.398811 -0.369877 0.494055 -0.399768 -0.392709 0.498607
-0.398792 -0.369387 0.493958 -0.399758 -0.392399 0.498548
-0.398772 -0.368897 0.493861 -0.399748 -0.392083 0.498487
-0.398753 -0.368407 0.493764 -0.399738 -0.391763 0.498426
-0.398734 -0.367916 0.493668 -0.399727 -0.391438 0.498364
-0.398714 -0.367426 0.493571 -0.399717 -0.391109 0.498301
-0.398695 -0.366936 0.493474 -0.399706 -0.390775 0.498237
-0.398675 -0.366446 0.493377 -0.399695 -0.390436 0.498172
-0.398656 -0.365956 0.493281 -0.399673 -0.389746 0.49804
-0.398637 -0.365466 0.493184 -0.399661 -0.389395 0.497972
-0.398617 -0.364975 0.493087 -0.39965 -0.389039 0.497904
-0.398598 -0.364485 0.49299 -0.399638 -0.38868 0.497835
-0.398579 -0.363995 0.492894 -0.399626 -0.388316 0.497765
-0.398559 -0.363505 0.492797 -0.399614 -0.387949 0.497695
-0.39854 -0.363015 0.4927 -0.399602 -0.387578 0.497624
-0.398521 -0.362524 0.492604 -0.39959 -0.387203 0.497552
-0.398501 -0.362034 0.492507 -0.399577 -0.386824 0.497479
-0.398482 -0.361544 0.49241 -0.399565 -0.386442 0.497405
-0.398463 -0.361054 0.492313 -0.399539 -0.385668 0.497256
-0.398443 -0.360564 0.492217 -0.399526 -0.385277 0.497181
-0.398424 -0.360074 0.49212 -0.399513 -0.384881 0.497105
-0.398405 -0.359583 0.492023 -0.399499 -0.384483 0.497028
-0.398385 -0.359093 0.491926 -0.399486 -0.384082 0.496951
-0.398366 -0.358603 0.49183 -0.399472 -0.383678 0.496873
-0.398347 -0.358113 0.491733 -0.399458 -0.383272 0.496794
-0.398327 -0.357623 0.491636 -0.399444 -0.382863 0.496715
-0.398308 -0.357133 0.491539 -0.39943 -0.382452 0.496636
-0.398289 -0.356642 0.491443 -0.399416 -0.382039 0.496556
-0.398269 -0.356152 0.491346 -0.399402 -0.381623 0.496475
-0.39825 -0.355662 0.491249 -0.399387 -0.381206 0.496394
-0.39823 -0.355172 0.491152 -0.399373 -0.380787 0.496313
-0.398211 -0.354682 0.491056 -0.399358 -0.380365 0.496232
-0.398192 -0.354192 0.490959 -0.399343 -0.379942 0.496149
-0.398172 -0.353701 0.490862 -0.399328 -0.379517 0.496067
-0.398153 -0.353211 0.490765 -0.399298 -0.378661 0.495901
-0.398134 -0.352721 0.490669 -0.399283 -0.378231 0.495817
-0.398114 -0.352231 0.490572 -0.399268 -0.377799 0.495733
-0.398095 -0.351741 0.490475 -0.399252 -0.377367 0.495649
-0.398076 -0.351251 0.490378 -0.399236 -0.376933 0.495564
-0.398056 -0.35076 0.490282 -0.399221 -0.376498 0.49548
-0.398037 -0.35027 0.490185 -0.399205 -0.376062 0.495395
-0.398018 -0.34978 0.490088 -0.399189 -0.375624 0.495309
-0.397998 -0.34929 0.489991 -0.399173 -0.375186 0.495224
-0.397979 -0.3488 0.489895 -0.399157 -0.374746 0.495138
-0.39796 -0.34831 0.489798 -0.399141 -0.374306 0.495052
-0.39794 -0.347819 0.489701 -0.399125 -0.373864 0.494965
-0.397921 -0.347329 0.489604 -0.399109 -0.373421 0.494879
-0.397902 -0.346839 0.489508 -0.399092 -0.372978 0.494792
-0.397882 -0.346349 0.489411 -0.399076 -0.372533 0.494705
-0.397863 -0.345859 0.489314 -0.399059 -0.372087 0.494618
-0.397843 -0.345369 0.489217 -0.399043 -0.371641 0.49453
-0.397824 -0.344878 0.489121 -0.399026 -0.371193 0.494443
-0.397805 -0.344388 0.489024 -0.399009 -0.370745 0.494355
-0.397785 -0.343898 0.488927 -0.398992 -0.370296 0.494267
-0.397766 -0.343408 0.488831 -0.398976 -0.369846 0.494178
-0.397747 -0.342918 0.488734 -0.398959 -0.369396 0.49409
-0.397727 -0.342428 0.488637 -0.398942 -0.368945 0.494001
-0.397708 -0.341937 0.48854 -0.398925 -0.368493 0.493913
-0.397689 -0.341447 0.488444 -0.39889 -0.367588 0.493735
-0.397669 -0.340957 0.488347 -0.398873 -0.367134 0.493646
-0.39765 -0.340467 0.48825 -0.398856 -0.366679 0.493556
-0.397631 -0.339977 0.488153 -0.398838 -0.366224 0.493467
-0.397611 -0.339487 0.488057 -0.398821 -0.365768 0.493377
-0.397592 -0.338996 0.48796 -0.398804 -0.365312 0.493287
-0.397573 -0.338506 0.487863 -0.398786 -0.364855 0.493197
-0.397553 -0.338016 0.487766 -0.398769 -0.364397 0.493107
-0.397534 -0.337526 0.48767 -0.398751 -0.363938 0.493017
-0.397515 -0.337036 0.487573 -0.398733 -0.363479 0.492927
-0.397495 -0.336546 0.487476 -0.398716 -0.363019 0.492836
-0.397476 -0.336055 0.487379 -0.398698 -0.362559 0.492745
-0.397457 -0.335565 0.487283 -0.39868 -0.362098 0.492655
-0.397437 -0.335075 0.487186 -0.398663 -0.361636 0.492564
-0.397418 -0.334585 0.487089 -0.398645 -0.361174 0.492473
-0.397398 -0.334095 0.486992 -0.398627 -0.360712 0.492381
-0.397379 -0.333604 0.486896 -0.398609 -0.360249 0.49229
-0.39736 -0.333114 0.486799 -0.398591 -0.359786 0.492199
-0.39734 -0.332624 0.486702 -0.398573 -0.359323 0.492108
-0.397321 -0.332134 0.486605 -0.398555 -0.35886 0.492016
-0.397302 -0.331644 0.486509 -0.398537 -0.358397 0.491925
-0.397282 -0.331154 0.486412 -0.398501 -0.357469 0.491742
-0.397263 -0.330663 0.486315 -0.398483 -0.357005 0.49165
-0.397244 -0.330173 0.486218 -0.398465 -0.35654 0.491558
-0.397224 -0.329683 0.486122 -0.398447 -0.356076 0.491466
-0.397205 -0.329193 0.486025 -0.398428 -0.35561 0.491375
-0.397186 -0.328703 0.485928 -0.39841 -0.355145 0.491283
-0.397166 -0.328213 0.485831 -0.398392 -0.354678 0.491191
-0.397147 -0.327722 0.485735 -0.398374 -0.354212 0.491098
-0.397128 -0.327232 0.485638 -0.398355 -0.353745 0.491006
-0.397108 -0.326742 0.485541 -0.398337 -0.353278 0.490914
-0.397089 -0.326252 0.485444 -0.398319 -0.352811 0.490822
-0.39707 -0.325762 0.485348 -0.398301 -0.352343 0.490729
-0.39705 -0.325272 0.485251 -0.398282 -0.351875 0.490637
-0.397031 -0.324781 0.485154 -0.398264 -0.351406 0.490544
-0.397011 -0.324291 0.485057 -0.398245 -0.350937 0.490451
-0.396992 -0.323801 0.484961 -0.398227 -0.350468 0.490359
-0.396973 -0.323311 0.484864 -0.398209 -0.349999 0.490266
-0.396953 -0.322821 0.484767 -0.39819 -0.349529 0.490173
-0.396934 -0.322331 0.484671 -0.398172 -0.349059 0.49008
-0.396915 -0.32184 0.484574 -0.398153 -0.348589 0.489987
-0.396895 -0.32135 0.484477 -0.398135 -0.348119 0.489894
-0.396876 -0.32086 0.48438 -0.398116 -0.347648 0.489801
-0.396857 -0.32037 0.484284 -0.398098 -0.347177 0.489708
-0.396837 -0.31988 0.484187 -0.398079 -0.346706 0.489615
-0.396818 -0.31939 0.48409 -0.398061 -0.346235 0.489522
-0.396799 -0.318899 0.483993 -0.398042 -0.345763 0.489429
-0.396779 -0.318409 0.483897 -0.398024 -0.345291 0.489335
-0.39676 -0.317919 0.4838 -0.398005 -0.344819 0.489242
-0.396741 -0.317429 0.483703 -0.397987 -0.344346 0.489148
-0.396721 -0.316939 0.483606 -0.397968 -0.343873 0.489055
-0.396702 -0.316449 0.48351 -0.39795 -0.3434 0.488961
-0.396683 -0.315958 0.483413 -0.397931 -0.342926 0.488868
-0.396663 -0.315468 0.483316 -0.397912 -0.342453 0.488774
-0.396644 -0.314978 0.483219 -0.397894 -0.341979 0.48868
-0.396625 -0.314488 0.483123 -0.397875 -0.341505 0.488587
-0.396605 -0.313998 0.483026 -0.397856 -0.341031 0.488493
-0.396586 -0.313508 0.482929 -0.397838 -0.340557 0.488399
-0.396566 -0.313017 0.482832 -0.397819 -0.340083 0.488305
-0.396547 -0.312527 0.482736 -0.397801 -0.33961 0.488212
-0.396528 -0.312037 0.482639 -0.397782 -0.339136 0.488118
-0.396508 -0.311547 0.482542 -0.397744 -0.338188 0.487931
-0.396489 -0.311057 0.482445 -0.397726 -0.337714 0.487837
-0.39647 -0.310567 0.482349 -0.397707 -0.33724 0.487743
-0.39645 -0.310076 0.482252 -0.397688 -0.336766 0.487649
-0.396431 -0.309586 0.482155 -0.39767 -0.336292 0.487556
-0.396412 -0.309096 0.482058 -0.397651 -0.335818 0.487462
-0.396392 -0.308606 0.481962 -0.397632 -0.335344 0.487368
-0.396373 -0.308116 0.481865 -0.397614 -0.334869 0.487274
-0.396354 -0.307626 0.481768 -0.397595 -0.334394 0.48718
-0.396334 -0.307135 0.481671 -0.397576 -0.33392 0.487086
-0.396315 -0.306645 0.481575 -0.397557 -0.333445 0.486992
-0.396296 -0.306155 0.481478 -0.397539 -0.332971 0.486898
-0.396276 -0.305665 0.481381 -0.39752 -0.332497 0.486805
-0.396257 -0.305175 0.481284 -0.397501 -0.332022 0.486711
-0.396238 -0.304684 0.481188 -0.397483 -0.331548 0.486617
-0.396218 -0.304194 0.481091 -0.397464 -0.331074 0.486523
-0.396199 -0.303704 0.480994 -0.397445 -0.3306 0.486429
-0.396179 -0.303214 0.480897 -0.397426 -0.330126 0.486336
-0.39616 -0.302724 0.480801 -0.397408 -0.329652 0.486242
-0.396141 -0.302234 0.480704 -0.39737 -0.328705 0.486054
-0.396121 -0.301743 0.480607 -0.397352 -0.328232 0.485961
-0.396102 -0.301253 0.480511 -0.397333 -0.327759 0.485867
-0.396083 -0.300763 0.480414 -0.397314 -0.327288 0.485774
-0.396063 -0.300273 0.480317 -0.397295 -0.326816 0.48568
-0.396044 -0.299783 0.48022 -0.397277 -0.326345 0.485587
-0.396025 -0.299293 0.480124 -0.397258 -0.325874 0.485494
-0.396005 -0.298802 0.480027 -0.397239 -0.325402 0.4854
-0.395986 -0.298312 0.47993 -0.397221 -0.324931 0.485307
-0.395967 -0.297822 0.479833 -0.397202 -0.324459 0.485214
-0.395947 -0.297332 0.479737 -0.397183 -0.323988 0.48512
-0.395928 -0.296842 0.47964 -0.397164 -0.323516 0.485027
-0.395909 -0.296352 0.479543 -0.397146 -0.323044 0.484933
-0.395889 -0.295861 0.479446 -0.397127 -0.322572 0.48484
-0.39587 -0.295371 0.47935 -0.397108 -0.3221 0.484747
-0.395851 -0.294881 0.479253 -0.39709 -0.321627 0.484653
-0.395831 -0.294391 0.479156 -0.397071 -0.321155 0.48456
-0.395812 -0.293901 0.479059 -0.397052 -0.320683 0.484466
-0.395793 -0.293411 0.478963 -0.397034 -0.320211 0.484373
-0.395773 -0.29292 0.478866 -0.397015 -0.319739 0.484279
-0.395754 -0.29243 0.478769 -0.396996 -0.319267 0.484186
-0.395734 -0.29194 0.478672 -0.396978 -0.318796 0.484093
-0.395715 -0.29145 0.478576 -0.396959 -0.318324 0.483999
-0.395696 -0.29096 0.478479 -0.396941 -0.317853 0.483906
-0.395676 -0.29047 0.478382 -0.396922 -0.317382 0.483813
-0.395657 -0.289979 0.478285 -0.396903 -0.31691 0.483719
-0.395638 -0.289489 0.478189 -0.396885 -0.316438 0.483626
-0.395618 -0.288999 0.478092 -0.396866 -0.315966 0.483533
-0.395599 -0.288509 0.477995 -0.396847 -0.315494 0.483439
-0.39558 -0.288019 0.477898 -0.396829 -0.315022 0.483346
-0.39556 -0.287529 0.477802 -0.39681 -0.314549 0.483252
-0.395541 -0.287038 0.477705 -0.396792 -0.314076 0.483159
-0.395522 -0.286548 0.477608 -0.396773 -0.313604 0.483065
-0.395502 -0.286058 0.477511 -0.396754 -0.313131 0.482972
-0.395483 -0.285568 0.477415 -0.396736 -0.312658 0.482878
-0.395464 -0.285078 0.477318 -0.396717 -0.312185 0.482785
-0.395444 -0.284588 0.477221 -0.396699 -0.311713 0.482691
-0.395425 -0.284097 0.477124 -0.39668 -0.311239 0.482598
-0.395406 -0.283607 0.477028 -0.396661 -0.310766 0.482504
-0.395386 -0.283117 0.476931 -0.396643 -0.310292 0.48241
-0.395367 -0.282627 0.476834 -0.396624 -0.309818 0.482317
-0.395348 -0.282137 0.476738 -0.396606 -0.309344 0.482223
-0.395328 -0.281647 0.476641 -0.396587 -0.30887 0.482129
-0.395309 -0.281156 0.476544 -0.396568 -0.308396 0.482035
-0.395289 -0.280666 0.476447 -0.39655 -0.307921 0.481942
-0.39527 -0.280176 0.476351 -0.396531 -0.307446 0.481848
-0.395251 -0.279686 0.476254 -0.396513 -0.306971 0.481754
-0.395231 -0.279196 0.476157 -0.396494 -0.306496 0.48166
-0.395212 -0.278705 0.47606 -0.396457 -0.305545 0.481472
-0.395193 -0.278215 0.475964 -0.396438 -0.305069 0.481378
-0.395173 -0.277725 0.475867 -0.39642 -0.304593 0.481284
-0.395154 -0.277235 0.47577 -0.396401 -0.304117 0.48119
-0.395135 -0.276745 0.475673 -0.396383 -0.303641 0.481096
-0.395115 -0.276255 0.475577 -0.396364 -0.303165 0.481001
-0.395096 -0.275764 0.47548 -0.396345 -0.302688 0.480907
-0.395077 -0.275274 0.475383 -0.396327 -0.302211 0.480813
-0.395057 -0.274784 0.475286 -0.396308 -0.301734 0.480719
-0.395038 -0.274294 0.47519 -0.396289 -0.301257 0.480624
-0.395019 -0.273804 0.475093 -0.396271 -0.30078 0.48053
-0.394999 -0.273314 0.474996 -0.396252 -0.300302 0.480436
-0.39498 -0.272823 0.474899 -0.396234 -0.299824 0.480341
-0.394961 -0.272333 0.474803 -0.396215 -0.299346 0.480247
-0.394941 -0.271843 0.474706 -0.396196 -0.298868 0.480152
-0.394922 -0.271353 0.474609 -0.396178 -0.29839 0.480058
-0.394902 -0.270863 0.474512 -0.396159 -0.297912 0.479964
-0.394883 -0.270373 0.474416 -0.39614 -0.297434 0.479869
-0.394864 -0.269882 0.474319 -0.396122 -0.296956 0.479775
-0.394844 -0.269392 0.474222 -0.396103 -0.296479 0.47968
-0.394825 -0.268902 0.474125 -0.396084 -0.296002 0.479586
-0.394806 -0.268412 0.474029 -0.396066 -0.295524 0.479492
-0.394786 -0.267922 0.473932 -0.396047 -0.295047 0.479397
-0.394767 -0.267432 0.473835 -0.396028 -0.29457 0.479303
-0.394748 -0.266941 0.473738 -0.39601 -0.294093 0.479209
-0.394728 -0.266451 0.473642 -0.395991 -0.293616 0.479114
-0.394709 -0.265961 0.473545 -0.395972 -0.293139 0.47902
-0.39469 -0.265471 0.473448 -0.395954 -0.292662 0.478926
-0.39467 -0.264981 0.473351 -0.395935 -0.292185 0.478832
-0.394651 -0.264491 0.473255 -0.395916 -0.291709 0.478737
-0.394632 -0.264 0.473158 -0.395879 -0.290755 0.478549
-0.394612 -0.26351 0.473061 -0.39586 -0.290278 0.478455
-0.394593 -0.26302 0.472964 -0.395842 -0.289801 0.47836
-0.394574 -0.26253 0.472868 -0.395823 -0.289324 0.478266
-0.394554 -0.26204 0.472771 -0.395804 -0.288847 0.478172
-0.394535 -0.26155 0.472674 -0.395786 -0.28837 0.478077
-0.394516 -0.261059 0.472578 -0.395767 -0.287893 0.477983
-0.394496 -0.260569 0.472481 -0.395748 -0.287415 0.477889
-0.394477 -0.260079 0.472384 -0.39573 -0.286938 0.477794
-0.394457 -0.259589 0.472287 -0.395711 -0.28646 0.4777
-0.394438 -0.259099 0.472191 -0.395692 -0.285983 0.477605
-0.394419 -0.258609 0.472094 -0.395674 -0.285505 0.477511
-0.394399 -0.258118 0.471997 -0.395655 -0.285028 0.477417
-0.39438 -0.257628 0.4719 -0.395636 -0.28455 0.477322
-0.394361 -0.257138 0.471804 -0.395617 -0.284072 0.477228
-0.394341 -0.256648 0.471707 -0.395599 -0.283594 0.477133
-0.394322 -0.256158 0.47161 -0.39558 -0.283115 0.477039
-0.394303 -0.255668 0.471513 -0.395561 -0.282637 0.476944
-0.394283 -0.255177 0.471417 -0.395543 -0.282159 0.47685
-0.394264 -0.254687 0.47132 -0.395524 -0.281682 0.476755
-0.394245 -0.254197 0.471223 -0.395505 -0.281204 0.476661
-0.394225 -0.253707 0.471126 -0.395487 -0.280727 0.476567
-0.394206 -0.253217 0.47103 -0.395468 -0.28025 0.476472
-0.394187 -0.252727 0.470933 -0.395449 -0.279774 0.476378
-0.394167 -0.252236 0.470836 -0.39543 -0.279297 0.476284
-0.394148 -0.251746 0.470739 -0.395412 -0.278821 0.47619
-0.394129 -0.251256 0.470643 -0.395393 -0.278345 0.476095
-0.394109 -0.250766 0.470546 -0.395374 -0.277869 0.476001
-0.39409 -0.250276 0.470449 -0.395356 -0.277393 0.475907
-0.39407 -0.249785 0.470352 -0.395318 -0.276441 0.475719
-0.394051 -0.249295 0.470256 -0.395299 -0.275965 0.475625
-0.394032 -0.248805 0.470159 -0.395281 -0.275489 0.475531
-0.394012 -0.248315 0.470062 -0.395262 -0.275013 0.475437
-0.393993 -0.247825 0.469965 -0.395243 -0.274538 0.475343
-0.393974 -0.247335 0.469869 -0.395225 -0.274062 0.475248
-0.393954 -0.246844 0.469772 -0.395206 -0.273586 0.475154
-0.393935 -0.246354 0.469675 -0.395187 -0.27311 0.47506
-0.393916 -0.245864 0.469578 -0.395169 -0.272634 0.474966
-0.393896 -0.245374 0.469482 -0.39515 -0.272158 0.474872
-0.393877 -0.244884 0.469385 -0.395131 -0.271682 0.474778
-0.393858 -0.244394 0.469288 -0.395113 -0.271206 0.474684
-0.393838 -0.243903 0.469191 -0.395094 -0.27073 0.474589
-0.393819 -0.243413 0.469095 -0.395075 -0.270253 0.474495
-0.3938 -0.242923 0.468998 -0.395057 -0.269777 0.474401
-0.39378 -0.242433 0.468901 -0.395038 -0.2693 0.474307
-0.393761 -0.241943 0.468804 -0.395019 -0.268823 0.474213
-0.393742 -0.241453 0.468708 -0.395001 -0.268346 0.474118
-0.393722 -0.240962 0.468611 -0.394982 -0.267869 0.474024
-0.393703 -0.240472 0.468514 -0.394963 -0.267392 0.47393
-0.393684 -0.239982 0.468418 -0.394945 -0.266914 0.473835
-0.393664 -0.239492 0.468321 -0.394926 -0.266437 0.473741
-0.393645 -0.239002 0.468224 -0.394907 -0.265959 0.473646
-0.393625 -0.238512 0.468127 -0.394889 -0.265482 0.473552
-0.393606 -0.238021 0.468031 -0.39487 -0.265004 0.473458
-0.393587 -0.237531 0.467934 -0.394851 -0.264526 0.473363
-0.393567 -0.237041 0.467837 -0.394833 -0.264048 0.473269
-0.393548 -0.236551 0.46774 -0.394814 -0.26357 0.473174
-0.393529 -0.236061 0.467644 -0.394795 -0.263091 0.47308
-0.393509 -0.235571 0.467547 -0.394776 -0.262613 0.472985
-0.39349 -0.23508 0.46745 -0.394758 -0.262135 0.47289
-0.393471 -0.23459 0.467353 -0.394739 -0.261656 0.472796
-0.393451 -0.2341 0.467257 -0.39472 -0.261178 0.472701
-0.393432 -0.23361 0.46716 -0.394702 -0.2607 0.472607
-0.393413 -0.23312 0.467063 -0.394683 -0.260222 0.472512
-0.393393 -0.23263 0.466966 -0.394664 -0.259744 0.472418
-0.393374 -0.232139 0.46687 -0.394646 -0.259266 0.472323
-0.393355 -0.231649 0.466773 -0.394627 -0.258788 0.472229
-0.393335 -0.231159 0.466676 -0.394608 -0.258311 0.472134
-0.393316 -0.230669 0.466579 -0.39459 -0.257833 0.47204
-0.393297 -0.230179 0.466483 -0.394571 -0.257355 0.471946
-0.393277 -0.229689 0.466386 -0.394552 -0.256878 0.471851
-0.393258 -0.229198 0.466289 -0.394534 -0.2564 0.471757
-0.393238 -0.228708 0.466192 -0.394515 -0.255923 0.471662
-0.393219 -0.228218 0.466096 -0.394496 -0.255445 0.471568
-0.3932 -0.227728 0.465999 -0.394477 -0.254968 0.471474
-0.39318 -0.227238 0.465902 -0.39444 -0.254013 0.471285
-0.393161 -0.226748 0.465805 -0.394421 -0.253536 0.47119
-0.393142 -0.226257 0.465709 -0.394403 -0.253059 0.471096
-0.393122 -0.225767 0.465612 -0.394384 -0.252582 0.471002
-0.393103 -0.225277 0.465515 -0.394365 -0.252105 0.470908
-0.393084 -0.224787 0.465418 -0.394347 -0.251628 0.470813
-0.393064 -0.224297 0.465322 -0.394328 -0.251151 0.470719
-0.393045 -0.223807 0.465225 -0.394309 -0.250674 0.470625
-0.393026 -0.223316 0.465128 -0.39429 -0.250197 0.47053
-0.393006 -0.222826 0.465031 -0.394272 -0.24972 0.470436
-0.392987 -0.222336 0.464935 -0.394253 -0.249242 0.470341
-0.392968 -0.221846 0.464838 -0.394234 -0.248764 0.470247
-0.392948 -0.221356 0.464741 -0.394216 -0.248287 0.470152
-0.392929 -0.220865 0.464645 -0.394197 -0.247809 0.470058
-0.39291 -0.220375 0.464548 -0.394178 -0.247331 0.469964
-0.39289 -0.219885 0.464451 -0.39416 -0.246853 0.469869
-0.392871 -0.219395 0.464354 -0.394141 -0.246375 0.469775
-0.392852 -0.218905 0.464258 -0.394122 -0.245898 0.46968
-0.392832 -0.218415 0.464161 -0.394104 -0.24542 0.469586
-0.392813 -0.217924 0.464064 -0.394085 -0.244943 0.469491
-0.392793 -0.217434 0.463967 -0.394066 -0.244466 0.469397
-0.392774 -0.216944 0.463871 -0.394047 -0.243989 0.469303
-0.392755 -0.216454 0.463774 -0.394029 -0.243511 0.469208
-0.392735 -0.215964 0.463677 -0.39401 -0.243033 0.469114
-0.392716 -0.215474 0.46358 -0.393991 -0.242555 0.469019
-0.392697 -0.214983 0.463484 -0.393973 -0.242077 0.468925
-0.392677 -0.214493 0.463387 -0.393954 -0.241599 0.46883
-0.392658 -0.214003 0.46329 -0.393935 -0.241121 0.468736
-0.392639 -0.213513 0.463193 -0.393917 -0.240642 0.468641
-0.392619 -0.213023 0.463097 -0.393898 -0.240163 0.468546
-0.3926 -0.212533 0.463 -0.393879 -0.239685 0.468452
-0.392581 -0.212042 0.462903 -0.393861 -0.239206 0.468357
-0.392561 -0.211552 0.462806 -0.393842 -0.238727 0.468262
-0.392542 -0.211062 0.46271 -0.393805 -0.23777 0.468073
-0.392523 -0.210572 0.462613 -0.393786 -0.237291 0.467979
-0.392503 -0.210082 0.462516 -0.393767 -0.236813 0.467884
-0.392484 -0.209592 0.462419 -0.393748 -0.236335 0.467789
-0.392465 -0.209101 0.462323 -0.39373 -0.235857 0.467695
-0.392445 -0.208611 0.462226 -0.393711 -0.235379 0.4676
-0.392426 -0.208121 0.462129 -0.393692 -0.234901 0.467506
-0.392406 -0.207631 0.462032 -0.393674 -0.234423 0.467411
-0.392387 -0.207141 0.461936 -0.393655 -0.233946 0.467317
-0.392368 -0.206651 0.461839 -0.393636 -0.233468 0.467222
-0.392348 -0.20616 0.461742 -0.393617 -0.23299 0.467128
-0.392329 -0.20567 0.461645 -0.393599 -0.232512 0.467033
-0.39231 -0.20518 0.461549 -0.39358 -0.232034 0.466939
-0.39229 -0.20469 0.461452 -0.393561 -0.231555 0.466844
-0.392271 -0.2042 0.461355 -0.393543 -0.231077 0.46675
-0.392252 -0.20371 0.461258 -0.393524 -0.2306 0.466655
-0.392232 -0.203219 0.461162 -0.393505 -0.230122 0.466561
-0.392213 -0.202729 0.461065 -0.393486 -0.229645 0.466466
-0.392194 -0.202239 0.460968 -0.393468 -0.229168 0.466372
-0.392174 -0.201749 0.460871 -0.393449 -0.22869 0.466278
-0.392155 -0.201259 0.460775 -0.39343 -0.228213 0.466183
-0.392136 -0.200769 0.460678 -0.393412 -0.227736 0.466089
-0.392116 -0.200278 0.460581 -0.393393 -0.227258 0.465994
-0.392097 -0.199788 0.460485 -0.393374 -0.22678 0.4659
-0.392078 -0.199298 0.460388 -0.393356 -0.226302 0.465805
-0.392058 -0.198808 0.460291 -0.393337 -0.225824 0.465711
-0.392039 -0.198318 0.460194 -0.393318 -0.225346 0.465616
-0.39202 -0.197828 0.460098 -0.393299 -0.224868 0.465522
-0.392 -0.197337 0.460001 -0.393281 -0.224389 0.465427
-0.391981 -0.196847 0.459904 -0.393243 -0.223432 0.465238
-0.391961 -0.196357 0.459807 -0.393225 -0.222953 0.465143
-0.391942 -0.195867 0.459711 -0.393206 -0.222475 0.465049
-0.391923 -0.195377 0.459614 -0.393187 -0.221997 0.464954
-0.391903 -0.194886 0.459517 -0.393169 -0.221519 0.46486
-0.391884 -0.194396 0.45942 -0.39315 -0.221042 0.464765
-0.391865 -0.193906 0.459324 -0.393131 -0.220564 0.464671
-0.391845 -0.193416 0.459227 -0.393112 -0.220087 0.464576
-0.391826 -0.192926 0.45913 -0.393094 -0.219609 0.464482
-0.391807 -0.192436 0.459033 -0.393075 -0.219132 0.464388
-0.391787 -0.191945 0.458937 -0.393056 -0.218655 0.464293
-0.391768 -0.191455 0.45884 -0.393038 -0.218178 0.464199
-0.391749 -0.190965 0.458743 -0.393019 -0.2177 0.464104
-0.391729 -0.190475 0.458646 -0.393 -0.217223 0.46401
-0.39171 -0.189985 0.45855 -0.392981 -0.216746 0.463916
-0.391691 -0.189495 0.458453 -0.392963 -0.216269 0.463821
-0.391671 -0.189004 0.458356 -0.392944 -0.215793 0.463727
-0.391652 -0.188514 0.458259 -0.392925 -0.215316 0.463633
-0.391633 -0.188024 0.458163 -0.392907 -0.214839 0.463539
-0.391613 -0.187534 0.458066 -0.392888 -0.214363 0.463444
-0.391594 -0.187044 0.457969 -0.392869 -0.213887 0.46335
-0.391574 -0.186554 0.457872 -0.392851 -0.213411 0.463256
-0.391555 -0.186063 0.457776 -0.392832 -0.212935 0.463162
-0.391536 -0.185573 0.457679 -0.392813 -0.212459 0.463068
-0.391516 -0.185083 0.457582 -0.392794 -0.211983 0.462973
-0.391497 -0.184593 0.457485 -0.392776 -0.211507 0.462879
-0.391478 -0.184103 0.457389 -0.392757 -0.21103 0.462785
-0.391458 -0.183613 0.457292 -0.392738 -0.210554 0.462691
-0.391439 -0.183122 0.457195 -0.39272 -0.210078 0.462597
-0.39142 -0.182632 0.457098 -0.392701 -0.209603 0.462503
-0.3914 -0.182142 0.457002 -0.392682 -0.209127 0.462409
-0.391381 -0.181652 0.456905 -0.392664 -0.208652 0.462314
-0.391362 -0.181162 0.456808 -0.392645 -0.208176 0.46222
-0.391342 -0.180672 0.456711 -0.392626 -0.207701 0.462126
-0.391323 -0.180181 0.456615 -0.392608 -0.207226 0.462032
-0.391304 -0.179691 0.456518 -0.39257 -0.206276 0.461845
-0.391284 -0.179201 0.456421 -0.392552 -0.205801 0.461751
-0.391265 -0.178711 0.456325 -0.392533 -0.205327 0.461657
-0.391246 -0.178221 0.456228 -0.392514 -0.204852 0.461563
-0.391226 -0.177731 0.456131 -0.392496 -0.204377 0.461469
-0.391207 -0.17724 0.456034 -0.392477 -0.203902 0.461375
-0.391188 -0.17675 0.455938 -0.392458 -0.203427 0.461281
-0.391168 -0.17626 0.455841 -0.39244 -0.202952 0.461187
-0.391149 -0.17577 0.455744 -0.392421 -0.202477 0.461093
-0.391129 -0.17528 0.455647 -0.392402 -0.202002 0.460999
-0.39111 -0.17479 0.455551 -0.392384 -0.201528 0.460905
-0.391091 -0.174299 0.455454 -0.392365 -0.201053 0.460811
-0.391071 -0.173809 0.455357 -0.392346 -0.200579 0.460717
-0.391052 -0.173319 0.45526 -0.392328 -0.200104 0.460624
-0.391033 -0.172829 0.455164 -0.392309 -0.199629 0.46053
-0.391013 -0.172339 0.455067 -0.392291 -0.199155 0.460436
-0.390994 -0.171849 0.45497 -0.392272 -0.19868 0.460342
-0.390975 -0.171358 0.454873 -0.392253 -0.198205 0.460248
-0.390955 -0.170868 0.454777 -0.392235 -0.19773 0.460154
-0.390936 -0.170378 0.45468 -0.392216 -0.197255 0.46006
-0.390917 -0.169888 0.454583 -0.392198 -0.19678 0.459966
-0.390897 -0.169398 0.454486 -0.392179 -0.196304 0.459872
-0.390878 -0.168908 0.45439 -0.39216 -0.195829 0.459778
-0.390859 -0.168417 0.454293 -0.392142 -0.195354 0.459684
-0.390839 -0.167927 0.454196 -0.392123 -0.194878 0.45959
-0.39082 -0.167437 0.454099 -0.392105 -0.194403 0.459496
-0.390801 -0.166947 0.454003 -0.392086 -0.193927 0.459402
-0.390781 -0.166457 0.453906 -0.392067 -0.193452 0.459308
-0.390762 -0.165966 0.453809 -0.392049 -0.192977 0.459214
-0.390742 -0.165476 0.453712 -0.39203 -0.192502 0.45912
-0.390723 -0.164986 0.453616 -0.392011 -0.192027 0.459026
-0.390704 -0.164496 0.453519 -0.391993 -0.191552 0.458932
-0.390684 -0.164006 0.453422 -0.391956 -0.190602 0.458744
-0.390665 -0.163516 0.453325 -0.391937 -0.190127 0.45865
-0.390646 -0.163025 0.453229 -0.391918 -0.189653 0.458556
-0.390626 -0.162535 0.453132 -0.3919 -0.189178 0.458463
-0.390607 -0.162045 0.453035 -0.391881 -0.188703 0.458369
-0.390588 -0.161555 0.452938 -0.391863 -0.188228 0.458275
-0.390568 -0.161065 0.452842 -0.391844 -0.187753 0.458181
-0.390549 -0.160575 0.452745 -0.391825 -0.187279 0.458087
-0.39053 -0.160084 0.452648 -0.391807 -0.186805 0.457993
-0.39051 -0.159594 0.452552 -0.391788 -0.186332 0.4579
-0.390491 -0.159104 0.452455 -0.39177 -0.18586 0.457806
-0.390472 -0.158614 0.452358 -0.391751 -0.185388 0.457713
-0.390452 -0.158124 0.452261 -0.391732 -0.184915 0.457619
-0.390433 -0.157634 0.452165 -0.391714 -0.184443 0.457526
-0.390414 -0.157143 0.452068 -0.391695 -0.183971 0.457432
-0.390394 -0.156653 0.451971 -0.391677 -0.183498 0.457339
-0.390375 -0.156163 0.451874 -0.391658 -0.183025 0.457245
-0.390356 -0.155673 0.451778 -0.391639 -0.182552 0.457152
-0.390336 -0.155183 0.451681 -0.391621 -0.182079 0.457058
-0.390317 -0.154693 0.451584 -0.391602 -0.181605 0.456965
-0.390297 -0.154202 0.451487 -0.391584 -0.181131 0.456871
-0.390278 -0.153712 0.451391 -0.391565 -0.180657 0.456777
-0.390259 -0.153222 0.451294 -0.391547 -0.180183 0.456683
-0.390239 -0.152732 0.451197 -0.391528 -0.179708 0.456589
-0.39022 -0.152242 0.4511 -0.39151 -0.179234 0.456496
-0.390201 -0.151752 0.451004 -0.391491 -0.178759 0.456402
-0.390181 -0.151261 0.450907 -0.391454 -0.177811 0.456214
-0.390162 -0.150771 0.45081 -0.391435 -0.177336 0.45612
-0.390143 -0.150281 0.450713 -0.391417 -0.176862 0.456026
-0.390123 -0.149791 0.450617 -0.391398 -0.176388 0.455933
-0.390104 -0.149301 0.45052 -0.39138 -0.175913 0.455839
-0.390085 -0.148811 0.450423 -0.391361 -0.175439 0.455745
-0.390065 -0.14832 0.450326 -0.391343 -0.174965 0.455651
-0.390046 -0.14783 0.45023 -0.391324 -0.17449 0.455557
-0.390027 -0.14734 0.450133 -0.391306 -0.174015 0.455463
-0.390007 -0.14685 0.450036 -0.391287 -0.173541 0.45537
-0.389988 -0.14636 0.449939 -0.391269 -0.173066 0.455276
-0.389969 -0.14587 0.449843 -0.39125 -0.172591 0.455182
-0.389949 -0.145379 0.449746 -0.391231 -0.172116 0.455088
-0.38993 -0.144889 0.449649 -0.391213 -0.171642 0.454994
-0.38991 -0.144399 0.449552 -0.391194 -0.171169 0.4549
-0.389891 -0.143909 0.449456 -0.391176 -0.170696 0.454807
-0.389872 -0.143419 0.449359 -0.391157 -0.170223 0.454713
-0.389852 -0.142929 0.449262 -0.391139 -0.16975 0.45462
-0.389833 -0.142438 0.449165 -0.39112 -0.169278 0.454526
-0.389814 -0.141948 0.449069 -0.391101 -0.168806 0.454433
-0.389794 -0.141458 0.448972 -0.391083 -0.168334 0.45434
-0.389775 -0.140968 0.448875 -0.391064 -0.167862 0.454246
-0.389756 -0.140478 0.448778 -0.391046 -0.16739 0.454153
-0.389736 -0.139988 0.448682 -0.391027 -0.166919 0.45406
-0.389717 -0.139497 0.448585 -0.39099 -0.165975 0.453873
-0.389698 -0.139007 0.448488 -0.390971 -0.165503 0.45378
-0.389678 -0.138517 0.448392 -0.390953 -0.165032 0.453686
-0.389659 -0.138027 0.448295 -0.390934 -0.16456 0.453593
-0.38964 -0.137537 0.448198 -0.390916 -0.164088 0.4535
-0.38962 -0.137046 0.448101 -0.390897 -0.163616 0.453406
-0.389601 -0.136556 0.448005 -0.390879 -0.163144 0.453313
-0.389582 -0.136066 0.447908 -0.39086 -0.162673 0.45322
-0.389562 -0.135576 0.447811 -0.390842 -0.162201 0.453126
-0.389543 -0.135086 0.447714 -0.390823 -0.161729 0.453033
-0.389524 -0.134596 0.447618 -0.390805 -0.161256 0.45294
-0.389504 -0.134105 0.447521 -0.390786 -0.160784 0.452846
-0.389485 -0.133615 0.447424 -0.390768 -0.160312 0.452753
-0.389465 -0.133125 0.447327 -0.390749 -0.15984 0.452659
-0.389446 -0.132635 0.447231 -0.390731 -0.159368 0.452566
-0.389427 -0.132145 0.447134 -0.390712 -0.158896 0.452473
-0.389407 -0.131655 0.447037 -0.390694 -0.158424 0.452379
-0.389388 -0.131164 0.44694 -0.390675 -0.157953 0.452286
-0.389369 -0.130674 0.446844 -0.390657 -0.157481 0.452193
-0.389349 -0.130184 0.446747 -0.390638 -0.15701 0.4521
-0.38933 -0.129694 0.44665 -0.39062 -0.156539 0.452006
-0.389311 -0.129204 0.446553 -0.390601 -0.156068 0.451913
-0.389291 -0.128714 0.446457 -0.390583 -0.155597 0.45182
-0.389272 -0.128223 0.44636 -0.390564 -0.155126 0.451727
-0.389253 -0.127733 0.446263 -0.390546 -0.154655 0.451634
-0.389233 -0.127243 0.446166 -0.390527 -0.154184 0.451541
-0.389214 -0.126753 0.44607 -0.390509 -0.153713 0.451447
-0.389195 -0.126263 0.445973 -0.39049 -0.153242 0.451354
-0.389175 -0.125773 0.445876 -0.390453 -0.1523 0.451168
-0.389156 -0.125282 0.445779 -0.390435 -0.151829 0.451075
-0.389137 -0.124792 0.445683 -0.390416 -0.151357 0.450981
-0.389117 -0.124302 0.445586 -0.390398 -0.150885 0.450888
-0.389098 -0.123812 0.445489 -0.390379 -0.150412 0.450794
-0.389078 -0.123322 0.445392 -0.390361 -0.149939 0.450701
-0.389059 -0.122832 0.445296 -0.390342 -0.149466 0.450607
-0.38904 -0.122341 0.445199 -0.390324 -0.148993 0.450514
-0.38902 -0.121851 0.445102 -0.390305 -0.14852 0.45042
-0.389001 -0.121361 0.445005 -0.390287 -0.148048 0.450327
-0.388982 -0.120871 0.444909 -0.390269 -0.147575 0.450233
-0.388962 -0.120381 0.444812 -0.39025 -0.147103 0.45014
-0.388943 -0.119891 0.444715 -0.390232 -0.14663 0.450046
-0.388924 -0.1194 0.444618 -0.390213 -0.146157 0.449953
-0.388904 -0.11891 0.444522 -0.390195 -0.145684 0.449859
-0.388885 -0.11842 0.444425 -0.390176 -0.14521 0.449766
-0.388866 -0.11793 0.444328 -0.390158 -0.144737 0.449672
-0.388846 -0.11744 0.444232 -0.390139 -0.144263 0.449579
-0.388827 -0.11695 0.444135 -0.390121 -0.14379 0.449485
-0.388808 -0.116459 0.444038 -0.390102 -0.143316 0.449391
-0.388788 -0.115969 0.443941 -0.390084 -0.142842 0.449298
-0.388769 -0.115479 0.443845 -0.390065 -0.142368 0.449204
-0.38875 -0.114989 0.443748 -0.390047 -0.141894 0.44911
-0.38873 -0.114499 0.443651 -0.390028 -0.14142 0.449016
-0.388711 -0.114009 0.443554 -0.39001 -0.140946 0.448923
-0.388692 -0.113518 0.443458 -0.389992 -0.140471 0.448829
-0.388672 -0.113028 0.443361 -0.389973 -0.139996 0.448735
-0.388653 -0.112538 0.443264 -0.389955 -0.139522 0.448641
-0.388633 -0.112048 0.443167 -0.389936 -0.139047 0.448547
-0.388614 -0.111558 0.443071 -0.389918 -0.138571 0.448453
-0.388595 -0.111067 0.442974 -0.389899 -0.138096 0.448359
-0.388575 -0.110577 0.442877 -0.389881 -0.137621 0.448265
-0.388556 -0.110087 0.44278 -0.389862 -0.137146 0.448171
-0.388537 -0.109597 0.442684 -0.389844 -0.136671 0.448077
-0.388517 -0.109107 0.442587 -0.389825 -0.136196 0.447983
-0.388498 -0.108617 0.44249 -0.389807 -0.135721 0.447889
-0.388479 -0.108126 0.442393 -0.389788 -0.135246 0.447796
-0.388459 -0.107636 0.442297 -0.38977 -0.134771 0.447702
-0.38844 -0.107146 0.4422 -0.389751 -0.134296 0.447608
-0.388421 -0.106656 0.442103 -0.389733 -0.13382 0.447513
-0.388401 -0.106166 0.442006 -0.389714 -0.133344 0.447419
-0.388382 -0.105676 0.44191 -0.389696 -0.132867 0.447325
-0.388363 -0.105185 0.441813 -0.389677 -0.13239 0.447231
-0.388343 -0.104695 0.441716 -0.389658 -0.131913 0.447136
-0.388324 -0.104205 0.441619 -0.38964 -0.131435 0.447042
-0.388305 -0.103715 0.441523 -0.389547 -0.129039 0.446568
-0.388285 -0.103225 0.441426 -0.389529 -0.12856 0.446473
-0.388266 -0.102735 0.441329 -0.389492 -0.127602 0.446284
-0.388246 -0.102244 0.441232 -0.389473 -0.127125 0.44619
-0.388227 -0.101754 0.441136 -0.389454 -0.126649 0.446096
-0.388208 -0.101264 0.441039 -0.389436 -0.126174 0.446002
-0.388188 -0.100774 0.440942 -0.389417 -0.125702 0.445908
-0.388169 -0.100284 0.440845 -0.389398 -0.125231 0.445815
-0.38815 -0.0997936 0.440749 -0.38938 -0.124763 0.445723
-0.38813 -0.0993034 0.440652 -0.389361 -0.124296 0.44563
-0.388111 -0.0988133 0.440555 -0.389342 -0.12383 0.445538
-0.388092 -0.0983231 0.440459 -0.389323 -0.123366 0.445446
-0.388072 -0.0978329 0.440362 -0.389305 -0.122904 0.445355
-0.388053 -0.0973427 0.440265 -0.389286 -0.122442 0.445263
-0.388034 -0.0968526 0.440168 -0.389267 -0.121982 0.445172
-0.388014 -0.0963624 0.440072 -0.389248 -0.121523 0.445081
-0.387995 -0.0958722 0.439975 -0.38923 -0.121064 0.44499
-0.387976 -0.0953821 0.439878 -0.389211 -0.120607 0.4449
-0.387956 -0.0948919 0.439781 -0.389192 -0.120151 0.44481
-0.387937 -0.0944017 0.439685 -0.389174 -0.119695 0.444719
-0.387918 -0.0939116 0.439588 -0.389155 -0.11924 0.444629
-0.387898 -0.0934214 0.439491 -0.389136 -0.118786 0.444539
-0.387879 -0.0929312 0.439394 -0.389118 -0.118332 0.444449
-0.38786 -0.0924411 0.439298 -0.389099 -0.117878 0.44436
-0.38784 -0.0919509 0.439201 -0.389081 -0.117425 0.44427
-0.387821 -0.0914607 0.439104 -0.389062 -0.116973 0.44418
-0.387801 -0.0909705 0.439007 -0.389025 -0.116068 0.444001
-0.387782 -0.0904804 0.438911 -0.389007 -0.115617 0.443912
-0.387763 -0.0899902 0.438814 -0.388988 -0.115166 0.443822
-0.387743 -0.0895 0.438717 -0.38897 -0.114715 0.443733
-0.387724 -0.0890099 0.43862 -0.388952 -0.114266 0.443644
-0.387705 -0.0885197 0.438524 -0.388933 -0.113816 0.443555
-0.387685 -0.0880295 0.438427 -0.388915 -0.113367 0.443466
-0.387666 -0.0875394 0.43833 -0.388897 -0.112919 0.443377
-0.387647 -0.0870492 0.438233 -0.388878 -0.11247 0.443288
-0.387627 -0.086559 0.438137 -0.38886 -0.112021 0.4432
-0.387608 -0.0860688 0.43804 -0.388842 -0.111572 0.443111
-0.387589 -0.0855787 0.437943 -0.388824 -0.111123 0.443022
-0.387569 -0.0850885 0.437846 -0.388806 -0.110674 0.442933
-0.38755 -0.0845983 0.43775 -0.388788 -0.110225 0.442844
-0.387531 -0.0841082 0.437653 -0.38877 -0.109776 0.442755
-0.387511 -0.083618 0.437556 -0.388752 -0.109326 0.442666
-0.387492 -0.0831278 0.437459 -0.388733 -0.108876 0.442577
-0.387473 -0.0826377 0.437363 -0.388715 -0.108426 0.442488
-0.387453 -0.0821475 0.437266 -0.388697 -0.107977 0.442399
-0.387434 -0.0816573 0.437169 -0.38868 -0.107527 0.44231
-0.387414 -0.0811672 0.437072 -0.388662 -0.107077 0.442221
-0.387395 -0.080677 0.436976 -0.388644 -0.106627 0.442132
-0.387376 -0.0801868 0.436879 -0.388626 -0.106177 0.442043
-0.387356 -0.0796966 0.436782 -0.388608 -0.105727 0.441954
-0.387337 -0.0792065 0.436685 -0.38859 -0.105276 0.441865
-0.387318 -0.0787163 0.436589 -0.388572 -0.104826 0.441776
-0.387298 -0.0782261 0.436492 -0.388554 -0.104375 0.441686
-0.387279 -0.077736 0.436395 -0.388536 -0.103924 0.441597
-0.38726 -0.0772458 0.436299 -0.388519 -0.103473 0.441508
-0.38724 -0.0767556 0.436202 -0.388501 -0.103021 0.441418
-0.387221 -0.0762655 0.436105 -0.388483 -0.102569 0.441329
-0.387202 -0.0757753 0.436008 -0.388465 -0.102116 0.441239
-0.387182 -0.0752851 0.435912 -0.388447 -0.101663 0.44115
-0.387163 -0.0747949 0.435815 -0.38843 -0.10121 0.44106
-0.387144 -0.0743048 0.435718 -0.388412 -0.100756 0.44097
-0.387124 -0.0738146 0.435621 -0.388394 -0.100302 0.440881
-0.387105 -0.0733244 0.435525 -0.388359 -0.099392 0.440701
-0.387086 -0.0728343 0.435428 -0.388341 -0.0989363 0.440611
-0.387066 -0.0723441 0.435331 -0.388323 -0.09848 0.44052
-0.387047 -0.0718539 0.435234 -0.388306 -0.0980232 0.44043
-0.387028 -0.0713638 0.435138 -0.388288 -0.0975659 0.44034
-0.387008 -0.0708736 0.435041 -0.38827 -0.0971081 0.440249
-0.386989 -0.0703834 0.434944 -0.388252 -0.0966498 0.440158
-0.386969 -0.0698933 0.434847 -0.388182 -0.0948108 0.439795
-0.38695 -0.0694031 0.434751 -0.388164 -0.09435 0.439704
-0.386931 -0.0689129 0.434654 -0.388146 -0.0938891 0.439613
-0.386911 -0.0684227 0.434557 -0.388129 -0.0934286 0.439522
-0.386892 -0.0679326 0.43446 -0.388111 -0.0929685 0.439431
-0.386873 -0.0674424 0.434364 -0.388093 -0.0925091 0.43934
-0.386853 -0.0669522 0.434267 -0.388075 -0.0920504 0.439249
-0.386834 -0.0664621 0.43417 -0.388057 -0.0915925 0.439159
-0.386815 -0.0659719 0.434073 -0.38804 -0.0911355 0.439068
-0.386795 -0.0654817 0.433977 -0.388022 -0.0906794 0.438978
-0.386776 -0.0649916 0.43388 -0.388004 -0.090224 0.438888
-0.386757 -0.0645014 0.433783 -0.387986 -0.0897692 0.438798
-0.386737 -0.0640112 0.433686 -0.387968 -0.089315 0.438708
-0.386718 -0.063521 0.43359 -0.38795 -0.0888613 0.438619
-0.386699 -0.0630309 0.433493 -0.387932 -0.0884081 0.438529
-0.386679 -0.0625407 0.433396 -0.387914 -0.0879553 0.438439
-0.38666 -0.0620505 0.433299 -0.387897 -0.0875028 0.43835
-0.386641 -0.0615604 0.433203 -0.387861 -0.0865995 0.438171
-0.386621 -0.0610702 0.433106 -0.387843 -0.0861488 0.438082
-0.386602 -0.06058 0.433009 -0.387825 -0.0856988 0.437993
-0.386582 -0.0600899 0.432912 -0.387807 -0.0852495 0.437904
-0.386563 -0.0595997 0.432816 -0.387789 -0.0848006 0.437815
-0.386544 -0.0591095 0.432719 -0.387771 -0.0843519 0.437727
-0.386524 -0.0586194 0.432622 -0.387753 -0.0839034 0.437638
-0.386505 -0.0581292 0.432525 -0.387735 -0.0834549 0.437549
-0.386486 -0.057639 0.432429 -0.387718 -0.0830065 0.437461
-0.386466 -0.0571488 0.432332 -0.3877 -0.0825581 0.437372
-0.386447 -0.0566587 0.432235 -0.387682 -0.0821097 0.437283
-0.386428 -0.0561685 0.432139 -0.387664 -0.0816613 0.437194
-0.386408 -0.0556783 0.432042 -0.387646 -0.0812127 0.437106
-0.386389 -0.0551882 0.431945 -0.387628 -0.080764 0.437017
-0.38637 -0.054698 0.431848 -0.387611 -0.0803151 0.436928
-0.38635 -0.0542078 0.431752 -0.387593 -0.079866 0.436839
-0.386331 -0.0537177 0.431655 -0.387575 -0.0794169 0.436751
-0.386312 -0.0532275 0.431558 -0.387557 -0.0789678 0.436662
-0.386292 -0.0527373 0.431461 -0.38754 -0.0785188 0.436573
-0.386273 -0.0522471 0.431365 -0.387522 -0.0780698 0.436484
-0.386254 -0.051757 0.431268 -0.387504 -0.0776206 0.436395
-0.386234 -0.0512668 0.431171 -0.387486 -0.077171 0.436306
-0.386215 -0.0507766 0.431074 -0.387469 -0.076721 0.436217
-0.386196 -0.0502865 0.430978 -0.387451 -0.0762704 0.436128
-0.386176 -0.0497963 0.430881 -0.387433 -0.0758193 0.436039
-0.386157 -0.0493061 0.430784 -0.387416 -0.0753676 0.43595
-0.386137 -0.048816 0.430687 -0.387398 -0.0749153 0.43586
-0.386118 -0.0483258 0.430591 -0.38738 -0.0744624 0.435771
-0.386099 -0.0478356 0.430494 -0.387363 -0.0740089 0.435681
-0.386079 -0.0473455 0.430397 -0.387345 -0.0735549 0.435592
-0.38606 -0.0468553 0.4303 -0.387327 -0.0731003 0.435502
-0.386041 -0.0463651 0.430204 -0.38731 -0.0726452 0.435412
-0.386021 -0.0458749 0.430107 -0.387292 -0.0721898 0.435322
-0.386002 -0.0453848 0.43001 -0.387274 -0.0717341 0.435232
-0.385983 -0.0448946 0.429913 -0.387257 -0.0712782 0.435141
-0.385963 -0.0444044 0.429817 -0.387239 -0.070822 0.435051
-0.385944 -0.0439143 0.42972 -0.387221 -0.0703656 0.434961
-0.385925 -0.0434241 0.429623 -0.387204 -0.0699088 0.434871
-0.385905 -0.0429339 0.429526 -0.387168 -0.0689944 0.43469
-0.385886 -0.0424438 0.42943 -0.387151 -0.0685366 0.4346
-0.385867 -0.0419536 0.429333 -0.387115 -0.06762 0.434418
-0.385847 -0.0414634 0.429236 -0.387098 -0.0671611 0.434328
-0.385828 -0.0409732 0.429139 -0.38708 -0.0667018 0.434237
-0.385809 -0.0404831 0.429043 -0.387062 -0.066242 0.434146
-0.385789 -0.0399929 0.428946 -0.387044 -0.0657818 0.434055
-0.38577 -0.0395027 0.428849 -0.387027 -0.0653214 0.433964
-0.38575 -0.0390126 0.428752 -0.387009 -0.0648608 0.433873
-0.385731 -0.0385224 0.428656 -0.386991 -0.0644002 0.433782
-0.385712 -0.0380322 0.428559 -0.386974 -0.0639398 0.433691
-0.385692 -0.0375421 0.428462 -0.386956 -0.0634795 0.4336
-0.385673 -0.0370519 0.428366 -0.386938 -0.0630193 0.433509
-0.385654 -0.0365617 0.428269 -0.38692 -0.0625591 0.433418
-0.385634 -0.0360715 0.428172 -0.386902 -0.0620989 0.433327
-0.385615 -0.0355814 0.428075 -0.386884 -0.0616387 0.433236
-0.385596 -0.0350912 0.427979 -0.386867 -0.0611784 0.433145
-0.385576 -0.034601 0.427882 -0.386849 -0.0607181 0.433054
-0.385557 -0.0341109 0.427785 -0.386831 -0.0602576 0.432963
-0.385538 -0.0336207 0.427688 -0.386813 -0.0597971 0.432872
-0.385518 -0.0331305 0.427592 -0.386795 -0.0593364 0.432781
-0.385499 -0.0326404 0.427495 -0.386777 -0.0588756 0.43269
-0.38548 -0.0321502 0.427398 -0.386759 -0.0584148 0.432599
-0.38546 -0.03166 0.427301 -0.386742 -0.0579537 0.432508
-0.385441 -0.0311699 0.427205 -0.386724 -0.0574925 0.432417
-0.385422 -0.0306797 0.427108 -0.386706 -0.0570311 0.432325
-0.385402 -0.0301895 0.427011 -0.386688 -0.0565693 0.432234
-0.385383 -0.0296993 0.426914 -0.38667 -0.0561073 0.432143
-0.385364 -0.0292092 0.426818 -0.386652 -0.055645 0.432051
-0.385344 -0.028719 0.426721 -0.386634 -0.0551824 0.43196
-0.385325 -0.0282288 0.426624 -0.386616 -0.0547194 0.431868
-0.385305 -0.0277387 0.426527 -0.386598 -0.0542561 0.431777
-0.385286 -0.0272485 0.426431 -0.38658 -0.0537927 0.431685
-0.385267 -0.0267583 0.426334 -0.386562 -0.0533292 0.431594
-0.385247 -0.0262682 0.426237 -0.386544 -0.0528657 0.431502
-0.385228 -0.025778 0.42614 -0.386526 -0.0524021 0.43141
-0.385209 -0.0252878 0.426044 -0.38649 -0.0514739 0.431227
-0.385189 -0.0247976 0.425947 -0.386472 -0.0510091 0.431135
-0.38517 -0.0243075 0.42585 -0.386454 -0.050544 0.431043
-0.385151 -0.0238173 0.425753 -0.386436 -0.0500786 0.430951
-0.385131 -0.0233271 0.425657 -0.386418 -0.0496129 0.430859
-0.385112 -0.022837 0.42556 -0.3864 -0.0491471 0.430767
-0.385093 -0.0223468 0.425463 -0.386382 -0.0486812 0.430675
-0.385073 -0.0218566 0.425366 -0.386364 -0.0482151 0.430583
-0.385054 -0.0213665 0.42527 -0.386346 -0.0477488 0.430491
-0.385035 -0.0208763 0.425173 -0.386328 -0.0472824 0.430399
-0.385015 -0.0203861 0.425076 -0.38631 -0.0468157 0.430306
-0.384996 -0.019896 0.424979 -0.386292 -0.0463489 0.430214
-0.384977 -0.0194058 0.424883 -0.386274 -0.045882 0.430122
-0.384957 -0.0189156 0.424786 -0.386256 -0.0454148 0.430029
-0.384938 -0.0184254 0.424689 -0.386238 -0.0449476 0.429937
-0.384918 -0.0179353 0.424592 -0.386219 -0.0444804 0.429845
-0.384899 -0.0174451 0.424496 -0.386201 -0.0440133 0.429752
-0.38488 -0.0169549 0.424399 -0.386183 -0.0435464 0.42966
-0.38486 -0.0164648 0.424302 -0.386165 -0.0430796 0.429568
-0.384841 -0.0159746 0.424206 -0.386147 -0.042613 0.429476
-0.384822 -0.0154844 0.424109 -0.38611 -0.0416799 0.429291
-0.384802 -0.0149943 0.424012 -0.386092 -0.0412135 0.429199
-0.384783 -0.0145041 0.423915 -0.386074 -0.0407471 0.429107
-0.384764 -0.0140139 0.423819 -0.386056 -0.0402806 0.429015
-0.384744 -0.0135237 0.423722 -0.386037 -0.0398141 0.428922
-0.384725 -0.0130336 0.423625 -0.386019 -0.0393475 0.42883
-0.384706 -0.0125434 0.423528 -0.386001 -0.0388808 0.428738
-0.384686 -0.0120532 0.423432 -0.385983 -0.038414 0.428646
-0.384667 -0.0115631 0.423335 -0.385964 -0.0379471 0.428553
-0.384648 -0.0110729 0.423238 -0.385946 -0.0374802 0.428461
-0.384628 -0.0105827 0.423141 -0.385928 -0.0370134 0.428369
-0.384609 -0.0100926 0.423045 -0.38591 -0.0365469 0.428277
-0.38459 -0.00960239 0.422948 -0.385891 -0.0360807 0.428185
-0.38457 -0.00911222 0.422851 -0.385873 -0.0356146 0.428092
-0.384551 -0.00862205 0.422754 -0.385855 -0.0351486 0.428
-0.384532 -0.00813188 0.422658 -0.385836 -0.0346824 0.427908
-0.384512 -0.00764171 0.422561 -0.385818 -0.0342159 0.427816
-0.384493 -0.00715154 0.422464 -0.3858 -0.0337492 0.427724
-0.384473 -0.00666137 0.422367 -0.385782 -0.0332822 0.427631
-0.384454 -0.00617121 0.422271 -0.385763 -0.0328149 0.427539
-0.384435 -0.00568104 0.422174 -0.385745 -0.0323475 0.427447
-0.384415 -0.00519087 0.422077 -0.385727 -0.0318797 0.427354
-0.384396 -0.0047007 0.42198 -0.385708 -0.0314117 0.427262
-0.384377 -0.00421053 0.421884 -0.38569 -0.0309434 0.427169
-0.384357 -0.00372036 0.421787 -0.385672 -0.0304748 0.427077
-0.384338 -0.00323019 0.42169 -0.385654 -0.030006 0.426984
-0.384319 -0.00274002 0.421593 -0.385635 -0.0295373 0.426891
-0.384299 -0.00224985 0.421497 -0.385617 -0.0290687 0.426799
-0.38428 -0.00175968 0.4214 -0.385599 -0.0286005 0.426706
-0.384261 -0.00126951 0.421303 -0.38558 -0.0281324 0.426614
-0.384241 -0.00077934 0.421206 -0.385562 -0.0276645 0.426521
-0.384222 -0.00028917 0.42111 -0.385544 -0.0271965 0.426429
-0.384203 0.000200999 0.421013 -0.385525 -0.0267285 0.426336
-0.384183 0.000691169 0.420916 -0.385507 -0.0262602 0.426244
-0.384164 0.00118134 0.420819 -0.385488 -0.0257918 0.426151
-0.384145 0.00167151 0.420723 -0.38547 -0.0253232 0.426058
-0.384125 0.00216168 0.420626 -0.385452 -0.0248543 0.425966
-0.384106 0.00265185 0.420529 -0.385415 -0.0239159 0.42578
-0.384086 0.00314202 0.420432 -0.385397 -0.0234462 0.425687
-0.384067 0.00363219 0.420336 -0.385378 -0.0229763 0.425595
-0.384048 0.00412236 0.420239 -0.38536 -0.0225063 0.425502
-0.384028 0.00461253 0.420142 -0.385342 -0.0220367 0.425409
-0.384009 0.0051027 0.420046 -0.385323 -0.0215675 0.425316
-0.38399 0.00559286 0.419949 -0.385305 -0.0210992 0.425224
-0.38397 0.00608303 0.419852 -0.385286 -0.0206314 0.425131
-0.383951 0.0065732 0.419755 -0.385268 -0.0201636 0.425039
-0.383932 0.00706337 0.419659 -0.385249 -0.0196956 0.424946
-0.383912 0.00755354 0.419562 -0.385231 -0.0192272 0.424854
-0.383893 0.00804371 0.419465 -0.385213 -0.0187583 0.424761
-0.383874 0.00853388 0.419368 -0.385194 -0.0182889 0.424668
-0.383854 0.00902405 0.419272 -0.385176 -0.017819 0.424575
-0.383835 0.00951422 0.419175 -0.385157 -0.0173487 0.424482
-0.383816 0.0100044 0.419078 -0.385139 -0.0168781 0.424389
-0.383796 0.0104946 0.418981 -0.385121 -0.0164072 0.424296
-0.383777 0.0109847 0.418885 -0.385102 -0.0159363 0.424203
-0.383758 0.0114749 0.418788 -0.385084 -0.0154654 0.42411
-0.383738 0.0119651 0.418691 -0.385066 -0.0149946 0.424017
-0.383719 0.0124552 0.418594 -0.385047 -0.0145238 0.423924
-0.3837 0.0129454 0.418498 -0.385029 -0.0140529 0.423831
-0.38368 0.0134356 0.418401 -0.38501 -0.0135821 0.423738
-0.383661 0.0139257 0.418304 -0.384992 -0.0131111 0.423645
-0.383641 0.0144159 0.418207 -0.384973 -0.0126401 0.423552
-0.383622 0.0149061 0.418111 -0.384955 -0.012169 0.423459
-0.383603 0.0153963 0.418014 -0.384936 -0.0116978 0.423366
-0.383583 0.0158864 0.417917 -0.384918 -0.0112264 0.423273
-0.383564 0.0163766 0.41782 -0.3849 -0.0107549 0.42318
-0.383545 0.0168668 0.417724 -0.384863 -0.00981133 0.422993
-0.383525 0.0173569 0.417627 -0.384844 -0.00933928 0.4229
-0.383506 0.0178471 0.41753 -0.384826 -0.00886703 0.422807
-0.383487 0.0183373 0.417433 -0.384807 -0.00839458 0.422713
-0.383467 0.0188274 0.417337 -0.384789 -0.00792191 0.42262
-0.383448 0.0193176 0.41724 -0.38477 -0.00744902 0.422526
-0.383429 0.0198078 0.417143 -0.384752 -0.00697591 0.422433
-0.383409 0.020298 0.417046 -0.384733 -0.00650259 0.422339
-0.38339 0.0207881 0.41695 -0.384715 -0.00602904 0.422246
-0.383371 0.0212783 0.416853 -0.384697 -0.00555528 0.422152
-0.383351 0.0217685 0.416756 -0.384678 -0.00508134 0.422059
-0.383332 0.0222586 0.416659 -0.38466 -0.00460723 0.421965
-0.383313 0.0227488 0.416563 -0.384641 -0.00413296 0.421871
-0.383293 0.023239 0.416466 -0.384623 -0.00365852 0.421778
-0.383274 0.0237291 0.416369 -0.384604 -0.00318391 0.421684
-0.383255 0.0242193 0.416273 -0.384586 -0.00270912 0.42159
-0.383235 0.0247095 0.416176 -0.384567 -0.00223414 0.421496
-0.383216 0.0251996 0.416079 -0.384549 -0.00175906 0.421402
-0.383196 0.0256898 0.415982 -0.38453 -0.00128395 0.421308
-0.383177 0.02618 0.415886 -0.384512 -0.000808901 0.421215
-0.383158 0.0266702 0.415789 -0.384493 -0.000333968 0.421121
-0.383138 0.0271603 0.415692 -0.384474 0.000140965 0.421027
-0.383119 0.0276505 0.415595 -0.384456 0.00061601 0.420933
-0.3831 0.0281407 0.415499 -0.384437 0.00109127 0.420839
-0.38308 0.0286308 0.415402 -0.384419 0.00156685 0.420745
-0.383061 0.029121 0.415305 -0.3844 0.00204272 0.420651
-0.383042 0.0296112 0.415208 -0.384382 0.00251885 0.420557
-0.383022 0.0301013 0.415112 -0.384363 0.00299523 0.420463
-0.383003 0.0305915 0.415015 -0.384344 0.00347183 0.420369
-0.382984 0.0310817 0.414918 -0.384326 0.00394865 0.420275
-0.382964 0.0315719 0.414821 -0.384307 0.00442569 0.420181
-0.382945 0.032062 0.414725 -0.384289 0.00490295 0.420086
-0.382926 0.0325522 0.414628 -0.38427 0.00538044 0.419992
-0.382906 0.0330424 0.414531 -0.384252 0.00585806 0.419898
-0.382887 0.0335325 0.414434 -0.384233 0.00633572 0.419803
-0.382868 0.0340227 0.414338 -0.384214 0.00681336 0.419709
-0.382848 0.0345129 0.414241 -0.384196 0.0072909 0.419615
-0.382829 0.035003 0.414144 -0.384177 0.00776835 0.41952
-0.382809 0.0354932 0.414047 -0.384158 0.00824573 0.419426
-0.38279 0.0359834 0.413951 -0.38414 0.00872305 0.419332
-0.382771 0.0364735 0.413854 -0.384121 0.00920032 0.419237
-0.382751 0.0369637 0.413757 -0.384084 0.0101548 0.419049
-0.382732 0.0374539 0.41366 -0.384065 0.0106321 0.418955
-0.382713 0.0379441 0.413564 -0.384046 0.0111094 0.41886
-0.382693 0.0384342 0.413467 -0.384028 0.0115867 0.418766
-0.382674 0.0389244 0.41337 -0.384009 0.0120641 0.418672
-0.382655 0.0394146 0.413273 -0.38399 0.0125416 0.418577
-0.382635 0.0399047 0.413177 -0.383971 0.0130191 0.418483
-0.382616 0.0403949 0.41308 -0.383953 0.0134966 0.418389
-0.382597 0.0408851 0.412983 -0.383934 0.0139742 0.418294
-0.382577 0.0413752 0.412886 -0.383915 0.0144519 0.4182
-0.382558 0.0418654 0.41279 -0.383897 0.0149295 0.418106
-0.382539 0.0423556 0.412693 -0.383878 0.0154072 0.418011
-0.382519 0.0428458 0.412596 -0.383859 0.0158849 0.417917
-0.3825 0.0433359 0.412499 -0.38384 0.0163627 0.417823
-0.382481 0.0438261 0.412403 -0.383822 0.0168405 0.417728
-0.382461 0.0443163 0.412306 -0.383803 0.0173183 0.417634
-0.382442 0.0448064 0.412209 -0.383784 0.0177963 0.41754
-0.382423 0.0452966 0.412113 -0.383765 0.0182742 0.417445
-0.382403 0.0457868 0.412016 -0.383747 0.0187523 0.417351
-0.382384 0.0462769 0.411919 -0.383728 0.0192305 0.417256
-0.382364 0.0467671 0.411822 -0.383709 0.0197087 0.417162
-0.382345 0.0472573 0.411726 -0.38369 0.0201869 0.417068
-0.382326 0.0477474 0.411629 -0.383671 0.0206652 0.416973
-0.382306 0.0482376 0.411532 -0.383653 0.0211434 0.416879
-0.382287 0.0487278 0.411435 -0.383634 0.0216215 0.416784
-0.382268 0.049218 0.411339 -0.383615 0.0220993 0.41669
-0.382248 0.0497081 0.411242 -0.383596 0.0225768 0.416596
-0.382229 0.0501983 0.411145 -0.383577 0.023054 0.416501
-0.38221 0.0506885 0.411048 -0.383559 0.023531 0.416407
-0.38219 0.0511786 0.410952 -0.38354 0.0240078 0.416313
-0.382171 0.0516688 0.410855 -0.383521 0.0244845 0.416219
-0.382152 0.052159 0.410758 -0.383502 0.024961 0.416125
-0.382132 0.0526491 0.410661 -0.383483 0.0254375 0.416031
-0.382113 0.0531393 0.410565 -0.383446 0.0263902 0.415843
-0.382094 0.0536295 0.410468 -0.383427 0.0268666 0.415748
-0.382074 0.0541197 0.410371 -0.383408 0.0273431 0.415654
-0.382055 0.0546098 0.410274 -0.383389 0.0278197 0.41556
-0.382036 0.0551 0.410178 -0.38337 0.0282965 0.415466
-0.382016 0.0555902 0.410081 -0.383351 0.0287734 0.415372
-0.381997 0.0560803 0.409984 -0.383333 0.0292501 0.415278
-0.381977 0.0565705 0.409887 -0.383314 0.0297264 0.415184
-0.381958 0.0570607 0.409791 -0.383295 0.0302023 0.41509
-0.381939 0.0575508 0.409694 -0.383276 0.0306778 0.414996
-0.381919 0.058041 0.409597 -0.383257 0.0311531 0.414902
-0.3819 0.0585312 0.4095 -0.383238 0.0316283 0.414808
-0.381881 0.0590213 0.409404 -0.38322 0.0321037 0.414714
-0.381861 0.0595115 0.409307 -0.383201 0.032579 0.414621
-0.381842 0.0600017 0.40921 -0.383182 0.0330543 0.414527
-0.381823 0.0604919 0.409113 -0.383163 0.0335295 0.414433
-0.381803 0.060982 0.409017 -0.383144 0.0340045 0.414339
-0.381784 0.0614722 0.40892 -0.383125 0.0344794 0.414245
-0.381765 0.0619624 0.408823 -0.383107 0.0349541 0.414152
-0.381745 0.0624525 0.408726 -0.383088 0.0354286 0.414058
-0.381726 0.0629427 0.40863 -0.383069 0.0359029 0.413964
-0.381707 0.0634329 0.408533 -0.38305 0.0363771 0.413871
-0.381687 0.063923 0.408436 -0.383031 0.0368511 0.413777
-0.381668 0.0644132 0.408339 -0.382994 0.0377988 0.41359
-0.381649 0.0649034 0.408243 -0.382975 0.0382725 0.413497
-0.381629 0.0653936 0.408146 -0.382956 0.0387462 0.413403
-0.38161 0.0658837 0.408049 -0.382937 0.0392199 0.41331
-0.381591 0.0663739 0.407953 -0.382918 0.0396936 0.413216
-0.381571 0.0668641 0.407856 -0.3829 0.0401673 0.413123
-0.381552 0.0673542 0.407759 -0.382881 0.0406411 0.413029
-0.381532 0.0678444 0.407662 -0.382862 0.0411149 0.412936
-0.381513 0.0683346 0.407566 -0.382843 0.0415888 0.412842
-0.381494 0.0688247 0.407469 -0.382824 0.0420628 0.412748
-0.381474 0.0693149 0.407372 -0.382806 0.0425369 0.412655
-0.381455 0.0698051 0.407275 -0.382787 0.0430111 0.412561
-0.381436 0.0702953 0.407179 -0.382768 0.0434854 0.412468
-0.381416 0.0707854 0.407082 -0.382749 0.0439596 0.412374
-0.381397 0.0712756 0.406985 -0.382731 0.0444337 0.41228
-0.381378 0.0717658 0.406888 -0.382712 0.0449076 0.412187
-0.381358 0.0722559 0.406792 -0.382693 0.0453811 0.412093
-0.381339 0.0727461 0.406695 -0.382674 0.0458543 0.412
-0.38132 0.0732363 0.406598 -0.382656 0.0463272 0.411907
-0.3813 0.0737264 0.406501 -0.382637 0.0467999 0.411813
-0.381281 0.0742166 0.406405 -0.382618 0.0472724 0.41172
-0.381262 0.0747068 0.406308 -0.382599 0.0477448 0.411627
-0.381242 0.0751969 0.406211 -0.382581 0.048217 0.411534
-0.381223 0.0756871 0.406114 -0.382543 0.0491611 0.411347
-0.381204 0.0761773 0.406018 -0.382524 0.0496331 0.411254
-0.381184 0.0766675 0.405921 -0.382506 0.0501051 0.411161
-0.381165 0.0771576 0.405824 -0.382487 0.0505771 0.411068
-0.381145 0.0776478 0.405727 -0.382468 0.0510492 0.410975
-0.381126 0.078138 0.405631 -0.382449 0.0515214 0.410882
-0.381107 0.0786281 0.405534 -0.382431 0.0519936 0.410788
-0.381087 0.0791183 0.405437 -0.382412 0.0524659 0.410695
-0.381068 0.0796085 0.40534 -0.382393 0.0529381 0.410602
-0.381049 0.0800986 0.405244 -0.382374 0.0534105 0.410509
-0.381029 0.0805888 0.405147 -0.382356 0.0538828 0.410416
-0.38101 0.081079 0.40505 -0.382337 0.0543553 0.410322
-0.380991 0.0815692 0.404953 -0.382318 0.054828 0.410229
-0.380971 0.0820593 0.404857 -0.3823 0.0553007 0.410136
-0.380952 0.0825495 0.40476 -0.382281 0.0557736 0.410043
-0.380933 0.0830397 0.404663 -0.382262 0.0562466 0.409949
-0.380913 0.0835298 0.404566 -0.382244 0.0567197 0.409856
-0.380894 0.08402 0.40447 -0.382225 0.0571928 0.409762
-0.380875 0.0845102 0.404373 -0.382206 0.0576658 0.409669
-0.380855 0.0850003 0.404276 -0.382188 0.0581387 0.409576
-0.380836 0.0854905 0.40418 -0.382169 0.0586114 0.409483
-0.380817 0.0859807 0.404083 -0.38215 0.0590841 0.409389
-0.380797 0.0864708 0.403986 -0.382132 0.0595567 0.409296
-0.380778 0.086961 0.403889 -0.382113 0.0600293 0.409203
-0.380759 0.0874512 0.403793 -0.382094 0.0605021 0.409109
-0.380739 0.0879414 0.403696 -0.382076 0.0609751 0.409016
-0.38072 0.0884315 0.403599 -0.382057 0.0614482 0.408923
-0.3807 0.0889217 0.403502 -0.382039 0.0619216 0.408829
-0.380681 0.0894119 0.403406 -0.38202 0.0623952 0.408736
-0.380662 0.089902 0.403309 -0.382001 0.0628689 0.408643
-0.380642 0.0903922 0.403212 -0.381983 0.0633427 0.408549
-0.380623 0.0908824 0.403115 -0.381964 0.0638165 0.408456
-0.380604 0.0913725 0.403019 -0.381945 0.0642902 0.408362
-0.380584 0.0918627 0.402922 -0.381927 0.0647638 0.408269
-0.380565 0.0923529 0.402825 -0.381908 0.0652373 0.408175
-0.380546 0.0928431 0.402728 -0.381889 0.0657109 0.408082
-0.380526 0.0933332 0.402632 -0.381871 0.0661845 0.407988
-0.380507 0.0938234 0.402535 -0.381833 0.067132 0.407801
-0.380488 0.0943136 0.402438 -0.381815 0.0676057 0.407708
-0.380468 0.0948037 0.402341 -0.381759 0.0690274 0.407428
-0.380449 0.0952939 0.402245 -0.38174 0.0695016 0.407334
-0.38043 0.0957841 0.402148 -0.381703 0.0704501 0.407147
-0.38041 0.0962742 0.402051 -0.381684 0.0709235 0.407054
-0.380391 0.0967644 0.401954 -0.381666 0.0713959 0.40696
-0.380372 0.0972546 0.401858 -0.381647 0.0718668 0.406867
-0.380352 0.0977447 0.401761 -0.381628 0.0723363 0.406775
-0.380333 0.0982349 0.401664 -0.381609 0.0728046 0.406682
-0.380313 0.0987251 0.401567 -0.381591 0.0732717 0.40659
-0.380294 0.0992153 0.401471 -0.381572 0.0737379 0.406498
-0.380275 0.0997054 0.401374 -0.381553 0.074203 0.406407
-0.380255 0.100196 0.401277 -0.381534 0.0746672 0.406315
-0.380236 0.100686 0.40118 -0.381515 0.0751304 0.406224
-0.380217 0.101176 0.401084 -0.381497 0.0755929 0.406132
-0.380197 0.101666 0.400987 -0.381478 0.0760545 0.406041
-0.380178 0.102156 0.40089 -0.381459 0.0765155 0.405951
-0.380159 0.102646 0.400793 -0.38144 0.0769759 0.40586
-0.380139 0.103137 0.400697 -0.381421 0.0774357 0.405769
-0.38012 0.103627 0.4006 -0.381403 0.0778952 0.405678
-0.380101 0.104117 0.400503 -0.381384 0.0783543 0.405588
-0.380081 0.104607 0.400406 -0.381365 0.078813 0.405497
-0.380062 0.105097 0.40031 -0.381347 0.0792716 0.405407
-0.380043 0.105587 0.400213 -0.381328 0.0797299 0.405317
-0.380023 0.106078 0.400116 -0.381309 0.0801878 0.405226
-0.380004 0.106568 0.40002 -0.381291 0.0806452 0.405136
-0.379985 0.107058 0.399923 -0.381272 0.0811021 0.405046
-0.379965 0.107548 0.399826 -0.381253 0.0815586 0.404956
-0.379946 0.108038 0.399729 -0.381235 0.0820149 0.404866
-0.379927 0.108528 0.399633 -0.381216 0.0824712 0.404776
-0.379907 0.109019 0.399536 -0.381198 0.0829275 0.404686
-0.379888 0.109509 0.399439 -0.381179 0.0833839 0.404596
-0.379868 0.109999 0.399342 -0.381161 0.0838402 0.404506
-0.379849 0.110489 0.399246 -0.381142 0.0842964 0.404416
-0.37983 0.110979 0.399149 -0.381124 0.0847524 0.404326
-0.37981 0.111469 0.399052 -0.381105 0.0852083 0.404236
-0.379791 0.11196 0.398955 -0.381087 0.0856641 0.404146
-0.379772 0.11245 0.398859 -0.381069 0.08612 0.404056
-0.379752 0.11294 0.398762 -0.38105 0.0865759 0.403966
-0.379733 0.11343 0.398665 -0.381032 0.0870319 0.403876
-0.379714 0.11392 0.398568 -0.381014 0.087488 0.403787
-0.379694 0.114411 0.398472 -0.380995 0.0879443 0.403697
-0.379675 0.114901 0.398375 -0.380977 0.0884008 0.403607
-0.379656 0.115391 0.398278 -0.380941 0.0893145 0.403426
-0.379636 0.115881 0.398181 -0.380922 0.0897717 0.403336
-0.379617 0.116371 0.398085 -0.380904 0.0902293 0.403246
-0.379598 0.116861 0.397988 -0.380886 0.0906871 0.403156
-0.379578 0.117352 0.397891 -0.380868 0.0911453 0.403065
-0.379559 0.117842 0.397794 -0.38085 0.0916038 0.402975
-0.37954 0.118332 0.397698 -0.380831 0.0920627 0.402884
-0.37952 0.118822 0.397601 -0.380813 0.092522 0.402794
-0.379501 0.119312 0.397504 -0.380795 0.0929816 0.402703
-0.379481 0.119802 0.397407 -0.380777 0.0934417 0.402613
-0.379462 0.120293 0.397311 -0.380759 0.0939022 0.402522
-0.379443 0.120783 0.397214 -0.380741 0.0943628 0.402431
-0.379423 0.121273 0.397117 -0.380723 0.0948233 0.40234
-0.379404 0.121763 0.39702 -0.380705 0.0952835 0.402249
-0.379385 0.122253 0.396924 -0.380687 0.095743 0.402159
-0.379365 0.122743 0.396827 -0.380668 0.0962023 0.402068
-0.379346 0.123234 0.39673 -0.38065 0.0966616 0.401978
-0.379327 0.123724 0.396633 -0.380632 0.0971212 0.401887
-0.379307 0.124214 0.396537 -0.380614 0.0975813 0.401796
-0.379288 0.124704 0.39644 -0.380596 0.0980419 0.401706
-0.379269 0.125194 0.396343 -0.380578 0.0985029 0.401615
-0.379249 0.125684 0.396246 -0.38056 0.0989643 0.401524
-0.37923 0.126175 0.39615 -0.380542 0.099426 0.401433
-0.379211 0.126665 0.396053 -0.380524 0.0998881 0.401342
-0.379191 0.127155 0.395956 -0.380488 0.100813 0.401159
-0.379172 0.127645 0.39586 -0.38047 0.101276 0.401068
-0.379153 0.128135 0.395763 -0.380452 0.10174 0.400977
-0.379133 0.128625 0.395666 -0.380434 0.102204 0.400885
-0.379114 0.129116 0.395569 -0.380416 0.102668 0.400794
-0.379095 0.129606 0.395473 -0.380398 0.103132 0.400702
-0.379075 0.130096 0.395376 -0.380343 0.104527 0.400427
-0.379056 0.130586 0.395279 -0.380325 0.104993 0.400335
-0.379036 0.131076 0.395182 -0.380307 0.105458 0.400244
-0.379017 0.131566 0.395086 -0.380289 0.105923 0.400152
-0.378998 0.132057 0.394989 -0.380253 0.106852 0.399969
-0.378978 0.132547 0.394892 -0.380235 0.107316 0.399877
-0.378959 0.133037 0.394795 -0.380216 0.107778 0.399786
-0.37894 0.133527 0.394699 -0.380198 0.108239 0.399695
-0.37892 0.134017 0.394602 -0.38018 0.108698 0.399605
-0.378901 0.134507 0.394505 -0.380162 0.109156 0.399515
-0.378882 0.134998 0.394408 -0.380143 0.109613 0.399424
-0.378862 0.135488 0.394312 -0.380125 0.11007 0.399334
-0.378843 0.135978 0.394215 -0.380107 0.110526 0.399245
-0.378824 0.136468 0.394118 -0.380088 0.110981 0.399155
-0.378804 0.136958 0.394021 -0.38007 0.111437 0.399065
-0.378785 0.137448 0.393925 -0.380052 0.111891 0.398975
-0.378766 0.137939 0.393828 -0.380034 0.112346 0.398886
-0.378746 0.138429 0.393731 -0.380015 0.1128 0.398796
-0.378727 0.138919 0.393634 -0.379997 0.113254 0.398707
-0.378708 0.139409 0.393538 -0.379979 0.113708 0.398617
-0.378688 0.139899 0.393441 -0.379961 0.114162 0.398528
-0.378669 0.14039 0.393344 -0.379942 0.114616 0.398438
-0.378649 0.14088 0.393247 -0.379924 0.11507 0.398349
-0.37863 0.14137 0.393151 -0.379906 0.115523 0.398259
-0.378611 0.14186 0.393054 -0.379888 0.115977 0.39817
-0.378591 0.14235 0.392957 -0.37987 0.11643 0.398081
-0.378572 0.14284 0.39286 -0.379851 0.116884 0.397991
-0.378553 0.143331 0.392764 -0.379833 0.117337 0.397902
-0.378533 0.143821 0.392667 -0.379815 0.117791 0.397812
-0.378514 0.144311 0.39257 -0.379797 0.118245 0.397723
-0.378495 0.144801 0.392473 -0.379779 0.1187 0.397633
-0.378475 0.145291 0.392377 -0.379761 0.119154 0.397544
-0.378456 0.145781 0.39228 -0.379743 0.119609 0.397454
-0.378437 0.146272 0.392183 -0.379725 0.120064 0.397364
-0.378417 0.146762 0.392087 -0.379707 0.12052 0.397274
-0.378398 0.147252 0.39199 -0.379689 0.120976 0.397185
-0.378379 0.147742 0.391893 -0.379671 0.121432 0.397095
-0.378359 0.148232 0.391796 -0.379653 0.121888 0.397005
-0.37834 0.148722 0.3917 -0.379634 0.122345 0.396915
-0.378321 0.149213 0.391603 -0.379616 0.122801 0.396825
-0.378301 0.149703 0.391506 -0.379598 0.123257 0.396735
-0.378282 0.150193 0.391409 -0.37958 0.123713 0.396645
-0.378263 0.150683 0.391313 -0.379562 0.124168 0.396555
-0.378243 0.151173 0.391216 -0.379544 0.124624 0.396466
-0.378224 0.151663 0.391119 -0.379526 0.12508 0.396376
-0.378204 0.152154 0.391022 -0.379508 0.125537 0.396286
-0.378185 0.152644 0.390926 -0.37949 0.125994 0.396196
-0.378166 0.153134 0.390829 -0.379472 0.126451 0.396106
-0.378146 0.153624 0.390732 -0.379454 0.126908 0.396015
-0.378127 0.154114 0.390635 -0.379418 0.127825 0.395835
-0.378108 0.154604 0.390539 -0.3794 0.128284 0.395744
-0.378088 0.155095 0.390442 -0.379383 0.128743 0.395654
-0.378069 0.155585 0.390345 -0.379365 0.129203 0.395563
-0.37805 0.156075 0.390248 -0.379347 0.129663 0.395473
-0.37803 0.156565 0.390152 -0.379329 0.130123 0.395382
-0.378011 0.157055 0.390055 -0.379311 0.130583 0.395291
-0.377992 0.157545 0.389958 -0.379293 0.131043 0.395201
-0.377972 0.158036 0.389861 -0.379275 0.131503 0.39511
-0.377953 0.158526 0.389765 -0.379257 0.131964 0.395019
-0.377934 0.159016 0.389668 -0.379239 0.132425 0.394928
-0.377914 0.159506 0.389571 -0.379221 0.132887 0.394838
-0.377895 0.159996 0.389474 -0.379203 0.133349 0.394746
-0.377876 0.160486 0.389378 -0.379185 0.133811 0.394655
-0.377856 0.160977 0.389281 -0.379167 0.134274 0.394564
-0.377837 0.161467 0.389184 -0.379149 0.134737 0.394473
-0.377817 0.161957 0.389087 -0.379131 0.1352 0.394382
-0.377798 0.162447 0.388991 -0.379095 0.136127 0.394199
-0.377779 0.162937 0.388894 -0.379077 0.136591 0.394108
-0.377759 0.163427 0.388797 -0.379059 0.137055 0.394016
-0.37774 0.163918 0.3887 -0.379041 0.137519 0.393925
-0.377721 0.164408 0.388604 -0.379023 0.137984 0.393833
-0.377701 0.164898 0.388507 -0.379005 0.138448 0.393742
-0.377682 0.165388 0.38841 -0.378987 0.138913 0.39365
-0.377663 0.165878 0.388313 -0.378969 0.139378 0.393559
-0.377643 0.166368 0.388217 -0.378951 0.139844 0.393467
-0.377624 0.166859 0.38812 -0.378932 0.140309 0.393375
-0.377605 0.167349 0.388023 -0.378914 0.140775 0.393284
-0.377585 0.167839 0.387927 -0.378896 0.141241 0.393192
-0.377566 0.168329 0.38783 -0.378878 0.141708 0.3931
-0.377547 0.168819 0.387733 -0.37886 0.142174 0.393008
-0.377527 0.16931 0.387636 -0.378842 0.142641 0.392916
-0.377508 0.1698 0.38754 -0.378824 0.143109 0.392824
-0.377489 0.17029 0.387443 -0.378806 0.143576 0.392732
-0.377469 0.17078 0.387346 -0.378788 0.144044 0.39264
-0.37745 0.17127 0.387249 -0.378769 0.144512 0.392547
-0.377431 0.17176 0.387153 -0.378751 0.14498 0.392455
-0.377411 0.172251 0.387056 -0.378733 0.145448 0.392363
-0.377392 0.172741 0.386959 -0.378715 0.145917 0.392271
-0.377372 0.173231 0.386862 -0.378697 0.146386 0.392178
-0.377353 0.173721 0.386766 -0.378678 0.146856 0.392086
-0.377334 0.174211 0.386669 -0.37866 0.147325 0.391993
-0.377314 0.174701 0.386572 -0.378642 0.147796 0.391901
-0.377295 0.175192 0.386475 -0.378624 0.148266 0.391808
-0.377276 0.175682 0.386379 -0.378606 0.148737 0.391715
-0.377256 0.176172 0.386282 -0.378587 0.149208 0.391623
-0.377237 0.176662 0.386185 -0.378569 0.149679 0.39153
-0.377218 0.177152 0.386088 -0.378551 0.150151 0.391437
-0.377198 0.177642 0.385992 -0.378533 0.150623 0.391344
-0.377179 0.178133 0.385895 -0.378514 0.151095 0.391251
-0.37716 0.178623 0.385798 -0.378496 0.151567 0.391158
-0.37714 0.179113 0.385701 -0.378478 0.15204 0.391065
-0.377121 0.179603 0.385605 -0.378459 0.152512 0.390972
-0.377102 0.180093 0.385508 -0.378441 0.152985 0.390879
-0.377082 0.180583 0.385411 -0.378423 0.153458 0.390785
-0.377063 0.181074 0.385314 -0.378404 0.153931 0.390692
-0.377044 0.181564 0.385218 -0.378386 0.154405 0.390599
-0.377024 0.182054 0.385121 -0.378367 0.154879 0.390506
-0.377005 0.182544 0.385024 -0.378349 0.155353 0.390412
-0.376985 0.183034 0.384927 -0.378331 0.155827 0.390319
-0.376966 0.183524 0.384831 -0.378312 0.156301 0.390226
-0.376947 0.184015 0.384734 -0.378294 0.156775 0.390132
-0.376927 0.184505 0.384637 -0.378275 0.15725 0.390039
-0.376908 0.184995 0.38454 -0.378257 0.157724 0.389945
-0.376889 0.185485 0.384444 -0.37822 0.158672 0.389759
-0.376869 0.185975 0.384347 -0.378201 0.159147 0.389665
-0.37685 0.186465 0.38425 -0.378183 0.159621 0.389572
-0.376831 0.186956 0.384153 -0.378164 0.160096 0.389478
-0.376811 0.187446 0.384057 -0.378146 0.160571 0.389385
-0.376792 0.187936 0.38396 -0.378127 0.161046 0.389291
-0.376773 0.188426 0.383863 -0.378109 0.16152 0.389198
-0.376753 0.188916 0.383767 -0.37809 0.161996 0.389104
-0.376734 0.189406 0.38367 -0.378071 0.162471 0.389011
-0.376715 0.189897 0.383573 -0.378053 0.162946 0.388917
-0.376695 0.190387 0.383476 -0.378034 0.163422 0.388823
-0.376676 0.190877 0.38338 -0.378016 0.163897 0.38873
-0.376657 0.191367 0.383283 -0.377997 0.164373 0.388636
-0.376637 0.191857 0.383186 -0.377978 0.164849 0.388542
-0.376618 0.192347 0.383089 -0.37796 0.165325 0.388449
-0.376599 0.192838 0.382993 -0.377941 0.165801 0.388355
-0.376579 0.193328 0.382896 -0.377922 0.166277 0.388261
-0.37656 0.193818 0.382799 -0.377904 0.166753 0.388167
-0.37654 0.194308 0.382702 -0.377885 0.167229 0.388074
-0.376521 0.194798 0.382606 -0.377866 0.167706 0.38798
-0.376502 0.195288 0.382509 -0.377848 0.168182 0.387886
-0.376482 0.195779 0.382412 -0.377829 0.168659 0.387792
-0.376463 0.196269 0.382315 -0.37781 0.169136 0.387698
-0.376444 0.196759 0.382219 -0.377792 0.169613 0.387604
-0.376424 0.197249 0.382122 -0.377773 0.17009 0.38751
-0.376405 0.197739 0.382025 -0.377754 0.170567 0.387416
-0.376386 0.19823 0.381928 -0.377642 0.17343 0.386853
-0.376366 0.19872 0.381832 -0.377623 0.173906 0.386759
-0.376347 0.19921 0.381735 -0.377604 0.174381 0.386665
-0.376328 0.1997 0.381638 -0.377585 0.174854 0.386572
-0.376308 0.20019 0.381541 -0.377566 0.175325 0.386479
-0.376289 0.20068 0.381445 -0.377547 0.175793 0.386387
-0.37627 0.201171 0.381348 -0.377528 0.176259 0.386295
-0.37625 0.201661 0.381251 -0.377509 0.176722 0.386204
-0.376231 0.202151 0.381154 -0.37749 0.177183 0.386113
-0.376212 0.202641 0.381058 -0.377471 0.177643 0.386022
-0.376192 0.203131 0.380961 -0.377452 0.1781 0.385932
-0.376173 0.203621 0.380864 -0.377433 0.178556 0.385842
-0.376153 0.204112 0.380767 -0.377395 0.179464 0.385663
-0.376134 0.204602 0.380671 -0.377376 0.179916 0.385574
-0.376115 0.205092 0.380574 -0.377357 0.180366 0.385485
-0.376095 0.205582 0.380477 -0.377338 0.180814 0.385397
-0.376076 0.206072 0.38038 -0.377319 0.18126 0.385309
-0.376057 0.206562 0.380284 -0.3773 0.181705 0.385221
-0.376037 0.207053 0.380187 -0.377281 0.182149 0.385133
-0.376018 0.207543 0.38009 -0.377262 0.182592 0.385046
-0.375999 0.208033 0.379994 -0.377243 0.183035 0.384959
-0.375979 0.208523 0.379897 -0.377225 0.183478 0.384871
-0.37596 0.209013 0.3798 -0.377206 0.18392 0.384784
-0.375941 0.209503 0.379703 -0.377187 0.184362 0.384697
-0.375921 0.209994 0.379607 -0.377168 0.184805 0.38461
-0.375902 0.210484 0.37951 -0.37715 0.185247 0.384522
-0.375883 0.210974 0.379413 -0.377131 0.185689 0.384435
-0.375863 0.211464 0.379316 -0.377113 0.186131 0.384348
-0.375844 0.211954 0.37922 -0.377094 0.186574 0.384261
-0.375825 0.212444 0.379123 -0.377076 0.187016 0.384173
-0.375805 0.212935 0.379026 -0.377058 0.187458 0.384086
-0.375786 0.213425 0.378929 -0.377039 0.187901 0.383999
-0.375767 0.213915 0.378833 -0.377021 0.188343 0.383912
-0.375747 0.214405 0.378736 -0.377003 0.188785 0.383825
-0.375728 0.214895 0.378639 -0.376985 0.189227 0.383738
-0.375708 0.215385 0.378542 -0.376966 0.189669 0.38365
-0.375689 0.215876 0.378446 -0.376948 0.190111 0.383563
-0.37567 0.216366 0.378349 -0.37693 0.190553 0.383476
-0.37565 0.216856 0.378252 -0.376912 0.190995 0.383389
-0.375631 0.217346 0.378155 -0.376894 0.191438 0.383302
-0.375612 0.217836 0.378059 -0.376876 0.191881 0.383214
-0.375592 0.218326 0.377962 -0.376858 0.192325 0.383127
-0.375573 0.218817 0.377865 -0.37684 0.192769 0.38304
-0.375554 0.219307 0.377768 -0.376822 0.193213 0.382952
-0.375534 0.219797 0.377672 -0.376804 0.193659 0.382864
-0.375515 0.220287 0.377575 -0.376769 0.194552 0.382688
-0.375496 0.220777 0.377478 -0.376751 0.195 0.3826
-0.375476 0.221267 0.377381 -0.376733 0.195448 0.382512
-0.375457 0.221758 0.377285 -0.376715 0.195896 0.382424
-0.375438 0.222248 0.377188 -0.376698 0.196345 0.382335
-0.375418 0.222738 0.377091 -0.37668 0.196794 0.382247
-0.375399 0.223228 0.376994 -0.376662 0.197244 0.382158
-0.37538 0.223718 0.376898 -0.376644 0.197694 0.38207
-0.37536 0.224209 0.376801 -0.376627 0.198145 0.381981
-0.375341 0.224699 0.376704 -0.376609 0.198596 0.381892
-0.375321 0.225189 0.376607 -0.376591 0.199048 0.381803
-0.375302 0.225679 0.376511 -0.376574 0.1995 0.381714
-0.375283 0.226169 0.376414 -0.376556 0.199952 0.381625
-0.375263 0.226659 0.376317 -0.376538 0.200404 0.381536
-0.375244 0.22715 0.37622 -0.376521 0.200857 0.381447
-0.375225 0.22764 0.376124 -0.376503 0.20131 0.381358
-0.375205 0.22813 0.376027 -0.376485 0.201763 0.381269
-0.375186 0.22862 0.37593 -0.376468 0.202216 0.381179
-0.375167 0.22911 0.375834 -0.37645 0.20267 0.38109
-0.375147 0.2296 0.375737 -0.376432 0.203124 0.381001
-0.375128 0.230091 0.37564 -0.376415 0.203579 0.380911
-0.375109 0.230581 0.375543 -0.376397 0.204034 0.380822
-0.375089 0.231071 0.375447 -0.376379 0.204489 0.380732
-0.37507 0.231561 0.37535 -0.376362 0.204945 0.380642
-0.375051 0.232051 0.375253 -0.376344 0.205401 0.380553
-0.375031 0.232541 0.375156 -0.376326 0.205857 0.380463
-0.375012 0.233032 0.37506 -0.376291 0.206771 0.380283
-0.374993 0.233522 0.374963 -0.376273 0.207228 0.380193
-0.374973 0.234012 0.374866 -0.376256 0.207686 0.380103
-0.374954 0.234502 0.374769 -0.376238 0.208145 0.380013
-0.374935 0.234992 0.374673 -0.37622 0.208604 0.379922
-0.374915 0.235482 0.374576 -0.376203 0.209063 0.379832
-0.374896 0.235973 0.374479 -0.376185 0.209523 0.379741
-0.374876 0.236463 0.374382 -0.376167 0.209983 0.379651
-0.374857 0.236953 0.374286 -0.376149 0.210444 0.37956
-0.374838 0.237443 0.374189 -0.376132 0.210905 0.37947
-0.374818 0.237933 0.374092 -0.376114 0.211367 0.379379
-0.374799 0.238423 0.373995 -0.376096 0.211829 0.379288
-0.37478 0.238914 0.373899 -0.376078 0.212292 0.379197
-0.37476 0.239404 0.373802 -0.37606 0.212754 0.379106
-0.374741 0.239894 0.373705 -0.376043 0.213218 0.379015
-0.374722 0.240384 0.373608 -0.376025 0.213681 0.378923
-0.374702 0.240874 0.373512 -0.376007 0.214146 0.378832
-0.374683 0.241364 0.373415 -0.375989 0.21461 0.378741
-0.374664 0.241855 0.373318 -0.375971 0.215074 0.378649
-0.374644 0.242345 0.373221 -0.375953 0.215539 0.378558
-0.374625 0.242835 0.373125 -0.375935 0.216004 0.378466
-0.374606 0.243325 0.373028 -0.375918 0.216469 0.378375
-0.374586 0.243815 0.372931 -0.3759 0.216935 0.378283
-0.374567 0.244305 0.372834 -0.375882 0.217401 0.378192
-0.374548 0.244796 0.372738 -0.375864 0.217868 0.3781
-0.374528 0.245286 0.372641 -0.375846 0.218335 0.378008
-0.374509 0.245776 0.372544 -0.375828 0.218803 0.377916
-0.374489 0.246266 0.372447 -0.37581 0.219271 0.377824
-0.37447 0.246756 0.372351 -0.375792 0.219739 0.377732
-0.374451 0.247246 0.372254 -0.375774 0.220208 0.377639
-0.374431 0.247737 0.372157 -0.375756 0.220678 0.377547
-0.374412 0.248227 0.37206 -0.375738 0.221148 0.377455
-0.374393 0.248717 0.371964 -0.37572 0.221618 0.377362
-0.374373 0.249207 0.371867 -0.375702 0.222089 0.377269
-0.374354 0.249697 0.37177 -0.375683 0.22256 0.377177
-0.374335 0.250187 0.371674 -0.375665 0.223031 0.377084
-0.374315 0.250678 0.371577 -0.375647 0.223503 0.376991
-0.374296 0.251168 0.37148 -0.375629 0.223976 0.376898
-0.374277 0.251658 0.371383 -0.375611 0.224448 0.376805
-0.374257 0.252148 0.371287 -0.375593 0.224922 0.376712
-0.374238 0.252638 0.37119 -0.375575 0.225395 0.376619
-0.374219 0.253129 0.371093 -0.375556 0.225869 0.376526
-0.374199 0.253619 0.370996 -0.375538 0.226344 0.376433
-0.37418 0.254109 0.3709 -0.37552 0.226819 0.376339
-0.374161 0.254599 0.370803 -0.375502 0.227294 0.376246
-0.374141 0.255089 0.370706 -0.375483 0.22777 0.376152
-0.374122 0.255579 0.370609 -0.375465 0.228246 0.376059
-0.374103 0.25607 0.370513 -0.375447 0.228721 0.375965
-0.374083 0.25656 0.370416 -0.375428 0.229197 0.375871
-0.374064 0.25705 0.370319 -0.37541 0.229673 0.375778
-0.374044 0.25754 0.370222 -0.375392 0.230148 0.375684
-0.374025 0.25803 0.370126 -0.375373 0.230624 0.375591
-0.374006 0.25852 0.370029 -0.375355 0.2311 0.375497
-0.373986 0.259011 0.369932 -0.375336 0.231575 0.375404
-0.373967 0.259501 0.369835 -0.375318 0.232051 0.37531
-0.373948 0.259991 0.369739 -0.375299 0.232528 0.375216
-0.373928 0.260481 0.369642 -0.375281 0.233004 0.375122
-0.373909 0.260971 0.369545 -0.375262 0.233481 0.375029
-0.37389 0.261461 0.369448 -0.375225 0.234434 0.374841
-0.37387 0.261952 0.369352 -0.375207 0.234911 0.374747
-0.373851 0.262442 0.369255 -0.375188 0.235388 0.374653
-0.373832 0.262932 0.369158 -0.375169 0.235866 0.374559
-0.373812 0.263422 0.369061 -0.375151 0.236343 0.374465
-0.373793 0.263912 0.368965 -0.375132 0.236821 0.374371
-0.373774 0.264402 0.368868 -0.375113 0.237298 0.374277
-0.373754 0.264893 0.368771 -0.375095 0.237775 0.374184
-0.373735 0.265383 0.368674 -0.375076 0.238252 0.37409
-0.373716 0.265873 0.368578 -0.375057 0.238729 0.373996
-0.373696 0.266363 0.368481 -0.375039 0.239205 0.373902
-0.373677 0.266853 0.368384 -0.37502 0.239681 0.373808
-0.373657 0.267343 0.368287 -0.374982 0.240633 0.373621
-0.373638 0.267834 0.368191 -0.374964 0.241109 0.373527
-0.373619 0.268324 0.368094 -0.374926 0.24206 0.37334
-0.373599 0.268814 0.367997 -0.374907 0.242535 0.373246
-0.37358 0.269304 0.367901 -0.374888 0.243011 0.373153
-0.373561 0.269794 0.367804 -0.37487 0.243485 0.373059
-0.373541 0.270284 0.367707 -0.374851 0.24396 0.372966
-0.373522 0.270775 0.36761 -0.374832 0.244434 0.372873
-0.373503 0.271265 0.367514 -0.374813 0.244907 0.372779
-0.373483 0.271755 0.367417 -0.374794 0.24538 0.372686
-0.373464 0.272245 0.36732 -0.374775 0.245853 0.372593
-0.373445 0.272735 0.367223 -0.374756 0.246325 0.3725
-0.373425 0.273225 0.367127 -0.374737 0.246797 0.372407
-0.373406 0.273716 0.36703 -0.374718 0.247268 0.372314
-0.373387 0.274206 0.366933 -0.3747 0.247739 0.372222
-0.373367 0.274696 0.366836 -0.374681 0.24821 0.372129
-0.373348 0.275186 0.36674 -0.374662 0.248681 0.372036
-0.373329 0.275676 0.366643 -0.374643 0.249151 0.371943
-0.373309 0.276166 0.366546 -0.374624 0.249622 0.371851
-0.37329 0.276657 0.366449 -0.374605 0.250092 0.371758
-0.373271 0.277147 0.366353 -0.374586 0.250562 0.371665
-0.373251 0.277637 0.366256 -0.374567 0.251032 0.371573
-0.373232 0.278127 0.366159 -0.374548 0.251502 0.37148
-0.373212 0.278617 0.366062 -0.37453 0.251972 0.371388
-0.373193 0.279107 0.365966 -0.374511 0.252441 0.371295
-0.373174 0.279598 0.365869 -0.374492 0.252911 0.371203
-0.373154 0.280088 0.365772 -0.374473 0.253381 0.37111
-0.373135 0.280578 0.365675 -0.374454 0.253851 0.371017
-0.373116 0.281068 0.365579 -0.374435 0.254321 0.370925
-0.373096 0.281558 0.365482 -0.374417 0.254791 0.370832
-0.373077 0.282049 0.365385 -0.374398 0.255261 0.37074
-0.373058 0.282539 0.365288 -0.374379 0.255731 0.370647
-0.373038 0.283029 0.365192 -0.37436 0.256201 0.370554
-0.373019 0.283519 0.365095 -0.374341 0.256672 0.370462
-0.373 0.284009 0.364998 -0.374323 0.257142 0.370369
-0.37298 0.284499 0.364901 -0.374304 0.257613 0.370276
-0.372961 0.28499 0.364805 -0.374285 0.258083 0.370184
-0.372942 0.28548 0.364708 -0.374266 0.258553 0.370091
-0.372922 0.28597 0.364611 -0.374248 0.259023 0.369999
-0.372903 0.28646 0.364514 -0.374229 0.259493 0.369906
-0.372884 0.28695 0.364418 -0.374191 0.260433 0.369721
-0.372864 0.28744 0.364321 -0.374173 0.260903 0.369628
-0.372845 0.287931 0.364224 -0.374154 0.261373 0.369536
-0.372825 0.288421 0.364127 -0.374135 0.261842 0.369443
-0.372806 0.288911 0.364031 -0.374116 0.262312 0.369351
-0.372787 0.289401 0.363934 -0.374098 0.262782 0.369258
-0.372767 0.289891 0.363837 -0.374079 0.263252 0.369166
-0.372748 0.290381 0.363741 -0.37406 0.263722 0.369073
-0.372729 0.290872 0.363644 -0.374042 0.264192 0.36898
-0.372709 0.291362 0.363547 -0.374023 0.264662 0.368888
-0.37269 0.291852 0.36345 -0.374004 0.265133 0.368795
-0.372671 0.292342 0.363354 -0.373985 0.265603 0.368703
-0.372651 0.292832 0.363257 -0.373967 0.266073 0.36861
-0.372632 0.293322 0.36316 -0.373948 0.266543 0.368517
-0.372613 0.293813 0.363063 -0.373929 0.267012 0.368425
-0.372593 0.294303 0.362967 -0.373911 0.267482 0.368332
-0.372574 0.294793 0.36287 -0.373892 0.267952 0.36824
-0.372555 0.295283 0.362773 -0.373873 0.268422 0.368147
-0.372535 0.295773 0.362676 -0.373855 0.268892 0.368055
-0.372516 0.296263 0.36258 -0.373836 0.269362 0.367962
-0.372497 0.296754 0.362483 -0.373817 0.269833 0.367869
-0.372477 0.297244 0.362386 -0.373799 0.270304 0.367777
-0.372458 0.297734 0.362289 -0.37378 0.270775 0.367684
-0.372439 0.298224 0.362193 -0.373761 0.271247 0.367591
-0.372419 0.298714 0.362096 -0.373743 0.271718 0.367498
-0.3724 0.299204 0.361999 -0.373724 0.27219 0.367405
-0.37238 0.299695 0.361902 -0.373705 0.272662 0.367312
-0.372361 0.300185 0.361806 -0.373687 0.273134 0.367219
-0.372342 0.300675 0.361709 -0.373668 0.273606 0.367127
-0.372322 0.301165 0.361612 -0.373649 0.274078 0.367034
-0.372303 0.301655 0.361515 -0.373631 0.27455 0.366941
-0.372284 0.302145 0.361419 -0.373612 0.275022 0.366848
-0.372264 0.302636 0.361322 -0.373593 0.275494 0.366755
-0.372245 0.303126 0.361225 -0.373575 0.275965 0.366662
-0.372226 0.303616 0.361128 -0.373556 0.276437 0.366569
-0.372206 0.304106 0.361032 -0.373537 0.276909 0.366476
-0.372187 0.304596 0.360935 -0.373519 0.277381 0.366383
-0.372168 0.305086 0.360838 -0.3735 0.277853 0.366291
-0.372148 0.305577 0.360741 -0.373481 0.278325 0.366198
-0.372129 0.306067 0.360645 -0.373444 0.27927 0.366012
-0.37211 0.306557 0.360548 -0.373426 0.279742 0.365919
-0.37209 0.307047 0.360451 -0.373407 0.280215 0.365826
-0.372071 0.307537 0.360354 -0.373388 0.280688 0.365732
-0.372052 0.308027 0.360258 -0.37337 0.281161 0.365639
-0.372032 0.308518 0.360161 -0.373351 0.281634 0.365546
-0.372013 0.309008 0.360064 -0.373332 0.282108 0.365453
-0.371993 0.309498 0.359967 -0.373314 0.282582 0.36536
-0.371974 0.309988 0.359871 -0.373295 0.283056 0.365266
-0.371955 0.310478 0.359774 -0.373276 0.28353 0.365173
-0.371935 0.310969 0.359677 -0.373258 0.284004 0.36508
-0.371916 0.311459 0.359581 -0.373239 0.284478 0.364986
-0.371897 0.311949 0.359484 -0.37322 0.284953 0.364893
-0.371877 0.312439 0.359387 -0.373202 0.285427 0.3648
-0.371858 0.312929 0.35929 -0.373183 0.285901 0.364706
-0.371839 0.313419 0.359194 -0.373164 0.286376 0.364613
-0.371819 0.31391 0.359097 -0.373146 0.28685 0.36452
-0.3718 0.3144 0.359 -0.373127 0.287324 0.364426
-0.371781 0.31489 0.358903 -0.373108 0.287797 0.364333
-0.371761 0.31538 0.358807 -0.373089 0.288271 0.36424
-0.371742 0.31587 0.35871 -0.373071 0.288745 0.364147
-0.371723 0.31636 0.358613 -0.373052 0.289218 0.364053
-0.371703 0.316851 0.358516 -0.373033 0.289691 0.36396
-0.371684 0.317341 0.35842 -0.373015 0.290165 0.363867
-0.371665 0.317831 0.358323 -0.372996 0.290638 0.363774
-0.371645 0.318321 0.358226 -0.372958 0.291585 0.363587
-0.371626 0.318811 0.358129 -0.37294 0.292058 0.363494
-0.371607 0.319301 0.358033 -0.372921 0.292532 0.363401
-0.371587 0.319792 0.357936 -0.372902 0.293005 0.363307
-0.371568 0.320282 0.357839 -0.372883 0.293479 0.363214
-0.371548 0.320772 0.357742 -0.372865 0.293952 0.363121
-0.371529 0.321262 0.357646 -0.372846 0.294426 0.363028
-0.37151 0.321752 0.357549 -0.372827 0.2949 0.362934
-0.37149 0.322242 0.357452 -0.372808 0.295374 0.362841
-0.371471 0.322733 0.357355 -0.37279 0.295848 0.362748
-0.371452 0.323223 0.357259 -0.372771 0.296322 0.362654
-0.371432 0.323713 0.357162 -0.372752 0.296796 0.362561
-0.371413 0.324203 0.357065 -0.372734 0.29727 0.362468
-0.371394 0.324693 0.356968 -0.372715 0.297744 0.362374
-0.371374 0.325183 0.356872 -0.372696 0.298219 0.362281
-0.371355 0.325674 0.356775 -0.372677 0.298693 0.362187
-0.371336 0.326164 0.356678 -0.372659 0.299168 0.362094
-0.371316 0.326654 0.356581 -0.37264 0.299642 0.362
-0.371297 0.327144 0.356485 -0.372621 0.300117 0.361907
-0.371278 0.327634 0.356388 -0.372602 0.300592 0.361813
-0.371258 0.328124 0.356291 -0.372584 0.301066 0.36172
-0.371239 0.328615 0.356194 -0.372565 0.301541 0.361627
-0.37122 0.329105 0.356098 -0.372546 0.302015 0.361533
-0.3712 0.329595 0.356001 -0.372527 0.30249 0.36144
-0.371181 0.330085 0.355904 -0.372509 0.302964 0.361346
-0.371162 0.330575 0.355808 -0.37249 0.303438 0.361253
-0.371142 0.331065 0.355711 -0.372471 0.303912 0.36116
-0.371123 0.331556 0.355614 -0.372452 0.304386 0.361066
-0.371103 0.332046 0.355517 -0.372433 0.30486 0.360973
-0.371084 0.332536 0.355421 -0.372415 0.305334 0.36088
-0.371065 0.333026 0.355324 -0.372396 0.305808 0.360786
-0.371045 0.333516 0.355227 -0.372377 0.306282 0.360693
-0.371026 0.334006 0.35513 -0.372358 0.306756 0.360599
-0.371007 0.334497 0.355034 -0.37234 0.30723 0.360506
-0.370987 0.334987 0.354937 -0.372302 0.308179 0.360319
-0.370968 0.335477 0.35484 -0.372283 0.308654 0.360226
-0.370949 0.335967 0.354743 -0.372264 0.309129 0.360132
-0.370929 0.336457 0.354647 -0.372246 0.309604 0.360038
-0.37091 0.336948 0.35455 -0.372227 0.310079 0.359945
-0.370891 0.337438 0.354453 -0.372208 0.310555 0.359851
-0.370871 0.337928 0.354356 -0.372189 0.31103 0.359758
-0.370852 0.338418 0.35426 -0.372171 0.311506 0.359664
-0.370833 0.338908 0.354163 -0.372152 0.311981 0.35957
-0.370813 0.339398 0.354066 -0.372133 0.312457 0.359477
-0.370794 0.339889 0.353969 -0.372114 0.312933 0.359383
-0.370775 0.340379 0.353873 -0.372096 0.313409 0.359289
-0.370755 0.340869 0.353776 -0.372077 0.313885 0.359195
-0.370736 0.341359 0.353679 -0.372058 0.314361 0.359102
-0.370716 0.341849 0.353582 -0.372039 0.314838 0.359008
-0.370697 0.342339 0.353486 -0.37202 0.315314 0.358914
-0.370678 0.34283 0.353389 -0.372002 0.315791 0.35882
-0.370658 0.34332 0.353292 -0.371983 0.316267 0.358726
-0.370639 0.34381 0.353195 -0.371964 0.316743 0.358633
-0.37062 0.3443 0.353099 -0.371945 0.317219 0.358539
-0.3706 0.34479 0.353002 -0.371926 0.317695 0.358445
-0.370581 0.34528 0.352905 -0.371908 0.318171 0.358352
-0.370562 0.345771 0.352808 -0.371889 0.318646 0.358258
-0.370542 0.346261 0.352712 -0.37187 0.319122 0.358164
-0.370523 0.346751 0.352615 -0.371851 0.319597 0.358071
-0.370504 0.347241 0.352518 -0.371832 0.320072 0.357977
-0.370484 0.347731 0.352421 -0.371813 0.320546 0.357884
-0.370465 0.348221 0.352325 -0.371795 0.321021 0.35779
-0.370446 0.348712 0.352228 -0.371757 0.32197 0.357603
-0.370426 0.349202 0.352131 -0.371738 0.322445 0.357509
-0.370407 0.349692 0.352034 -0.371719 0.32292 0.357416
-0.370388 0.350182 0.351938 -0.3717 0.323394 0.357322
-0.370368 0.350672 0.351841 -0.371682 0.323869 0.357229
-0.370349 0.351162 0.351744 -0.371663 0.324344 0.357135
-0.37033 0.351653 0.351648 -0.371644 0.324819 0.357042
-0.37031 0.352143 0.351551 -0.371625 0.325294 0.356948
-0.370291 0.352633 0.351454 -0.371606 0.325769 0.356855
-0.370271 0.353123 0.351357 -0.371587 0.326244 0.356761
-0.370252 0.353613 0.351261 -0.371569 0.326719 0.356668
-0.370233 0.354103 0.351164 -0.37155 0.327194 0.356574
-0.370213 0.354594 0.351067 -0.371531 0.327669 0.35648
-0.370194 0.355084 0.35097 -0.371474 0.329095 0.356199
-0.370175 0.355574 0.350874 -0.371456 0.329571 0.356106
-0.370155 0.356064 0.350777 -0.371437 0.330046 0.356012
-0.370136 0.356554 0.35068 -0.371418 0.330521 0.355919
-0.370117 0.357044 0.350583 -0.371399 0.330996 0.355825
-0.370097 0.357535 0.350487 -0.37138 0.33147 0.355732
-0.370078 0.358025 0.35039 -0.371361 0.331943 0.355638
-0.370059 0.358515 0.350293 -0.371342 0.332416 0.355545
-0.370039 0.359005 0.350196 -0.371305 0.333357 0.355359
-0.37002 0.359495 0.3501 -0.371286 0.333826 0.355267
-0.370001 0.359985 0.350003 -0.371267 0.334294 0.355175
-0.369981 0.360476 0.349906 -0.371248 0.334761 0.355082
-0.370001 0.359985 0.350003 -0.371229 0.335227 0.35499
-0.369981 0.360476 0.349906 -0.37121 0.335693 0.354898
-0.370001 0.359985 0.350003 -0.371191 0.336158 0.354807
-0.369981 0.360476 0.349906 -0.371172 0.336622 0.354715
-0.370001 0.359985 0.350003 -0.371153 0.337086 0.354623
-0.369981 0.360476 0.349906 -0.371134 0.337549 0.354532
-0.370001 0.359985 0.350003 -0.371116 0.338011 0.354441
-0.369981 0.360476 0.349906 -0.371097 0.338472 0.354349
-0.370001 0.359985 0.350003 -0.371078 0.338932 0.354259
-0.369981 0.360476 0.349906 -0.371059 0.33939 0.354168
-0.370001 0.359985 0.350003 -0.37104 0.339845 0.354078
-0.369981 0.360476 0.349906 -0.371021 0.340297 0.353989
-0.370001 0.359985 0.350003 -0.371002 0.340745 0.3539
-0.369981 0.360476 0.349906 -0.370983 0.34119 0.353812
-0.370001 0.359985 0.350003 -0.370965 0.34163 0.353724
-0.369981 0.360476 0.349906 -0.370946 0.342067 0.353638
-0.370001 0.359985 0.350003 -0.370927 0.342498 0.353552
-0.369981 0.360476 0.349906 -0.370908 0.342925 0.353467
-0.370001 0.359985 0.350003 -0.370889 0.343347 0.353383
-0.369981 0.360476 0.349906 -0.37087 0.343764 0.3533
-0.370001 0.359985 0.350003 -0.370852 0.344176 0.353218
-0.369981 0.360476 0.349906 -0.370833 0.344582 0.353137
-0.370001 0.359985 0.350003 -0.370815 0.344983 0.353057
-0.369981 0.360476 0.349906 -0.370796 0.345378 0.352978
-0.370001 0.359985 0.350003 -0.370778 0.345768 0.352899
-0.369981 0.360476 0.349906 -0.37076 0.346152 0.352823
-0.370001 0.359985 0.350003 -0.370741 0.34653 0.352747
-0.369981 0.360476 0.349906 -0.370723 0.346901 0.352672
-0.370001 0.359985 0.350003 -0.370706 0.347267 0.352599
-0.369981 0.360476 0.349906 -0.370688 0.347627 0.352526
-0.370001 0.359985 0.350003 -0.37067 0.34798 0.352455
-0.369981 0.360476 0.349906 -0.370653 0.348327 0.352385
-0.370001 0.359985 0.350003 -0.370636 0.348668 0.352316
-0.369981 0.360476 0.349906 -0.370618 0.349003 0.352249
-0.370001 0.359985 0.350003 -0.370602 0.349331 0.352182
-0.369981 0.360476 0.349906 -0.370585 0.349652 0.352117
-0.370001 0.359985 0.350003 -0.370568 0.349967 0.352054
-0.369981 0.360476 0.349906 -0.370552 0.350275 0.351991
-0.370001 0.359985 0.350003 -0.370536 0.350577 0.35193
-0.369981 0.360476 0.349906 -0.37052 0.350873 0.35187
-0.370001 0.359985 0.350003 -0.370505 0.351162 0.351811
-0.369981 0.360476 0.349906 -0.370489 0.351446 0.351753
-0.370001 0.359985 0.350003 -0.370474 0.351723 0.351697
-0.369981 0.360476 0.349906 -0.37046 0.351994 0.351642
-0.370001 0.359985 0.350003 -0.370445 0.352259 0.351588
-0.369981 0.360476 0.349906 -0.370431 0.352518 0.351535
-0.370001 0.359985 0.350003 -0.370416 0.352771 0.351483
-0.369981 0.360476 0.349906 -0.370389 0.35326 0.351384
-0.370001 0.359985 0.350003 -0.370376 0.353495 0.351335
-0.369981 0.360476 0.349906 -0.370363 0.353725 0.351288
-0.370001 0.359985 0.350003 -0.37035 0.353949 0.351243
-0.369981 0.360476 0.349906 -0.370337 0.354167 0.351198
-0.370001 0.359985 0.350003 -0.370325 0.35438 0.351154
-0.369981 0.360476 0.349906 -0.370313 0.354588 0.351112
-0.370001 0.359985 0.350003 -0.370301 0.354789 0.35107
-0.369981 0.360476 0.349906 -0.37029 0.354986 0.35103
-0.370001 0.359985 0.350003 -0.370279 0.355178 0.350991
-0.369981 0.360476 0.349906 -0.370268 0.355364 0.350953
-0.370001 0.359985 0.350003 -0.370257 0.355545 0.350915
-0.369981 0.360476 0.349906 -0.370247 0.355721 0.350879
-0.370001 0.359985 0.350003 -0.370237 0.355892 0.350844
-0.369981 0.360476 0.349906 -0.370227 0.356059 0.35081
-0.370001 0.359985 0.350003 -0.370218 0.356221 0.350776
-0.369981 0.360476 0.349906 -0.370199 0.35653 0.350713
-0.370001 0.359985 0.350003 -0.370173 0.356961 0.350624
-0.369981 0.360476 0.349906 -0.370165 0.357096 0.350596
-0.370001 0.359985 0.350003 -0.370158 0.357226 0.350569
-0.369981 0.360476 0.349906 -0.37015 0.357352 0.350544
-0.370001 0.359985 0.350003 -0.370143 0.357474 0.350519
-0.369981 0.360476 0.349906 -0.370136 0.357591 0.350494
-0.370001 0.359985 0.350003 -0.370129 0.357704 0.350471
-0.369981 0.360476 0.349906 -0.370122 0.357814 0.350448
-0.370001 0.359985 0.350003 -0.370116 0.357919 0.350427
-0.369981 0.360476 0.349906 -0.37011 0.358021 0.350406
-0.370001 0.359985 0.350003 -0.370104 0.35812 0.350385
-0.369981 0.360476 0.349906 -0.370098 0.358215 0.350366
-0.370001 0.359985 0.350003 -0.370092 0.358306 0.350347
-0.369981 0.360476 0.349906 -0.370087 0.358395 0.350328
-0.370001 0.359985 0.350003 -0.370082 0.358481 0.350311
-0.369981 0.360476 0.349906 -0.370077 0.358564 0.350293
-0.370001 0.359985 0.350003 -0.370072 0.358644 0.350277
-0.369981 0.360476 0.349906 -0.370067 0.358722 0.350261
-0.370001 0.359985 0.350003 -0.370063 0.358797 0.350245
-0.369981 0.360476 0.349906 -0.370058 0.35887 0.35023
-0.370001 0.359985 0.350003 -0.370054 0.35894 0.350216
-0.369981 0.360476 0.349906 -0.37005 0.359008 0.350202
-0.370001 0.359985 0.350003 -0.370046 0.359074 0.350188
