-0.399972 -0.399287 0.499859 -0.399991 -0.399777 0.499956
-0.399953 -0.398797 0.499763 -0.399991 -0.399777 0.499956
-0.399933 -0.398307 0.499666 -0.399991 -0.399777 0.499956
-0.399914 -0.397817 0.499569 -0.399991 -0.399777 0.499956
-0.399894 -0.397327 0.499472 -0.399991 -0.399777 0.499956
-0.399875 -0.396836 0.499376 -0.399991 -0.399774 0.499956
-0.399856 -0.396346 0.499279 -0.399991 -0.399772 0.499955
-0.399836 -0.395856 0.499182 -0.399991 -0.399769 0.499955
-0.399817 -0.395366 0.499085 -0.399991 -0.399765 0.499954
-0.399798 -0.394876 0.498989 -0.39999 -0.39976 0.499953
-0.399778 -0.394386 0.498892 -0.39999 -0.399753 0.499952
-0.399759 -0.393895 0.498795 -0.39999 -0.399744 0.49995
-0.39974 -0.393405 0.498698 -0.399989 -0.399733 0.499948
-0.39972 -0.392915 0.498602 -0.399989 -0.399719 0.499945
-0.399701 -0.392425 0.498505 -0.399988 -0.399702 0.499941
-0.399682 -0.391935 0.498408 -0.399987 -0.399681 0.499937
-0.399662 -0.391444 0.498311 -0.399986 -0.399656 0.499932
-0.399643 -0.390954 0.498215 -0.399985 -0.399627 0.499927
-0.399624 -0.390464 0.498118 -0.399984 -0.399594 0.49992
-0.399604 -0.389974 0.498021 -0.399982 -0.399555 0.499913
-0.399585 -0.389484 0.497924 -0.399979 -0.399464 0.499895
-0.399566 -0.388994 0.497828 -0.399977 -0.399411 0.499885
-0.399546 -0.388503 0.497731 -0.399975 -0.399352 0.499873
-0.399527 -0.388013 0.497634 -0.399973 -0.399288 0.499861
-0.399507 -0.387523 0.497537 -0.39997 -0.399218 0.499847
-0.399488 -0.387033 0.497441 -0.399968 -0.399142 0.499832
-0.399469 -0.386543 0.497344 -0.399965 -0.399059 0.499816
-0.399449 -0.386053 0.497247 -0.399962 -0.39897 0.499799
-0.39943 -0.385562 0.49715 -0.399959 -0.398874 0.499781
-0.399411 -0.385072 0.497054 -0.399955 -0.398772 0.499761
-0.399391 -0.384582 0.496957 -0.399951 -0.398663 0.49974
-0.399372 -0.384092 0.49686 -0.399948 -0.398547 0.499718
-0.399353 -0.383602 0.496764 -0.399943 -0.398424 0.499694
-0.399333 -0.383112 0.496667 -0.399939 -0.398295 0.499669
-0.399314 -0.382621 0.49657 -0.399935 -0.398159 0.499643
-0.399295 -0.382131 0.496473 -0.39993 -0.398016 0.499616
-0.399275 -0.381641 0.496377 -0.399925 -0.397867 0.499587
-0.399256 -0.381151 0.49628 -0.39992 -0.397711 0.499557
-0.399237 -0.380661 0.496183 -0.399915 -0.397549 0.499526
-0.399217 -0.380171 0.496086 -0.399909 -0.397381 0.499494
-0.399198 -0.37968 0.49599 -0.399904 -0.397206 0.49946
-0.399179 -0.37919 0.495893 -0.399898 -0.397024 0.499426
-0.399159 -0.3787 0.495796 -0.399892 -0.396836 0.49939
-0.39914 -0.37821 0.495699 -0.399885 -0.396642 0.499353
-0.399121 -0.37772 0.495603 -0.399879 -0.396442 0.499314
-0.399101 -0.37723 0.495506 -0.399858 -0.395803 0.499192
-0.399082 -0.376739 0.495409 -0.399844 -0.395348 0.499105
-0.399062 -0.376249 0.495312 -0.399836 -0.395113 0.49906
-0.399043 -0.375759 0.495216 -0.399829 -0.394872 0.499014
-0.399024 -0.375269 0.495119 -0.399821 -0.394627 0.498967
-0.399004 -0.374779 0.495022 -0.399813 -0.394377 0.498919
-0.398985 -0.374289 0.494925 -0.399804 -0.394123 0.498871
-0.398966 -0.373798 0.494829 -0.399796 -0.393864 0.498821
-0.398946 -0.373308 0.494732 -0.399788 -0.393601 0.49877
-0.398927 -0.372818 0.494635 -0.399779 -0.393332 0.498719
-0.398908 -0.372328 0.494538 -0.39977 -0.393058 0.498666
-0.398888 -0.371838 0.494442 -0.399761 -0.39278 0.498613
-0.398869 -0.371348 0.494345 -0.399752 -0.392496 0.498559
-0.39885 -0.370857 0.494248 -0.399742 -0.392208 0.498504
-0.39883 -0.370367 0.494151 -0.399733 -0.391916 0.498447
-0.398811 -0.369877 0.494055 -0.399723 -0.391618 0.49839
-0.398792 -0.369387 0.493958 -0.399713 -0.391316 0.498332
-0.398772 -0.368897 0.493861 -0.399703 -0.39101 0.498274
-0.398753 -0.368407 0.493764 -0.399693 -0.390699 0.498214
-0.398734 -0.367916 0.493668 -0.399683 -0.390383 0.498153
-0.398714 -0.367426 0.493571 -0.399672 -0.390064 0.498092
-0.398695 -0.366936 0.493474 -0.399662 -0.389741 0.49803
-0.398675 -0.366446 0.493377 -0.399651 -0.389413 0.497967
-0.398656 -0.365956 0.493281 -0.39964 -0.389082 0.497903
-0.398637 -0.365466 0.493184 -0.399629 -0.388747 0.497839
-0.398617 -0.364975 0.493087 -0.399618 -0.388407 0.497774
-0.398598 -0.364485 0.49299 -0.399606 -0.388064 0.497707
-0.398579 -0.363995 0.492894 -0.399595 -0.387717 0.497641
-0.398559 -0.363505 0.492797 -0.399583 -0.387366 0.497573
-0.39854 -0.363015 0.4927 -0.399571 -0.387011 0.497505
-0.398521 -0.362524 0.492604 -0.399559 -0.386652 0.497436
-0.398501 -0.362034 0.492507 -0.399547 -0.386289 0.497366
-0.398482 -0.361544 0.49241 -0.399535 -0.385923 0.497295
-0.398463 -0.361054 0.492313 -0.399523 -0.385553 0.497224
-0.398443 -0.360564 0.492217 -0.39951 -0.38518 0.497152
-0.398424 -0.360074 0.49212 -0.399497 -0.384803 0.497079
-0.398405 -0.359583 0.492023 -0.399485 -0.384423 0.497006
-0.398385 -0.359093 0.491926 -0.399472 -0.38404 0.496932
-0.398366 -0.358603 0.49183 -0.399459 -0.383654 0.496858
-0.398347 -0.358113 0.491733 -0.399445 -0.383266 0.496783
-0.398327 -0.357623 0.491636 -0.399432 -0.382874 0.496707
-0.398308 -0.357133 0.491539 -0.399419 -0.38248 0.496631
-0.398289 -0.356642 0.491443 -0.399405 -0.382083 0.496554
-0.398269 -0.356152 0.491346 -0.399377 -0.381282 0.496399
-0.39825 -0.355662 0.491249 -0.399363 -0.380877 0.496321
-0.39823 -0.355172 0.491152 -0.399349 -0.38047 0.496242
-0.398211 -0.354682 0.491056 -0.399335 -0.380061 0.496163
-0.398192 -0.354192 0.490959 -0.399321 -0.379649 0.496083
-0.398172 -0.353701 0.490862 -0.399306 -0.379235 0.496002
-0.398153 -0.353211 0.490765 -0.399292 -0.378818 0.495922
-0.398134 -0.352721 0.490669 -0.399277 -0.3784 0.49584
-0.398114 -0.352231 0.490572 -0.399262 -0.377979 0.495759
-0.398095 -0.351741 0.490475 -0.399248 -0.377556 0.495677
-0.398076 -0.351251 0.490378 -0.399233 -0.377132 0.495594
-0.398056 -0.35076 0.490282 -0.399217 -0.376705 0.495511
-0.398037 -0.35027 0.490185 -0.399202 -0.376277 0.495428
-0.398018 -0.34978 0.490088 -0.399187 -0.375846 0.495344
-0.397998 -0.34929 0.489991 -0.399171 -0.375414 0.49526
-0.397979 -0.3488 0.489895 -0.399156 -0.37498 0.495175
-0.39796 -0.34831 0.489798 -0.39914 -0.374545 0.495091
-0.39794 -0.347819 0.489701 -0.399125 -0.374108 0.495006
-0.397921 -0.347329 0.489604 -0.399109 -0.37367 0.49492
-0.397902 -0.346839 0.489508 -0.399093 -0.37323 0.494834
-0.397882 -0.346349 0.489411 -0.399077 -0.372789 0.494748
-0.397863 -0.345859 0.489314 -0.399061 -0.372346 0.494662
-0.397843 -0.345369 0.489217 -0.399045 -0.371903 0.494575
-0.397824 -0.344878 0.489121 -0.399029 -0.371458 0.494488
-0.397805 -0.344388 0.489024 -0.399012 -0.371013 0.494401
-0.397785 -0.343898 0.488927 -0.398996 -0.370566 0.494314
-0.397766 -0.343408 0.488831 -0.398979 -0.370118 0.494226
-0.397747 -0.342918 0.488734 -0.398963 -0.369669 0.494138
-0.397727 -0.342428 0.488637 -0.398946 -0.369219 0.49405
-0.397708 -0.341937 0.48854 -0.398929 -0.368767 0.493962
-0.397689 -0.341447 0.488444 -0.398913 -0.368315 0.493873
-0.397669 -0.340957 0.488347 -0.398879 -0.367408 0.493696
-0.39765 -0.340467 0.48825 -0.398862 -0.366952 0.493606
-0.397631 -0.339977 0.488153 -0.398845 -0.366496 0.493517
-0.397611 -0.339487 0.488057 -0.398828 -0.366039 0.493427
-0.397592 -0.338996 0.48796 -0.398811 -0.365581 0.493337
-0.397573 -0.338506 0.487863 -0.398793 -0.365122 0.493247
-0.397553 -0.338016 0.487766 -0.398776 -0.364662 0.493157
-0.397534 -0.337526 0.48767 -0.398759 -0.364201 0.493067
-0.397515 -0.337036 0.487573 -0.398741 -0.36374 0.492976
-0.397495 -0.336546 0.487476 -0.398724 -0.363277 0.492885
-0.397476 -0.336055 0.487379 -0.398706 -0.362814 0.492794
-0.397457 -0.335565 0.487283 -0.398689 -0.36235 0.492703
-0.397437 -0.335075 0.487186 -0.398671 -0.361886 0.492612
-0.397418 -0.334585 0.487089 -0.398653 -0.36142 0.49252
-0.397398 -0.334095 0.486992 -0.398636 -0.360954 0.492428
-0.397379 -0.333604 0.486896 -0.398618 -0.360488 0.492337
-0.39736 -0.333114 0.486799 -0.3986 -0.36002 0.492245
-0.39734 -0.332624 0.486702 -0.398582 -0.359552 0.492153
-0.397321 -0.332134 0.486605 -0.398564 -0.359084 0.49206
-0.397302 -0.331644 0.486509 -0.398546 -0.358615 0.491968
-0.397282 -0.331154 0.486412 -0.398528 -0.358146 0.491876
-0.397263 -0.330663 0.486315 -0.39851 -0.357676 0.491783
-0.397244 -0.330173 0.486218 -0.398492 -0.357207 0.491691
-0.397224 -0.329683 0.486122 -0.398474 -0.356737 0.491598
-0.397205 -0.329193 0.486025 -0.398456 -0.356266 0.491505
-0.397186 -0.328703 0.485928 -0.398438 -0.355795 0.491412
-0.397166 -0.328213 0.485831 -0.39842 -0.355323 0.491319
-0.397147 -0.327722 0.485735 -0.398401 -0.354852 0.491226
-0.397128 -0.327232 0.485638 -0.398383 -0.354379 0.491133
-0.397108 -0.326742 0.485541 -0.398365 -0.353907 0.49104
-0.397089 -0.326252 0.485444 -0.398347 -0.353435 0.490947
-0.39707 -0.325762 0.485348 -0.398328 -0.352962 0.490854
-0.39705 -0.325272 0.485251 -0.39831 -0.352489 0.49076
-0.397031 -0.324781 0.485154 -0.398291 -0.352016 0.490667
-0.397011 -0.324291 0.485057 -0.398273 -0.351543 0.490573
-0.396992 -0.323801 0.484961 -0.398254 -0.351069 0.49048
-0.396973 -0.323311 0.484864 -0.398236 -0.350596 0.490386
-0.396953 -0.322821 0.484767 -0.398217 -0.350123 0.490293
-0.396934 -0.322331 0.484671 -0.398199 -0.34965 0.4902
-0.396915 -0.32184 0.484574 -0.39818 -0.349176 0.490106
-0.396895 -0.32135 0.484477 -0.398162 -0.348702 0.490012
-0.396876 -0.32086 0.48438 -0.398143 -0.348228 0.489918
-0.396857 -0.32037 0.484284 -0.398125 -0.347753 0.489825
-0.396837 -0.31988 0.484187 -0.398106 -0.347277 0.489731
-0.396818 -0.31939 0.48409 -0.398087 -0.346801 0.489637
-0.396799 -0.318899 0.483993 -0.398069 -0.346324 0.489542
-0.396779 -0.318409 0.483897 -0.39805 -0.345848 0.489448
-0.39676 -0.317919 0.4838 -0.398032 -0.345371 0.489354
-0.396741 -0.317429 0.483703 -0.398013 -0.344894 0.48926
-0.396721 -0.316939 0.483606 -0.397994 -0.344417 0.489165
-0.396702 -0.316449 0.48351 -0.397975 -0.343939 0.489071
-0.396683 -0.315958 0.483413 -0.397938 -0.342983 0.488882
-0.396663 -0.315468 0.483316 -0.397919 -0.342505 0.488787
-0.396644 -0.314978 0.483219 -0.3979 -0.342026 0.488693
-0.396625 -0.314488 0.483123 -0.397882 -0.341548 0.488598
-0.396605 -0.313998 0.483026 -0.397863 -0.341069 0.488504
-0.396586 -0.313508 0.482929 -0.397844 -0.34059 0.488409
-0.396566 -0.313017 0.482832 -0.397825 -0.34011 0.488314
-0.396547 -0.312527 0.482736 -0.397806 -0.339631 0.488219
-0.396528 -0.312037 0.482639 -0.397788 -0.339151 0.488124
-0.396508 -0.311547 0.482542 -0.397769 -0.338671 0.488029
-0.396489 -0.311057 0.482445 -0.39775 -0.338191 0.487934
-0.39647 -0.310567 0.482349 -0.397731 -0.33771 0.487839
-0.39645 -0.310076 0.482252 -0.397712 -0.337229 0.487744
-0.396431 -0.309586 0.482155 -0.397693 -0.336749 0.487649
-0.396412 -0.309096 0.482058 -0.397674 -0.336268 0.487554
-0.396392 -0.308606 0.481962 -0.397655 -0.335787 0.487459
-0.396373 -0.308116 0.481865 -0.397637 -0.335306 0.487364
-0.396354 -0.307626 0.481768 -0.397618 -0.334824 0.487269
-0.396334 -0.307135 0.481671 -0.397599 -0.334343 0.487174
-0.396315 -0.306645 0.481575 -0.39758 -0.333862 0.487079
-0.396296 -0.306155 0.481478 -0.397561 -0.333381 0.486983
-0.396276 -0.305665 0.481381 -0.397542 -0.3329 0.486888
-0.396257 -0.305175 0.481284 -0.397523 -0.332418 0.486793
-0.396238 -0.304684 0.481188 -0.397504 -0.331936 0.486698
-0.396218 -0.304194 0.481091 -0.397485 -0.331455 0.486602
-0.396199 -0.303704 0.480994 -0.397466 -0.330973 0.486507
-0.396179 -0.303214 0.480897 -0.397447 -0.330492 0.486412
-0.39616 -0.302724 0.480801 -0.397428 -0.330011 0.486317
-0.396141 -0.302234 0.480704 -0.397409 -0.329529 0.486221
-0.396121 -0.301743 0.480607 -0.39739 -0.329048 0.486126
-0.396102 -0.301253 0.480511 -0.397371 -0.328567 0.486031
-0.396083 -0.300763 0.480414 -0.397352 -0.328086 0.485936
-0.396063 -0.300273 0.480317 -0.397333 -0.327605 0.485841
-0.396044 -0.299783 0.48022 -0.397314 -0.327124 0.485746
-0.396025 -0.299293 0.480124 -0.397295 -0.326644 0.48565
-0.396005 -0.298802 0.480027 -0.397276 -0.326163 0.485555
-0.395986 -0.298312 0.47993 -0.397257 -0.325682 0.48546
-0.395967 -0.297822 0.479833 -0.397238 -0.325202 0.485365
-0.395947 -0.297332 0.479737 -0.397219 -0.324721 0.48527
-0.395928 -0.296842 0.47964 -0.3972 -0.324241 0.485175
-0.395909 -0.296352 0.479543 -0.397182 -0.323761 0.48508
-0.395889 -0.295861 0.479446 -0.397144 -0.3228 0.48489
-0.39587 -0.295371 0.47935 -0.397125 -0.322319 0.484795
-0.395851 -0.294881 0.479253 -0.397106 -0.321839 0.484699
-0.395831 -0.294391 0.479156 -0.397087 -0.321358 0.484604
-0.395812 -0.293901 0.479059 -0.397068 -0.320878 0.484509
-0.395793 -0.293411 0.478963 -0.397049 -0.320397 0.484414
-0.395773 -0.29292 0.478866 -0.39703 -0.319917 0.484319
-0.395754 -0.29243 0.478769 -0.397011 -0.319436 0.484224
-0.395734 -0.29194 0.478672 -0.396992 -0.318956 0.484129
-0.395715 -0.29145 0.478576 -0.396973 -0.318475 0.484034
-0.395696 -0.29096 0.478479 -0.396954 -0.317994 0.483939
-0.395676 -0.29047 0.478382 -0.396935 -0.317513 0.483844
-0.395657 -0.289979 0.478285 -0.396916 -0.317033 0.483748
-0.395638 -0.289489 0.478189 -0.396897 -0.316552 0.483653
-0.395618 -0.288999 0.478092 -0.396878 -0.316071 0.483558
-0.395599 -0.288509 0.477995 -0.396859 -0.31559 0.483463
-0.39558 -0.288019 0.477898 -0.39684 -0.315109 0.483368
-0.39556 -0.287529 0.477802 -0.396821 -0.314628 0.483273
-0.395541 -0.287038 0.477705 -0.396802 -0.314148 0.483178
-0.395522 -0.286548 0.477608 -0.396783 -0.313668 0.483083
-0.395502 -0.286058 0.477511 -0.396764 -0.313188 0.482988
-0.395483 -0.285568 0.477415 -0.396745 -0.312708 0.482893
-0.395464 -0.285078 0.477318 -0.396726 -0.312228 0.482798
-0.395444 -0.284588 0.477221 -0.396707 -0.311749 0.482703
-0.395425 -0.284097 0.477124 -0.396689 -0.311269 0.482608
-0.395406 -0.283607 0.477028 -0.39667 -0.310789 0.482513
-0.395386 -0.283117 0.476931 -0.396651 -0.310309 0.482418
-0.395367 -0.282627 0.476834 -0.396632 -0.30983 0.482323
-0.395348 -0.282137 0.476738 -0.396613 -0.309351 0.482228
-0.395328 -0.281647 0.476641 -0.396594 -0.308872 0.482134
-0.395309 -0.281156 0.476544 -0.396575 -0.308393 0.482039
-0.395289 -0.280666 0.476447 -0.396556 -0.307914 0.481944
-0.39527 -0.280176 0.476351 -0.396537 -0.307435 0.481849
-0.395251 -0.279686 0.476254 -0.396518 -0.306957 0.481755
-0.395231 -0.279196 0.476157 -0.396499 -0.306478 0.48166
-0.395212 -0.278705 0.47606 -0.396462 -0.305522 0.481471
-0.395193 -0.278215 0.475964 -0.396443 -0.305043 0.481376
-0.395173 -0.277725 0.475867 -0.396424 -0.304565 0.481281
-0.395154 -0.277235 0.47577 -0.396405 -0.304087 0.481187
-0.395135 -0.276745 0.475673 -0.396386 -0.303609 0.481092
-0.395115 -0.276255 0.475577 -0.396367 -0.30313 0.480997
-0.395096 -0.275764 0.47548 -0.396348 -0.302652 0.480903
-0.395077 -0.275274 0.475383 -0.396329 -0.302173 0.480808
-0.395057 -0.274784 0.475286 -0.396311 -0.301695 0.480713
-0.395038 -0.274294 0.47519 -0.396292 -0.301216 0.480619
-0.395019 -0.273804 0.475093 -0.396273 -0.300737 0.480524
-0.394999 -0.273314 0.474996 -0.396254 -0.300258 0.480429
-0.39498 -0.272823 0.474899 -0.396235 -0.299779 0.480335
-0.394961 -0.272333 0.474803 -0.396216 -0.2993 0.48024
-0.394941 -0.271843 0.474706 -0.396198 -0.298822 0.480145
-0.394922 -0.271353 0.474609 -0.396179 -0.298343 0.48005
-0.394902 -0.270863 0.474512 -0.39616 -0.297865 0.479956
-0.394883 -0.270373 0.474416 -0.396141 -0.297386 0.479861
-0.394864 -0.269882 0.474319 -0.396122 -0.296908 0.479767
-0.394844 -0.269392 0.474222 -0.396103 -0.296429 0.479672
-0.394825 -0.268902 0.474125 -0.396085 -0.295951 0.479577
-0.394806 -0.268412 0.474029 -0.396066 -0.295472 0.479483
-0.394786 -0.267922 0.473932 -0.396047 -0.294994 0.479388
-0.394767 -0.267432 0.473835 -0.396028 -0.294516 0.479294
-0.394748 -0.266941 0.473738 -0.396009 -0.294039 0.479199
-0.394728 -0.266451 0.473642 -0.395991 -0.293561 0.479105
-0.394709 -0.265961 0.473545 -0.395972 -0.293083 0.47901
-0.39469 -0.265471 0.473448 -0.395953 -0.292605 0.478916
-0.39467 -0.264981 0.473351 -0.395934 -0.292127 0.478821
-0.394651 -0.264491 0.473255 -0.395915 -0.291648 0.478726
-0.394632 -0.264 0.473158 -0.395897 -0.29117 0.478632
-0.394612 -0.26351 0.473061 -0.395878 -0.290692 0.478537
-0.394593 -0.26302 0.472964 -0.395859 -0.290214 0.478443
-0.394574 -0.26253 0.472868 -0.39584 -0.289736 0.478348
-0.394554 -0.26204 0.472771 -0.395821 -0.289258 0.478254
-0.394535 -0.26155 0.472674 -0.395803 -0.28878 0.478159
-0.394516 -0.261059 0.472578 -0.395784 -0.288302 0.478065
-0.394496 -0.260569 0.472481 -0.395765 -0.287825 0.47797
-0.394477 -0.260079 0.472384 -0.395746 -0.287347 0.477876
-0.394457 -0.259589 0.472287 -0.395709 -0.286391 0.477687
-0.394438 -0.259099 0.472191 -0.39569 -0.285913 0.477592
-0.394419 -0.258609 0.472094 -0.395671 -0.285435 0.477498
-0.394399 -0.258118 0.471997 -0.395653 -0.284957 0.477403
-0.39438 -0.257628 0.4719 -0.395634 -0.284479 0.477309
-0.394361 -0.257138 0.471804 -0.395615 -0.284001 0.477214
-0.394341 -0.256648 0.471707 -0.395596 -0.283523 0.477119
-0.394322 -0.256158 0.47161 -0.395578 -0.283045 0.477025
-0.394303 -0.255668 0.471513 -0.395559 -0.282567 0.47693
-0.394283 -0.255177 0.471417 -0.39554 -0.282088 0.476836
-0.394264 -0.254687 0.47132 -0.395521 -0.28161 0.476741
-0.394245 -0.254197 0.471223 -0.395503 -0.281131 0.476647
-0.394225 -0.253707 0.471126 -0.395484 -0.280652 0.476552
-0.394206 -0.253217 0.47103 -0.395465 -0.280174 0.476457
-0.394187 -0.252727 0.470933 -0.395446 -0.279695 0.476363
-0.394167 -0.252236 0.470836 -0.395371 -0.277779 0.475984
-0.394148 -0.251746 0.470739 -0.395353 -0.2773 0.475889
-0.394129 -0.251256 0.470643 -0.395334 -0.276823 0.475795
-0.394109 -0.250766 0.470546 -0.395315 -0.276346 0.4757
-0.39409 -0.250276 0.470449 -0.395296 -0.27587 0.475606
-0.39407 -0.249785 0.470352 -0.395278 -0.275396 0.475512
-0.394051 -0.249295 0.470256 -0.395259 -0.274922 0.475419
-0.394032 -0.248805 0.470159 -0.39524 -0.27445 0.475325
-0.394012 -0.248315 0.470062 -0.395221 -0.273979 0.475232
-0.393993 -0.247825 0.469965 -0.395203 -0.273509 0.475139
-0.393974 -0.247335 0.469869 -0.395184 -0.27304 0.475046
-0.393954 -0.246844 0.469772 -0.395165 -0.272572 0.474953
-0.393935 -0.246354 0.469675 -0.395146 -0.272105 0.474861
-0.393916 -0.245864 0.469578 -0.395128 -0.271638 0.474768
-0.393896 -0.245374 0.469482 -0.395109 -0.271172 0.474676
-0.393877 -0.244884 0.469385 -0.39509 -0.270707 0.474584
-0.393858 -0.244394 0.469288 -0.395072 -0.270243 0.474492
-0.393838 -0.243903 0.469191 -0.395053 -0.26978 0.4744
-0.393819 -0.243413 0.469095 -0.395034 -0.269317 0.474308
-0.3938 -0.242923 0.468998 -0.395016 -0.268855 0.474216
-0.39378 -0.242433 0.468901 -0.394997 -0.268393 0.474125
-0.393761 -0.241943 0.468804 -0.394979 -0.267932 0.474033
-0.393742 -0.241453 0.468708 -0.39496 -0.267471 0.473942
-0.393722 -0.240962 0.468611 -0.394942 -0.26701 0.473851
-0.393703 -0.240472 0.468514 -0.394923 -0.266548 0.473759
-0.393684 -0.239982 0.468418 -0.394905 -0.266087 0.473668
-0.393664 -0.239492 0.468321 -0.394886 -0.265627 0.473577
-0.393645 -0.239002 0.468224 -0.394868 -0.265166 0.473485
-0.393625 -0.238512 0.468127 -0.394849 -0.264705 0.473394
-0.393606 -0.238021 0.468031 -0.394812 -0.263785 0.473212
-0.393587 -0.237531 0.467934 -0.394794 -0.263325 0.473121
-0.393567 -0.237041 0.467837 -0.394776 -0.262865 0.473029
-0.393548 -0.236551 0.46774 -0.394757 -0.262405 0.472938
-0.393529 -0.236061 0.467644 -0.394739 -0.261945 0.472847
-0.393509 -0.235571 0.467547 -0.394721 -0.261485 0.472756
-0.39349 -0.23508 0.46745 -0.394702 -0.261025 0.472665
-0.393471 -0.23459 0.467353 -0.394684 -0.260565 0.472574
-0.393451 -0.2341 0.467257 -0.394666 -0.260104 0.472483
-0.393432 -0.23361 0.46716 -0.394647 -0.259644 0.472392
-0.393413 -0.23312 0.467063 -0.394629 -0.259183 0.4723
-0.393393 -0.23263 0.466966 -0.394611 -0.258722 0.472209
-0.393374 -0.232139 0.46687 -0.394593 -0.258261 0.472118
-0.393355 -0.231649 0.466773 -0.394575 -0.2578 0.472027
-0.393335 -0.231159 0.466676 -0.394556 -0.257339 0.471935
-0.393316 -0.230669 0.466579 -0.394538 -0.256877 0.471844
-0.393297 -0.230179 0.466483 -0.39452 -0.256416 0.471753
-0.393277 -0.229689 0.466386 -0.394502 -0.255954 0.471662
-0.393258 -0.229198 0.466289 -0.394484 -0.255493 0.47157
-0.393238 -0.228708 0.466192 -0.394465 -0.255031 0.471479
-0.393219 -0.228218 0.466096 -0.394447 -0.25457 0.471388
-0.3932 -0.227728 0.465999 -0.394429 -0.254108 0.471296
-0.39318 -0.227238 0.465902 -0.394411 -0.253647 0.471205
-0.393161 -0.226748 0.465805 -0.394393 -0.253185 0.471114
-0.393142 -0.226257 0.465709 -0.394375 -0.252722 0.471022
-0.393122 -0.225767 0.465612 -0.394357 -0.252259 0.470931
-0.393103 -0.225277 0.465515 -0.394339 -0.251796 0.470839
-0.393084 -0.224787 0.465418 -0.39432 -0.251332 0.470748
-0.393064 -0.224297 0.465322 -0.394302 -0.250868 0.470656
-0.393045 -0.223807 0.465225 -0.394284 -0.250404 0.470564
-0.393026 -0.223316 0.465128 -0.394266 -0.249939 0.470472
-0.393006 -0.222826 0.465031 -0.394248 -0.249473 0.47038
-0.392987 -0.222336 0.464935 -0.39423 -0.249008 0.470288
-0.392968 -0.221846 0.464838 -0.394212 -0.248542 0.470196
-0.392948 -0.221356 0.464741 -0.394194 -0.248075 0.470104
-0.392929 -0.220865 0.464645 -0.394176 -0.247609 0.470012
-0.39291 -0.220375 0.464548 -0.394157 -0.247143 0.46992
-0.39289 -0.219885 0.464451 -0.394139 -0.246676 0.469827
-0.392871 -0.219395 0.464354 -0.394121 -0.246209 0.469735
-0.392852 -0.218905 0.464258 -0.394103 -0.245742 0.469643
-0.392832 -0.218415 0.464161 -0.394085 -0.245275 0.469551
-0.392813 -0.217924 0.464064 -0.394067 -0.244808 0.469458
-0.392793 -0.217434 0.463967 -0.394049 -0.244341 0.469366
-0.392774 -0.216944 0.463871 -0.394031 -0.243873 0.469274
-0.392755 -0.216454 0.463774 -0.393994 -0.242937 0.469089
-0.392735 -0.215964 0.463677 -0.393976 -0.242469 0.468996
-0.392716 -0.215474 0.46358 -0.393958 -0.242 0.468904
-0.392697 -0.214983 0.463484 -0.39394 -0.241531 0.468811
-0.392677 -0.214493 0.463387 -0.393922 -0.241062 0.468719
-0.392658 -0.214003 0.46329 -0.393904 -0.240594 0.468626
-0.392639 -0.213513 0.463193 -0.393885 -0.240125 0.468533
-0.392619 -0.213023 0.463097 -0.393867 -0.239657 0.468441
-0.3926 -0.212533 0.463 -0.393849 -0.239188 0.468348
-0.392581 -0.212042 0.462903 -0.393831 -0.23872 0.468256
-0.392561 -0.211552 0.462806 -0.393813 -0.23825 0.468163
-0.392542 -0.211062 0.46271 -0.393794 -0.237781 0.46807
-0.392523 -0.210572 0.462613 -0.393776 -0.237311 0.467977
-0.392503 -0.210082 0.462516 -0.393758 -0.236841 0.467885
-0.392484 -0.209592 0.462419 -0.39374 -0.23637 0.467792
-0.392465 -0.209101 0.462323 -0.393722 -0.2359 0.467699
-0.392445 -0.208611 0.462226 -0.393703 -0.235428 0.467606
-0.392426 -0.208121 0.462129 -0.393685 -0.234957 0.467513
-0.392406 -0.207631 0.462032 -0.393667 -0.234485 0.467419
-0.392387 -0.207141 0.461936 -0.393649 -0.234013 0.467326
-0.392368 -0.206651 0.461839 -0.39363 -0.233541 0.467233
-0.392348 -0.20616 0.461742 -0.393612 -0.233068 0.467139
-0.392329 -0.20567 0.461645 -0.393594 -0.232595 0.467046
-0.39231 -0.20518 0.461549 -0.393576 -0.232122 0.466953
-0.39229 -0.20469 0.461452 -0.393557 -0.231648 0.466859
-0.392271 -0.2042 0.461355 -0.393539 -0.231175 0.466766
-0.392252 -0.20371 0.461258 -0.393521 -0.230701 0.466672
-0.392232 -0.203219 0.461162 -0.393502 -0.230227 0.466578
-0.392213 -0.202729 0.461065 -0.393484 -0.229752 0.466485
-0.392194 -0.202239 0.460968 -0.393466 -0.229278 0.466391
-0.392174 -0.201749 0.460871 -0.393429 -0.22833 0.466204
-0.392155 -0.201259 0.460775 -0.393411 -0.227856 0.46611
-0.392136 -0.200769 0.460678 -0.393392 -0.227382 0.466016
-0.392116 -0.200278 0.460581 -0.393374 -0.226909 0.465923
-0.392097 -0.199788 0.460485 -0.393355 -0.226437 0.46583
-0.392078 -0.199298 0.460388 -0.393337 -0.225964 0.465736
-0.392058 -0.198808 0.460291 -0.393319 -0.225492 0.465643
-0.392039 -0.198318 0.460194 -0.3933 -0.225019 0.465549
-0.39202 -0.197828 0.460098 -0.393282 -0.224547 0.465456
-0.392 -0.197337 0.460001 -0.393263 -0.224074 0.465363
-0.391981 -0.196847 0.459904 -0.393245 -0.223601 0.465269
-0.391961 -0.196357 0.459807 -0.393227 -0.223128 0.465176
-0.391942 -0.195867 0.459711 -0.393208 -0.222655 0.465082
-0.391923 -0.195377 0.459614 -0.39319 -0.222182 0.464989
-0.391903 -0.194886 0.459517 -0.393171 -0.221708 0.464895
-0.391884 -0.194396 0.45942 -0.393153 -0.221234 0.464801
-0.391865 -0.193906 0.459324 -0.393134 -0.220761 0.464708
-0.391845 -0.193416 0.459227 -0.393116 -0.220287 0.464614
-0.391826 -0.192926 0.45913 -0.393098 -0.219813 0.46452
-0.391807 -0.192436 0.459033 -0.393079 -0.219339 0.464427
-0.391787 -0.191945 0.458937 -0.393061 -0.218866 0.464333
-0.391768 -0.191455 0.45884 -0.393042 -0.218392 0.46424
-0.391749 -0.190965 0.458743 -0.393024 -0.217919 0.464146
-0.391729 -0.190475 0.458646 -0.393005 -0.217446 0.464053
-0.39171 -0.189985 0.45855 -0.392987 -0.216973 0.463959
-0.391691 -0.189495 0.458453 -0.392968 -0.2165 0.463866
-0.391671 -0.189004 0.458356 -0.39295 -0.216027 0.463772
-0.391652 -0.188514 0.458259 -0.392931 -0.215554 0.463678
-0.391633 -0.188024 0.458163 -0.392913 -0.215081 0.463585
-0.391613 -0.187534 0.458066 -0.392894 -0.214608 0.463491
-0.391594 -0.187044 0.457969 -0.392857 -0.213661 0.463304
-0.391574 -0.186554 0.457872 -0.392839 -0.213188 0.463211
-0.391555 -0.186063 0.457776 -0.39282 -0.212714 0.463117
-0.391536 -0.185573 0.457679 -0.392802 -0.212241 0.463023
-0.391516 -0.185083 0.457582 -0.392783 -0.211767 0.46293
-0.391497 -0.184593 0.457485 -0.392764 -0.211293 0.462836
-0.391478 -0.184103 0.457389 -0.392746 -0.210819 0.462742
-0.391458 -0.183613 0.457292 -0.392727 -0.210345 0.462649
-0.391439 -0.183122 0.457195 -0.392709 -0.209871 0.462555
-0.39142 -0.182632 0.457098 -0.39269 -0.209397 0.462461
-0.3914 -0.182142 0.457002 -0.392672 -0.208923 0.462367
-0.391381 -0.181652 0.456905 -0.392653 -0.208448 0.462274
-0.391362 -0.181162 0.456808 -0.392635 -0.207974 0.46218
-0.391342 -0.180672 0.456711 -0.392616 -0.2075 0.462086
-0.391323 -0.180181 0.456615 -0.392598 -0.207025 0.461992
-0.391304 -0.179691 0.456518 -0.392579 -0.206551 0.461898
-0.391284 -0.179201 0.456421 -0.392561 -0.206076 0.461804
-0.391265 -0.178711 0.456325 -0.392542 -0.205601 0.461711
-0.391246 -0.178221 0.456228 -0.392524 -0.205126 0.461617
-0.391226 -0.177731 0.456131 -0.392505 -0.204651 0.461523
-0.391207 -0.17724 0.456034 -0.392487 -0.204176 0.461429
-0.391188 -0.17675 0.455938 -0.39245 -0.203227 0.461241
-0.391168 -0.17626 0.455841 -0.392431 -0.202753 0.461148
-0.391149 -0.17577 0.455744 -0.392412 -0.202279 0.461054
-0.391129 -0.17528 0.455647 -0.392394 -0.201805 0.46096
-0.39111 -0.17479 0.455551 -0.392375 -0.201331 0.460866
-0.391091 -0.174299 0.455454 -0.392357 -0.200857 0.460773
-0.391071 -0.173809 0.455357 -0.392338 -0.200383 0.460679
-0.391052 -0.173319 0.45526 -0.39232 -0.199909 0.460585
-0.391033 -0.172829 0.455164 -0.392301 -0.199435 0.460491
-0.391013 -0.172339 0.455067 -0.392283 -0.198961 0.460398
-0.390994 -0.171849 0.45497 -0.392264 -0.198487 0.460304
-0.390975 -0.171358 0.454873 -0.392245 -0.198013 0.46021
-0.390955 -0.170868 0.454777 -0.392227 -0.197539 0.460116
-0.390936 -0.170378 0.45468 -0.392208 -0.197065 0.460023
-0.390917 -0.169888 0.454583 -0.39219 -0.19659 0.459929
-0.390897 -0.169398 0.454486 -0.392171 -0.196116 0.459835
-0.390878 -0.168908 0.45439 -0.392153 -0.195642 0.459741
-0.390859 -0.168417 0.454293 -0.392134 -0.195168 0.459647
-0.390839 -0.167927 0.454196 -0.392116 -0.194693 0.459554
-0.39082 -0.167437 0.454099 -0.392097 -0.194219 0.45946
-0.390801 -0.166947 0.454003 -0.392078 -0.193745 0.459366
-0.390781 -0.166457 0.453906 -0.39206 -0.193272 0.459272
-0.390762 -0.165966 0.453809 -0.392041 -0.192798 0.459179
-0.390742 -0.165476 0.453712 -0.392023 -0.192325 0.459085
-0.390723 -0.164986 0.453616 -0.391986 -0.191379 0.458898
-0.390704 -0.164496 0.453519 -0.391967 -0.190905 0.458804
-0.390684 -0.164006 0.453422 -0.391948 -0.190432 0.458711
-0.390665 -0.163516 0.453325 -0.39193 -0.189959 0.458617
-0.390646 -0.163025 0.453229 -0.391911 -0.189486 0.458524
-0.390626 -0.162535 0.453132 -0.391893 -0.189013 0.45843
-0.390607 -0.162045 0.453035 -0.391874 -0.18854 0.458336
-0.390588 -0.161555 0.452938 -0.391856 -0.188067 0.458243
-0.390568 -0.161065 0.452842 -0.391837 -0.187594 0.458149
-0.390549 -0.160575 0.452745 -0.391819 -0.187121 0.458056
-0.39053 -0.160084 0.452648 -0.3918 -0.186648 0.457962
-0.39051 -0.159594 0.452552 -0.391781 -0.186175 0.457869
-0.390491 -0.159104 0.452455 -0.391763 -0.185702 0.457775
-0.390472 -0.158614 0.452358 -0.391744 -0.185229 0.457682
-0.390452 -0.158124 0.452261 -0.391726 -0.184756 0.457588
-0.390433 -0.157634 0.452165 -0.391707 -0.184283 0.457494
-0.390414 -0.157143 0.452068 -0.391689 -0.18381 0.457401
-0.390394 -0.156653 0.451971 -0.39167 -0.183337 0.457307
-0.390375 -0.156163 0.451874 -0.391652 -0.182863 0.457214
-0.390356 -0.155673 0.451778 -0.391633 -0.18239 0.45712
-0.390336 -0.155183 0.451681 -0.391615 -0.181918 0.457027
-0.390317 -0.154693 0.451584 -0.391596 -0.181446 0.456933
-0.390297 -0.154202 0.451487 -0.391577 -0.180974 0.45684
-0.390278 -0.153712 0.451391 -0.391559 -0.180503 0.456747
-0.390259 -0.153222 0.451294 -0.39154 -0.180031 0.456653
-0.390239 -0.152732 0.451197 -0.391522 -0.179559 0.45656
-0.39022 -0.152242 0.4511 -0.391503 -0.179087 0.456467
-0.390201 -0.151752 0.451004 -0.391485 -0.178615 0.456373
-0.390181 -0.151261 0.450907 -0.391466 -0.178142 0.45628
-0.390162 -0.150771 0.45081 -0.391448 -0.177669 0.456186
-0.390143 -0.150281 0.450713 -0.391411 -0.176723 0.455999
-0.390123 -0.149791 0.450617 -0.391392 -0.176249 0.455905
-0.390104 -0.149301 0.45052 -0.391374 -0.175776 0.455812
-0.390085 -0.148811 0.450423 -0.391355 -0.175302 0.455718
-0.390065 -0.14832 0.450326 -0.391337 -0.174828 0.455624
-0.390046 -0.14783 0.45023 -0.391318 -0.174354 0.45553
-0.390027 -0.14734 0.450133 -0.3913 -0.173881 0.455437
-0.390007 -0.14685 0.450036 -0.391281 -0.173407 0.455343
-0.389988 -0.14636 0.449939 -0.391263 -0.172934 0.455249
-0.389969 -0.14587 0.449843 -0.391244 -0.17246 0.455156
-0.389949 -0.145379 0.449746 -0.391226 -0.171987 0.455062
-0.38993 -0.144889 0.449649 -0.391207 -0.171513 0.454969
-0.38991 -0.144399 0.449552 -0.391189 -0.171039 0.454875
-0.389891 -0.143909 0.449456 -0.39117 -0.170566 0.454781
-0.389872 -0.143419 0.449359 -0.391152 -0.170092 0.454687
-0.389852 -0.142929 0.449262 -0.391133 -0.169618 0.454594
-0.389833 -0.142438 0.449165 -0.391114 -0.169145 0.4545
-0.389814 -0.141948 0.449069 -0.391096 -0.168671 0.454406
-0.389794 -0.141458 0.448972 -0.391077 -0.168198 0.454313
-0.389775 -0.140968 0.448875 -0.391059 -0.167725 0.454219
-0.389756 -0.140478 0.448778 -0.39104 -0.167253 0.454126
-0.389736 -0.139988 0.448682 -0.391022 -0.16678 0.454032
-0.389717 -0.139497 0.448585 -0.391003 -0.166307 0.453939
-0.389698 -0.139007 0.448488 -0.390985 -0.165834 0.453845
-0.389678 -0.138517 0.448392 -0.390966 -0.165361 0.453752
-0.389659 -0.138027 0.448295 -0.390948 -0.164888 0.453658
-0.38964 -0.137537 0.448198 -0.390929 -0.164414 0.453564
-0.38962 -0.137046 0.448101 -0.390911 -0.163941 0.453471
-0.389601 -0.136556 0.448005 -0.390874 -0.162994 0.453284
-0.389582 -0.136066 0.447908 -0.390855 -0.162521 0.45319
-0.389562 -0.135576 0.447811 -0.390837 -0.162047 0.453096
-0.389543 -0.135086 0.447714 -0.390818 -0.161574 0.453003
-0.389524 -0.134596 0.447618 -0.3908 -0.161101 0.452909
-0.389504 -0.134105 0.447521 -0.390781 -0.160628 0.452816
-0.389485 -0.133615 0.447424 -0.390763 -0.160155 0.452722
-0.389465 -0.133125 0.447327 -0.390744 -0.159682 0.452628
-0.389446 -0.132635 0.447231 -0.390725 -0.159209 0.452535
-0.389427 -0.132145 0.447134 -0.390707 -0.158736 0.452441
-0.389407 -0.131655 0.447037 -0.390688 -0.158263 0.452348
-0.389388 -0.131164 0.44694 -0.39067 -0.15779 0.452254
-0.389369 -0.130674 0.446844 -0.390651 -0.157318 0.452161
-0.389349 -0.130184 0.446747 -0.390633 -0.156846 0.452067
-0.38933 -0.129694 0.44665 -0.390614 -0.156374 0.451974
-0.389311 -0.129204 0.446553 -0.390596 -0.155902 0.451881
-0.389291 -0.128714 0.446457 -0.390577 -0.155431 0.451787
-0.389272 -0.128223 0.44636 -0.390559 -0.154959 0.451694
-0.389253 -0.127733 0.446263 -0.39054 -0.154487 0.451601
-0.389233 -0.127243 0.446166 -0.390522 -0.154015 0.451507
-0.389214 -0.126753 0.44607 -0.390503 -0.153543 0.451414
-0.389195 -0.126263 0.445973 -0.390485 -0.153072 0.451321
-0.389175 -0.125773 0.445876 -0.390466 -0.152601 0.451228
-0.389156 -0.125282 0.445779 -0.390448 -0.152129 0.451134
-0.389137 -0.124792 0.445683 -0.390429 -0.151658 0.451041
-0.389117 -0.124302 0.445586 -0.39041 -0.151187 0.450948
-0.389098 -0.123812 0.445489 -0.390392 -0.150716 0.450855
-0.389078 -0.123322 0.445392 -0.390373 -0.150245 0.450762
-0.389059 -0.122832 0.445296 -0.390355 -0.149774 0.450669
-0.38904 -0.122341 0.445199 -0.390336 -0.149303 0.450575
-0.38902 -0.121851 0.445102 -0.390318 -0.148832 0.450482
-0.389001 -0.121361 0.445005 -0.390299 -0.148361 0.450389
-0.388982 -0.120871 0.444909 -0.390262 -0.147418 0.450202
-0.388962 -0.120381 0.444812 -0.390244 -0.146947 0.450109
-0.388943 -0.119891 0.444715 -0.390225 -0.146475 0.450016
-0.388924 -0.1194 0.444618 -0.390207 -0.146003 0.449923
-0.388904 -0.11891 0.444522 -0.390188 -0.145531 0.449829
-0.388885 -0.11842 0.444425 -0.39017 -0.145059 0.449736
-0.388866 -0.11793 0.444328 -0.390152 -0.144587 0.449642
-0.388846 -0.11744 0.444232 -0.390133 -0.144114 0.449549
-0.388827 -0.11695 0.444135 -0.390115 -0.143642 0.449455
-0.388808 -0.116459 0.444038 -0.390096 -0.143169 0.449362
-0.388788 -0.115969 0.443941 -0.390078 -0.142696 0.449268
-0.388769 -0.115479 0.443845 -0.390059 -0.142223 0.449175
-0.38875 -0.114989 0.443748 -0.390041 -0.141749 0.449081
-0.38873 -0.114499 0.443651 -0.390022 -0.141276 0.448988
-0.388711 -0.114009 0.443554 -0.390004 -0.140802 0.448894
-0.388692 -0.113518 0.443458 -0.389985 -0.140328 0.4488
-0.388672 -0.113028 0.443361 -0.389967 -0.139854 0.448706
-0.388653 -0.112538 0.443264 -0.38993 -0.138905 0.448519
-0.388633 -0.112048 0.443167 -0.389911 -0.13843 0.448425
-0.388614 -0.111558 0.443071 -0.389893 -0.137956 0.448331
-0.388595 -0.111067 0.442974 -0.389874 -0.137482 0.448237
-0.388575 -0.110577 0.442877 -0.389856 -0.137008 0.448144
-0.388556 -0.110087 0.44278 -0.389837 -0.136535 0.44805
-0.388537 -0.109597 0.442684 -0.389819 -0.136061 0.447956
-0.388517 -0.109107 0.442587 -0.3898 -0.135588 0.447863
-0.388498 -0.108617 0.44249 -0.389782 -0.135115 0.447769
-0.388479 -0.108126 0.442393 -0.389763 -0.134642 0.447676
-0.388459 -0.107636 0.442297 -0.389745 -0.134169 0.447582
-0.38844 -0.107146 0.4422 -0.389726 -0.133696 0.447488
-0.388421 -0.106656 0.442103 -0.389708 -0.133223 0.447395
-0.388401 -0.106166 0.442006 -0.389689 -0.13275 0.447301
-0.388382 -0.105676 0.44191 -0.389671 -0.132277 0.447208
-0.388363 -0.105185 0.441813 -0.389652 -0.131804 0.447114
-0.388343 -0.104695 0.441716 -0.389634 -0.131331 0.447021
-0.388324 -0.104205 0.441619 -0.389615 -0.130858 0.446927
-0.388305 -0.103715 0.441523 -0.389597 -0.130386 0.446834
-0.388285 -0.103225 0.441426 -0.389578 -0.129915 0.446741
-0.388266 -0.102735 0.441329 -0.38956 -0.129443 0.446647
-0.388246 -0.102244 0.441232 -0.389541 -0.128972 0.446554
-0.388227 -0.101754 0.441136 -0.389523 -0.128501 0.446461
-0.388208 -0.101264 0.441039 -0.389504 -0.128031 0.446368
-0.388188 -0.100774 0.440942 -0.389485 -0.12756 0.446275
-0.388169 -0.100284 0.440845 -0.389467 -0.12709 0.446182
-0.38815 -0.0997936 0.440749 -0.389448 -0.126619 0.446089
-0.38813 -0.0993034 0.440652 -0.389411 -0.125679 0.445903
-0.388111 -0.0988133 0.440555 -0.389393 -0.125209 0.44581
-0.388092 -0.0983231 0.440459 -0.389374 -0.124739 0.445717
-0.388072 -0.0978329 0.440362 -0.389356 -0.124268 0.445624
-0.388053 -0.0973427 0.440265 -0.389337 -0.123798 0.445531
-0.388034 -0.0968526 0.440168 -0.389319 -0.123328 0.445438
-0.388014 -0.0963624 0.440072 -0.3893 -0.122857 0.445344
-0.387995 -0.0958722 0.439975 -0.389282 -0.122387 0.445251
-0.387976 -0.0953821 0.439878 -0.389263 -0.121917 0.445158
-0.387956 -0.0948919 0.439781 -0.389245 -0.121446 0.445065
-0.387937 -0.0944017 0.439685 -0.389226 -0.120975 0.444972
-0.387918 -0.0939116 0.439588 -0.389208 -0.120504 0.444879
-0.387898 -0.0934214 0.439491 -0.389189 -0.120033 0.444786
-0.387879 -0.0929312 0.439394 -0.389171 -0.119562 0.444693
-0.38786 -0.0924411 0.439298 -0.389152 -0.119091 0.444599
-0.38784 -0.0919509 0.439201 -0.389134 -0.118619 0.444506
-0.387821 -0.0914607 0.439104 -0.389115 -0.118148 0.444413
-0.387801 -0.0909705 0.439007 -0.389097 -0.117677 0.44432
-0.387782 -0.0904804 0.438911 -0.389078 -0.117205 0.444226
-0.387763 -0.0899902 0.438814 -0.38906 -0.116735 0.444133
-0.387743 -0.0895 0.438717 -0.389042 -0.116263 0.44404
-0.387724 -0.0890099 0.43862 -0.389023 -0.115792 0.443947
-0.387705 -0.0885197 0.438524 -0.389005 -0.11532 0.443854
-0.387685 -0.0880295 0.438427 -0.388986 -0.114848 0.44376
-0.387666 -0.0875394 0.43833 -0.388968 -0.114376 0.443667
-0.387647 -0.0870492 0.438233 -0.388949 -0.113903 0.443573
-0.387627 -0.086559 0.438137 -0.388931 -0.113429 0.44348
-0.387608 -0.0860688 0.43804 -0.388912 -0.112956 0.443386
-0.387589 -0.0855787 0.437943 -0.388894 -0.112482 0.443292
-0.387569 -0.0850885 0.437846 -0.388875 -0.112008 0.443199
-0.38755 -0.0845983 0.43775 -0.388857 -0.111534 0.443105
-0.387531 -0.0841082 0.437653 -0.388839 -0.111059 0.443011
-0.387511 -0.083618 0.437556 -0.38882 -0.110585 0.442917
-0.387492 -0.0831278 0.437459 -0.388802 -0.11011 0.442823
-0.387473 -0.0826377 0.437363 -0.388783 -0.109636 0.442729
-0.387453 -0.0821475 0.437266 -0.388765 -0.109161 0.442636
-0.387434 -0.0816573 0.437169 -0.388746 -0.108687 0.442542
-0.387414 -0.0811672 0.437072 -0.388728 -0.108213 0.442448
-0.387395 -0.080677 0.436976 -0.388709 -0.107739 0.442354
-0.387376 -0.0801868 0.436879 -0.388691 -0.107264 0.442261
-0.387356 -0.0796966 0.436782 -0.388672 -0.10679 0.442167
-0.387337 -0.0792065 0.436685 -0.388654 -0.106316 0.442073
-0.387318 -0.0787163 0.436589 -0.388635 -0.105842 0.441979
-0.387298 -0.0782261 0.436492 -0.388617 -0.105367 0.441885
-0.387279 -0.077736 0.436395 -0.388598 -0.104893 0.441792
-0.38726 -0.0772458 0.436299 -0.38858 -0.104419 0.441698
-0.38724 -0.0767556 0.436202 -0.388543 -0.10347 0.44151
-0.387221 -0.0762655 0.436105 -0.388524 -0.102995 0.441416
-0.387202 -0.0757753 0.436008 -0.388506 -0.102521 0.441323
-0.387182 -0.0752851 0.435912 -0.388487 -0.102048 0.441229
-0.387163 -0.0747949 0.435815 -0.388469 -0.101574 0.441135
-0.387144 -0.0743048 0.435718 -0.38845 -0.101101 0.441042
-0.387124 -0.0738146 0.435621 -0.388431 -0.100627 0.440948
-0.387105 -0.0733244 0.435525 -0.388413 -0.100153 0.440854
-0.387086 -0.0728343 0.435428 -0.388394 -0.0996791 0.44076
-0.387066 -0.0723441 0.435331 -0.388376 -0.0992047 0.440667
-0.387047 -0.0718539 0.435234 -0.388357 -0.0987301 0.440573
-0.387028 -0.0713638 0.435138 -0.388339 -0.0982553 0.440479
-0.387008 -0.0708736 0.435041 -0.38832 -0.0977802 0.440385
-0.386989 -0.0703834 0.434944 -0.388302 -0.0973048 0.440291
-0.386969 -0.0698933 0.434847 -0.388283 -0.0968291 0.440197
-0.38695 -0.0694031 0.434751 -0.388265 -0.0963529 0.440103
-0.386931 -0.0689129 0.434654 -0.388246 -0.0958767 0.440009
-0.386911 -0.0684227 0.434557 -0.388228 -0.0954006 0.439914
-0.386892 -0.0679326 0.43446 -0.388209 -0.0949249 0.43982
-0.386873 -0.0674424 0.434364 -0.38819 -0.09445 0.439726
-0.386853 -0.0669522 0.434267 -0.388172 -0.0939754 0.439633
-0.386834 -0.0664621 0.43417 -0.388153 -0.0935009 0.439539
-0.386815 -0.0659719 0.434073 -0.388135 -0.0930263 0.439445
-0.386795 -0.0654817 0.433977 -0.388116 -0.0925514 0.439351
-0.386776 -0.0649916 0.43388 -0.388098 -0.0920762 0.439257
-0.386757 -0.0645014 0.433783 -0.388079 -0.0916006 0.439163
-0.386737 -0.0640112 0.433686 -0.38806 -0.0911247 0.439069
-0.386718 -0.063521 0.43359 -0.388042 -0.0906485 0.438975
-0.386699 -0.0630309 0.433493 -0.388023 -0.0901721 0.43888
-0.386679 -0.0625407 0.433396 -0.388005 -0.0896956 0.438786
-0.38666 -0.0620505 0.433299 -0.387986 -0.089219 0.438692
-0.386641 -0.0615604 0.433203 -0.387967 -0.0887424 0.438598
-0.386621 -0.0610702 0.433106 -0.387949 -0.0882658 0.438503
-0.386602 -0.06058 0.433009 -0.38793 -0.0877892 0.438409
-0.386582 -0.0600899 0.432912 -0.387893 -0.086836 0.438221
-0.386563 -0.0595997 0.432816 -0.387874 -0.0863593 0.438126
-0.386544 -0.0591095 0.432719 -0.387856 -0.0858826 0.438032
-0.386524 -0.0586194 0.432622 -0.387837 -0.0854057 0.437938
-0.386505 -0.0581292 0.432525 -0.387819 -0.0849288 0.437844
-0.386486 -0.057639 0.432429 -0.3878 -0.0844517 0.437749
-0.386466 -0.0571488 0.432332 -0.387781 -0.0839745 0.437655
-0.386447 -0.0566587 0.432235 -0.387763 -0.0834973 0.43756
-0.386428 -0.0561685 0.432139 -0.387744 -0.0830199 0.437466
-0.386408 -0.0556783 0.432042 -0.387707 -0.082065 0.437277
-0.386389 -0.0551882 0.431945 -0.387688 -0.0815873 0.437183
-0.38637 -0.054698 0.431848 -0.38767 -0.0811095 0.437088
-0.38635 -0.0542078 0.431752 -0.387651 -0.0806318 0.436994
-0.386331 -0.0537177 0.431655 -0.387632 -0.0801543 0.436899
-0.386312 -0.0532275 0.431558 -0.387614 -0.0796773 0.436805
-0.386292 -0.0527373 0.431461 -0.387595 -0.0792009 0.436711
-0.386273 -0.0522471 0.431365 -0.387576 -0.0787251 0.436617
-0.386254 -0.051757 0.431268 -0.387558 -0.0782497 0.436523
-0.386234 -0.0512668 0.431171 -0.387539 -0.0777746 0.436429
-0.386215 -0.0507766 0.431074 -0.38752 -0.0772997 0.436335
-0.386196 -0.0502865 0.430978 -0.387501 -0.0768249 0.436241
-0.386176 -0.0497963 0.430881 -0.387483 -0.0763503 0.436147
-0.386157 -0.0493061 0.430784 -0.387464 -0.0758757 0.436053
-0.386137 -0.048816 0.430687 -0.387445 -0.0754012 0.435959
-0.386118 -0.0483258 0.430591 -0.387427 -0.0749267 0.435866
-0.386099 -0.0478356 0.430494 -0.387408 -0.0744523 0.435772
-0.386079 -0.0473455 0.430397 -0.387389 -0.0739779 0.435678
-0.38606 -0.0468553 0.4303 -0.38737 -0.0735036 0.435584
-0.386041 -0.0463651 0.430204 -0.387352 -0.0730294 0.43549
-0.386021 -0.0458749 0.430107 -0.387333 -0.0725552 0.435397
-0.386002 -0.0453848 0.43001 -0.387314 -0.072081 0.435303
-0.385983 -0.0448946 0.429913 -0.387296 -0.0716068 0.435209
-0.385963 -0.0444044 0.429817 -0.387277 -0.0711326 0.435115
-0.385944 -0.0439143 0.42972 -0.387258 -0.0706584 0.435021
-0.385925 -0.0434241 0.429623 -0.38724 -0.0701843 0.434928
-0.385905 -0.0429339 0.429526 -0.387221 -0.0697103 0.434834
-0.385886 -0.0424438 0.42943 -0.387202 -0.0692362 0.43474
-0.385867 -0.0419536 0.429333 -0.387184 -0.0687622 0.434646
-0.385847 -0.0414634 0.429236 -0.387165 -0.0682881 0.434553
-0.385828 -0.0409732 0.429139 -0.387146 -0.0678139 0.434459
-0.385809 -0.0404831 0.429043 -0.387127 -0.0673398 0.434365
-0.385789 -0.0399929 0.428946 -0.387109 -0.0668658 0.434271
-0.38577 -0.0395027 0.428849 -0.38709 -0.0663919 0.434178
-0.38575 -0.0390126 0.428752 -0.387071 -0.0659183 0.434084
-0.385731 -0.0385224 0.428656 -0.387053 -0.0654449 0.43399
-0.385712 -0.0380322 0.428559 -0.387034 -0.0649716 0.433897
-0.385692 -0.0375421 0.428462 -0.386997 -0.0640254 0.43371
-0.385673 -0.0370519 0.428366 -0.386978 -0.0635525 0.433616
-0.385654 -0.0365617 0.428269 -0.386959 -0.0630796 0.433523
-0.385634 -0.0360715 0.428172 -0.386941 -0.0626067 0.433429
-0.385615 -0.0355814 0.428075 -0.386922 -0.0621339 0.433336
-0.385596 -0.0350912 0.427979 -0.386903 -0.061661 0.433242
-0.385576 -0.034601 0.427882 -0.386885 -0.0611881 0.433149
-0.385557 -0.0341109 0.427785 -0.386866 -0.0607152 0.433055
-0.385538 -0.0336207 0.427688 -0.386847 -0.0602422 0.432962
-0.385518 -0.0331305 0.427592 -0.38681 -0.0592965 0.432775
-0.385499 -0.0326404 0.427495 -0.386792 -0.0588241 0.432681
-0.38548 -0.0321502 0.427398 -0.386773 -0.058352 0.432588
-0.38546 -0.03166 0.427301 -0.386754 -0.0578804 0.432495
-0.385441 -0.0311699 0.427205 -0.386736 -0.0574091 0.432401
-0.385422 -0.0306797 0.427108 -0.386717 -0.056938 0.432308
-0.385402 -0.0301895 0.427011 -0.386698 -0.0564672 0.432215
-0.385383 -0.0296993 0.426914 -0.38668 -0.0559967 0.432122
-0.385364 -0.0292092 0.426818 -0.386661 -0.0555264 0.432029
-0.385344 -0.028719 0.426721 -0.386642 -0.0550563 0.431936
-0.385325 -0.0282288 0.426624 -0.386624 -0.0545863 0.431843
-0.385305 -0.0277387 0.426527 -0.386605 -0.0541164 0.43175
-0.385286 -0.0272485 0.426431 -0.386586 -0.0536467 0.431657
-0.385267 -0.0267583 0.426334 -0.386568 -0.053177 0.431565
-0.385247 -0.0262682 0.426237 -0.386549 -0.0527074 0.431472
-0.385228 -0.025778 0.42614 -0.386531 -0.052238 0.431379
-0.385209 -0.0252878 0.426044 -0.386512 -0.0517688 0.431286
-0.385189 -0.0247976 0.425947 -0.386493 -0.0513 0.431193
-0.38517 -0.0243075 0.42585 -0.386475 -0.0508317 0.431101
-0.385151 -0.0238173 0.425753 -0.386456 -0.0503638 0.431008
-0.385131 -0.0233271 0.425657 -0.386437 -0.0498963 0.430916
-0.385112 -0.022837 0.42556 -0.386419 -0.049429 0.430823
-0.385093 -0.0223468 0.425463 -0.3864 -0.0489619 0.430731
-0.385073 -0.0218566 0.425366 -0.386382 -0.048495 0.430639
-0.385054 -0.0213665 0.42527 -0.386363 -0.0480282 0.430547
-0.385035 -0.0208763 0.425173 -0.386344 -0.0475614 0.430454
-0.385015 -0.0203861 0.425076 -0.386326 -0.0470947 0.430362
-0.384996 -0.019896 0.424979 -0.386307 -0.046628 0.43027
-0.384977 -0.0194058 0.424883 -0.386289 -0.0461614 0.430177
-0.384957 -0.0189156 0.424786 -0.38627 -0.0456946 0.430085
-0.384938 -0.0184254 0.424689 -0.386233 -0.044761 0.429901
-0.384918 -0.0179353 0.424592 -0.386215 -0.0442941 0.429808
-0.384899 -0.0174451 0.424496 -0.386196 -0.0438271 0.429716
-0.38488 -0.0169549 0.424399 -0.386178 -0.0433599 0.429624
-0.38486 -0.0164648 0.424302 -0.386159 -0.0428927 0.429531
-0.384841 -0.0159746 0.424206 -0.386141 -0.0424252 0.429439
-0.384822 -0.0154844 0.424109 -0.386122 -0.0419576 0.429346
-0.384802 -0.0149943 0.424012 -0.386104 -0.0414898 0.429254
-0.384783 -0.0145041 0.423915 -0.386085 -0.0410217 0.429161
-0.384764 -0.0140139 0.423819 -0.386067 -0.0405535 0.429069
-0.384744 -0.0135237 0.423722 -0.386049 -0.0400851 0.428976
-0.384725 -0.0130336 0.423625 -0.38603 -0.0396165 0.428883
-0.384706 -0.0125434 0.423528 -0.386012 -0.0391477 0.428791
-0.384686 -0.0120532 0.423432 -0.385957 -0.0377407 0.428513
-0.384667 -0.0115631 0.423335 -0.385938 -0.0372717 0.42842
-0.384648 -0.0110729 0.423238 -0.38592 -0.0368031 0.428327
-0.384628 -0.0105827 0.423141 -0.385901 -0.036335 0.428235
-0.384609 -0.0100926 0.423045 -0.385883 -0.0358676 0.428142
-0.38459 -0.00960239 0.422948 -0.385864 -0.0354009 0.42805
-0.38457 -0.00911222 0.422851 -0.385846 -0.0349351 0.427958
-0.384551 -0.00862205 0.422754 -0.385828 -0.0344702 0.427866
-0.384532 -0.00813188 0.422658 -0.385791 -0.0335432 0.427683
-0.384512 -0.00764171 0.422561 -0.385772 -0.0330809 0.427592
-0.384493 -0.00715154 0.422464 -0.385754 -0.0326192 0.4275
-0.384473 -0.00666137 0.422367 -0.38568 -0.0307781 0.427136
-0.384454 -0.00617121 0.422271 -0.385661 -0.0303187 0.427046
-0.384435 -0.00568104 0.422174 -0.385643 -0.0298601 0.426955
-0.384415 -0.00519087 0.422077 -0.385624 -0.0294026 0.426864
-0.384396 -0.0047007 0.42198 -0.385606 -0.0289466 0.426774
-0.384377 -0.00421053 0.421884 -0.385587 -0.0284923 0.426684
-0.384357 -0.00372036 0.421787 -0.385569 -0.0280397 0.426595
-0.384338 -0.00323019 0.42169 -0.38555 -0.0275886 0.426506
-0.384319 -0.00274002 0.421593 -0.385532 -0.027139 0.426417
-0.384299 -0.00224985 0.421497 -0.385513 -0.0266906 0.426328
-0.38428 -0.00175968 0.4214 -0.385495 -0.0262435 0.42624
-0.384261 -0.00126951 0.421303 -0.385477 -0.0257975 0.426152
-0.384241 -0.00077934 0.421206 -0.385458 -0.0253524 0.426064
-0.384222 -0.00028917 0.42111 -0.38544 -0.0249082 0.425976
-0.384203 0.000200999 0.421013 -0.385421 -0.0244648 0.425888
-0.384183 0.000691169 0.420916 -0.385403 -0.024022 0.425801
-0.384164 0.00118134 0.420819 -0.385385 -0.0235798 0.425713
-0.384145 0.00167151 0.420723 -0.385366 -0.0231379 0.425626
-0.384125 0.00216168 0.420626 -0.385348 -0.0226968 0.425539
-0.384106 0.00265185 0.420529 -0.38533 -0.0222564 0.425452
-0.384086 0.00314202 0.420432 -0.385312 -0.0218169 0.425365
-0.384067 0.00363219 0.420336 -0.385294 -0.0213786 0.425278
-0.384048 0.00412236 0.420239 -0.385275 -0.020941 0.425192
-0.384028 0.00461253 0.420142 -0.385257 -0.0205039 0.425105
-0.384009 0.0051027 0.420046 -0.385239 -0.0200668 0.425019
-0.38399 0.00559286 0.419949 -0.385221 -0.0196295 0.424933
-0.38397 0.00608303 0.419852 -0.385203 -0.019192 0.424846
-0.383951 0.0065732 0.419755 -0.385185 -0.0187543 0.42476
-0.383932 0.00706337 0.419659 -0.385167 -0.0183166 0.424673
-0.383912 0.00755354 0.419562 -0.38515 -0.0178787 0.424587
-0.383893 0.00804371 0.419465 -0.385114 -0.0170025 0.424413
-0.383874 0.00853388 0.419368 -0.385096 -0.016564 0.424327
-0.383854 0.00902405 0.419272 -0.385078 -0.0161252 0.42424
-0.383835 0.00951422 0.419175 -0.385061 -0.0156861 0.424153
-0.383816 0.0100044 0.419078 -0.385043 -0.0152467 0.424066
-0.383796 0.0104946 0.418981 -0.385025 -0.0148068 0.42398
-0.383777 0.0109847 0.418885 -0.385008 -0.0143665 0.423893
-0.383758 0.0114749 0.418788 -0.38499 -0.0139258 0.423805
-0.383738 0.0119651 0.418691 -0.384973 -0.0134846 0.423718
-0.383719 0.0124552 0.418594 -0.384955 -0.0130428 0.423631
-0.3837 0.0129454 0.418498 -0.384938 -0.0126006 0.423544
-0.38368 0.0134356 0.418401 -0.38492 -0.0121578 0.423456
-0.383661 0.0139257 0.418304 -0.384885 -0.0112706 0.423281
-0.383641 0.0144159 0.418207 -0.384868 -0.0108263 0.423193
-0.383622 0.0149061 0.418111 -0.38485 -0.0103815 0.423105
-0.383603 0.0153963 0.418014 -0.384833 -0.00993641 0.423017
-0.383583 0.0158864 0.417917 -0.384815 -0.00949102 0.422929
-0.383564 0.0163766 0.41782 -0.384798 -0.00904541 0.422841
-0.383545 0.0168668 0.417724 -0.384781 -0.00859962 0.422753
-0.383525 0.0173569 0.417627 -0.384763 -0.00815366 0.422665
-0.383506 0.0178471 0.41753 -0.384746 -0.00770757 0.422577
-0.383487 0.0183373 0.417433 -0.384728 -0.00726135 0.422489
-0.383467 0.0188274 0.417337 -0.384711 -0.00681504 0.422401
-0.383448 0.0193176 0.41724 -0.384694 -0.00636866 0.422312
-0.383429 0.0198078 0.417143 -0.384676 -0.00592224 0.422224
-0.383409 0.020298 0.417046 -0.384659 -0.00547581 0.422136
-0.38339 0.0207881 0.41695 -0.384641 -0.00502931 0.422048
-0.383371 0.0212783 0.416853 -0.384624 -0.0045827 0.42196
-0.383351 0.0217685 0.416756 -0.384606 -0.00413593 0.421871
-0.383332 0.0222586 0.416659 -0.384589 -0.00368898 0.421783
-0.383313 0.0227488 0.416563 -0.384554 -0.00279438 0.421606
-0.383293 0.023239 0.416466 -0.384537 -0.00234668 0.421518
-0.383274 0.0237291 0.416369 -0.384519 -0.0018987 0.421429
-0.383255 0.0242193 0.416273 -0.384502 -0.00145038 0.421341
-0.383235 0.0247095 0.416176 -0.384485 -0.00100169 0.421252
-0.383216 0.0251996 0.416079 -0.384467 -0.000552613 0.421164
-0.383196 0.0256898 0.415982 -0.38445 -0.000103112 0.421075
-0.383177 0.02618 0.415886 -0.384432 0.000346802 0.420986
-0.383158 0.0266702 0.415789 -0.384415 0.000797116 0.420897
-0.383138 0.0271603 0.415692 -0.384398 0.00124782 0.420808
-0.383119 0.0276505 0.415595 -0.38438 0.0016989 0.420719
-0.3831 0.0281407 0.415499 -0.384345 0.00260187 0.42054
-0.38308 0.0286308 0.415402 -0.384328 0.00305359 0.420451
-0.383061 0.029121 0.415305 -0.38431 0.00350538 0.420362
-0.383042 0.0296112 0.415208 -0.384293 0.00395728 0.420273
-0.383022 0.0301013 0.415112 -0.384275 0.00440935 0.420183
-0.383003 0.0305915 0.415015 -0.384258 0.00486164 0.420094
-0.382984 0.0310817 0.414918 -0.38424 0.00531419 0.420005
-0.382964 0.0315719 0.414821 -0.384223 0.00576698 0.419915
-0.382945 0.032062 0.414725 -0.384205 0.00622001 0.419826
-0.382926 0.0325522 0.414628 -0.384188 0.00667325 0.419736
-0.382906 0.0330424 0.414531 -0.38417 0.00712669 0.419647
-0.382887 0.0335325 0.414434 -0.384153 0.00758037 0.419557
-0.382868 0.0340227 0.414338 -0.384135 0.00803433 0.419467
-0.382848 0.0345129 0.414241 -0.384118 0.00848858 0.419378
-0.382829 0.035003 0.414144 -0.3841 0.00894317 0.419288
-0.382809 0.0354932 0.414047 -0.384083 0.00939813 0.419198
-0.38279 0.0359834 0.413951 -0.384065 0.00985347 0.419108
-0.382771 0.0364735 0.413854 -0.384048 0.0103092 0.419018
-0.382751 0.0369637 0.413757 -0.38403 0.0107654 0.418928
-0.382732 0.0374539 0.41366 -0.384012 0.0112219 0.418838
-0.382713 0.0379441 0.413564 -0.383995 0.0116787 0.418748
-0.382693 0.0384342 0.413467 -0.383977 0.0121355 0.418658
-0.382674 0.0389244 0.41337 -0.38396 0.0125924 0.418567
-0.382655 0.0394146 0.413273 -0.383942 0.0130495 0.418477
-0.382635 0.0399047 0.413177 -0.383924 0.0135069 0.418387
-0.382616 0.0403949 0.41308 -0.383907 0.0139646 0.418296
-0.382597 0.0408851 0.412983 -0.383889 0.0144229 0.418206
-0.382577 0.0413752 0.412886 -0.383871 0.0148817 0.418115
-0.382558 0.0418654 0.41279 -0.383854 0.0153409 0.418025
-0.382539 0.0423556 0.412693 -0.383836 0.0158007 0.417934
-0.382519 0.0428458 0.412596 -0.383801 0.0167216 0.417752
-0.3825 0.0433359 0.412499 -0.383783 0.0171827 0.417661
-0.382481 0.0438261 0.412403 -0.383765 0.017644 0.41757
-0.382461 0.0443163 0.412306 -0.383747 0.0181056 0.417479
-0.382442 0.0448064 0.412209 -0.38373 0.0185673 0.417387
-0.382423 0.0452966 0.412113 -0.383712 0.019029 0.417296
-0.382403 0.0457868 0.412016 -0.383694 0.0194906 0.417205
-0.382384 0.0462769 0.411919 -0.383676 0.0199519 0.417114
-0.382364 0.0467671 0.411822 -0.383658 0.0204131 0.417023
-0.382345 0.0472573 0.411726 -0.383641 0.0208743 0.416932
-0.382326 0.0477474 0.411629 -0.383623 0.0213358 0.416841
-0.382306 0.0482376 0.411532 -0.383605 0.0217975 0.41675
-0.382287 0.0487278 0.411435 -0.383587 0.0222597 0.416658
-0.382268 0.049218 0.411339 -0.383551 0.023185 0.416476
-0.382248 0.0497081 0.411242 -0.383533 0.0236482 0.416384
-0.382229 0.0501983 0.411145 -0.383515 0.0241117 0.416293
-0.38221 0.0506885 0.411048 -0.383497 0.0245755 0.416201
-0.38219 0.0511786 0.410952 -0.383479 0.0250395 0.416109
-0.382171 0.0516688 0.410855 -0.383461 0.0255035 0.416018
-0.382152 0.052159 0.410758 -0.383443 0.0259676 0.415926
-0.382132 0.0526491 0.410661 -0.383425 0.0264317 0.415835
-0.382113 0.0531393 0.410565 -0.383407 0.0268956 0.415743
-0.382094 0.0536295 0.410468 -0.383389 0.0273594 0.415651
-0.382074 0.0541197 0.410371 -0.383371 0.0278231 0.41556
-0.382055 0.0546098 0.410274 -0.383353 0.0282867 0.415468
-0.382036 0.0551 0.410178 -0.383335 0.0287505 0.415377
-0.382016 0.0555902 0.410081 -0.383317 0.0292143 0.415285
-0.381997 0.0560803 0.409984 -0.383299 0.0296783 0.415194
-0.381977 0.0565705 0.409887 -0.383281 0.0301424 0.415102
-0.381958 0.0570607 0.409791 -0.383263 0.0306067 0.41501
-0.381939 0.0575508 0.409694 -0.383245 0.0310711 0.414919
-0.381919 0.058041 0.409597 -0.383227 0.0315355 0.414827
-0.3819 0.0585312 0.4095 -0.383209 0.032 0.414735
-0.381881 0.0590213 0.409404 -0.38319 0.0324644 0.414643
-0.381861 0.0595115 0.409307 -0.383172 0.0329286 0.414552
-0.381842 0.0600017 0.40921 -0.383154 0.0333928 0.41446
-0.381823 0.0604919 0.409113 -0.383136 0.0338569 0.414369
-0.381803 0.060982 0.409017 -0.383118 0.034321 0.414277
-0.381784 0.0614722 0.40892 -0.3831 0.0347851 0.414185
-0.381765 0.0619624 0.408823 -0.383081 0.0352492 0.414094
-0.381745 0.0624525 0.408726 -0.383063 0.0357134 0.414002
-0.381726 0.0629427 0.40863 -0.383045 0.0361777 0.41391
-0.381707 0.0634329 0.408533 -0.383027 0.0366421 0.413819
-0.381687 0.063923 0.408436 -0.383009 0.0371066 0.413727
-0.381668 0.0644132 0.408339 -0.38299 0.0375713 0.413635
-0.381649 0.0649034 0.408243 -0.382972 0.0380362 0.413544
-0.381629 0.0653936 0.408146 -0.382954 0.0385013 0.413452
-0.38161 0.0658837 0.408049 -0.382917 0.0394322 0.413268
-0.381591 0.0663739 0.407953 -0.382899 0.039898 0.413176
-0.381571 0.0668641 0.407856 -0.382881 0.0403641 0.413084
-0.381552 0.0673542 0.407759 -0.382863 0.0408304 0.412992
-0.381532 0.0678444 0.407662 -0.382845 0.041297 0.4129
-0.381513 0.0683346 0.407566 -0.382826 0.0417638 0.412808
-0.381494 0.0688247 0.407469 -0.382808 0.0422308 0.412716
-0.381474 0.0693149 0.407372 -0.38279 0.0426981 0.412623
-0.381455 0.0698051 0.407275 -0.382772 0.0431657 0.412531
-0.381436 0.0702953 0.407179 -0.382753 0.0436334 0.412439
-0.381416 0.0707854 0.407082 -0.382735 0.0441015 0.412346
-0.381397 0.0712756 0.406985 -0.382717 0.0445698 0.412254
-0.381378 0.0717658 0.406888 -0.382699 0.0450384 0.412161
-0.381358 0.0722559 0.406792 -0.38268 0.0455073 0.412069
-0.381339 0.0727461 0.406695 -0.382662 0.0459764 0.411976
-0.38132 0.0732363 0.406598 -0.382644 0.0464457 0.411884
-0.3813 0.0737264 0.406501 -0.382625 0.0469151 0.411791
-0.381281 0.0742166 0.406405 -0.382607 0.0473844 0.411698
-0.381262 0.0747068 0.406308 -0.382589 0.0478536 0.411606
-0.381242 0.0751969 0.406211 -0.38257 0.0483229 0.411513
-0.381223 0.0756871 0.406114 -0.382552 0.0487922 0.411421
-0.381204 0.0761773 0.406018 -0.382534 0.0492618 0.411328
-0.381184 0.0766675 0.405921 -0.382515 0.0497317 0.411235
-0.381165 0.0771576 0.405824 -0.382497 0.0502018 0.411142
-0.381145 0.0776478 0.405727 -0.382479 0.0506721 0.411049
-0.381126 0.078138 0.405631 -0.38246 0.0511425 0.410957
-0.381107 0.0786281 0.405534 -0.382442 0.0516129 0.410864
-0.381087 0.0791183 0.405437 -0.382405 0.0525539 0.410678
-0.381068 0.0796085 0.40534 -0.382387 0.0530246 0.410585
-0.381049 0.0800986 0.405244 -0.382368 0.0534953 0.410492
-0.381029 0.0805888 0.405147 -0.38235 0.0539661 0.410399
-0.38101 0.081079 0.40505 -0.382332 0.054437 0.410307
-0.380991 0.0815692 0.404953 -0.382313 0.0549081 0.410214
-0.380971 0.0820593 0.404857 -0.382295 0.0553794 0.410121
-0.380952 0.0825495 0.40476 -0.382276 0.0558508 0.410028
-0.380933 0.0830397 0.404663 -0.382258 0.0563224 0.409934
-0.380913 0.0835298 0.404566 -0.382239 0.0567942 0.409841
-0.380894 0.08402 0.40447 -0.382221 0.0572661 0.409748
-0.380875 0.0845102 0.404373 -0.382203 0.0577382 0.409655
-0.380855 0.0850003 0.404276 -0.382184 0.0582105 0.409562
-0.380836 0.0854905 0.40418 -0.382166 0.058683 0.409469
-0.380817 0.0859807 0.404083 -0.382147 0.0591557 0.409375
-0.380797 0.0864708 0.403986 -0.382129 0.0596286 0.409282
-0.380778 0.086961 0.403889 -0.38211 0.0601017 0.409189
-0.380759 0.0874512 0.403793 -0.382092 0.0605749 0.409095
-0.380739 0.0879414 0.403696 -0.382073 0.0610484 0.409002
-0.38072 0.0884315 0.403599 -0.382055 0.0615219 0.408908
-0.3807 0.0889217 0.403502 -0.382036 0.0619955 0.408815
-0.380681 0.0894119 0.403406 -0.382018 0.0624691 0.408722
-0.380662 0.089902 0.403309 -0.381999 0.0629427 0.408628
-0.380642 0.0903922 0.403212 -0.381981 0.0634162 0.408535
-0.380623 0.0908824 0.403115 -0.381962 0.0638896 0.408441
-0.380604 0.0913725 0.403019 -0.381944 0.0643628 0.408348
-0.380584 0.0918627 0.402922 -0.381906 0.065309 0.408161
-0.380565 0.0923529 0.402825 -0.381888 0.0657819 0.408068
-0.380546 0.0928431 0.402728 -0.381869 0.0662547 0.407975
-0.380526 0.0933332 0.402632 -0.381832 0.0672003 0.407788
-0.380507 0.0938234 0.402535 -0.381813 0.0676731 0.407695
-0.380488 0.0943136 0.402438 -0.381795 0.068146 0.407602
-0.380468 0.0948037 0.402341 -0.381776 0.068619 0.407508
-0.380449 0.0952939 0.402245 -0.381758 0.0690917 0.407415
-0.38043 0.0957841 0.402148 -0.381739 0.069564 0.407322
-0.38041 0.0962742 0.402051 -0.38172 0.0700356 0.407229
-0.380391 0.0967644 0.401954 -0.381702 0.0705061 0.407136
-0.380372 0.0972546 0.401858 -0.381683 0.0709759 0.407043
-0.380352 0.0977447 0.401761 -0.381664 0.0714451 0.406951
-0.380333 0.0982349 0.401664 -0.381646 0.0719138 0.406858
-0.380313 0.0987251 0.401567 -0.381627 0.0723821 0.406766
-0.380294 0.0992153 0.401471 -0.381608 0.0728501 0.406674
-0.380275 0.0997054 0.401374 -0.381589 0.0733177 0.406581
-0.380255 0.100196 0.401277 -0.381571 0.0737847 0.406489
-0.380236 0.100686 0.40118 -0.381552 0.0742513 0.406397
-0.380217 0.101176 0.401084 -0.381533 0.0747175 0.406305
-0.380197 0.101666 0.400987 -0.381515 0.0751833 0.406213
-0.380178 0.102156 0.40089 -0.381496 0.0756487 0.406122
-0.380159 0.102646 0.400793 -0.381477 0.076114 0.40603
-0.380139 0.103137 0.400697 -0.381458 0.0765789 0.405938
-0.38012 0.103627 0.4006 -0.38144 0.0770437 0.405846
-0.380101 0.104117 0.400503 -0.381421 0.0775083 0.405755
-0.380081 0.104607 0.400406 -0.381402 0.0779728 0.405663
-0.380062 0.105097 0.40031 -0.381384 0.0784372 0.405572
-0.380043 0.105587 0.400213 -0.381346 0.0793657 0.405388
-0.380023 0.106078 0.400116 -0.381328 0.07983 0.405297
-0.380004 0.106568 0.40002 -0.381309 0.0802942 0.405205
-0.379985 0.107058 0.399923 -0.381291 0.0807586 0.405114
-0.379965 0.107548 0.399826 -0.381272 0.081223 0.405022
-0.379946 0.108038 0.399729 -0.381254 0.0816875 0.404931
-0.379927 0.108528 0.399633 -0.381235 0.0821522 0.404839
-0.379907 0.109019 0.399536 -0.381216 0.082617 0.404747
-0.379888 0.109509 0.399439 -0.381198 0.0830819 0.404656
-0.379868 0.109999 0.399342 -0.381179 0.083547 0.404564
-0.379849 0.110489 0.399246 -0.381161 0.0840123 0.404472
-0.37983 0.110979 0.399149 -0.381142 0.0844777 0.40438
-0.37981 0.111469 0.399052 -0.381124 0.0849432 0.404288
-0.379791 0.11196 0.398955 -0.381105 0.0854087 0.404197
-0.379772 0.11245 0.398859 -0.381087 0.0858745 0.404105
-0.379752 0.11294 0.398762 -0.381068 0.0863404 0.404013
-0.379733 0.11343 0.398665 -0.38105 0.0868065 0.403921
-0.379714 0.11392 0.398568 -0.381032 0.0872729 0.403829
-0.379694 0.114411 0.398472 -0.380995 0.0882062 0.403645
-0.379675 0.114901 0.398375 -0.380976 0.0886728 0.403553
-0.379656 0.115391 0.398278 -0.380958 0.0891393 0.403461
-0.379636 0.115881 0.398181 -0.380939 0.0896056 0.403369
-0.379617 0.116371 0.398085 -0.380921 0.0900716 0.403277
-0.379598 0.116861 0.397988 -0.380902 0.0905371 0.403185
-0.379578 0.117352 0.397891 -0.380884 0.0910021 0.403094
-0.379559 0.117842 0.397794 -0.380866 0.0914666 0.403002
-0.37954 0.118332 0.397698 -0.380847 0.0919308 0.402911
-0.37952 0.118822 0.397601 -0.380829 0.0923946 0.402819
-0.379501 0.119312 0.397504 -0.38081 0.092858 0.402728
-0.379481 0.119802 0.397407 -0.380792 0.0933213 0.402636
-0.379462 0.120293 0.397311 -0.380773 0.0937843 0.402545
-0.379443 0.120783 0.397214 -0.380755 0.0942473 0.402454
-0.379423 0.121273 0.397117 -0.380736 0.0947101 0.402362
-0.379404 0.121763 0.39702 -0.380718 0.0951728 0.402271
-0.379385 0.122253 0.396924 -0.380699 0.0956356 0.40218
-0.379365 0.122743 0.396827 -0.380663 0.096561 0.401998
-0.379346 0.123234 0.39673 -0.380644 0.0970238 0.401906
-0.379327 0.123724 0.396633 -0.380626 0.0974866 0.401815
-0.379307 0.124214 0.396537 -0.380607 0.0979496 0.401724
-0.379288 0.124704 0.39644 -0.380589 0.0984126 0.401632
-0.379269 0.125194 0.396343 -0.380571 0.0988758 0.401541
-0.379249 0.125684 0.396246 -0.380552 0.0993391 0.40145
-0.37923 0.126175 0.39615 -0.380534 0.0998026 0.401358
-0.379211 0.126665 0.396053 -0.380515 0.100266 0.401267
-0.379191 0.127155 0.395956 -0.380497 0.10073 0.401176
-0.379172 0.127645 0.39586 -0.380479 0.101194 0.401084
-0.379153 0.128135 0.395763 -0.38046 0.101658 0.400993
-0.379133 0.128625 0.395666 -0.380442 0.102123 0.400901
-0.379114 0.129116 0.395569 -0.380424 0.102588 0.400809
-0.379095 0.129606 0.395473 -0.380405 0.103052 0.400718
-0.379075 0.130096 0.395376 -0.380369 0.103983 0.400534
-0.379056 0.130586 0.395279 -0.380351 0.104448 0.400443
-0.379036 0.131076 0.395182 -0.380332 0.104914 0.400351
-0.379017 0.131566 0.395086 -0.380314 0.105378 0.400259
-0.378998 0.132057 0.394989 -0.380296 0.105843 0.400168
-0.378978 0.132547 0.394892 -0.380277 0.106306 0.400076
-0.378959 0.133037 0.394795 -0.380259 0.10677 0.399985
-0.37894 0.133527 0.394699 -0.380241 0.107233 0.399894
-0.37892 0.134017 0.394602 -0.380222 0.107697 0.399802
-0.378901 0.134507 0.394505 -0.380204 0.10816 0.399711
-0.378882 0.134998 0.394408 -0.380186 0.108624 0.399619
-0.378862 0.135488 0.394312 -0.380167 0.109088 0.399528
-0.378843 0.135978 0.394215 -0.380149 0.109552 0.399436
-0.378824 0.136468 0.394118 -0.380131 0.110017 0.399345
-0.378804 0.136958 0.394021 -0.380112 0.110481 0.399253
-0.378785 0.137448 0.393925 -0.380094 0.110946 0.399162
-0.378766 0.137939 0.393828 -0.380076 0.111411 0.39907
-0.378746 0.138429 0.393731 -0.380057 0.111876 0.398978
-0.378727 0.138919 0.393634 -0.380039 0.112341 0.398887
-0.378708 0.139409 0.393538 -0.380021 0.112806 0.398795
-0.378688 0.139899 0.393441 -0.380002 0.113271 0.398703
-0.378669 0.14039 0.393344 -0.379984 0.113736 0.398612
-0.378649 0.14088 0.393247 -0.379966 0.1142 0.39852
-0.37863 0.14137 0.393151 -0.379947 0.114665 0.398429
-0.378611 0.14186 0.393054 -0.379929 0.11513 0.398337
-0.378591 0.14235 0.392957 -0.379911 0.115595 0.398245
-0.378572 0.14284 0.39286 -0.379893 0.116059 0.398154
-0.378553 0.143331 0.392764 -0.379874 0.116524 0.398062
-0.378533 0.143821 0.392667 -0.379856 0.116989 0.397971
-0.378514 0.144311 0.39257 -0.379819 0.117919 0.397787
-0.378495 0.144801 0.392473 -0.379801 0.118385 0.397696
-0.378475 0.145291 0.392377 -0.379783 0.11885 0.397604
-0.378456 0.145781 0.39228 -0.379764 0.119316 0.397512
-0.378437 0.146272 0.392183 -0.379746 0.119782 0.39742
-0.378417 0.146762 0.392087 -0.379728 0.120247 0.397329
-0.378398 0.147252 0.39199 -0.379673 0.121642 0.397054
-0.378379 0.147742 0.391893 -0.379636 0.122573 0.39687
-0.378359 0.148232 0.391796 -0.379618 0.123039 0.396778
-0.37834 0.148722 0.3917 -0.379599 0.123504 0.396687
-0.378321 0.149213 0.391603 -0.379581 0.123968 0.396595
-0.378301 0.149703 0.391506 -0.379563 0.124432 0.396504
-0.378282 0.150193 0.391409 -0.379526 0.125355 0.396322
-0.378263 0.150683 0.391313 -0.379507 0.125815 0.396231
-0.378243 0.151173 0.391216 -0.379489 0.126274 0.396141
-0.378224 0.151663 0.391119 -0.37947 0.126733 0.39605
-0.378204 0.152154 0.391022 -0.379452 0.12719 0.39596
-0.378185 0.152644 0.390926 -0.379434 0.127647 0.39587
-0.378166 0.153134 0.390829 -0.379415 0.128103 0.39578
-0.378146 0.153624 0.390732 -0.379397 0.128557 0.395691
-0.378127 0.154114 0.390635 -0.379378 0.129011 0.395601
-0.378108 0.154604 0.390539 -0.37936 0.129464 0.395512
-0.378088 0.155095 0.390442 -0.379341 0.129916 0.395423
-0.378069 0.155585 0.390345 -0.379323 0.130368 0.395334
-0.37805 0.156075 0.390248 -0.379304 0.13082 0.395245
-0.37803 0.156565 0.390152 -0.379286 0.13127 0.395156
-0.378011 0.157055 0.390055 -0.379268 0.131721 0.395067
-0.377992 0.157545 0.389958 -0.379249 0.132171 0.394978
-0.377972 0.158036 0.389861 -0.379231 0.13262 0.39489
-0.377953 0.158526 0.389765 -0.379212 0.133069 0.394801
-0.377934 0.159016 0.389668 -0.379194 0.133517 0.394713
-0.377914 0.159506 0.389571 -0.379176 0.133965 0.394625
-0.377895 0.159996 0.389474 -0.379158 0.134412 0.394537
-0.377876 0.160486 0.389378 -0.379139 0.134859 0.394448
-0.377856 0.160977 0.389281 -0.379121 0.135306 0.39436
-0.377837 0.161467 0.389184 -0.379103 0.135753 0.394272
-0.377817 0.161957 0.389087 -0.379085 0.136199 0.394184
-0.377798 0.162447 0.388991 -0.379066 0.136646 0.394096
-0.377779 0.162937 0.388894 -0.37903 0.137538 0.39392
-0.377759 0.163427 0.388797 -0.379012 0.137985 0.393832
-0.37774 0.163918 0.3887 -0.378994 0.138432 0.393744
-0.377721 0.164408 0.388604 -0.378958 0.139325 0.393568
-0.377701 0.164898 0.388507 -0.37894 0.139773 0.39348
-0.377682 0.165388 0.38841 -0.378922 0.14022 0.393392
-0.377663 0.165878 0.388313 -0.378904 0.140668 0.393304
-0.377643 0.166368 0.388217 -0.378886 0.141116 0.393215
-0.377624 0.166859 0.38812 -0.378868 0.141564 0.393127
-0.377605 0.167349 0.388023 -0.37885 0.142012 0.393039
-0.377585 0.167839 0.387927 -0.378832 0.142459 0.392951
-0.377566 0.168329 0.38783 -0.378814 0.142906 0.392862
-0.377547 0.168819 0.387733 -0.378796 0.143354 0.392774
-0.377527 0.16931 0.387636 -0.378778 0.143801 0.392686
-0.377508 0.1698 0.38754 -0.378761 0.144248 0.392598
-0.377489 0.17029 0.387443 -0.378743 0.144695 0.39251
-0.377469 0.17078 0.387346 -0.378725 0.145142 0.392422
-0.37745 0.17127 0.387249 -0.378707 0.145589 0.392334
-0.377431 0.17176 0.387153 -0.378689 0.146036 0.392246
-0.377411 0.172251 0.387056 -0.378671 0.146484 0.392157
-0.377392 0.172741 0.386959 -0.378654 0.146931 0.392069
-0.377372 0.173231 0.386862 -0.378636 0.147379 0.391981
-0.377353 0.173721 0.386766 -0.378618 0.147826 0.391893
-0.377334 0.174211 0.386669 -0.3786 0.148274 0.391805
-0.377314 0.174701 0.386572 -0.378582 0.148721 0.391717
-0.377295 0.175192 0.386475 -0.378565 0.149169 0.391628
-0.377276 0.175682 0.386379 -0.378547 0.149616 0.39154
-0.377256 0.176172 0.386282 -0.378529 0.150064 0.391452
-0.377237 0.176662 0.386185 -0.378511 0.150513 0.391364
-0.377218 0.177152 0.386088 -0.378494 0.150961 0.391275
-0.377198 0.177642 0.385992 -0.378476 0.15141 0.391187
-0.377179 0.178133 0.385895 -0.378458 0.151859 0.391098
-0.37716 0.178623 0.385798 -0.378405 0.153209 0.390833
-0.37714 0.179113 0.385701 -0.378388 0.153659 0.390744
-0.377121 0.179603 0.385605 -0.37837 0.15411 0.390655
-0.377102 0.180093 0.385508 -0.378352 0.154562 0.390566
-0.377082 0.180583 0.385411 -0.378335 0.155014 0.390477
-0.377063 0.181074 0.385314 -0.378317 0.155466 0.390388
-0.377044 0.181564 0.385218 -0.378299 0.155919 0.390299
-0.377024 0.182054 0.385121 -0.378282 0.156372 0.39021
-0.377005 0.182544 0.385024 -0.378264 0.156824 0.39012
-0.376985 0.183034 0.384927 -0.378246 0.157277 0.390031
-0.376966 0.183524 0.384831 -0.378229 0.15773 0.389942
-0.376947 0.184015 0.384734 -0.378211 0.158183 0.389853
-0.376927 0.184505 0.384637 -0.378193 0.158636 0.389764
-0.376908 0.184995 0.38454 -0.378176 0.159089 0.389674
-0.376889 0.185485 0.384444 -0.378158 0.159542 0.389585
-0.376869 0.185975 0.384347 -0.37814 0.159996 0.389496
-0.37685 0.186465 0.38425 -0.378123 0.16045 0.389406
-0.376831 0.186956 0.384153 -0.378105 0.160904 0.389317
-0.376811 0.187446 0.384057 -0.378087 0.161359 0.389227
-0.376792 0.187936 0.38396 -0.378069 0.161814 0.389138
-0.376773 0.188426 0.383863 -0.378052 0.162268 0.389048
-0.376753 0.188916 0.383767 -0.378034 0.162723 0.388959
-0.376734 0.189406 0.38367 -0.378016 0.163178 0.388869
-0.376715 0.189897 0.383573 -0.377999 0.163633 0.388779
-0.376695 0.190387 0.383476 -0.377981 0.164089 0.38869
-0.376676 0.190877 0.38338 -0.377963 0.164545 0.3886
-0.376657 0.191367 0.383283 -0.377945 0.165001 0.38851
-0.376637 0.191857 0.383186 -0.377928 0.165457 0.38842
-0.376618 0.192347 0.383089 -0.37791 0.165913 0.388331
-0.376599 0.192838 0.382993 -0.377892 0.166369 0.388241
-0.376579 0.193328 0.382896 -0.377874 0.166826 0.388151
-0.37656 0.193818 0.382799 -0.377856 0.167283 0.388061
-0.37654 0.194308 0.382702 -0.377839 0.16774 0.387971
-0.376521 0.194798 0.382606 -0.377803 0.168654 0.387791
-0.376502 0.195288 0.382509 -0.377785 0.169112 0.387701
-0.376482 0.195779 0.382412 -0.377767 0.16957 0.38761
-0.376463 0.196269 0.382315 -0.37775 0.170028 0.38752
-0.376444 0.196759 0.382219 -0.377732 0.170487 0.38743
-0.376424 0.197249 0.382122 -0.377714 0.170946 0.38734
-0.376405 0.197739 0.382025 -0.377696 0.171405 0.387249
-0.376386 0.19823 0.381928 -0.377678 0.171865 0.387159
-0.376366 0.19872 0.381832 -0.37766 0.172325 0.387068
-0.376347 0.19921 0.381735 -0.377643 0.172785 0.386977
-0.376328 0.1997 0.381638 -0.377625 0.173246 0.386887
-0.376308 0.20019 0.381541 -0.377607 0.173707 0.386796
-0.376289 0.20068 0.381445 -0.377589 0.174169 0.386705
-0.37627 0.201171 0.381348 -0.377571 0.174631 0.386614
-0.37625 0.201661 0.381251 -0.377553 0.175094 0.386523
-0.376231 0.202151 0.381154 -0.377535 0.175557 0.386432
-0.376212 0.202641 0.381058 -0.377517 0.17602 0.386341
-0.376192 0.203131 0.380961 -0.377499 0.176483 0.386249
-0.376173 0.203621 0.380864 -0.377481 0.176946 0.386158
-0.376153 0.204112 0.380767 -0.377463 0.177409 0.386067
-0.376134 0.204602 0.380671 -0.377445 0.177872 0.385976
-0.376115 0.205092 0.380574 -0.377428 0.178336 0.385885
-0.376095 0.205582 0.380477 -0.37741 0.1788 0.385793
-0.376076 0.206072 0.38038 -0.377392 0.179264 0.385702
-0.376057 0.206562 0.380284 -0.377374 0.179729 0.38561
-0.376037 0.207053 0.380187 -0.377355 0.180194 0.385519
-0.376018 0.207543 0.38009 -0.377337 0.180659 0.385427
-0.375999 0.208033 0.379994 -0.377319 0.181124 0.385336
-0.375979 0.208523 0.379897 -0.377301 0.18159 0.385244
-0.37596 0.209013 0.3798 -0.377283 0.182055 0.385152
-0.375941 0.209503 0.379703 -0.377265 0.182521 0.385061
-0.375921 0.209994 0.379607 -0.377247 0.182986 0.384969
-0.375902 0.210484 0.37951 -0.377229 0.183452 0.384877
-0.375883 0.210974 0.379413 -0.377211 0.183919 0.384785
-0.375863 0.211464 0.379316 -0.377193 0.184385 0.384694
-0.375844 0.211954 0.37922 -0.377175 0.184852 0.384602
-0.375825 0.212444 0.379123 -0.377156 0.185319 0.38451
-0.375805 0.212935 0.379026 -0.37712 0.186254 0.384326
-0.375786 0.213425 0.378929 -0.377102 0.186722 0.384234
-0.375767 0.213915 0.378833 -0.377084 0.187191 0.384141
-0.375747 0.214405 0.378736 -0.377065 0.187659 0.384049
-0.375728 0.214895 0.378639 -0.377047 0.188128 0.383957
-0.375708 0.215385 0.378542 -0.377029 0.188597 0.383864
-0.375689 0.215876 0.378446 -0.377011 0.189067 0.383772
-0.37567 0.216366 0.378349 -0.376993 0.189537 0.38368
-0.37565 0.216856 0.378252 -0.376974 0.190007 0.383587
-0.375631 0.217346 0.378155 -0.376956 0.190477 0.383494
-0.375612 0.217836 0.378059 -0.376938 0.190948 0.383402
-0.375592 0.218326 0.377962 -0.376919 0.191419 0.383309
-0.375573 0.218817 0.377865 -0.376901 0.191891 0.383216
-0.375554 0.219307 0.377768 -0.376883 0.192362 0.383123
-0.375534 0.219797 0.377672 -0.376865 0.192834 0.383031
-0.375515 0.220287 0.377575 -0.376846 0.193305 0.382938
-0.375496 0.220777 0.377478 -0.376828 0.193777 0.382845
-0.375476 0.221267 0.377381 -0.376809 0.194249 0.382752
-0.375457 0.221758 0.377285 -0.376791 0.19472 0.382659
-0.375438 0.222248 0.377188 -0.376773 0.195192 0.382566
-0.375418 0.222738 0.377091 -0.376754 0.195665 0.382473
-0.375399 0.223228 0.376994 -0.376736 0.196138 0.38238
-0.37538 0.223718 0.376898 -0.376717 0.19661 0.382287
-0.37536 0.224209 0.376801 -0.376699 0.197083 0.382194
-0.375341 0.224699 0.376704 -0.376681 0.197556 0.382101
-0.375321 0.225189 0.376607 -0.376662 0.198029 0.382008
-0.375302 0.225679 0.376511 -0.376644 0.198502 0.381915
-0.375283 0.226169 0.376414 -0.376625 0.198975 0.381822
-0.375263 0.226659 0.376317 -0.376607 0.199449 0.381729
-0.375244 0.22715 0.37622 -0.376588 0.199923 0.381635
-0.375225 0.22764 0.376124 -0.37657 0.200397 0.381542
-0.375205 0.22813 0.376027 -0.376551 0.200871 0.381449
-0.375186 0.22862 0.37593 -0.376533 0.201345 0.381355
-0.375167 0.22911 0.375834 -0.376514 0.201819 0.381262
-0.375147 0.2296 0.375737 -0.376496 0.202293 0.381169
-0.375128 0.230091 0.37564 -0.376458 0.203242 0.380982
-0.375109 0.230581 0.375543 -0.37644 0.203717 0.380888
-0.375089 0.231071 0.375447 -0.376421 0.204191 0.380795
-0.37507 0.231561 0.37535 -0.376403 0.204666 0.380702
-0.375051 0.232051 0.375253 -0.376384 0.205141 0.380608
-0.375031 0.232541 0.375156 -0.376365 0.205617 0.380514
-0.375012 0.233032 0.37506 -0.376347 0.206092 0.380421
-0.374993 0.233522 0.374963 -0.376328 0.206567 0.380327
-0.374973 0.234012 0.374866 -0.376309 0.207043 0.380234
-0.374954 0.234502 0.374769 -0.376291 0.207519 0.38014
-0.374935 0.234992 0.374673 -0.376272 0.207995 0.380046
-0.374915 0.235482 0.374576 -0.376253 0.208471 0.379953
-0.374896 0.235973 0.374479 -0.376235 0.208947 0.379859
-0.374876 0.236463 0.374382 -0.376216 0.209423 0.379765
-0.374857 0.236953 0.374286 -0.376197 0.209899 0.379672
-0.374838 0.237443 0.374189 -0.376179 0.210375 0.379578
-0.374818 0.237933 0.374092 -0.37616 0.210852 0.379484
-0.374799 0.238423 0.373995 -0.376141 0.211328 0.37939
-0.37478 0.238914 0.373899 -0.376123 0.211804 0.379296
-0.37476 0.239404 0.373802 -0.376104 0.21228 0.379203
-0.374741 0.239894 0.373705 -0.376085 0.212756 0.379109
-0.374722 0.240384 0.373608 -0.376066 0.213232 0.379015
-0.374702 0.240874 0.373512 -0.376047 0.213708 0.378922
-0.374683 0.241364 0.373415 -0.376029 0.214183 0.378828
-0.374664 0.241855 0.373318 -0.37601 0.214659 0.378734
-0.374644 0.242345 0.373221 -0.375991 0.215135 0.378641
-0.374625 0.242835 0.373125 -0.375972 0.215611 0.378547
-0.374606 0.243325 0.373028 -0.375954 0.216087 0.378453
-0.374586 0.243815 0.372931 -0.375935 0.216563 0.37836
-0.374567 0.244305 0.372834 -0.375916 0.217038 0.378266
-0.374548 0.244796 0.372738 -0.375878 0.217989 0.378079
-0.374528 0.245286 0.372641 -0.375859 0.218465 0.377985
-0.374509 0.245776 0.372544 -0.375841 0.21894 0.377891
-0.374489 0.246266 0.372447 -0.375822 0.219416 0.377798
-0.37447 0.246756 0.372351 -0.375803 0.219891 0.377704
-0.374451 0.247246 0.372254 -0.375784 0.220366 0.377611
-0.374431 0.247737 0.372157 -0.375765 0.220841 0.377517
-0.374412 0.248227 0.37206 -0.375746 0.221316 0.377424
-0.374393 0.248717 0.371964 -0.375728 0.221791 0.37733
-0.374373 0.249207 0.371867 -0.375709 0.222267 0.377237
-0.374354 0.249697 0.37177 -0.37569 0.222742 0.377143
-0.374335 0.250187 0.371674 -0.375671 0.223217 0.377049
-0.374315 0.250678 0.371577 -0.375652 0.223692 0.376956
-0.374296 0.251168 0.37148 -0.375633 0.224167 0.376862
-0.374277 0.251658 0.371383 -0.375614 0.224642 0.376769
-0.374257 0.252148 0.371287 -0.375596 0.225117 0.376675
-0.374238 0.252638 0.37119 -0.375577 0.225592 0.376582
-0.374219 0.253129 0.371093 -0.375558 0.226067 0.376488
-0.374199 0.253619 0.370996 -0.375539 0.226542 0.376395
-0.37418 0.254109 0.3709 -0.37552 0.227017 0.376301
-0.374161 0.254599 0.370803 -0.375501 0.227492 0.376208
-0.374141 0.255089 0.370706 -0.375482 0.227967 0.376114
-0.374122 0.255579 0.370609 -0.375464 0.228442 0.376021
-0.374103 0.25607 0.370513 -0.375445 0.228916 0.375927
-0.374083 0.25656 0.370416 -0.375426 0.229391 0.375834
-0.374064 0.25705 0.370319 -0.375407 0.229865 0.37574
-0.374044 0.25754 0.370222 -0.375388 0.230339 0.375647
-0.374025 0.25803 0.370126 -0.37535 0.231288 0.37546
-0.374006 0.25852 0.370029 -0.375331 0.231762 0.375367
-0.373986 0.259011 0.369932 -0.375313 0.232236 0.375274
-0.373967 0.259501 0.369835 -0.375294 0.23271 0.37518
-0.373948 0.259991 0.369739 -0.375275 0.233184 0.375087
-0.373928 0.260481 0.369642 -0.375256 0.233658 0.374994
-0.373909 0.260971 0.369545 -0.375237 0.234132 0.3749
-0.37389 0.261461 0.369448 -0.375218 0.234606 0.374807
-0.37387 0.261952 0.369352 -0.375199 0.235079 0.374714
-0.373851 0.262442 0.369255 -0.375181 0.235553 0.37462
-0.373832 0.262932 0.369158 -0.375162 0.236026 0.374527
-0.373812 0.263422 0.369061 -0.375143 0.236499 0.374434
-0.373793 0.263912 0.368965 -0.375124 0.236972 0.374341
-0.373774 0.264402 0.368868 -0.375105 0.237446 0.374248
-0.373754 0.264893 0.368771 -0.375086 0.237919 0.374154
-0.373735 0.265383 0.368674 -0.375067 0.238393 0.374061
-0.373716 0.265873 0.368578 -0.375049 0.238866 0.373968
-0.373696 0.266363 0.368481 -0.37503 0.23934 0.373874
-0.373677 0.266853 0.368384 -0.375011 0.239815 0.373781
-0.373657 0.267343 0.368287 -0.374992 0.240289 0.373688
-0.373638 0.267834 0.368191 -0.374955 0.241238 0.373501
-0.373619 0.268324 0.368094 -0.374936 0.241713 0.373407
-0.373599 0.268814 0.367997 -0.374917 0.242187 0.373314
-0.37358 0.269304 0.367901 -0.374898 0.242662 0.373221
-0.373561 0.269794 0.367804 -0.374879 0.243136 0.373127
-0.373541 0.270284 0.367707 -0.374861 0.24361 0.373034
-0.373522 0.270775 0.36761 -0.374842 0.244084 0.37294
-0.373503 0.271265 0.367514 -0.374823 0.244558 0.372847
-0.373483 0.271755 0.367417 -0.374804 0.245032 0.372754
-0.373464 0.272245 0.36732 -0.374766 0.24598 0.372567
-0.373445 0.272735 0.367223 -0.374748 0.246454 0.372474
-0.373425 0.273225 0.367127 -0.374672 0.248348 0.372101
-0.373406 0.273716 0.36703 -0.374654 0.248821 0.372008
-0.373387 0.274206 0.366933 -0.374635 0.249293 0.371915
-0.373367 0.274696 0.366836 -0.374616 0.249763 0.371822
-0.373348 0.275186 0.36674 -0.374578 0.2507 0.371637
-0.373329 0.275676 0.366643 -0.374559 0.251166 0.371546
-0.373309 0.276166 0.366546 -0.37454 0.25163 0.371454
-0.37329 0.276657 0.366449 -0.374521 0.252091 0.371363
-0.373271 0.277147 0.366353 -0.374502 0.252552 0.371272
-0.373251 0.277637 0.366256 -0.374483 0.25301 0.371182
-0.373232 0.278127 0.366159 -0.374464 0.253467 0.371092
-0.373212 0.278617 0.366062 -0.374445 0.253922 0.371002
-0.373193 0.279107 0.365966 -0.374426 0.254376 0.370912
-0.373174 0.279598 0.365869 -0.374408 0.254829 0.370823
-0.373154 0.280088 0.365772 -0.374389 0.25528 0.370733
-0.373135 0.280578 0.365675 -0.37437 0.25573 0.370645
-0.373116 0.281068 0.365579 -0.374351 0.256179 0.370556
-0.373096 0.281558 0.365482 -0.374332 0.256627 0.370468
-0.373077 0.282049 0.365385 -0.374313 0.257073 0.370379
-0.373058 0.282539 0.365288 -0.374294 0.257519 0.370291
-0.373038 0.283029 0.365192 -0.374276 0.257964 0.370203
-0.373019 0.283519 0.365095 -0.374257 0.258409 0.370115
-0.373 0.284009 0.364998 -0.374238 0.258853 0.370028
-0.37298 0.284499 0.364901 -0.37422 0.259296 0.36994
-0.372961 0.28499 0.364805 -0.374201 0.259739 0.369853
-0.372942 0.28548 0.364708 -0.374183 0.260181 0.369765
-0.372922 0.28597 0.364611 -0.374146 0.261065 0.369591
-0.372903 0.28646 0.364514 -0.374127 0.261506 0.369504
-0.372884 0.28695 0.364418 -0.374109 0.261947 0.369416
-0.372864 0.28744 0.364321 -0.37409 0.262388 0.369329
-0.372845 0.287931 0.364224 -0.374072 0.262828 0.369242
-0.372825 0.288421 0.364127 -0.374054 0.263268 0.369156
-0.372806 0.288911 0.364031 -0.374035 0.263707 0.369069
-0.372787 0.289401 0.363934 -0.374017 0.264146 0.368982
-0.372767 0.289891 0.363837 -0.373999 0.264586 0.368895
-0.372748 0.290381 0.363741 -0.373981 0.265025 0.368809
-0.372729 0.290872 0.363644 -0.373963 0.265465 0.368722
-0.372709 0.291362 0.363547 -0.373945 0.265905 0.368635
-0.37269 0.291852 0.36345 -0.373927 0.266346 0.368548
-0.372671 0.292342 0.363354 -0.373909 0.266787 0.368461
-0.372651 0.292832 0.363257 -0.373873 0.26767 0.368287
-0.372632 0.293322 0.36316 -0.373855 0.268112 0.3682
-0.372613 0.293813 0.363063 -0.373837 0.268555 0.368113
-0.372593 0.294303 0.362967 -0.373819 0.268998 0.368025
-0.372574 0.294793 0.36287 -0.373802 0.26944 0.367938
-0.372555 0.295283 0.362773 -0.373784 0.269883 0.367851
-0.372535 0.295773 0.362676 -0.373766 0.270326 0.367764
-0.372516 0.296263 0.36258 -0.373748 0.270768 0.367676
-0.372497 0.296754 0.362483 -0.373731 0.27121 0.367589
-0.372477 0.297244 0.362386 -0.373713 0.271653 0.367502
-0.372458 0.297734 0.362289 -0.373695 0.272096 0.367415
-0.372439 0.298224 0.362193 -0.373677 0.272539 0.367327
-0.372419 0.298714 0.362096 -0.37366 0.272983 0.36724
-0.3724 0.299204 0.361999 -0.373642 0.273427 0.367152
-0.37238 0.299695 0.361902 -0.373624 0.273872 0.367065
-0.372361 0.300185 0.361806 -0.373607 0.274317 0.366977
-0.372342 0.300675 0.361709 -0.373589 0.274762 0.366889
-0.372322 0.301165 0.361612 -0.373572 0.275208 0.366802
-0.372303 0.301655 0.361515 -0.373554 0.275655 0.366714
-0.372284 0.302145 0.361419 -0.373537 0.276102 0.366626
-0.372264 0.302636 0.361322 -0.373519 0.276549 0.366538
-0.372245 0.303126 0.361225 -0.373501 0.276997 0.36645
-0.372226 0.303616 0.361128 -0.373484 0.277445 0.366361
-0.372206 0.304106 0.361032 -0.373466 0.277893 0.366273
-0.372187 0.304596 0.360935 -0.373431 0.27879 0.366097
-0.372168 0.305086 0.360838 -0.373414 0.27924 0.366008
-0.372148 0.305577 0.360741 -0.373396 0.279689 0.36592
-0.372129 0.306067 0.360645 -0.373379 0.28014 0.365831
-0.37211 0.306557 0.360548 -0.373361 0.28059 0.365742
-0.37209 0.307047 0.360451 -0.373344 0.281041 0.365654
-0.372071 0.307537 0.360354 -0.373326 0.281493 0.365565
-0.372052 0.308027 0.360258 -0.373309 0.281945 0.365476
-0.372032 0.308518 0.360161 -0.373291 0.282397 0.365387
-0.372013 0.309008 0.360064 -0.373273 0.28285 0.365298
-0.371993 0.309498 0.359967 -0.373256 0.283303 0.365209
-0.371974 0.309988 0.359871 -0.373238 0.283756 0.36512
-0.371955 0.310478 0.359774 -0.373221 0.284209 0.36503
-0.371935 0.310969 0.359677 -0.373203 0.284662 0.364941
-0.371916 0.311459 0.359581 -0.373186 0.285114 0.364852
-0.371897 0.311949 0.359484 -0.373168 0.285567 0.364763
-0.371877 0.312439 0.359387 -0.37315 0.28602 0.364674
-0.371858 0.312929 0.35929 -0.373133 0.286473 0.364585
-0.371839 0.313419 0.359194 -0.373115 0.286927 0.364496
-0.371819 0.31391 0.359097 -0.37308 0.287837 0.364317
-0.3718 0.3144 0.359 -0.373062 0.288292 0.364227
-0.371781 0.31489 0.358903 -0.373045 0.288748 0.364138
-0.371761 0.31538 0.358807 -0.373027 0.289204 0.364048
-0.371742 0.31587 0.35871 -0.373009 0.28966 0.363958
-0.371723 0.31636 0.358613 -0.372992 0.290117 0.363868
-0.371703 0.316851 0.358516 -0.372974 0.290574 0.363778
-0.371684 0.317341 0.35842 -0.372956 0.291031 0.363688
-0.371665 0.317831 0.358323 -0.372938 0.291489 0.363598
-0.371645 0.318321 0.358226 -0.372921 0.291948 0.363508
-0.371626 0.318811 0.358129 -0.372903 0.292406 0.363418
-0.371607 0.319301 0.358033 -0.372885 0.292865 0.363328
-0.371587 0.319792 0.357936 -0.372868 0.293325 0.363237
-0.371568 0.320282 0.357839 -0.37285 0.293785 0.363147
-0.371548 0.320772 0.357742 -0.372832 0.294245 0.363056
-0.371529 0.321262 0.357646 -0.372814 0.294706 0.362966
-0.37151 0.321752 0.357549 -0.372796 0.295167 0.362875
-0.37149 0.322242 0.357452 -0.372779 0.295629 0.362784
-0.371471 0.322733 0.357355 -0.372761 0.296091 0.362693
-0.371452 0.323223 0.357259 -0.372743 0.296554 0.362602
-0.371432 0.323713 0.357162 -0.372725 0.297017 0.362511
-0.371413 0.324203 0.357065 -0.372707 0.29748 0.36242
-0.371394 0.324693 0.356968 -0.372689 0.297943 0.362329
-0.371374 0.325183 0.356872 -0.372672 0.298407 0.362238
-0.371355 0.325674 0.356775 -0.372654 0.298871 0.362147
-0.371336 0.326164 0.356678 -0.372636 0.299336 0.362055
-0.371316 0.326654 0.356581 -0.372618 0.299801 0.361964
-0.371297 0.327144 0.356485 -0.3726 0.300267 0.361872
-0.371278 0.327634 0.356388 -0.372582 0.300733 0.361781
-0.371258 0.328124 0.356291 -0.372564 0.301199 0.361689
-0.371239 0.328615 0.356194 -0.372546 0.301666 0.361597
-0.37122 0.329105 0.356098 -0.372528 0.302134 0.361505
-0.3712 0.329595 0.356001 -0.37251 0.302602 0.361413
-0.371181 0.330085 0.355904 -0.372492 0.30307 0.361321
-0.371162 0.330575 0.355808 -0.372474 0.303539 0.361229
-0.371142 0.331065 0.355711 -0.372456 0.304008 0.361137
-0.371123 0.331556 0.355614 -0.372438 0.304478 0.361044
-0.371103 0.332046 0.355517 -0.37242 0.304947 0.360952
-0.371084 0.332536 0.355421 -0.372402 0.305417 0.36086
-0.371065 0.333026 0.355324 -0.372383 0.305887 0.360767
-0.371045 0.333516 0.355227 -0.372347 0.306827 0.360583
-0.371026 0.334006 0.35513 -0.372329 0.307297 0.36049
-0.371007 0.334497 0.355034 -0.372311 0.307767 0.360398
-0.370987 0.334987 0.354937 -0.372292 0.308238 0.360305
-0.370968 0.335477 0.35484 -0.372274 0.308709 0.360212
-0.370949 0.335967 0.354743 -0.372256 0.30918 0.36012
-0.370929 0.336457 0.354647 -0.372238 0.309651 0.360027
-0.37091 0.336948 0.35455 -0.372219 0.310123 0.359934
-0.370891 0.337438 0.354453 -0.372201 0.310594 0.359841
-0.370871 0.337928 0.354356 -0.372183 0.311066 0.359749
-0.370852 0.338418 0.35426 -0.372164 0.311538 0.359656
-0.370833 0.338908 0.354163 -0.372146 0.31201 0.359563
-0.370813 0.339398 0.354066 -0.372128 0.312481 0.35947
-0.370794 0.339889 0.353969 -0.372109 0.312952 0.359378
-0.370775 0.340379 0.353873 -0.372091 0.313423 0.359285
-0.370755 0.340869 0.353776 -0.372072 0.313894 0.359192
-0.370736 0.341359 0.353679 -0.372054 0.314365 0.359099
-0.370716 0.341849 0.353582 -0.372035 0.314835 0.359007
-0.370697 0.342339 0.353486 -0.371998 0.315777 0.358822
-0.370678 0.34283 0.353389 -0.37198 0.316247 0.358729
-0.370658 0.34332 0.353292 -0.371943 0.317188 0.358544
-0.370639 0.34381 0.353195 -0.371924 0.317659 0.358451
-0.37062 0.3443 0.353099 -0.371906 0.31813 0.358358
-0.3706 0.34479 0.353002 -0.371887 0.3186 0.358266
-0.370581 0.34528 0.352905 -0.371868 0.31907 0.358173
-0.370562 0.345771 0.352808 -0.37185 0.31954 0.35808
-0.370542 0.346261 0.352712 -0.371831 0.320009 0.357988
-0.370523 0.346751 0.352615 -0.371813 0.320477 0.357896
-0.370504 0.347241 0.352518 -0.371794 0.320945 0.357804
-0.370484 0.347731 0.352421 -0.371775 0.321412 0.357711
-0.370465 0.348221 0.352325 -0.371738 0.322344 0.357528
-0.370446 0.348712 0.352228 -0.371719 0.322809 0.357436
-0.370426 0.349202 0.352131 -0.371682 0.323738 0.357253
-0.370407 0.349692 0.352034 -0.371663 0.324202 0.357161
-0.370388 0.350182 0.351938 -0.371645 0.324666 0.35707
-0.370368 0.350672 0.351841 -0.371626 0.325129 0.356978
-0.370349 0.351162 0.351744 -0.371607 0.325592 0.356887
-0.37033 0.351653 0.351648 -0.371589 0.326055 0.356796
-0.37031 0.352143 0.351551 -0.37157 0.326517 0.356704
-0.370291 0.352633 0.351454 -0.371551 0.326979 0.356613
-0.370271 0.353123 0.351357 -0.371533 0.327439 0.356523
-0.370252 0.353613 0.351261 -0.371514 0.327898 0.356432
-0.370233 0.354103 0.351164 -0.371495 0.328356 0.356341
-0.370213 0.354594 0.351067 -0.371458 0.32927 0.356161
-0.370194 0.355084 0.35097 -0.371439 0.329727 0.356071
-0.370175 0.355574 0.350874 -0.371421 0.330182 0.355981
-0.370155 0.356064 0.350777 -0.371402 0.330637 0.355891
-0.370136 0.356554 0.35068 -0.371384 0.331092 0.355801
-0.370117 0.357044 0.350583 -0.371365 0.331546 0.355711
-0.370097 0.357535 0.350487 -0.371346 0.332 0.355622
-0.370078 0.358025 0.35039 -0.371328 0.332454 0.355532
-0.370059 0.358515 0.350293 -0.371309 0.332908 0.355442
-0.370039 0.359005 0.350196 -0.371291 0.333361 0.355353
-0.37002 0.359495 0.3501 -0.371272 0.333815 0.355263
-0.370001 0.359985 0.350003 -0.371254 0.334268 0.355174
-0.369981 0.360476 0.349906 -0.371235 0.334721 0.355084
-0.370001 0.359985 0.350003 -0.371217 0.335173 0.354995
-0.369981 0.360476 0.349906 -0.371199 0.335626 0.354906
-0.370001 0.359985 0.350003 -0.37118 0.336078 0.354817
-0.369981 0.360476 0.349906 -0.371162 0.33653 0.354727
-0.370001 0.359985 0.350003 -0.371143 0.336983 0.354638
-0.369981 0.360476 0.349906 -0.371125 0.337435 0.354549
-0.370001 0.359985 0.350003 -0.371107 0.337887 0.354459
-0.369981 0.360476 0.349906 -0.371088 0.338339 0.35437
-0.370001 0.359985 0.350003 -0.37107 0.338791 0.354281
-0.369981 0.360476 0.349906 -0.371052 0.339241 0.354192
-0.370001 0.359985 0.350003 -0.371034 0.339689 0.354104
-0.369981 0.360476 0.349906 -0.371015 0.340136 0.354015
-0.370001 0.359985 0.350003 -0.370997 0.34058 0.353928
-0.369981 0.360476 0.349906 -0.370979 0.341021 0.35384
-0.370001 0.359985 0.350003 -0.37096 0.341459 0.353754
-0.369981 0.360476 0.349906 -0.370942 0.341894 0.353668
-0.370001 0.359985 0.350003 -0.370924 0.342324 0.353582
-0.369981 0.360476 0.349906 -0.370905 0.342751 0.353498
-0.370001 0.359985 0.350003 -0.370887 0.343173 0.353414
-0.369981 0.360476 0.349906 -0.370869 0.343591 0.353331
-0.370001 0.359985 0.350003 -0.370851 0.344004 0.353249
-0.369981 0.360476 0.349906 -0.370832 0.344412 0.353167
-0.370001 0.359985 0.350003 -0.370814 0.344815 0.353087
-0.369981 0.360476 0.349906 -0.370796 0.345212 0.353008
-0.370001 0.359985 0.350003 -0.37076 0.34599 0.352852
-0.369981 0.360476 0.349906 -0.370743 0.34637 0.352776
-0.370001 0.359985 0.350003 -0.370725 0.346745 0.352701
-0.369981 0.360476 0.349906 -0.370707 0.347114 0.352627
-0.370001 0.359985 0.350003 -0.37069 0.347476 0.352554
-0.369981 0.360476 0.349906 -0.370673 0.347832 0.352483
-0.370001 0.359985 0.350003 -0.370655 0.348182 0.352413
-0.369981 0.360476 0.349906 -0.370638 0.348526 0.352343
-0.370001 0.359985 0.350003 -0.370621 0.348864 0.352275
-0.369981 0.360476 0.349906 -0.370605 0.349195 0.352209
-0.370001 0.359985 0.350003 -0.370572 0.349838 0.352079
-0.369981 0.360476 0.349906 -0.370556 0.35015 0.352015
-0.370001 0.359985 0.350003 -0.37054 0.350456 0.351954
-0.369981 0.360476 0.349906 -0.370524 0.350755 0.351893
-0.370001 0.359985 0.350003 -0.370509 0.351049 0.351833
-0.369981 0.360476 0.349906 -0.370494 0.351335 0.351775
-0.370001 0.359985 0.350003 -0.370478 0.351616 0.351718
-0.369981 0.360476 0.349906 -0.370464 0.35189 0.351663
-0.370001 0.359985 0.350003 -0.370449 0.352159 0.351608
-0.369981 0.360476 0.349906 -0.370435 0.35242 0.351555
-0.370001 0.359985 0.350003 -0.370421 0.352676 0.351503
-0.369981 0.360476 0.349906 -0.370407 0.352926 0.351452
-0.370001 0.359985 0.350003 -0.370393 0.353169 0.351402
-0.369981 0.360476 0.349906 -0.37038 0.353406 0.351354
-0.370001 0.359985 0.350003 -0.370367 0.353637 0.351307
-0.369981 0.360476 0.349906 -0.370354 0.353862 0.351261
-0.370001 0.359985 0.350003 -0.370342 0.354081 0.351216
-0.369981 0.360476 0.349906 -0.37033 0.354294 0.351172
-0.370001 0.359985 0.350003 -0.370318 0.354502 0.351129
-0.369981 0.360476 0.349906 -0.370306 0.354705 0.351088
-0.370001 0.359985 0.350003 -0.370295 0.354902 0.351047
-0.369981 0.360476 0.349906 -0.370284 0.355095 0.351008
-0.370001 0.359985 0.350003 -0.370273 0.355282 0.350969
-0.369981 0.360476 0.349906 -0.370262 0.355464 0.350932
-0.370001 0.359985 0.350003 -0.370252 0.355641 0.350896
-0.369981 0.360476 0.349906 -0.370242 0.355814 0.35086
-0.370001 0.359985 0.350003 -0.370222 0.356145 0.350792
-0.369981 0.360476 0.349906 -0.370213 0.356303 0.35076
-0.370001 0.359985 0.350003 -0.370204 0.356457 0.350728
-0.369981 0.360476 0.349906 -0.370195 0.356607 0.350697
-0.370001 0.359985 0.350003 -0.370186 0.356752 0.350667
-0.369981 0.360476 0.349906 -0.370178 0.356893 0.350638
-0.370001 0.359985 0.350003 -0.37017 0.35703 0.35061
-0.369981 0.360476 0.349906 -0.370162 0.357163 0.350583
-0.370001 0.359985 0.350003 -0.370154 0.357291 0.350556
-0.369981 0.360476 0.349906 -0.370147 0.357416 0.350531
-0.370001 0.359985 0.350003 -0.37014 0.357537 0.350506
-0.369981 0.360476 0.349906 -0.370133 0.357654 0.350482
-0.370001 0.359985 0.350003 -0.370126 0.357767 0.350458
-0.369981 0.360476 0.349906 -0.370119 0.357877 0.350436
-0.370001 0.359985 0.350003 -0.370113 0.357983 0.350414
-0.369981 0.360476 0.349906 -0.370107 0.358085 0.350393
-0.370001 0.359985 0.350003 -0.370101 0.358184 0.350372
-0.369981 0.360476 0.349906 -0.370095 0.35828 0.350353
-0.370001 0.359985 0.350003 -0.37009 0.358372 0.350334
-0.369981 0.360476 0.349906 -0.370084 0.358462 0.350315
-0.370001 0.359985 0.350003 -0.370079 0.358548 0.350297
-0.369981 0.360476 0.349906 -0.370074 0.358631 0.35028
-0.370001 0.359985 0.350003 -0.370069 0.358712 0.350264
-0.369981 0.360476 0.349906 -0.370065 0.358789 0.350248
-0.370001 0.359985 0.350003 -0.37006 0.358864 0.350232
-0.369981 0.360476 0.349906 -0.370056 0.358936 0.350217
-0.370001 0.359985 0.350003 -0.370052 0.359005 0.350203
-0.369981 0.360476 0.349906 -0.370048 0.359071 0.35019
