-0.399972 -0.399287 0.499859 -0.399991 -0.399776 0.499956
-0.399953 -0.398797 0.499763 -0.399991 -0.399776 0.499956
-0.399933 -0.398307 0.499666 -0.399991 -0.399777 0.499956
-0.399914 -0.397817 0.499569 -0.399991 -0.399777 0.499956
-0.399894 -0.397327 0.499472 -0.399991 -0.399777 0.499956
-0.399875 -0.396836 0.499376 -0.399991 -0.399776 0.499956
-0.399856 -0.396346 0.499279 -0.399991 -0.399771 0.499955
-0.399836 -0.395856 0.499182 -0.399991 -0.399767 0.499954
-0.399817 -0.395366 0.499085 -0.39999 -0.399754 0.499951
-0.399798 -0.394876 0.498989 -0.39999 -0.399745 0.49995
-0.399778 -0.394386 0.498892 -0.399989 -0.399734 0.499947
-0.399759 -0.393895 0.498795 -0.399989 -0.399721 0.499945
-0.39974 -0.393405 0.498698 -0.399988 -0.399707 0.499942
-0.39972 -0.392915 0.498602 -0.399988 -0.399692 0.499939
-0.399701 -0.392425 0.498505 -0.399986 -0.399654 0.499932
-0.399682 -0.391935 0.498408 -0.399985 -0.39963 0.499927
-0.399662 -0.391444 0.498311 -0.399984 -0.399603 0.499922
-0.399643 -0.390954 0.498215 -0.399983 -0.399572 0.499916
-0.399624 -0.390464 0.498118 -0.399982 -0.399537 0.499909
-0.399604 -0.389974 0.498021 -0.39998 -0.399496 0.499901
-0.399585 -0.389484 0.497924 -0.399979 -0.399451 0.499892
-0.399566 -0.388994 0.497828 -0.399977 -0.399401 0.499882
-0.399546 -0.388503 0.497731 -0.399975 -0.399346 0.499872
-0.399527 -0.388013 0.497634 -0.399973 -0.399284 0.49986
-0.399507 -0.387523 0.497537 -0.39997 -0.399217 0.499847
-0.399488 -0.387033 0.497441 -0.399968 -0.399145 0.499833
-0.399469 -0.386543 0.497344 -0.399965 -0.399065 0.499817
-0.399449 -0.386053 0.497247 -0.399962 -0.39898 0.499801
-0.39943 -0.385562 0.49715 -0.399959 -0.398887 0.499783
-0.399411 -0.385072 0.497054 -0.399952 -0.398683 0.499744
-0.399391 -0.384582 0.496957 -0.399948 -0.39857 0.499722
-0.399372 -0.384092 0.49686 -0.399944 -0.398451 0.499699
-0.399353 -0.383602 0.496764 -0.39994 -0.398324 0.499675
-0.399333 -0.383112 0.496667 -0.399936 -0.398192 0.499649
-0.399314 -0.382621 0.49657 -0.399926 -0.397907 0.499595
-0.399295 -0.382131 0.496473 -0.399921 -0.397756 0.499566
-0.399275 -0.381641 0.496377 -0.399916 -0.397598 0.499535
-0.399256 -0.381151 0.49628 -0.399911 -0.397434 0.499504
-0.399237 -0.380661 0.496183 -0.399905 -0.397263 0.499471
-0.399217 -0.380171 0.496086 -0.3999 -0.397086 0.499437
-0.399198 -0.37968 0.49599 -0.399894 -0.396902 0.499402
-0.399179 -0.37919 0.495893 -0.399887 -0.396712 0.499366
-0.399159 -0.3787 0.495796 -0.399875 -0.396315 0.49929
-0.39914 -0.37821 0.495699 -0.399868 -0.396108 0.49925
-0.399121 -0.37772 0.495603 -0.399861 -0.395895 0.499209
-0.399101 -0.37723 0.495506 -0.399854 -0.395677 0.499167
-0.399082 -0.376739 0.495409 -0.399847 -0.395454 0.499125
-0.399062 -0.376249 0.495312 -0.399839 -0.395226 0.499081
-0.399043 -0.375759 0.495216 -0.399832 -0.394993 0.499036
-0.399024 -0.375269 0.495119 -0.399824 -0.394756 0.498991
-0.399004 -0.374779 0.495022 -0.399816 -0.394514 0.498945
-0.398985 -0.374289 0.494925 -0.3998 -0.394016 0.498849
-0.398966 -0.373798 0.494829 -0.399792 -0.393759 0.4988
-0.398946 -0.373308 0.494732 -0.399774 -0.393231 0.498699
-0.398927 -0.372818 0.494635 -0.399766 -0.392959 0.498647
-0.398908 -0.372328 0.494538 -0.399756 -0.392683 0.498594
-0.398888 -0.371838 0.494442 -0.399747 -0.392402 0.49854
-0.398869 -0.371348 0.494345 -0.399738 -0.392116 0.498485
-0.39885 -0.370857 0.494248 -0.399728 -0.391826 0.498429
-0.39883 -0.370367 0.494151 -0.399719 -0.391531 0.498373
-0.398811 -0.369877 0.494055 -0.399709 -0.391233 0.498315
-0.398792 -0.369387 0.493958 -0.399699 -0.39093 0.498257
-0.398772 -0.368897 0.493861 -0.399689 -0.390623 0.498198
-0.398753 -0.368407 0.493764 -0.399679 -0.390312 0.498139
-0.398734 -0.367916 0.493668 -0.399668 -0.389998 0.498078
-0.398714 -0.367426 0.493571 -0.399658 -0.389679 0.498017
-0.398695 -0.366936 0.493474 -0.399647 -0.389356 0.497955
-0.398675 -0.366446 0.493377 -0.399636 -0.389029 0.497892
-0.398656 -0.365956 0.493281 -0.399625 -0.388699 0.497828
-0.398637 -0.365466 0.493184 -0.399614 -0.388364 0.497764
-0.398617 -0.364975 0.493087 -0.399603 -0.388026 0.497699
-0.398598 -0.364485 0.49299 -0.399591 -0.387684 0.497633
-0.398579 -0.363995 0.492894 -0.39958 -0.387339 0.497566
-0.398559 -0.363505 0.492797 -0.399568 -0.38699 0.497499
-0.39854 -0.363015 0.4927 -0.399556 -0.386637 0.497431
-0.398521 -0.362524 0.492604 -0.399544 -0.386281 0.497363
-0.398501 -0.362034 0.492507 -0.399532 -0.385922 0.497293
-0.398482 -0.361544 0.49241 -0.39952 -0.38556 0.497223
-0.398463 -0.361054 0.492313 -0.399507 -0.385194 0.497153
-0.398443 -0.360564 0.492217 -0.399495 -0.384825 0.497082
-0.398424 -0.360074 0.49212 -0.399482 -0.384453 0.49701
-0.398405 -0.359583 0.492023 -0.399469 -0.384078 0.496937
-0.398385 -0.359093 0.491926 -0.399457 -0.3837 0.496864
-0.398366 -0.358603 0.49183 -0.399444 -0.383319 0.496791
-0.398347 -0.358113 0.491733 -0.39943 -0.382935 0.496716
-0.398327 -0.357623 0.491636 -0.399417 -0.382549 0.496642
-0.398308 -0.357133 0.491539 -0.399404 -0.38216 0.496566
-0.398289 -0.356642 0.491443 -0.399377 -0.381375 0.496414
-0.398269 -0.356152 0.491346 -0.399363 -0.380979 0.496337
-0.39825 -0.355662 0.491249 -0.399349 -0.380581 0.49626
-0.39823 -0.355172 0.491152 -0.399335 -0.380181 0.496183
-0.398211 -0.354682 0.491056 -0.399321 -0.379779 0.496105
-0.398192 -0.354192 0.490959 -0.399307 -0.379375 0.496026
-0.398172 -0.353701 0.490862 -0.399292 -0.378968 0.495947
-0.398153 -0.353211 0.490765 -0.399278 -0.378559 0.495868
-0.398134 -0.352721 0.490669 -0.399263 -0.378148 0.495788
-0.398114 -0.352231 0.490572 -0.399249 -0.377734 0.495708
-0.398095 -0.351741 0.490475 -0.399234 -0.377319 0.495627
-0.398076 -0.351251 0.490378 -0.399219 -0.376901 0.495545
-0.398056 -0.35076 0.490282 -0.399204 -0.376481 0.495464
-0.398037 -0.35027 0.490185 -0.399189 -0.376059 0.495382
-0.398018 -0.34978 0.490088 -0.399174 -0.375635 0.495299
-0.397998 -0.34929 0.489991 -0.399159 -0.375209 0.495216
-0.397979 -0.3488 0.489895 -0.399143 -0.374782 0.495133
-0.39796 -0.34831 0.489798 -0.399128 -0.374352 0.495049
-0.39794 -0.347819 0.489701 -0.399113 -0.373921 0.494965
-0.397921 -0.347329 0.489604 -0.399097 -0.373489 0.494881
-0.397902 -0.346839 0.489508 -0.399081 -0.373055 0.494796
-0.397882 -0.346349 0.489411 -0.399065 -0.37262 0.494711
-0.397863 -0.345859 0.489314 -0.39905 -0.372184 0.494626
-0.397843 -0.345369 0.489217 -0.399034 -0.371746 0.494541
-0.397824 -0.344878 0.489121 -0.399018 -0.371307 0.494455
-0.397805 -0.344388 0.489024 -0.399001 -0.370867 0.494369
-0.397785 -0.343898 0.488927 -0.398985 -0.370425 0.494283
-0.397766 -0.343408 0.488831 -0.398969 -0.369983 0.494196
-0.397747 -0.342918 0.488734 -0.398953 -0.369538 0.494109
-0.397727 -0.342428 0.488637 -0.398936 -0.369093 0.494022
-0.397708 -0.341937 0.48854 -0.398903 -0.368199 0.493847
-0.397689 -0.341447 0.488444 -0.398887 -0.367749 0.493759
-0.397669 -0.340957 0.488347 -0.39887 -0.367299 0.493671
-0.39765 -0.340467 0.48825 -0.398853 -0.366848 0.493582
-0.397631 -0.339977 0.488153 -0.398836 -0.366396 0.493494
-0.397611 -0.339487 0.488057 -0.398819 -0.365942 0.493405
-0.397592 -0.338996 0.48796 -0.398802 -0.365488 0.493316
-0.397573 -0.338506 0.487863 -0.398785 -0.365033 0.493226
-0.397553 -0.338016 0.487766 -0.398768 -0.364577 0.493137
-0.397534 -0.337526 0.48767 -0.398751 -0.36412 0.493047
-0.397515 -0.337036 0.487573 -0.398734 -0.363662 0.492957
-0.397495 -0.336546 0.487476 -0.398717 -0.363203 0.492867
-0.397476 -0.336055 0.487379 -0.398699 -0.362743 0.492777
-0.397457 -0.335565 0.487283 -0.398682 -0.362282 0.492686
-0.397437 -0.335075 0.487186 -0.398664 -0.36182 0.492596
-0.397418 -0.334585 0.487089 -0.398647 -0.361357 0.492505
-0.397398 -0.334095 0.486992 -0.398629 -0.360894 0.492414
-0.397379 -0.333604 0.486896 -0.398612 -0.36043 0.492322
-0.39736 -0.333114 0.486799 -0.398594 -0.359965 0.492231
-0.39734 -0.332624 0.486702 -0.398577 -0.359499 0.492139
-0.397321 -0.332134 0.486605 -0.398559 -0.359033 0.492048
-0.397302 -0.331644 0.486509 -0.398541 -0.358566 0.491956
-0.397282 -0.331154 0.486412 -0.398523 -0.358098 0.491864
-0.397263 -0.330663 0.486315 -0.398505 -0.35763 0.491772
-0.397244 -0.330173 0.486218 -0.398487 -0.357161 0.491679
-0.397224 -0.329683 0.486122 -0.39847 -0.356692 0.491587
-0.397205 -0.329193 0.486025 -0.398452 -0.356222 0.491494
-0.397186 -0.328703 0.485928 -0.398433 -0.355752 0.491402
-0.397166 -0.328213 0.485831 -0.398415 -0.355282 0.491309
-0.397147 -0.327722 0.485735 -0.398397 -0.354812 0.491217
-0.397128 -0.327232 0.485638 -0.398379 -0.354342 0.491124
-0.397108 -0.326742 0.485541 -0.398361 -0.353871 0.491031
-0.397089 -0.326252 0.485444 -0.398343 -0.353401 0.490938
-0.39707 -0.325762 0.485348 -0.398325 -0.35293 0.490846
-0.39705 -0.325272 0.485251 -0.398306 -0.352459 0.490753
-0.397031 -0.324781 0.485154 -0.398288 -0.351987 0.49066
-0.397011 -0.324291 0.485057 -0.39827 -0.351515 0.490566
-0.396992 -0.323801 0.484961 -0.398251 -0.351043 0.490473
-0.396973 -0.323311 0.484864 -0.398233 -0.350571 0.49038
-0.396953 -0.322821 0.484767 -0.398215 -0.350098 0.490287
-0.396934 -0.322331 0.484671 -0.398196 -0.349625 0.490193
-0.396915 -0.32184 0.484574 -0.398178 -0.349152 0.4901
-0.396895 -0.32135 0.484477 -0.398159 -0.348678 0.490006
-0.396876 -0.32086 0.48438 -0.398122 -0.34773 0.489819
-0.396857 -0.32037 0.484284 -0.398104 -0.347255 0.489725
-0.396837 -0.31988 0.484187 -0.398085 -0.34678 0.489632
-0.396818 -0.31939 0.48409 -0.398067 -0.346305 0.489538
-0.396799 -0.318899 0.483993 -0.398048 -0.34583 0.489444
-0.396779 -0.318409 0.483897 -0.39803 -0.345354 0.48935
-0.39676 -0.317919 0.4838 -0.398011 -0.344878 0.489256
-0.396741 -0.317429 0.483703 -0.397992 -0.344402 0.489162
-0.396721 -0.316939 0.483606 -0.397974 -0.343925 0.489067
-0.396702 -0.316449 0.48351 -0.397955 -0.343448 0.488973
-0.396683 -0.315958 0.483413 -0.397936 -0.342971 0.488879
-0.396663 -0.315468 0.483316 -0.397918 -0.342494 0.488785
-0.396644 -0.314978 0.483219 -0.397899 -0.342016 0.48869
-0.396625 -0.314488 0.483123 -0.39788 -0.341538 0.488596
-0.396605 -0.313998 0.483026 -0.397862 -0.34106 0.488501
-0.396586 -0.313508 0.482929 -0.397843 -0.340582 0.488407
-0.396566 -0.313017 0.482832 -0.397824 -0.340104 0.488312
-0.396547 -0.312527 0.482736 -0.397805 -0.339625 0.488218
-0.396528 -0.312037 0.482639 -0.397787 -0.339146 0.488123
-0.396508 -0.311547 0.482542 -0.397768 -0.338667 0.488028
-0.396489 -0.311057 0.482445 -0.397749 -0.338188 0.487934
-0.39647 -0.310567 0.482349 -0.39773 -0.337709 0.487839
-0.39645 -0.310076 0.482252 -0.397711 -0.337229 0.487744
-0.396431 -0.309586 0.482155 -0.397693 -0.336749 0.487649
-0.396412 -0.309096 0.482058 -0.397674 -0.336269 0.487554
-0.396392 -0.308606 0.481962 -0.397655 -0.335789 0.487459
-0.396373 -0.308116 0.481865 -0.397636 -0.335308 0.487364
-0.396354 -0.307626 0.481768 -0.397617 -0.334828 0.487269
-0.396334 -0.307135 0.481671 -0.397598 -0.334347 0.487174
-0.396315 -0.306645 0.481575 -0.397579 -0.333866 0.487079
-0.396296 -0.306155 0.481478 -0.397561 -0.333384 0.486984
-0.396276 -0.305665 0.481381 -0.397542 -0.332903 0.486889
-0.396257 -0.305175 0.481284 -0.397523 -0.332421 0.486793
-0.396238 -0.304684 0.481188 -0.397504 -0.33194 0.486698
-0.396218 -0.304194 0.481091 -0.397485 -0.331458 0.486603
-0.396199 -0.303704 0.480994 -0.397466 -0.330976 0.486508
-0.396179 -0.303214 0.480897 -0.397447 -0.330495 0.486412
-0.39616 -0.302724 0.480801 -0.397428 -0.330015 0.486317
-0.396141 -0.302234 0.480704 -0.397409 -0.329534 0.486222
-0.396121 -0.301743 0.480607 -0.39739 -0.329054 0.486127
-0.396102 -0.301253 0.480511 -0.397371 -0.328573 0.486032
-0.396083 -0.300763 0.480414 -0.397352 -0.328093 0.485937
-0.396063 -0.300273 0.480317 -0.397333 -0.327613 0.485842
-0.396044 -0.299783 0.48022 -0.397314 -0.327133 0.485747
-0.396025 -0.299293 0.480124 -0.397277 -0.326173 0.485557
-0.396005 -0.298802 0.480027 -0.397258 -0.325693 0.485462
-0.395986 -0.298312 0.47993 -0.397239 -0.325213 0.485367
-0.395967 -0.297822 0.479833 -0.39722 -0.324733 0.485272
-0.395947 -0.297332 0.479737 -0.397201 -0.324253 0.485177
-0.395928 -0.296842 0.47964 -0.397182 -0.323774 0.485082
-0.395909 -0.296352 0.479543 -0.397163 -0.323295 0.484988
-0.395889 -0.295861 0.479446 -0.397144 -0.322818 0.484893
-0.39587 -0.295371 0.47935 -0.397125 -0.322341 0.484799
-0.395851 -0.294881 0.479253 -0.397106 -0.321865 0.484704
-0.395831 -0.294391 0.479156 -0.397087 -0.32139 0.48461
-0.395812 -0.293901 0.479059 -0.397068 -0.320914 0.484516
-0.395793 -0.293411 0.478963 -0.397049 -0.320439 0.484422
-0.395773 -0.29292 0.478866 -0.39703 -0.319964 0.484328
-0.395754 -0.29243 0.478769 -0.397011 -0.319489 0.484234
-0.395734 -0.29194 0.478672 -0.396992 -0.319014 0.484139
-0.395715 -0.29145 0.478576 -0.396973 -0.318539 0.484045
-0.395696 -0.29096 0.478479 -0.396955 -0.318064 0.483951
-0.395676 -0.29047 0.478382 -0.396917 -0.317115 0.483763
-0.395657 -0.289979 0.478285 -0.396898 -0.316639 0.483669
-0.395638 -0.289489 0.478189 -0.396879 -0.316164 0.483575
-0.395618 -0.288999 0.478092 -0.39686 -0.315689 0.483481
-0.395599 -0.288509 0.477995 -0.396841 -0.315214 0.483387
-0.39558 -0.288019 0.477898 -0.396823 -0.314739 0.483293
-0.39556 -0.287529 0.477802 -0.396804 -0.314264 0.483199
-0.395541 -0.287038 0.477705 -0.396785 -0.313788 0.483105
-0.395522 -0.286548 0.477608 -0.396766 -0.313313 0.483011
-0.395502 -0.286058 0.477511 -0.396747 -0.312837 0.482916
-0.395483 -0.285568 0.477415 -0.396728 -0.312362 0.482822
-0.395464 -0.285078 0.477318 -0.39671 -0.311886 0.482728
-0.395444 -0.284588 0.477221 -0.396691 -0.311411 0.482634
-0.395425 -0.284097 0.477124 -0.396672 -0.310935 0.48254
-0.395406 -0.283607 0.477028 -0.396653 -0.310459 0.482446
-0.395386 -0.283117 0.476931 -0.396634 -0.309983 0.482352
-0.395367 -0.282627 0.476834 -0.396616 -0.309507 0.482257
-0.395348 -0.282137 0.476738 -0.396597 -0.309031 0.482163
-0.395328 -0.281647 0.476641 -0.396578 -0.308555 0.482069
-0.395309 -0.281156 0.476544 -0.396559 -0.308079 0.481975
-0.395289 -0.280666 0.476447 -0.396541 -0.307604 0.481881
-0.39527 -0.280176 0.476351 -0.396522 -0.307128 0.481787
-0.395251 -0.279686 0.476254 -0.396503 -0.306652 0.481693
-0.395231 -0.279196 0.476157 -0.396484 -0.306177 0.481598
-0.395212 -0.278705 0.47606 -0.396466 -0.305701 0.481504
-0.395193 -0.278215 0.475964 -0.396447 -0.305225 0.48141
-0.395173 -0.277725 0.475867 -0.396428 -0.304748 0.481316
-0.395154 -0.277235 0.47577 -0.396409 -0.304272 0.481222
-0.395135 -0.276745 0.475673 -0.396391 -0.303796 0.481127
-0.395115 -0.276255 0.475577 -0.396372 -0.30332 0.481033
-0.395096 -0.275764 0.47548 -0.396353 -0.302844 0.480939
-0.395077 -0.275274 0.475383 -0.396334 -0.302368 0.480845
-0.395057 -0.274784 0.475286 -0.396316 -0.301893 0.480751
-0.395038 -0.274294 0.47519 -0.396297 -0.301417 0.480657
-0.395019 -0.273804 0.475093 -0.396278 -0.300942 0.480563
-0.394999 -0.273314 0.474996 -0.39626 -0.300466 0.480469
-0.39498 -0.272823 0.474899 -0.396241 -0.299991 0.480375
-0.394961 -0.272333 0.474803 -0.396222 -0.299515 0.480281
-0.394941 -0.271843 0.474706 -0.396203 -0.29904 0.480187
-0.394922 -0.271353 0.474609 -0.396185 -0.298565 0.480093
-0.394902 -0.270863 0.474512 -0.396166 -0.298089 0.479999
-0.394883 -0.270373 0.474416 -0.396147 -0.297614 0.479905
-0.394864 -0.269882 0.474319 -0.396129 -0.297138 0.47981
-0.394844 -0.269392 0.474222 -0.396054 -0.295234 0.479434
-0.394825 -0.268902 0.474125 -0.396035 -0.294757 0.47934
-0.394806 -0.268412 0.474029 -0.396016 -0.294281 0.479246
-0.394786 -0.267922 0.473932 -0.395998 -0.293805 0.479151
-0.394767 -0.267432 0.473835 -0.395979 -0.29333 0.479057
-0.394748 -0.266941 0.473738 -0.39596 -0.292856 0.478964
-0.394728 -0.266451 0.473642 -0.395942 -0.292384 0.47887
-0.394709 -0.265961 0.473545 -0.395904 -0.291446 0.478684
-0.39469 -0.265471 0.473448 -0.395886 -0.290978 0.478592
-0.39467 -0.264981 0.473351 -0.395867 -0.290512 0.478499
-0.394651 -0.264491 0.473255 -0.395848 -0.290046 0.478407
-0.394632 -0.264 0.473158 -0.395811 -0.289117 0.478223
-0.394612 -0.26351 0.473061 -0.395792 -0.288653 0.478131
-0.394593 -0.26302 0.472964 -0.395774 -0.28819 0.478039
-0.394574 -0.26253 0.472868 -0.395755 -0.287728 0.477948
-0.394554 -0.26204 0.472771 -0.395737 -0.287266 0.477856
-0.394535 -0.26155 0.472674 -0.395718 -0.286806 0.477765
-0.394516 -0.261059 0.472578 -0.3957 -0.286346 0.477674
-0.394496 -0.260569 0.472481 -0.395681 -0.285887 0.477583
-0.394477 -0.260079 0.472384 -0.395663 -0.285429 0.477492
-0.394457 -0.259589 0.472287 -0.395644 -0.284971 0.477401
-0.394438 -0.259099 0.472191 -0.395626 -0.284515 0.47731
-0.394419 -0.258609 0.472094 -0.395607 -0.284058 0.47722
-0.394399 -0.258118 0.471997 -0.395589 -0.283602 0.477129
-0.39438 -0.257628 0.4719 -0.395571 -0.283147 0.477039
-0.394361 -0.257138 0.471804 -0.395552 -0.282692 0.476949
-0.394341 -0.256648 0.471707 -0.395534 -0.282238 0.476859
-0.394322 -0.256158 0.47161 -0.395516 -0.281784 0.476769
-0.394303 -0.255668 0.471513 -0.395497 -0.281331 0.476679
-0.394283 -0.255177 0.471417 -0.395461 -0.280425 0.476499
-0.394264 -0.254687 0.47132 -0.395442 -0.279973 0.47641
-0.394245 -0.254197 0.471223 -0.395424 -0.279521 0.47632
-0.394225 -0.253707 0.471126 -0.395406 -0.27907 0.47623
-0.394206 -0.253217 0.47103 -0.395388 -0.278618 0.476141
-0.394187 -0.252727 0.470933 -0.39537 -0.278166 0.476051
-0.394167 -0.252236 0.470836 -0.395352 -0.277715 0.475962
-0.394148 -0.251746 0.470739 -0.395334 -0.277263 0.475872
-0.394129 -0.251256 0.470643 -0.395315 -0.276811 0.475783
-0.394109 -0.250766 0.470546 -0.395297 -0.276359 0.475693
-0.39409 -0.250276 0.470449 -0.395279 -0.275907 0.475604
-0.39407 -0.249785 0.470352 -0.395261 -0.275455 0.475514
-0.394051 -0.249295 0.470256 -0.395243 -0.275003 0.475425
-0.394032 -0.248805 0.470159 -0.395225 -0.27455 0.475335
-0.394012 -0.248315 0.470062 -0.395207 -0.274098 0.475245
-0.393993 -0.247825 0.469965 -0.395189 -0.273645 0.475156
-0.393974 -0.247335 0.469869 -0.395171 -0.273192 0.475066
-0.393954 -0.246844 0.469772 -0.395154 -0.272738 0.474976
-0.393935 -0.246354 0.469675 -0.395136 -0.272284 0.474887
-0.393916 -0.245864 0.469578 -0.395118 -0.27183 0.474797
-0.393896 -0.245374 0.469482 -0.3951 -0.271376 0.474707
-0.393877 -0.244884 0.469385 -0.395082 -0.270921 0.474617
-0.393858 -0.244394 0.469288 -0.395064 -0.270466 0.474527
-0.393838 -0.243903 0.469191 -0.395046 -0.270011 0.474437
-0.393819 -0.243413 0.469095 -0.395028 -0.269556 0.474347
-0.3938 -0.242923 0.468998 -0.39501 -0.2691 0.474257
-0.39378 -0.242433 0.468901 -0.394975 -0.268187 0.474076
-0.393761 -0.241943 0.468804 -0.394957 -0.26773 0.473986
-0.393742 -0.241453 0.468708 -0.394939 -0.267273 0.473896
-0.393722 -0.240962 0.468611 -0.394921 -0.266815 0.473805
-0.393703 -0.240472 0.468514 -0.394903 -0.266358 0.473715
-0.393684 -0.239982 0.468418 -0.394885 -0.265901 0.473625
-0.393664 -0.239492 0.468321 -0.394868 -0.265444 0.473534
-0.393645 -0.239002 0.468224 -0.39485 -0.264987 0.473444
-0.393625 -0.238512 0.468127 -0.394832 -0.26453 0.473354
-0.393606 -0.238021 0.468031 -0.394814 -0.264073 0.473263
-0.393587 -0.237531 0.467934 -0.394796 -0.263617 0.473173
-0.393567 -0.237041 0.467837 -0.394778 -0.263159 0.473083
-0.393548 -0.236551 0.46774 -0.39476 -0.262702 0.472992
-0.393529 -0.236061 0.467644 -0.394743 -0.262244 0.472902
-0.393509 -0.235571 0.467547 -0.394725 -0.261786 0.472811
-0.39349 -0.23508 0.46745 -0.394707 -0.261327 0.472721
-0.393471 -0.23459 0.467353 -0.394689 -0.260868 0.47263
-0.393451 -0.2341 0.467257 -0.394671 -0.260409 0.472539
-0.393432 -0.23361 0.46716 -0.394653 -0.259949 0.472449
-0.393413 -0.23312 0.467063 -0.394636 -0.259489 0.472358
-0.393393 -0.23263 0.466966 -0.394618 -0.259028 0.472267
-0.393374 -0.232139 0.46687 -0.3946 -0.258567 0.472176
-0.393355 -0.231649 0.466773 -0.394582 -0.258106 0.472085
-0.393335 -0.231159 0.466676 -0.394564 -0.257644 0.471993
-0.393316 -0.230669 0.466579 -0.394546 -0.257182 0.471902
-0.393297 -0.230179 0.466483 -0.394528 -0.25672 0.471811
-0.393277 -0.229689 0.466386 -0.394511 -0.256258 0.47172
-0.393258 -0.229198 0.466289 -0.394493 -0.255795 0.471628
-0.393238 -0.228708 0.466192 -0.394475 -0.255333 0.471537
-0.393219 -0.228218 0.466096 -0.394457 -0.25487 0.471446
-0.3932 -0.227728 0.465999 -0.394439 -0.254407 0.471354
-0.39318 -0.227238 0.465902 -0.394421 -0.253944 0.471263
-0.393161 -0.226748 0.465805 -0.394403 -0.253481 0.471171
-0.393142 -0.226257 0.465709 -0.394367 -0.252553 0.470988
-0.393122 -0.225767 0.465612 -0.394349 -0.252088 0.470896
-0.393103 -0.225277 0.465515 -0.394331 -0.251624 0.470805
-0.393084 -0.224787 0.465418 -0.394313 -0.251159 0.470713
-0.393064 -0.224297 0.465322 -0.394295 -0.250693 0.470621
-0.393045 -0.223807 0.465225 -0.394277 -0.250228 0.470529
-0.393026 -0.223316 0.465128 -0.394259 -0.249762 0.470437
-0.393006 -0.222826 0.465031 -0.394241 -0.249296 0.470345
-0.392987 -0.222336 0.464935 -0.394223 -0.24883 0.470253
-0.392968 -0.221846 0.464838 -0.394205 -0.248363 0.470161
-0.392948 -0.221356 0.464741 -0.394187 -0.247896 0.470069
-0.392929 -0.220865 0.464645 -0.394169 -0.247428 0.469977
-0.39291 -0.220375 0.464548 -0.394151 -0.246961 0.469884
-0.39289 -0.219885 0.464451 -0.394133 -0.246492 0.469792
-0.392871 -0.219395 0.464354 -0.394115 -0.246024 0.469699
-0.392852 -0.218905 0.464258 -0.394097 -0.245555 0.469607
-0.392832 -0.218415 0.464161 -0.394079 -0.245086 0.469514
-0.392813 -0.217924 0.464064 -0.394061 -0.244617 0.469422
-0.392793 -0.217434 0.463967 -0.394043 -0.244148 0.469329
-0.392774 -0.216944 0.463871 -0.394025 -0.243679 0.469236
-0.392755 -0.216454 0.463774 -0.394007 -0.24321 0.469144
-0.392735 -0.215964 0.463677 -0.393989 -0.24274 0.469051
-0.392716 -0.215474 0.46358 -0.39397 -0.242271 0.468958
-0.392697 -0.214983 0.463484 -0.393952 -0.241801 0.468866
-0.392677 -0.214493 0.463387 -0.393934 -0.241332 0.468773
-0.392658 -0.214003 0.46329 -0.393916 -0.240862 0.46868
-0.392639 -0.213513 0.463193 -0.393898 -0.240393 0.468587
-0.392619 -0.213023 0.463097 -0.39388 -0.239923 0.468495
-0.3926 -0.212533 0.463 -0.393861 -0.239453 0.468402
-0.392581 -0.212042 0.462903 -0.393843 -0.238983 0.468309
-0.392561 -0.211552 0.462806 -0.393807 -0.238043 0.468123
-0.392542 -0.211062 0.46271 -0.393788 -0.237573 0.46803
-0.392523 -0.210572 0.462613 -0.39377 -0.237103 0.467937
-0.392503 -0.210082 0.462516 -0.393752 -0.236632 0.467845
-0.392484 -0.209592 0.462419 -0.393734 -0.236161 0.467752
-0.392465 -0.209101 0.462323 -0.393715 -0.23569 0.467659
-0.392445 -0.208611 0.462226 -0.393697 -0.235219 0.467565
-0.392426 -0.208121 0.462129 -0.393679 -0.234748 0.467472
-0.392406 -0.207631 0.462032 -0.393661 -0.234277 0.467379
-0.392387 -0.207141 0.461936 -0.393642 -0.233805 0.467286
-0.392368 -0.206651 0.461839 -0.393624 -0.233333 0.467193
-0.392348 -0.20616 0.461742 -0.393606 -0.232861 0.4671
-0.392329 -0.20567 0.461645 -0.393587 -0.232388 0.467006
-0.39231 -0.20518 0.461549 -0.393569 -0.231916 0.466913
-0.39229 -0.20469 0.461452 -0.393532 -0.230971 0.466726
-0.392271 -0.2042 0.461355 -0.393514 -0.230499 0.466633
-0.392252 -0.20371 0.461258 -0.393496 -0.230027 0.46654
-0.392232 -0.203219 0.461162 -0.393477 -0.229555 0.466446
-0.392213 -0.202729 0.461065 -0.393459 -0.229083 0.466353
-0.392194 -0.202239 0.460968 -0.393441 -0.228612 0.46626
-0.392174 -0.201749 0.460871 -0.393422 -0.228141 0.466167
-0.392155 -0.201259 0.460775 -0.393404 -0.22767 0.466074
-0.392136 -0.200769 0.460678 -0.393385 -0.227199 0.465981
-0.392116 -0.200278 0.460581 -0.393367 -0.226728 0.465888
-0.392097 -0.199788 0.460485 -0.393349 -0.226257 0.465794
-0.392078 -0.199298 0.460388 -0.39333 -0.225786 0.465701
-0.392058 -0.198808 0.460291 -0.393312 -0.225315 0.465608
-0.392039 -0.198318 0.460194 -0.393275 -0.224372 0.465422
-0.39202 -0.197828 0.460098 -0.393257 -0.223901 0.465329
-0.392 -0.197337 0.460001 -0.393238 -0.22343 0.465236
-0.391981 -0.196847 0.459904 -0.39322 -0.222959 0.465142
-0.391961 -0.196357 0.459807 -0.393183 -0.22202 0.464957
-0.391942 -0.195867 0.459711 -0.393164 -0.221551 0.464864
-0.391923 -0.195377 0.459614 -0.393146 -0.221082 0.464771
-0.391903 -0.194886 0.459517 -0.393128 -0.220615 0.464679
-0.391884 -0.194396 0.45942 -0.393109 -0.220148 0.464586
-0.391865 -0.193906 0.459324 -0.393091 -0.219682 0.464494
-0.391845 -0.193416 0.459227 -0.393072 -0.219216 0.464402
-0.391826 -0.192926 0.45913 -0.393054 -0.218751 0.46431
-0.391807 -0.192436 0.459033 -0.393035 -0.218286 0.464218
-0.391787 -0.191945 0.458937 -0.393017 -0.217822 0.464126
-0.391768 -0.191455 0.45884 -0.392998 -0.217358 0.464034
-0.391749 -0.190965 0.458743 -0.39298 -0.216894 0.463942
-0.391729 -0.190475 0.458646 -0.392962 -0.216431 0.463851
-0.39171 -0.189985 0.45855 -0.392943 -0.215968 0.463759
-0.391691 -0.189495 0.458453 -0.392925 -0.215506 0.463667
-0.391671 -0.189004 0.458356 -0.392906 -0.215043 0.463576
-0.391652 -0.188514 0.458259 -0.392888 -0.214582 0.463485
-0.391633 -0.188024 0.458163 -0.39287 -0.214121 0.463393
-0.391613 -0.187534 0.458066 -0.392851 -0.21366 0.463302
-0.391594 -0.187044 0.457969 -0.392833 -0.213199 0.463211
-0.391574 -0.186554 0.457872 -0.392814 -0.212739 0.46312
-0.391555 -0.186063 0.457776 -0.392796 -0.212279 0.463029
-0.391536 -0.185573 0.457679 -0.392778 -0.211819 0.462938
-0.391516 -0.185083 0.457582 -0.392759 -0.21136 0.462847
-0.391497 -0.184593 0.457485 -0.392723 -0.210441 0.462665
-0.391478 -0.184103 0.457389 -0.392705 -0.209982 0.462574
-0.391458 -0.183613 0.457292 -0.392686 -0.209523 0.462483
-0.391439 -0.183122 0.457195 -0.392668 -0.209065 0.462392
-0.39142 -0.182632 0.457098 -0.39265 -0.208607 0.462301
-0.3914 -0.182142 0.457002 -0.392632 -0.208149 0.462211
-0.391381 -0.181652 0.456905 -0.392613 -0.207692 0.46212
-0.391362 -0.181162 0.456808 -0.392595 -0.207235 0.46203
-0.391342 -0.180672 0.456711 -0.392559 -0.206321 0.461849
-0.391323 -0.180181 0.456615 -0.392541 -0.205865 0.461759
-0.391304 -0.179691 0.456518 -0.392522 -0.205408 0.461668
-0.391284 -0.179201 0.456421 -0.392504 -0.204951 0.461578
-0.391265 -0.178711 0.456325 -0.392486 -0.204495 0.461487
-0.391246 -0.178221 0.456228 -0.392468 -0.204038 0.461397
-0.391226 -0.177731 0.456131 -0.39245 -0.203581 0.461306
-0.391207 -0.17724 0.456034 -0.392432 -0.203124 0.461216
-0.391188 -0.17675 0.455938 -0.392414 -0.202666 0.461125
-0.391168 -0.17626 0.455841 -0.392396 -0.202209 0.461035
-0.391149 -0.17577 0.455744 -0.392377 -0.201751 0.460944
-0.391129 -0.17528 0.455647 -0.392359 -0.201293 0.460854
-0.39111 -0.17479 0.455551 -0.392341 -0.200835 0.460763
-0.391091 -0.174299 0.455454 -0.392323 -0.200377 0.460672
-0.391071 -0.173809 0.455357 -0.392305 -0.199919 0.460582
-0.391052 -0.173319 0.45526 -0.392287 -0.19946 0.460491
-0.391033 -0.172829 0.455164 -0.392269 -0.199002 0.4604
-0.391013 -0.172339 0.455067 -0.392251 -0.198543 0.46031
-0.390994 -0.171849 0.45497 -0.392233 -0.198084 0.460219
-0.390975 -0.171358 0.454873 -0.392215 -0.197624 0.460128
-0.390955 -0.170868 0.454777 -0.392197 -0.197164 0.460037
-0.390936 -0.170378 0.45468 -0.392179 -0.196704 0.459946
-0.390917 -0.169888 0.454583 -0.392161 -0.196244 0.459855
-0.390897 -0.169398 0.454486 -0.392143 -0.195783 0.459764
-0.390878 -0.168908 0.45439 -0.392125 -0.195322 0.459673
-0.390859 -0.168417 0.454293 -0.392107 -0.194861 0.459582
-0.390839 -0.167927 0.454196 -0.392089 -0.1944 0.45949
-0.39082 -0.167437 0.454099 -0.392071 -0.193939 0.459399
-0.390801 -0.166947 0.454003 -0.392053 -0.193478 0.459308
-0.390781 -0.166457 0.453906 -0.392035 -0.193017 0.459217
-0.390762 -0.165966 0.453809 -0.392017 -0.192555 0.459126
-0.390742 -0.165476 0.453712 -0.391999 -0.192093 0.459034
-0.390723 -0.164986 0.453616 -0.391981 -0.191632 0.458943
-0.390704 -0.164496 0.453519 -0.391963 -0.191169 0.458852
-0.390684 -0.164006 0.453422 -0.391945 -0.190707 0.45876
-0.390665 -0.163516 0.453325 -0.391928 -0.190244 0.458669
-0.390646 -0.163025 0.453229 -0.39191 -0.189782 0.458577
-0.390626 -0.162535 0.453132 -0.391892 -0.189318 0.458486
-0.390607 -0.162045 0.453035 -0.391874 -0.188855 0.458394
-0.390588 -0.161555 0.452938 -0.391838 -0.187927 0.458211
-0.390568 -0.161065 0.452842 -0.39182 -0.187462 0.458119
-0.390549 -0.160575 0.452745 -0.391802 -0.186997 0.458027
-0.39053 -0.160084 0.452648 -0.391784 -0.186532 0.457935
-0.39051 -0.159594 0.452552 -0.391766 -0.186066 0.457843
-0.390491 -0.159104 0.452455 -0.391748 -0.1856 0.457751
-0.390472 -0.158614 0.452358 -0.39173 -0.185134 0.457659
-0.390452 -0.158124 0.452261 -0.391712 -0.184667 0.457567
-0.390433 -0.157634 0.452165 -0.391694 -0.1842 0.457474
-0.390414 -0.157143 0.452068 -0.391675 -0.183733 0.457382
-0.390394 -0.156653 0.451971 -0.391657 -0.183265 0.45729
-0.390375 -0.156163 0.451874 -0.391639 -0.182797 0.457197
-0.390356 -0.155673 0.451778 -0.391621 -0.182328 0.457105
-0.390336 -0.155183 0.451681 -0.391603 -0.181859 0.457012
-0.390317 -0.154693 0.451584 -0.391585 -0.18139 0.456919
-0.390297 -0.154202 0.451487 -0.391567 -0.180921 0.456826
-0.390278 -0.153712 0.451391 -0.391549 -0.180451 0.456734
-0.390259 -0.153222 0.451294 -0.391531 -0.179981 0.456641
-0.390239 -0.152732 0.451197 -0.391513 -0.179512 0.456548
-0.39022 -0.152242 0.4511 -0.391495 -0.179043 0.456455
-0.390201 -0.151752 0.451004 -0.391458 -0.178104 0.45627
-0.390181 -0.151261 0.450907 -0.39144 -0.177634 0.456177
-0.390162 -0.150771 0.45081 -0.391422 -0.177165 0.456084
-0.390143 -0.150281 0.450713 -0.391404 -0.176695 0.455992
-0.390123 -0.149791 0.450617 -0.391386 -0.176226 0.455899
-0.390104 -0.149301 0.45052 -0.391368 -0.175756 0.455806
-0.390085 -0.148811 0.450423 -0.391349 -0.175286 0.455713
-0.390065 -0.14832 0.450326 -0.391331 -0.174816 0.45562
-0.390046 -0.14783 0.45023 -0.391313 -0.174346 0.455527
-0.390027 -0.14734 0.450133 -0.391295 -0.173876 0.455434
-0.390007 -0.14685 0.450036 -0.391277 -0.173406 0.455341
-0.389988 -0.14636 0.449939 -0.391258 -0.172936 0.455248
-0.389969 -0.14587 0.449843 -0.39124 -0.172466 0.455156
-0.389949 -0.145379 0.449746 -0.391222 -0.171996 0.455063
-0.38993 -0.144889 0.449649 -0.391204 -0.171527 0.45497
-0.38991 -0.144399 0.449552 -0.391185 -0.171057 0.454877
-0.389891 -0.143909 0.449456 -0.391167 -0.170588 0.454784
-0.389872 -0.143419 0.449359 -0.391149 -0.170118 0.454691
-0.389852 -0.142929 0.449262 -0.39113 -0.169648 0.454598
-0.389833 -0.142438 0.449165 -0.391112 -0.169178 0.454505
-0.389814 -0.141948 0.449069 -0.391094 -0.168708 0.454413
-0.389794 -0.141458 0.448972 -0.391076 -0.168238 0.45432
-0.389775 -0.140968 0.448875 -0.391057 -0.167768 0.454227
-0.389756 -0.140478 0.448778 -0.391039 -0.167298 0.454134
-0.389736 -0.139988 0.448682 -0.391021 -0.166827 0.454041
-0.389717 -0.139497 0.448585 -0.391002 -0.166356 0.453948
-0.389698 -0.139007 0.448488 -0.390984 -0.165885 0.453855
-0.389678 -0.138517 0.448392 -0.390966 -0.165414 0.453761
-0.389659 -0.138027 0.448295 -0.390947 -0.164942 0.453668
-0.38964 -0.137537 0.448198 -0.390929 -0.164471 0.453575
-0.38962 -0.137046 0.448101 -0.390911 -0.164 0.453482
-0.389601 -0.136556 0.448005 -0.390892 -0.163528 0.453389
-0.389582 -0.136066 0.447908 -0.390874 -0.163057 0.453295
-0.389562 -0.135576 0.447811 -0.390856 -0.162585 0.453202
-0.389543 -0.135086 0.447714 -0.390837 -0.162113 0.453109
-0.389524 -0.134596 0.447618 -0.390819 -0.161642 0.453016
-0.389504 -0.134105 0.447521 -0.390801 -0.16117 0.452922
-0.389485 -0.133615 0.447424 -0.390782 -0.160698 0.452829
-0.389465 -0.133125 0.447327 -0.390745 -0.159753 0.452642
-0.389446 -0.132635 0.447231 -0.390727 -0.159281 0.452549
-0.389427 -0.132145 0.447134 -0.390709 -0.158808 0.452455
-0.389407 -0.131655 0.447037 -0.39069 -0.158335 0.452362
-0.389388 -0.131164 0.44694 -0.390672 -0.157862 0.452268
-0.389369 -0.130674 0.446844 -0.390653 -0.157389 0.452175
-0.389349 -0.130184 0.446747 -0.390635 -0.156917 0.452081
-0.38933 -0.129694 0.44665 -0.39058 -0.1555 0.451801
-0.389311 -0.129204 0.446553 -0.390561 -0.155027 0.451708
-0.389291 -0.128714 0.446457 -0.390543 -0.154555 0.451614
-0.389272 -0.128223 0.44636 -0.390524 -0.154083 0.451521
-0.389253 -0.127733 0.446263 -0.390506 -0.153611 0.451428
-0.389233 -0.127243 0.446166 -0.390469 -0.152669 0.451241
-0.389214 -0.126753 0.44607 -0.390451 -0.1522 0.451148
-0.389195 -0.126263 0.445973 -0.390432 -0.15173 0.451056
-0.389175 -0.125773 0.445876 -0.390414 -0.151261 0.450963
-0.389156 -0.125282 0.445779 -0.390395 -0.150793 0.45087
-0.389137 -0.124792 0.445683 -0.390377 -0.150326 0.450778
-0.389117 -0.124302 0.445586 -0.390358 -0.149859 0.450685
-0.389098 -0.123812 0.445489 -0.39034 -0.149394 0.450593
-0.389078 -0.123322 0.445392 -0.390321 -0.14893 0.450501
-0.389059 -0.122832 0.445296 -0.390302 -0.148466 0.45041
-0.38904 -0.122341 0.445199 -0.390284 -0.148003 0.450318
-0.38902 -0.121851 0.445102 -0.390265 -0.147541 0.450226
-0.389001 -0.121361 0.445005 -0.390247 -0.147079 0.450135
-0.388982 -0.120871 0.444909 -0.390228 -0.146618 0.450044
-0.388962 -0.120381 0.444812 -0.39021 -0.146157 0.449952
-0.388943 -0.119891 0.444715 -0.390191 -0.145696 0.449861
-0.388924 -0.1194 0.444618 -0.390173 -0.145236 0.44977
-0.388904 -0.11891 0.444522 -0.390155 -0.144776 0.449679
-0.388885 -0.11842 0.444425 -0.390118 -0.143859 0.449497
-0.388866 -0.11793 0.444328 -0.390099 -0.143401 0.449407
-0.388846 -0.11744 0.444232 -0.390081 -0.142943 0.449316
-0.388827 -0.11695 0.444135 -0.390062 -0.142485 0.449225
-0.388808 -0.116459 0.444038 -0.390044 -0.142028 0.449135
-0.388788 -0.115969 0.443941 -0.390026 -0.141571 0.449044
-0.388769 -0.115479 0.443845 -0.390007 -0.141114 0.448954
-0.38875 -0.114989 0.443748 -0.389989 -0.140658 0.448864
-0.38873 -0.114499 0.443651 -0.389971 -0.140201 0.448773
-0.388711 -0.114009 0.443554 -0.389953 -0.139744 0.448683
-0.388692 -0.113518 0.443458 -0.389934 -0.139288 0.448592
-0.388672 -0.113028 0.443361 -0.389916 -0.138831 0.448502
-0.388653 -0.112538 0.443264 -0.389898 -0.138375 0.448412
-0.388633 -0.112048 0.443167 -0.38988 -0.137919 0.448321
-0.388614 -0.111558 0.443071 -0.389861 -0.137462 0.448231
-0.388595 -0.111067 0.442974 -0.389843 -0.137007 0.448141
-0.388575 -0.110577 0.442877 -0.389825 -0.136551 0.448051
-0.388556 -0.110087 0.44278 -0.389807 -0.136095 0.447961
-0.388537 -0.109597 0.442684 -0.389789 -0.13564 0.44787
-0.388517 -0.109107 0.442587 -0.38977 -0.135184 0.44778
-0.388498 -0.108617 0.44249 -0.389752 -0.134728 0.44769
-0.388479 -0.108126 0.442393 -0.389734 -0.134271 0.4476
-0.388459 -0.107636 0.442297 -0.389716 -0.133814 0.447509
-0.38844 -0.107146 0.4422 -0.389698 -0.133357 0.447419
-0.388421 -0.106656 0.442103 -0.38968 -0.132899 0.447328
-0.388401 -0.106166 0.442006 -0.389662 -0.132441 0.447237
-0.388382 -0.105676 0.44191 -0.389644 -0.131982 0.447147
-0.388363 -0.105185 0.441813 -0.389626 -0.131523 0.447056
-0.388343 -0.104695 0.441716 -0.389608 -0.131064 0.446965
-0.388324 -0.104205 0.441619 -0.38959 -0.130604 0.446874
-0.388305 -0.103715 0.441523 -0.389572 -0.130144 0.446783
-0.388285 -0.103225 0.441426 -0.389554 -0.129684 0.446692
-0.388266 -0.102735 0.441329 -0.389536 -0.129223 0.446601
-0.388246 -0.102244 0.441232 -0.389518 -0.128763 0.44651
-0.388227 -0.101754 0.441136 -0.3895 -0.128302 0.446419
-0.388208 -0.101264 0.441039 -0.389482 -0.127842 0.446328
-0.388188 -0.100774 0.440942 -0.389464 -0.127381 0.446237
-0.388169 -0.100284 0.440845 -0.389446 -0.12692 0.446145
-0.38815 -0.0997936 0.440749 -0.38941 -0.125996 0.445963
-0.38813 -0.0993034 0.440652 -0.389392 -0.125534 0.445871
-0.388111 -0.0988133 0.440555 -0.389374 -0.125072 0.44578
-0.388092 -0.0983231 0.440459 -0.389356 -0.124609 0.445689
-0.388072 -0.0978329 0.440362 -0.389338 -0.124146 0.445597
-0.388053 -0.0973427 0.440265 -0.38932 -0.123683 0.445505
-0.388034 -0.0968526 0.440168 -0.389302 -0.12322 0.445414
-0.388014 -0.0963624 0.440072 -0.389284 -0.122756 0.445322
-0.387995 -0.0958722 0.439975 -0.389266 -0.122292 0.44523
-0.387976 -0.0953821 0.439878 -0.389248 -0.121829 0.445139
-0.387956 -0.0948919 0.439781 -0.38923 -0.121366 0.445047
-0.387937 -0.0944017 0.439685 -0.389212 -0.120902 0.444956
-0.387918 -0.0939116 0.439588 -0.389194 -0.120439 0.444864
-0.387898 -0.0934214 0.439491 -0.389176 -0.119976 0.444772
-0.387879 -0.0929312 0.439394 -0.389158 -0.119513 0.444681
-0.38786 -0.0924411 0.439298 -0.38914 -0.119049 0.444589
-0.38784 -0.0919509 0.439201 -0.389122 -0.118586 0.444498
-0.387821 -0.0914607 0.439104 -0.389104 -0.118123 0.444406
-0.387801 -0.0909705 0.439007 -0.389086 -0.117659 0.444314
-0.387782 -0.0904804 0.438911 -0.38905 -0.116732 0.444131
-0.387763 -0.0899902 0.438814 -0.389032 -0.116267 0.444039
-0.387743 -0.0895 0.438717 -0.389014 -0.115803 0.443948
-0.387724 -0.0890099 0.43862 -0.388996 -0.115339 0.443856
-0.387705 -0.0885197 0.438524 -0.388978 -0.114875 0.443764
-0.387685 -0.0880295 0.438427 -0.38896 -0.114411 0.443672
-0.387666 -0.0875394 0.43833 -0.388942 -0.113948 0.443581
-0.387647 -0.0870492 0.438233 -0.388924 -0.113484 0.443489
-0.387627 -0.086559 0.438137 -0.388906 -0.11302 0.443397
-0.387608 -0.0860688 0.43804 -0.388887 -0.112555 0.443306
-0.387589 -0.0855787 0.437943 -0.388869 -0.11209 0.443214
-0.387569 -0.0850885 0.437846 -0.388851 -0.111625 0.443122
-0.38755 -0.0845983 0.43775 -0.388833 -0.111159 0.44303
-0.387531 -0.0841082 0.437653 -0.388815 -0.110693 0.442937
-0.387511 -0.083618 0.437556 -0.388797 -0.110227 0.442845
-0.387492 -0.0831278 0.437459 -0.388743 -0.108824 0.442568
-0.387473 -0.0826377 0.437363 -0.388725 -0.108356 0.442475
-0.387453 -0.0821475 0.437266 -0.388707 -0.107888 0.442383
-0.387434 -0.0816573 0.437169 -0.388689 -0.107419 0.44229
-0.387414 -0.0811672 0.437072 -0.38867 -0.106951 0.442198
-0.387395 -0.080677 0.436976 -0.388652 -0.106483 0.442105
-0.387376 -0.0801868 0.436879 -0.388616 -0.105549 0.441921
-0.387356 -0.0796966 0.436782 -0.388598 -0.105083 0.441828
-0.387337 -0.0792065 0.436685 -0.38858 -0.104619 0.441737
-0.387318 -0.0787163 0.436589 -0.388488 -0.102308 0.441279
-0.387298 -0.0782261 0.436492 -0.38847 -0.101848 0.441189
-0.387279 -0.077736 0.436395 -0.388452 -0.101389 0.441098
-0.38726 -0.0772458 0.436299 -0.388433 -0.100932 0.441007
-0.38724 -0.0767556 0.436202 -0.388415 -0.100476 0.440917
-0.387221 -0.0762655 0.436105 -0.388397 -0.100023 0.440827
-0.387202 -0.0757753 0.436008 -0.388378 -0.0995714 0.440738
-0.387182 -0.0752851 0.435912 -0.38836 -0.0991223 0.440649
-0.387163 -0.0747949 0.435815 -0.388342 -0.0986751 0.440561
-0.387144 -0.0743048 0.435718 -0.388323 -0.0982297 0.440472
-0.387124 -0.0738146 0.435621 -0.388305 -0.0977859 0.440384
-0.387105 -0.0733244 0.435525 -0.388287 -0.0973437 0.440297
-0.387086 -0.0728343 0.435428 -0.388268 -0.0969028 0.44021
-0.387066 -0.0723441 0.435331 -0.38825 -0.0964632 0.440123
-0.387047 -0.0718539 0.435234 -0.388232 -0.0960247 0.440036
-0.387028 -0.0713638 0.435138 -0.388214 -0.0955874 0.439949
-0.387008 -0.0708736 0.435041 -0.388196 -0.095151 0.439863
-0.386989 -0.0703834 0.434944 -0.388177 -0.0947154 0.439776
-0.386969 -0.0698933 0.434847 -0.388159 -0.0942807 0.43969
-0.38695 -0.0694031 0.434751 -0.388141 -0.0938466 0.439604
-0.386931 -0.0689129 0.434654 -0.388123 -0.0934131 0.439519
-0.386911 -0.0684227 0.434557 -0.388105 -0.0929802 0.439433
-0.386892 -0.0679326 0.43446 -0.388087 -0.0925477 0.439347
-0.386873 -0.0674424 0.434364 -0.388069 -0.0921156 0.439262
-0.386853 -0.0669522 0.434267 -0.388033 -0.0912522 0.439091
-0.386834 -0.0664621 0.43417 -0.388016 -0.0908208 0.439005
-0.386815 -0.0659719 0.434073 -0.387998 -0.0903895 0.43892
-0.386795 -0.0654817 0.433977 -0.38798 -0.0899583 0.438834
-0.386776 -0.0649916 0.43388 -0.387962 -0.0895271 0.438749
-0.386757 -0.0645014 0.433783 -0.387892 -0.0878006 0.438407
-0.386737 -0.0640112 0.433686 -0.387874 -0.0873683 0.438322
-0.386718 -0.063521 0.43359 -0.387857 -0.0869361 0.438236
-0.386699 -0.0630309 0.433493 -0.387839 -0.0865042 0.438151
-0.386679 -0.0625407 0.433396 -0.387822 -0.0860731 0.438066
-0.38666 -0.0620505 0.433299 -0.387804 -0.0856432 0.43798
-0.386641 -0.0615604 0.433203 -0.387787 -0.0852142 0.437896
-0.386621 -0.0610702 0.433106 -0.38777 -0.084786 0.437811
-0.386602 -0.06058 0.433009 -0.387752 -0.0843586 0.437726
-0.386582 -0.0600899 0.432912 -0.387735 -0.0839319 0.437642
-0.386563 -0.0595997 0.432816 -0.387717 -0.0835057 0.437558
-0.386544 -0.0591095 0.432719 -0.3877 -0.08308 0.437473
-0.386524 -0.0586194 0.432622 -0.387683 -0.0826546 0.437389
-0.386505 -0.0581292 0.432525 -0.387665 -0.0822295 0.437305
-0.386486 -0.057639 0.432429 -0.387648 -0.0818047 0.437221
-0.386466 -0.0571488 0.432332 -0.387631 -0.0813801 0.437137
-0.386447 -0.0566587 0.432235 -0.387614 -0.0809559 0.437053
-0.386428 -0.0561685 0.432139 -0.387597 -0.0805319 0.436969
-0.386408 -0.0556783 0.432042 -0.387579 -0.080108 0.436886
-0.386389 -0.0551882 0.431945 -0.387562 -0.079684 0.436802
-0.38637 -0.054698 0.431848 -0.387545 -0.0792598 0.436718
-0.38635 -0.0542078 0.431752 -0.387528 -0.0788353 0.436634
-0.386331 -0.0537177 0.431655 -0.387511 -0.0784104 0.43655
-0.386312 -0.0532275 0.431558 -0.387494 -0.0779851 0.436466
-0.386292 -0.0527373 0.431461 -0.387477 -0.0775593 0.436382
-0.386273 -0.0522471 0.431365 -0.38746 -0.0771329 0.436297
-0.386254 -0.051757 0.431268 -0.387443 -0.0767061 0.436213
-0.386234 -0.0512668 0.431171 -0.387426 -0.0762788 0.436128
-0.386215 -0.0507766 0.431074 -0.387409 -0.0758511 0.436044
-0.386196 -0.0502865 0.430978 -0.387392 -0.0754231 0.435959
-0.386176 -0.0497963 0.430881 -0.387376 -0.0749948 0.435874
-0.386157 -0.0493061 0.430784 -0.387342 -0.0741377 0.435705
-0.386137 -0.048816 0.430687 -0.387325 -0.0737091 0.43562
-0.386118 -0.0483258 0.430591 -0.387308 -0.0732803 0.435535
-0.386099 -0.0478356 0.430494 -0.387291 -0.0728511 0.435451
-0.386079 -0.0473455 0.430397 -0.387275 -0.0724212 0.435366
-0.38606 -0.0468553 0.4303 -0.387258 -0.0719904 0.43528
-0.386041 -0.0463651 0.430204 -0.387241 -0.071559 0.435195
-0.386021 -0.0458749 0.430107 -0.387224 -0.0711267 0.43511
-0.386002 -0.0453848 0.43001 -0.387207 -0.0706938 0.435024
-0.385983 -0.0448946 0.429913 -0.387191 -0.0702601 0.434938
-0.385963 -0.0444044 0.429817 -0.387174 -0.0698257 0.434853
-0.385944 -0.0439143 0.42972 -0.387157 -0.0693905 0.434767
-0.385925 -0.0434241 0.429623 -0.38714 -0.0689544 0.43468
-0.385905 -0.0429339 0.429526 -0.387124 -0.0685175 0.434594
-0.385886 -0.0424438 0.42943 -0.387107 -0.0680798 0.434508
-0.385867 -0.0419536 0.429333 -0.38709 -0.0676414 0.434421
-0.385847 -0.0414634 0.429236 -0.387073 -0.0672025 0.434334
-0.385828 -0.0409732 0.429139 -0.387057 -0.0667631 0.434247
-0.385809 -0.0404831 0.429043 -0.38704 -0.066323 0.43416
-0.385789 -0.0399929 0.428946 -0.387023 -0.0658823 0.434073
-0.38577 -0.0395027 0.428849 -0.387006 -0.0654407 0.433986
-0.38575 -0.0390126 0.428752 -0.38699 -0.0649981 0.433899
-0.385731 -0.0385224 0.428656 -0.386973 -0.0645547 0.433811
-0.385712 -0.0380322 0.428559 -0.386956 -0.0641106 0.433723
-0.385692 -0.0375421 0.428462 -0.386939 -0.0636658 0.433635
-0.385673 -0.0370519 0.428366 -0.386922 -0.0632204 0.433547
-0.385654 -0.0365617 0.428269 -0.386905 -0.0627744 0.433459
-0.385634 -0.0360715 0.428172 -0.386872 -0.0618804 0.433283
-0.385615 -0.0355814 0.428075 -0.386855 -0.0614324 0.433194
-0.385596 -0.0350912 0.427979 -0.386838 -0.0609838 0.433106
-0.385576 -0.034601 0.427882 -0.386821 -0.0605345 0.433017
-0.385557 -0.0341109 0.427785 -0.386804 -0.0600844 0.432928
-0.385538 -0.0336207 0.427688 -0.386787 -0.0596337 0.432839
-0.385518 -0.0331305 0.427592 -0.38677 -0.0591824 0.43275
-0.385499 -0.0326404 0.427495 -0.386753 -0.0587303 0.43266
-0.38548 -0.0321502 0.427398 -0.386736 -0.0582776 0.432571
-0.38546 -0.03166 0.427301 -0.386719 -0.0578241 0.432481
-0.385441 -0.0311699 0.427205 -0.386702 -0.0573701 0.432392
-0.385422 -0.0306797 0.427108 -0.386685 -0.0569153 0.432302
-0.385402 -0.0301895 0.427011 -0.386668 -0.0564598 0.432212
-0.385383 -0.0296993 0.426914 -0.386651 -0.0560037 0.432122
-0.385364 -0.0292092 0.426818 -0.386634 -0.0555468 0.432031
-0.385344 -0.028719 0.426721 -0.386616 -0.0550894 0.431941
-0.385325 -0.0282288 0.426624 -0.386599 -0.0546312 0.431851
-0.385305 -0.0277387 0.426527 -0.386582 -0.0541725 0.43176
-0.385286 -0.0272485 0.426431 -0.386565 -0.0537132 0.431669
-0.385267 -0.0267583 0.426334 -0.386548 -0.0532536 0.431578
-0.385247 -0.0262682 0.426237 -0.38653 -0.0527936 0.431487
-0.385228 -0.025778 0.42614 -0.386513 -0.0523335 0.431397
-0.385209 -0.0252878 0.426044 -0.386496 -0.0518733 0.431306
-0.385189 -0.0247976 0.425947 -0.386478 -0.0514128 0.431215
-0.38517 -0.0243075 0.42585 -0.386461 -0.050952 0.431124
-0.385151 -0.0238173 0.425753 -0.386443 -0.050491 0.431032
-0.385131 -0.0233271 0.425657 -0.386426 -0.0500298 0.430941
-0.385112 -0.022837 0.42556 -0.386408 -0.0495682 0.43085
-0.385093 -0.0223468 0.425463 -0.386391 -0.0491063 0.430759
-0.385073 -0.0218566 0.425366 -0.386373 -0.0486441 0.430668
-0.385054 -0.0213665 0.42527 -0.386338 -0.0477187 0.430485
-0.385035 -0.0208763 0.425173 -0.386321 -0.0472554 0.430393
-0.385015 -0.0203861 0.425076 -0.386303 -0.0467918 0.430302
-0.384996 -0.019896 0.424979 -0.386285 -0.046328 0.43021
-0.384977 -0.0194058 0.424883 -0.386268 -0.0458642 0.430118
-0.384957 -0.0189156 0.424786 -0.38625 -0.0454007 0.430027
-0.384938 -0.0184254 0.424689 -0.386232 -0.0449375 0.429935
-0.384918 -0.0179353 0.424592 -0.386214 -0.0444744 0.429844
-0.384899 -0.0174451 0.424496 -0.386197 -0.0440113 0.429752
-0.38488 -0.0169549 0.424399 -0.386179 -0.0435478 0.42966
-0.38486 -0.0164648 0.424302 -0.386161 -0.0430839 0.429569
-0.384841 -0.0159746 0.424206 -0.386143 -0.0426195 0.429477
-0.384822 -0.0154844 0.424109 -0.386125 -0.0421547 0.429385
-0.384802 -0.0149943 0.424012 -0.386107 -0.0416894 0.429293
-0.384783 -0.0145041 0.423915 -0.386089 -0.0412236 0.429201
-0.384764 -0.0140139 0.423819 -0.386072 -0.0407574 0.429109
-0.384744 -0.0135237 0.423722 -0.386054 -0.0402909 0.429017
-0.384725 -0.0130336 0.423625 -0.386036 -0.039824 0.428925
-0.384706 -0.0125434 0.423528 -0.386018 -0.0393569 0.428832
-0.384686 -0.0120532 0.423432 -0.386 -0.0388894 0.42874
-0.384667 -0.0115631 0.423335 -0.385982 -0.0384218 0.428648
-0.384648 -0.0110729 0.423238 -0.385964 -0.0379541 0.428555
-0.384628 -0.0105827 0.423141 -0.385946 -0.0374862 0.428463
-0.384609 -0.0100926 0.423045 -0.38591 -0.03655 0.428278
-0.38459 -0.00960239 0.422948 -0.385892 -0.0360817 0.428185
-0.38457 -0.00911222 0.422851 -0.385874 -0.0356132 0.428093
-0.384551 -0.00862205 0.422754 -0.385855 -0.0351445 0.428
-0.384532 -0.00813188 0.422658 -0.385819 -0.0342064 0.427815
-0.384512 -0.00764171 0.422561 -0.385801 -0.0337371 0.427722
-0.384493 -0.00715154 0.422464 -0.385783 -0.0332677 0.427629
-0.384473 -0.00666137 0.422367 -0.385765 -0.0327983 0.427536
-0.384454 -0.00617121 0.422271 -0.385747 -0.0323291 0.427444
-0.384435 -0.00568104 0.422174 -0.385728 -0.0318602 0.427351
-0.384415 -0.00519087 0.422077 -0.38571 -0.0313916 0.427258
-0.384396 -0.0047007 0.42198 -0.385692 -0.0309233 0.427166
-0.384377 -0.00421053 0.421884 -0.385674 -0.0304552 0.427073
-0.384357 -0.00372036 0.421787 -0.385655 -0.0299873 0.426981
-0.384338 -0.00323019 0.42169 -0.385637 -0.0295196 0.426888
-0.384319 -0.00274002 0.421593 -0.385619 -0.0290521 0.426796
-0.384299 -0.00224985 0.421497 -0.3856 -0.0285847 0.426703
-0.38428 -0.00175968 0.4214 -0.385582 -0.0281174 0.426611
-0.384261 -0.00126951 0.421303 -0.385564 -0.0276501 0.426519
-0.384241 -0.00077934 0.421206 -0.385545 -0.0271828 0.426426
-0.384222 -0.00028917 0.42111 -0.385527 -0.0267155 0.426334
-0.384203 0.000200999 0.421013 -0.385508 -0.0262482 0.426242
-0.384183 0.000691169 0.420916 -0.38549 -0.0257809 0.426149
-0.384164 0.00118134 0.420819 -0.385472 -0.0253138 0.426057
-0.384145 0.00167151 0.420723 -0.385453 -0.0248468 0.425965
-0.384125 0.00216168 0.420626 -0.385435 -0.0243802 0.425873
-0.384106 0.00265185 0.420529 -0.385417 -0.0239138 0.42578
-0.384086 0.00314202 0.420432 -0.385398 -0.0234476 0.425688
-0.384067 0.00363219 0.420336 -0.385361 -0.0225156 0.425504
-0.384048 0.00412236 0.420239 -0.385343 -0.0220498 0.425412
-0.384028 0.00461253 0.420142 -0.385324 -0.021584 0.42532
-0.384009 0.0051027 0.420046 -0.385306 -0.0211182 0.425228
-0.38399 0.00559286 0.419949 -0.385288 -0.0206524 0.425136
-0.38397 0.00608303 0.419852 -0.385269 -0.0201866 0.425044
-0.383951 0.0065732 0.419755 -0.385251 -0.0197207 0.424952
-0.383932 0.00706337 0.419659 -0.385232 -0.0192548 0.42486
-0.383912 0.00755354 0.419562 -0.385214 -0.0187887 0.424767
-0.383893 0.00804371 0.419465 -0.385195 -0.0183226 0.424675
-0.383874 0.00853388 0.419368 -0.385177 -0.0178567 0.424583
-0.383854 0.00902405 0.419272 -0.385159 -0.017391 0.424491
-0.383835 0.00951422 0.419175 -0.38514 -0.0169256 0.424399
-0.383816 0.0100044 0.419078 -0.385122 -0.0164604 0.424307
-0.383796 0.0104946 0.418981 -0.385103 -0.0159953 0.424215
-0.383777 0.0109847 0.418885 -0.385085 -0.01553 0.424123
-0.383758 0.0114749 0.418788 -0.385066 -0.0150644 0.424031
-0.383738 0.0119651 0.418691 -0.385048 -0.0145986 0.423939
-0.383719 0.0124552 0.418594 -0.38503 -0.0141329 0.423847
-0.3837 0.0129454 0.418498 -0.385011 -0.0136672 0.423755
-0.38368 0.0134356 0.418401 -0.384993 -0.0132018 0.423663
-0.383661 0.0139257 0.418304 -0.384974 -0.0127364 0.423571
-0.383641 0.0144159 0.418207 -0.384956 -0.012271 0.423479
-0.383622 0.0149061 0.418111 -0.384938 -0.0118052 0.423387
-0.383603 0.0153963 0.418014 -0.384919 -0.011339 0.423295
-0.383583 0.0158864 0.417917 -0.384901 -0.0108724 0.423203
-0.383564 0.0163766 0.41782 -0.384882 -0.0104056 0.423111
-0.383545 0.0168668 0.417724 -0.384864 -0.0099387 0.423019
-0.383525 0.0173569 0.417627 -0.384846 -0.00947174 0.422926
-0.383506 0.0178471 0.41753 -0.384827 -0.00900467 0.422834
-0.383487 0.0183373 0.417433 -0.384809 -0.00853747 0.422742
-0.383467 0.0188274 0.417337 -0.384791 -0.00807007 0.422649
-0.383448 0.0193176 0.41724 -0.384772 -0.00760246 0.422557
-0.383429 0.0198078 0.417143 -0.384754 -0.00713463 0.422464
-0.383409 0.020298 0.417046 -0.384735 -0.00666661 0.422372
-0.38339 0.0207881 0.41695 -0.384717 -0.00619838 0.422279
-0.383371 0.0212783 0.416853 -0.384699 -0.00572998 0.422187
-0.383351 0.0217685 0.416756 -0.38468 -0.00526137 0.422094
-0.383332 0.0222586 0.416659 -0.384662 -0.00479255 0.422002
-0.383313 0.0227488 0.416563 -0.384625 -0.00385423 0.421816
-0.383293 0.023239 0.416466 -0.384607 -0.0033847 0.421724
-0.383274 0.0237291 0.416369 -0.384589 -0.00291492 0.421631
-0.383255 0.0242193 0.416273 -0.38457 -0.00244488 0.421538
-0.383235 0.0247095 0.416176 -0.384552 -0.00197457 0.421445
-0.383216 0.0251996 0.416079 -0.384533 -0.00150399 0.421352
-0.383196 0.0256898 0.415982 -0.384515 -0.00103313 0.421259
-0.383177 0.02618 0.415886 -0.384497 -0.000561992 0.421166
-0.383158 0.0266702 0.415789 -0.384478 -9.05692e-05 0.421073
-0.383138 0.0271603 0.415692 -0.38446 0.000381129 0.42098
-0.383119 0.0276505 0.415595 -0.384442 0.000853095 0.420886
-0.3831 0.0281407 0.415499 -0.384423 0.00132532 0.420793
-0.38308 0.0286308 0.415402 -0.384405 0.0017978 0.4207
-0.383061 0.029121 0.415305 -0.384386 0.0022704 0.420606
-0.383042 0.0296112 0.415208 -0.384368 0.00274302 0.420513
-0.383022 0.0301013 0.415112 -0.38435 0.00321554 0.42042
-0.383003 0.0305915 0.415015 -0.384331 0.00368785 0.420326
-0.382984 0.0310817 0.414918 -0.384313 0.00416008 0.420233
-0.382964 0.0315719 0.414821 -0.384294 0.00463234 0.42014
-0.382945 0.032062 0.414725 -0.384276 0.00510472 0.420046
-0.382926 0.0325522 0.414628 -0.384257 0.00557733 0.419953
-0.382906 0.0330424 0.414531 -0.384239 0.0060501 0.41986
-0.382887 0.0335325 0.414434 -0.384221 0.00652294 0.419766
-0.382868 0.0340227 0.414338 -0.384202 0.00699579 0.419673
-0.382848 0.0345129 0.414241 -0.384184 0.0074686 0.419579
-0.382829 0.035003 0.414144 -0.384165 0.00794137 0.419486
-0.382809 0.0354932 0.414047 -0.384147 0.00841414 0.419393
-0.38279 0.0359834 0.413951 -0.384128 0.00888692 0.419299
-0.382771 0.0364735 0.413854 -0.384091 0.0098326 0.419112
-0.382751 0.0369637 0.413757 -0.384073 0.0103056 0.419019
-0.382732 0.0374539 0.41366 -0.384054 0.0107786 0.418926
-0.382713 0.0379441 0.413564 -0.384036 0.0112519 0.418832
-0.382693 0.0384342 0.413467 -0.384017 0.0117252 0.418739
-0.382674 0.0389244 0.41337 -0.383998 0.0121987 0.418645
-0.382655 0.0394146 0.413273 -0.38398 0.0126724 0.418552
-0.382635 0.0399047 0.413177 -0.383961 0.0131461 0.418458
-0.382616 0.0403949 0.41308 -0.383943 0.01362 0.418364
-0.382597 0.0408851 0.412983 -0.383924 0.014094 0.418271
-0.382577 0.0413752 0.412886 -0.383906 0.0145681 0.418177
-0.382558 0.0418654 0.41279 -0.383887 0.0150423 0.418083
-0.382539 0.0423556 0.412693 -0.383869 0.0155166 0.41799
-0.382519 0.0428458 0.412596 -0.38385 0.0159909 0.417896
-0.3825 0.0433359 0.412499 -0.383832 0.0164654 0.417802
-0.382481 0.0438261 0.412403 -0.383813 0.01694 0.417709
-0.382461 0.0443163 0.412306 -0.383794 0.0174146 0.417615
-0.382442 0.0448064 0.412209 -0.383776 0.0178891 0.417521
-0.382423 0.0452966 0.412113 -0.383757 0.0183635 0.417428
-0.382403 0.0457868 0.412016 -0.383739 0.0188378 0.417334
-0.382384 0.0462769 0.411919 -0.38372 0.0193119 0.41724
-0.382364 0.0467671 0.411822 -0.383701 0.0197859 0.417147
-0.382345 0.0472573 0.411726 -0.383683 0.0202598 0.417053
-0.382326 0.0477474 0.411629 -0.383664 0.0207337 0.416959
-0.382306 0.0482376 0.411532 -0.383645 0.0212075 0.416866
-0.382287 0.0487278 0.411435 -0.383627 0.0216813 0.416772
-0.382268 0.049218 0.411339 -0.383608 0.022155 0.416679
-0.382248 0.0497081 0.411242 -0.38359 0.0226287 0.416585
-0.382229 0.0501983 0.411145 -0.383571 0.0231023 0.416492
-0.38221 0.0506885 0.411048 -0.383552 0.0235759 0.416398
-0.38219 0.0511786 0.410952 -0.383534 0.0240495 0.416305
-0.382171 0.0516688 0.410855 -0.383515 0.0245231 0.416211
-0.382152 0.052159 0.410758 -0.383496 0.0249967 0.416118
-0.382132 0.0526491 0.410661 -0.383459 0.0259441 0.415931
-0.382113 0.0531393 0.410565 -0.38344 0.0264179 0.415837
-0.382094 0.0536295 0.410468 -0.383422 0.0268918 0.415743
-0.382074 0.0541197 0.410371 -0.383403 0.0273658 0.41565
-0.382055 0.0546098 0.410274 -0.383384 0.0278398 0.415556
-0.382036 0.0551 0.410178 -0.383366 0.028314 0.415463
-0.382016 0.0555902 0.410081 -0.383347 0.0287883 0.415369
-0.381997 0.0560803 0.409984 -0.383328 0.0292628 0.415275
-0.381977 0.0565705 0.409887 -0.38331 0.0297373 0.415182
-0.381958 0.0570607 0.409791 -0.383291 0.030212 0.415088
-0.381939 0.0575508 0.409694 -0.383272 0.0306869 0.414994
-0.381919 0.058041 0.409597 -0.383254 0.0311618 0.4149
-0.3819 0.0585312 0.4095 -0.383235 0.0316369 0.414807
-0.381881 0.0590213 0.409404 -0.383216 0.0321121 0.414713
-0.381861 0.0595115 0.409307 -0.383198 0.0325874 0.414619
-0.381842 0.0600017 0.40921 -0.383179 0.0330626 0.414525
-0.381823 0.0604919 0.409113 -0.38316 0.0335377 0.414431
-0.381803 0.060982 0.409017 -0.383142 0.0340127 0.414338
-0.381784 0.0614722 0.40892 -0.383123 0.0344877 0.414244
-0.381765 0.0619624 0.408823 -0.383104 0.0349627 0.41415
-0.381745 0.0624525 0.408726 -0.383086 0.0354379 0.414056
-0.381726 0.0629427 0.40863 -0.383067 0.0359132 0.413962
-0.381707 0.0634329 0.408533 -0.383048 0.0363887 0.413868
-0.381687 0.063923 0.408436 -0.38303 0.0368642 0.413775
-0.381668 0.0644132 0.408339 -0.383011 0.0373397 0.413681
-0.381649 0.0649034 0.408243 -0.382992 0.0378151 0.413587
-0.381629 0.0653936 0.408146 -0.382974 0.0382905 0.413493
-0.38161 0.0658837 0.408049 -0.382955 0.0387658 0.413399
-0.381591 0.0663739 0.407953 -0.382936 0.039241 0.413305
-0.381571 0.0668641 0.407856 -0.382917 0.0397161 0.413212
-0.381552 0.0673542 0.407759 -0.382899 0.040191 0.413118
-0.381532 0.0678444 0.407662 -0.38288 0.0406655 0.413024
-0.381513 0.0683346 0.407566 -0.382861 0.0411397 0.412931
-0.381494 0.0688247 0.407469 -0.382843 0.0416133 0.412837
-0.381474 0.0693149 0.407372 -0.382824 0.0420867 0.412744
-0.381455 0.0698051 0.407275 -0.382786 0.043033 0.412557
-0.381436 0.0702953 0.407179 -0.382768 0.0435064 0.412463
-0.381416 0.0707854 0.407082 -0.382749 0.0439799 0.41237
-0.381397 0.0712756 0.406985 -0.38273 0.0444536 0.412277
-0.381378 0.0717658 0.406888 -0.382711 0.0449275 0.412183
-0.381358 0.0722559 0.406792 -0.382693 0.0454016 0.412089
-0.381339 0.0727461 0.406695 -0.382674 0.0458758 0.411996
-0.38132 0.0732363 0.406598 -0.382655 0.0463502 0.411902
-0.3813 0.0737264 0.406501 -0.382637 0.0468249 0.411809
-0.381281 0.0742166 0.406405 -0.382618 0.0472997 0.411715
-0.381262 0.0747068 0.406308 -0.382599 0.0477746 0.411621
-0.381242 0.0751969 0.406211 -0.38258 0.0482494 0.411527
-0.381223 0.0756871 0.406114 -0.382562 0.0487241 0.411434
-0.381204 0.0761773 0.406018 -0.382543 0.0491985 0.41134
-0.381184 0.0766675 0.405921 -0.382524 0.0496728 0.411246
-0.381165 0.0771576 0.405824 -0.382506 0.0501471 0.411153
-0.381145 0.0776478 0.405727 -0.382487 0.0506216 0.411059
-0.381126 0.078138 0.405631 -0.382468 0.0510964 0.410966
-0.381107 0.0786281 0.405534 -0.382449 0.0515715 0.410872
-0.381087 0.0791183 0.405437 -0.382431 0.0520468 0.410778
-0.381068 0.0796085 0.40534 -0.382412 0.0525222 0.410684
-0.381049 0.0800986 0.405244 -0.382393 0.0529979 0.41059
-0.381029 0.0805888 0.405147 -0.382375 0.0534736 0.410496
-0.38101 0.081079 0.40505 -0.382356 0.0539493 0.410403
-0.380991 0.0815692 0.404953 -0.382337 0.054425 0.410309
-0.380971 0.0820593 0.404857 -0.382319 0.0549005 0.410215
-0.380952 0.0825495 0.40476 -0.3823 0.0553759 0.410121
-0.380933 0.0830397 0.404663 -0.382281 0.0558513 0.410027
-0.380913 0.0835298 0.404566 -0.382262 0.0563267 0.409933
-0.380894 0.08402 0.40447 -0.382244 0.056802 0.40984
-0.380875 0.0845102 0.404373 -0.382225 0.0572774 0.409746
-0.380855 0.0850003 0.404276 -0.382206 0.0577528 0.409652
-0.380836 0.0854905 0.40418 -0.382188 0.0582282 0.409558
-0.380817 0.0859807 0.404083 -0.382169 0.0587036 0.409464
-0.380797 0.0864708 0.403986 -0.38215 0.0591791 0.409371
-0.380778 0.086961 0.403889 -0.382131 0.0596546 0.409277
-0.380759 0.0874512 0.403793 -0.382094 0.0606059 0.409089
-0.380739 0.0879414 0.403696 -0.382075 0.0610817 0.408995
-0.38072 0.0884315 0.403599 -0.382056 0.0615575 0.408901
-0.3807 0.0889217 0.403502 -0.382038 0.0620335 0.408807
-0.380681 0.0894119 0.403406 -0.382019 0.0625097 0.408713
-0.380662 0.089902 0.403309 -0.382 0.0629859 0.408619
-0.380642 0.0903922 0.403212 -0.381982 0.0634623 0.408525
-0.380623 0.0908824 0.403115 -0.381963 0.0639387 0.408431
-0.380604 0.0913725 0.403019 -0.381944 0.0644153 0.408337
-0.380584 0.0918627 0.402922 -0.381925 0.0648919 0.408243
-0.380565 0.0923529 0.402825 -0.381907 0.0653687 0.408149
-0.380546 0.0928431 0.402728 -0.381888 0.0658456 0.408055
-0.380526 0.0933332 0.402632 -0.381869 0.0663226 0.407961
-0.380507 0.0938234 0.402535 -0.381851 0.0667997 0.407867
-0.380488 0.0943136 0.402438 -0.381832 0.067277 0.407773
-0.380468 0.0948037 0.402341 -0.381813 0.0677543 0.407679
-0.380449 0.0952939 0.402245 -0.381794 0.0682318 0.407585
-0.38043 0.0957841 0.402148 -0.381776 0.0687093 0.40749
-0.38041 0.0962742 0.402051 -0.381757 0.0691868 0.407396
-0.380391 0.0967644 0.401954 -0.381738 0.0696642 0.407302
-0.380372 0.0972546 0.401858 -0.381719 0.0701414 0.407208
-0.380352 0.0977447 0.401761 -0.381701 0.0706185 0.407114
-0.380333 0.0982349 0.401664 -0.381682 0.0710953 0.40702
-0.380313 0.0987251 0.401567 -0.381663 0.071572 0.406926
-0.380294 0.0992153 0.401471 -0.381644 0.0720485 0.406832
-0.380275 0.0997054 0.401374 -0.381625 0.0725249 0.406738
-0.380255 0.100196 0.401277 -0.381607 0.0730011 0.406644
-0.380236 0.100686 0.40118 -0.381588 0.0734773 0.40655
-0.380217 0.101176 0.401084 -0.381569 0.0739534 0.406456
-0.380197 0.101666 0.400987 -0.381531 0.0749055 0.406268
-0.380178 0.102156 0.40089 -0.381513 0.0753815 0.406174
-0.380159 0.102646 0.400793 -0.381494 0.0758575 0.40608
-0.380139 0.103137 0.400697 -0.381475 0.0763335 0.405986
-0.38012 0.103627 0.4006 -0.381456 0.0768096 0.405893
-0.380101 0.104117 0.400503 -0.381437 0.0772857 0.405799
-0.380081 0.104607 0.400406 -0.381419 0.077762 0.405705
-0.380062 0.105097 0.40031 -0.3814 0.0782383 0.405611
-0.380043 0.105587 0.400213 -0.381381 0.0787147 0.405517
-0.380023 0.106078 0.400116 -0.381362 0.0791911 0.405423
-0.380004 0.106568 0.40002 -0.381343 0.0796675 0.405329
-0.379985 0.107058 0.399923 -0.381325 0.0801438 0.405235
-0.379965 0.107548 0.399826 -0.381306 0.0806202 0.405141
-0.379946 0.108038 0.399729 -0.381287 0.0810965 0.405047
-0.379927 0.108528 0.399633 -0.381268 0.081573 0.404953
-0.379907 0.109019 0.399536 -0.38125 0.0820494 0.404859
-0.379888 0.109509 0.399439 -0.381231 0.0825259 0.404765
-0.379868 0.109999 0.399342 -0.381212 0.0830025 0.404671
-0.379849 0.110489 0.399246 -0.381193 0.0834792 0.404577
-0.37983 0.110979 0.399149 -0.381174 0.0839558 0.404483
-0.37981 0.111469 0.399052 -0.381156 0.0844321 0.404389
-0.379791 0.11196 0.398955 -0.381137 0.0849079 0.404295
-0.379772 0.11245 0.398859 -0.381118 0.0853832 0.404202
-0.379752 0.11294 0.398762 -0.381099 0.0858581 0.404108
-0.379733 0.11343 0.398665 -0.38108 0.0863329 0.404014
-0.379714 0.11392 0.398568 -0.381061 0.0868076 0.403921
-0.379694 0.114411 0.398472 -0.381043 0.0872826 0.403827
-0.379675 0.114901 0.398375 -0.381024 0.0877577 0.403733
-0.379656 0.115391 0.398278 -0.381005 0.0882329 0.40364
-0.379636 0.115881 0.398181 -0.380986 0.0887081 0.403546
-0.379617 0.116371 0.398085 -0.380967 0.0891834 0.403452
-0.379598 0.116861 0.397988 -0.380949 0.0896587 0.403359
-0.379578 0.117352 0.397891 -0.38093 0.090134 0.403265
-0.379559 0.117842 0.397794 -0.380911 0.0906092 0.403171
-0.37954 0.118332 0.397698 -0.380873 0.0915596 0.402984
-0.37952 0.118822 0.397601 -0.380855 0.0920344 0.40289
-0.379501 0.119312 0.397504 -0.380836 0.0925088 0.402797
-0.379481 0.119802 0.397407 -0.380817 0.0929828 0.402703
-0.379462 0.120293 0.397311 -0.380798 0.0934565 0.40261
-0.379443 0.120783 0.397214 -0.380779 0.09393 0.402516
-0.379423 0.121273 0.397117 -0.38076 0.0944036 0.402423
-0.379404 0.121763 0.39702 -0.380742 0.0948773 0.40233
-0.379385 0.122253 0.396924 -0.380723 0.0953513 0.402236
-0.379365 0.122743 0.396827 -0.380704 0.0958255 0.402143
-0.379346 0.123234 0.39673 -0.380685 0.0962999 0.402049
-0.379327 0.123724 0.396633 -0.380667 0.0967745 0.401956
-0.379307 0.124214 0.396537 -0.380648 0.0972493 0.401862
-0.379288 0.124704 0.39644 -0.380629 0.0977243 0.401768
-0.379269 0.125194 0.396343 -0.38061 0.0981996 0.401675
-0.379249 0.125684 0.396246 -0.380591 0.0986752 0.401581
-0.37923 0.126175 0.39615 -0.380573 0.0991509 0.401487
-0.379211 0.126665 0.396053 -0.380554 0.0996267 0.401393
-0.379191 0.127155 0.395956 -0.380535 0.100102 0.4013
-0.379172 0.127645 0.39586 -0.380517 0.100578 0.401206
-0.379153 0.128135 0.395763 -0.380498 0.101053 0.401112
-0.379133 0.128625 0.395666 -0.380479 0.101528 0.401018
-0.379114 0.129116 0.395569 -0.38046 0.102003 0.400925
-0.379095 0.129606 0.395473 -0.380441 0.102479 0.400831
-0.379075 0.130096 0.395376 -0.380423 0.102955 0.400737
-0.379056 0.130586 0.395279 -0.380404 0.10343 0.400643
-0.379036 0.131076 0.395182 -0.380385 0.103906 0.40055
-0.379017 0.131566 0.395086 -0.380366 0.104381 0.400456
-0.378998 0.132057 0.394989 -0.380348 0.104856 0.400362
-0.378978 0.132547 0.394892 -0.380329 0.105332 0.400269
-0.378959 0.133037 0.394795 -0.38031 0.105807 0.400175
-0.37894 0.133527 0.394699 -0.380291 0.106282 0.400081
-0.37892 0.134017 0.394602 -0.380273 0.106757 0.399988
-0.378901 0.134507 0.394505 -0.380254 0.107232 0.399894
-0.378882 0.134998 0.394408 -0.380235 0.107707 0.3998
-0.378862 0.135488 0.394312 -0.380216 0.108183 0.399707
-0.378843 0.135978 0.394215 -0.380198 0.108658 0.399613
-0.378824 0.136468 0.394118 -0.380179 0.109133 0.399519
-0.378804 0.136958 0.394021 -0.38016 0.109608 0.399426
-0.378785 0.137448 0.393925 -0.380141 0.110084 0.399332
-0.378766 0.137939 0.393828 -0.380123 0.110559 0.399238
-0.378746 0.138429 0.393731 -0.380085 0.111511 0.399051
-0.378727 0.138919 0.393634 -0.380066 0.111987 0.398957
-0.378708 0.139409 0.393538 -0.380048 0.112463 0.398863
-0.378688 0.139899 0.393441 -0.380029 0.112939 0.398769
-0.378669 0.14039 0.393344 -0.38001 0.113415 0.398675
-0.378649 0.14088 0.393247 -0.379991 0.113892 0.398581
-0.37863 0.14137 0.393151 -0.379973 0.114368 0.398487
-0.378611 0.14186 0.393054 -0.379954 0.114845 0.398394
-0.378591 0.14235 0.392957 -0.379935 0.115321 0.3983
-0.378572 0.14284 0.39286 -0.379916 0.115797 0.398206
-0.378553 0.143331 0.392764 -0.379898 0.116273 0.398112
-0.378533 0.143821 0.392667 -0.379879 0.116748 0.398018
-0.378514 0.144311 0.39257 -0.379841 0.117698 0.397831
-0.378495 0.144801 0.392473 -0.379822 0.118173 0.397738
-0.378475 0.145291 0.392377 -0.379804 0.118648 0.397644
-0.378456 0.145781 0.39228 -0.379728 0.120545 0.39727
-0.378437 0.146272 0.392183 -0.37971 0.12102 0.397177
-0.378417 0.146762 0.392087 -0.379691 0.121494 0.397083
-0.378398 0.147252 0.39199 -0.379672 0.121967 0.39699
-0.378379 0.147742 0.391893 -0.379653 0.12244 0.396897
-0.378359 0.148232 0.391796 -0.379634 0.122911 0.396804
-0.37834 0.148722 0.3917 -0.379596 0.123847 0.396619
-0.378321 0.149213 0.391603 -0.379578 0.124312 0.396528
-0.378301 0.149703 0.391506 -0.379559 0.124775 0.396436
-0.378282 0.150193 0.391409 -0.37954 0.125238 0.396345
-0.378263 0.150683 0.391313 -0.379521 0.125698 0.396254
-0.378243 0.151173 0.391216 -0.379502 0.126158 0.396164
-0.378224 0.151663 0.391119 -0.379483 0.126616 0.396073
-0.378204 0.152154 0.391022 -0.379464 0.127073 0.395983
-0.378185 0.152644 0.390926 -0.379445 0.12753 0.395893
-0.378166 0.153134 0.390829 -0.379426 0.127985 0.395804
-0.378146 0.153624 0.390732 -0.379407 0.12844 0.395714
-0.378127 0.154114 0.390635 -0.379388 0.128893 0.395624
-0.378108 0.154604 0.390539 -0.379369 0.129347 0.395535
-0.378088 0.155095 0.390442 -0.379351 0.129799 0.395446
-0.378069 0.155585 0.390345 -0.379332 0.130251 0.395357
-0.37805 0.156075 0.390248 -0.379313 0.130702 0.395268
-0.37803 0.156565 0.390152 -0.379294 0.131153 0.395179
-0.378011 0.157055 0.390055 -0.379276 0.131604 0.39509
-0.377992 0.157545 0.389958 -0.379257 0.132054 0.395001
-0.377972 0.158036 0.389861 -0.379238 0.132504 0.394913
-0.377953 0.158526 0.389765 -0.37922 0.132953 0.394824
-0.377934 0.159016 0.389668 -0.379164 0.134301 0.394558
-0.377914 0.159506 0.389571 -0.379146 0.134751 0.39447
-0.377895 0.159996 0.389474 -0.379127 0.1352 0.394381
-0.377876 0.160486 0.389378 -0.379109 0.135649 0.394293
-0.377856 0.160977 0.389281 -0.37909 0.136097 0.394204
-0.377837 0.161467 0.389184 -0.379072 0.136546 0.394116
-0.377817 0.161957 0.389087 -0.379054 0.136994 0.394028
-0.377798 0.162447 0.388991 -0.379035 0.137442 0.393939
-0.377779 0.162937 0.388894 -0.379017 0.137889 0.393851
-0.377759 0.163427 0.388797 -0.378999 0.138336 0.393763
-0.37774 0.163918 0.3887 -0.378981 0.138782 0.393675
-0.377721 0.164408 0.388604 -0.378962 0.139228 0.393587
-0.377701 0.164898 0.388507 -0.378944 0.139673 0.3935
-0.377682 0.165388 0.38841 -0.378926 0.140118 0.393412
-0.377663 0.165878 0.388313 -0.378908 0.140563 0.393324
-0.377643 0.166368 0.388217 -0.37889 0.141008 0.393237
-0.377624 0.166859 0.38812 -0.378872 0.141452 0.393149
-0.377605 0.167349 0.388023 -0.378854 0.141897 0.393061
-0.377585 0.167839 0.387927 -0.378836 0.142341 0.392974
-0.377566 0.168329 0.38783 -0.378818 0.142785 0.392886
-0.377547 0.168819 0.387733 -0.3788 0.143229 0.392799
-0.377527 0.16931 0.387636 -0.378782 0.143673 0.392711
-0.377508 0.1698 0.38754 -0.378764 0.144117 0.392624
-0.377489 0.17029 0.387443 -0.378746 0.144561 0.392536
-0.377469 0.17078 0.387346 -0.378728 0.145005 0.392449
-0.37745 0.17127 0.387249 -0.37871 0.145449 0.392361
-0.377431 0.17176 0.387153 -0.378692 0.145893 0.392274
-0.377411 0.172251 0.387056 -0.378674 0.146338 0.392186
-0.377392 0.172741 0.386959 -0.378656 0.146782 0.392099
-0.377372 0.173231 0.386862 -0.378639 0.147227 0.392011
-0.377353 0.173721 0.386766 -0.378603 0.148118 0.391835
-0.377334 0.174211 0.386669 -0.378585 0.148565 0.391747
-0.377314 0.174701 0.386572 -0.378568 0.149011 0.391659
-0.377295 0.175192 0.386475 -0.37855 0.149459 0.391571
-0.377276 0.175682 0.386379 -0.378532 0.149906 0.391483
-0.377256 0.176172 0.386282 -0.378515 0.150355 0.391395
-0.377237 0.176662 0.386185 -0.378497 0.150803 0.391306
-0.377218 0.177152 0.386088 -0.378479 0.151252 0.391218
-0.377198 0.177642 0.385992 -0.378462 0.151702 0.391129
-0.377179 0.178133 0.385895 -0.378444 0.152152 0.391041
-0.37716 0.178623 0.385798 -0.378426 0.152602 0.390952
-0.37714 0.179113 0.385701 -0.378409 0.153053 0.390863
-0.377121 0.179603 0.385605 -0.378391 0.153505 0.390774
-0.377102 0.180093 0.385508 -0.378374 0.153957 0.390685
-0.377082 0.180583 0.385411 -0.378356 0.154409 0.390596
-0.377063 0.181074 0.385314 -0.378339 0.154862 0.390507
-0.377044 0.181564 0.385218 -0.378321 0.155316 0.390418
-0.377024 0.182054 0.385121 -0.378303 0.15577 0.390328
-0.377005 0.182544 0.385024 -0.378286 0.156225 0.390239
-0.376985 0.183034 0.384927 -0.378268 0.15668 0.390149
-0.376966 0.183524 0.384831 -0.378251 0.157135 0.390059
-0.376947 0.184015 0.384734 -0.378233 0.15759 0.38997
-0.376927 0.184505 0.384637 -0.378216 0.158046 0.38988
-0.376908 0.184995 0.38454 -0.378198 0.158502 0.38979
-0.376889 0.185485 0.384444 -0.37818 0.158958 0.3897
-0.376869 0.185975 0.384347 -0.378163 0.159416 0.38961
-0.37685 0.186465 0.38425 -0.378145 0.159873 0.38952
-0.376831 0.186956 0.384153 -0.378127 0.160331 0.38943
-0.376811 0.187446 0.384057 -0.37811 0.160789 0.38934
-0.376792 0.187936 0.38396 -0.378092 0.161248 0.389249
-0.376773 0.188426 0.383863 -0.378075 0.161707 0.389159
-0.376753 0.188916 0.383767 -0.378057 0.162166 0.389069
-0.376734 0.189406 0.38367 -0.378039 0.162626 0.388978
-0.376715 0.189897 0.383573 -0.378021 0.163085 0.388888
-0.376695 0.190387 0.383476 -0.378004 0.163546 0.388797
-0.376676 0.190877 0.38338 -0.377986 0.164006 0.388706
-0.376657 0.191367 0.383283 -0.377968 0.164467 0.388616
-0.376637 0.191857 0.383186 -0.377951 0.164928 0.388525
-0.376618 0.192347 0.383089 -0.377933 0.16539 0.388434
-0.376599 0.192838 0.382993 -0.377897 0.166315 0.388252
-0.376579 0.193328 0.382896 -0.37788 0.166778 0.388161
-0.37656 0.193818 0.382799 -0.377862 0.167241 0.388069
-0.37654 0.194308 0.382702 -0.377844 0.167705 0.387978
-0.376521 0.194798 0.382606 -0.377826 0.168169 0.387887
-0.376502 0.195288 0.382509 -0.377808 0.168634 0.387795
-0.376482 0.195779 0.382412 -0.37779 0.169099 0.387704
-0.376463 0.196269 0.382315 -0.377773 0.169564 0.387612
-0.376444 0.196759 0.382219 -0.377755 0.17003 0.38752
-0.376424 0.197249 0.382122 -0.377737 0.170495 0.387429
-0.376405 0.197739 0.382025 -0.377719 0.170961 0.387337
-0.376386 0.19823 0.381928 -0.377701 0.171426 0.387246
-0.376366 0.19872 0.381832 -0.377683 0.171892 0.387154
-0.376347 0.19921 0.381735 -0.377665 0.172359 0.387062
-0.376328 0.1997 0.381638 -0.377647 0.172825 0.38697
-0.376308 0.20019 0.381541 -0.377629 0.173292 0.386878
-0.376289 0.20068 0.381445 -0.377611 0.17376 0.386786
-0.37627 0.201171 0.381348 -0.377593 0.174228 0.386694
-0.37625 0.201661 0.381251 -0.377575 0.174696 0.386602
-0.376231 0.202151 0.381154 -0.377557 0.175165 0.38651
-0.376212 0.202641 0.381058 -0.377539 0.175634 0.386417
-0.376192 0.203131 0.380961 -0.377521 0.176104 0.386325
-0.376173 0.203621 0.380864 -0.377503 0.176574 0.386232
-0.376153 0.204112 0.380767 -0.377485 0.177044 0.38614
-0.376134 0.204602 0.380671 -0.377467 0.177515 0.386047
-0.376115 0.205092 0.380574 -0.377448 0.177985 0.385954
-0.376095 0.205582 0.380477 -0.37743 0.178456 0.385862
-0.376076 0.206072 0.38038 -0.377412 0.178927 0.385769
-0.376057 0.206562 0.380284 -0.377394 0.179397 0.385676
-0.376037 0.207053 0.380187 -0.377376 0.179868 0.385584
-0.376018 0.207543 0.38009 -0.377357 0.180339 0.385491
-0.375999 0.208033 0.379994 -0.377339 0.180811 0.385398
-0.375979 0.208523 0.379897 -0.377321 0.181282 0.385305
-0.37596 0.209013 0.3798 -0.377303 0.181754 0.385213
-0.375941 0.209503 0.379703 -0.377284 0.182225 0.38512
-0.375921 0.209994 0.379607 -0.377266 0.182697 0.385027
-0.375902 0.210484 0.37951 -0.377248 0.183169 0.384934
-0.375883 0.210974 0.379413 -0.377229 0.183642 0.384841
-0.375863 0.211464 0.379316 -0.377193 0.184587 0.384655
-0.375844 0.211954 0.37922 -0.377174 0.18506 0.384562
-0.375825 0.212444 0.379123 -0.377156 0.185533 0.384469
-0.375805 0.212935 0.379026 -0.377137 0.186007 0.384375
-0.375786 0.213425 0.378929 -0.377119 0.18648 0.384282
-0.375767 0.213915 0.378833 -0.377101 0.186954 0.384189
-0.375747 0.214405 0.378736 -0.377082 0.187428 0.384096
-0.375728 0.214895 0.378639 -0.377064 0.187902 0.384002
-0.375708 0.215385 0.378542 -0.377045 0.188377 0.383909
-0.375689 0.215876 0.378446 -0.377027 0.188852 0.383815
-0.37567 0.216366 0.378349 -0.377008 0.189326 0.383722
-0.37565 0.216856 0.378252 -0.37699 0.189802 0.383628
-0.375631 0.217346 0.378155 -0.376971 0.190277 0.383535
-0.375612 0.217836 0.378059 -0.376953 0.190752 0.383441
-0.375592 0.218326 0.377962 -0.376934 0.191228 0.383348
-0.375573 0.218817 0.377865 -0.376916 0.191704 0.383254
-0.375554 0.219307 0.377768 -0.376897 0.192179 0.38316
-0.375534 0.219797 0.377672 -0.376878 0.192654 0.383067
-0.375515 0.220287 0.377575 -0.37686 0.193129 0.382973
-0.375496 0.220777 0.377478 -0.376841 0.193604 0.38288
-0.375476 0.221267 0.377381 -0.376823 0.194078 0.382786
-0.375457 0.221758 0.377285 -0.376804 0.194553 0.382693
-0.375438 0.222248 0.377188 -0.376785 0.195028 0.3826
-0.375418 0.222738 0.377091 -0.376767 0.195503 0.382506
-0.375399 0.223228 0.376994 -0.376748 0.195978 0.382412
-0.37538 0.223718 0.376898 -0.376729 0.196453 0.382319
-0.37536 0.224209 0.376801 -0.376711 0.196929 0.382225
-0.375341 0.224699 0.376704 -0.376673 0.197879 0.382038
-0.375321 0.225189 0.376607 -0.376654 0.198355 0.381945
-0.375302 0.225679 0.376511 -0.376636 0.19883 0.381851
-0.375283 0.226169 0.376414 -0.376617 0.199306 0.381757
-0.375263 0.226659 0.376317 -0.376598 0.199782 0.381664
-0.375244 0.22715 0.37622 -0.37658 0.200258 0.38157
-0.375225 0.22764 0.376124 -0.376561 0.200734 0.381476
-0.375205 0.22813 0.376027 -0.376542 0.201211 0.381382
-0.375186 0.22862 0.37593 -0.376523 0.201687 0.381289
-0.375167 0.22911 0.375834 -0.376505 0.202163 0.381195
-0.375147 0.2296 0.375737 -0.376486 0.20264 0.381101
-0.375128 0.230091 0.37564 -0.376467 0.203116 0.381007
-0.375109 0.230581 0.375543 -0.376448 0.203592 0.380913
-0.375089 0.231071 0.375447 -0.37643 0.204069 0.38082
-0.37507 0.231561 0.37535 -0.376411 0.204545 0.380726
-0.375051 0.232051 0.375253 -0.376392 0.205021 0.380632
-0.375031 0.232541 0.375156 -0.376373 0.205497 0.380538
-0.375012 0.233032 0.37506 -0.376354 0.205972 0.380445
-0.374993 0.233522 0.374963 -0.376335 0.206448 0.380351
-0.374973 0.234012 0.374866 -0.376317 0.206923 0.380258
-0.374954 0.234502 0.374769 -0.376298 0.207398 0.380164
-0.374935 0.234992 0.374673 -0.376279 0.207873 0.380071
-0.374915 0.235482 0.374576 -0.37626 0.208347 0.379977
-0.374896 0.235973 0.374479 -0.376241 0.208822 0.379884
-0.374876 0.236463 0.374382 -0.376222 0.209296 0.37979
-0.374857 0.236953 0.374286 -0.376203 0.20977 0.379697
-0.374838 0.237443 0.374189 -0.376185 0.210244 0.379604
-0.374818 0.237933 0.374092 -0.376166 0.210718 0.37951
-0.374799 0.238423 0.373995 -0.376147 0.211192 0.379417
-0.37478 0.238914 0.373899 -0.376128 0.211667 0.379324
-0.37476 0.239404 0.373802 -0.376109 0.212141 0.37923
-0.374741 0.239894 0.373705 -0.37609 0.212615 0.379137
-0.374722 0.240384 0.373608 -0.376071 0.213089 0.379043
-0.374702 0.240874 0.373512 -0.376034 0.214037 0.378857
-0.374683 0.241364 0.373415 -0.376015 0.214512 0.378763
-0.374664 0.241855 0.373318 -0.375996 0.214986 0.37867
-0.374644 0.242345 0.373221 -0.375977 0.21546 0.378576
-0.374625 0.242835 0.373125 -0.375958 0.215935 0.378483
-0.374606 0.243325 0.373028 -0.37594 0.21641 0.378389
-0.374586 0.243815 0.372931 -0.375921 0.216885 0.378296
-0.374567 0.244305 0.372834 -0.375902 0.21736 0.378202
-0.374548 0.244796 0.372738 -0.375883 0.217835 0.378109
-0.374528 0.245286 0.372641 -0.375864 0.21831 0.378015
-0.374509 0.245776 0.372544 -0.375827 0.219261 0.377828
-0.374489 0.246266 0.372447 -0.375808 0.219737 0.377734
-0.37447 0.246756 0.372351 -0.375789 0.220213 0.377641
-0.374451 0.247246 0.372254 -0.37577 0.220689 0.377547
-0.374431 0.247737 0.372157 -0.375751 0.221165 0.377453
-0.374412 0.248227 0.37206 -0.375732 0.221641 0.37736
-0.374393 0.248717 0.371964 -0.375714 0.222117 0.377266
-0.374373 0.249207 0.371867 -0.375695 0.222593 0.377172
-0.374354 0.249697 0.37177 -0.375676 0.223069 0.377078
-0.374335 0.250187 0.371674 -0.375657 0.223544 0.376985
-0.374315 0.250678 0.371577 -0.375638 0.224019 0.376891
-0.374296 0.251168 0.37148 -0.375619 0.224494 0.376798
-0.374277 0.251658 0.371383 -0.375601 0.224968 0.376704
-0.374257 0.252148 0.371287 -0.375582 0.225443 0.376611
-0.374238 0.252638 0.37119 -0.375563 0.225918 0.376518
-0.374219 0.253129 0.371093 -0.375544 0.226392 0.376424
-0.374199 0.253619 0.370996 -0.375525 0.226865 0.376331
-0.37418 0.254109 0.3709 -0.375506 0.227339 0.376238
-0.374161 0.254599 0.370803 -0.375487 0.227811 0.376145
-0.374141 0.255089 0.370706 -0.375468 0.228283 0.376052
-0.374122 0.255579 0.370609 -0.37545 0.228755 0.375959
-0.374103 0.25607 0.370513 -0.375431 0.229227 0.375866
-0.374083 0.25656 0.370416 -0.375412 0.229698 0.375773
-0.374064 0.25705 0.370319 -0.375393 0.230169 0.37568
-0.374044 0.25754 0.370222 -0.375374 0.230639 0.375587
-0.374025 0.25803 0.370126 -0.375355 0.23111 0.375495
-0.374006 0.25852 0.370029 -0.375336 0.23158 0.375402
-0.373986 0.259011 0.369932 -0.375317 0.23205 0.37531
-0.373967 0.259501 0.369835 -0.375298 0.23252 0.375217
-0.373948 0.259991 0.369739 -0.37528 0.23299 0.375124
-0.373928 0.260481 0.369642 -0.375261 0.23346 0.375032
-0.373909 0.260971 0.369545 -0.375242 0.23393 0.374939
-0.37389 0.261461 0.369448 -0.375204 0.23487 0.374754
-0.37387 0.261952 0.369352 -0.375185 0.23534 0.374662
-0.373851 0.262442 0.369255 -0.375167 0.23581 0.374569
-0.373832 0.262932 0.369158 -0.375148 0.236279 0.374477
-0.373812 0.263422 0.369061 -0.375129 0.236748 0.374384
-0.373793 0.263912 0.368965 -0.37511 0.237217 0.374292
-0.373774 0.264402 0.368868 -0.375091 0.237686 0.374199
-0.373754 0.264893 0.368771 -0.375073 0.238156 0.374107
-0.373735 0.265383 0.368674 -0.375054 0.238625 0.374014
-0.373716 0.265873 0.368578 -0.375035 0.239095 0.373922
-0.373696 0.266363 0.368481 -0.375016 0.239565 0.373829
-0.373677 0.266853 0.368384 -0.374979 0.240505 0.373644
-0.373657 0.267343 0.368287 -0.37496 0.240975 0.373552
-0.373638 0.267834 0.368191 -0.374942 0.241445 0.373459
-0.373619 0.268324 0.368094 -0.374923 0.241915 0.373366
-0.373599 0.268814 0.367997 -0.374904 0.242386 0.373274
-0.37358 0.269304 0.367901 -0.374886 0.242857 0.373181
-0.373561 0.269794 0.367804 -0.374867 0.243328 0.373088
-0.373541 0.270284 0.367707 -0.374848 0.243798 0.372996
-0.373522 0.270775 0.36761 -0.374829 0.244268 0.372903
-0.373503 0.271265 0.367514 -0.374811 0.244737 0.372811
-0.373483 0.271755 0.367417 -0.374792 0.245206 0.372718
-0.373464 0.272245 0.36732 -0.374773 0.245675 0.372626
-0.373445 0.272735 0.367223 -0.374755 0.246144 0.372534
-0.373425 0.273225 0.367127 -0.374736 0.246612 0.372441
-0.373406 0.273716 0.36703 -0.374717 0.247081 0.372349
-0.373387 0.274206 0.366933 -0.374699 0.24755 0.372257
-0.373367 0.274696 0.366836 -0.37468 0.248019 0.372164
-0.373348 0.275186 0.36674 -0.374661 0.248488 0.372072
-0.373329 0.275676 0.366643 -0.374643 0.248957 0.37198
-0.373309 0.276166 0.366546 -0.374624 0.249426 0.371887
-0.37329 0.276657 0.366449 -0.374605 0.249895 0.371795
-0.373271 0.277147 0.366353 -0.374587 0.250365 0.371702
-0.373251 0.277637 0.366256 -0.374568 0.250834 0.37161
-0.373232 0.278127 0.366159 -0.374549 0.251302 0.371518
-0.373212 0.278617 0.366062 -0.374531 0.25177 0.371426
-0.373193 0.279107 0.365966 -0.374512 0.252238 0.371333
-0.373174 0.279598 0.365869 -0.374493 0.252706 0.371241
-0.373154 0.280088 0.365772 -0.374456 0.253641 0.371057
-0.373135 0.280578 0.365675 -0.374438 0.254108 0.370965
-0.373116 0.281068 0.365579 -0.374419 0.254576 0.370873
-0.373096 0.281558 0.365482 -0.3744 0.255043 0.370781
-0.373077 0.282049 0.365385 -0.374382 0.255511 0.370689
-0.373058 0.282539 0.365288 -0.374363 0.255979 0.370597
-0.373038 0.283029 0.365192 -0.374345 0.256447 0.370505
-0.373019 0.283519 0.365095 -0.374326 0.256915 0.370412
-0.373 0.284009 0.364998 -0.374307 0.257383 0.37032
-0.37298 0.284499 0.364901 -0.374289 0.257851 0.370228
-0.372961 0.28499 0.364805 -0.37427 0.25832 0.370136
-0.372942 0.28548 0.364708 -0.374252 0.258788 0.370043
-0.372922 0.28597 0.364611 -0.374233 0.259257 0.369951
-0.372903 0.28646 0.364514 -0.374214 0.259726 0.369859
-0.372884 0.28695 0.364418 -0.374196 0.260195 0.369766
-0.372864 0.28744 0.364321 -0.374177 0.260664 0.369674
-0.372845 0.287931 0.364224 -0.374159 0.261134 0.369582
-0.372825 0.288421 0.364127 -0.37414 0.261603 0.369489
-0.372806 0.288911 0.364031 -0.374122 0.262073 0.369397
-0.372787 0.289401 0.363934 -0.374103 0.262543 0.369304
-0.372767 0.289891 0.363837 -0.374085 0.263013 0.369212
-0.372748 0.290381 0.363741 -0.374066 0.263484 0.369119
-0.372729 0.290872 0.363644 -0.374048 0.263954 0.369026
-0.372709 0.291362 0.363547 -0.374029 0.264425 0.368934
-0.37269 0.291852 0.36345 -0.37401 0.264895 0.368841
-0.372671 0.292342 0.363354 -0.373992 0.265365 0.368749
-0.372651 0.292832 0.363257 -0.373973 0.265836 0.368656
-0.372632 0.293322 0.36316 -0.373955 0.266307 0.368563
-0.372613 0.293813 0.363063 -0.373936 0.266778 0.368471
-0.372593 0.294303 0.362967 -0.373918 0.267249 0.368378
-0.372574 0.294793 0.36287 -0.373899 0.26772 0.368285
-0.372555 0.295283 0.362773 -0.373881 0.268191 0.368192
-0.372535 0.295773 0.362676 -0.373862 0.268663 0.3681
-0.372516 0.296263 0.36258 -0.373844 0.269134 0.368007
-0.372497 0.296754 0.362483 -0.373825 0.269605 0.367914
-0.372477 0.297244 0.362386 -0.373788 0.270548 0.367728
-0.372458 0.297734 0.362289 -0.373769 0.27102 0.367636
-0.372439 0.298224 0.362193 -0.373751 0.271491 0.367543
-0.372419 0.298714 0.362096 -0.373732 0.271963 0.36745
-0.3724 0.299204 0.361999 -0.373714 0.272435 0.367357
-0.37238 0.299695 0.361902 -0.373695 0.272907 0.367264
-0.372361 0.300185 0.361806 -0.373676 0.273379 0.367171
-0.372342 0.300675 0.361709 -0.373658 0.273852 0.367078
-0.372322 0.301165 0.361612 -0.373639 0.274324 0.366985
-0.372303 0.301655 0.361515 -0.373621 0.274797 0.366892
-0.372284 0.302145 0.361419 -0.373602 0.27527 0.366799
-0.372264 0.302636 0.361322 -0.373583 0.275743 0.366706
-0.372245 0.303126 0.361225 -0.373565 0.276216 0.366613
-0.372226 0.303616 0.361128 -0.373546 0.276689 0.36652
-0.372206 0.304106 0.361032 -0.373528 0.277163 0.366426
-0.372187 0.304596 0.360935 -0.373509 0.277636 0.366333
-0.372168 0.305086 0.360838 -0.37349 0.27811 0.36624
-0.372148 0.305577 0.360741 -0.373472 0.278584 0.366147
-0.372129 0.306067 0.360645 -0.373453 0.279058 0.366053
-0.37211 0.306557 0.360548 -0.373435 0.279531 0.36596
-0.37209 0.307047 0.360451 -0.373416 0.280005 0.365867
-0.372071 0.307537 0.360354 -0.373397 0.280478 0.365774
-0.372052 0.308027 0.360258 -0.373379 0.280951 0.365681
-0.372032 0.308518 0.360161 -0.37336 0.281425 0.365587
-0.372013 0.309008 0.360064 -0.373341 0.281898 0.365494
-0.371993 0.309498 0.359967 -0.373323 0.282372 0.365401
-0.371974 0.309988 0.359871 -0.373304 0.282847 0.365308
-0.371955 0.310478 0.359774 -0.373285 0.283321 0.365214
-0.371935 0.310969 0.359677 -0.373267 0.283796 0.365121
-0.371916 0.311459 0.359581 -0.373248 0.284271 0.365027
-0.371897 0.311949 0.359484 -0.373229 0.284746 0.364934
-0.371877 0.312439 0.359387 -0.373211 0.285221 0.36484
-0.371858 0.312929 0.35929 -0.373192 0.285697 0.364746
-0.371839 0.313419 0.359194 -0.373173 0.286173 0.364653
-0.371819 0.31391 0.359097 -0.373155 0.286649 0.364559
-0.3718 0.3144 0.359 -0.373136 0.287125 0.364465
-0.371781 0.31489 0.358903 -0.373117 0.287601 0.364372
-0.371761 0.31538 0.358807 -0.37308 0.288553 0.364184
-0.371742 0.31587 0.35871 -0.373061 0.289029 0.364091
-0.371723 0.31636 0.358613 -0.373042 0.289505 0.363997
-0.371703 0.316851 0.358516 -0.373024 0.289981 0.363903
-0.371684 0.317341 0.35842 -0.373005 0.290456 0.36381
-0.371665 0.317831 0.358323 -0.372986 0.290932 0.363716
-0.371645 0.318321 0.358226 -0.372968 0.291409 0.363622
-0.371626 0.318811 0.358129 -0.37293 0.292361 0.363435
-0.371607 0.319301 0.358033 -0.372911 0.292837 0.363341
-0.371587 0.319792 0.357936 -0.372892 0.293313 0.363247
-0.371568 0.320282 0.357839 -0.372874 0.29379 0.363153
-0.371548 0.320772 0.357742 -0.372855 0.294266 0.36306
-0.371529 0.321262 0.357646 -0.372836 0.294742 0.362966
-0.37151 0.321752 0.357549 -0.372817 0.295217 0.362872
-0.37149 0.322242 0.357452 -0.372799 0.295692 0.362779
-0.371471 0.322733 0.357355 -0.37278 0.296166 0.362685
-0.371452 0.323223 0.357259 -0.372761 0.296641 0.362592
-0.371432 0.323713 0.357162 -0.372742 0.297115 0.362499
-0.371413 0.324203 0.357065 -0.372723 0.297588 0.362405
-0.371394 0.324693 0.356968 -0.372704 0.298061 0.362312
-0.371374 0.325183 0.356872 -0.372685 0.298534 0.362219
-0.371355 0.325674 0.356775 -0.372667 0.299006 0.362126
-0.371336 0.326164 0.356678 -0.372648 0.299477 0.362033
-0.371316 0.326654 0.356581 -0.372629 0.299948 0.36194
-0.371297 0.327144 0.356485 -0.37261 0.30042 0.361847
-0.371278 0.327634 0.356388 -0.372591 0.300891 0.361754
-0.371258 0.328124 0.356291 -0.372572 0.301362 0.361662
-0.371239 0.328615 0.356194 -0.372553 0.301833 0.361569
-0.37122 0.329105 0.356098 -0.372535 0.302304 0.361476
-0.3712 0.329595 0.356001 -0.372516 0.302774 0.361383
-0.371181 0.330085 0.355904 -0.372497 0.303244 0.361291
-0.371162 0.330575 0.355808 -0.372478 0.303713 0.361198
-0.371142 0.331065 0.355711 -0.37244 0.304652 0.361013
-0.371123 0.331556 0.355614 -0.372422 0.305122 0.36092
-0.371103 0.332046 0.355517 -0.372403 0.305591 0.360828
-0.371084 0.332536 0.355421 -0.37229 0.308404 0.360273
-0.371065 0.333026 0.355324 -0.372271 0.308873 0.360181
-0.371045 0.333516 0.355227 -0.372252 0.30934 0.360089
-0.371026 0.334006 0.35513 -0.372234 0.309806 0.359997
-0.371007 0.334497 0.355034 -0.372215 0.31027 0.359905
-0.370987 0.334987 0.354937 -0.372196 0.310732 0.359814
-0.370968 0.335477 0.35484 -0.372177 0.311193 0.359723
-0.370949 0.335967 0.354743 -0.372158 0.311651 0.359633
-0.370929 0.336457 0.354647 -0.372139 0.312107 0.359543
-0.37091 0.336948 0.35455 -0.372121 0.312562 0.359453
-0.370891 0.337438 0.354453 -0.372102 0.313014 0.359363
-0.370871 0.337928 0.354356 -0.372083 0.313466 0.359274
-0.370852 0.338418 0.35426 -0.372064 0.313916 0.359185
-0.370833 0.338908 0.354163 -0.372045 0.314365 0.359096
-0.370813 0.339398 0.354066 -0.372026 0.314812 0.359008
-0.370794 0.339889 0.353969 -0.372008 0.315259 0.358919
-0.370775 0.340379 0.353873 -0.371989 0.315705 0.358831
-0.370755 0.340869 0.353776 -0.37197 0.31615 0.358743
-0.370736 0.341359 0.353679 -0.371952 0.316594 0.358655
-0.370716 0.341849 0.353582 -0.371933 0.317037 0.358567
-0.370697 0.342339 0.353486 -0.371915 0.317479 0.35848
-0.370678 0.34283 0.353389 -0.371896 0.317921 0.358392
-0.370658 0.34332 0.353292 -0.371877 0.318362 0.358305
-0.370639 0.34381 0.353195 -0.371859 0.318803 0.358218
-0.37062 0.3443 0.353099 -0.371841 0.319244 0.358131
-0.3706 0.34479 0.353002 -0.371822 0.319685 0.358044
-0.370581 0.34528 0.352905 -0.371804 0.320125 0.357956
-0.370562 0.345771 0.352808 -0.371786 0.320565 0.357869
-0.370542 0.346261 0.352712 -0.371767 0.321006 0.357782
-0.370523 0.346751 0.352615 -0.371749 0.321446 0.357695
-0.370504 0.347241 0.352518 -0.371731 0.321886 0.357608
-0.370484 0.347731 0.352421 -0.371713 0.322326 0.357521
-0.370465 0.348221 0.352325 -0.371695 0.322767 0.357434
-0.370446 0.348712 0.352228 -0.371677 0.323207 0.357347
-0.370426 0.349202 0.352131 -0.371659 0.323648 0.35726
-0.370407 0.349692 0.352034 -0.371641 0.324088 0.357173
-0.370388 0.350182 0.351938 -0.371623 0.324529 0.357086
-0.370368 0.350672 0.351841 -0.371605 0.32497 0.356999
-0.370349 0.351162 0.351744 -0.371587 0.325411 0.356912
-0.37033 0.351653 0.351648 -0.371569 0.325853 0.356825
-0.37031 0.352143 0.351551 -0.371551 0.326294 0.356738
-0.370291 0.352633 0.351454 -0.371533 0.326736 0.356651
-0.370271 0.353123 0.351357 -0.371515 0.327179 0.356563
-0.370252 0.353613 0.351261 -0.371498 0.327621 0.356476
-0.370233 0.354103 0.351164 -0.37148 0.328064 0.356389
-0.370213 0.354594 0.351067 -0.371444 0.328952 0.356214
-0.370194 0.355084 0.35097 -0.371427 0.329396 0.356126
-0.370175 0.355574 0.350874 -0.371409 0.329841 0.356039
-0.370155 0.356064 0.350777 -0.371391 0.330287 0.355951
-0.370136 0.356554 0.35068 -0.371374 0.330733 0.355863
-0.370117 0.357044 0.350583 -0.371356 0.331179 0.355775
-0.370097 0.357535 0.350487 -0.371338 0.331626 0.355687
-0.370078 0.358025 0.35039 -0.371321 0.332074 0.355599
-0.370059 0.358515 0.350293 -0.371303 0.332522 0.35551
-0.370039 0.359005 0.350196 -0.371286 0.332971 0.355422
-0.37002 0.359495 0.3501 -0.371268 0.333421 0.355334
-0.370001 0.359985 0.350003 -0.37125 0.333871 0.355245
-0.369981 0.360476 0.349906 -0.371233 0.334322 0.355156
-0.370001 0.359985 0.350003 -0.371215 0.334774 0.355067
-0.369981 0.360476 0.349906 -0.371198 0.335226 0.354979
-0.370001 0.359985 0.350003 -0.37118 0.335678 0.35489
-0.369981 0.360476 0.349906 -0.371163 0.336131 0.3548
-0.370001 0.359985 0.350003 -0.371145 0.336584 0.354711
-0.369981 0.360476 0.349906 -0.371127 0.337038 0.354622
-0.370001 0.359985 0.350003 -0.37111 0.337491 0.354533
-0.369981 0.360476 0.349906 -0.371092 0.337944 0.354444
-0.370001 0.359985 0.350003 -0.371075 0.338396 0.354355
-0.369981 0.360476 0.349906 -0.371057 0.338846 0.354266
-0.370001 0.359985 0.350003 -0.371039 0.339296 0.354178
-0.369981 0.360476 0.349906 -0.371022 0.339743 0.35409
-0.370001 0.359985 0.350003 -0.371004 0.340187 0.354002
-0.369981 0.360476 0.349906 -0.370986 0.340629 0.353915
-0.370001 0.359985 0.350003 -0.370968 0.341068 0.353828
-0.369981 0.360476 0.349906 -0.37095 0.341503 0.353742
-0.370001 0.359985 0.350003 -0.370932 0.341935 0.353657
-0.369981 0.360476 0.349906 -0.370915 0.342363 0.353572
-0.370001 0.359985 0.350003 -0.370897 0.342786 0.353488
-0.369981 0.360476 0.349906 -0.370879 0.343205 0.353405
-0.370001 0.359985 0.350003 -0.370861 0.34362 0.353323
-0.369981 0.360476 0.349906 -0.370843 0.34403 0.353241
-0.370001 0.359985 0.350003 -0.370826 0.344436 0.35316
-0.369981 0.360476 0.349906 -0.370808 0.344836 0.353081
-0.370001 0.359985 0.350003 -0.37079 0.345231 0.353002
-0.369981 0.360476 0.349906 -0.370773 0.34562 0.352924
-0.370001 0.359985 0.350003 -0.370755 0.346004 0.352848
-0.369981 0.360476 0.349906 -0.370738 0.346382 0.352772
-0.370001 0.359985 0.350003 -0.37072 0.346755 0.352698
-0.369981 0.360476 0.349906 -0.370703 0.347122 0.352624
-0.370001 0.359985 0.350003 -0.370686 0.347482 0.352552
-0.369981 0.360476 0.349906 -0.370669 0.347837 0.352481
-0.370001 0.359985 0.350003 -0.370652 0.348186 0.352411
-0.369981 0.360476 0.349906 -0.370619 0.348864 0.352274
-0.370001 0.359985 0.350003 -0.370602 0.349194 0.352208
-0.369981 0.360476 0.349906 -0.370586 0.349517 0.352143
-0.370001 0.359985 0.350003 -0.37057 0.349833 0.352079
-0.369981 0.360476 0.349906 -0.370554 0.350142 0.352016
-0.370001 0.359985 0.350003 -0.370538 0.350445 0.351955
-0.369981 0.360476 0.349906 -0.370523 0.350742 0.351895
-0.370001 0.359985 0.350003 -0.370507 0.351033 0.351836
-0.369981 0.360476 0.349906 -0.370492 0.351317 0.351778
-0.370001 0.359985 0.350003 -0.370478 0.351595 0.351722
-0.369981 0.360476 0.349906 -0.370463 0.351867 0.351667
-0.370001 0.359985 0.350003 -0.370449 0.352133 0.351613
-0.369981 0.360476 0.349906 -0.370434 0.352393 0.35156
-0.370001 0.359985 0.350003 -0.370421 0.352647 0.351508
-0.369981 0.360476 0.349906 -0.370407 0.352895 0.351458
-0.370001 0.359985 0.350003 -0.370394 0.353137 0.351408
-0.369981 0.360476 0.349906 -0.37038 0.353373 0.35136
-0.370001 0.359985 0.350003 -0.370368 0.353603 0.351313
-0.369981 0.360476 0.349906 -0.370355 0.353827 0.351267
-0.370001 0.359985 0.350003 -0.370343 0.354045 0.351223
-0.369981 0.360476 0.349906 -0.370331 0.354257 0.351179
-0.370001 0.359985 0.350003 -0.370319 0.354464 0.351137
-0.369981 0.360476 0.349906 -0.370307 0.354665 0.351096
-0.370001 0.359985 0.350003 -0.370296 0.354861 0.351056
-0.369981 0.360476 0.349906 -0.370285 0.355052 0.351017
-0.370001 0.359985 0.350003 -0.370274 0.355237 0.350979
-0.369981 0.360476 0.349906 -0.370253 0.355592 0.350906
-0.370001 0.359985 0.350003 -0.370234 0.355926 0.350837
-0.369981 0.360476 0.349906 -0.370224 0.356087 0.350804
-0.370001 0.359985 0.350003 -0.370215 0.356243 0.350772
-0.369981 0.360476 0.349906 -0.370206 0.356394 0.350741
-0.370001 0.359985 0.350003 -0.370197 0.356542 0.350711
-0.369981 0.360476 0.349906 -0.370189 0.356685 0.350681
-0.370001 0.359985 0.350003 -0.370181 0.356824 0.350652
-0.369981 0.360476 0.349906 -0.370173 0.35696 0.350625
-0.370001 0.359985 0.350003 -0.370165 0.357091 0.350598
-0.369981 0.360476 0.349906 -0.370157 0.357218 0.350571
-0.370001 0.359985 0.350003 -0.37015 0.357342 0.350546
-0.369981 0.360476 0.349906 -0.370143 0.357462 0.350521
-0.370001 0.359985 0.350003 -0.370136 0.357578 0.350497
-0.369981 0.360476 0.349906 -0.370129 0.357691 0.350474
-0.370001 0.359985 0.350003 -0.370123 0.3578 0.350451
-0.369981 0.360476 0.349906 -0.370116 0.357906 0.35043
-0.370001 0.359985 0.350003 -0.37011 0.358008 0.350409
-0.369981 0.360476 0.349906 -0.370104 0.358107 0.350388
-0.370001 0.359985 0.350003 -0.370099 0.358202 0.350369
-0.369981 0.360476 0.349906 -0.370093 0.358293 0.35035
-0.370001 0.359985 0.350003 -0.370088 0.358381 0.350332
-0.369981 0.360476 0.349906 -0.370083 0.358467 0.350314
-0.370001 0.359985 0.350003 -0.370078 0.358549 0.350297
-0.369981 0.360476 0.349906 -0.370073 0.358629 0.350281
-0.370001 0.359985 0.350003 -0.370068 0.358707 0.350265
-0.369981 0.360476 0.349906 -0.370064 0.358781 0.350249
-0.370001 0.359985 0.350003 -0.37006 0.358853 0.350234
-0.369981 0.360476 0.349906 -0.370055 0.358922 0.35022
-0.370001 0.359985 0.350003 -0.370051 0.358989 0.350206
-0.369981 0.360476 0.349906 -0.370044 0.359114 0.350181
