-0.399991 -0.399777 0.499956 -0.40001 -0.400267 0.500053
-0.399972 -0.399287 0.499859 -0.40001 -0.400267 0.500053
-0.399953 -0.398797 0.499763 -0.40001 -0.400267 0.500053
-0.399933 -0.398307 0.499666 -0.40001 -0.400267 0.500053
-0.399914 -0.397817 0.499569 -0.40001 -0.400267 0.500053
-0.399894 -0.397327 0.499472 -0.40001 -0.400267 0.500053
-0.399875 -0.396836 0.499376 -0.40001 -0.400267 0.500053
-0.399856 -0.396346 0.499279 -0.400009 -0.400264 0.500052
-0.399836 -0.395856 0.499182 -0.400009 -0.400262 0.500052
-0.399817 -0.395366 0.499085 -0.400009 -0.400258 0.500051
-0.399798 -0.394876 0.498989 -0.400009 -0.400253 0.50005
-0.399778 -0.394386 0.498892 -0.400009 -0.400246 0.500049
-0.399759 -0.393895 0.498795 -0.400008 -0.400236 0.500047
-0.39974 -0.393405 0.498698 -0.400008 -0.400223 0.500044
-0.39972 -0.392915 0.498602 -0.400007 -0.400207 0.500041
-0.399701 -0.392425 0.498505 -0.400007 -0.400187 0.500037
-0.399682 -0.391935 0.498408 -0.400006 -0.400164 0.500032
-0.399662 -0.391444 0.498311 -0.400005 -0.400135 0.500027
-0.399643 -0.390954 0.498215 -0.400003 -0.400103 0.500021
-0.399624 -0.390464 0.498118 -0.400002 -0.400065 0.500013
-0.399604 -0.389974 0.498021 -0.400001 -0.400022 0.500005
-0.399585 -0.389484 0.497924 -0.399999 -0.399974 0.499996
-0.399566 -0.388994 0.497828 -0.399997 -0.399919 0.499985
-0.399546 -0.388503 0.497731 -0.399995 -0.399859 0.499973
-0.399527 -0.388013 0.497634 -0.399993 -0.399792 0.49996
-0.399507 -0.387523 0.497537 -0.39999 -0.399719 0.499946
-0.399488 -0.387033 0.497441 -0.399987 -0.399639 0.499931
-0.399469 -0.386543 0.497344 -0.399984 -0.399553 0.499914
-0.399449 -0.386053 0.497247 -0.399981 -0.39946 0.499896
-0.39943 -0.385562 0.49715 -0.399978 -0.39936 0.499877
-0.399411 -0.385072 0.497054 -0.399974 -0.399254 0.499857
-0.399391 -0.384582 0.496957 -0.399971 -0.399142 0.499835
-0.399372 -0.384092 0.49686 -0.399967 -0.399023 0.499812
-0.399353 -0.383602 0.496764 -0.399963 -0.398897 0.499788
-0.399333 -0.383112 0.496667 -0.399958 -0.398764 0.499763
-0.399314 -0.382621 0.49657 -0.399954 -0.398624 0.499736
-0.399295 -0.382131 0.496473 -0.399949 -0.398478 0.499708
-0.399275 -0.381641 0.496377 -0.399944 -0.398325 0.499678
-0.399256 -0.381151 0.49628 -0.399939 -0.398165 0.499648
-0.399237 -0.380661 0.496183 -0.399933 -0.397998 0.499616
-0.399217 -0.380171 0.496086 -0.399928 -0.397824 0.499583
-0.399198 -0.37968 0.49599 -0.399922 -0.397644 0.499548
-0.399179 -0.37919 0.495893 -0.39991 -0.397264 0.499475
-0.399159 -0.3787 0.495796 -0.399903 -0.397064 0.499437
-0.39914 -0.37821 0.495699 -0.399897 -0.396858 0.499398
-0.399121 -0.37772 0.495603 -0.39989 -0.396645 0.499357
-0.399101 -0.37723 0.495506 -0.399883 -0.396425 0.499315
-0.399082 -0.376739 0.495409 -0.399876 -0.3962 0.499272
-0.399062 -0.376249 0.495312 -0.399861 -0.39573 0.499182
-0.399043 -0.375759 0.495216 -0.399853 -0.395486 0.499136
-0.399024 -0.375269 0.495119 -0.399845 -0.395235 0.499088
-0.399004 -0.374779 0.495022 -0.399837 -0.39498 0.499039
-0.398985 -0.374289 0.494925 -0.399829 -0.394718 0.498989
-0.398966 -0.373798 0.494829 -0.399812 -0.39418 0.498886
-0.398946 -0.373308 0.494732 -0.399803 -0.393904 0.498833
-0.398927 -0.372818 0.494635 -0.399794 -0.393623 0.49878
-0.398908 -0.372328 0.494538 -0.399785 -0.393339 0.498725
-0.398888 -0.371838 0.494442 -0.399776 -0.39305 0.49867
-0.398869 -0.371348 0.494345 -0.399766 -0.392756 0.498614
-0.39885 -0.370857 0.494248 -0.399756 -0.392459 0.498557
-0.39883 -0.370367 0.494151 -0.399747 -0.392157 0.498499
-0.398811 -0.369877 0.494055 -0.399737 -0.391851 0.49844
-0.398792 -0.369387 0.493958 -0.399727 -0.39154 0.49838
-0.398772 -0.368897 0.493861 -0.399716 -0.391225 0.49832
-0.398753 -0.368407 0.493764 -0.399706 -0.390907 0.498259
-0.398734 -0.367916 0.493668 -0.399695 -0.390584 0.498197
-0.398714 -0.367426 0.493571 -0.399685 -0.390257 0.498134
-0.398695 -0.366936 0.493474 -0.399674 -0.389926 0.49807
-0.398675 -0.366446 0.493377 -0.399663 -0.389591 0.498006
-0.398656 -0.365956 0.493281 -0.399651 -0.389252 0.497941
-0.398637 -0.365466 0.493184 -0.399629 -0.388563 0.497808
-0.398617 -0.364975 0.493087 -0.399617 -0.388213 0.497741
-0.398598 -0.364485 0.49299 -0.399605 -0.38786 0.497673
-0.398579 -0.363995 0.492894 -0.399593 -0.387504 0.497604
-0.398559 -0.363505 0.492797 -0.399581 -0.387144 0.497535
-0.39854 -0.363015 0.4927 -0.399569 -0.386781 0.497465
-0.398521 -0.362524 0.492604 -0.399557 -0.386415 0.497394
-0.398501 -0.362034 0.492507 -0.399544 -0.386045 0.497323
-0.398482 -0.361544 0.49241 -0.399532 -0.385673 0.497251
-0.398463 -0.361054 0.492313 -0.399519 -0.385297 0.497179
-0.398443 -0.360564 0.492217 -0.399506 -0.384918 0.497106
-0.398424 -0.360074 0.49212 -0.399493 -0.384537 0.497032
-0.398405 -0.359583 0.492023 -0.39948 -0.384152 0.496957
-0.398385 -0.359093 0.491926 -0.399466 -0.383765 0.496883
-0.398366 -0.358603 0.49183 -0.399453 -0.383375 0.496807
-0.398347 -0.358113 0.491733 -0.39944 -0.382982 0.496731
-0.398327 -0.357623 0.491636 -0.399426 -0.382586 0.496655
-0.398308 -0.357133 0.491539 -0.399412 -0.382188 0.496577
-0.398289 -0.356642 0.491443 -0.399398 -0.381788 0.4965
-0.398269 -0.356152 0.491346 -0.399384 -0.381385 0.496422
-0.39825 -0.355662 0.491249 -0.39937 -0.38098 0.496343
-0.39823 -0.355172 0.491152 -0.399356 -0.380573 0.496264
-0.398211 -0.354682 0.491056 -0.399342 -0.380164 0.496185
-0.398192 -0.354192 0.490959 -0.399327 -0.379753 0.496105
-0.398172 -0.353701 0.490862 -0.399313 -0.37934 0.496025
-0.398153 -0.353211 0.490765 -0.399298 -0.378924 0.495944
-0.398134 -0.352721 0.490669 -0.399283 -0.378506 0.495863
-0.398114 -0.352231 0.490572 -0.399268 -0.378087 0.495781
-0.398095 -0.351741 0.490475 -0.399253 -0.377665 0.495699
-0.398076 -0.351251 0.490378 -0.399238 -0.377242 0.495617
-0.398056 -0.35076 0.490282 -0.399223 -0.376817 0.495534
-0.398037 -0.35027 0.490185 -0.399192 -0.375962 0.495368
-0.398018 -0.34978 0.490088 -0.399177 -0.375532 0.495284
-0.397998 -0.34929 0.489991 -0.399161 -0.3751 0.4952
-0.397979 -0.3488 0.489895 -0.399146 -0.374666 0.495115
-0.39796 -0.34831 0.489798 -0.39913 -0.374231 0.49503
-0.39794 -0.347819 0.489701 -0.399114 -0.373794 0.494945
-0.397921 -0.347329 0.489604 -0.399098 -0.373356 0.494859
-0.397902 -0.346839 0.489508 -0.399082 -0.372917 0.494774
-0.397882 -0.346349 0.489411 -0.399066 -0.372476 0.494687
-0.397863 -0.345859 0.489314 -0.39905 -0.372034 0.494601
-0.397843 -0.345369 0.489217 -0.399033 -0.37159 0.494514
-0.397824 -0.344878 0.489121 -0.399017 -0.371145 0.494427
-0.397805 -0.344388 0.489024 -0.399001 -0.370699 0.49434
-0.397785 -0.343898 0.488927 -0.398984 -0.370251 0.494252
-0.397766 -0.343408 0.488831 -0.398934 -0.368902 0.493988
-0.397747 -0.342918 0.488734 -0.398917 -0.36845 0.4939
-0.397727 -0.342428 0.488637 -0.398901 -0.367997 0.493811
-0.397708 -0.341937 0.48854 -0.398884 -0.367544 0.493722
-0.397689 -0.341447 0.488444 -0.398867 -0.367091 0.493633
-0.397669 -0.340957 0.488347 -0.398833 -0.366187 0.493456
-0.39765 -0.340467 0.48825 -0.398815 -0.365735 0.493367
-0.397631 -0.339977 0.488153 -0.398798 -0.365284 0.493278
-0.397611 -0.339487 0.488057 -0.398781 -0.364833 0.493189
-0.397592 -0.338996 0.48796 -0.398764 -0.364382 0.493101
-0.397573 -0.338506 0.487863 -0.398746 -0.363931 0.493012
-0.397553 -0.338016 0.487766 -0.398729 -0.36348 0.492923
-0.397534 -0.337526 0.48767 -0.398711 -0.363029 0.492834
-0.397515 -0.337036 0.487573 -0.398694 -0.362578 0.492745
-0.397495 -0.336546 0.487476 -0.398677 -0.362127 0.492656
-0.397476 -0.336055 0.487379 -0.398659 -0.361676 0.492567
-0.397457 -0.335565 0.487283 -0.398641 -0.361225 0.492478
-0.397437 -0.335075 0.487186 -0.398624 -0.360774 0.492389
-0.397418 -0.334585 0.487089 -0.398606 -0.360323 0.4923
-0.397398 -0.334095 0.486992 -0.398589 -0.359871 0.492211
-0.397379 -0.333604 0.486896 -0.398571 -0.35942 0.492122
-0.39736 -0.333114 0.486799 -0.398553 -0.358969 0.492033
-0.39734 -0.332624 0.486702 -0.398535 -0.358518 0.491944
-0.397321 -0.332134 0.486605 -0.398518 -0.358067 0.491855
-0.397302 -0.331644 0.486509 -0.3985 -0.357616 0.491765
-0.397282 -0.331154 0.486412 -0.398482 -0.357165 0.491676
-0.397263 -0.330663 0.486315 -0.398464 -0.356714 0.491587
-0.397244 -0.330173 0.486218 -0.398447 -0.356263 0.491498
-0.397224 -0.329683 0.486122 -0.398429 -0.355811 0.491409
-0.397205 -0.329193 0.486025 -0.398393 -0.354908 0.49123
-0.397186 -0.328703 0.485928 -0.398375 -0.354456 0.49114
-0.397166 -0.328213 0.485831 -0.398357 -0.354004 0.491051
-0.397147 -0.327722 0.485735 -0.39834 -0.353551 0.490961
-0.397128 -0.327232 0.485638 -0.398322 -0.353099 0.490872
-0.397108 -0.326742 0.485541 -0.398304 -0.352646 0.490782
-0.397089 -0.326252 0.485444 -0.398286 -0.352192 0.490693
-0.39707 -0.325762 0.485348 -0.398268 -0.351738 0.490603
-0.39705 -0.325272 0.485251 -0.39825 -0.351284 0.490513
-0.397031 -0.324781 0.485154 -0.398232 -0.35083 0.490423
-0.397011 -0.324291 0.485057 -0.398214 -0.350374 0.490333
-0.396992 -0.323801 0.484961 -0.398196 -0.349919 0.490243
-0.396973 -0.323311 0.484864 -0.398178 -0.349463 0.490153
-0.396953 -0.322821 0.484767 -0.39816 -0.349006 0.490062
-0.396934 -0.322331 0.484671 -0.398142 -0.348549 0.489972
-0.396915 -0.32184 0.484574 -0.398124 -0.348092 0.489882
-0.396895 -0.32135 0.484477 -0.398088 -0.347178 0.489701
-0.396876 -0.32086 0.48438 -0.39807 -0.346721 0.48961
-0.396857 -0.32037 0.484284 -0.398052 -0.346265 0.48952
-0.396837 -0.31988 0.484187 -0.398034 -0.345809 0.48943
-0.396818 -0.31939 0.48409 -0.398016 -0.345353 0.48934
-0.396799 -0.318899 0.483993 -0.397998 -0.344896 0.489249
-0.396779 -0.318409 0.483897 -0.39798 -0.344439 0.489159
-0.39676 -0.317919 0.4838 -0.397962 -0.343982 0.489068
-0.396741 -0.317429 0.483703 -0.397944 -0.343525 0.488978
-0.396721 -0.316939 0.483606 -0.397907 -0.342609 0.488797
-0.396702 -0.316449 0.48351 -0.397889 -0.34215 0.488706
-0.396683 -0.315958 0.483413 -0.397871 -0.341691 0.488615
-0.396663 -0.315468 0.483316 -0.397853 -0.341232 0.488524
-0.396644 -0.314978 0.483219 -0.397835 -0.340773 0.488433
-0.396625 -0.314488 0.483123 -0.397817 -0.340313 0.488343
-0.396605 -0.313998 0.483026 -0.397799 -0.339854 0.488252
-0.396586 -0.313508 0.482929 -0.397781 -0.339396 0.488161
-0.396566 -0.313017 0.482832 -0.397763 -0.338938 0.48807
-0.396547 -0.312527 0.482736 -0.397745 -0.33848 0.48798
-0.396528 -0.312037 0.482639 -0.397726 -0.338023 0.487889
-0.396508 -0.311547 0.482542 -0.397708 -0.337565 0.487799
-0.396489 -0.311057 0.482445 -0.39769 -0.337107 0.487708
-0.39647 -0.310567 0.482349 -0.397672 -0.336649 0.487617
-0.39645 -0.310076 0.482252 -0.397654 -0.336192 0.487527
-0.396431 -0.309586 0.482155 -0.397636 -0.335735 0.487436
-0.396412 -0.309096 0.482058 -0.397618 -0.335277 0.487346
-0.396392 -0.308606 0.481962 -0.3976 -0.33482 0.487255
-0.396373 -0.308116 0.481865 -0.397581 -0.334362 0.487165
-0.396354 -0.307626 0.481768 -0.397563 -0.333904 0.487074
-0.396334 -0.307135 0.481671 -0.397545 -0.333446 0.486983
-0.396315 -0.306645 0.481575 -0.397527 -0.332988 0.486893
-0.396296 -0.306155 0.481478 -0.397509 -0.332531 0.486802
-0.396276 -0.305665 0.481381 -0.397491 -0.332073 0.486712
-0.396257 -0.305175 0.481284 -0.397473 -0.331616 0.486621
-0.396238 -0.304684 0.481188 -0.397437 -0.330702 0.48644
-0.396218 -0.304194 0.481091 -0.397418 -0.330244 0.48635
-0.396199 -0.303704 0.480994 -0.3974 -0.329786 0.486259
-0.396179 -0.303214 0.480897 -0.397382 -0.329328 0.486168
-0.39616 -0.302724 0.480801 -0.397364 -0.32887 0.486078
-0.396141 -0.302234 0.480704 -0.397328 -0.327953 0.485896
-0.396121 -0.301743 0.480607 -0.39731 -0.327495 0.485806
-0.396102 -0.301253 0.480511 -0.397292 -0.327037 0.485715
-0.396083 -0.300763 0.480414 -0.397274 -0.326578 0.485624
-0.396063 -0.300273 0.480317 -0.397256 -0.32612 0.485534
-0.396044 -0.299783 0.48022 -0.397237 -0.325663 0.485443
-0.396025 -0.299293 0.480124 -0.397219 -0.325205 0.485353
-0.396005 -0.298802 0.480027 -0.397201 -0.324748 0.485262
-0.395986 -0.298312 0.47993 -0.397183 -0.324291 0.485172
-0.395967 -0.297822 0.479833 -0.397165 -0.323835 0.485081
-0.395947 -0.297332 0.479737 -0.397147 -0.323379 0.484991
-0.395928 -0.296842 0.47964 -0.397111 -0.322467 0.484811
-0.395909 -0.296352 0.479543 -0.397093 -0.322011 0.48472
-0.395889 -0.295861 0.479446 -0.397075 -0.321556 0.48463
-0.39587 -0.295371 0.47935 -0.397057 -0.3211 0.48454
-0.395851 -0.294881 0.479253 -0.397039 -0.320644 0.48445
-0.395831 -0.294391 0.479156 -0.397021 -0.320188 0.48436
-0.395812 -0.293901 0.479059 -0.397003 -0.319732 0.484269
-0.395793 -0.293411 0.478963 -0.396985 -0.319276 0.484179
-0.395773 -0.29292 0.478866 -0.396967 -0.31882 0.484089
-0.395754 -0.29243 0.478769 -0.396949 -0.318363 0.483999
-0.395734 -0.29194 0.478672 -0.396931 -0.317907 0.483908
-0.395715 -0.29145 0.478576 -0.396913 -0.31745 0.483818
-0.395696 -0.29096 0.478479 -0.396895 -0.316993 0.483728
-0.395676 -0.29047 0.478382 -0.396877 -0.316536 0.483637
-0.395657 -0.289979 0.478285 -0.396859 -0.316079 0.483547
-0.395638 -0.289489 0.478189 -0.396841 -0.315621 0.483456
-0.395618 -0.288999 0.478092 -0.396823 -0.315163 0.483366
-0.395599 -0.288509 0.477995 -0.396805 -0.314705 0.483275
-0.39558 -0.288019 0.477898 -0.396787 -0.314247 0.483184
-0.39556 -0.287529 0.477802 -0.396751 -0.31333 0.483003
-0.395541 -0.287038 0.477705 -0.396733 -0.312871 0.482912
-0.395522 -0.286548 0.477608 -0.396715 -0.312412 0.482822
-0.395502 -0.286058 0.477511 -0.396697 -0.311952 0.482731
-0.395483 -0.285568 0.477415 -0.396679 -0.311493 0.48264
-0.395464 -0.285078 0.477318 -0.396661 -0.311034 0.482549
-0.395444 -0.284588 0.477221 -0.396643 -0.310575 0.482458
-0.395425 -0.284097 0.477124 -0.396625 -0.310115 0.482368
-0.395406 -0.283607 0.477028 -0.396607 -0.309655 0.482277
-0.395386 -0.283117 0.476931 -0.396588 -0.309196 0.482186
-0.395367 -0.282627 0.476834 -0.39657 -0.308736 0.482095
-0.395348 -0.282137 0.476738 -0.396552 -0.308276 0.482004
-0.395328 -0.281647 0.476641 -0.396534 -0.307816 0.481913
-0.395309 -0.281156 0.476544 -0.396516 -0.307356 0.481822
-0.395289 -0.280666 0.476447 -0.39648 -0.306435 0.48164
-0.39527 -0.280176 0.476351 -0.396462 -0.305974 0.481549
-0.395251 -0.279686 0.476254 -0.396444 -0.305512 0.481458
-0.395231 -0.279196 0.476157 -0.396426 -0.305051 0.481367
-0.395212 -0.278705 0.47606 -0.396408 -0.304589 0.481276
-0.395193 -0.278215 0.475964 -0.39639 -0.304127 0.481184
-0.395173 -0.277725 0.475867 -0.396372 -0.303665 0.481093
-0.395154 -0.277235 0.47577 -0.396354 -0.303203 0.481002
-0.395135 -0.276745 0.475673 -0.396336 -0.302741 0.480911
-0.395115 -0.276255 0.475577 -0.396318 -0.302279 0.480819
-0.395096 -0.275764 0.47548 -0.3963 -0.301817 0.480728
-0.395077 -0.275274 0.475383 -0.396282 -0.301355 0.480637
-0.395057 -0.274784 0.475286 -0.396264 -0.300893 0.480545
-0.395038 -0.274294 0.47519 -0.396246 -0.300431 0.480454
-0.395019 -0.273804 0.475093 -0.396228 -0.299968 0.480363
-0.394999 -0.273314 0.474996 -0.39621 -0.299506 0.480271
-0.39498 -0.272823 0.474899 -0.396192 -0.299043 0.48018
-0.394961 -0.272333 0.474803 -0.396174 -0.29858 0.480088
-0.394941 -0.271843 0.474706 -0.396156 -0.298118 0.479997
-0.394922 -0.271353 0.474609 -0.396138 -0.297656 0.479906
-0.394902 -0.270863 0.474512 -0.396119 -0.297193 0.479814
-0.394883 -0.270373 0.474416 -0.396101 -0.296731 0.479723
-0.394864 -0.269882 0.474319 -0.396083 -0.296269 0.479632
-0.394844 -0.269392 0.474222 -0.396065 -0.295807 0.47954
-0.394825 -0.268902 0.474125 -0.396047 -0.295344 0.479449
-0.394806 -0.268412 0.474029 -0.396029 -0.294882 0.479358
-0.394786 -0.267922 0.473932 -0.396011 -0.294419 0.479266
-0.394767 -0.267432 0.473835 -0.395993 -0.293956 0.479175
-0.394748 -0.266941 0.473738 -0.395957 -0.293029 0.478992
-0.394728 -0.266451 0.473642 -0.395939 -0.292566 0.4789
-0.394709 -0.265961 0.473545 -0.39592 -0.292103 0.478809
-0.39469 -0.265471 0.473448 -0.395902 -0.29164 0.478717
-0.39467 -0.264981 0.473351 -0.395884 -0.291176 0.478625
-0.394651 -0.264491 0.473255 -0.395866 -0.290713 0.478534
-0.394632 -0.264 0.473158 -0.395848 -0.29025 0.478442
-0.394612 -0.26351 0.473061 -0.39583 -0.289787 0.478351
-0.394593 -0.26302 0.472964 -0.395812 -0.289325 0.47826
-0.394574 -0.26253 0.472868 -0.395794 -0.288863 0.478168
-0.394554 -0.26204 0.472771 -0.395775 -0.2884 0.478077
-0.394535 -0.26155 0.472674 -0.395757 -0.287938 0.477985
-0.394516 -0.261059 0.472578 -0.395739 -0.287475 0.477894
-0.394496 -0.260569 0.472481 -0.395721 -0.287012 0.477802
-0.394477 -0.260079 0.472384 -0.395703 -0.286549 0.477711
-0.394457 -0.259589 0.472287 -0.395685 -0.286086 0.477619
-0.394438 -0.259099 0.472191 -0.395667 -0.285623 0.477528
-0.394419 -0.258609 0.472094 -0.395649 -0.285161 0.477436
-0.394399 -0.258118 0.471997 -0.39563 -0.284698 0.477345
-0.39438 -0.257628 0.4719 -0.395612 -0.284235 0.477253
-0.394361 -0.257138 0.471804 -0.395594 -0.283772 0.477162
-0.394341 -0.256648 0.471707 -0.395558 -0.282845 0.476979
-0.394322 -0.256158 0.47161 -0.39554 -0.282381 0.476887
-0.394303 -0.255668 0.471513 -0.395522 -0.281918 0.476795
-0.394283 -0.255177 0.471417 -0.395504 -0.281454 0.476704
-0.394264 -0.254687 0.47132 -0.395485 -0.28099 0.476612
-0.394245 -0.254197 0.471223 -0.395467 -0.280525 0.47652
-0.394225 -0.253707 0.471126 -0.395449 -0.280061 0.476429
-0.394206 -0.253217 0.47103 -0.395431 -0.279596 0.476337
-0.394187 -0.252727 0.470933 -0.395413 -0.279131 0.476245
-0.394167 -0.252236 0.470836 -0.395395 -0.278665 0.476153
-0.394148 -0.251746 0.470739 -0.395377 -0.2782 0.476061
-0.394129 -0.251256 0.470643 -0.395358 -0.277734 0.475969
-0.394109 -0.250766 0.470546 -0.39534 -0.277267 0.475877
-0.39409 -0.250276 0.470449 -0.395322 -0.276801 0.475784
-0.39407 -0.249785 0.470352 -0.395304 -0.276334 0.475692
-0.394051 -0.249295 0.470256 -0.395286 -0.275867 0.4756
-0.394032 -0.248805 0.470159 -0.395268 -0.275401 0.475508
-0.394012 -0.248315 0.470062 -0.395249 -0.274935 0.475416
-0.393993 -0.247825 0.469965 -0.395231 -0.27447 0.475324
-0.393974 -0.247335 0.469869 -0.395213 -0.274004 0.475232
-0.393954 -0.246844 0.469772 -0.395195 -0.273539 0.47514
-0.393935 -0.246354 0.469675 -0.395177 -0.273074 0.475048
-0.393916 -0.245864 0.469578 -0.395158 -0.272609 0.474956
-0.393896 -0.245374 0.469482 -0.39514 -0.272143 0.474864
-0.393877 -0.244884 0.469385 -0.395122 -0.271677 0.474772
-0.393858 -0.244394 0.469288 -0.395104 -0.271212 0.47468
-0.393838 -0.243903 0.469191 -0.395086 -0.270745 0.474588
-0.393819 -0.243413 0.469095 -0.395067 -0.270279 0.474496
-0.3938 -0.242923 0.468998 -0.395049 -0.269813 0.474403
-0.39378 -0.242433 0.468901 -0.395031 -0.269346 0.474311
-0.393761 -0.241943 0.468804 -0.395013 -0.268879 0.474219
-0.393742 -0.241453 0.468708 -0.394995 -0.268412 0.474127
-0.393722 -0.240962 0.468611 -0.394976 -0.267944 0.474034
-0.393703 -0.240472 0.468514 -0.394958 -0.267477 0.473942
-0.393684 -0.239982 0.468418 -0.394922 -0.26654 0.473757
-0.393664 -0.239492 0.468321 -0.394903 -0.266071 0.473664
-0.393645 -0.239002 0.468224 -0.394885 -0.265602 0.473572
-0.393625 -0.238512 0.468127 -0.394867 -0.265133 0.473479
-0.393606 -0.238021 0.468031 -0.394849 -0.264663 0.473386
-0.393587 -0.237531 0.467934 -0.39483 -0.264193 0.473293
-0.393567 -0.237041 0.467837 -0.394812 -0.263723 0.4732
-0.393548 -0.236551 0.46774 -0.394794 -0.263253 0.473107
-0.393529 -0.236061 0.467644 -0.394776 -0.262782 0.473014
-0.393509 -0.235571 0.467547 -0.394757 -0.262311 0.472921
-0.39349 -0.23508 0.46745 -0.394739 -0.261839 0.472828
-0.393471 -0.23459 0.467353 -0.394721 -0.261368 0.472735
-0.393451 -0.2341 0.467257 -0.394703 -0.260896 0.472642
-0.393432 -0.23361 0.46716 -0.394684 -0.260425 0.472549
-0.393413 -0.23312 0.467063 -0.394666 -0.259954 0.472456
-0.393393 -0.23263 0.466966 -0.394648 -0.259482 0.472363
-0.393374 -0.232139 0.46687 -0.394629 -0.25901 0.47227
-0.393355 -0.231649 0.466773 -0.394611 -0.258539 0.472176
-0.393335 -0.231159 0.466676 -0.394593 -0.258066 0.472083
-0.393316 -0.230669 0.466579 -0.394556 -0.257122 0.471896
-0.393297 -0.230179 0.466483 -0.394538 -0.256649 0.471803
-0.393277 -0.229689 0.466386 -0.394483 -0.255232 0.471523
-0.393258 -0.229198 0.466289 -0.394464 -0.254759 0.47143
-0.393238 -0.228708 0.466192 -0.394446 -0.254287 0.471336
-0.393219 -0.228218 0.466096 -0.394427 -0.253815 0.471243
-0.3932 -0.227728 0.465999 -0.394409 -0.253344 0.47115
-0.39318 -0.227238 0.465902 -0.394372 -0.252407 0.470965
-0.393161 -0.226748 0.465805 -0.394354 -0.251942 0.470873
-0.393142 -0.226257 0.465709 -0.394335 -0.251478 0.470781
-0.393122 -0.225767 0.465612 -0.394317 -0.251015 0.470689
-0.393103 -0.225277 0.465515 -0.394298 -0.250553 0.470598
-0.393084 -0.224787 0.465418 -0.39428 -0.250092 0.470506
-0.393064 -0.224297 0.465322 -0.394261 -0.249632 0.470415
-0.393045 -0.223807 0.465225 -0.394243 -0.249172 0.470324
-0.393026 -0.223316 0.465128 -0.394225 -0.248713 0.470233
-0.393006 -0.222826 0.465031 -0.394206 -0.248255 0.470142
-0.392987 -0.222336 0.464935 -0.394188 -0.247797 0.470052
-0.392968 -0.221846 0.464838 -0.39417 -0.24734 0.469961
-0.392948 -0.221356 0.464741 -0.394151 -0.246883 0.469871
-0.392929 -0.220865 0.464645 -0.394133 -0.246427 0.46978
-0.39291 -0.220375 0.464548 -0.394115 -0.24597 0.46969
-0.39289 -0.219885 0.464451 -0.394096 -0.245515 0.4696
-0.392871 -0.219395 0.464354 -0.394078 -0.245059 0.469509
-0.392852 -0.218905 0.464258 -0.39406 -0.244604 0.469419
-0.392832 -0.218415 0.464161 -0.394041 -0.244148 0.469329
-0.392813 -0.217924 0.464064 -0.394023 -0.243693 0.469239
-0.392793 -0.217434 0.463967 -0.394005 -0.243238 0.469148
-0.392774 -0.216944 0.463871 -0.393987 -0.242782 0.469058
-0.392755 -0.216454 0.463774 -0.393969 -0.242327 0.468968
-0.392735 -0.215964 0.463677 -0.39395 -0.241871 0.468878
-0.392716 -0.215474 0.46358 -0.393932 -0.241416 0.468788
-0.392697 -0.214983 0.463484 -0.393914 -0.24096 0.468697
-0.392677 -0.214493 0.463387 -0.393896 -0.240504 0.468607
-0.392658 -0.214003 0.46329 -0.393878 -0.240048 0.468517
-0.392639 -0.213513 0.463193 -0.39386 -0.239593 0.468427
-0.392619 -0.213023 0.463097 -0.393842 -0.239137 0.468337
-0.3926 -0.212533 0.463 -0.393824 -0.238682 0.468246
-0.392581 -0.212042 0.462903 -0.393806 -0.238226 0.468156
-0.392561 -0.211552 0.462806 -0.393788 -0.23777 0.468066
-0.392542 -0.211062 0.46271 -0.39377 -0.237313 0.467975
-0.392523 -0.210572 0.462613 -0.393752 -0.236856 0.467885
-0.392503 -0.210082 0.462516 -0.393733 -0.236399 0.467795
-0.392484 -0.209592 0.462419 -0.393715 -0.235942 0.467704
-0.392465 -0.209101 0.462323 -0.393697 -0.235485 0.467614
-0.392445 -0.208611 0.462226 -0.393679 -0.235028 0.467523
-0.392426 -0.208121 0.462129 -0.393661 -0.23457 0.467433
-0.392406 -0.207631 0.462032 -0.393626 -0.233654 0.467252
-0.392387 -0.207141 0.461936 -0.393608 -0.233196 0.467161
-0.392368 -0.206651 0.461839 -0.39359 -0.232739 0.467071
-0.392348 -0.20616 0.461742 -0.393572 -0.232281 0.46698
-0.392329 -0.20567 0.461645 -0.393554 -0.231823 0.46689
-0.39231 -0.20518 0.461549 -0.393536 -0.231366 0.466799
-0.39229 -0.20469 0.461452 -0.393518 -0.230908 0.466709
-0.392271 -0.2042 0.461355 -0.3935 -0.230449 0.466618
-0.392252 -0.20371 0.461258 -0.393482 -0.22999 0.466527
-0.392232 -0.203219 0.461162 -0.393464 -0.22953 0.466436
-0.392213 -0.202729 0.461065 -0.393446 -0.22907 0.466345
-0.392194 -0.202239 0.460968 -0.393428 -0.228609 0.466254
-0.392174 -0.201749 0.460871 -0.39341 -0.228148 0.466163
-0.392155 -0.201259 0.460775 -0.393392 -0.227686 0.466072
-0.392136 -0.200769 0.460678 -0.393374 -0.227224 0.465981
-0.392116 -0.200278 0.460581 -0.393356 -0.226762 0.465889
-0.392097 -0.199788 0.460485 -0.393338 -0.226298 0.465798
-0.392078 -0.199298 0.460388 -0.39332 -0.225835 0.465706
-0.392058 -0.198808 0.460291 -0.393302 -0.225371 0.465614
-0.392039 -0.198318 0.460194 -0.393284 -0.224908 0.465523
-0.39202 -0.197828 0.460098 -0.393267 -0.224444 0.465431
-0.392 -0.197337 0.460001 -0.393249 -0.22398 0.46534
-0.391981 -0.196847 0.459904 -0.393231 -0.223516 0.465248
-0.391961 -0.196357 0.459807 -0.393213 -0.223051 0.465156
-0.391942 -0.195867 0.459711 -0.393195 -0.222587 0.465064
-0.391923 -0.195377 0.459614 -0.393177 -0.222122 0.464973
-0.391903 -0.194886 0.459517 -0.393159 -0.221657 0.464881
-0.391884 -0.194396 0.45942 -0.393141 -0.221192 0.464789
-0.391865 -0.193906 0.459324 -0.393123 -0.220727 0.464697
-0.391845 -0.193416 0.459227 -0.393087 -0.219795 0.464513
-0.391826 -0.192926 0.45913 -0.393069 -0.219329 0.464421
-0.391807 -0.192436 0.459033 -0.393051 -0.218863 0.464329
-0.391787 -0.191945 0.458937 -0.393032 -0.218396 0.464237
-0.391768 -0.191455 0.45884 -0.393014 -0.21793 0.464144
-0.391749 -0.190965 0.458743 -0.392996 -0.217462 0.464052
-0.391729 -0.190475 0.458646 -0.392978 -0.216995 0.46396
-0.39171 -0.189985 0.45855 -0.39296 -0.216527 0.463867
-0.391691 -0.189495 0.458453 -0.392942 -0.216059 0.463775
-0.391671 -0.189004 0.458356 -0.392924 -0.215591 0.463682
-0.391652 -0.188514 0.458259 -0.392906 -0.215122 0.46359
-0.391633 -0.188024 0.458163 -0.392888 -0.214653 0.463497
-0.391613 -0.187534 0.458066 -0.39287 -0.214184 0.463404
-0.391594 -0.187044 0.457969 -0.392852 -0.213714 0.463312
-0.391574 -0.186554 0.457872 -0.392834 -0.213244 0.463219
-0.391555 -0.186063 0.457776 -0.392815 -0.212774 0.463126
-0.391536 -0.185573 0.457679 -0.392797 -0.212304 0.463033
-0.391516 -0.185083 0.457582 -0.392779 -0.211833 0.46294
-0.391497 -0.184593 0.457485 -0.392761 -0.211362 0.462847
-0.391478 -0.184103 0.457389 -0.392743 -0.210891 0.462754
-0.391458 -0.183613 0.457292 -0.392725 -0.210419 0.462661
-0.391439 -0.183122 0.457195 -0.392707 -0.209948 0.462568
-0.39142 -0.182632 0.457098 -0.392688 -0.209476 0.462475
-0.3914 -0.182142 0.457002 -0.39267 -0.209004 0.462381
-0.391381 -0.181652 0.456905 -0.392652 -0.208532 0.462288
-0.391362 -0.181162 0.456808 -0.392634 -0.20806 0.462195
-0.391342 -0.180672 0.456711 -0.392615 -0.207587 0.462101
-0.391323 -0.180181 0.456615 -0.392597 -0.207114 0.462008
-0.391304 -0.179691 0.456518 -0.392579 -0.206641 0.461915
-0.391284 -0.179201 0.456421 -0.392542 -0.205694 0.461728
-0.391265 -0.178711 0.456325 -0.392524 -0.20522 0.461634
-0.391246 -0.178221 0.456228 -0.392506 -0.204747 0.46154
-0.391226 -0.177731 0.456131 -0.392488 -0.204273 0.461447
-0.391207 -0.17724 0.456034 -0.392469 -0.203799 0.461353
-0.391188 -0.17675 0.455938 -0.392451 -0.203326 0.46126
-0.391168 -0.17626 0.455841 -0.392433 -0.202852 0.461166
-0.391149 -0.17577 0.455744 -0.392414 -0.202378 0.461072
-0.391129 -0.17528 0.455647 -0.392396 -0.201904 0.460979
-0.39111 -0.17479 0.455551 -0.392377 -0.201431 0.460885
-0.391091 -0.174299 0.455454 -0.392359 -0.200957 0.460791
-0.391071 -0.173809 0.455357 -0.392341 -0.200483 0.460698
-0.391052 -0.173319 0.45526 -0.392322 -0.200009 0.460604
-0.391033 -0.172829 0.455164 -0.392304 -0.199535 0.46051
-0.391013 -0.172339 0.455067 -0.392285 -0.199061 0.460417
-0.390994 -0.171849 0.45497 -0.392267 -0.198587 0.460323
-0.390975 -0.171358 0.454873 -0.392249 -0.198113 0.460229
-0.390955 -0.170868 0.454777 -0.39223 -0.197639 0.460136
-0.390936 -0.170378 0.45468 -0.392212 -0.197166 0.460042
-0.390917 -0.169888 0.454583 -0.392193 -0.196692 0.459948
-0.390897 -0.169398 0.454486 -0.392175 -0.196219 0.459855
-0.390878 -0.168908 0.45439 -0.392156 -0.195745 0.459761
-0.390859 -0.168417 0.454293 -0.392138 -0.195271 0.459668
-0.390839 -0.167927 0.454196 -0.392119 -0.194798 0.459574
-0.39082 -0.167437 0.454099 -0.392101 -0.194323 0.45948
-0.390801 -0.166947 0.454003 -0.392082 -0.193849 0.459386
-0.390781 -0.166457 0.453906 -0.392064 -0.193375 0.459293
-0.390762 -0.165966 0.453809 -0.392027 -0.192425 0.459105
-0.390742 -0.165476 0.453712 -0.392009 -0.191949 0.459011
-0.390723 -0.164986 0.453616 -0.39199 -0.191474 0.458917
-0.390704 -0.164496 0.453519 -0.391972 -0.190998 0.458823
-0.390684 -0.164006 0.453422 -0.391953 -0.190523 0.458729
-0.390665 -0.163516 0.453325 -0.391935 -0.190047 0.458635
-0.390646 -0.163025 0.453229 -0.391916 -0.189572 0.458541
-0.390626 -0.162535 0.453132 -0.391898 -0.189097 0.458447
-0.390607 -0.162045 0.453035 -0.391879 -0.188622 0.458353
-0.390588 -0.161555 0.452938 -0.39186 -0.188148 0.458259
-0.390568 -0.161065 0.452842 -0.391842 -0.187673 0.458165
-0.390549 -0.160575 0.452745 -0.391823 -0.187199 0.458072
-0.39053 -0.160084 0.452648 -0.391805 -0.186725 0.457978
-0.39051 -0.159594 0.452552 -0.391786 -0.18625 0.457884
-0.390491 -0.159104 0.452455 -0.391768 -0.185776 0.45779
-0.390472 -0.158614 0.452358 -0.391749 -0.185302 0.457697
-0.390452 -0.158124 0.452261 -0.391731 -0.184829 0.457603
-0.390433 -0.157634 0.452165 -0.391712 -0.184355 0.457509
-0.390414 -0.157143 0.452068 -0.391693 -0.183882 0.457416
-0.390394 -0.156653 0.451971 -0.391656 -0.182936 0.457229
-0.390375 -0.156163 0.451874 -0.391638 -0.182464 0.457135
-0.390356 -0.155673 0.451778 -0.391619 -0.181993 0.457042
-0.390336 -0.155183 0.451681 -0.3916 -0.181522 0.456949
-0.390317 -0.154693 0.451584 -0.391582 -0.181052 0.456856
-0.390297 -0.154202 0.451487 -0.391563 -0.180582 0.456763
-0.390278 -0.153712 0.451391 -0.391545 -0.180113 0.45667
-0.390259 -0.153222 0.451294 -0.391526 -0.179643 0.456577
-0.390239 -0.152732 0.451197 -0.391508 -0.179173 0.456484
-0.39022 -0.152242 0.4511 -0.391489 -0.178704 0.456391
-0.390201 -0.151752 0.451004 -0.39147 -0.178234 0.456298
-0.390181 -0.151261 0.450907 -0.391452 -0.177764 0.456205
-0.390162 -0.150771 0.45081 -0.391433 -0.177294 0.456112
-0.390143 -0.150281 0.450713 -0.391415 -0.176824 0.456019
-0.390123 -0.149791 0.450617 -0.391396 -0.176354 0.455926
-0.390104 -0.149301 0.45052 -0.391378 -0.175883 0.455833
-0.390085 -0.148811 0.450423 -0.391359 -0.175413 0.45574
-0.390065 -0.14832 0.450326 -0.391341 -0.174942 0.455647
-0.390046 -0.14783 0.45023 -0.391322 -0.174472 0.455554
-0.390027 -0.14734 0.450133 -0.391304 -0.174002 0.455461
-0.390007 -0.14685 0.450036 -0.391285 -0.173533 0.455368
-0.389988 -0.14636 0.449939 -0.391267 -0.173063 0.455275
-0.389969 -0.14587 0.449843 -0.391248 -0.172593 0.455182
-0.389949 -0.145379 0.449746 -0.39123 -0.172123 0.455089
-0.38993 -0.144889 0.449649 -0.391211 -0.171653 0.454996
-0.38991 -0.144399 0.449552 -0.391193 -0.171182 0.454903
-0.389891 -0.143909 0.449456 -0.391174 -0.170712 0.45481
-0.389872 -0.143419 0.449359 -0.391156 -0.170241 0.454717
-0.389852 -0.142929 0.449262 -0.391137 -0.169771 0.454624
-0.389833 -0.142438 0.449165 -0.391119 -0.1693 0.454531
-0.389814 -0.141948 0.449069 -0.391082 -0.168359 0.454345
-0.389794 -0.141458 0.448972 -0.391063 -0.167888 0.454252
-0.389775 -0.140968 0.448875 -0.391045 -0.167417 0.454158
-0.389756 -0.140478 0.448778 -0.391026 -0.166945 0.454065
-0.389736 -0.139988 0.448682 -0.391008 -0.166474 0.453972
-0.389717 -0.139497 0.448585 -0.39099 -0.166003 0.453879
-0.389698 -0.139007 0.448488 -0.390971 -0.165531 0.453785
-0.389678 -0.138517 0.448392 -0.390953 -0.16506 0.453692
-0.389659 -0.138027 0.448295 -0.390934 -0.164588 0.453599
-0.38964 -0.137537 0.448198 -0.390916 -0.164117 0.453506
-0.38962 -0.137046 0.448101 -0.390897 -0.163645 0.453412
-0.389601 -0.136556 0.448005 -0.390879 -0.163173 0.453319
-0.389582 -0.136066 0.447908 -0.39086 -0.162701 0.453226
-0.389562 -0.135576 0.447811 -0.390842 -0.162229 0.453132
-0.389543 -0.135086 0.447714 -0.390823 -0.161756 0.453039
-0.389524 -0.134596 0.447618 -0.390805 -0.161284 0.452945
-0.389504 -0.134105 0.447521 -0.390787 -0.160811 0.452852
-0.389485 -0.133615 0.447424 -0.390768 -0.160338 0.452758
-0.389465 -0.133125 0.447327 -0.39075 -0.159866 0.452665
-0.389446 -0.132635 0.447231 -0.390731 -0.159394 0.452572
-0.389427 -0.132145 0.447134 -0.390713 -0.158923 0.452478
-0.389407 -0.131655 0.447037 -0.390694 -0.158453 0.452385
-0.389388 -0.131164 0.44694 -0.390676 -0.157982 0.452292
-0.389369 -0.130674 0.446844 -0.390657 -0.157512 0.452199
-0.389349 -0.130184 0.446747 -0.390639 -0.157041 0.452106
-0.38933 -0.129694 0.44665 -0.39062 -0.15657 0.452013
-0.389311 -0.129204 0.446553 -0.390602 -0.156099 0.45192
-0.389291 -0.128714 0.446457 -0.390584 -0.155627 0.451826
-0.389272 -0.128223 0.44636 -0.390565 -0.155155 0.451733
-0.389253 -0.127733 0.446263 -0.390547 -0.154683 0.45164
-0.389233 -0.127243 0.446166 -0.39051 -0.153737 0.451453
-0.389214 -0.126753 0.44607 -0.390491 -0.153264 0.451359
-0.389195 -0.126263 0.445973 -0.390473 -0.15279 0.451265
-0.389175 -0.125773 0.445876 -0.390454 -0.152317 0.451172
-0.389156 -0.125282 0.445779 -0.390436 -0.151843 0.451078
-0.389137 -0.124792 0.445683 -0.390418 -0.151369 0.450984
-0.389117 -0.124302 0.445586 -0.390399 -0.150895 0.450891
-0.389098 -0.123812 0.445489 -0.390381 -0.150422 0.450797
-0.389078 -0.123322 0.445392 -0.390362 -0.149948 0.450703
-0.389059 -0.122832 0.445296 -0.390344 -0.149474 0.45061
-0.38904 -0.122341 0.445199 -0.390325 -0.149 0.450516
-0.38902 -0.121851 0.445102 -0.390307 -0.148526 0.450422
-0.389001 -0.121361 0.445005 -0.390288 -0.148051 0.450328
-0.388982 -0.120871 0.444909 -0.39027 -0.147577 0.450234
-0.388962 -0.120381 0.444812 -0.390233 -0.146629 0.450047
-0.388943 -0.119891 0.444715 -0.390214 -0.146155 0.449953
-0.388924 -0.1194 0.444618 -0.390196 -0.145682 0.44986
-0.388904 -0.11891 0.444522 -0.390177 -0.145208 0.449766
-0.388885 -0.11842 0.444425 -0.390159 -0.144736 0.449672
-0.388866 -0.11793 0.444328 -0.39014 -0.144263 0.449579
-0.388846 -0.11744 0.444232 -0.390122 -0.143791 0.449486
-0.388827 -0.11695 0.444135 -0.390103 -0.143318 0.449392
-0.388808 -0.116459 0.444038 -0.390085 -0.142846 0.449299
-0.388788 -0.115969 0.443941 -0.390066 -0.142375 0.449205
-0.388769 -0.115479 0.443845 -0.390048 -0.141903 0.449112
-0.38875 -0.114989 0.443748 -0.390029 -0.141431 0.449019
-0.38873 -0.114499 0.443651 -0.390011 -0.14096 0.448926
-0.388711 -0.114009 0.443554 -0.389992 -0.140489 0.448832
-0.388692 -0.113518 0.443458 -0.389974 -0.140017 0.448739
-0.388672 -0.113028 0.443361 -0.389955 -0.139546 0.448646
-0.388653 -0.112538 0.443264 -0.389937 -0.139075 0.448553
-0.388633 -0.112048 0.443167 -0.389918 -0.138605 0.44846
-0.388614 -0.111558 0.443071 -0.3899 -0.138134 0.448366
-0.388595 -0.111067 0.442974 -0.389881 -0.137664 0.448273
-0.388575 -0.110577 0.442877 -0.389862 -0.137195 0.448181
-0.388556 -0.110087 0.44278 -0.389844 -0.136725 0.448088
-0.388537 -0.109597 0.442684 -0.389825 -0.136254 0.447995
-0.388517 -0.109107 0.442587 -0.389807 -0.135784 0.447901
-0.388498 -0.108617 0.44249 -0.389788 -0.135314 0.447808
-0.388479 -0.108126 0.442393 -0.38977 -0.134843 0.447715
-0.388459 -0.107636 0.442297 -0.389751 -0.134372 0.447622
-0.38844 -0.107146 0.4422 -0.389733 -0.133901 0.447529
-0.388421 -0.106656 0.442103 -0.389714 -0.13343 0.447436
-0.388401 -0.106166 0.442006 -0.389696 -0.132958 0.447342
-0.388382 -0.105676 0.44191 -0.389678 -0.132486 0.447249
-0.388363 -0.105185 0.441813 -0.389659 -0.132015 0.447156
-0.388343 -0.104695 0.441716 -0.389641 -0.131543 0.447062
-0.388324 -0.104205 0.441619 -0.389622 -0.131071 0.446969
-0.388305 -0.103715 0.441523 -0.389604 -0.130599 0.446876
-0.388285 -0.103225 0.441426 -0.389585 -0.130127 0.446782
-0.388266 -0.102735 0.441329 -0.389567 -0.129655 0.446689
-0.388246 -0.102244 0.441232 -0.389548 -0.129183 0.446596
-0.388227 -0.101754 0.441136 -0.38953 -0.128711 0.446502
-0.388208 -0.101264 0.441039 -0.389511 -0.128239 0.446409
-0.388188 -0.100774 0.440942 -0.389493 -0.127768 0.446316
-0.388169 -0.100284 0.440845 -0.389474 -0.127296 0.446222
-0.38815 -0.0997936 0.440749 -0.389437 -0.126352 0.446036
-0.38813 -0.0993034 0.440652 -0.389419 -0.125879 0.445942
-0.388111 -0.0988133 0.440555 -0.3894 -0.125407 0.445849
-0.388092 -0.0983231 0.440459 -0.389382 -0.124935 0.445755
-0.388072 -0.0978329 0.440362 -0.389364 -0.124462 0.445662
-0.388053 -0.0973427 0.440265 -0.389345 -0.12399 0.445569
-0.388034 -0.0968526 0.440168 -0.389327 -0.123519 0.445475
-0.388014 -0.0963624 0.440072 -0.389308 -0.123048 0.445382
-0.387995 -0.0958722 0.439975 -0.38929 -0.122578 0.445289
-0.387976 -0.0953821 0.439878 -0.389271 -0.122108 0.445196
-0.387956 -0.0948919 0.439781 -0.389253 -0.121638 0.445103
-0.387937 -0.0944017 0.439685 -0.389234 -0.121168 0.44501
-0.387918 -0.0939116 0.439588 -0.389216 -0.120697 0.444917
-0.387898 -0.0934214 0.439491 -0.389197 -0.120227 0.444824
-0.387879 -0.0929312 0.439394 -0.389179 -0.119756 0.444731
-0.38786 -0.0924411 0.439298 -0.38916 -0.119285 0.444638
-0.38784 -0.0919509 0.439201 -0.389142 -0.118815 0.444545
-0.387821 -0.0914607 0.439104 -0.389123 -0.118344 0.444452
-0.387801 -0.0909705 0.439007 -0.389105 -0.117873 0.444359
-0.387782 -0.0904804 0.438911 -0.389086 -0.117402 0.444265
-0.387763 -0.0899902 0.438814 -0.389049 -0.116461 0.444079
-0.387743 -0.0895 0.438717 -0.389031 -0.11599 0.443986
-0.387724 -0.0890099 0.43862 -0.389012 -0.115518 0.443893
-0.387705 -0.0885197 0.438524 -0.388994 -0.115047 0.4438
-0.387685 -0.0880295 0.438427 -0.388975 -0.114576 0.443706
-0.387666 -0.0875394 0.43833 -0.388957 -0.114105 0.443613
-0.387647 -0.0870492 0.438233 -0.388939 -0.113633 0.44352
-0.387627 -0.086559 0.438137 -0.38892 -0.113161 0.443427
-0.387608 -0.0860688 0.43804 -0.388902 -0.11269 0.443333
-0.387589 -0.0855787 0.437943 -0.388883 -0.112218 0.44324
-0.387569 -0.0850885 0.437846 -0.388865 -0.111745 0.443147
-0.38755 -0.0845983 0.43775 -0.388846 -0.111273 0.443053
-0.387531 -0.0841082 0.437653 -0.388828 -0.1108 0.44296
-0.387511 -0.083618 0.437556 -0.388809 -0.110328 0.442866
-0.387492 -0.0831278 0.437459 -0.388791 -0.109855 0.442773
-0.387473 -0.0826377 0.437363 -0.388772 -0.109382 0.442679
-0.387453 -0.0821475 0.437266 -0.388754 -0.108909 0.442586
-0.387434 -0.0816573 0.437169 -0.388736 -0.108436 0.442492
-0.387414 -0.0811672 0.437072 -0.388717 -0.107963 0.442399
-0.387395 -0.080677 0.436976 -0.388699 -0.10749 0.442305
-0.387376 -0.0801868 0.436879 -0.38868 -0.107017 0.442211
-0.387356 -0.0796966 0.436782 -0.388662 -0.106543 0.442118
-0.387337 -0.0792065 0.436685 -0.388643 -0.10607 0.442024
-0.387318 -0.0787163 0.436589 -0.388625 -0.105596 0.441931
-0.387298 -0.0782261 0.436492 -0.388606 -0.105123 0.441837
-0.387279 -0.077736 0.436395 -0.388588 -0.104649 0.441743
-0.38726 -0.0772458 0.436299 -0.388569 -0.104175 0.441649
-0.38724 -0.0767556 0.436202 -0.388551 -0.1037 0.441556
-0.387221 -0.0762655 0.436105 -0.388532 -0.103226 0.441462
-0.387202 -0.0757753 0.436008 -0.388514 -0.102752 0.441368
-0.387182 -0.0752851 0.435912 -0.388495 -0.102277 0.441274
-0.387163 -0.0747949 0.435815 -0.388458 -0.101328 0.441087
-0.387144 -0.0743048 0.435718 -0.38844 -0.100854 0.440993
-0.387124 -0.0738146 0.435621 -0.388421 -0.10038 0.440899
-0.387105 -0.0733244 0.435525 -0.388403 -0.0999054 0.440805
-0.387086 -0.0728343 0.435428 -0.388384 -0.0994311 0.440711
-0.387066 -0.0723441 0.435331 -0.388366 -0.0989568 0.440618
-0.387047 -0.0718539 0.435234 -0.388347 -0.0984824 0.440524
-0.387028 -0.0713638 0.435138 -0.388329 -0.098008 0.44043
-0.387008 -0.0708736 0.435041 -0.38831 -0.0975335 0.440336
-0.386989 -0.0703834 0.434944 -0.388292 -0.097059 0.440242
-0.386969 -0.0698933 0.434847 -0.388273 -0.0965844 0.440148
-0.38695 -0.0694031 0.434751 -0.388255 -0.0961097 0.440055
-0.386931 -0.0689129 0.434654 -0.388236 -0.095635 0.439961
-0.386911 -0.0684227 0.434557 -0.388218 -0.0951601 0.439867
-0.386892 -0.0679326 0.43446 -0.388199 -0.0946851 0.439773
-0.386873 -0.0674424 0.434364 -0.388181 -0.0942101 0.439679
-0.386853 -0.0669522 0.434267 -0.388162 -0.0937353 0.439585
-0.386834 -0.0664621 0.43417 -0.388143 -0.0932606 0.439491
-0.386815 -0.0659719 0.434073 -0.388125 -0.0927864 0.439397
-0.386795 -0.0654817 0.433977 -0.388106 -0.0923125 0.439304
-0.386776 -0.0649916 0.43388 -0.388069 -0.0913655 0.439116
-0.386757 -0.0645014 0.433783 -0.38805 -0.0908924 0.439023
-0.386737 -0.0640112 0.433686 -0.388032 -0.0904194 0.438929
-0.386718 -0.063521 0.43359 -0.388013 -0.0899465 0.438836
-0.386699 -0.0630309 0.433493 -0.387995 -0.0894738 0.438742
-0.386679 -0.0625407 0.433396 -0.387976 -0.0890013 0.438649
-0.38666 -0.0620505 0.433299 -0.387957 -0.0885287 0.438555
-0.386641 -0.0615604 0.433203 -0.387939 -0.0880563 0.438462
-0.386621 -0.0610702 0.433106 -0.38792 -0.0875839 0.438368
-0.386602 -0.06058 0.433009 -0.387902 -0.0871115 0.438275
-0.386582 -0.0600899 0.432912 -0.387883 -0.086639 0.438181
-0.386563 -0.0595997 0.432816 -0.387864 -0.0861666 0.438088
-0.386544 -0.0591095 0.432719 -0.387846 -0.0856942 0.437995
-0.386524 -0.0586194 0.432622 -0.387827 -0.0852217 0.437901
-0.386505 -0.0581292 0.432525 -0.387809 -0.0847492 0.437808
-0.386486 -0.057639 0.432429 -0.38779 -0.0842766 0.437714
-0.386466 -0.0571488 0.432332 -0.387772 -0.0838038 0.437621
-0.386447 -0.0566587 0.432235 -0.387753 -0.083331 0.437527
-0.386428 -0.0561685 0.432139 -0.387716 -0.0823849 0.43734
-0.386408 -0.0556783 0.432042 -0.387697 -0.0819117 0.437247
-0.386389 -0.0551882 0.431945 -0.387679 -0.0814385 0.437153
-0.38637 -0.054698 0.431848 -0.38766 -0.0809654 0.437059
-0.38635 -0.0542078 0.431752 -0.387642 -0.0804922 0.436966
-0.386331 -0.0537177 0.431655 -0.387623 -0.0800192 0.436872
-0.386312 -0.0532275 0.431558 -0.387604 -0.0795463 0.436779
-0.386292 -0.0527373 0.431461 -0.387586 -0.0790736 0.436685
-0.386273 -0.0522471 0.431365 -0.387567 -0.0786011 0.436592
-0.386254 -0.051757 0.431268 -0.387549 -0.0781288 0.436498
-0.386234 -0.0512668 0.431171 -0.38753 -0.0776568 0.436405
-0.386215 -0.0507766 0.431074 -0.387512 -0.0771851 0.436312
-0.386196 -0.0502865 0.430978 -0.387493 -0.0767136 0.436219
-0.386176 -0.0497963 0.430881 -0.387474 -0.0762422 0.436125
-0.386157 -0.0493061 0.430784 -0.387456 -0.075771 0.436032
-0.386137 -0.048816 0.430687 -0.387437 -0.0753 0.435939
-0.386118 -0.0483258 0.430591 -0.387419 -0.0748291 0.435846
-0.386099 -0.0478356 0.430494 -0.3874 -0.0743583 0.435753
-0.386079 -0.0473455 0.430397 -0.387381 -0.0738876 0.43566
-0.38606 -0.0468553 0.4303 -0.387363 -0.073417 0.435567
-0.386041 -0.0463651 0.430204 -0.387344 -0.0729467 0.435474
-0.386021 -0.0458749 0.430107 -0.387326 -0.0724766 0.435381
-0.386002 -0.0453848 0.43001 -0.387307 -0.0720068 0.435288
-0.385983 -0.0448946 0.429913 -0.387288 -0.0715372 0.435195
-0.385963 -0.0444044 0.429817 -0.38727 -0.071068 0.435102
-0.385944 -0.0439143 0.42972 -0.387251 -0.0705989 0.435009
-0.385925 -0.0434241 0.429623 -0.387233 -0.07013 0.434917
-0.385905 -0.0429339 0.429526 -0.387214 -0.0696612 0.434824
-0.385886 -0.0424438 0.42943 -0.387196 -0.0691926 0.434731
-0.385867 -0.0419536 0.429333 -0.387158 -0.0682555 0.434546
-0.385847 -0.0414634 0.429236 -0.38714 -0.0677871 0.434453
-0.385828 -0.0409732 0.429139 -0.387121 -0.0673186 0.43436
-0.385809 -0.0404831 0.429043 -0.387103 -0.06685 0.434268
-0.385789 -0.0399929 0.428946 -0.387084 -0.0663814 0.434175
-0.38577 -0.0395027 0.428849 -0.387066 -0.0659131 0.434083
-0.38575 -0.0390126 0.428752 -0.387047 -0.0654454 0.43399
-0.385731 -0.0385224 0.428656 -0.387029 -0.0649788 0.433898
-0.385712 -0.0380322 0.428559 -0.38701 -0.0645135 0.433806
-0.385692 -0.0375421 0.428462 -0.386992 -0.0640491 0.433714
-0.385673 -0.0370519 0.428366 -0.386973 -0.0635851 0.433622
-0.385654 -0.0365617 0.428269 -0.386954 -0.0631212 0.43353
-0.385634 -0.0360715 0.428172 -0.386936 -0.062657 0.433439
-0.385615 -0.0355814 0.428075 -0.386917 -0.0621925 0.433347
-0.385596 -0.0350912 0.427979 -0.386899 -0.0617278 0.433255
-0.385576 -0.034601 0.427882 -0.38688 -0.061263 0.433163
-0.385557 -0.0341109 0.427785 -0.386862 -0.0607981 0.433071
-0.385538 -0.0336207 0.427688 -0.386844 -0.0603332 0.432979
-0.385518 -0.0331305 0.427592 -0.386825 -0.0598682 0.432887
-0.385499 -0.0326404 0.427495 -0.386807 -0.0594031 0.432795
-0.38548 -0.0321502 0.427398 -0.386788 -0.0589379 0.432703
-0.38546 -0.03166 0.427301 -0.38677 -0.0584725 0.432611
-0.385441 -0.0311699 0.427205 -0.386751 -0.0580069 0.432519
-0.385422 -0.0306797 0.427108 -0.386733 -0.0575411 0.432427
-0.385402 -0.0301895 0.427011 -0.386715 -0.0570751 0.432335
-0.385383 -0.0296993 0.426914 -0.386678 -0.0561423 0.43215
-0.385364 -0.0292092 0.426818 -0.38666 -0.0556756 0.432058
-0.385344 -0.028719 0.426721 -0.386641 -0.0552085 0.431966
-0.385325 -0.0282288 0.426624 -0.386623 -0.0547412 0.431873
-0.385305 -0.0277387 0.426527 -0.386604 -0.0542736 0.431781
-0.385286 -0.0272485 0.426431 -0.386586 -0.0538057 0.431688
-0.385267 -0.0267583 0.426334 -0.386568 -0.0533375 0.431596
-0.385247 -0.0262682 0.426237 -0.38655 -0.052869 0.431503
-0.385228 -0.025778 0.42614 -0.386531 -0.0524002 0.43141
-0.385209 -0.0252878 0.426044 -0.386513 -0.0519311 0.431318
-0.385189 -0.0247976 0.425947 -0.386495 -0.0514617 0.431225
-0.38517 -0.0243075 0.42585 -0.386476 -0.050992 0.431132
-0.385151 -0.0238173 0.425753 -0.386458 -0.0505221 0.431039
-0.385131 -0.0233271 0.425657 -0.38644 -0.0500519 0.430946
-0.385112 -0.022837 0.42556 -0.386421 -0.0495814 0.430853
-0.385093 -0.0223468 0.425463 -0.386403 -0.0491106 0.43076
-0.385073 -0.0218566 0.425366 -0.386385 -0.0486395 0.430667
-0.385054 -0.0213665 0.42527 -0.386366 -0.0481682 0.430574
-0.385035 -0.0208763 0.425173 -0.386348 -0.0476966 0.430481
-0.385015 -0.0203861 0.425076 -0.38633 -0.0472247 0.430387
-0.384996 -0.019896 0.424979 -0.386312 -0.0467526 0.430294
-0.384977 -0.0194058 0.424883 -0.386293 -0.0462802 0.430201
-0.384957 -0.0189156 0.424786 -0.386275 -0.0458075 0.430107
-0.384938 -0.0184254 0.424689 -0.386257 -0.0453347 0.430014
-0.384918 -0.0179353 0.424592 -0.386238 -0.0448617 0.42992
-0.384899 -0.0174451 0.424496 -0.38622 -0.0443888 0.429827
-0.38488 -0.0169549 0.424399 -0.386201 -0.0439161 0.429733
-0.38486 -0.0164648 0.424302 -0.386183 -0.0434434 0.42964
-0.384841 -0.0159746 0.424206 -0.386165 -0.0429707 0.429546
-0.384822 -0.0154844 0.424109 -0.386146 -0.0424982 0.429453
-0.384802 -0.0149943 0.424012 -0.386128 -0.0420256 0.42936
-0.384783 -0.0145041 0.423915 -0.38611 -0.041553 0.429266
-0.384764 -0.0140139 0.423819 -0.386073 -0.0406078 0.429079
-0.384744 -0.0135237 0.423722 -0.386054 -0.0401351 0.428986
-0.384725 -0.0130336 0.423625 -0.386036 -0.0396623 0.428893
-0.384706 -0.0125434 0.423528 -0.386017 -0.0391894 0.428799
-0.384686 -0.0120532 0.423432 -0.385999 -0.0387164 0.428706
-0.384667 -0.0115631 0.423335 -0.385981 -0.0382433 0.428612
-0.384648 -0.0110729 0.423238 -0.385962 -0.0377701 0.428519
-0.384628 -0.0105827 0.423141 -0.385944 -0.0372967 0.428425
-0.384609 -0.0100926 0.423045 -0.385925 -0.0368232 0.428331
-0.38459 -0.00960239 0.422948 -0.385907 -0.0363496 0.428238
-0.38457 -0.00911222 0.422851 -0.385888 -0.0358758 0.428144
-0.384551 -0.00862205 0.422754 -0.38587 -0.035402 0.42805
-0.384532 -0.00813188 0.422658 -0.385851 -0.034928 0.427957
-0.384512 -0.00764171 0.422561 -0.385833 -0.0344538 0.427863
-0.384493 -0.00715154 0.422464 -0.385814 -0.0339796 0.427769
-0.384473 -0.00666137 0.422367 -0.385796 -0.0335051 0.427676
-0.384454 -0.00617121 0.422271 -0.385777 -0.0330306 0.427582
-0.384435 -0.00568104 0.422174 -0.385759 -0.0325559 0.427488
-0.384415 -0.00519087 0.422077 -0.38574 -0.032081 0.427394
-0.384396 -0.0047007 0.42198 -0.385722 -0.031606 0.4273
-0.384377 -0.00421053 0.421884 -0.385703 -0.0311309 0.427206
-0.384357 -0.00372036 0.421787 -0.385685 -0.0306557 0.427112
-0.384338 -0.00323019 0.42169 -0.385666 -0.0301805 0.427018
-0.384319 -0.00274002 0.421593 -0.385648 -0.0297054 0.426925
-0.384299 -0.00224985 0.421497 -0.385629 -0.0292304 0.426831
-0.38428 -0.00175968 0.4214 -0.385611 -0.0287557 0.426737
-0.384261 -0.00126951 0.421303 -0.385592 -0.028281 0.426643
-0.384241 -0.00077934 0.421206 -0.385574 -0.0278063 0.426549
-0.384222 -0.00028917 0.42111 -0.385555 -0.0273314 0.426455
-0.384203 0.000200999 0.421013 -0.385536 -0.0268562 0.426361
-0.384183 0.000691169 0.420916 -0.385518 -0.0263809 0.426268
-0.384164 0.00118134 0.420819 -0.385499 -0.0259055 0.426174
-0.384145 0.00167151 0.420723 -0.385481 -0.0254301 0.42608
-0.384125 0.00216168 0.420626 -0.385462 -0.0249548 0.425986
-0.384106 0.00265185 0.420529 -0.385444 -0.0244795 0.425892
-0.384086 0.00314202 0.420432 -0.385425 -0.0240042 0.425798
-0.384067 0.00363219 0.420336 -0.385388 -0.0230535 0.42561
-0.384048 0.00412236 0.420239 -0.385369 -0.0225781 0.425516
-0.384028 0.00461253 0.420142 -0.385351 -0.0221025 0.425422
-0.384009 0.0051027 0.420046 -0.385332 -0.0216269 0.425328
-0.38399 0.00559286 0.419949 -0.385313 -0.0211513 0.425234
-0.38397 0.00608303 0.419852 -0.385295 -0.0206757 0.42514
-0.383951 0.0065732 0.419755 -0.385276 -0.0201999 0.425046
-0.383932 0.00706337 0.419659 -0.385257 -0.0197242 0.424952
-0.383912 0.00755354 0.419562 -0.385239 -0.0192483 0.424858
-0.383893 0.00804371 0.419465 -0.38522 -0.0187725 0.424764
-0.383874 0.00853388 0.419368 -0.385201 -0.0182965 0.42467
-0.383854 0.00902405 0.419272 -0.385183 -0.0178204 0.424576
-0.383835 0.00951422 0.419175 -0.385164 -0.0173443 0.424482
-0.383816 0.0100044 0.419078 -0.385145 -0.0168681 0.424388
-0.383796 0.0104946 0.418981 -0.385127 -0.0163918 0.424293
-0.383777 0.0109847 0.418885 -0.385108 -0.0159154 0.424199
-0.383758 0.0114749 0.418788 -0.38509 -0.0154388 0.424105
-0.383738 0.0119651 0.418691 -0.385071 -0.0149623 0.424011
-0.383719 0.0124552 0.418594 -0.385052 -0.0144856 0.423917
-0.3837 0.0129454 0.418498 -0.385034 -0.014009 0.423823
-0.38368 0.0134356 0.418401 -0.385015 -0.0135324 0.423728
-0.383661 0.0139257 0.418304 -0.384996 -0.0130557 0.423634
-0.383641 0.0144159 0.418207 -0.384977 -0.012579 0.42354
-0.383622 0.0149061 0.418111 -0.384959 -0.0121021 0.423446
-0.383603 0.0153963 0.418014 -0.38494 -0.0116251 0.423352
-0.383583 0.0158864 0.417917 -0.384921 -0.0111479 0.423257
-0.383564 0.0163766 0.41782 -0.384903 -0.0106706 0.423163
-0.383545 0.0168668 0.417724 -0.384884 -0.0101932 0.423069
-0.383525 0.0173569 0.417627 -0.384865 -0.00971574 0.422974
-0.383506 0.0178471 0.41753 -0.384847 -0.00923828 0.42288
-0.383487 0.0183373 0.417433 -0.384828 -0.00876091 0.422786
-0.383467 0.0188274 0.417337 -0.384791 -0.00780665 0.422597
-0.383448 0.0193176 0.41724 -0.384772 -0.00732981 0.422503
-0.383429 0.0198078 0.417143 -0.384753 -0.00685313 0.422409
-0.383409 0.020298 0.417046 -0.384734 -0.0063766 0.422315
-0.38339 0.0207881 0.41695 -0.384716 -0.0059002 0.42222
-0.383371 0.0212783 0.416853 -0.384697 -0.0054239 0.422126
-0.383351 0.0217685 0.416756 -0.384678 -0.00494769 0.422032
-0.383332 0.0222586 0.416659 -0.384659 -0.00447154 0.421938
-0.383313 0.0227488 0.416563 -0.384641 -0.00399544 0.421844
-0.383293 0.023239 0.416466 -0.384622 -0.00351938 0.42175
-0.383274 0.0237291 0.416369 -0.384603 -0.00304339 0.421656
-0.383255 0.0242193 0.416273 -0.384584 -0.00256747 0.421562
-0.383235 0.0247095 0.416176 -0.384565 -0.00209163 0.421468
-0.383216 0.0251996 0.416079 -0.384547 -0.00161586 0.421374
-0.383196 0.0256898 0.415982 -0.384528 -0.00114013 0.42128
-0.383177 0.02618 0.415886 -0.384509 -0.000664436 0.421186
-0.383158 0.0266702 0.415789 -0.38449 -0.00018877 0.421092
-0.383138 0.0271603 0.415692 -0.384472 0.000286857 0.420998
-0.383119 0.0276505 0.415595 -0.384453 0.000762434 0.420904
-0.3831 0.0281407 0.415499 -0.384434 0.00123795 0.42081
-0.38308 0.0286308 0.415402 -0.384415 0.00171339 0.420716
-0.383061 0.029121 0.415305 -0.384397 0.0021888 0.420622
-0.383042 0.0296112 0.415208 -0.384378 0.0026642 0.420528
-0.383022 0.0301013 0.415112 -0.384359 0.00313963 0.420435
-0.383003 0.0305915 0.415015 -0.38434 0.00361512 0.420341
-0.382984 0.0310817 0.414918 -0.384322 0.0040906 0.420247
-0.382964 0.0315719 0.414821 -0.384303 0.004566 0.420153
-0.382945 0.032062 0.414725 -0.384284 0.00504125 0.420059
-0.382926 0.0325522 0.414628 -0.384265 0.0055163 0.419965
-0.382906 0.0330424 0.414531 -0.384228 0.00646588 0.419777
-0.382887 0.0335325 0.414434 -0.384209 0.00694048 0.419684
-0.382868 0.0340227 0.414338 -0.38419 0.00741497 0.41959
-0.382848 0.0345129 0.414241 -0.384171 0.0078894 0.419496
-0.382829 0.035003 0.414144 -0.384153 0.00836376 0.419403
-0.382809 0.0354932 0.414047 -0.384134 0.0088381 0.419309
-0.38279 0.0359834 0.413951 -0.384115 0.00931243 0.419215
-0.382771 0.0364735 0.413854 -0.384096 0.00978675 0.419121
-0.382751 0.0369637 0.413757 -0.384078 0.0102611 0.419028
-0.382732 0.0374539 0.41366 -0.384059 0.0107354 0.418934
-0.382713 0.0379441 0.413564 -0.38404 0.0112098 0.41884
-0.382693 0.0384342 0.413467 -0.384021 0.0116841 0.418747
-0.382674 0.0389244 0.41337 -0.384003 0.0121585 0.418653
-0.382655 0.0394146 0.413273 -0.383984 0.0126328 0.418559
-0.382635 0.0399047 0.413177 -0.383965 0.0131072 0.418466
-0.382616 0.0403949 0.41308 -0.383946 0.0135813 0.418372
-0.382597 0.0408851 0.412983 -0.383909 0.014528 0.418185
-0.382577 0.0413752 0.412886 -0.38389 0.0150003 0.418092
-0.382558 0.0418654 0.41279 -0.383871 0.015472 0.417999
-0.382539 0.0423556 0.412693 -0.383852 0.0159432 0.417905
-0.382519 0.0428458 0.412596 -0.383834 0.0164143 0.417812
-0.3825 0.0433359 0.412499 -0.383815 0.0168852 0.417719
-0.382481 0.0438261 0.412403 -0.383796 0.017356 0.417626
-0.382461 0.0443163 0.412306 -0.383777 0.0178268 0.417534
-0.382442 0.0448064 0.412209 -0.383759 0.0182975 0.417441
-0.382423 0.0452966 0.412113 -0.38374 0.0187682 0.417348
-0.382403 0.0457868 0.412016 -0.383721 0.0192389 0.417255
-0.382384 0.0462769 0.411919 -0.383684 0.0201802 0.417069
-0.382364 0.0467671 0.411822 -0.383665 0.0206509 0.416976
-0.382345 0.0472573 0.411726 -0.383646 0.0211214 0.416883
-0.382326 0.0477474 0.411629 -0.383628 0.0215916 0.41679
-0.382306 0.0482376 0.411532 -0.383609 0.0220613 0.416697
-0.382287 0.0487278 0.411435 -0.38359 0.0225303 0.416605
-0.382268 0.049218 0.411339 -0.383571 0.0229988 0.416512
-0.382248 0.0497081 0.411242 -0.383553 0.0234669 0.41642
-0.382229 0.0501983 0.411145 -0.383534 0.0239347 0.416327
-0.38221 0.0506885 0.411048 -0.383515 0.0244023 0.416235
-0.38219 0.0511786 0.410952 -0.383497 0.0248698 0.416143
-0.382171 0.0516688 0.410855 -0.383478 0.0253371 0.41605
-0.382152 0.052159 0.410758 -0.383459 0.0258043 0.415958
-0.382132 0.0526491 0.410661 -0.383441 0.0262714 0.415866
-0.382113 0.0531393 0.410565 -0.383422 0.0267384 0.415774
-0.382094 0.0536295 0.410468 -0.383403 0.0272053 0.415682
-0.382074 0.0541197 0.410371 -0.383385 0.0276723 0.415589
-0.382055 0.0546098 0.410274 -0.383366 0.0281393 0.415497
-0.382036 0.0551 0.410178 -0.383347 0.0286062 0.415405
-0.382016 0.0555902 0.410081 -0.383329 0.029073 0.415313
-0.381997 0.0560803 0.409984 -0.38331 0.0295395 0.415221
-0.381977 0.0565705 0.409887 -0.383292 0.0300058 0.415129
-0.381958 0.0570607 0.409791 -0.383273 0.0304718 0.415037
-0.381939 0.0575508 0.409694 -0.383254 0.0309377 0.414945
-0.381919 0.058041 0.409597 -0.383236 0.0314034 0.414853
-0.3819 0.0585312 0.4095 -0.383217 0.031869 0.414761
-0.381881 0.0590213 0.409404 -0.383199 0.0323345 0.414669
-0.381861 0.0595115 0.409307 -0.38318 0.0328 0.414577
-0.381842 0.0600017 0.40921 -0.383143 0.0337309 0.414393
-0.381823 0.0604919 0.409113 -0.383125 0.0341964 0.414301
-0.381803 0.060982 0.409017 -0.383106 0.034662 0.414209
-0.381784 0.0614722 0.40892 -0.383088 0.0351277 0.414117
-0.381765 0.0619624 0.408823 -0.383069 0.0355935 0.414026
-0.381745 0.0624525 0.408726 -0.383051 0.0360592 0.413934
-0.381726 0.0629427 0.40863 -0.383032 0.0365246 0.413842
-0.381707 0.0634329 0.408533 -0.383014 0.0369895 0.41375
-0.381687 0.063923 0.408436 -0.382995 0.0374536 0.413658
-0.381668 0.0644132 0.408339 -0.382977 0.0379172 0.413567
-0.381649 0.0649034 0.408243 -0.382958 0.0383805 0.413475
-0.381629 0.0653936 0.408146 -0.38294 0.0388435 0.413384
-0.38161 0.0658837 0.408049 -0.382921 0.0393065 0.413293
-0.381591 0.0663739 0.407953 -0.382903 0.0397695 0.413201
-0.381571 0.0668641 0.407856 -0.382884 0.0402325 0.41311
-0.381552 0.0673542 0.407759 -0.382866 0.0406955 0.413018
-0.381532 0.0678444 0.407662 -0.382847 0.0411586 0.412927
-0.381513 0.0683346 0.407566 -0.382811 0.042085 0.412744
-0.381494 0.0688247 0.407469 -0.382792 0.0425485 0.412653
-0.381474 0.0693149 0.407372 -0.382774 0.0430121 0.412561
-0.381455 0.0698051 0.407275 -0.382755 0.0434759 0.41247
-0.381436 0.0702953 0.407179 -0.382737 0.0439398 0.412378
-0.381416 0.0707854 0.407082 -0.382719 0.044404 0.412286
-0.381397 0.0712756 0.406985 -0.3827 0.0448684 0.412195
-0.381378 0.0717658 0.406888 -0.382682 0.0453331 0.412103
-0.381358 0.0722559 0.406792 -0.382664 0.045798 0.412011
-0.381339 0.0727461 0.406695 -0.382645 0.0462631 0.411919
-0.38132 0.0732363 0.406598 -0.382627 0.0467286 0.411828
-0.3813 0.0737264 0.406501 -0.382609 0.0471942 0.411736
-0.381281 0.0742166 0.406405 -0.38259 0.0476602 0.411644
-0.381262 0.0747068 0.406308 -0.382572 0.0481266 0.411552
-0.381242 0.0751969 0.406211 -0.382554 0.0485932 0.41146
-0.381223 0.0756871 0.406114 -0.382536 0.04906 0.411367
-0.381204 0.0761773 0.406018 -0.382517 0.0495269 0.411275
-0.381184 0.0766675 0.405921 -0.382499 0.0499937 0.411183
-0.381165 0.0771576 0.405824 -0.382481 0.0504604 0.411091
-0.381145 0.0776478 0.405727 -0.382462 0.0509271 0.410999
-0.381126 0.078138 0.405631 -0.382444 0.0513938 0.410907
-0.381107 0.0786281 0.405534 -0.382426 0.0518606 0.410815
-0.381087 0.0791183 0.405437 -0.382408 0.0523278 0.410723
-0.381068 0.0796085 0.40534 -0.382389 0.0527952 0.41063
-0.381049 0.0800986 0.405244 -0.382371 0.0532629 0.410538
-0.381029 0.0805888 0.405147 -0.382353 0.0537309 0.410446
-0.38101 0.081079 0.40505 -0.382334 0.0541993 0.410353
-0.380991 0.0815692 0.404953 -0.382316 0.054668 0.410261
-0.380971 0.0820593 0.404857 -0.382298 0.0551371 0.410168
-0.380952 0.0825495 0.40476 -0.38228 0.0556066 0.410076
-0.380933 0.0830397 0.404663 -0.382261 0.0560765 0.409983
-0.380913 0.0835298 0.404566 -0.382243 0.0565466 0.40989
-0.380894 0.08402 0.40447 -0.382225 0.0570169 0.409797
-0.380875 0.0845102 0.404373 -0.382206 0.0574874 0.409704
-0.380855 0.0850003 0.404276 -0.382188 0.0579578 0.409612
-0.380836 0.0854905 0.40418 -0.38217 0.0584284 0.409519
-0.380817 0.0859807 0.404083 -0.382152 0.058899 0.409426
-0.380797 0.0864708 0.403986 -0.382133 0.0593697 0.409333
-0.380778 0.086961 0.403889 -0.382097 0.0603115 0.409147
-0.380759 0.0874512 0.403793 -0.382078 0.0607826 0.409054
-0.380739 0.0879414 0.403696 -0.38206 0.0612539 0.408961
-0.38072 0.0884315 0.403599 -0.382041 0.0617254 0.408868
-0.3807 0.0889217 0.403502 -0.382023 0.062197 0.408775
-0.380681 0.0894119 0.403406 -0.382005 0.0626688 0.408682
-0.380662 0.089902 0.403309 -0.381986 0.0631409 0.408589
-0.380642 0.0903922 0.403212 -0.381968 0.0636131 0.408496
-0.380623 0.0908824 0.403115 -0.38195 0.0640855 0.408403
-0.380604 0.0913725 0.403019 -0.381931 0.064558 0.408309
-0.380584 0.0918627 0.402922 -0.381913 0.0650305 0.408216
-0.380565 0.0923529 0.402825 -0.381894 0.065503 0.408123
-0.380546 0.0928431 0.402728 -0.381876 0.0659755 0.40803
-0.380526 0.0933332 0.402632 -0.381858 0.0664482 0.407937
-0.380507 0.0938234 0.402535 -0.381839 0.066921 0.407843
-0.380488 0.0943136 0.402438 -0.381821 0.067394 0.40775
-0.380468 0.0948037 0.402341 -0.381802 0.0678673 0.407657
-0.380449 0.0952939 0.402245 -0.381784 0.0683407 0.407563
-0.38043 0.0957841 0.402148 -0.381765 0.0688144 0.40747
-0.38041 0.0962742 0.402051 -0.381747 0.0692883 0.407376
-0.380391 0.0967644 0.401954 -0.381728 0.0697625 0.407283
-0.380372 0.0972546 0.401858 -0.38171 0.0702368 0.407189
-0.380352 0.0977447 0.401761 -0.381691 0.0707114 0.407095
-0.380333 0.0982349 0.401664 -0.381673 0.0711861 0.407002
-0.380313 0.0987251 0.401567 -0.381654 0.071661 0.406908
-0.380294 0.0992153 0.401471 -0.381636 0.0721358 0.406815
-0.380275 0.0997054 0.401374 -0.381617 0.0726105 0.406721
-0.380255 0.100196 0.401277 -0.381599 0.073085 0.406627
-0.380236 0.100686 0.40118 -0.38158 0.0735593 0.406534
-0.380217 0.101176 0.401084 -0.381562 0.0740335 0.40644
-0.380197 0.101666 0.400987 -0.381543 0.0745077 0.406347
-0.380178 0.102156 0.40089 -0.381525 0.0749818 0.406253
-0.380159 0.102646 0.400793 -0.381506 0.0754558 0.40616
-0.380139 0.103137 0.400697 -0.381469 0.0764041 0.405973
-0.38012 0.103627 0.4006 -0.38145 0.0768782 0.405879
-0.380101 0.104117 0.400503 -0.381432 0.0773525 0.405786
-0.380081 0.104607 0.400406 -0.381413 0.0778268 0.405692
-0.380062 0.105097 0.40031 -0.381394 0.0783012 0.405598
-0.380043 0.105587 0.400213 -0.381376 0.0787756 0.405505
-0.380023 0.106078 0.400116 -0.381357 0.0792502 0.405411
-0.380004 0.106568 0.40002 -0.381339 0.0797248 0.405318
-0.379985 0.107058 0.399923 -0.38132 0.0801995 0.405224
-0.379965 0.107548 0.399826 -0.381301 0.0806742 0.40513
-0.379946 0.108038 0.399729 -0.381283 0.081149 0.405037
-0.379927 0.108528 0.399633 -0.381264 0.0816239 0.404943
-0.379907 0.109019 0.399536 -0.381245 0.0820988 0.404849
-0.379888 0.109509 0.399439 -0.381227 0.0825738 0.404756
-0.379868 0.109999 0.399342 -0.381208 0.0830489 0.404662
-0.379849 0.110489 0.399246 -0.381189 0.0835241 0.404568
-0.37983 0.110979 0.399149 -0.381171 0.0839994 0.404475
-0.37981 0.111469 0.399052 -0.381152 0.0844748 0.404381
-0.379791 0.11196 0.398955 -0.381134 0.0849503 0.404287
-0.379772 0.11245 0.398859 -0.381115 0.0854259 0.404193
-0.379752 0.11294 0.398762 -0.381096 0.0859018 0.404099
-0.379733 0.11343 0.398665 -0.381077 0.0863778 0.404006
-0.379714 0.11392 0.398568 -0.381059 0.0868539 0.403912
-0.379694 0.114411 0.398472 -0.38104 0.0873301 0.403818
-0.379675 0.114901 0.398375 -0.381021 0.0878061 0.403724
-0.379656 0.115391 0.398278 -0.381003 0.0882819 0.40363
-0.379636 0.115881 0.398181 -0.380984 0.0887576 0.403536
-0.379617 0.116371 0.398085 -0.380965 0.0892331 0.403443
-0.379598 0.116861 0.397988 -0.380947 0.0897085 0.403349
-0.379578 0.117352 0.397891 -0.380928 0.0901838 0.403255
-0.379559 0.117842 0.397794 -0.380909 0.0906589 0.403161
-0.37954 0.118332 0.397698 -0.380872 0.091609 0.402974
-0.37952 0.118822 0.397601 -0.380853 0.092084 0.40288
-0.379501 0.119312 0.397504 -0.380834 0.092559 0.402787
-0.379481 0.119802 0.397407 -0.380815 0.093034 0.402693
-0.379462 0.120293 0.397311 -0.380797 0.0935091 0.402599
-0.379443 0.120783 0.397214 -0.380778 0.0939842 0.402506
-0.379423 0.121273 0.397117 -0.380759 0.0944593 0.402412
-0.379404 0.121763 0.39702 -0.38074 0.0949341 0.402318
-0.379385 0.122253 0.396924 -0.380722 0.0954087 0.402225
-0.379365 0.122743 0.396827 -0.380703 0.0958828 0.402131
-0.379346 0.123234 0.39673 -0.380665 0.0968298 0.401945
-0.379327 0.123724 0.396633 -0.380646 0.0973029 0.401851
-0.379307 0.124214 0.396537 -0.380628 0.0977756 0.401758
-0.379288 0.124704 0.39644 -0.380609 0.0982481 0.401665
-0.379269 0.125194 0.396343 -0.38059 0.0987204 0.401572
-0.379249 0.125684 0.396246 -0.380571 0.0991926 0.401479
-0.37923 0.126175 0.39615 -0.380552 0.0996646 0.401386
-0.379211 0.126665 0.396053 -0.380534 0.100136 0.401293
-0.379191 0.127155 0.395956 -0.380515 0.100608 0.4012
-0.379172 0.127645 0.39586 -0.380496 0.10108 0.401107
-0.379153 0.128135 0.395763 -0.380477 0.101551 0.401014
-0.379133 0.128625 0.395666 -0.380458 0.102023 0.400921
-0.379114 0.129116 0.395569 -0.38044 0.102494 0.400828
-0.379095 0.129606 0.395473 -0.380421 0.102965 0.400735
-0.379075 0.130096 0.395376 -0.380402 0.103436 0.400642
-0.379056 0.130586 0.395279 -0.380383 0.103906 0.40055
-0.379036 0.131076 0.395182 -0.380365 0.104377 0.400457
-0.379017 0.131566 0.395086 -0.380346 0.104847 0.400364
-0.378998 0.132057 0.394989 -0.380327 0.105318 0.400271
-0.378978 0.132547 0.394892 -0.380308 0.105788 0.400179
-0.378959 0.133037 0.394795 -0.38029 0.106259 0.400086
-0.37894 0.133527 0.394699 -0.380271 0.106729 0.399993
-0.37892 0.134017 0.394602 -0.380252 0.107199 0.3999
-0.378901 0.134507 0.394505 -0.380233 0.107669 0.399808
-0.378882 0.134998 0.394408 -0.380215 0.108139 0.399715
-0.378862 0.135488 0.394312 -0.380196 0.108609 0.399622
-0.378843 0.135978 0.394215 -0.380177 0.109079 0.39953
-0.378824 0.136468 0.394118 -0.380159 0.109548 0.399437
-0.378804 0.136958 0.394021 -0.38014 0.110018 0.399345
-0.378785 0.137448 0.393925 -0.380121 0.110487 0.399252
-0.378766 0.137939 0.393828 -0.380102 0.110957 0.39916
-0.378746 0.138429 0.393731 -0.380084 0.111426 0.399067
-0.378727 0.138919 0.393634 -0.380065 0.111896 0.398975
-0.378708 0.139409 0.393538 -0.380046 0.112365 0.398882
-0.378688 0.139899 0.393441 -0.380028 0.112835 0.398789
-0.378669 0.14039 0.393344 -0.380009 0.113305 0.398697
-0.378649 0.14088 0.393247 -0.37999 0.113775 0.398604
-0.37863 0.14137 0.393151 -0.379953 0.114715 0.398419
-0.378611 0.14186 0.393054 -0.379935 0.115185 0.398326
-0.378591 0.14235 0.392957 -0.379916 0.115656 0.398233
-0.378572 0.14284 0.39286 -0.379897 0.116127 0.398141
-0.378553 0.143331 0.392764 -0.379879 0.116597 0.398048
-0.378533 0.143821 0.392667 -0.37986 0.117068 0.397955
-0.378514 0.144311 0.39257 -0.379841 0.11754 0.397862
-0.378495 0.144801 0.392473 -0.379823 0.118011 0.397769
-0.378475 0.145291 0.392377 -0.379804 0.118483 0.397676
-0.378456 0.145781 0.39228 -0.379786 0.118954 0.397583
-0.378437 0.146272 0.392183 -0.379767 0.119426 0.397491
-0.378417 0.146762 0.392087 -0.379749 0.119897 0.397398
-0.378398 0.147252 0.39199 -0.37973 0.120368 0.397305
-0.378379 0.147742 0.391893 -0.379693 0.121309 0.397119
-0.378359 0.148232 0.391796 -0.379674 0.121779 0.397027
-0.37834 0.148722 0.3917 -0.379656 0.12225 0.396934
-0.378321 0.149213 0.391603 -0.379637 0.122721 0.396841
-0.378301 0.149703 0.391506 -0.379618 0.123192 0.396748
-0.378282 0.150193 0.391409 -0.3796 0.123663 0.396655
-0.378263 0.150683 0.391313 -0.379581 0.124134 0.396563
-0.378243 0.151173 0.391216 -0.379563 0.124605 0.39647
-0.378224 0.151663 0.391119 -0.379544 0.125075 0.396377
-0.378204 0.152154 0.391022 -0.379525 0.125545 0.396285
-0.378185 0.152644 0.390926 -0.379507 0.126015 0.396192
-0.378166 0.153134 0.390829 -0.379488 0.126484 0.3961
-0.378146 0.153624 0.390732 -0.379469 0.126953 0.396007
-0.378127 0.154114 0.390635 -0.379451 0.127421 0.395915
-0.378108 0.154604 0.390539 -0.379432 0.12789 0.395823
-0.378088 0.155095 0.390442 -0.379414 0.128358 0.39573
-0.378069 0.155585 0.390345 -0.379395 0.128825 0.395638
-0.37805 0.156075 0.390248 -0.379376 0.129293 0.395546
-0.37803 0.156565 0.390152 -0.379339 0.130228 0.395362
-0.378011 0.157055 0.390055 -0.37932 0.130695 0.39527
-0.377992 0.157545 0.389958 -0.379302 0.131162 0.395178
-0.377972 0.158036 0.389861 -0.379283 0.13163 0.395086
-0.377953 0.158526 0.389765 -0.379265 0.132097 0.394993
-0.377934 0.159016 0.389668 -0.379246 0.132564 0.394901
-0.377914 0.159506 0.389571 -0.379227 0.133031 0.394809
-0.377895 0.159996 0.389474 -0.379209 0.133499 0.394717
-0.377876 0.160486 0.389378 -0.37919 0.133966 0.394625
-0.377856 0.160977 0.389281 -0.379172 0.134434 0.394533
-0.377837 0.161467 0.389184 -0.379153 0.134902 0.394441
-0.377817 0.161957 0.389087 -0.379135 0.13537 0.394349
-0.377798 0.162447 0.388991 -0.379116 0.135838 0.394256
-0.377779 0.162937 0.388894 -0.379097 0.136306 0.394164
-0.377759 0.163427 0.388797 -0.379079 0.136774 0.394072
-0.37774 0.163918 0.3887 -0.37906 0.137243 0.39398
-0.377721 0.164408 0.388604 -0.379042 0.137711 0.393887
-0.377701 0.164898 0.388507 -0.379023 0.13818 0.393795
-0.377682 0.165388 0.38841 -0.379005 0.138648 0.393703
-0.377663 0.165878 0.388313 -0.378986 0.139116 0.39361
-0.377643 0.166368 0.388217 -0.378968 0.139584 0.393518
-0.377624 0.166859 0.38812 -0.378949 0.140053 0.393426
-0.377605 0.167349 0.388023 -0.378931 0.140521 0.393334
-0.377585 0.167839 0.387927 -0.378912 0.140989 0.393241
-0.377566 0.168329 0.38783 -0.378894 0.141457 0.393149
-0.377547 0.168819 0.387733 -0.378875 0.141926 0.393057
-0.377527 0.16931 0.387636 -0.378857 0.142395 0.392965
-0.377508 0.1698 0.38754 -0.378838 0.142863 0.392872
-0.377489 0.17029 0.387443 -0.37882 0.143332 0.39278
-0.377469 0.17078 0.387346 -0.378801 0.1438 0.392688
-0.37745 0.17127 0.387249 -0.378764 0.144738 0.392503
-0.377431 0.17176 0.387153 -0.378746 0.145207 0.392411
-0.377411 0.172251 0.387056 -0.378727 0.145675 0.392318
-0.377392 0.172741 0.386959 -0.378709 0.146144 0.392226
-0.377372 0.173231 0.386862 -0.37869 0.146613 0.392134
-0.377353 0.173721 0.386766 -0.378672 0.147082 0.392041
-0.377334 0.174211 0.386669 -0.378653 0.147551 0.391949
-0.377314 0.174701 0.386572 -0.378635 0.14802 0.391856
-0.377295 0.175192 0.386475 -0.378616 0.148489 0.391764
-0.377276 0.175682 0.386379 -0.378598 0.148959 0.391671
-0.377256 0.176172 0.386282 -0.378579 0.149429 0.391579
-0.377237 0.176662 0.386185 -0.378561 0.149899 0.391486
-0.377218 0.177152 0.386088 -0.378542 0.150369 0.391394
-0.377198 0.177642 0.385992 -0.378524 0.150839 0.391301
-0.377179 0.178133 0.385895 -0.378505 0.15131 0.391208
-0.37716 0.178623 0.385798 -0.378487 0.151781 0.391116
-0.37714 0.179113 0.385701 -0.378468 0.152252 0.391023
-0.377121 0.179603 0.385605 -0.37845 0.152723 0.39093
-0.377102 0.180093 0.385508 -0.378431 0.153195 0.390837
-0.377082 0.180583 0.385411 -0.378413 0.153666 0.390744
-0.377063 0.181074 0.385314 -0.378394 0.154138 0.390651
-0.377044 0.181564 0.385218 -0.378376 0.15461 0.390559
-0.377024 0.182054 0.385121 -0.378358 0.155081 0.390466
-0.377005 0.182544 0.385024 -0.378339 0.155553 0.390373
-0.376985 0.183034 0.384927 -0.378321 0.156026 0.39028
-0.376966 0.183524 0.384831 -0.378302 0.156498 0.390187
-0.376947 0.184015 0.384734 -0.378284 0.15697 0.390094
-0.376927 0.184505 0.384637 -0.378265 0.157442 0.390001
-0.376908 0.184995 0.38454 -0.378246 0.157915 0.389908
-0.376889 0.185485 0.384444 -0.378228 0.158387 0.389815
-0.376869 0.185975 0.384347 -0.378209 0.158859 0.389722
-0.37685 0.186465 0.38425 -0.378191 0.159331 0.389629
-0.376831 0.186956 0.384153 -0.378154 0.160275 0.389443
-0.376811 0.187446 0.384057 -0.378135 0.160747 0.38935
-0.376792 0.187936 0.38396 -0.378117 0.16122 0.389257
-0.376773 0.188426 0.383863 -0.378098 0.161692 0.389164
-0.376753 0.188916 0.383767 -0.378079 0.162164 0.389071
-0.376734 0.189406 0.38367 -0.378061 0.162637 0.388978
-0.376715 0.189897 0.383573 -0.378042 0.16311 0.388885
-0.376695 0.190387 0.383476 -0.378024 0.163582 0.388791
-0.376676 0.190877 0.38338 -0.378005 0.164055 0.388698
-0.376657 0.191367 0.383283 -0.377987 0.164528 0.388605
-0.376637 0.191857 0.383186 -0.377968 0.165001 0.388512
-0.376618 0.192347 0.383089 -0.377949 0.165474 0.388419
-0.376599 0.192838 0.382993 -0.377931 0.165947 0.388326
-0.376579 0.193328 0.382896 -0.377912 0.16642 0.388233
-0.37656 0.193818 0.382799 -0.377894 0.166893 0.388139
-0.37654 0.194308 0.382702 -0.377875 0.167366 0.388046
-0.376521 0.194798 0.382606 -0.377856 0.167838 0.387953
-0.376502 0.195288 0.382509 -0.377838 0.168311 0.38786
-0.376482 0.195779 0.382412 -0.377819 0.168783 0.387767
-0.376463 0.196269 0.382315 -0.3778 0.169255 0.387674
-0.376444 0.196759 0.382219 -0.377782 0.169727 0.387581
-0.376424 0.197249 0.382122 -0.377763 0.170199 0.387488
-0.376405 0.197739 0.382025 -0.377744 0.17067 0.387396
-0.376386 0.19823 0.381928 -0.377726 0.171142 0.387303
-0.376366 0.19872 0.381832 -0.377707 0.171613 0.38721
-0.376347 0.19921 0.381735 -0.37767 0.172557 0.387024
-0.376328 0.1997 0.381638 -0.377651 0.173028 0.386931
-0.376308 0.20019 0.381541 -0.377632 0.1735 0.386838
-0.376289 0.20068 0.381445 -0.377614 0.173972 0.386745
-0.37627 0.201171 0.381348 -0.377595 0.174443 0.386652
-0.37625 0.201661 0.381251 -0.377576 0.174915 0.38656
-0.376231 0.202151 0.381154 -0.377558 0.175387 0.386467
-0.376212 0.202641 0.381058 -0.377539 0.175859 0.386374
-0.376192 0.203131 0.380961 -0.37752 0.17633 0.386281
-0.376173 0.203621 0.380864 -0.377502 0.176802 0.386188
-0.376153 0.204112 0.380767 -0.377483 0.177275 0.386095
-0.376134 0.204602 0.380671 -0.377464 0.177747 0.386002
-0.376115 0.205092 0.380574 -0.377446 0.178219 0.385909
-0.376095 0.205582 0.380477 -0.377427 0.178692 0.385816
-0.376076 0.206072 0.38038 -0.37739 0.179638 0.38563
-0.376057 0.206562 0.380284 -0.377371 0.180111 0.385536
-0.376037 0.207053 0.380187 -0.377353 0.180584 0.385443
-0.376018 0.207543 0.38009 -0.377334 0.181057 0.38535
-0.375999 0.208033 0.379994 -0.377315 0.18153 0.385257
-0.375979 0.208523 0.379897 -0.377297 0.182004 0.385164
-0.37596 0.209013 0.3798 -0.377278 0.182477 0.385071
-0.375941 0.209503 0.379703 -0.377259 0.182949 0.384977
-0.375921 0.209994 0.379607 -0.377241 0.183422 0.384884
-0.375902 0.210484 0.37951 -0.377222 0.183895 0.384791
-0.375883 0.210974 0.379413 -0.377203 0.184367 0.384698
-0.375863 0.211464 0.379316 -0.377185 0.184839 0.384605
-0.375844 0.211954 0.37922 -0.377166 0.185311 0.384512
-0.375825 0.212444 0.379123 -0.377147 0.185783 0.384419
-0.375805 0.212935 0.379026 -0.377128 0.186255 0.384327
-0.375786 0.213425 0.378929 -0.37711 0.186726 0.384234
-0.375767 0.213915 0.378833 -0.377091 0.187198 0.384141
-0.375747 0.214405 0.378736 -0.377072 0.187669 0.384048
-0.375728 0.214895 0.378639 -0.377054 0.188141 0.383955
-0.375708 0.215385 0.378542 -0.377035 0.188612 0.383862
-0.375689 0.215876 0.378446 -0.377016 0.189084 0.383769
-0.37567 0.216366 0.378349 -0.376997 0.189555 0.383677
-0.37565 0.216856 0.378252 -0.376979 0.190026 0.383584
-0.375631 0.217346 0.378155 -0.37696 0.190496 0.383491
-0.375612 0.217836 0.378059 -0.376941 0.190966 0.383399
-0.375592 0.218326 0.377962 -0.376923 0.191436 0.383306
-0.375573 0.218817 0.377865 -0.376904 0.191906 0.383213
-0.375554 0.219307 0.377768 -0.376885 0.192376 0.383121
-0.375534 0.219797 0.377672 -0.376866 0.192846 0.383028
-0.375515 0.220287 0.377575 -0.376829 0.193785 0.382844
-0.375496 0.220777 0.377478 -0.37681 0.194254 0.382751
-0.375476 0.221267 0.377381 -0.376792 0.194724 0.382659
-0.375457 0.221758 0.377285 -0.376773 0.195193 0.382566
-0.375438 0.222248 0.377188 -0.376754 0.195663 0.382474
-0.375418 0.222738 0.377091 -0.376736 0.196132 0.382381
-0.375399 0.223228 0.376994 -0.376717 0.196602 0.382289
-0.37538 0.223718 0.376898 -0.376698 0.197072 0.382196
-0.37536 0.224209 0.376801 -0.37668 0.197541 0.382104
-0.375341 0.224699 0.376704 -0.376661 0.198011 0.382011
-0.375321 0.225189 0.376607 -0.376642 0.198481 0.381919
-0.375302 0.225679 0.376511 -0.376624 0.198951 0.381826
-0.375283 0.226169 0.376414 -0.376605 0.199421 0.381734
-0.375263 0.226659 0.376317 -0.376586 0.199891 0.381641
-0.375244 0.22715 0.37622 -0.376568 0.200362 0.381548
-0.375225 0.22764 0.376124 -0.376568 0.200362 0.381548
-0.375205 0.22813 0.376027 -0.376549 0.200832 0.381456
-0.375186 0.22862 0.37593 -0.376475 0.202714 0.381085
-0.375167 0.22911 0.375834 -0.376456 0.203184 0.380993
-0.375147 0.2296 0.375737 -0.376437 0.203654 0.3809
-0.375128 0.230091 0.37564 -0.376419 0.204122 0.380808
-0.375109 0.230581 0.375543 -0.3764 0.20459 0.380716
-0.375089 0.231071 0.375447 -0.376381 0.205058 0.380624
-0.37507 0.231561 0.37535 -0.376362 0.205524 0.380532
-0.375051 0.232051 0.375253 -0.376325 0.206455 0.380348
-0.375031 0.232541 0.375156 -0.376306 0.206919 0.380257
-0.375012 0.233032 0.37506 -0.376288 0.207383 0.380166
-0.374993 0.233522 0.374963 -0.376269 0.207846 0.380074
-0.374973 0.234012 0.374866 -0.37625 0.208308 0.379983
-0.374954 0.234502 0.374769 -0.376232 0.20877 0.379892
-0.374935 0.234992 0.374673 -0.376213 0.209231 0.379801
-0.374915 0.235482 0.374576 -0.376194 0.209692 0.37971
-0.374896 0.235973 0.374479 -0.376175 0.210153 0.37962
-0.374876 0.236463 0.374382 -0.376157 0.210613 0.379529
-0.374857 0.236953 0.374286 -0.376138 0.211072 0.379438
-0.374838 0.237443 0.374189 -0.37612 0.211532 0.379348
-0.374818 0.237933 0.374092 -0.376101 0.211991 0.379257
-0.374799 0.238423 0.373995 -0.376082 0.21245 0.379167
-0.37478 0.238914 0.373899 -0.376064 0.212909 0.379076
-0.37476 0.239404 0.373802 -0.376045 0.213368 0.378986
-0.374741 0.239894 0.373705 -0.376027 0.213827 0.378896
-0.374722 0.240384 0.373608 -0.376008 0.214286 0.378805
-0.374702 0.240874 0.373512 -0.37599 0.214745 0.378715
-0.374683 0.241364 0.373415 -0.375971 0.215204 0.378624
-0.374664 0.241855 0.373318 -0.375953 0.215663 0.378534
-0.374644 0.242345 0.373221 -0.375934 0.216122 0.378443
-0.374625 0.242835 0.373125 -0.375916 0.216582 0.378353
-0.374606 0.243325 0.373028 -0.375897 0.217041 0.378262
-0.374586 0.243815 0.372931 -0.375879 0.217501 0.378172
-0.374567 0.244305 0.372834 -0.37586 0.21796 0.378081
-0.374548 0.244796 0.372738 -0.375842 0.21842 0.377991
-0.374528 0.245286 0.372641 -0.375824 0.21888 0.3779
-0.374509 0.245776 0.372544 -0.375805 0.21934 0.377809
-0.374489 0.246266 0.372447 -0.375787 0.2198 0.377719
-0.37447 0.246756 0.372351 -0.375769 0.220261 0.377628
-0.374451 0.247246 0.372254 -0.37575 0.220722 0.377537
-0.374431 0.247737 0.372157 -0.375732 0.221183 0.377446
-0.374412 0.248227 0.37206 -0.375714 0.221644 0.377356
-0.374393 0.248717 0.371964 -0.375695 0.222105 0.377265
-0.374373 0.249207 0.371867 -0.375677 0.222566 0.377174
-0.374354 0.249697 0.37177 -0.375659 0.223028 0.377083
-0.374335 0.250187 0.371674 -0.375641 0.223489 0.376992
-0.374315 0.250678 0.371577 -0.375604 0.224413 0.37681
-0.374296 0.251168 0.37148 -0.375586 0.224875 0.376719
-0.374277 0.251658 0.371383 -0.375567 0.225338 0.376628
-0.374257 0.252148 0.371287 -0.375549 0.2258 0.376537
-0.374238 0.252638 0.37119 -0.375531 0.226263 0.376446
-0.374219 0.253129 0.371093 -0.375513 0.226726 0.376355
-0.374199 0.253619 0.370996 -0.375494 0.22719 0.376264
-0.37418 0.254109 0.3709 -0.375476 0.227653 0.376172
-0.374161 0.254599 0.370803 -0.375458 0.228117 0.376081
-0.374141 0.255089 0.370706 -0.37544 0.228581 0.37599
-0.374122 0.255579 0.370609 -0.375422 0.229046 0.375898
-0.374103 0.25607 0.370513 -0.375403 0.22951 0.375807
-0.374083 0.25656 0.370416 -0.375385 0.229975 0.375715
-0.374064 0.25705 0.370319 -0.375367 0.230441 0.375624
-0.374044 0.25754 0.370222 -0.375349 0.230906 0.375532
-0.374025 0.25803 0.370126 -0.37533 0.231372 0.375441
-0.374006 0.25852 0.370029 -0.375312 0.231838 0.375349
-0.373986 0.259011 0.369932 -0.375294 0.232304 0.375257
-0.373967 0.259501 0.369835 -0.375276 0.23277 0.375165
-0.373948 0.259991 0.369739 -0.375258 0.233237 0.375074
-0.373928 0.260481 0.369642 -0.375239 0.233703 0.374982
-0.373909 0.260971 0.369545 -0.375221 0.234169 0.37489
-0.37389 0.261461 0.369448 -0.375203 0.234636 0.374798
-0.37387 0.261952 0.369352 -0.375184 0.235102 0.374706
-0.373851 0.262442 0.369255 -0.375166 0.235568 0.374615
-0.373832 0.262932 0.369158 -0.37513 0.236501 0.374431
-0.373812 0.263422 0.369061 -0.375111 0.236968 0.374339
-0.373793 0.263912 0.368965 -0.375093 0.237434 0.374247
-0.373774 0.264402 0.368868 -0.375075 0.237901 0.374156
-0.373754 0.264893 0.368771 -0.375056 0.238368 0.374064
-0.373735 0.265383 0.368674 -0.375038 0.238835 0.373972
-0.373716 0.265873 0.368578 -0.37502 0.239301 0.37388
-0.373696 0.266363 0.368481 -0.375001 0.239767 0.373788
-0.373677 0.266853 0.368384 -0.374983 0.240232 0.373697
-0.373657 0.267343 0.368287 -0.374965 0.240697 0.373605
-0.373638 0.267834 0.368191 -0.374946 0.241161 0.373514
-0.373619 0.268324 0.368094 -0.374928 0.241626 0.373422
-0.373599 0.268814 0.367997 -0.374909 0.24209 0.373331
-0.37358 0.269304 0.367901 -0.374891 0.242555 0.373239
-0.373561 0.269794 0.367804 -0.374873 0.24302 0.373148
-0.373541 0.270284 0.367707 -0.374854 0.243486 0.373056
-0.373522 0.270775 0.36761 -0.374836 0.243952 0.372964
-0.373503 0.271265 0.367514 -0.374818 0.244418 0.372873
-0.373483 0.271755 0.367417 -0.374799 0.244884 0.372781
-0.373464 0.272245 0.36732 -0.374781 0.245351 0.372689
-0.373445 0.272735 0.367223 -0.374762 0.245817 0.372597
-0.373425 0.273225 0.367127 -0.374744 0.246284 0.372505
-0.373406 0.273716 0.36703 -0.374726 0.246751 0.372413
-0.373387 0.274206 0.366933 -0.374707 0.247217 0.372321
-0.373367 0.274696 0.366836 -0.374689 0.247684 0.37223
-0.373348 0.275186 0.36674 -0.374671 0.248151 0.372138
-0.373329 0.275676 0.366643 -0.374652 0.248619 0.372046
-0.373309 0.276166 0.366546 -0.374634 0.249086 0.371954
-0.37329 0.276657 0.366449 -0.374615 0.249554 0.371862
-0.373271 0.277147 0.366353 -0.374597 0.250021 0.37177
-0.373251 0.277637 0.366256 -0.374579 0.250489 0.371677
-0.373232 0.278127 0.366159 -0.37456 0.250958 0.371585
-0.373212 0.278617 0.366062 -0.374523 0.251895 0.371401
-0.373193 0.279107 0.365966 -0.374505 0.252364 0.371308
-0.373174 0.279598 0.365869 -0.374487 0.252834 0.371216
-0.373154 0.280088 0.365772 -0.374468 0.253303 0.371124
-0.373135 0.280578 0.365675 -0.37445 0.253773 0.371031
-0.373116 0.281068 0.365579 -0.374431 0.254244 0.370939
-0.373096 0.281558 0.365482 -0.374413 0.254714 0.370846
-0.373077 0.282049 0.365385 -0.374395 0.255185 0.370753
-0.373058 0.282539 0.365288 -0.374376 0.255656 0.370661
-0.373038 0.283029 0.365192 -0.374358 0.256128 0.370568
-0.373019 0.283519 0.365095 -0.374339 0.256599 0.370475
-0.373 0.284009 0.364998 -0.374321 0.257071 0.370382
-0.37298 0.284499 0.364901 -0.374303 0.257543 0.370289
-0.372961 0.28499 0.364805 -0.374284 0.258016 0.370196
-0.372942 0.28548 0.364708 -0.374266 0.258489 0.370103
-0.372922 0.28597 0.364611 -0.374247 0.258962 0.37001
-0.372903 0.28646 0.364514 -0.374229 0.259436 0.369917
-0.372884 0.28695 0.364418 -0.37421 0.259909 0.369824
-0.372864 0.28744 0.364321 -0.374192 0.260383 0.36973
-0.372845 0.287931 0.364224 -0.374173 0.260858 0.369637
-0.372825 0.288421 0.364127 -0.374155 0.261332 0.369544
-0.372806 0.288911 0.364031 -0.374136 0.261807 0.36945
-0.372787 0.289401 0.363934 -0.374118 0.262282 0.369357
-0.372767 0.289891 0.363837 -0.374099 0.262757 0.369263
-0.372748 0.290381 0.363741 -0.374081 0.263232 0.36917
-0.372729 0.290872 0.363644 -0.374062 0.263708 0.369076
-0.372709 0.291362 0.363547 -0.374044 0.264184 0.368983
-0.37269 0.291852 0.36345 -0.374025 0.26466 0.368889
-0.372671 0.292342 0.363354 -0.374007 0.265137 0.368795
-0.372651 0.292832 0.363257 -0.373988 0.265613 0.368701
-0.372632 0.293322 0.36316 -0.373969 0.26609 0.368608
-0.372613 0.293813 0.363063 -0.373951 0.266568 0.368514
-0.372593 0.294303 0.362967 -0.373932 0.267045 0.36842
-0.372574 0.294793 0.36287 -0.373914 0.267522 0.368326
-0.372555 0.295283 0.362773 -0.373895 0.268 0.368232
-0.372535 0.295773 0.362676 -0.373876 0.268477 0.368138
-0.372516 0.296263 0.36258 -0.373858 0.268954 0.368044
-0.372497 0.296754 0.362483 -0.373839 0.269431 0.36795
-0.372477 0.297244 0.362386 -0.37382 0.269908 0.367856
-0.372458 0.297734 0.362289 -0.373802 0.270385 0.367762
-0.372439 0.298224 0.362193 -0.373783 0.270862 0.367669
-0.372419 0.298714 0.362096 -0.373764 0.271339 0.367575
-0.3724 0.299204 0.361999 -0.373745 0.271816 0.367481
-0.37238 0.299695 0.361902 -0.373727 0.272293 0.367387
-0.372361 0.300185 0.361806 -0.373708 0.272771 0.367293
-0.372342 0.300675 0.361709 -0.37367 0.273726 0.367105
-0.372322 0.301165 0.361612 -0.373652 0.274204 0.367011
-0.372303 0.301655 0.361515 -0.373633 0.274683 0.366917
-0.372284 0.302145 0.361419 -0.373614 0.275162 0.366822
-0.372264 0.302636 0.361322 -0.373595 0.27564 0.366728
-0.372245 0.303126 0.361225 -0.373577 0.276119 0.366634
-0.372226 0.303616 0.361128 -0.373558 0.276597 0.36654
-0.372206 0.304106 0.361032 -0.373539 0.277075 0.366446
-0.372187 0.304596 0.360935 -0.37352 0.277553 0.366352
-0.372168 0.305086 0.360838 -0.373501 0.27803 0.366258
-0.372148 0.305577 0.360741 -0.373482 0.278508 0.366164
-0.372129 0.306067 0.360645 -0.373464 0.278986 0.36607
-0.37211 0.306557 0.360548 -0.373445 0.279464 0.365975
-0.37209 0.307047 0.360451 -0.373426 0.279942 0.365881
-0.372071 0.307537 0.360354 -0.373407 0.28042 0.365787
-0.372052 0.308027 0.360258 -0.373388 0.280898 0.365693
-0.372032 0.308518 0.360161 -0.373369 0.281376 0.365599
-0.372013 0.309008 0.360064 -0.37335 0.281855 0.365505
-0.371993 0.309498 0.359967 -0.373331 0.282333 0.365411
-0.371974 0.309988 0.359871 -0.373313 0.282811 0.365317
-0.371955 0.310478 0.359774 -0.373294 0.283289 0.365222
-0.371935 0.310969 0.359677 -0.373275 0.283766 0.365128
-0.371916 0.311459 0.359581 -0.373256 0.284244 0.365034
-0.371897 0.311949 0.359484 -0.373237 0.284721 0.36494
-0.371877 0.312439 0.359387 -0.373218 0.285199 0.364846
-0.371858 0.312929 0.35929 -0.373199 0.285676 0.364752
-0.371839 0.313419 0.359194 -0.37318 0.286154 0.364658
-0.371819 0.31391 0.359097 -0.373161 0.286632 0.364564
-0.3718 0.3144 0.359 -0.373142 0.287109 0.36447
-0.371781 0.31489 0.358903 -0.373123 0.287586 0.364376
-0.371761 0.31538 0.358807 -0.373085 0.288541 0.364188
-0.371742 0.31587 0.35871 -0.373066 0.289018 0.364094
-0.371723 0.31636 0.358613 -0.373048 0.289495 0.364
-0.371703 0.316851 0.358516 -0.373029 0.289972 0.363906
-0.371684 0.317341 0.35842 -0.37301 0.290448 0.363812
-0.371665 0.317831 0.358323 -0.372991 0.290925 0.363719
-0.371645 0.318321 0.358226 -0.372972 0.291401 0.363625
-0.371626 0.318811 0.358129 -0.372953 0.291877 0.363531
-0.371607 0.319301 0.358033 -0.372934 0.292354 0.363437
-0.371587 0.319792 0.357936 -0.372915 0.29283 0.363343
-0.371568 0.320282 0.357839 -0.372896 0.293305 0.36325
-0.371548 0.320772 0.357742 -0.372877 0.293781 0.363156
-0.371529 0.321262 0.357646 -0.372858 0.294257 0.363062
-0.37151 0.321752 0.357549 -0.372839 0.294733 0.362968
-0.37149 0.322242 0.357452 -0.37282 0.295209 0.362875
-0.371471 0.322733 0.357355 -0.372801 0.295684 0.362781
-0.371452 0.323223 0.357259 -0.372782 0.29616 0.362687
-0.371432 0.323713 0.357162 -0.372763 0.296636 0.362594
-0.371413 0.324203 0.357065 -0.372744 0.297112 0.3625
-0.371394 0.324693 0.356968 -0.372725 0.297587 0.362406
-0.371374 0.325183 0.356872 -0.372706 0.298063 0.362312
-0.371355 0.325674 0.356775 -0.372687 0.298539 0.362219
-0.371336 0.326164 0.356678 -0.372669 0.299014 0.362125
-0.371316 0.326654 0.356581 -0.37265 0.29949 0.362031
-0.371297 0.327144 0.356485 -0.372631 0.299965 0.361938
-0.371278 0.327634 0.356388 -0.372612 0.30044 0.361844
-0.371258 0.328124 0.356291 -0.372593 0.300914 0.361751
-0.371239 0.328615 0.356194 -0.372574 0.301389 0.361657
-0.37122 0.329105 0.356098 -0.372555 0.301864 0.361563
-0.3712 0.329595 0.356001 -0.372536 0.302338 0.36147
-0.371181 0.330085 0.355904 -0.372517 0.302813 0.361376
-0.371162 0.330575 0.355808 -0.372498 0.303288 0.361283
-0.371142 0.331065 0.355711 -0.37246 0.304237 0.361096
-0.371123 0.331556 0.355614 -0.372441 0.304712 0.361002
-0.371103 0.332046 0.355517 -0.372423 0.305187 0.360909
-0.371084 0.332536 0.355421 -0.372404 0.305662 0.360815
-0.371065 0.333026 0.355324 -0.372385 0.306137 0.360722
-0.371045 0.333516 0.355227 -0.372366 0.306612 0.360628
-0.371026 0.334006 0.35513 -0.372347 0.307087 0.360535
-0.371007 0.334497 0.355034 -0.372328 0.307562 0.360441
-0.370987 0.334987 0.354937 -0.372309 0.308038 0.360347
-0.370968 0.335477 0.35484 -0.37229 0.308513 0.360254
-0.370949 0.335967 0.354743 -0.372271 0.308989 0.36016
-0.370929 0.336457 0.354647 -0.372234 0.309941 0.359972
-0.37091 0.336948 0.35455 -0.372215 0.310417 0.359879
-0.370891 0.337438 0.354453 -0.372196 0.310893 0.359785
-0.370871 0.337928 0.354356 -0.372177 0.311368 0.359691
-0.370852 0.338418 0.35426 -0.372158 0.311844 0.359598
-0.370833 0.338908 0.354163 -0.372139 0.312319 0.359504
-0.370813 0.339398 0.354066 -0.372121 0.312794 0.35941
-0.370794 0.339889 0.353969 -0.372102 0.313268 0.359317
-0.370775 0.340379 0.353873 -0.372083 0.313742 0.359224
-0.370755 0.340869 0.353776 -0.372064 0.314216 0.35913
-0.370736 0.341359 0.353679 -0.372045 0.31469 0.359037
-0.370716 0.341849 0.353582 -0.372026 0.315163 0.358944
-0.370697 0.342339 0.353486 -0.372007 0.315637 0.35885
-0.370678 0.34283 0.353389 -0.371988 0.31611 0.358757
-0.370658 0.34332 0.353292 -0.371969 0.316583 0.358664
-0.370639 0.34381 0.353195 -0.371951 0.317055 0.358571
-0.37062 0.3443 0.353099 -0.371932 0.317528 0.358478
-0.3706 0.34479 0.353002 -0.371913 0.318001 0.358384
-0.370581 0.34528 0.352905 -0.371894 0.318473 0.358291
-0.370562 0.345771 0.352808 -0.371875 0.318945 0.358198
-0.370542 0.346261 0.352712 -0.371856 0.319417 0.358105
-0.370523 0.346751 0.352615 -0.371837 0.319889 0.358012
-0.370504 0.347241 0.352518 -0.371819 0.32036 0.357919
-0.370484 0.347731 0.352421 -0.3718 0.320831 0.357826
-0.370465 0.348221 0.352325 -0.371781 0.321302 0.357734
-0.370446 0.348712 0.352228 -0.371762 0.321772 0.357641
-0.370426 0.349202 0.352131 -0.371743 0.322243 0.357548
-0.370407 0.349692 0.352034 -0.371724 0.322713 0.357455
-0.370388 0.350182 0.351938 -0.371705 0.323184 0.357363
-0.370368 0.350672 0.351841 -0.371687 0.323654 0.35727
-0.370349 0.351162 0.351744 -0.371668 0.324124 0.357177
-0.37033 0.351653 0.351648 -0.371649 0.324594 0.357085
-0.37031 0.352143 0.351551 -0.37163 0.325065 0.356992
-0.370291 0.352633 0.351454 -0.371611 0.325535 0.356899
-0.370271 0.353123 0.351357 -0.371574 0.326476 0.356714
-0.370252 0.353613 0.351261 -0.371555 0.326946 0.356621
-0.370233 0.354103 0.351164 -0.371536 0.327417 0.356528
-0.370213 0.354594 0.351067 -0.371518 0.327888 0.356435
-0.370194 0.355084 0.35097 -0.371499 0.328358 0.356343
-0.370175 0.355574 0.350874 -0.37148 0.328829 0.35625
-0.370155 0.356064 0.350777 -0.371461 0.3293 0.356157
-0.370136 0.356554 0.35068 -0.371443 0.329772 0.356064
-0.370117 0.357044 0.350583 -0.371424 0.330243 0.355971
-0.370097 0.357535 0.350487 -0.371405 0.330714 0.355878
-0.370078 0.358025 0.35039 -0.371387 0.331186 0.355786
-0.370059 0.358515 0.350293 -0.371368 0.331658 0.355693
-0.370039 0.359005 0.350196 -0.371349 0.33213 0.3556
-0.37002 0.359495 0.3501 -0.371331 0.332602 0.355507
-0.370001 0.359985 0.350003 -0.371312 0.333074 0.355414
-0.369981 0.360476 0.349906 -0.371293 0.333547 0.355321
-0.370001 0.359985 0.350003 -0.371274 0.334019 0.355228
-0.369981 0.360476 0.349906 -0.371256 0.334491 0.355134
-0.370001 0.359985 0.350003 -0.371237 0.334964 0.355041
-0.369981 0.360476 0.349906 -0.371218 0.335436 0.354948
-0.370001 0.359985 0.350003 -0.3712 0.335908 0.354855
-0.369981 0.360476 0.349906 -0.371181 0.33638 0.354762
-0.370001 0.359985 0.350003 -0.371162 0.336853 0.354669
-0.369981 0.360476 0.349906 -0.371144 0.337325 0.354576
-0.370001 0.359985 0.350003 -0.371125 0.337797 0.354483
-0.369981 0.360476 0.349906 -0.371106 0.338267 0.354391
-0.370001 0.359985 0.350003 -0.371087 0.338735 0.354298
-0.369981 0.360476 0.349906 -0.371069 0.339201 0.354206
-0.370001 0.359985 0.350003 -0.37105 0.339664 0.354115
-0.369981 0.360476 0.349906 -0.371031 0.340123 0.354024
-0.370001 0.359985 0.350003 -0.371012 0.340579 0.353934
-0.369981 0.360476 0.349906 -0.370993 0.341031 0.353845
-0.370001 0.359985 0.350003 -0.370974 0.341479 0.353756
-0.369981 0.360476 0.349906 -0.370956 0.341923 0.353668
-0.370001 0.359985 0.350003 -0.370937 0.342363 0.353581
-0.369981 0.360476 0.349906 -0.370918 0.342797 0.353494
-0.370001 0.359985 0.350003 -0.370899 0.343227 0.353409
-0.369981 0.360476 0.349906 -0.370861 0.344069 0.353241
-0.370001 0.359985 0.350003 -0.370843 0.344481 0.353159
-0.369981 0.360476 0.349906 -0.370824 0.344888 0.353078
-0.370001 0.359985 0.350003 -0.370805 0.345288 0.352998
-0.369981 0.360476 0.349906 -0.370787 0.345681 0.352919
-0.370001 0.359985 0.350003 -0.370768 0.346068 0.352841
-0.369981 0.360476 0.349906 -0.37075 0.346449 0.352765
-0.370001 0.359985 0.350003 -0.370732 0.346823 0.35269
-0.369981 0.360476 0.349906 -0.370714 0.347191 0.352616
-0.370001 0.359985 0.350003 -0.370696 0.347552 0.352543
-0.369981 0.360476 0.349906 -0.370678 0.347906 0.352472
-0.370001 0.359985 0.350003 -0.370661 0.348254 0.352402
-0.369981 0.360476 0.349906 -0.370643 0.348595 0.352333
-0.370001 0.359985 0.350003 -0.370626 0.348929 0.352265
-0.369981 0.360476 0.349906 -0.370609 0.349256 0.352199
-0.370001 0.359985 0.350003 -0.370592 0.349577 0.352134
-0.369981 0.360476 0.349906 -0.370576 0.349891 0.35207
-0.370001 0.359985 0.350003 -0.370559 0.350199 0.352008
-0.369981 0.360476 0.349906 -0.370543 0.3505 0.351947
-0.370001 0.359985 0.350003 -0.370527 0.350795 0.351887
-0.369981 0.360476 0.349906 -0.370512 0.351084 0.351828
-0.370001 0.359985 0.350003 -0.370496 0.351366 0.351771
-0.369981 0.360476 0.349906 -0.370481 0.351642 0.351714
-0.370001 0.359985 0.350003 -0.370466 0.351912 0.351659
-0.369981 0.360476 0.349906 -0.370451 0.352176 0.351605
-0.370001 0.359985 0.350003 -0.370437 0.352434 0.351553
-0.369981 0.360476 0.349906 -0.370423 0.352687 0.351501
-0.370001 0.359985 0.350003 -0.370395 0.353174 0.351402
-0.369981 0.360476 0.349906 -0.370382 0.353409 0.351353
-0.370001 0.359985 0.350003 -0.370369 0.353639 0.351307
-0.369981 0.360476 0.349906 -0.370356 0.353863 0.351261
-0.370001 0.359985 0.350003 -0.370343 0.354081 0.351216
-0.369981 0.360476 0.349906 -0.370331 0.354294 0.351172
-0.370001 0.359985 0.350003 -0.370319 0.354502 0.35113
-0.369981 0.360476 0.349906 -0.370307 0.354704 0.351088
-0.370001 0.359985 0.350003 -0.370296 0.354902 0.351048
-0.369981 0.360476 0.349906 -0.370284 0.355094 0.351008
-0.370001 0.359985 0.350003 -0.370273 0.355281 0.35097
-0.369981 0.360476 0.349906 -0.370263 0.355462 0.350932
-0.370001 0.359985 0.350003 -0.370252 0.355639 0.350896
-0.369981 0.360476 0.349906 -0.370242 0.355811 0.350861
-0.370001 0.359985 0.350003 -0.370232 0.355978 0.350826
-0.369981 0.360476 0.349906 -0.370222 0.35614 0.350793
-0.370001 0.359985 0.350003 -0.370213 0.356297 0.350761
-0.369981 0.360476 0.349906 -0.370204 0.356448 0.35073
-0.370001 0.359985 0.350003 -0.370195 0.356595 0.350699
-0.369981 0.360476 0.349906 -0.370187 0.356737 0.35067
-0.370001 0.359985 0.350003 -0.370178 0.356875 0.350642
-0.369981 0.360476 0.349906 -0.37017 0.357008 0.350614
-0.370001 0.359985 0.350003 -0.370162 0.357137 0.350588
-0.369981 0.360476 0.349906 -0.370155 0.357261 0.350562
-0.370001 0.359985 0.350003 -0.370148 0.357381 0.350537
-0.369981 0.360476 0.349906 -0.370141 0.357497 0.350513
-0.370001 0.359985 0.350003 -0.370127 0.357718 0.350468
-0.369981 0.360476 0.349906 -0.370121 0.357822 0.350446
-0.370001 0.359985 0.350003 -0.370114 0.357923 0.350425
-0.369981 0.360476 0.349906 -0.370109 0.35802 0.350405
-0.370001 0.359985 0.350003 -0.370103 0.358114 0.350386
-0.369981 0.360476 0.349906 -0.370097 0.358205 0.350367
-0.370001 0.359985 0.350003 -0.370092 0.358292 0.350349
-0.369981 0.360476 0.349906 -0.370087 0.358376 0.350332
-0.370001 0.359985 0.350003 -0.370082 0.358457 0.350315
-0.369981 0.360476 0.349906 -0.370077 0.358535 0.350299
-0.370001 0.359985 0.350003 -0.370072 0.358611 0.350283
-0.369981 0.360476 0.349906 -0.370068 0.358684 0.350268
-0.370001 0.359985 0.350003 -0.370063 0.358754 0.350253
-0.369981 0.360476 0.349906 -0.370059 0.358821 0.350239
-0.370001 0.359985 0.350003 -0.370055 0.358886 0.350226
-0.369981 0.360476 0.349906 -0.370051 0.358949 0.350213
-0.370001 0.359985 0.350003 -0.370048 0.35901 0.3502
-0.369981 0.360476 0.349906 -0.370044 0.359068 0.350188
