-0.399972 -0.399287 0.499859 -0.399991 -0.399777 0.499956
-0.399953 -0.398797 0.499763 -0.399991 -0.399777 0.499956
-0.399933 -0.398307 0.499666 -0.399991 -0.399777 0.499956
-0.399914 -0.397817 0.499569 -0.399991 -0.399777 0.499956
-0.399894 -0.397327 0.499472 -0.399991 -0.399777 0.499956
-0.399875 -0.396836 0.499376 -0.399991 -0.399777 0.499956
-0.399856 -0.396346 0.499279 -0.399991 -0.399774 0.499955
-0.399836 -0.395856 0.499182 -0.399991 -0.399772 0.499955
-0.399817 -0.395366 0.499085 -0.399991 -0.399769 0.499954
-0.399798 -0.394876 0.498989 -0.39999 -0.399763 0.499953
-0.399778 -0.394386 0.498892 -0.39999 -0.399756 0.499952
-0.399759 -0.393895 0.498795 -0.39999 -0.399746 0.49995
-0.39974 -0.393405 0.498698 -0.399989 -0.399734 0.499947
-0.39972 -0.392915 0.498602 -0.399989 -0.39972 0.499945
-0.399701 -0.392425 0.498505 -0.399988 -0.399703 0.499941
-0.399682 -0.391935 0.498408 -0.399987 -0.399685 0.499938
-0.399662 -0.391444 0.498311 -0.399987 -0.399665 0.499934
-0.399643 -0.390954 0.498215 -0.399985 -0.399621 0.499925
-0.399624 -0.390464 0.498118 -0.399984 -0.399596 0.49992
-0.399604 -0.389974 0.498021 -0.399983 -0.399569 0.499915
-0.399585 -0.389484 0.497924 -0.399982 -0.399537 0.499909
-0.399566 -0.388994 0.497828 -0.39998 -0.3995 0.499901
-0.399546 -0.388503 0.497731 -0.399979 -0.399456 0.499893
-0.399527 -0.388013 0.497634 -0.399977 -0.399405 0.499883
-0.399507 -0.387523 0.497537 -0.399975 -0.399348 0.499872
-0.399488 -0.387033 0.497441 -0.399972 -0.399285 0.49986
-0.399469 -0.386543 0.497344 -0.39997 -0.399215 0.499846
-0.399449 -0.386053 0.497247 -0.399967 -0.399138 0.499831
-0.39943 -0.385562 0.49715 -0.399965 -0.399055 0.499815
-0.399411 -0.385072 0.497054 -0.399961 -0.398964 0.499798
-0.399391 -0.384582 0.496957 -0.399958 -0.398866 0.499779
-0.399372 -0.384092 0.49686 -0.399955 -0.398761 0.499759
-0.399353 -0.383602 0.496764 -0.399951 -0.398647 0.499737
-0.399333 -0.383112 0.496667 -0.399947 -0.398527 0.499714
-0.399314 -0.382621 0.49657 -0.399943 -0.398399 0.499689
-0.399295 -0.382131 0.496473 -0.399938 -0.398263 0.499663
-0.399275 -0.381641 0.496377 -0.399929 -0.39797 0.499607
-0.399256 -0.381151 0.49628 -0.399924 -0.397813 0.499577
-0.399237 -0.380661 0.496183 -0.399919 -0.397649 0.499546
-0.399217 -0.380171 0.496086 -0.399913 -0.397478 0.499513
-0.399198 -0.37968 0.49599 -0.399907 -0.3973 0.499479
-0.399179 -0.37919 0.495893 -0.399901 -0.397115 0.499444
-0.399159 -0.3787 0.495796 -0.399895 -0.396923 0.499407
-0.39914 -0.37821 0.495699 -0.399889 -0.396724 0.499369
-0.399121 -0.37772 0.495603 -0.399883 -0.396519 0.49933
-0.399101 -0.37723 0.495506 -0.399876 -0.396306 0.499289
-0.399082 -0.376739 0.495409 -0.399869 -0.396088 0.499248
-0.399062 -0.376249 0.495312 -0.399862 -0.395862 0.499205
-0.399043 -0.375759 0.495216 -0.399855 -0.39563 0.49916
-0.399024 -0.375269 0.495119 -0.399847 -0.395392 0.499115
-0.399004 -0.374779 0.495022 -0.399839 -0.395148 0.499068
-0.398985 -0.374289 0.494925 -0.399832 -0.394898 0.49902
-0.398966 -0.373798 0.494829 -0.399824 -0.394642 0.498972
-0.398946 -0.373308 0.494732 -0.399815 -0.39438 0.498922
-0.398927 -0.372818 0.494635 -0.399807 -0.394113 0.498871
-0.398908 -0.372328 0.494538 -0.399798 -0.39384 0.498819
-0.398888 -0.371838 0.494442 -0.399789 -0.393563 0.498766
-0.398869 -0.371348 0.494345 -0.39978 -0.393279 0.498711
-0.39885 -0.370857 0.494248 -0.399771 -0.392991 0.498656
-0.39883 -0.370367 0.494151 -0.399762 -0.392698 0.4986
-0.398811 -0.369877 0.494055 -0.399753 -0.392399 0.498543
-0.398792 -0.369387 0.493958 -0.399743 -0.392095 0.498485
-0.398772 -0.368897 0.493861 -0.399733 -0.391787 0.498426
-0.398753 -0.368407 0.493764 -0.399723 -0.391473 0.498366
-0.398734 -0.367916 0.493668 -0.399713 -0.391155 0.498305
-0.398714 -0.367426 0.493571 -0.399702 -0.390832 0.498243
-0.398695 -0.366936 0.493474 -0.399692 -0.390504 0.498181
-0.398675 -0.366446 0.493377 -0.399681 -0.390172 0.498117
-0.398656 -0.365956 0.493281 -0.39967 -0.389835 0.498052
-0.398637 -0.365466 0.493184 -0.399659 -0.389494 0.497987
-0.398617 -0.364975 0.493087 -0.399648 -0.389149 0.497921
-0.398598 -0.364485 0.49299 -0.399637 -0.388799 0.497854
-0.398579 -0.363995 0.492894 -0.399614 -0.388088 0.497717
-0.398559 -0.363505 0.492797 -0.399602 -0.387726 0.497648
-0.39854 -0.363015 0.4927 -0.39959 -0.387361 0.497578
-0.398521 -0.362524 0.492604 -0.399578 -0.386992 0.497507
-0.398501 -0.362034 0.492507 -0.399565 -0.386618 0.497435
-0.398482 -0.361544 0.49241 -0.399553 -0.386242 0.497363
-0.398463 -0.361054 0.492313 -0.39954 -0.385861 0.497289
-0.398443 -0.360564 0.492217 -0.399528 -0.385478 0.497215
-0.398424 -0.360074 0.49212 -0.399515 -0.385091 0.497141
-0.398405 -0.359583 0.492023 -0.399502 -0.384701 0.497066
-0.398385 -0.359093 0.491926 -0.399488 -0.384308 0.49699
-0.398366 -0.358603 0.49183 -0.399475 -0.383912 0.496914
-0.398347 -0.358113 0.491733 -0.399462 -0.383514 0.496837
-0.398327 -0.357623 0.491636 -0.399448 -0.383113 0.496759
-0.398308 -0.357133 0.491539 -0.399434 -0.382709 0.496681
-0.398289 -0.356642 0.491443 -0.39942 -0.382303 0.496603
-0.398269 -0.356152 0.491346 -0.399406 -0.381895 0.496524
-0.39825 -0.355662 0.491249 -0.399392 -0.381483 0.496444
-0.39823 -0.355172 0.491152 -0.399378 -0.38107 0.496364
-0.398211 -0.354682 0.491056 -0.399364 -0.380654 0.496284
-0.398192 -0.354192 0.490959 -0.399349 -0.380236 0.496203
-0.398172 -0.353701 0.490862 -0.399335 -0.379816 0.496121
-0.398153 -0.353211 0.490765 -0.39932 -0.379394 0.49604
-0.398134 -0.352721 0.490669 -0.399305 -0.37897 0.495957
-0.398114 -0.352231 0.490572 -0.39929 -0.378544 0.495875
-0.398095 -0.351741 0.490475 -0.39926 -0.377686 0.495708
-0.398076 -0.351251 0.490378 -0.399244 -0.377254 0.495624
-0.398056 -0.35076 0.490282 -0.399229 -0.37682 0.49554
-0.398037 -0.35027 0.490185 -0.399214 -0.376384 0.495455
-0.398018 -0.34978 0.490088 -0.399198 -0.375947 0.49537
-0.397998 -0.34929 0.489991 -0.399182 -0.375508 0.495284
-0.397979 -0.3488 0.489895 -0.399166 -0.375067 0.495198
-0.39796 -0.34831 0.489798 -0.399151 -0.374625 0.495112
-0.39794 -0.347819 0.489701 -0.399135 -0.374181 0.495026
-0.397921 -0.347329 0.489604 -0.399118 -0.373736 0.494939
-0.397902 -0.346839 0.489508 -0.399102 -0.373289 0.494852
-0.397882 -0.346349 0.489411 -0.399086 -0.372841 0.494764
-0.397863 -0.345859 0.489314 -0.39907 -0.372392 0.494676
-0.397843 -0.345369 0.489217 -0.399053 -0.371941 0.494588
-0.397824 -0.344878 0.489121 -0.399037 -0.371489 0.4945
-0.397805 -0.344388 0.489024 -0.39902 -0.371035 0.494411
-0.397785 -0.343898 0.488927 -0.399003 -0.370581 0.494322
-0.397766 -0.343408 0.488831 -0.398986 -0.370125 0.494233
-0.397747 -0.342918 0.488734 -0.39897 -0.369668 0.494144
-0.397727 -0.342428 0.488637 -0.398953 -0.36921 0.494054
-0.397708 -0.341937 0.48854 -0.398936 -0.368751 0.493964
-0.397689 -0.341447 0.488444 -0.398919 -0.368291 0.493874
-0.397669 -0.340957 0.488347 -0.398901 -0.36783 0.493784
-0.39765 -0.340467 0.48825 -0.398884 -0.367368 0.493693
-0.397631 -0.339977 0.488153 -0.398867 -0.366905 0.493602
-0.397611 -0.339487 0.488057 -0.398849 -0.366442 0.493511
-0.397592 -0.338996 0.48796 -0.398832 -0.365977 0.49342
-0.397573 -0.338506 0.487863 -0.398815 -0.365512 0.493329
-0.397553 -0.338016 0.487766 -0.398797 -0.365046 0.493237
-0.397534 -0.337526 0.48767 -0.398779 -0.36458 0.493146
-0.397515 -0.337036 0.487573 -0.398762 -0.364113 0.493054
-0.397495 -0.336546 0.487476 -0.398744 -0.363645 0.492962
-0.397476 -0.336055 0.487379 -0.398726 -0.363178 0.49287
-0.397457 -0.335565 0.487283 -0.398708 -0.362709 0.492778
-0.397437 -0.335075 0.487186 -0.398691 -0.36224 0.492686
-0.397418 -0.334585 0.487089 -0.398673 -0.36177 0.492593
-0.397398 -0.334095 0.486992 -0.398655 -0.361299 0.492501
-0.397379 -0.333604 0.486896 -0.398637 -0.360828 0.492408
-0.39736 -0.333114 0.486799 -0.398619 -0.360357 0.492315
-0.39734 -0.332624 0.486702 -0.3986 -0.359886 0.492222
-0.397321 -0.332134 0.486605 -0.398582 -0.359414 0.492129
-0.397302 -0.331644 0.486509 -0.398528 -0.357996 0.49185
-0.397282 -0.331154 0.486412 -0.398509 -0.357522 0.491757
-0.397263 -0.330663 0.486315 -0.398491 -0.357048 0.491663
-0.397244 -0.330173 0.486218 -0.398473 -0.356573 0.49157
-0.397224 -0.329683 0.486122 -0.398454 -0.356098 0.491476
-0.397205 -0.329193 0.486025 -0.398436 -0.355623 0.491382
-0.397186 -0.328703 0.485928 -0.398417 -0.355148 0.491288
-0.397166 -0.328213 0.485831 -0.398399 -0.354673 0.491195
-0.397147 -0.327722 0.485735 -0.39838 -0.354198 0.491101
-0.397128 -0.327232 0.485638 -0.398362 -0.353724 0.491007
-0.397108 -0.326742 0.485541 -0.398343 -0.35325 0.490913
-0.397089 -0.326252 0.485444 -0.398325 -0.352776 0.49082
-0.39707 -0.325762 0.485348 -0.398306 -0.352302 0.490726
-0.39705 -0.325272 0.485251 -0.398287 -0.351828 0.490633
-0.397031 -0.324781 0.485154 -0.398269 -0.351355 0.490539
-0.397011 -0.324291 0.485057 -0.39825 -0.350882 0.490445
-0.396992 -0.323801 0.484961 -0.398232 -0.350408 0.490352
-0.396973 -0.323311 0.484864 -0.398213 -0.349935 0.490258
-0.396953 -0.322821 0.484767 -0.398194 -0.349463 0.490165
-0.396934 -0.322331 0.484671 -0.398175 -0.34899 0.490071
-0.396915 -0.32184 0.484574 -0.398157 -0.348518 0.489978
-0.396895 -0.32135 0.484477 -0.398138 -0.348047 0.489884
-0.396876 -0.32086 0.48438 -0.398119 -0.347575 0.489791
-0.396857 -0.32037 0.484284 -0.3981 -0.347103 0.489697
-0.396837 -0.31988 0.484187 -0.398082 -0.346631 0.489604
-0.396818 -0.31939 0.48409 -0.398063 -0.34616 0.48951
-0.396799 -0.318899 0.483993 -0.398044 -0.345688 0.489417
-0.396779 -0.318409 0.483897 -0.398025 -0.345217 0.489324
-0.39676 -0.317919 0.4838 -0.398007 -0.344746 0.48923
-0.396741 -0.317429 0.483703 -0.397969 -0.343804 0.489044
-0.396721 -0.316939 0.483606 -0.39795 -0.343334 0.488951
-0.396702 -0.316449 0.48351 -0.397932 -0.342863 0.488857
-0.396683 -0.315958 0.483413 -0.397913 -0.342392 0.488764
-0.396663 -0.315468 0.483316 -0.397894 -0.341922 0.488671
-0.396644 -0.314978 0.483219 -0.397875 -0.341451 0.488578
-0.396625 -0.314488 0.483123 -0.397857 -0.34098 0.488484
-0.396605 -0.313998 0.483026 -0.397838 -0.34051 0.488391
-0.396586 -0.313508 0.482929 -0.397819 -0.340039 0.488298
-0.396566 -0.313017 0.482832 -0.3978 -0.339568 0.488204
-0.396547 -0.312527 0.482736 -0.397782 -0.339097 0.488111
-0.396528 -0.312037 0.482639 -0.397763 -0.338626 0.488018
-0.396508 -0.311547 0.482542 -0.397744 -0.338155 0.487925
-0.396489 -0.311057 0.482445 -0.397725 -0.337684 0.487831
-0.39647 -0.310567 0.482349 -0.39765 -0.335797 0.487458
-0.39645 -0.310076 0.482252 -0.397632 -0.335325 0.487364
-0.396431 -0.309586 0.482155 -0.397613 -0.334854 0.487271
-0.396412 -0.309096 0.482058 -0.397594 -0.334383 0.487177
-0.396392 -0.308606 0.481962 -0.397575 -0.333913 0.487084
-0.396373 -0.308116 0.481865 -0.397557 -0.333444 0.486991
-0.396354 -0.307626 0.481768 -0.397538 -0.332976 0.486899
-0.396334 -0.307135 0.481671 -0.397519 -0.332509 0.486806
-0.396315 -0.306645 0.481575 -0.397501 -0.332044 0.486714
-0.396296 -0.306155 0.481478 -0.397482 -0.331581 0.486622
-0.396276 -0.305665 0.481381 -0.397463 -0.331119 0.48653
-0.396257 -0.305175 0.481284 -0.397426 -0.330199 0.486347
-0.396238 -0.304684 0.481188 -0.397407 -0.32974 0.486256
-0.396218 -0.304194 0.481091 -0.397389 -0.329282 0.486165
-0.396199 -0.303704 0.480994 -0.39737 -0.328825 0.486075
-0.396179 -0.303214 0.480897 -0.397352 -0.328369 0.485984
-0.39616 -0.302724 0.480801 -0.397333 -0.327914 0.485893
-0.396141 -0.302234 0.480704 -0.397315 -0.327459 0.485803
-0.396121 -0.301743 0.480607 -0.397296 -0.327005 0.485713
-0.396102 -0.301253 0.480511 -0.397278 -0.326552 0.485623
-0.396083 -0.300763 0.480414 -0.397259 -0.3261 0.485533
-0.396063 -0.300273 0.480317 -0.397241 -0.325649 0.485443
-0.396044 -0.299783 0.48022 -0.397222 -0.325197 0.485354
-0.396025 -0.299293 0.480124 -0.397204 -0.324746 0.485264
-0.396005 -0.298802 0.480027 -0.397186 -0.324295 0.485175
-0.395986 -0.298312 0.47993 -0.397167 -0.323845 0.485085
-0.395967 -0.297822 0.479833 -0.397149 -0.323394 0.484995
-0.395947 -0.297332 0.479737 -0.397131 -0.322943 0.484906
-0.395928 -0.296842 0.47964 -0.397113 -0.322492 0.484816
-0.395909 -0.296352 0.479543 -0.397094 -0.322041 0.484727
-0.395889 -0.295861 0.479446 -0.397076 -0.321591 0.484638
-0.39587 -0.295371 0.47935 -0.397058 -0.321139 0.484548
-0.395851 -0.294881 0.479253 -0.39704 -0.320688 0.484459
-0.395831 -0.294391 0.479156 -0.397022 -0.320237 0.484369
-0.395812 -0.293901 0.479059 -0.397004 -0.319785 0.484279
-0.395793 -0.293411 0.478963 -0.396985 -0.319334 0.48419
-0.395773 -0.29292 0.478866 -0.396967 -0.318882 0.4841
-0.395754 -0.29243 0.478769 -0.396949 -0.318431 0.484011
-0.395734 -0.29194 0.478672 -0.396931 -0.317979 0.483921
-0.395715 -0.29145 0.478576 -0.396913 -0.317527 0.483832
-0.395696 -0.29096 0.478479 -0.396895 -0.317075 0.483742
-0.395676 -0.29047 0.478382 -0.396877 -0.316623 0.483653
-0.395657 -0.289979 0.478285 -0.396859 -0.316171 0.483563
-0.395638 -0.289489 0.478189 -0.396841 -0.315719 0.483474
-0.395618 -0.288999 0.478092 -0.396823 -0.315266 0.483384
-0.395599 -0.288509 0.477995 -0.396787 -0.314359 0.483204
-0.39558 -0.288019 0.477898 -0.396769 -0.313905 0.483115
-0.39556 -0.287529 0.477802 -0.396751 -0.31345 0.483025
-0.395541 -0.287038 0.477705 -0.396734 -0.312995 0.482935
-0.395522 -0.286548 0.477608 -0.396716 -0.312539 0.482845
-0.395502 -0.286058 0.477511 -0.396698 -0.312084 0.482754
-0.395483 -0.285568 0.477415 -0.39668 -0.311628 0.482664
-0.395464 -0.285078 0.477318 -0.396662 -0.311171 0.482574
-0.395444 -0.284588 0.477221 -0.396644 -0.310714 0.482484
-0.395425 -0.284097 0.477124 -0.396626 -0.310257 0.482393
-0.395406 -0.283607 0.477028 -0.396608 -0.309799 0.482303
-0.395386 -0.283117 0.476931 -0.39659 -0.30934 0.482212
-0.395367 -0.282627 0.476834 -0.396572 -0.308881 0.482121
-0.395348 -0.282137 0.476738 -0.396555 -0.308422 0.482031
-0.395328 -0.281647 0.476641 -0.396537 -0.307962 0.48194
-0.395309 -0.281156 0.476544 -0.396519 -0.307503 0.481849
-0.395289 -0.280666 0.476447 -0.396483 -0.306583 0.481667
-0.39527 -0.280176 0.476351 -0.396465 -0.306123 0.481577
-0.395251 -0.279686 0.476254 -0.396447 -0.305662 0.481486
-0.395231 -0.279196 0.476157 -0.396429 -0.305202 0.481395
-0.395212 -0.278705 0.47606 -0.396411 -0.304741 0.481304
-0.395193 -0.278215 0.475964 -0.396393 -0.304281 0.481213
-0.395173 -0.277725 0.475867 -0.396375 -0.30382 0.481122
-0.395154 -0.277235 0.47577 -0.396357 -0.303359 0.481031
-0.395135 -0.276745 0.475673 -0.396339 -0.302897 0.48094
-0.395115 -0.276255 0.475577 -0.396321 -0.302436 0.480848
-0.395096 -0.275764 0.47548 -0.396304 -0.301974 0.480757
-0.395077 -0.275274 0.475383 -0.396286 -0.301512 0.480666
-0.395057 -0.274784 0.475286 -0.396268 -0.30105 0.480575
-0.395038 -0.274294 0.47519 -0.39625 -0.300587 0.480483
-0.395019 -0.273804 0.475093 -0.396232 -0.300125 0.480392
-0.394999 -0.273314 0.474996 -0.396214 -0.299662 0.480301
-0.39498 -0.272823 0.474899 -0.396196 -0.299199 0.480209
-0.394961 -0.272333 0.474803 -0.396178 -0.298736 0.480118
-0.394941 -0.271843 0.474706 -0.39616 -0.298272 0.480026
-0.394922 -0.271353 0.474609 -0.396142 -0.297808 0.479935
-0.394902 -0.270863 0.474512 -0.396124 -0.297344 0.479843
-0.394883 -0.270373 0.474416 -0.396106 -0.29688 0.479751
-0.394864 -0.269882 0.474319 -0.396088 -0.296415 0.47966
-0.394844 -0.269392 0.474222 -0.39607 -0.29595 0.479568
-0.394825 -0.268902 0.474125 -0.396052 -0.295484 0.479476
-0.394806 -0.268412 0.474029 -0.396034 -0.295018 0.479384
-0.394786 -0.267922 0.473932 -0.396016 -0.294551 0.479292
-0.394767 -0.267432 0.473835 -0.395997 -0.294084 0.4792
-0.394748 -0.266941 0.473738 -0.395979 -0.293617 0.479107
-0.394728 -0.266451 0.473642 -0.395961 -0.29315 0.479015
-0.394709 -0.265961 0.473545 -0.395943 -0.292682 0.478923
-0.39469 -0.265471 0.473448 -0.395907 -0.291747 0.478738
-0.39467 -0.264981 0.473351 -0.395889 -0.29128 0.478646
-0.394651 -0.264491 0.473255 -0.395871 -0.290812 0.478554
-0.394632 -0.264 0.473158 -0.395853 -0.290345 0.478461
-0.394612 -0.26351 0.473061 -0.395835 -0.289877 0.478369
-0.394593 -0.26302 0.472964 -0.395816 -0.289409 0.478277
-0.394574 -0.26253 0.472868 -0.395798 -0.288941 0.478184
-0.394554 -0.26204 0.472771 -0.39578 -0.288473 0.478092
-0.394535 -0.26155 0.472674 -0.395762 -0.288005 0.477999
-0.394516 -0.261059 0.472578 -0.395671 -0.285661 0.477537
-0.394496 -0.260569 0.472481 -0.395653 -0.285193 0.477444
-0.394477 -0.260079 0.472384 -0.395634 -0.284725 0.477352
-0.394457 -0.259589 0.472287 -0.395616 -0.284257 0.477259
-0.394438 -0.259099 0.472191 -0.395598 -0.283791 0.477167
-0.394419 -0.258609 0.472094 -0.395561 -0.282864 0.476984
-0.394399 -0.258118 0.471997 -0.395543 -0.282404 0.476893
-0.39438 -0.257628 0.4719 -0.395525 -0.281945 0.476802
-0.394361 -0.257138 0.471804 -0.395507 -0.281489 0.476712
-0.394341 -0.256648 0.471707 -0.395488 -0.281034 0.476621
-0.394322 -0.256158 0.47161 -0.39547 -0.28058 0.476532
-0.394303 -0.255668 0.471513 -0.395452 -0.280128 0.476442
-0.394283 -0.255177 0.471417 -0.395434 -0.279677 0.476353
-0.394264 -0.254687 0.47132 -0.395416 -0.279228 0.476263
-0.394245 -0.254197 0.471223 -0.395397 -0.278779 0.476174
-0.394225 -0.253707 0.471126 -0.395379 -0.278332 0.476086
-0.394206 -0.253217 0.47103 -0.395361 -0.277885 0.475997
-0.394187 -0.252727 0.470933 -0.395343 -0.27744 0.475909
-0.394167 -0.252236 0.470836 -0.395325 -0.276996 0.475821
-0.394148 -0.251746 0.470739 -0.395307 -0.276553 0.475733
-0.394129 -0.251256 0.470643 -0.395289 -0.27611 0.475645
-0.394109 -0.250766 0.470546 -0.395271 -0.275669 0.475557
-0.39409 -0.250276 0.470449 -0.395253 -0.275228 0.47547
-0.39407 -0.249785 0.470352 -0.395235 -0.274787 0.475382
-0.394051 -0.249295 0.470256 -0.395217 -0.274348 0.475295
-0.394032 -0.248805 0.470159 -0.395199 -0.273908 0.475208
-0.394012 -0.248315 0.470062 -0.395181 -0.273469 0.475121
-0.393993 -0.247825 0.469965 -0.395145 -0.272591 0.474946
-0.393974 -0.247335 0.469869 -0.395128 -0.272152 0.474859
-0.393954 -0.246844 0.469772 -0.39511 -0.271714 0.474772
-0.393935 -0.246354 0.469675 -0.395092 -0.271275 0.474685
-0.393916 -0.245864 0.469578 -0.395074 -0.270836 0.474598
-0.393896 -0.245374 0.469482 -0.395057 -0.270397 0.474511
-0.393877 -0.244884 0.469385 -0.395039 -0.269957 0.474424
-0.393858 -0.244394 0.469288 -0.395021 -0.269518 0.474337
-0.393838 -0.243903 0.469191 -0.395004 -0.269078 0.47425
-0.393819 -0.243413 0.469095 -0.394986 -0.268638 0.474163
-0.3938 -0.242923 0.468998 -0.394969 -0.268198 0.474075
-0.39378 -0.242433 0.468901 -0.394951 -0.267757 0.473988
-0.393761 -0.241943 0.468804 -0.394933 -0.267316 0.473901
-0.393742 -0.241453 0.468708 -0.394916 -0.266874 0.473813
-0.393722 -0.240962 0.468611 -0.394898 -0.266432 0.473726
-0.393703 -0.240472 0.468514 -0.394881 -0.26599 0.473638
-0.393684 -0.239982 0.468418 -0.394863 -0.265547 0.473551
-0.393664 -0.239492 0.468321 -0.394846 -0.265103 0.473463
-0.393645 -0.239002 0.468224 -0.394828 -0.264659 0.473375
-0.393625 -0.238512 0.468127 -0.394811 -0.264215 0.473287
-0.393606 -0.238021 0.468031 -0.394794 -0.26377 0.473199
-0.393587 -0.237531 0.467934 -0.394776 -0.263324 0.473111
-0.393567 -0.237041 0.467837 -0.394759 -0.262879 0.473023
-0.393548 -0.236551 0.46774 -0.394741 -0.262433 0.472935
-0.393529 -0.236061 0.467644 -0.394724 -0.261987 0.472847
-0.393509 -0.235571 0.467547 -0.394706 -0.26154 0.472759
-0.39349 -0.23508 0.46745 -0.394689 -0.261092 0.47267
-0.393471 -0.23459 0.467353 -0.394671 -0.260644 0.472582
-0.393451 -0.2341 0.467257 -0.394654 -0.260196 0.472493
-0.393432 -0.23361 0.46716 -0.394619 -0.259298 0.472316
-0.393413 -0.23312 0.467063 -0.394602 -0.258848 0.472227
-0.393393 -0.23263 0.466966 -0.394584 -0.258397 0.472138
-0.393374 -0.232139 0.46687 -0.394567 -0.257946 0.472049
-0.393355 -0.231649 0.466773 -0.394549 -0.257494 0.471959
-0.393335 -0.231159 0.466676 -0.394532 -0.257041 0.47187
-0.393316 -0.230669 0.466579 -0.394514 -0.256588 0.471781
-0.393297 -0.230179 0.466483 -0.394497 -0.256134 0.471691
-0.393277 -0.229689 0.466386 -0.394479 -0.25568 0.471602
-0.393258 -0.229198 0.466289 -0.394462 -0.255226 0.471512
-0.393238 -0.228708 0.466192 -0.394444 -0.254772 0.471422
-0.393219 -0.228218 0.466096 -0.394427 -0.254318 0.471333
-0.3932 -0.227728 0.465999 -0.394409 -0.253864 0.471243
-0.39318 -0.227238 0.465902 -0.394392 -0.25341 0.471153
-0.393161 -0.226748 0.465805 -0.394374 -0.252956 0.471064
-0.393142 -0.226257 0.465709 -0.394357 -0.252502 0.470974
-0.393122 -0.225767 0.465612 -0.394339 -0.252047 0.470884
-0.393103 -0.225277 0.465515 -0.394322 -0.251592 0.470794
-0.393084 -0.224787 0.465418 -0.394304 -0.251137 0.470705
-0.393064 -0.224297 0.465322 -0.394269 -0.250226 0.470525
-0.393045 -0.223807 0.465225 -0.394251 -0.24977 0.470435
-0.393026 -0.223316 0.465128 -0.394234 -0.249314 0.470345
-0.393006 -0.222826 0.465031 -0.394216 -0.248858 0.470255
-0.392987 -0.222336 0.464935 -0.394199 -0.248401 0.470164
-0.392968 -0.221846 0.464838 -0.394181 -0.247943 0.470074
-0.392948 -0.221356 0.464741 -0.394163 -0.247486 0.469984
-0.392929 -0.220865 0.464645 -0.394146 -0.247027 0.469893
-0.39291 -0.220375 0.464548 -0.394128 -0.246569 0.469803
-0.39289 -0.219885 0.464451 -0.39411 -0.24611 0.469712
-0.392871 -0.219395 0.464354 -0.394093 -0.24565 0.469622
-0.392852 -0.218905 0.464258 -0.394057 -0.24473 0.46944
-0.392832 -0.218415 0.464161 -0.39404 -0.24427 0.469349
-0.392813 -0.217924 0.464064 -0.394022 -0.243809 0.469258
-0.392793 -0.217434 0.463967 -0.394004 -0.243348 0.469167
-0.392774 -0.216944 0.463871 -0.393986 -0.242886 0.469076
-0.392755 -0.216454 0.463774 -0.393969 -0.242425 0.468985
-0.392735 -0.215964 0.463677 -0.393951 -0.241964 0.468894
-0.392716 -0.215474 0.46358 -0.393933 -0.241502 0.468803
-0.392697 -0.214983 0.463484 -0.393915 -0.24104 0.468712
-0.392677 -0.214493 0.463387 -0.393897 -0.240579 0.468621
-0.392658 -0.214003 0.46329 -0.39388 -0.240117 0.468529
-0.392639 -0.213513 0.463193 -0.393862 -0.239655 0.468438
-0.392619 -0.213023 0.463097 -0.393844 -0.239192 0.468347
-0.3926 -0.212533 0.463 -0.393826 -0.23873 0.468256
-0.392581 -0.212042 0.462903 -0.393808 -0.238267 0.468164
-0.392561 -0.211552 0.462806 -0.39379 -0.237804 0.468073
-0.392542 -0.211062 0.46271 -0.393772 -0.237341 0.467981
-0.392523 -0.210572 0.462613 -0.393755 -0.236878 0.46789
-0.392503 -0.210082 0.462516 -0.393737 -0.236415 0.467798
-0.392484 -0.209592 0.462419 -0.393719 -0.235951 0.467707
-0.392465 -0.209101 0.462323 -0.393701 -0.235487 0.467615
-0.392445 -0.208611 0.462226 -0.393683 -0.235023 0.467524
-0.392426 -0.208121 0.462129 -0.393665 -0.234559 0.467432
-0.392406 -0.207631 0.462032 -0.393647 -0.234094 0.46734
-0.392387 -0.207141 0.461936 -0.393629 -0.233629 0.467248
-0.392368 -0.206651 0.461839 -0.393611 -0.233163 0.467156
-0.392348 -0.20616 0.461742 -0.393575 -0.232232 0.466972
-0.392329 -0.20567 0.461645 -0.393557 -0.231765 0.46688
-0.39231 -0.20518 0.461549 -0.393539 -0.231299 0.466788
-0.39229 -0.20469 0.461452 -0.393521 -0.230832 0.466696
-0.392271 -0.2042 0.461355 -0.393503 -0.230365 0.466604
-0.392252 -0.20371 0.461258 -0.393485 -0.229897 0.466511
-0.392232 -0.203219 0.461162 -0.393467 -0.229429 0.466419
-0.392213 -0.202729 0.461065 -0.393449 -0.228962 0.466327
-0.392194 -0.202239 0.460968 -0.393431 -0.228496 0.466235
-0.392174 -0.201749 0.460871 -0.393413 -0.22803 0.466143
-0.392155 -0.201259 0.460775 -0.393394 -0.227565 0.466051
-0.392136 -0.200769 0.460678 -0.393358 -0.226637 0.465867
-0.392116 -0.200278 0.460581 -0.39334 -0.226173 0.465776
-0.392097 -0.199788 0.460485 -0.393322 -0.22571 0.465684
-0.392078 -0.199298 0.460388 -0.393304 -0.225246 0.465592
-0.392058 -0.198808 0.460291 -0.393286 -0.224783 0.465501
-0.392039 -0.198318 0.460194 -0.393267 -0.22432 0.465409
-0.39202 -0.197828 0.460098 -0.393249 -0.223857 0.465318
-0.392 -0.197337 0.460001 -0.393231 -0.223394 0.465226
-0.391981 -0.196847 0.459904 -0.393213 -0.222931 0.465135
-0.391961 -0.196357 0.459807 -0.393195 -0.222468 0.465043
-0.391942 -0.195867 0.459711 -0.393177 -0.222005 0.464951
-0.391923 -0.195377 0.459614 -0.393158 -0.221542 0.46486
-0.391903 -0.194886 0.459517 -0.39314 -0.221079 0.464768
-0.391884 -0.194396 0.45942 -0.393122 -0.220615 0.464677
-0.391865 -0.193906 0.459324 -0.393104 -0.220152 0.464585
-0.391845 -0.193416 0.459227 -0.393086 -0.219689 0.464493
-0.391826 -0.192926 0.45913 -0.393068 -0.219225 0.464402
-0.391807 -0.192436 0.459033 -0.393049 -0.218762 0.46431
-0.391787 -0.191945 0.458937 -0.393031 -0.218298 0.464218
-0.391768 -0.191455 0.45884 -0.393013 -0.217834 0.464127
-0.391749 -0.190965 0.458743 -0.392995 -0.217369 0.464035
-0.391729 -0.190475 0.458646 -0.392977 -0.216905 0.463943
-0.39171 -0.189985 0.45855 -0.392959 -0.21644 0.463851
-0.391691 -0.189495 0.458453 -0.392941 -0.215975 0.463759
-0.391671 -0.189004 0.458356 -0.392922 -0.215509 0.463667
-0.391652 -0.188514 0.458259 -0.392904 -0.215043 0.463575
-0.391633 -0.188024 0.458163 -0.392886 -0.214577 0.463483
-0.391613 -0.187534 0.458066 -0.392868 -0.21411 0.46339
-0.391594 -0.187044 0.457969 -0.39285 -0.213643 0.463298
-0.391574 -0.186554 0.457872 -0.392813 -0.21271 0.463114
-0.391555 -0.186063 0.457776 -0.392795 -0.212243 0.463021
-0.391536 -0.185573 0.457679 -0.392777 -0.211776 0.462929
-0.391516 -0.185083 0.457582 -0.392759 -0.21131 0.462837
-0.391497 -0.184593 0.457485 -0.392741 -0.210843 0.462745
-0.391478 -0.184103 0.457389 -0.392722 -0.210377 0.462653
-0.391458 -0.183613 0.457292 -0.392704 -0.20991 0.46256
-0.391439 -0.183122 0.457195 -0.392686 -0.209443 0.462468
-0.39142 -0.182632 0.457098 -0.392668 -0.208976 0.462376
-0.3914 -0.182142 0.457002 -0.39265 -0.208509 0.462283
-0.391381 -0.181652 0.456905 -0.392631 -0.208042 0.462191
-0.391362 -0.181162 0.456808 -0.392613 -0.207574 0.462099
-0.391342 -0.180672 0.456711 -0.392595 -0.207107 0.462006
-0.391323 -0.180181 0.456615 -0.392577 -0.20664 0.461914
-0.391304 -0.179691 0.456518 -0.392558 -0.206173 0.461821
-0.391284 -0.179201 0.456421 -0.39254 -0.205706 0.461729
-0.391265 -0.178711 0.456325 -0.392522 -0.205239 0.461637
-0.391246 -0.178221 0.456228 -0.392504 -0.204773 0.461545
-0.391226 -0.177731 0.456131 -0.392485 -0.204306 0.461452
-0.391207 -0.17724 0.456034 -0.392467 -0.203838 0.46136
-0.391188 -0.17675 0.455938 -0.392449 -0.203371 0.461267
-0.391168 -0.17626 0.455841 -0.392431 -0.202903 0.461175
-0.391149 -0.17577 0.455744 -0.392412 -0.202435 0.461082
-0.391129 -0.17528 0.455647 -0.392394 -0.201966 0.46099
-0.39111 -0.17479 0.455551 -0.392376 -0.201498 0.460897
-0.391091 -0.174299 0.455454 -0.392358 -0.201029 0.460804
-0.391071 -0.173809 0.455357 -0.392339 -0.20056 0.460712
-0.391052 -0.173319 0.45526 -0.392321 -0.200091 0.460619
-0.391033 -0.172829 0.455164 -0.392303 -0.199622 0.460526
-0.391013 -0.172339 0.455067 -0.392285 -0.199153 0.460434
-0.390994 -0.171849 0.45497 -0.392266 -0.198684 0.460341
-0.390975 -0.171358 0.454873 -0.392248 -0.198215 0.460248
-0.390955 -0.170868 0.454777 -0.39223 -0.197746 0.460155
-0.390936 -0.170378 0.45468 -0.392211 -0.197277 0.460063
-0.390917 -0.169888 0.454583 -0.392193 -0.196808 0.45997
-0.390897 -0.169398 0.454486 -0.392175 -0.196339 0.459877
-0.390878 -0.168908 0.45439 -0.392157 -0.195869 0.459784
-0.390859 -0.168417 0.454293 -0.392138 -0.195399 0.459691
-0.390839 -0.167927 0.454196 -0.39212 -0.19493 0.459599
-0.39082 -0.167437 0.454099 -0.392083 -0.193989 0.459413
-0.390801 -0.166947 0.454003 -0.392065 -0.193519 0.45932
-0.390781 -0.166457 0.453906 -0.392047 -0.193048 0.459227
-0.390762 -0.165966 0.453809 -0.392028 -0.192578 0.459134
-0.390742 -0.165476 0.453712 -0.39201 -0.192106 0.459041
-0.390723 -0.164986 0.453616 -0.391992 -0.191635 0.458947
-0.390704 -0.164496 0.453519 -0.391973 -0.191164 0.458854
-0.390684 -0.164006 0.453422 -0.391955 -0.190692 0.458761
-0.390665 -0.163516 0.453325 -0.391937 -0.19022 0.458668
-0.390646 -0.163025 0.453229 -0.391919 -0.189747 0.458574
-0.390626 -0.162535 0.453132 -0.3919 -0.189275 0.458481
-0.390607 -0.162045 0.453035 -0.391882 -0.188802 0.458387
-0.390588 -0.161555 0.452938 -0.391863 -0.188329 0.458294
-0.390568 -0.161065 0.452842 -0.391845 -0.187856 0.4582
-0.390549 -0.160575 0.452745 -0.391827 -0.187383 0.458107
-0.39053 -0.160084 0.452648 -0.391808 -0.186909 0.458013
-0.39051 -0.159594 0.452552 -0.39179 -0.186435 0.457919
-0.390491 -0.159104 0.452455 -0.391772 -0.185961 0.457826
-0.390472 -0.158614 0.452358 -0.391753 -0.185487 0.457732
-0.390452 -0.158124 0.452261 -0.391735 -0.185012 0.457638
-0.390433 -0.157634 0.452165 -0.391716 -0.184538 0.457544
-0.390414 -0.157143 0.452068 -0.391698 -0.184063 0.457451
-0.390394 -0.156653 0.451971 -0.39168 -0.183588 0.457357
-0.390375 -0.156163 0.451874 -0.391661 -0.183113 0.457263
-0.390356 -0.155673 0.451778 -0.391643 -0.182638 0.457169
-0.390336 -0.155183 0.451681 -0.391624 -0.182162 0.457075
-0.390317 -0.154693 0.451584 -0.391606 -0.181686 0.456981
-0.390297 -0.154202 0.451487 -0.391588 -0.181211 0.456887
-0.390278 -0.153712 0.451391 -0.391569 -0.180735 0.456793
-0.390259 -0.153222 0.451294 -0.391551 -0.180258 0.456699
-0.390239 -0.152732 0.451197 -0.391532 -0.179782 0.456604
-0.39022 -0.152242 0.4511 -0.391514 -0.179305 0.45651
-0.390201 -0.151752 0.451004 -0.391495 -0.178829 0.456416
-0.390181 -0.151261 0.450907 -0.391477 -0.178353 0.456322
-0.390162 -0.150771 0.45081 -0.391458 -0.177877 0.456228
-0.390143 -0.150281 0.450713 -0.39144 -0.177401 0.456134
-0.390123 -0.149791 0.450617 -0.391421 -0.176927 0.45604
-0.390104 -0.149301 0.45052 -0.391384 -0.175978 0.455852
-0.390085 -0.148811 0.450423 -0.391366 -0.175503 0.455758
-0.390065 -0.14832 0.450326 -0.391347 -0.175028 0.455665
-0.390046 -0.14783 0.45023 -0.391329 -0.174553 0.455571
-0.390027 -0.14734 0.450133 -0.39131 -0.174078 0.455477
-0.390007 -0.14685 0.450036 -0.391291 -0.173603 0.455383
-0.389988 -0.14636 0.449939 -0.391273 -0.173128 0.455289
-0.389969 -0.14587 0.449843 -0.391254 -0.172653 0.455195
-0.389949 -0.145379 0.449746 -0.391236 -0.172178 0.455101
-0.38993 -0.144889 0.449649 -0.391217 -0.171702 0.455007
-0.38991 -0.144399 0.449552 -0.391199 -0.171226 0.454913
-0.389891 -0.143909 0.449456 -0.39118 -0.170751 0.454819
-0.389872 -0.143419 0.449359 -0.391161 -0.170276 0.454725
-0.389852 -0.142929 0.449262 -0.391143 -0.169802 0.454631
-0.389833 -0.142438 0.449165 -0.391124 -0.169329 0.454537
-0.389814 -0.141948 0.449069 -0.391106 -0.168855 0.454444
-0.389794 -0.141458 0.448972 -0.391087 -0.168381 0.45435
-0.389775 -0.140968 0.448875 -0.391069 -0.167908 0.454256
-0.389756 -0.140478 0.448778 -0.39105 -0.167433 0.454162
-0.389736 -0.139988 0.448682 -0.391031 -0.166959 0.454069
-0.389717 -0.139497 0.448585 -0.391013 -0.166484 0.453975
-0.389698 -0.139007 0.448488 -0.390938 -0.164586 0.453599
-0.389678 -0.138517 0.448392 -0.39092 -0.164112 0.453505
-0.389659 -0.138027 0.448295 -0.390901 -0.163638 0.453412
-0.38964 -0.137537 0.448198 -0.390883 -0.163165 0.453318
-0.38962 -0.137046 0.448101 -0.390864 -0.162693 0.453225
-0.389601 -0.136556 0.448005 -0.390845 -0.162222 0.453131
-0.389582 -0.136066 0.447908 -0.390808 -0.161283 0.452946
-0.389562 -0.135576 0.447811 -0.390789 -0.160815 0.452853
-0.389543 -0.135086 0.447714 -0.390771 -0.160349 0.452761
-0.389524 -0.134596 0.447618 -0.390752 -0.159883 0.452669
-0.389504 -0.134105 0.447521 -0.390734 -0.159419 0.452577
-0.389485 -0.133615 0.447424 -0.390715 -0.158956 0.452485
-0.389465 -0.133125 0.447327 -0.390696 -0.158493 0.452393
-0.389446 -0.132635 0.447231 -0.390678 -0.158031 0.452302
-0.389427 -0.132145 0.447134 -0.390659 -0.15757 0.45221
-0.389407 -0.131655 0.447037 -0.39064 -0.15711 0.452119
-0.389388 -0.131164 0.44694 -0.390622 -0.15665 0.452028
-0.389369 -0.130674 0.446844 -0.390603 -0.156191 0.451937
-0.389349 -0.130184 0.446747 -0.390585 -0.155733 0.451846
-0.38933 -0.129694 0.44665 -0.390566 -0.155275 0.451756
-0.389311 -0.129204 0.446553 -0.390548 -0.154817 0.451665
-0.389291 -0.128714 0.446457 -0.390529 -0.154361 0.451575
-0.389272 -0.128223 0.44636 -0.390511 -0.153904 0.451484
-0.389253 -0.127733 0.446263 -0.390492 -0.153448 0.451394
-0.389233 -0.127243 0.446166 -0.390474 -0.152992 0.451303
-0.389214 -0.126753 0.44607 -0.390455 -0.152536 0.451213
-0.389195 -0.126263 0.445973 -0.390437 -0.15208 0.451123
-0.389175 -0.125773 0.445876 -0.390419 -0.151624 0.451033
-0.389156 -0.125282 0.445779 -0.3904 -0.151168 0.450942
-0.389137 -0.124792 0.445683 -0.390382 -0.150712 0.450852
-0.389117 -0.124302 0.445586 -0.390364 -0.150256 0.450762
-0.389098 -0.123812 0.445489 -0.390345 -0.149801 0.450671
-0.389078 -0.123322 0.445392 -0.390327 -0.149345 0.450581
-0.389059 -0.122832 0.445296 -0.390309 -0.14889 0.450491
-0.38904 -0.122341 0.445199 -0.390291 -0.148434 0.450401
-0.38902 -0.121851 0.445102 -0.390272 -0.147979 0.450311
-0.389001 -0.121361 0.445005 -0.390254 -0.147523 0.450221
-0.388982 -0.120871 0.444909 -0.390236 -0.147068 0.45013
-0.388962 -0.120381 0.444812 -0.390218 -0.146612 0.45004
-0.388943 -0.119891 0.444715 -0.390182 -0.145701 0.44986
-0.388924 -0.1194 0.444618 -0.390164 -0.145245 0.44977
-0.388904 -0.11891 0.444522 -0.390091 -0.143418 0.449408
-0.388885 -0.11842 0.444425 -0.390073 -0.142961 0.449318
-0.388866 -0.11793 0.444328 -0.390055 -0.142505 0.449227
-0.388846 -0.11744 0.444232 -0.390037 -0.142048 0.449137
-0.388827 -0.11695 0.444135 -0.390019 -0.141592 0.449047
-0.388808 -0.116459 0.444038 -0.390001 -0.141137 0.448957
-0.388788 -0.115969 0.443941 -0.389965 -0.140231 0.448778
-0.388769 -0.115479 0.443845 -0.389947 -0.139781 0.448688
-0.38875 -0.114989 0.443748 -0.389929 -0.139331 0.448599
-0.38873 -0.114499 0.443651 -0.389911 -0.138883 0.448511
-0.388711 -0.114009 0.443554 -0.389893 -0.138436 0.448422
-0.388692 -0.113518 0.443458 -0.389875 -0.13799 0.448334
-0.388672 -0.113028 0.443361 -0.389839 -0.137101 0.448158
-0.388653 -0.112538 0.443264 -0.389821 -0.136657 0.44807
-0.388633 -0.112048 0.443167 -0.389803 -0.136214 0.447982
-0.388614 -0.111558 0.443071 -0.389785 -0.135772 0.447895
-0.388595 -0.111067 0.442974 -0.389767 -0.135331 0.447807
-0.388575 -0.110577 0.442877 -0.389749 -0.13489 0.44772
-0.388556 -0.110087 0.44278 -0.389731 -0.13445 0.447633
-0.388537 -0.109597 0.442684 -0.389713 -0.134011 0.447546
-0.388517 -0.109107 0.442587 -0.389696 -0.133573 0.447459
-0.388498 -0.108617 0.44249 -0.389678 -0.133135 0.447372
-0.388479 -0.108126 0.442393 -0.38966 -0.132698 0.447286
-0.388459 -0.107636 0.442297 -0.389642 -0.132261 0.447199
-0.38844 -0.107146 0.4422 -0.389624 -0.131825 0.447113
-0.388421 -0.106656 0.442103 -0.389607 -0.13139 0.447027
-0.388401 -0.106166 0.442006 -0.389589 -0.130955 0.44694
-0.388382 -0.105676 0.44191 -0.389571 -0.13052 0.446854
-0.388363 -0.105185 0.441813 -0.389536 -0.129652 0.446683
-0.388343 -0.104695 0.441716 -0.389518 -0.129218 0.446597
-0.388324 -0.104205 0.441619 -0.389501 -0.128785 0.446511
-0.388305 -0.103715 0.441523 -0.389483 -0.128351 0.446425
-0.388285 -0.103225 0.441426 -0.389466 -0.127917 0.446339
-0.388266 -0.102735 0.441329 -0.389448 -0.127483 0.446253
-0.388246 -0.102244 0.441232 -0.389431 -0.127049 0.446167
-0.388227 -0.101754 0.441136 -0.389413 -0.126615 0.446081
-0.388208 -0.101264 0.441039 -0.389396 -0.12618 0.445995
-0.388188 -0.100774 0.440942 -0.389379 -0.125745 0.445909
-0.388169 -0.100284 0.440845 -0.389361 -0.12531 0.445823
-0.38815 -0.0997936 0.440749 -0.389344 -0.124874 0.445737
-0.38813 -0.0993034 0.440652 -0.389327 -0.124438 0.44565
-0.388111 -0.0988133 0.440555 -0.389309 -0.124001 0.445564
-0.388092 -0.0983231 0.440459 -0.389292 -0.123564 0.445478
-0.388072 -0.0978329 0.440362 -0.389275 -0.123126 0.445391
-0.388053 -0.0973427 0.440265 -0.389258 -0.122688 0.445304
-0.388034 -0.0968526 0.440168 -0.38924 -0.12225 0.445218
-0.388014 -0.0963624 0.440072 -0.389223 -0.121811 0.445131
-0.387995 -0.0958722 0.439975 -0.389206 -0.121371 0.445044
-0.387976 -0.0953821 0.439878 -0.389189 -0.120932 0.444957
-0.387956 -0.0948919 0.439781 -0.389172 -0.120492 0.44487
-0.387937 -0.0944017 0.439685 -0.389154 -0.120052 0.444783
-0.387918 -0.0939116 0.439588 -0.389137 -0.119611 0.444696
-0.387898 -0.0934214 0.439491 -0.38912 -0.119169 0.444608
-0.387879 -0.0929312 0.439394 -0.389103 -0.118726 0.444521
-0.38786 -0.0924411 0.439298 -0.389086 -0.118283 0.444433
-0.38784 -0.0919509 0.439201 -0.389069 -0.11784 0.444346
-0.387821 -0.0914607 0.439104 -0.389051 -0.117396 0.444258
-0.387801 -0.0909705 0.439007 -0.389034 -0.116951 0.44417
-0.387782 -0.0904804 0.438911 -0.389 -0.116061 0.443994
-0.387763 -0.0899902 0.438814 -0.388983 -0.115615 0.443906
-0.387743 -0.0895 0.438717 -0.388966 -0.115168 0.443818
-0.387724 -0.0890099 0.43862 -0.388949 -0.114721 0.443729
-0.387705 -0.0885197 0.438524 -0.388931 -0.114273 0.443641
-0.387685 -0.0880295 0.438427 -0.388914 -0.113825 0.443552
-0.387666 -0.0875394 0.43833 -0.388897 -0.113376 0.443464
-0.387647 -0.0870492 0.438233 -0.38888 -0.112926 0.443375
-0.387627 -0.086559 0.438137 -0.388863 -0.112476 0.443286
-0.387608 -0.0860688 0.43804 -0.388846 -0.112025 0.443197
-0.387589 -0.0855787 0.437943 -0.388828 -0.111574 0.443108
-0.387569 -0.0850885 0.437846 -0.388811 -0.111122 0.443018
-0.38755 -0.0845983 0.43775 -0.388777 -0.110216 0.442839
-0.387531 -0.0841082 0.437653 -0.388759 -0.109762 0.44275
-0.387511 -0.083618 0.437556 -0.388725 -0.108852 0.44257
-0.387492 -0.0831278 0.437459 -0.388708 -0.108397 0.44248
-0.387473 -0.0826377 0.437363 -0.38869 -0.107941 0.44239
-0.387453 -0.0821475 0.437266 -0.388673 -0.107485 0.4423
-0.387434 -0.0816573 0.437169 -0.388656 -0.107029 0.44221
-0.387414 -0.0811672 0.437072 -0.388638 -0.106574 0.44212
-0.387395 -0.080677 0.436976 -0.388621 -0.106118 0.44203
-0.387376 -0.0801868 0.436879 -0.388604 -0.105664 0.44194
-0.387356 -0.0796966 0.436782 -0.388586 -0.105209 0.44185
-0.387337 -0.0792065 0.436685 -0.388569 -0.104754 0.44176
-0.387318 -0.0787163 0.436589 -0.388551 -0.1043 0.441671
-0.387298 -0.0782261 0.436492 -0.388534 -0.103846 0.441581
-0.387279 -0.077736 0.436395 -0.388516 -0.103392 0.441491
-0.38726 -0.0772458 0.436299 -0.388499 -0.102937 0.441401
-0.38724 -0.0767556 0.436202 -0.388481 -0.102483 0.441311
-0.387221 -0.0762655 0.436105 -0.388463 -0.102029 0.441222
-0.387202 -0.0757753 0.436008 -0.388446 -0.101574 0.441132
-0.387182 -0.0752851 0.435912 -0.388428 -0.10112 0.441042
-0.387163 -0.0747949 0.435815 -0.388411 -0.100665 0.440952
-0.387144 -0.0743048 0.435718 -0.388393 -0.10021 0.440862
-0.387124 -0.0738146 0.435621 -0.388376 -0.0997547 0.440772
-0.387105 -0.0733244 0.435525 -0.388358 -0.0992995 0.440682
-0.387086 -0.0728343 0.435428 -0.38834 -0.0988441 0.440592
-0.387066 -0.0723441 0.435331 -0.388323 -0.0983884 0.440502
-0.387047 -0.0718539 0.435234 -0.388305 -0.0979324 0.440412
-0.387028 -0.0713638 0.435138 -0.388287 -0.0974761 0.440322
-0.387008 -0.0708736 0.435041 -0.38827 -0.0970195 0.440232
-0.386989 -0.0703834 0.434944 -0.388252 -0.0965625 0.440141
-0.386969 -0.0698933 0.434847 -0.388234 -0.0961052 0.440051
-0.38695 -0.0694031 0.434751 -0.388217 -0.0956475 0.43996
-0.386931 -0.0689129 0.434654 -0.388199 -0.0951896 0.43987
-0.386911 -0.0684227 0.434557 -0.388181 -0.0947315 0.439779
-0.386892 -0.0679326 0.43446 -0.388164 -0.0942733 0.439689
-0.386873 -0.0674424 0.434364 -0.388146 -0.093815 0.439598
-0.386853 -0.0669522 0.434267 -0.388128 -0.0933566 0.439508
-0.386834 -0.0664621 0.43417 -0.388111 -0.0928981 0.439417
-0.386815 -0.0659719 0.434073 -0.388093 -0.0924394 0.439326
-0.386795 -0.0654817 0.433977 -0.388075 -0.0919805 0.439236
-0.386776 -0.0649916 0.43388 -0.388057 -0.0915214 0.439145
-0.386757 -0.0645014 0.433783 -0.38804 -0.0910621 0.439054
-0.386737 -0.0640112 0.433686 -0.388022 -0.0906025 0.438963
-0.386718 -0.063521 0.43359 -0.388004 -0.0901426 0.438872
-0.386699 -0.0630309 0.433493 -0.387986 -0.0896824 0.438781
-0.386679 -0.0625407 0.433396 -0.387951 -0.0887611 0.438599
-0.38666 -0.0620505 0.433299 -0.387933 -0.0882999 0.438508
-0.386641 -0.0615604 0.433203 -0.387915 -0.0878383 0.438417
-0.386621 -0.0610702 0.433106 -0.387897 -0.0873764 0.438325
-0.386602 -0.06058 0.433009 -0.387879 -0.0869141 0.438234
-0.386582 -0.0600899 0.432912 -0.387861 -0.0864514 0.438143
-0.386563 -0.0595997 0.432816 -0.387844 -0.0859883 0.438051
-0.386544 -0.0591095 0.432719 -0.387826 -0.0855248 0.437959
-0.386524 -0.0586194 0.432622 -0.387808 -0.0850608 0.437868
-0.386505 -0.0581292 0.432525 -0.38779 -0.0845965 0.437776
-0.386486 -0.057639 0.432429 -0.387772 -0.0841318 0.437684
-0.386466 -0.0571488 0.432332 -0.387754 -0.0836667 0.437592
-0.386447 -0.0566587 0.432235 -0.387736 -0.0832011 0.4375
-0.386428 -0.0561685 0.432139 -0.387718 -0.0827351 0.437408
-0.386408 -0.0556783 0.432042 -0.3877 -0.0822688 0.437316
-0.386389 -0.0551882 0.431945 -0.387682 -0.081802 0.437224
-0.38637 -0.054698 0.431848 -0.387664 -0.0813349 0.437131
-0.38635 -0.0542078 0.431752 -0.387647 -0.0808674 0.437039
-0.386331 -0.0537177 0.431655 -0.387629 -0.0803996 0.436946
-0.386312 -0.0532275 0.431558 -0.387611 -0.0799317 0.436854
-0.386292 -0.0527373 0.431461 -0.387593 -0.0794638 0.436761
-0.386273 -0.0522471 0.431365 -0.387575 -0.0789959 0.436669
-0.386254 -0.051757 0.431268 -0.387556 -0.078528 0.436576
-0.386234 -0.0512668 0.431171 -0.387538 -0.0780599 0.436484
-0.386215 -0.0507766 0.431074 -0.38752 -0.0775915 0.436391
-0.386196 -0.0502865 0.430978 -0.387502 -0.0771227 0.436299
-0.386176 -0.0497963 0.430881 -0.387484 -0.0766536 0.436206
-0.386157 -0.0493061 0.430784 -0.387466 -0.0761843 0.436113
-0.386137 -0.048816 0.430687 -0.387448 -0.0757149 0.43602
-0.386118 -0.0483258 0.430591 -0.38743 -0.0752455 0.435928
-0.386099 -0.0478356 0.430494 -0.387412 -0.0747759 0.435835
-0.386079 -0.0473455 0.430397 -0.387375 -0.0738365 0.435649
-0.38606 -0.0468553 0.4303 -0.387357 -0.0733666 0.435556
-0.386041 -0.0463651 0.430204 -0.387339 -0.0728967 0.435463
-0.386021 -0.0458749 0.430107 -0.387321 -0.072427 0.43537
-0.386002 -0.0453848 0.43001 -0.387303 -0.0719574 0.435278
-0.385983 -0.0448946 0.429913 -0.387284 -0.0714882 0.435185
-0.385963 -0.0444044 0.429817 -0.387266 -0.0710192 0.435092
-0.385944 -0.0439143 0.42972 -0.387248 -0.0705502 0.434999
-0.385925 -0.0434241 0.429623 -0.387229 -0.070081 0.434907
-0.385905 -0.0429339 0.429526 -0.387211 -0.0696114 0.434814
-0.385886 -0.0424438 0.42943 -0.387193 -0.0691416 0.434721
-0.385867 -0.0419536 0.429333 -0.387175 -0.0686713 0.434628
-0.385847 -0.0414634 0.429236 -0.387138 -0.0677297 0.434442
-0.385828 -0.0409732 0.429139 -0.38712 -0.0672583 0.434349
-0.385809 -0.0404831 0.429043 -0.387101 -0.0667866 0.434255
-0.385789 -0.0399929 0.428946 -0.387083 -0.0663145 0.434162
-0.38577 -0.0395027 0.428849 -0.387065 -0.0658421 0.434069
-0.38575 -0.0390126 0.428752 -0.387046 -0.0653697 0.433975
-0.385731 -0.0385224 0.428656 -0.387028 -0.0648974 0.433882
-0.385712 -0.0380322 0.428559 -0.38701 -0.0644256 0.433789
-0.385692 -0.0375421 0.428462 -0.386991 -0.0639544 0.433695
-0.385673 -0.0370519 0.428366 -0.386973 -0.0634838 0.433602
-0.385654 -0.0365617 0.428269 -0.386955 -0.0630134 0.433509
-0.385634 -0.0360715 0.428172 -0.386936 -0.0625433 0.433417
-0.385615 -0.0355814 0.428075 -0.386918 -0.0620732 0.433324
-0.385596 -0.0350912 0.427979 -0.386899 -0.0616032 0.433231
-0.385576 -0.034601 0.427882 -0.386881 -0.0611335 0.433138
-0.385557 -0.0341109 0.427785 -0.386862 -0.060664 0.433045
-0.385538 -0.0336207 0.427688 -0.386844 -0.0601949 0.432952
-0.385518 -0.0331305 0.427592 -0.386825 -0.0597261 0.432859
-0.385499 -0.0326404 0.427495 -0.386807 -0.0592575 0.432767
-0.38548 -0.0321502 0.427398 -0.386788 -0.0587892 0.432674
-0.38546 -0.03166 0.427301 -0.38677 -0.0583211 0.432582
-0.385441 -0.0311699 0.427205 -0.386751 -0.057853 0.432489
-0.385422 -0.0306797 0.427108 -0.386733 -0.0573852 0.432397
-0.385402 -0.0301895 0.427011 -0.386714 -0.0569174 0.432304
-0.385383 -0.0296993 0.426914 -0.386696 -0.0564496 0.432212
-0.385364 -0.0292092 0.426818 -0.386677 -0.055982 0.432119
-0.385344 -0.028719 0.426721 -0.386659 -0.0555143 0.432027
-0.385325 -0.0282288 0.426624 -0.38664 -0.0550466 0.431934
-0.385305 -0.0277387 0.426527 -0.386622 -0.0545788 0.431842
-0.385286 -0.0272485 0.426431 -0.386585 -0.0536431 0.431657
-0.385267 -0.0267583 0.426334 -0.386567 -0.053175 0.431564
-0.385247 -0.0262682 0.426237 -0.386548 -0.0527067 0.431472
-0.385228 -0.025778 0.42614 -0.38653 -0.0522383 0.431379
-0.385209 -0.0252878 0.426044 -0.386511 -0.0517697 0.431286
-0.385189 -0.0247976 0.425947 -0.386493 -0.0513009 0.431194
-0.38517 -0.0243075 0.42585 -0.386474 -0.0508319 0.431101
-0.385151 -0.0238173 0.425753 -0.386456 -0.0503628 0.431008
-0.385131 -0.0233271 0.425657 -0.386437 -0.0498937 0.430916
-0.385112 -0.022837 0.42556 -0.386419 -0.0494247 0.430823
-0.385093 -0.0223468 0.425463 -0.3864 -0.0489559 0.43073
-0.385073 -0.0218566 0.425366 -0.386382 -0.0484872 0.430637
-0.385054 -0.0213665 0.42527 -0.386364 -0.0480186 0.430545
-0.385035 -0.0208763 0.425173 -0.386345 -0.0475502 0.430452
-0.385015 -0.0203861 0.425076 -0.386327 -0.047082 0.43036
-0.384996 -0.019896 0.424979 -0.386308 -0.046614 0.430267
-0.384977 -0.0194058 0.424883 -0.38629 -0.046146 0.430175
-0.384957 -0.0189156 0.424786 -0.386253 -0.0452102 0.42999
-0.384938 -0.0184254 0.424689 -0.386234 -0.0447424 0.429897
-0.384918 -0.0179353 0.424592 -0.386216 -0.0442745 0.429805
-0.384899 -0.0174451 0.424496 -0.386197 -0.0438065 0.429712
-0.38488 -0.0169549 0.424399 -0.386179 -0.0433385 0.42962
-0.38486 -0.0164648 0.424302 -0.38616 -0.0428706 0.429527
-0.384841 -0.0159746 0.424206 -0.386142 -0.0424027 0.429435
-0.384822 -0.0154844 0.424109 -0.386124 -0.0419351 0.429342
-0.384802 -0.0149943 0.424012 -0.386105 -0.0414677 0.42925
-0.384783 -0.0145041 0.423915 -0.386087 -0.0410005 0.429157
-0.384764 -0.0140139 0.423819 -0.386068 -0.0405333 0.429065
-0.384744 -0.0135237 0.423722 -0.38605 -0.0400661 0.428973
-0.384725 -0.0130336 0.423625 -0.386031 -0.0395986 0.42888
-0.384706 -0.0125434 0.423528 -0.386013 -0.0391309 0.428788
-0.384686 -0.0120532 0.423432 -0.385994 -0.038663 0.428695
-0.384667 -0.0115631 0.423335 -0.385958 -0.0377266 0.42851
-0.384648 -0.0110729 0.423238 -0.385939 -0.0372581 0.428418
-0.384628 -0.0105827 0.423141 -0.385921 -0.0367896 0.428325
-0.384609 -0.0100926 0.423045 -0.385902 -0.0363211 0.428232
-0.38459 -0.00960239 0.422948 -0.385884 -0.0358527 0.42814
-0.38457 -0.00911222 0.422851 -0.385865 -0.0353845 0.428047
-0.384551 -0.00862205 0.422754 -0.385847 -0.0349164 0.427955
-0.384532 -0.00813188 0.422658 -0.385829 -0.0344483 0.427862
-0.384512 -0.00764171 0.422561 -0.38581 -0.0339803 0.42777
-0.384493 -0.00715154 0.422464 -0.385792 -0.0335123 0.427677
-0.384473 -0.00666137 0.422367 -0.385773 -0.0330444 0.427585
-0.384454 -0.00617121 0.422271 -0.385755 -0.0325765 0.427492
-0.384435 -0.00568104 0.422174 -0.385736 -0.0321086 0.4274
-0.384415 -0.00519087 0.422077 -0.385718 -0.0316407 0.427307
-0.384396 -0.0047007 0.42198 -0.3857 -0.0311727 0.427215
-0.384377 -0.00421053 0.421884 -0.385681 -0.0307048 0.427122
-0.384357 -0.00372036 0.421787 -0.385663 -0.0302368 0.42703
-0.384338 -0.00323019 0.42169 -0.385644 -0.0297687 0.426937
-0.384319 -0.00274002 0.421593 -0.385626 -0.0293007 0.426845
-0.384299 -0.00224985 0.421497 -0.385607 -0.0288328 0.426752
-0.38428 -0.00175968 0.4214 -0.385589 -0.0283648 0.42666
-0.384261 -0.00126951 0.421303 -0.385571 -0.027897 0.426567
-0.384241 -0.00077934 0.421206 -0.385552 -0.0274293 0.426475
-0.384222 -0.00028917 0.42111 -0.385534 -0.0269617 0.426382
-0.384203 0.000200999 0.421013 -0.385515 -0.0264942 0.42629
-0.384183 0.000691169 0.420916 -0.385497 -0.0260268 0.426198
-0.384164 0.00118134 0.420819 -0.385478 -0.0255595 0.426105
-0.384145 0.00167151 0.420723 -0.38546 -0.0250923 0.426013
-0.384125 0.00216168 0.420626 -0.385423 -0.0241578 0.425828
-0.384106 0.00265185 0.420529 -0.385405 -0.0236904 0.425736
-0.384086 0.00314202 0.420432 -0.385331 -0.0218203 0.425366
-0.384067 0.00363219 0.420336 -0.385313 -0.0213525 0.425274
-0.384048 0.00412236 0.420239 -0.385294 -0.0208845 0.425181
-0.384028 0.00461253 0.420142 -0.385276 -0.0204169 0.425089
-0.384009 0.0051027 0.420046 -0.385257 -0.0199503 0.424997
-0.38399 0.00559286 0.419949 -0.385239 -0.0194851 0.424905
-0.38397 0.00608303 0.419852 -0.385221 -0.0190218 0.424813
-0.383951 0.0065732 0.419755 -0.385202 -0.0185603 0.424722
-0.383932 0.00706337 0.419659 -0.385183 -0.0181005 0.424631
-0.383912 0.00755354 0.419562 -0.385165 -0.0176421 0.42454
-0.383893 0.00804371 0.419465 -0.385146 -0.0171851 0.42445
-0.383874 0.00853388 0.419368 -0.385109 -0.0162748 0.42427
-0.383854 0.00902405 0.419272 -0.385091 -0.0158211 0.424181
-0.383835 0.00951422 0.419175 -0.385072 -0.0153683 0.424091
-0.383816 0.0100044 0.419078 -0.385054 -0.0149164 0.424002
-0.383796 0.0104946 0.418981 -0.385035 -0.0144651 0.423913
-0.383777 0.0109847 0.418885 -0.385017 -0.0140145 0.423824
-0.383758 0.0114749 0.418788 -0.384998 -0.0135644 0.423735
-0.383738 0.0119651 0.418691 -0.38498 -0.0131148 0.423646
-0.383719 0.0124552 0.418594 -0.384961 -0.0126657 0.423557
-0.3837 0.0129454 0.418498 -0.384943 -0.012217 0.423468
-0.38368 0.0134356 0.418401 -0.384925 -0.0117687 0.42338
-0.383661 0.0139257 0.418304 -0.384906 -0.0113206 0.423291
-0.383641 0.0144159 0.418207 -0.384888 -0.0108728 0.423203
-0.383622 0.0149061 0.418111 -0.38487 -0.0104252 0.423114
-0.383603 0.0153963 0.418014 -0.384851 -0.0099777 0.423026
-0.383583 0.0158864 0.417917 -0.384815 -0.00908272 0.422849
-0.383564 0.0163766 0.41782 -0.384797 -0.00863513 0.422761
-0.383545 0.0168668 0.417724 -0.384779 -0.0081874 0.422672
-0.383525 0.0173569 0.417627 -0.384761 -0.00773961 0.422584
-0.383506 0.0178471 0.41753 -0.384742 -0.00729183 0.422495
-0.383487 0.0183373 0.417433 -0.384724 -0.00684415 0.422407
-0.383467 0.0188274 0.417337 -0.384706 -0.00639664 0.422318
-0.383448 0.0193176 0.41724 -0.384688 -0.00594923 0.42223
-0.383429 0.0198078 0.417143 -0.38467 -0.00550187 0.422142
-0.383409 0.020298 0.417046 -0.384652 -0.00505453 0.422053
-0.38339 0.0207881 0.41695 -0.384634 -0.00460715 0.421965
-0.383371 0.0212783 0.416853 -0.384616 -0.00415971 0.421876
-0.383351 0.0217685 0.416756 -0.384598 -0.00371221 0.421788
-0.383332 0.0222586 0.416659 -0.38458 -0.00326463 0.4217
-0.383313 0.0227488 0.416563 -0.384563 -0.00281696 0.421611
-0.383293 0.023239 0.416466 -0.384545 -0.00236926 0.421523
-0.383274 0.0237291 0.416369 -0.384527 -0.00192159 0.421434
-0.383255 0.0242193 0.416273 -0.384509 -0.001474 0.421346
-0.383235 0.0247095 0.416176 -0.384491 -0.00102654 0.421257
-0.383216 0.0251996 0.416079 -0.384473 -0.000579093 0.421169
-0.383196 0.0256898 0.415982 -0.384455 -0.00013153 0.421081
-0.383177 0.02618 0.415886 -0.384438 0.000316261 0.420992
-0.383158 0.0266702 0.415789 -0.38442 0.000764386 0.420904
-0.383138 0.0271603 0.415692 -0.384402 0.00121281 0.420815
-0.383119 0.0276505 0.415595 -0.384384 0.00166149 0.420726
-0.3831 0.0281407 0.415499 -0.384367 0.00211039 0.420638
-0.38308 0.0286308 0.415402 -0.384349 0.00255948 0.420549
-0.383061 0.029121 0.415305 -0.384331 0.00300882 0.42046
-0.383042 0.0296112 0.415208 -0.384313 0.00345843 0.420371
-0.383022 0.0301013 0.415112 -0.384296 0.00390837 0.420283
-0.383003 0.0305915 0.415015 -0.384278 0.00435867 0.420194
-0.382984 0.0310817 0.414918 -0.38426 0.00480931 0.420105
-0.382964 0.0315719 0.414821 -0.384225 0.00571158 0.419926
-0.382945 0.032062 0.414725 -0.384207 0.00616317 0.419837
-0.382926 0.0325522 0.414628 -0.38419 0.00661511 0.419748
-0.382906 0.0330424 0.414531 -0.384172 0.00706746 0.419659
-0.382887 0.0335325 0.414434 -0.384154 0.00752028 0.419569
-0.382868 0.0340227 0.414338 -0.384137 0.0079736 0.41948
-0.382848 0.0345129 0.414241 -0.384119 0.00842743 0.41939
-0.382829 0.035003 0.414144 -0.384101 0.00888178 0.4193
-0.382809 0.0354932 0.414047 -0.384084 0.00933666 0.41921
-0.38279 0.0359834 0.413951 -0.384066 0.00979207 0.41912
-0.382771 0.0364735 0.413854 -0.384049 0.010248 0.41903
-0.382751 0.0369637 0.413757 -0.384031 0.0107044 0.41894
-0.382732 0.0374539 0.41366 -0.383996 0.0116186 0.41876
-0.382713 0.0379441 0.413564 -0.383978 0.0120764 0.418669
-0.382693 0.0384342 0.413467 -0.38396 0.0125346 0.418579
-0.382674 0.0389244 0.41337 -0.383943 0.0129934 0.418488
-0.382655 0.0394146 0.413273 -0.383925 0.0134526 0.418397
-0.382635 0.0399047 0.413177 -0.383908 0.0139122 0.418307
-0.382616 0.0403949 0.41308 -0.38389 0.014372 0.418216
-0.382597 0.0408851 0.412983 -0.383872 0.0148319 0.418125
-0.382577 0.0413752 0.412886 -0.383854 0.0152919 0.418034
-0.382558 0.0418654 0.41279 -0.383837 0.0157518 0.417943
-0.382539 0.0423556 0.412693 -0.383819 0.0162115 0.417853
-0.382519 0.0428458 0.412596 -0.383801 0.016671 0.417762
-0.3825 0.0433359 0.412499 -0.383784 0.01713 0.417671
-0.382481 0.0438261 0.412403 -0.383766 0.0175889 0.417581
-0.382461 0.0443163 0.412306 -0.38373 0.0185068 0.417399
-0.382442 0.0448064 0.412209 -0.383712 0.0189662 0.417309
-0.382423 0.0452966 0.412113 -0.383694 0.0194259 0.417218
-0.382403 0.0457868 0.412016 -0.383677 0.0198858 0.417127
-0.382384 0.0462769 0.411919 -0.383659 0.0203457 0.417036
-0.382364 0.0467671 0.411822 -0.383641 0.0208056 0.416945
-0.382345 0.0472573 0.411726 -0.383623 0.0212654 0.416855
-0.382326 0.0477474 0.411629 -0.383605 0.0217253 0.416764
-0.382306 0.0482376 0.411532 -0.383587 0.0221851 0.416673
-0.382287 0.0487278 0.411435 -0.383569 0.0226449 0.416582
-0.382268 0.049218 0.411339 -0.383551 0.0231048 0.416491
-0.382248 0.0497081 0.411242 -0.383534 0.0235646 0.416401
-0.382229 0.0501983 0.411145 -0.383516 0.0240245 0.41631
-0.38221 0.0506885 0.411048 -0.383498 0.0244844 0.416219
-0.38219 0.0511786 0.410952 -0.38348 0.0249445 0.416128
-0.382171 0.0516688 0.410855 -0.383462 0.0254046 0.416037
-0.382152 0.052159 0.410758 -0.383444 0.0258649 0.415946
-0.382132 0.0526491 0.410661 -0.383408 0.0267857 0.415765
-0.382113 0.0531393 0.410565 -0.38339 0.0272458 0.415674
-0.382094 0.0536295 0.410468 -0.383372 0.0277055 0.415583
-0.382074 0.0541197 0.410371 -0.383354 0.0281646 0.415492
-0.382055 0.0546098 0.410274 -0.383336 0.0286233 0.415402
-0.382036 0.0551 0.410178 -0.383318 0.0290818 0.415311
-0.382016 0.0555902 0.410081 -0.3833 0.0295403 0.415221
-0.381997 0.0560803 0.409984 -0.383282 0.0299989 0.41513
-0.381977 0.0565705 0.409887 -0.383264 0.0304577 0.41504
-0.381958 0.0570607 0.409791 -0.383246 0.0309168 0.414949
-0.381939 0.0575508 0.409694 -0.383228 0.031376 0.414858
-0.381919 0.058041 0.409597 -0.38321 0.0318354 0.414768
-0.3819 0.0585312 0.4095 -0.383192 0.032295 0.414677
-0.381881 0.0590213 0.409404 -0.383174 0.0327549 0.414586
-0.381861 0.0595115 0.409307 -0.383156 0.033215 0.414495
-0.381842 0.0600017 0.40921 -0.383138 0.0336754 0.414404
-0.381823 0.0604919 0.409113 -0.383119 0.034136 0.414313
-0.381803 0.060982 0.409017 -0.383101 0.0345966 0.414223
-0.381784 0.0614722 0.40892 -0.383083 0.0350572 0.414132
-0.381765 0.0619624 0.408823 -0.383065 0.0355178 0.414041
-0.381745 0.0624525 0.408726 -0.383047 0.0359784 0.41395
-0.381726 0.0629427 0.40863 -0.383029 0.0364392 0.413859
-0.381707 0.0634329 0.408533 -0.383011 0.0369002 0.413768
-0.381687 0.063923 0.408436 -0.382993 0.0373617 0.413677
-0.381668 0.0644132 0.408339 -0.382975 0.0378234 0.413586
-0.381649 0.0649034 0.408243 -0.382957 0.0382854 0.413494
-0.381629 0.0653936 0.408146 -0.382939 0.0387476 0.413403
-0.38161 0.0658837 0.408049 -0.382903 0.0396722 0.413221
-0.381591 0.0663739 0.407953 -0.382885 0.0401348 0.413129
-0.381571 0.0668641 0.407856 -0.382867 0.0405975 0.413038
-0.381552 0.0673542 0.407759 -0.382849 0.0410604 0.412947
-0.381532 0.0678444 0.407662 -0.38283 0.0415235 0.412855
-0.381513 0.0683346 0.407566 -0.382812 0.0419868 0.412764
-0.381494 0.0688247 0.407469 -0.382794 0.0424502 0.412672
-0.381474 0.0693149 0.407372 -0.382776 0.0429137 0.412581
-0.381455 0.0698051 0.407275 -0.382758 0.0433774 0.412489
-0.381436 0.0702953 0.407179 -0.38274 0.0438413 0.412398
-0.381416 0.0707854 0.407082 -0.382722 0.0443056 0.412306
-0.381397 0.0712756 0.406985 -0.382704 0.0447702 0.412214
-0.381378 0.0717658 0.406888 -0.382686 0.0452352 0.412123
-0.381358 0.0722559 0.406792 -0.382668 0.0457005 0.412031
-0.381339 0.0727461 0.406695 -0.382649 0.0461661 0.411939
-0.38132 0.0732363 0.406598 -0.382631 0.046632 0.411847
-0.3813 0.0737264 0.406501 -0.382613 0.047098 0.411755
-0.381281 0.0742166 0.406405 -0.382595 0.0475642 0.411663
-0.381262 0.0747068 0.406308 -0.382577 0.0480303 0.411571
-0.381242 0.0751969 0.406211 -0.382559 0.0484964 0.411479
-0.381223 0.0756871 0.406114 -0.382541 0.0489625 0.411387
-0.381204 0.0761773 0.406018 -0.382522 0.0494287 0.411295
-0.381184 0.0766675 0.405921 -0.382504 0.0498952 0.411203
-0.381165 0.0771576 0.405824 -0.382486 0.0503619 0.411111
-0.381145 0.0776478 0.405727 -0.382468 0.0508291 0.411018
-0.381126 0.078138 0.405631 -0.38245 0.0512966 0.410926
-0.381107 0.0786281 0.405534 -0.382431 0.0517644 0.410834
-0.381087 0.0791183 0.405437 -0.382413 0.0522326 0.410741
-0.381068 0.0796085 0.40534 -0.382395 0.0527014 0.410649
-0.381049 0.0800986 0.405244 -0.382377 0.0531707 0.410556
-0.381029 0.0805888 0.405147 -0.382359 0.0536407 0.410464
-0.38101 0.081079 0.40505 -0.38234 0.0541115 0.410371
-0.380991 0.0815692 0.404953 -0.382322 0.0545829 0.410278
-0.380971 0.0820593 0.404857 -0.382286 0.0555265 0.410091
-0.380952 0.0825495 0.40476 -0.382267 0.0559983 0.409998
-0.380933 0.0830397 0.404663 -0.382249 0.0564701 0.409905
-0.380913 0.0835298 0.404566 -0.382231 0.0569419 0.409812
-0.380894 0.08402 0.40447 -0.382213 0.0574138 0.409719
-0.380875 0.0845102 0.404373 -0.382194 0.0578857 0.409626
-0.380855 0.0850003 0.404276 -0.382121 0.0597741 0.409253
-0.380836 0.0854905 0.40418 -0.382103 0.0602462 0.40916
-0.380817 0.0859807 0.404083 -0.382084 0.0607178 0.409067
-0.380797 0.0864708 0.403986 -0.382066 0.0611888 0.408974
-0.380778 0.086961 0.403889 -0.382047 0.0616588 0.408881
-0.380759 0.0874512 0.403793 -0.38201 0.062595 0.408697
-0.380739 0.0879414 0.403696 -0.381992 0.0630605 0.408605
-0.38072 0.0884315 0.403599 -0.381973 0.0635239 0.408513
-0.3807 0.0889217 0.403502 -0.381954 0.0639856 0.408422
-0.380681 0.0894119 0.403406 -0.381936 0.0644456 0.408332
-0.380662 0.089902 0.403309 -0.381917 0.0649043 0.408241
-0.380642 0.0903922 0.403212 -0.381898 0.0653619 0.408151
-0.380623 0.0908824 0.403115 -0.38188 0.0658185 0.408061
-0.380604 0.0913725 0.403019 -0.381861 0.0662742 0.407971
-0.380584 0.0918627 0.402922 -0.381842 0.066729 0.407881
-0.380565 0.0923529 0.402825 -0.381824 0.0671831 0.407792
-0.380546 0.0928431 0.402728 -0.381805 0.0676365 0.407702
-0.380526 0.0933332 0.402632 -0.381787 0.0680893 0.407613
-0.380507 0.0938234 0.402535 -0.381768 0.0685416 0.407524
-0.380488 0.0943136 0.402438 -0.381749 0.0689934 0.407434
-0.380468 0.0948037 0.402341 -0.381731 0.0694447 0.407345
-0.380449 0.0952939 0.402245 -0.381712 0.0698955 0.407256
-0.38043 0.0957841 0.402148 -0.381694 0.0703456 0.407168
-0.38041 0.0962742 0.402051 -0.381675 0.0707951 0.407079
-0.380391 0.0967644 0.401954 -0.381657 0.0712442 0.40699
-0.380372 0.0972546 0.401858 -0.381638 0.071693 0.406902
-0.380352 0.0977447 0.401761 -0.38162 0.0721416 0.406813
-0.380333 0.0982349 0.401664 -0.381601 0.0725903 0.406725
-0.380313 0.0987251 0.401567 -0.381583 0.073039 0.406636
-0.380294 0.0992153 0.401471 -0.381565 0.0734877 0.406548
-0.380275 0.0997054 0.401374 -0.381546 0.0739367 0.406459
-0.380255 0.100196 0.401277 -0.381528 0.0743857 0.406371
-0.380236 0.100686 0.40118 -0.38151 0.0748349 0.406282
-0.380217 0.101176 0.401084 -0.381492 0.0752842 0.406194
-0.380197 0.101666 0.400987 -0.381474 0.0757335 0.406105
-0.380178 0.102156 0.40089 -0.381437 0.076632 0.405928
-0.380159 0.102646 0.400793 -0.381419 0.077081 0.405839
-0.380139 0.103137 0.400697 -0.381401 0.0775297 0.405751
-0.38012 0.103627 0.4006 -0.381383 0.0779781 0.405662
-0.380101 0.104117 0.400503 -0.381365 0.0784263 0.405574
-0.380081 0.104607 0.400406 -0.381347 0.0788746 0.405485
-0.380062 0.105097 0.40031 -0.381329 0.0793231 0.405397
-0.380043 0.105587 0.400213 -0.38131 0.079772 0.405308
-0.380023 0.106078 0.400116 -0.381292 0.0802214 0.40522
-0.380004 0.106568 0.40002 -0.381274 0.0806711 0.405131
-0.379985 0.107058 0.399923 -0.381257 0.0811212 0.405042
-0.379965 0.107548 0.399826 -0.381239 0.0815718 0.404953
-0.379946 0.108038 0.399729 -0.381221 0.0820227 0.404864
-0.379927 0.108528 0.399633 -0.381203 0.0824741 0.404775
-0.379907 0.109019 0.399536 -0.381185 0.082926 0.404686
-0.379888 0.109509 0.399439 -0.381167 0.0833785 0.404597
-0.379868 0.109999 0.399342 -0.381149 0.0838314 0.404508
-0.379849 0.110489 0.399246 -0.381131 0.0842845 0.404418
-0.37983 0.110979 0.399149 -0.381113 0.0847379 0.404329
-0.37981 0.111469 0.399052 -0.381096 0.0851914 0.40424
-0.379791 0.11196 0.398955 -0.381078 0.0856451 0.40415
-0.379772 0.11245 0.398859 -0.38106 0.0860992 0.404061
-0.379752 0.11294 0.398762 -0.381042 0.0865537 0.403971
-0.379733 0.11343 0.398665 -0.381024 0.0870087 0.403881
-0.379714 0.11392 0.398568 -0.381007 0.0874642 0.403791
-0.379694 0.114411 0.398472 -0.380989 0.0879201 0.403701
-0.379675 0.114901 0.398375 -0.380971 0.0883763 0.403612
-0.379656 0.115391 0.398278 -0.380953 0.0888329 0.403521
-0.379636 0.115881 0.398181 -0.380935 0.0892897 0.403431
-0.379617 0.116371 0.398085 -0.380918 0.0897468 0.403341
-0.379598 0.116861 0.397988 -0.3809 0.0902043 0.403251
-0.379578 0.117352 0.397891 -0.380882 0.0906622 0.403161
-0.379559 0.117842 0.397794 -0.380846 0.0915791 0.40298
-0.37954 0.118332 0.397698 -0.380829 0.0920382 0.402889
-0.37952 0.118822 0.397601 -0.380811 0.0924977 0.402799
-0.379501 0.119312 0.397504 -0.380793 0.0929576 0.402708
-0.379481 0.119802 0.397407 -0.380775 0.0934179 0.402617
-0.379462 0.120293 0.397311 -0.380757 0.0938787 0.402527
-0.379443 0.120783 0.397214 -0.38074 0.0943399 0.402436
-0.379423 0.121273 0.397117 -0.380722 0.0948015 0.402345
-0.379404 0.121763 0.39702 -0.380704 0.0952636 0.402254
-0.379385 0.122253 0.396924 -0.380686 0.095726 0.402162
-0.379365 0.122743 0.396827 -0.380668 0.0961889 0.402071
-0.379346 0.123234 0.39673 -0.380651 0.0966523 0.40198
-0.379327 0.123724 0.396633 -0.380633 0.097116 0.401888
-0.379307 0.124214 0.396537 -0.380615 0.0975802 0.401797
-0.379288 0.124704 0.39644 -0.380597 0.0980448 0.401705
-0.379269 0.125194 0.396343 -0.380579 0.0985099 0.401613
-0.379249 0.125684 0.396246 -0.380561 0.0989753 0.401522
-0.37923 0.126175 0.39615 -0.380543 0.0994411 0.40143
-0.379211 0.126665 0.396053 -0.380525 0.0999074 0.401338
-0.379191 0.127155 0.395956 -0.380508 0.100374 0.401246
-0.379172 0.127645 0.39586 -0.38049 0.100841 0.401154
-0.379153 0.128135 0.395763 -0.380454 0.101776 0.40097
-0.379133 0.128625 0.395666 -0.380436 0.102244 0.400877
-0.379114 0.129116 0.395569 -0.380418 0.102713 0.400785
-0.379095 0.129606 0.395473 -0.380364 0.10412 0.400507
-0.379075 0.130096 0.395376 -0.380346 0.10459 0.400415
-0.379056 0.130586 0.395279 -0.380328 0.10506 0.400322
-0.379036 0.131076 0.395182 -0.380309 0.105529 0.40023
-0.379017 0.131566 0.395086 -0.380291 0.105999 0.400137
-0.378998 0.132057 0.394989 -0.380273 0.106467 0.400045
-0.378978 0.132547 0.394892 -0.380255 0.106934 0.399953
-0.378959 0.133037 0.394795 -0.380237 0.1074 0.399861
-0.37894 0.133527 0.394699 -0.380218 0.107865 0.399769
-0.37892 0.134017 0.394602 -0.3802 0.108328 0.399678
-0.378901 0.134507 0.394505 -0.380182 0.10879 0.399587
-0.378882 0.134998 0.394408 -0.380163 0.109251 0.399496
-0.378862 0.135488 0.394312 -0.380145 0.109712 0.399405
-0.378843 0.135978 0.394215 -0.380127 0.110171 0.399315
-0.378824 0.136468 0.394118 -0.38009 0.111087 0.399134
-0.378804 0.136958 0.394021 -0.380071 0.111544 0.399044
-0.378785 0.137448 0.393925 -0.380053 0.112001 0.398954
-0.378766 0.137939 0.393828 -0.380035 0.112457 0.398864
-0.378746 0.138429 0.393731 -0.380016 0.112913 0.398774
-0.378727 0.138919 0.393634 -0.379998 0.113369 0.398684
-0.378708 0.139409 0.393538 -0.379979 0.113824 0.398595
-0.378688 0.139899 0.393441 -0.379961 0.114278 0.398505
-0.378669 0.14039 0.393344 -0.379943 0.114732 0.398415
-0.378649 0.14088 0.393247 -0.379924 0.115186 0.398326
-0.37863 0.14137 0.393151 -0.379906 0.11564 0.398236
-0.378611 0.14186 0.393054 -0.379887 0.116094 0.398147
-0.378591 0.14235 0.392957 -0.379869 0.116547 0.398058
-0.378572 0.14284 0.39286 -0.379851 0.117001 0.397968
-0.378553 0.143331 0.392764 -0.379833 0.117455 0.397879
-0.378533 0.143821 0.392667 -0.379814 0.117908 0.397789
-0.378514 0.144311 0.39257 -0.379796 0.118362 0.3977
-0.378495 0.144801 0.392473 -0.379778 0.118815 0.397611
-0.378475 0.145291 0.392377 -0.379759 0.119269 0.397521
-0.378456 0.145781 0.39228 -0.379723 0.120176 0.397342
-0.378437 0.146272 0.392183 -0.379705 0.12063 0.397253
-0.378417 0.146762 0.392087 -0.379687 0.121083 0.397164
-0.378398 0.147252 0.39199 -0.379668 0.121537 0.397074
-0.378379 0.147742 0.391893 -0.37965 0.12199 0.396985
-0.378359 0.148232 0.391796 -0.379632 0.122444 0.396895
-0.37834 0.148722 0.3917 -0.379614 0.122898 0.396806
-0.378321 0.149213 0.391603 -0.379596 0.123351 0.396716
-0.378301 0.149703 0.391506 -0.379578 0.123806 0.396627
-0.378282 0.150193 0.391409 -0.37956 0.12426 0.396537
-0.378263 0.150683 0.391313 -0.379542 0.124715 0.396448
-0.378243 0.151173 0.391216 -0.379523 0.125169 0.396358
-0.378224 0.151663 0.391119 -0.379505 0.125624 0.396268
-0.378204 0.152154 0.391022 -0.379487 0.126079 0.396179
-0.378185 0.152644 0.390926 -0.379469 0.126534 0.396089
-0.378166 0.153134 0.390829 -0.379451 0.126989 0.395999
-0.378146 0.153624 0.390732 -0.379433 0.127444 0.39591
-0.378127 0.154114 0.390635 -0.379415 0.127899 0.39582
-0.378108 0.154604 0.390539 -0.379397 0.128355 0.39573
-0.378088 0.155095 0.390442 -0.379379 0.12881 0.395641
-0.378069 0.155585 0.390345 -0.379361 0.129266 0.395551
-0.37805 0.156075 0.390248 -0.379343 0.129723 0.395461
-0.37803 0.156565 0.390152 -0.379325 0.130179 0.395371
-0.378011 0.157055 0.390055 -0.379307 0.130637 0.395281
-0.377992 0.157545 0.389958 -0.379289 0.131095 0.39519
-0.377972 0.158036 0.389861 -0.379271 0.131553 0.3951
-0.377953 0.158526 0.389765 -0.379253 0.132012 0.39501
-0.377934 0.159016 0.389668 -0.379235 0.132471 0.394919
-0.377914 0.159506 0.389571 -0.379217 0.132931 0.394829
-0.377895 0.159996 0.389474 -0.379199 0.133391 0.394738
-0.377876 0.160486 0.389378 -0.379163 0.134312 0.394557
-0.377856 0.160977 0.389281 -0.379146 0.134773 0.394466
-0.377837 0.161467 0.389184 -0.379128 0.135233 0.394375
-0.377817 0.161957 0.389087 -0.37911 0.135694 0.394284
-0.377798 0.162447 0.388991 -0.379092 0.136155 0.394193
-0.377779 0.162937 0.388894 -0.379074 0.136616 0.394103
-0.377759 0.163427 0.388797 -0.379056 0.137078 0.394012
-0.37774 0.163918 0.3887 -0.379038 0.13754 0.393921
-0.377721 0.164408 0.388604 -0.37902 0.138002 0.39383
-0.377701 0.164898 0.388507 -0.379002 0.138464 0.393739
-0.377682 0.165388 0.38841 -0.378984 0.138926 0.393648
-0.377663 0.165878 0.388313 -0.378966 0.139388 0.393557
-0.377643 0.166368 0.388217 -0.378948 0.13985 0.393466
-0.377624 0.166859 0.38812 -0.37893 0.140312 0.393375
-0.377605 0.167349 0.388023 -0.378911 0.140774 0.393284
-0.377585 0.167839 0.387927 -0.378893 0.141236 0.393193
-0.377566 0.168329 0.38783 -0.378875 0.141698 0.393101
-0.377547 0.168819 0.387733 -0.378857 0.14216 0.39301
-0.377527 0.16931 0.387636 -0.378839 0.142622 0.392919
-0.377508 0.1698 0.38754 -0.378821 0.143085 0.392828
-0.377489 0.17029 0.387443 -0.378803 0.143548 0.392737
-0.377469 0.17078 0.387346 -0.378785 0.144011 0.392646
-0.37745 0.17127 0.387249 -0.378767 0.144475 0.392554
-0.377431 0.17176 0.387153 -0.378749 0.14494 0.392463
-0.377411 0.172251 0.387056 -0.378731 0.145404 0.392371
-0.377392 0.172741 0.386959 -0.378713 0.145869 0.39228
-0.377372 0.173231 0.386862 -0.378676 0.146798 0.392097
-0.377353 0.173721 0.386766 -0.378658 0.147264 0.392005
-0.377334 0.174211 0.386669 -0.37864 0.147729 0.391913
-0.377314 0.174701 0.386572 -0.378622 0.148195 0.391822
-0.377295 0.175192 0.386475 -0.378604 0.148661 0.39173
-0.377276 0.175682 0.386379 -0.378586 0.149127 0.391638
-0.377256 0.176172 0.386282 -0.378568 0.149593 0.391546
-0.377237 0.176662 0.386185 -0.378549 0.15006 0.391454
-0.377218 0.177152 0.386088 -0.378531 0.150526 0.391362
-0.377198 0.177642 0.385992 -0.378513 0.150993 0.391271
-0.377179 0.178133 0.385895 -0.378495 0.151461 0.391178
-0.37716 0.178623 0.385798 -0.378477 0.151928 0.391086
-0.37714 0.179113 0.385701 -0.378458 0.152396 0.390994
-0.377121 0.179603 0.385605 -0.37844 0.152863 0.390902
-0.377102 0.180093 0.385508 -0.378422 0.153331 0.39081
-0.377082 0.180583 0.385411 -0.378404 0.153799 0.390718
-0.377063 0.181074 0.385314 -0.378385 0.154267 0.390626
-0.377044 0.181564 0.385218 -0.378367 0.154735 0.390534
-0.377024 0.182054 0.385121 -0.378349 0.155202 0.390442
-0.377005 0.182544 0.385024 -0.378331 0.15567 0.390349
-0.376985 0.183034 0.384927 -0.378312 0.156138 0.390257
-0.376966 0.183524 0.384831 -0.378294 0.156606 0.390165
-0.376947 0.184015 0.384734 -0.378276 0.157074 0.390073
-0.376927 0.184505 0.384637 -0.378257 0.157543 0.389981
-0.376908 0.184995 0.38454 -0.378239 0.158012 0.389888
-0.376889 0.185485 0.384444 -0.378221 0.158481 0.389796
-0.376869 0.185975 0.384347 -0.378203 0.158951 0.389703
-0.37685 0.186465 0.38425 -0.378184 0.159421 0.389611
-0.376831 0.186956 0.384153 -0.378166 0.159892 0.389518
-0.376811 0.187446 0.384057 -0.378148 0.160362 0.389425
-0.376792 0.187936 0.38396 -0.378129 0.160833 0.389333
-0.376773 0.188426 0.383863 -0.378111 0.161303 0.38924
-0.376753 0.188916 0.383767 -0.378092 0.161774 0.389147
-0.376734 0.189406 0.38367 -0.378074 0.162245 0.389055
-0.376715 0.189897 0.383573 -0.378056 0.162716 0.388962
-0.376695 0.190387 0.383476 -0.378037 0.163187 0.388869
-0.376676 0.190877 0.38338 -0.378019 0.163658 0.388776
-0.376657 0.191367 0.383283 -0.377982 0.164601 0.388591
-0.376637 0.191857 0.383186 -0.377964 0.165073 0.388498
-0.376618 0.192347 0.383089 -0.377945 0.165545 0.388405
-0.376599 0.192838 0.382993 -0.377927 0.166017 0.388312
-0.376579 0.193328 0.382896 -0.377908 0.16649 0.388219
-0.37656 0.193818 0.382799 -0.37789 0.166962 0.388126
-0.37654 0.194308 0.382702 -0.377871 0.167435 0.388033
-0.376521 0.194798 0.382606 -0.377853 0.167908 0.387939
-0.376502 0.195288 0.382509 -0.377834 0.168381 0.387846
-0.376482 0.195779 0.382412 -0.377816 0.168855 0.387753
-0.376463 0.196269 0.382315 -0.377797 0.169328 0.38766
-0.376444 0.196759 0.382219 -0.377779 0.169801 0.387567
-0.376424 0.197249 0.382122 -0.37776 0.170274 0.387473
-0.376405 0.197739 0.382025 -0.377742 0.170747 0.38738
-0.376386 0.19823 0.381928 -0.377723 0.17122 0.387287
-0.376366 0.19872 0.381832 -0.377705 0.171693 0.387194
-0.376347 0.19921 0.381735 -0.377686 0.172166 0.387101
-0.376328 0.1997 0.381638 -0.377668 0.172639 0.387008
-0.376308 0.20019 0.381541 -0.377649 0.173113 0.386915
-0.376289 0.20068 0.381445 -0.37763 0.173586 0.386821
-0.37627 0.201171 0.381348 -0.377612 0.174059 0.386728
-0.37625 0.201661 0.381251 -0.377593 0.174532 0.386635
-0.376231 0.202151 0.381154 -0.377575 0.175005 0.386542
-0.376212 0.202641 0.381058 -0.377556 0.175478 0.386449
-0.376192 0.203131 0.380961 -0.377537 0.175951 0.386356
-0.376173 0.203621 0.380864 -0.377519 0.176425 0.386262
-0.376153 0.204112 0.380767 -0.3775 0.176899 0.386169
-0.376134 0.204602 0.380671 -0.377482 0.177373 0.386076
-0.376115 0.205092 0.380574 -0.377463 0.177847 0.385982
-0.376095 0.205582 0.380477 -0.377444 0.17832 0.385889
-0.376076 0.206072 0.38038 -0.377426 0.178794 0.385796
-0.376057 0.206562 0.380284 -0.377407 0.179268 0.385702
-0.376037 0.207053 0.380187 -0.377388 0.179743 0.385609
-0.376018 0.207543 0.38009 -0.37737 0.180217 0.385516
-0.375999 0.208033 0.379994 -0.377351 0.180691 0.385422
-0.375979 0.208523 0.379897 -0.377332 0.181166 0.385329
-0.37596 0.209013 0.3798 -0.377314 0.18164 0.385235
-0.375941 0.209503 0.379703 -0.377295 0.182115 0.385142
-0.375921 0.209994 0.379607 -0.377276 0.18259 0.385048
-0.375902 0.210484 0.37951 -0.377258 0.183065 0.384955
-0.375883 0.210974 0.379413 -0.37722 0.184016 0.384768
-0.375863 0.211464 0.379316 -0.377202 0.184492 0.384674
-0.375844 0.211954 0.37922 -0.377183 0.184968 0.38458
-0.375825 0.212444 0.379123 -0.377164 0.185444 0.384487
-0.375805 0.212935 0.379026 -0.377145 0.18592 0.384393
-0.375786 0.213425 0.378929 -0.377127 0.186396 0.384299
-0.375767 0.213915 0.378833 -0.377108 0.186873 0.384205
-0.375747 0.214405 0.378736 -0.377089 0.18735 0.384111
-0.375728 0.214895 0.378639 -0.377071 0.187827 0.384017
-0.375708 0.215385 0.378542 -0.377052 0.188304 0.383924
-0.375689 0.215876 0.378446 -0.377033 0.188781 0.38383
-0.37567 0.216366 0.378349 -0.377014 0.189258 0.383736
-0.37565 0.216856 0.378252 -0.376996 0.189736 0.383642
-0.375631 0.217346 0.378155 -0.376977 0.190214 0.383548
-0.375612 0.217836 0.378059 -0.376958 0.190692 0.383453
-0.375592 0.218326 0.377962 -0.376939 0.19117 0.383359
-0.375573 0.218817 0.377865 -0.376921 0.191648 0.383265
-0.375554 0.219307 0.377768 -0.376902 0.192126 0.383171
-0.375534 0.219797 0.377672 -0.376883 0.192604 0.383077
-0.375515 0.220287 0.377575 -0.376864 0.193082 0.382983
-0.375496 0.220777 0.377478 -0.376846 0.193559 0.382889
-0.375476 0.221267 0.377381 -0.376827 0.194037 0.382795
-0.375457 0.221758 0.377285 -0.376808 0.194515 0.382701
-0.375438 0.222248 0.377188 -0.376789 0.194993 0.382607
-0.375418 0.222738 0.377091 -0.37677 0.195471 0.382513
-0.375399 0.223228 0.376994 -0.376751 0.195949 0.382418
-0.37538 0.223718 0.376898 -0.376733 0.196428 0.382324
-0.37536 0.224209 0.376801 -0.376714 0.196906 0.38223
-0.375341 0.224699 0.376704 -0.376695 0.197385 0.382136
-0.375321 0.225189 0.376607 -0.376676 0.197863 0.382042
-0.375302 0.225679 0.376511 -0.376657 0.198342 0.381947
-0.375283 0.226169 0.376414 -0.37662 0.199299 0.381759
-0.375263 0.226659 0.376317 -0.376601 0.199777 0.381665
-0.375244 0.22715 0.37622 -0.376582 0.200255 0.381571
-0.375225 0.22764 0.376124 -0.376563 0.200733 0.381477
-0.375205 0.22813 0.376027 -0.376544 0.201211 0.381382
-0.375186 0.22862 0.37593 -0.376525 0.201689 0.381288
-0.375167 0.22911 0.375834 -0.376506 0.202167 0.381194
-0.375147 0.2296 0.375737 -0.376487 0.202645 0.3811
-0.375128 0.230091 0.37564 -0.376468 0.203122 0.381006
-0.375109 0.230581 0.375543 -0.37645 0.2036 0.380912
-0.375089 0.231071 0.375447 -0.376431 0.204077 0.380818
-0.37507 0.231561 0.37535 -0.376412 0.204554 0.380724
-0.375051 0.232051 0.375253 -0.376393 0.205031 0.38063
-0.375031 0.232541 0.375156 -0.376374 0.205507 0.380537
-0.375012 0.233032 0.37506 -0.376355 0.205983 0.380443
-0.374993 0.233522 0.374963 -0.376336 0.206459 0.380349
-0.374973 0.234012 0.374866 -0.376317 0.206934 0.380256
-0.374954 0.234502 0.374769 -0.376298 0.207409 0.380162
-0.374935 0.234992 0.374673 -0.376279 0.207884 0.380068
-0.374915 0.235482 0.374576 -0.376241 0.208834 0.379881
-0.374896 0.235973 0.374479 -0.376222 0.209308 0.379788
-0.374876 0.236463 0.374382 -0.376203 0.209782 0.379695
-0.374857 0.236953 0.374286 -0.376184 0.210256 0.379601
-0.374838 0.237443 0.374189 -0.376165 0.21073 0.379508
-0.374818 0.237933 0.374092 -0.376146 0.211204 0.379415
-0.374799 0.238423 0.373995 -0.376127 0.211679 0.379321
-0.37478 0.238914 0.373899 -0.376108 0.212153 0.379228
-0.37476 0.239404 0.373802 -0.37609 0.212626 0.379134
-0.374741 0.239894 0.373705 -0.376071 0.2131 0.379041
-0.374722 0.240384 0.373608 -0.376052 0.213574 0.378948
-0.374702 0.240874 0.373512 -0.376033 0.214048 0.378855
-0.374683 0.241364 0.373415 -0.376014 0.214521 0.378761
-0.374664 0.241855 0.373318 -0.375995 0.214995 0.378668
-0.374644 0.242345 0.373221 -0.375976 0.215468 0.378575
-0.374625 0.242835 0.373125 -0.375957 0.215942 0.378482
-0.374606 0.243325 0.373028 -0.375938 0.216415 0.378388
-0.374586 0.243815 0.372931 -0.375919 0.216888 0.378295
-0.374567 0.244305 0.372834 -0.375901 0.217362 0.378202
-0.374548 0.244796 0.372738 -0.375882 0.217835 0.378109
-0.374528 0.245286 0.372641 -0.375863 0.218308 0.378015
-0.374509 0.245776 0.372544 -0.375844 0.218782 0.377922
-0.374489 0.246266 0.372447 -0.375825 0.219255 0.377829
-0.37447 0.246756 0.372351 -0.375787 0.220202 0.377642
-0.374451 0.247246 0.372254 -0.375769 0.220676 0.377549
-0.374431 0.247737 0.372157 -0.37575 0.221149 0.377456
-0.374412 0.248227 0.37206 -0.375731 0.221623 0.377363
-0.374393 0.248717 0.371964 -0.375712 0.222096 0.37727
-0.374373 0.249207 0.371867 -0.375693 0.222569 0.377176
-0.374354 0.249697 0.37177 -0.375674 0.223042 0.377083
-0.374335 0.250187 0.371674 -0.375656 0.223515 0.37699
-0.374315 0.250678 0.371577 -0.375637 0.223988 0.376897
-0.374296 0.251168 0.37148 -0.375618 0.224461 0.376804
-0.374277 0.251658 0.371383 -0.375599 0.224934 0.376711
-0.374257 0.252148 0.371287 -0.37558 0.225407 0.376618
-0.374238 0.252638 0.37119 -0.375561 0.225879 0.376525
-0.374219 0.253129 0.371093 -0.375543 0.226352 0.376431
-0.374199 0.253619 0.370996 -0.375524 0.226825 0.376338
-0.37418 0.254109 0.3709 -0.375505 0.227298 0.376245
-0.374161 0.254599 0.370803 -0.375486 0.227771 0.376152
-0.374141 0.255089 0.370706 -0.375467 0.228244 0.376059
-0.374122 0.255579 0.370609 -0.375449 0.228716 0.375966
-0.374103 0.25607 0.370513 -0.37543 0.229188 0.375873
-0.374083 0.25656 0.370416 -0.375411 0.22966 0.37578
-0.374064 0.25705 0.370319 -0.375392 0.230132 0.375687
-0.374044 0.25754 0.370222 -0.375373 0.230603 0.375594
-0.374025 0.25803 0.370126 -0.375355 0.231074 0.375502
-0.374006 0.25852 0.370029 -0.375336 0.231545 0.375409
-0.373986 0.259011 0.369932 -0.375317 0.232016 0.375316
-0.373967 0.259501 0.369835 -0.375298 0.232487 0.375223
-0.373948 0.259991 0.369739 -0.375279 0.232958 0.375131
-0.373928 0.260481 0.369642 -0.375261 0.233428 0.375038
-0.373909 0.260971 0.369545 -0.375242 0.233899 0.374945
-0.37389 0.261461 0.369448 -0.375223 0.234369 0.374853
-0.37387 0.261952 0.369352 -0.375186 0.235311 0.374667
-0.373851 0.262442 0.369255 -0.375167 0.235781 0.374575
-0.373832 0.262932 0.369158 -0.375148 0.236251 0.374482
-0.373812 0.263422 0.369061 -0.375129 0.236721 0.374389
-0.373793 0.263912 0.368965 -0.375111 0.23719 0.374297
-0.373774 0.264402 0.368868 -0.375092 0.237659 0.374205
-0.373754 0.264893 0.368771 -0.375073 0.238129 0.374112
-0.373735 0.265383 0.368674 -0.375054 0.238598 0.37402
-0.373716 0.265873 0.368578 -0.375036 0.239068 0.373927
-0.373696 0.266363 0.368481 -0.375017 0.239539 0.373834
-0.373677 0.266853 0.368384 -0.374998 0.240009 0.373742
-0.373657 0.267343 0.368287 -0.37498 0.24048 0.373649
-0.373638 0.267834 0.368191 -0.374961 0.240951 0.373556
-0.373619 0.268324 0.368094 -0.374942 0.241423 0.373464
-0.373599 0.268814 0.367997 -0.374924 0.241894 0.373371
-0.37358 0.269304 0.367901 -0.374905 0.242366 0.373278
-0.373561 0.269794 0.367804 -0.374886 0.242839 0.373185
-0.373541 0.270284 0.367707 -0.374868 0.243311 0.373092
-0.373522 0.270775 0.36761 -0.374849 0.243783 0.372999
-0.373503 0.271265 0.367514 -0.37483 0.244255 0.372906
-0.373483 0.271755 0.367417 -0.374812 0.244727 0.372813
-0.373464 0.272245 0.36732 -0.374793 0.245199 0.37272
-0.373445 0.272735 0.367223 -0.374774 0.245671 0.372627
-0.373425 0.273225 0.367127 -0.374756 0.246144 0.372534
-0.373406 0.273716 0.36703 -0.374737 0.246617 0.372441
-0.373387 0.274206 0.366933 -0.374718 0.247089 0.372348
-0.373367 0.274696 0.366836 -0.3747 0.247562 0.372255
-0.373348 0.275186 0.36674 -0.374681 0.248035 0.372162
-0.373329 0.275676 0.366643 -0.374644 0.248981 0.371976
-0.373309 0.276166 0.366546 -0.374625 0.249453 0.371883
-0.37329 0.276657 0.366449 -0.374607 0.249926 0.371789
-0.373271 0.277147 0.366353 -0.374588 0.250399 0.371696
-0.373251 0.277637 0.366256 -0.374569 0.250872 0.371603
-0.373232 0.278127 0.366159 -0.374551 0.251344 0.37151
-0.373212 0.278617 0.366062 -0.374532 0.251816 0.371417
-0.373193 0.279107 0.365966 -0.374513 0.252288 0.371324
-0.373174 0.279598 0.365869 -0.374495 0.25276 0.371232
-0.373154 0.280088 0.365772 -0.374476 0.253232 0.371139
-0.373135 0.280578 0.365675 -0.374457 0.253704 0.371046
-0.373116 0.281068 0.365579 -0.374438 0.254176 0.370953
-0.373096 0.281558 0.365482 -0.37442 0.254649 0.37086
-0.373077 0.282049 0.365385 -0.374401 0.255121 0.370767
-0.373058 0.282539 0.365288 -0.374382 0.255594 0.370674
-0.373038 0.283029 0.365192 -0.374364 0.256066 0.370581
-0.373019 0.283519 0.365095 -0.374345 0.256539 0.370487
-0.373 0.284009 0.364998 -0.374326 0.257013 0.370394
-0.37298 0.284499 0.364901 -0.374308 0.257486 0.370301
-0.372961 0.28499 0.364805 -0.374289 0.257959 0.370208
-0.372942 0.28548 0.364708 -0.37427 0.258433 0.370115
-0.372922 0.28597 0.364611 -0.374252 0.258906 0.370022
-0.372903 0.28646 0.364514 -0.374233 0.259379 0.369928
-0.372884 0.28695 0.364418 -0.374214 0.259852 0.369835
-0.372864 0.28744 0.364321 -0.374196 0.260325 0.369742
-0.372845 0.287931 0.364224 -0.374177 0.260798 0.369649
-0.372825 0.288421 0.364127 -0.374158 0.261271 0.369556
-0.372806 0.288911 0.364031 -0.37414 0.261744 0.369463
-0.372787 0.289401 0.363934 -0.374121 0.262216 0.36937
-0.372767 0.289891 0.363837 -0.374102 0.262689 0.369277
-0.372748 0.290381 0.363741 -0.374083 0.263162 0.369184
-0.372729 0.290872 0.363644 -0.374046 0.264108 0.368997
-0.372709 0.291362 0.363547 -0.374027 0.264581 0.368904
-0.37269 0.291852 0.36345 -0.374009 0.265054 0.368811
-0.372671 0.292342 0.363354 -0.37399 0.265527 0.368718
-0.372651 0.292832 0.363257 -0.373971 0.266 0.368625
-0.372632 0.293322 0.36316 -0.373953 0.266474 0.368532
-0.372613 0.293813 0.363063 -0.373934 0.266947 0.368438
-0.372593 0.294303 0.362967 -0.373915 0.267421 0.368345
-0.372574 0.294793 0.36287 -0.373896 0.267895 0.368252
-0.372555 0.295283 0.362773 -0.373878 0.268369 0.368159
-0.372535 0.295773 0.362676 -0.373859 0.268843 0.368065
-0.372516 0.296263 0.36258 -0.37384 0.269317 0.367972
-0.372497 0.296754 0.362483 -0.373822 0.269792 0.367878
-0.372477 0.297244 0.362386 -0.373803 0.270266 0.367785
-0.372458 0.297734 0.362289 -0.373784 0.270741 0.367692
-0.372439 0.298224 0.362193 -0.373766 0.271216 0.367598
-0.372419 0.298714 0.362096 -0.373747 0.27169 0.367505
-0.3724 0.299204 0.361999 -0.373728 0.272165 0.367411
-0.37238 0.299695 0.361902 -0.373709 0.272639 0.367318
-0.372361 0.300185 0.361806 -0.373691 0.273113 0.367225
-0.372342 0.300675 0.361709 -0.373672 0.273587 0.367131
-0.372322 0.301165 0.361612 -0.373653 0.274061 0.367038
-0.372303 0.301655 0.361515 -0.373634 0.274534 0.366945
-0.372284 0.302145 0.361419 -0.373616 0.275008 0.366851
-0.372264 0.302636 0.361322 -0.373597 0.275481 0.366758
-0.372245 0.303126 0.361225 -0.373578 0.275955 0.366665
-0.372226 0.303616 0.361128 -0.373559 0.276428 0.366572
-0.372206 0.304106 0.361032 -0.373541 0.276901 0.366479
-0.372187 0.304596 0.360935 -0.373522 0.277375 0.366385
-0.372168 0.305086 0.360838 -0.373484 0.278321 0.366199
-0.372148 0.305577 0.360741 -0.373466 0.278795 0.366106
-0.372129 0.306067 0.360645 -0.373447 0.279268 0.366012
-0.37211 0.306557 0.360548 -0.373428 0.279742 0.365919
-0.37209 0.307047 0.360451 -0.373409 0.280215 0.365826
-0.372071 0.307537 0.360354 -0.373391 0.280689 0.365733
-0.372052 0.308027 0.360258 -0.373372 0.281163 0.365639
-0.372032 0.308518 0.360161 -0.373353 0.281637 0.365546
-0.372013 0.309008 0.360064 -0.373334 0.282111 0.365453
-0.371993 0.309498 0.359967 -0.373316 0.282585 0.365359
-0.371974 0.309988 0.359871 -0.373297 0.283059 0.365266
-0.371955 0.310478 0.359774 -0.373278 0.283533 0.365173
-0.371935 0.310969 0.359677 -0.373259 0.284007 0.365079
-0.371916 0.311459 0.359581 -0.373241 0.284481 0.364986
-0.371897 0.311949 0.359484 -0.373222 0.284956 0.364892
-0.371877 0.312439 0.359387 -0.373203 0.285431 0.364799
-0.371858 0.312929 0.35929 -0.373184 0.285905 0.364705
-0.371839 0.313419 0.359194 -0.373166 0.28638 0.364612
-0.371819 0.31391 0.359097 -0.373147 0.286855 0.364518
-0.3718 0.3144 0.359 -0.373128 0.28733 0.364425
-0.371781 0.31489 0.358903 -0.373109 0.287804 0.364332
-0.371761 0.31538 0.358807 -0.37309 0.288278 0.364238
-0.371742 0.31587 0.35871 -0.373072 0.288753 0.364145
-0.371723 0.31636 0.358613 -0.373053 0.289227 0.364051
-0.371703 0.316851 0.358516 -0.373034 0.289702 0.363958
-0.371684 0.317341 0.35842 -0.373015 0.290177 0.363864
-0.371665 0.317831 0.358323 -0.372997 0.290652 0.363771
-0.371645 0.318321 0.358226 -0.372978 0.291127 0.363677
-0.371626 0.318811 0.358129 -0.372959 0.291603 0.363584
-0.371607 0.319301 0.358033 -0.37294 0.292079 0.36349
-0.371587 0.319792 0.357936 -0.372922 0.292554 0.363396
-0.371568 0.320282 0.357839 -0.372903 0.29303 0.363303
-0.371548 0.320772 0.357742 -0.372884 0.293506 0.363209
-0.371529 0.321262 0.357646 -0.372865 0.293982 0.363115
-0.37151 0.321752 0.357549 -0.372846 0.294457 0.363022
-0.37149 0.322242 0.357452 -0.372828 0.294933 0.362928
-0.371471 0.322733 0.357355 -0.372809 0.295408 0.362834
-0.371452 0.323223 0.357259 -0.37279 0.295884 0.362741
-0.371432 0.323713 0.357162 -0.372771 0.29636 0.362647
-0.371413 0.324203 0.357065 -0.372752 0.296835 0.362553
-0.371394 0.324693 0.356968 -0.372734 0.297311 0.36246
-0.371374 0.325183 0.356872 -0.372696 0.298263 0.362272
-0.371355 0.325674 0.356775 -0.372677 0.298739 0.362179
-0.371336 0.326164 0.356678 -0.372602 0.300644 0.361804
-0.371316 0.326654 0.356581 -0.372583 0.301121 0.36171
-0.371297 0.327144 0.356485 -0.372564 0.301597 0.361616
-0.371278 0.327634 0.356388 -0.372546 0.302073 0.361522
-0.371258 0.328124 0.356291 -0.372527 0.302548 0.361429
-0.371239 0.328615 0.356194 -0.372508 0.303021 0.361335
-0.37122 0.329105 0.356098 -0.372489 0.303493 0.361242
-0.3712 0.329595 0.356001 -0.37247 0.303963 0.36115
-0.371181 0.330085 0.355904 -0.372451 0.304433 0.361057
-0.371162 0.330575 0.355808 -0.372432 0.304902 0.360965
-0.371142 0.331065 0.355711 -0.372413 0.305369 0.360872
-0.371123 0.331556 0.355614 -0.372394 0.305836 0.36078
-0.371103 0.332046 0.355517 -0.372375 0.306302 0.360688
-0.371084 0.332536 0.355421 -0.372319 0.307694 0.360413
-0.371065 0.333026 0.355324 -0.3723 0.308157 0.360322
-0.371045 0.333516 0.355227 -0.372281 0.30862 0.360231
-0.371026 0.334006 0.35513 -0.372262 0.309082 0.360139
-0.371007 0.334497 0.355034 -0.372243 0.309543 0.360048
-0.370987 0.334987 0.354937 -0.372224 0.310003 0.359958
-0.370968 0.335477 0.35484 -0.372205 0.310461 0.359867
-0.370949 0.335967 0.354743 -0.372186 0.310918 0.359777
-0.370929 0.336457 0.354647 -0.372168 0.311374 0.359687
-0.37091 0.336948 0.35455 -0.372149 0.311829 0.359597
-0.370891 0.337438 0.354453 -0.37213 0.312283 0.359507
-0.370871 0.337928 0.354356 -0.372111 0.312737 0.359417
-0.370852 0.338418 0.35426 -0.372092 0.313189 0.359328
-0.370833 0.338908 0.354163 -0.372074 0.313641 0.359239
-0.370813 0.339398 0.354066 -0.372055 0.314092 0.359149
-0.370794 0.339889 0.353969 -0.372036 0.314543 0.35906
-0.370775 0.340379 0.353873 -0.372018 0.314993 0.358971
-0.370755 0.340869 0.353776 -0.371999 0.315442 0.358883
-0.370736 0.341359 0.353679 -0.37198 0.31589 0.358794
-0.370716 0.341849 0.353582 -0.371962 0.316338 0.358705
-0.370697 0.342339 0.353486 -0.371943 0.316786 0.358617
-0.370678 0.34283 0.353389 -0.371925 0.317233 0.358529
-0.370658 0.34332 0.353292 -0.371906 0.31768 0.35844
-0.370639 0.34381 0.353195 -0.371888 0.318127 0.358352
-0.37062 0.3443 0.353099 -0.371869 0.318573 0.358264
-0.3706 0.34479 0.353002 -0.371832 0.319465 0.358087
-0.370581 0.34528 0.352905 -0.371814 0.319912 0.357999
-0.370562 0.345771 0.352808 -0.371796 0.320358 0.357911
-0.370542 0.346261 0.352712 -0.371778 0.320804 0.357823
-0.370523 0.346751 0.352615 -0.371759 0.32125 0.357735
-0.370504 0.347241 0.352518 -0.371741 0.321697 0.357647
-0.370484 0.347731 0.352421 -0.371723 0.322144 0.357559
-0.370465 0.348221 0.352325 -0.371705 0.322591 0.35747
-0.370446 0.348712 0.352228 -0.371687 0.323038 0.357382
-0.370426 0.349202 0.352131 -0.371669 0.323485 0.357294
-0.370407 0.349692 0.352034 -0.371651 0.323933 0.357205
-0.370388 0.350182 0.351938 -0.371632 0.324381 0.357117
-0.370368 0.350672 0.351841 -0.371614 0.324829 0.357029
-0.370349 0.351162 0.351744 -0.371596 0.325278 0.35694
-0.37033 0.351653 0.351648 -0.371578 0.325727 0.356852
-0.37031 0.352143 0.351551 -0.371561 0.326176 0.356763
-0.370291 0.352633 0.351454 -0.371543 0.326626 0.356674
-0.370271 0.353123 0.351357 -0.371525 0.327076 0.356586
-0.370252 0.353613 0.351261 -0.371507 0.327527 0.356497
-0.370233 0.354103 0.351164 -0.371489 0.327978 0.356408
-0.370213 0.354594 0.351067 -0.371471 0.32843 0.356319
-0.370194 0.355084 0.35097 -0.371453 0.328882 0.35623
-0.370175 0.355574 0.350874 -0.371435 0.329334 0.356141
-0.370155 0.356064 0.350777 -0.371417 0.329787 0.356052
-0.370136 0.356554 0.35068 -0.3714 0.330239 0.355963
-0.370117 0.357044 0.350583 -0.371382 0.330692 0.355873
-0.370097 0.357535 0.350487 -0.371364 0.331146 0.355784
-0.370078 0.358025 0.35039 -0.371346 0.331599 0.355695
-0.370059 0.358515 0.350293 -0.371328 0.332053 0.355606
-0.370039 0.359005 0.350196 -0.37131 0.332507 0.355516
-0.37002 0.359495 0.3501 -0.371293 0.332961 0.355427
-0.370001 0.359985 0.350003 -0.371275 0.333416 0.355337
-0.369981 0.360476 0.349906 -0.371257 0.333871 0.355248
-0.370001 0.359985 0.350003 -0.371239 0.334326 0.355158
-0.369981 0.360476 0.349906 -0.371204 0.335239 0.354978
-0.370001 0.359985 0.350003 -0.371186 0.335697 0.354888
-0.369981 0.360476 0.349906 -0.371168 0.336155 0.354798
-0.370001 0.359985 0.350003 -0.37115 0.336614 0.354708
-0.369981 0.360476 0.349906 -0.371133 0.337074 0.354618
-0.370001 0.359985 0.350003 -0.371115 0.337534 0.354527
-0.369981 0.360476 0.349906 -0.371097 0.337993 0.354437
-0.370001 0.359985 0.350003 -0.371079 0.338452 0.354346
-0.369981 0.360476 0.349906 -0.371061 0.33891 0.354256
-0.370001 0.359985 0.350003 -0.371043 0.339366 0.354167
-0.369981 0.360476 0.349906 -0.371025 0.33982 0.354077
-0.370001 0.359985 0.350003 -0.371007 0.340271 0.353988
-0.369981 0.360476 0.349906 -0.370989 0.34072 0.3539
-0.370001 0.359985 0.350003 -0.370971 0.341165 0.353812
-0.369981 0.360476 0.349906 -0.370953 0.341606 0.353725
-0.370001 0.359985 0.350003 -0.370935 0.342043 0.353638
-0.369981 0.360476 0.349906 -0.370917 0.342477 0.353552
-0.370001 0.359985 0.350003 -0.370899 0.342905 0.353467
-0.369981 0.360476 0.349906 -0.370881 0.343329 0.353383
-0.370001 0.359985 0.350003 -0.370863 0.343748 0.3533
-0.369981 0.360476 0.349906 -0.370845 0.344161 0.353218
-0.370001 0.359985 0.350003 -0.370827 0.34457 0.353137
-0.369981 0.360476 0.349906 -0.370809 0.344973 0.353056
-0.370001 0.359985 0.350003 -0.370791 0.34537 0.352977
-0.369981 0.360476 0.349906 -0.370773 0.345761 0.352899
-0.370001 0.359985 0.350003 -0.370755 0.346147 0.352822
-0.369981 0.360476 0.349906 -0.370737 0.346526 0.352746
-0.370001 0.359985 0.350003 -0.37072 0.346899 0.352671
-0.369981 0.360476 0.349906 -0.370702 0.347266 0.352598
-0.370001 0.359985 0.350003 -0.370685 0.347627 0.352525
-0.369981 0.360476 0.349906 -0.370668 0.347981 0.352454
-0.370001 0.359985 0.350003 -0.370651 0.348329 0.352384
-0.369981 0.360476 0.349906 -0.370634 0.34867 0.352315
-0.370001 0.359985 0.350003 -0.370617 0.349005 0.352248
-0.369981 0.360476 0.349906 -0.3706 0.349333 0.352182
-0.370001 0.359985 0.350003 -0.370584 0.349654 0.352117
-0.369981 0.360476 0.349906 -0.370568 0.349969 0.352053
-0.370001 0.359985 0.350003 -0.370552 0.350277 0.351991
-0.369981 0.360476 0.349906 -0.370536 0.350578 0.35193
-0.370001 0.359985 0.350003 -0.37052 0.350872 0.35187
-0.369981 0.360476 0.349906 -0.370505 0.35116 0.351812
-0.370001 0.359985 0.350003 -0.37049 0.351441 0.351755
-0.369981 0.360476 0.349906 -0.370475 0.351716 0.351699
-0.370001 0.359985 0.350003 -0.37046 0.351984 0.351644
-0.369981 0.360476 0.349906 -0.370404 0.352992 0.351439
-0.370001 0.359985 0.350003 -0.370391 0.353228 0.35139
-0.369981 0.360476 0.349906 -0.370378 0.353458 0.351343
-0.370001 0.359985 0.350003 -0.370365 0.353683 0.351297
-0.369981 0.360476 0.349906 -0.370353 0.353902 0.351252
-0.370001 0.359985 0.350003 -0.37034 0.354115 0.351209
-0.369981 0.360476 0.349906 -0.370328 0.354322 0.351166
-0.370001 0.359985 0.350003 -0.370317 0.354524 0.351125
-0.369981 0.360476 0.349906 -0.370305 0.35472 0.351084
-0.370001 0.359985 0.350003 -0.370294 0.354912 0.351045
-0.369981 0.360476 0.349906 -0.370283 0.355098 0.351007
-0.370001 0.359985 0.350003 -0.370272 0.355279 0.35097
-0.369981 0.360476 0.349906 -0.370262 0.355455 0.350934
-0.370001 0.359985 0.350003 -0.370252 0.355626 0.350898
-0.369981 0.360476 0.349906 -0.370242 0.355792 0.350864
-0.370001 0.359985 0.350003 -0.370232 0.355953 0.350831
-0.369981 0.360476 0.349906 -0.370223 0.356109 0.350799
-0.370001 0.359985 0.350003 -0.370214 0.356261 0.350768
-0.369981 0.360476 0.349906 -0.370205 0.356409 0.350737
-0.370001 0.359985 0.350003 -0.370188 0.356693 0.350679
-0.369981 0.360476 0.349906 -0.37018 0.356829 0.350651
-0.370001 0.359985 0.350003 -0.370172 0.356962 0.350623
-0.369981 0.360476 0.349906 -0.370164 0.357091 0.350597
-0.370001 0.359985 0.350003 -0.370157 0.357216 0.350571
-0.369981 0.360476 0.349906 -0.37015 0.357337 0.350546
-0.370001 0.359985 0.350003 -0.370143 0.357455 0.350522
-0.369981 0.360476 0.349906 -0.370136 0.357569 0.350498
-0.370001 0.359985 0.350003 -0.370129 0.35768 0.350475
-0.369981 0.360476 0.349906 -0.370123 0.357788 0.350453
-0.370001 0.359985 0.350003 -0.370116 0.357892 0.350432
-0.369981 0.360476 0.349906 -0.37011 0.357992 0.350411
-0.370001 0.359985 0.350003 -0.370105 0.358089 0.350391
-0.369981 0.360476 0.349906 -0.370099 0.358183 0.350372
-0.370001 0.359985 0.350003 -0.370094 0.358273 0.350353
-0.369981 0.360476 0.349906 -0.370088 0.35836 0.350335
-0.370001 0.359985 0.350003 -0.370083 0.358444 0.350318
-0.369981 0.360476 0.349906 -0.370078 0.358525 0.350301
-0.370001 0.359985 0.350003 -0.370074 0.358603 0.350285
-0.369981 0.360476 0.349906 -0.370069 0.358678 0.350269
-0.370001 0.359985 0.350003 -0.370065 0.358751 0.350254
-0.369981 0.360476 0.349906 -0.37006 0.358821 0.35024
-0.370001 0.359985 0.350003 -0.370056 0.358889 0.350226
-0.369981 0.360476 0.349906 -0.370053 0.358954 0.350213
-0.370001 0.359985 0.350003 -0.370049 0.359017 0.3502
-0.369981 0.360476 0.349906 -0.370042 0.359135 0.350175
